/*--------------------------------*- C++ -*----------------------------------*\
| =========                 |                                                 |
| \\      /  F ield         | OpenFOAM: The Open Source CFD Toolbox           |
|  \\    /   O peration     | Version:  2106                                  |
|   \\  /    A nd           | Website:  www.openfoam.com                      |
|    \\/     M anipulation  |                                                 |
\*---------------------------------------------------------------------------*/
FoamFile
{
    version     2.0;
    format      ascii;
    arch        "LSB;label=32;scalar=64";
    class       volScalarField;
    location    "10030";
    object      alphat;
}
// * * * * * * * * * * * * * * * * * * * * * * * * * * * * * * * * * * * * * //

dimensions      [0 2 -1 0 0 0 0];

internalField   nonuniform List<scalar> 
2000
(
8.13855e-15
8.13855e-15
7.03351e-15
7.03351e-15
9.63603e-15
9.63603e-15
3.38846e-14
3.38846e-14
1.37833e-13
1.37833e-13
4.57391e-13
4.57391e-13
1.25783e-12
1.25783e-12
3.00124e-12
3.00124e-12
6.43279e-12
6.43279e-12
1.26891e-11
1.26891e-11
2.34327e-11
2.34327e-11
4.10171e-11
4.10171e-11
6.86876e-11
6.86876e-11
1.10824e-10
1.10824e-10
1.73231e-10
1.73231e-10
2.63489e-10
2.63489e-10
3.91365e-10
3.91365e-10
5.693e-10
5.693e-10
8.1299e-10
8.1299e-10
1.14206e-09
1.14206e-09
1.58086e-09
1.58086e-09
2.15937e-09
2.15937e-09
2.91433e-09
2.91433e-09
3.8904e-09
3.8904e-09
5.14169e-09
5.14169e-09
6.73338e-09
6.73338e-09
8.74367e-09
8.74367e-09
1.1266e-08
1.1266e-08
1.44115e-08
1.44115e-08
1.8312e-08
1.8312e-08
2.31234e-08
2.31234e-08
2.90292e-08
2.90292e-08
3.62453e-08
3.62453e-08
4.50243e-08
4.50243e-08
5.56616e-08
5.56616e-08
6.85014e-08
6.85014e-08
8.39439e-08
8.39439e-08
1.02453e-07
1.02453e-07
1.24567e-07
1.24567e-07
1.50907e-07
1.50907e-07
1.82186e-07
1.82186e-07
2.1923e-07
2.1923e-07
2.62981e-07
2.62981e-07
3.14523e-07
3.14523e-07
3.75093e-07
3.75093e-07
4.46102e-07
4.46102e-07
5.29159e-07
5.29159e-07
6.26093e-07
6.26093e-07
7.38976e-07
7.38976e-07
8.70158e-07
8.70158e-07
1.02229e-06
1.02229e-06
1.19837e-06
1.19837e-06
1.40176e-06
1.40176e-06
1.63624e-06
1.63624e-06
1.90605e-06
1.90605e-06
2.21592e-06
2.21592e-06
2.57113e-06
2.57113e-06
2.97756e-06
2.97756e-06
3.44173e-06
3.44173e-06
3.97085e-06
3.97085e-06
4.57288e-06
4.57288e-06
5.25658e-06
5.25658e-06
6.03156e-06
6.03156e-06
6.90834e-06
6.90834e-06
7.89838e-06
7.89838e-06
9.01413e-06
9.01413e-06
1.02691e-05
1.02691e-05
1.16777e-05
1.16777e-05
1.32557e-05
1.32557e-05
1.50198e-05
1.50198e-05
1.69877e-05
1.69877e-05
1.91784e-05
1.91784e-05
2.16117e-05
2.16117e-05
2.43087e-05
2.43087e-05
2.72913e-05
2.72913e-05
3.05822e-05
3.05822e-05
3.42052e-05
3.42052e-05
3.81844e-05
3.81844e-05
4.25448e-05
4.25448e-05
4.73118e-05
4.73118e-05
5.2511e-05
5.2511e-05
5.81681e-05
5.81681e-05
6.43091e-05
6.43091e-05
7.09597e-05
7.09597e-05
7.81451e-05
7.81451e-05
8.58904e-05
8.58904e-05
9.42199e-05
9.42199e-05
0.000103157
0.000103157
0.000112725
0.000112725
0.000122945
0.000122945
0.000133838
0.000133838
0.000145425
0.000145425
0.000157722
0.000157722
0.000170749
0.000170749
0.00018452
0.00018452
0.000199052
0.000199052
0.000214358
0.000214358
0.00023045
0.00023045
0.000247341
0.000247341
0.000265041
0.000265041
0.000283561
0.000283561
0.000302908
0.000302908
0.000323091
0.000323091
0.000344118
0.000344118
0.000365995
0.000365995
0.000388728
0.000388728
0.000412324
0.000412324
0.000436787
0.000436787
0.000462122
0.000462122
0.000488335
0.000488335
0.000515429
0.000515429
0.000543409
0.000543409
0.000572278
0.000572278
0.000602041
0.000602041
0.000632701
0.000632701
0.000664262
0.000664262
0.000696728
0.000696728
0.000730103
0.000730103
0.000764389
0.000764389
0.000799592
0.000799592
0.000835714
0.000835714
0.000872759
0.000872759
0.000910731
0.000910731
0.000949633
0.000949633
0.00098947
0.00098947
0.00103025
0.00103025
0.00107196
0.00107196
0.00111462
0.00111462
0.00115824
0.00115824
0.0012028
0.0012028
0.00124832
0.00124832
0.0012948
0.0012948
0.00134224
0.00134224
0.00139065
0.00139065
0.00144003
0.00144003
0.00149039
0.00149039
0.00154171
0.00154171
0.00159402
0.00159402
0.00164731
0.00164731
0.00170158
0.00170158
0.00175684
0.00175684
0.00181308
0.00181308
0.00187032
0.00187032
0.00192854
0.00192854
0.00198776
0.00198776
0.00204797
0.00204797
0.00210917
0.00210917
0.00217136
0.00217136
0.00223455
0.00223455
0.00229872
0.00229872
0.00236389
0.00236389
0.00243004
0.00243004
0.00249718
0.00249718
0.0025653
0.0025653
0.0026344
0.0026344
0.00270447
0.00270447
0.00277551
0.00277551
0.00284752
0.00284752
0.00292049
0.00292049
0.0029944
0.0029944
0.00306926
0.00306926
0.00314505
0.00314505
0.00322177
0.00322177
0.0032994
0.0032994
0.00337794
0.00337794
0.00345737
0.00345737
0.00353768
0.00353768
0.00361885
0.00361885
0.00370087
0.00370087
0.00378372
0.00378372
0.00386739
0.00386739
0.00395185
0.00395185
0.00403709
0.00403709
0.00412308
0.00412308
0.0042098
0.0042098
0.00429723
0.00429723
0.00438534
0.00438534
0.00447411
0.00447411
0.0045635
0.0045635
0.00465348
0.00465348
0.00474402
0.00474402
0.00483509
0.00483509
0.00492665
0.00492665
0.00501867
0.00501867
0.00511109
0.00511109
0.00520389
0.00520389
0.00529701
0.00529701
0.00539042
0.00539042
0.00548405
0.00548405
0.00557786
0.00557786
0.0056718
0.0056718
0.00576581
0.00576581
0.00585983
0.00585983
0.0059538
0.0059538
0.00604765
0.00604765
0.00614132
0.00614132
0.00623473
0.00623473
0.00632782
0.00632782
0.0064205
0.0064205
0.0065127
0.0065127
0.00660434
0.00660434
0.00669531
0.00669531
0.00678554
0.00678554
0.00687494
0.00687494
0.00696339
0.00696339
0.00705081
0.00705081
0.00713708
0.00713708
0.00722209
0.00722209
0.00730574
0.00730574
0.0073879
0.0073879
0.00746844
0.00746844
0.00754726
0.00754726
0.0076242
0.0076242
0.00769914
0.00769914
0.00777194
0.00777194
0.00784245
0.00784245
0.00791053
0.00791053
0.00797603
0.00797603
0.00803879
0.00803879
0.00809866
0.00809866
0.00815548
0.00815548
0.00820908
0.00820908
0.00825931
0.00825931
0.00830601
0.00830601
0.00834901
0.00834901
0.00838816
0.00838816
0.00842331
0.00842331
0.00845433
0.00845433
0.00848107
0.00848107
0.00850342
0.00850342
0.0085213
0.0085213
0.00853462
0.00853462
0.00854334
0.00854334
0.00854746
0.00854746
0.00854703
0.00854703
0.00854214
0.00854214
0.00853296
0.00853296
0.00851973
0.00851973
0.00850278
0.00850278
0.00848253
0.00848253
0.00845954
0.00845954
0.00843446
0.00843446
0.00840808
0.00840808
0.00838129
0.00838129
0.00835512
0.00835512
0.00833065
0.00833065
0.00830903
0.00830903
0.0082914
0.0082914
0.00827881
0.00827881
0.00827217
0.00827217
8.13855e-15
8.13855e-15
7.03351e-15
7.03351e-15
9.63603e-15
9.63603e-15
3.38846e-14
3.38846e-14
1.37833e-13
1.37833e-13
4.57391e-13
4.57391e-13
1.25783e-12
1.25783e-12
3.00124e-12
3.00124e-12
6.43279e-12
6.43279e-12
1.26891e-11
1.26891e-11
2.34327e-11
2.34327e-11
4.10171e-11
4.10171e-11
6.86876e-11
6.86876e-11
1.10824e-10
1.10824e-10
1.73231e-10
1.73231e-10
2.63489e-10
2.63489e-10
3.91365e-10
3.91365e-10
5.693e-10
5.693e-10
8.1299e-10
8.1299e-10
1.14206e-09
1.14206e-09
1.58086e-09
1.58086e-09
2.15937e-09
2.15937e-09
2.91433e-09
2.91433e-09
3.8904e-09
3.8904e-09
5.14169e-09
5.14169e-09
6.73338e-09
6.73338e-09
8.74367e-09
8.74367e-09
1.1266e-08
1.1266e-08
1.44115e-08
1.44115e-08
1.8312e-08
1.8312e-08
2.31234e-08
2.31234e-08
2.90292e-08
2.90292e-08
3.62453e-08
3.62453e-08
4.50243e-08
4.50243e-08
5.56616e-08
5.56616e-08
6.85014e-08
6.85014e-08
8.39439e-08
8.39439e-08
1.02453e-07
1.02453e-07
1.24567e-07
1.24567e-07
1.50907e-07
1.50907e-07
1.82186e-07
1.82186e-07
2.1923e-07
2.1923e-07
2.62981e-07
2.62981e-07
3.14523e-07
3.14523e-07
3.75093e-07
3.75093e-07
4.46102e-07
4.46102e-07
5.29159e-07
5.29159e-07
6.26093e-07
6.26093e-07
7.38976e-07
7.38976e-07
8.70158e-07
8.70158e-07
1.02229e-06
1.02229e-06
1.19837e-06
1.19837e-06
1.40176e-06
1.40176e-06
1.63624e-06
1.63624e-06
1.90605e-06
1.90605e-06
2.21592e-06
2.21592e-06
2.57113e-06
2.57113e-06
2.97756e-06
2.97756e-06
3.44173e-06
3.44173e-06
3.97085e-06
3.97085e-06
4.57288e-06
4.57288e-06
5.25658e-06
5.25658e-06
6.03156e-06
6.03156e-06
6.90834e-06
6.90834e-06
7.89838e-06
7.89838e-06
9.01413e-06
9.01413e-06
1.02691e-05
1.02691e-05
1.16777e-05
1.16777e-05
1.32557e-05
1.32557e-05
1.50198e-05
1.50198e-05
1.69877e-05
1.69877e-05
1.91784e-05
1.91784e-05
2.16117e-05
2.16117e-05
2.43087e-05
2.43087e-05
2.72913e-05
2.72913e-05
3.05822e-05
3.05822e-05
3.42052e-05
3.42052e-05
3.81844e-05
3.81844e-05
4.25448e-05
4.25448e-05
4.73118e-05
4.73118e-05
5.2511e-05
5.2511e-05
5.81681e-05
5.81681e-05
6.43091e-05
6.43091e-05
7.09597e-05
7.09597e-05
7.81451e-05
7.81451e-05
8.58904e-05
8.58904e-05
9.42199e-05
9.42199e-05
0.000103157
0.000103157
0.000112725
0.000112725
0.000122945
0.000122945
0.000133838
0.000133838
0.000145425
0.000145425
0.000157722
0.000157722
0.000170749
0.000170749
0.00018452
0.00018452
0.000199052
0.000199052
0.000214358
0.000214358
0.00023045
0.00023045
0.000247341
0.000247341
0.000265041
0.000265041
0.000283561
0.000283561
0.000302908
0.000302908
0.000323091
0.000323091
0.000344118
0.000344118
0.000365995
0.000365995
0.000388728
0.000388728
0.000412324
0.000412324
0.000436787
0.000436787
0.000462122
0.000462122
0.000488335
0.000488335
0.000515429
0.000515429
0.000543409
0.000543409
0.000572278
0.000572278
0.000602041
0.000602041
0.000632701
0.000632701
0.000664262
0.000664262
0.000696728
0.000696728
0.000730103
0.000730103
0.000764389
0.000764389
0.000799592
0.000799592
0.000835714
0.000835714
0.000872759
0.000872759
0.000910731
0.000910731
0.000949633
0.000949633
0.00098947
0.00098947
0.00103025
0.00103025
0.00107196
0.00107196
0.00111462
0.00111462
0.00115824
0.00115824
0.0012028
0.0012028
0.00124832
0.00124832
0.0012948
0.0012948
0.00134224
0.00134224
0.00139065
0.00139065
0.00144003
0.00144003
0.00149039
0.00149039
0.00154171
0.00154171
0.00159402
0.00159402
0.00164731
0.00164731
0.00170158
0.00170158
0.00175684
0.00175684
0.00181308
0.00181308
0.00187032
0.00187032
0.00192854
0.00192854
0.00198776
0.00198776
0.00204797
0.00204797
0.00210917
0.00210917
0.00217136
0.00217136
0.00223455
0.00223455
0.00229872
0.00229872
0.00236389
0.00236389
0.00243004
0.00243004
0.00249718
0.00249718
0.0025653
0.0025653
0.0026344
0.0026344
0.00270447
0.00270447
0.00277551
0.00277551
0.00284752
0.00284752
0.00292049
0.00292049
0.0029944
0.0029944
0.00306926
0.00306926
0.00314505
0.00314505
0.00322177
0.00322177
0.0032994
0.0032994
0.00337794
0.00337794
0.00345737
0.00345737
0.00353768
0.00353768
0.00361885
0.00361885
0.00370087
0.00370087
0.00378372
0.00378372
0.00386739
0.00386739
0.00395185
0.00395185
0.00403709
0.00403709
0.00412308
0.00412308
0.0042098
0.0042098
0.00429723
0.00429723
0.00438534
0.00438534
0.00447411
0.00447411
0.0045635
0.0045635
0.00465348
0.00465348
0.00474402
0.00474402
0.00483509
0.00483509
0.00492665
0.00492665
0.00501867
0.00501867
0.00511109
0.00511109
0.00520389
0.00520389
0.00529701
0.00529701
0.00539042
0.00539042
0.00548405
0.00548405
0.00557786
0.00557786
0.0056718
0.0056718
0.00576581
0.00576581
0.00585983
0.00585983
0.0059538
0.0059538
0.00604765
0.00604765
0.00614132
0.00614132
0.00623473
0.00623473
0.00632782
0.00632782
0.0064205
0.0064205
0.0065127
0.0065127
0.00660434
0.00660434
0.00669531
0.00669531
0.00678554
0.00678554
0.00687494
0.00687494
0.00696339
0.00696339
0.00705081
0.00705081
0.00713708
0.00713708
0.00722209
0.00722209
0.00730574
0.00730574
0.0073879
0.0073879
0.00746844
0.00746844
0.00754726
0.00754726
0.0076242
0.0076242
0.00769914
0.00769914
0.00777194
0.00777194
0.00784245
0.00784245
0.00791053
0.00791053
0.00797603
0.00797603
0.00803879
0.00803879
0.00809866
0.00809866
0.00815548
0.00815548
0.00820908
0.00820908
0.00825931
0.00825931
0.00830601
0.00830601
0.00834901
0.00834901
0.00838816
0.00838816
0.00842331
0.00842331
0.00845433
0.00845433
0.00848107
0.00848107
0.00850342
0.00850342
0.0085213
0.0085213
0.00853462
0.00853462
0.00854334
0.00854334
0.00854746
0.00854746
0.00854703
0.00854703
0.00854214
0.00854214
0.00853296
0.00853296
0.00851973
0.00851973
0.00850278
0.00850278
0.00848253
0.00848253
0.00845954
0.00845954
0.00843446
0.00843446
0.00840808
0.00840808
0.00838129
0.00838129
0.00835512
0.00835512
0.00833065
0.00833065
0.00830903
0.00830903
0.0082914
0.0082914
0.00827881
0.00827881
0.00827217
0.00827217
0.00827217
0.00827217
0.00827881
0.00827881
0.0082914
0.0082914
0.00830903
0.00830903
0.00833065
0.00833065
0.00835512
0.00835512
0.00838129
0.00838129
0.00840808
0.00840808
0.00843446
0.00843446
0.00845954
0.00845954
0.00848253
0.00848253
0.00850277
0.00850277
0.00851973
0.00851973
0.00853296
0.00853296
0.00854214
0.00854214
0.00854703
0.00854703
0.00854746
0.00854746
0.00854334
0.00854334
0.00853461
0.00853461
0.00852129
0.00852129
0.00850342
0.00850342
0.00848107
0.00848107
0.00845432
0.00845432
0.00842331
0.00842331
0.00838816
0.00838816
0.00834901
0.00834901
0.008306
0.008306
0.00825931
0.00825931
0.00820908
0.00820908
0.00815548
0.00815548
0.00809866
0.00809866
0.00803879
0.00803879
0.00797603
0.00797603
0.00791053
0.00791053
0.00784245
0.00784245
0.00777193
0.00777193
0.00769914
0.00769914
0.0076242
0.0076242
0.00754725
0.00754725
0.00746844
0.00746844
0.00738789
0.00738789
0.00730574
0.00730574
0.00722209
0.00722209
0.00713708
0.00713708
0.00705081
0.00705081
0.00696339
0.00696339
0.00687494
0.00687494
0.00678554
0.00678554
0.00669531
0.00669531
0.00660433
0.00660433
0.0065127
0.0065127
0.0064205
0.0064205
0.00632782
0.00632782
0.00623473
0.00623473
0.00614132
0.00614132
0.00604765
0.00604765
0.0059538
0.0059538
0.00585983
0.00585983
0.00576581
0.00576581
0.0056718
0.0056718
0.00557786
0.00557786
0.00548405
0.00548405
0.00539042
0.00539042
0.00529701
0.00529701
0.00520389
0.00520389
0.00511109
0.00511109
0.00501867
0.00501867
0.00492665
0.00492665
0.00483509
0.00483509
0.00474402
0.00474402
0.00465348
0.00465348
0.0045635
0.0045635
0.00447411
0.00447411
0.00438534
0.00438534
0.00429723
0.00429723
0.0042098
0.0042098
0.00412308
0.00412308
0.00403709
0.00403709
0.00395185
0.00395185
0.00386739
0.00386739
0.00378372
0.00378372
0.00370087
0.00370087
0.00361885
0.00361885
0.00353768
0.00353768
0.00345737
0.00345737
0.00337794
0.00337794
0.0032994
0.0032994
0.00322177
0.00322177
0.00314505
0.00314505
0.00306926
0.00306926
0.0029944
0.0029944
0.00292048
0.00292048
0.00284752
0.00284752
0.00277551
0.00277551
0.00270447
0.00270447
0.0026344
0.0026344
0.0025653
0.0025653
0.00249718
0.00249718
0.00243004
0.00243004
0.00236389
0.00236389
0.00229872
0.00229872
0.00223455
0.00223455
0.00217136
0.00217136
0.00210917
0.00210917
0.00204797
0.00204797
0.00198776
0.00198776
0.00192854
0.00192854
0.00187032
0.00187032
0.00181308
0.00181308
0.00175684
0.00175684
0.00170158
0.00170158
0.00164731
0.00164731
0.00159402
0.00159402
0.00154171
0.00154171
0.00149039
0.00149039
0.00144003
0.00144003
0.00139065
0.00139065
0.00134224
0.00134224
0.0012948
0.0012948
0.00124832
0.00124832
0.0012028
0.0012028
0.00115823
0.00115823
0.00111462
0.00111462
0.00107196
0.00107196
0.00103024
0.00103024
0.00098947
0.00098947
0.000949633
0.000949633
0.00091073
0.00091073
0.000872758
0.000872758
0.000835713
0.000835713
0.000799591
0.000799591
0.000764389
0.000764389
0.000730102
0.000730102
0.000696728
0.000696728
0.000664262
0.000664262
0.000632701
0.000632701
0.000602041
0.000602041
0.000572278
0.000572278
0.000543409
0.000543409
0.000515429
0.000515429
0.000488335
0.000488335
0.000462122
0.000462122
0.000436787
0.000436787
0.000412324
0.000412324
0.000388728
0.000388728
0.000365995
0.000365995
0.000344118
0.000344118
0.000323091
0.000323091
0.000302908
0.000302908
0.000283561
0.000283561
0.000265041
0.000265041
0.000247341
0.000247341
0.00023045
0.00023045
0.000214358
0.000214358
0.000199052
0.000199052
0.00018452
0.00018452
0.000170749
0.000170749
0.000157722
0.000157722
0.000145425
0.000145425
0.000133838
0.000133838
0.000122945
0.000122945
0.000112725
0.000112725
0.000103157
0.000103157
9.42199e-05
9.42199e-05
8.58904e-05
8.58904e-05
7.81451e-05
7.81451e-05
7.09597e-05
7.09597e-05
6.43091e-05
6.43091e-05
5.81681e-05
5.81681e-05
5.2511e-05
5.2511e-05
4.73118e-05
4.73118e-05
4.25448e-05
4.25448e-05
3.81844e-05
3.81844e-05
3.42052e-05
3.42052e-05
3.05822e-05
3.05822e-05
2.72913e-05
2.72913e-05
2.43087e-05
2.43087e-05
2.16117e-05
2.16117e-05
1.91784e-05
1.91784e-05
1.69877e-05
1.69877e-05
1.50198e-05
1.50198e-05
1.32557e-05
1.32557e-05
1.16777e-05
1.16777e-05
1.02691e-05
1.02691e-05
9.01413e-06
9.01413e-06
7.89838e-06
7.89838e-06
6.90834e-06
6.90834e-06
6.03156e-06
6.03156e-06
5.25658e-06
5.25658e-06
4.57288e-06
4.57288e-06
3.97085e-06
3.97085e-06
3.44173e-06
3.44173e-06
2.97756e-06
2.97756e-06
2.57113e-06
2.57113e-06
2.21592e-06
2.21592e-06
1.90605e-06
1.90605e-06
1.63624e-06
1.63624e-06
1.40176e-06
1.40176e-06
1.19837e-06
1.19837e-06
1.02229e-06
1.02229e-06
8.70158e-07
8.70158e-07
7.38976e-07
7.38976e-07
6.26093e-07
6.26093e-07
5.2916e-07
5.2916e-07
4.46102e-07
4.46102e-07
3.75093e-07
3.75093e-07
3.14523e-07
3.14523e-07
2.62981e-07
2.62981e-07
2.1923e-07
2.1923e-07
1.82186e-07
1.82186e-07
1.50907e-07
1.50907e-07
1.24567e-07
1.24567e-07
1.02453e-07
1.02453e-07
8.39439e-08
8.39439e-08
6.85014e-08
6.85014e-08
5.56616e-08
5.56616e-08
4.50243e-08
4.50243e-08
3.62453e-08
3.62453e-08
2.90292e-08
2.90292e-08
2.31234e-08
2.31234e-08
1.8312e-08
1.8312e-08
1.44115e-08
1.44115e-08
1.1266e-08
1.1266e-08
8.74367e-09
8.74367e-09
6.73338e-09
6.73338e-09
5.14169e-09
5.14169e-09
3.8904e-09
3.8904e-09
2.91433e-09
2.91433e-09
2.15938e-09
2.15938e-09
1.58086e-09
1.58086e-09
1.14206e-09
1.14206e-09
8.1299e-10
8.1299e-10
5.693e-10
5.693e-10
3.91365e-10
3.91365e-10
2.6349e-10
2.6349e-10
1.73231e-10
1.73231e-10
1.10824e-10
1.10824e-10
6.86876e-11
6.86876e-11
4.10172e-11
4.10172e-11
2.34327e-11
2.34327e-11
1.26891e-11
1.26891e-11
6.43279e-12
6.43279e-12
3.00124e-12
3.00124e-12
1.25783e-12
1.25783e-12
4.57391e-13
4.57391e-13
1.37833e-13
1.37833e-13
3.38847e-14
3.38847e-14
9.6361e-15
9.6361e-15
7.03358e-15
7.03358e-15
8.13863e-15
8.13863e-15
0.00827217
0.00827217
0.00827881
0.00827881
0.0082914
0.0082914
0.00830903
0.00830903
0.00833065
0.00833065
0.00835512
0.00835512
0.00838129
0.00838129
0.00840808
0.00840808
0.00843446
0.00843446
0.00845954
0.00845954
0.00848253
0.00848253
0.00850277
0.00850277
0.00851973
0.00851973
0.00853296
0.00853296
0.00854214
0.00854214
0.00854703
0.00854703
0.00854746
0.00854746
0.00854334
0.00854334
0.00853461
0.00853461
0.00852129
0.00852129
0.00850342
0.00850342
0.00848107
0.00848107
0.00845432
0.00845432
0.00842331
0.00842331
0.00838816
0.00838816
0.00834901
0.00834901
0.008306
0.008306
0.00825931
0.00825931
0.00820908
0.00820908
0.00815548
0.00815548
0.00809866
0.00809866
0.00803879
0.00803879
0.00797603
0.00797603
0.00791053
0.00791053
0.00784245
0.00784245
0.00777193
0.00777193
0.00769914
0.00769914
0.0076242
0.0076242
0.00754725
0.00754725
0.00746844
0.00746844
0.00738789
0.00738789
0.00730574
0.00730574
0.00722209
0.00722209
0.00713708
0.00713708
0.00705081
0.00705081
0.00696339
0.00696339
0.00687494
0.00687494
0.00678554
0.00678554
0.00669531
0.00669531
0.00660433
0.00660433
0.0065127
0.0065127
0.0064205
0.0064205
0.00632782
0.00632782
0.00623473
0.00623473
0.00614132
0.00614132
0.00604765
0.00604765
0.0059538
0.0059538
0.00585983
0.00585983
0.00576581
0.00576581
0.0056718
0.0056718
0.00557786
0.00557786
0.00548405
0.00548405
0.00539042
0.00539042
0.00529701
0.00529701
0.00520389
0.00520389
0.00511109
0.00511109
0.00501867
0.00501867
0.00492665
0.00492665
0.00483509
0.00483509
0.00474402
0.00474402
0.00465348
0.00465348
0.0045635
0.0045635
0.00447411
0.00447411
0.00438534
0.00438534
0.00429723
0.00429723
0.0042098
0.0042098
0.00412308
0.00412308
0.00403709
0.00403709
0.00395185
0.00395185
0.00386739
0.00386739
0.00378372
0.00378372
0.00370087
0.00370087
0.00361885
0.00361885
0.00353768
0.00353768
0.00345737
0.00345737
0.00337794
0.00337794
0.0032994
0.0032994
0.00322177
0.00322177
0.00314505
0.00314505
0.00306926
0.00306926
0.0029944
0.0029944
0.00292048
0.00292048
0.00284752
0.00284752
0.00277551
0.00277551
0.00270447
0.00270447
0.0026344
0.0026344
0.0025653
0.0025653
0.00249718
0.00249718
0.00243004
0.00243004
0.00236389
0.00236389
0.00229872
0.00229872
0.00223455
0.00223455
0.00217136
0.00217136
0.00210917
0.00210917
0.00204797
0.00204797
0.00198776
0.00198776
0.00192854
0.00192854
0.00187032
0.00187032
0.00181308
0.00181308
0.00175684
0.00175684
0.00170158
0.00170158
0.00164731
0.00164731
0.00159402
0.00159402
0.00154171
0.00154171
0.00149039
0.00149039
0.00144003
0.00144003
0.00139065
0.00139065
0.00134224
0.00134224
0.0012948
0.0012948
0.00124832
0.00124832
0.0012028
0.0012028
0.00115823
0.00115823
0.00111462
0.00111462
0.00107196
0.00107196
0.00103024
0.00103024
0.00098947
0.00098947
0.000949633
0.000949633
0.00091073
0.00091073
0.000872758
0.000872758
0.000835713
0.000835713
0.000799591
0.000799591
0.000764389
0.000764389
0.000730102
0.000730102
0.000696728
0.000696728
0.000664262
0.000664262
0.000632701
0.000632701
0.000602041
0.000602041
0.000572278
0.000572278
0.000543409
0.000543409
0.000515429
0.000515429
0.000488335
0.000488335
0.000462122
0.000462122
0.000436787
0.000436787
0.000412324
0.000412324
0.000388728
0.000388728
0.000365995
0.000365995
0.000344118
0.000344118
0.000323091
0.000323091
0.000302908
0.000302908
0.000283561
0.000283561
0.000265041
0.000265041
0.000247341
0.000247341
0.00023045
0.00023045
0.000214358
0.000214358
0.000199052
0.000199052
0.00018452
0.00018452
0.000170749
0.000170749
0.000157722
0.000157722
0.000145425
0.000145425
0.000133838
0.000133838
0.000122945
0.000122945
0.000112725
0.000112725
0.000103157
0.000103157
9.42199e-05
9.42199e-05
8.58904e-05
8.58904e-05
7.81451e-05
7.81451e-05
7.09597e-05
7.09597e-05
6.43091e-05
6.43091e-05
5.81681e-05
5.81681e-05
5.2511e-05
5.2511e-05
4.73118e-05
4.73118e-05
4.25448e-05
4.25448e-05
3.81844e-05
3.81844e-05
3.42052e-05
3.42052e-05
3.05822e-05
3.05822e-05
2.72913e-05
2.72913e-05
2.43087e-05
2.43087e-05
2.16117e-05
2.16117e-05
1.91784e-05
1.91784e-05
1.69877e-05
1.69877e-05
1.50198e-05
1.50198e-05
1.32557e-05
1.32557e-05
1.16777e-05
1.16777e-05
1.02691e-05
1.02691e-05
9.01413e-06
9.01413e-06
7.89838e-06
7.89838e-06
6.90834e-06
6.90834e-06
6.03156e-06
6.03156e-06
5.25658e-06
5.25658e-06
4.57288e-06
4.57288e-06
3.97085e-06
3.97085e-06
3.44173e-06
3.44173e-06
2.97756e-06
2.97756e-06
2.57113e-06
2.57113e-06
2.21592e-06
2.21592e-06
1.90605e-06
1.90605e-06
1.63624e-06
1.63624e-06
1.40176e-06
1.40176e-06
1.19837e-06
1.19837e-06
1.02229e-06
1.02229e-06
8.70158e-07
8.70158e-07
7.38976e-07
7.38976e-07
6.26093e-07
6.26093e-07
5.2916e-07
5.2916e-07
4.46102e-07
4.46102e-07
3.75093e-07
3.75093e-07
3.14523e-07
3.14523e-07
2.62981e-07
2.62981e-07
2.1923e-07
2.1923e-07
1.82186e-07
1.82186e-07
1.50907e-07
1.50907e-07
1.24567e-07
1.24567e-07
1.02453e-07
1.02453e-07
8.39439e-08
8.39439e-08
6.85014e-08
6.85014e-08
5.56616e-08
5.56616e-08
4.50243e-08
4.50243e-08
3.62453e-08
3.62453e-08
2.90292e-08
2.90292e-08
2.31234e-08
2.31234e-08
1.8312e-08
1.8312e-08
1.44115e-08
1.44115e-08
1.1266e-08
1.1266e-08
8.74367e-09
8.74367e-09
6.73338e-09
6.73338e-09
5.14169e-09
5.14169e-09
3.8904e-09
3.8904e-09
2.91433e-09
2.91433e-09
2.15938e-09
2.15938e-09
1.58086e-09
1.58086e-09
1.14206e-09
1.14206e-09
8.1299e-10
8.1299e-10
5.693e-10
5.693e-10
3.91365e-10
3.91365e-10
2.6349e-10
2.6349e-10
1.73231e-10
1.73231e-10
1.10824e-10
1.10824e-10
6.86876e-11
6.86876e-11
4.10172e-11
4.10172e-11
2.34327e-11
2.34327e-11
1.26891e-11
1.26891e-11
6.43279e-12
6.43279e-12
3.00124e-12
3.00124e-12
1.25783e-12
1.25783e-12
4.57391e-13
4.57391e-13
1.37833e-13
1.37833e-13
3.38847e-14
3.38847e-14
9.6361e-15
9.6361e-15
7.03358e-15
7.03358e-15
8.13863e-15
8.13863e-15
)
;

boundaryField
{
    walls
    {
        type            alphatJayatillekeWallFunction;
        Prt             0.85;
        kappa           0.41;
        E               9.8;
        value           uniform 0;
    }
    inlet
    {
        type            cyclic;
    }
    outlet
    {
        type            cyclic;
    }
    sides
    {
        type            empty;
    }
}


// ************************************************************************* //
