/*--------------------------------*- C++ -*----------------------------------*\
| =========                 |                                                 |
| \\      /  F ield         | OpenFOAM: The Open Source CFD Toolbox           |
|  \\    /   O peration     | Version:  2106                                  |
|   \\  /    A nd           | Website:  www.openfoam.com                      |
|    \\/     M anipulation  |                                                 |
\*---------------------------------------------------------------------------*/
FoamFile
{
    version     2.0;
    format      ascii;
    arch        "LSB;label=32;scalar=64";
    class       volScalarField;
    location    "10080";
    object      omega;
}
// * * * * * * * * * * * * * * * * * * * * * * * * * * * * * * * * * * * * * //

dimensions      [0 0 -1 0 0 0 0];

internalField   nonuniform List<scalar> 
2000
(
3.27021e+06
3.27021e+06
567580
567580
191659
191659
89995.1
89995.1
50786.7
50786.7
32112.8
32112.8
21913.5
21913.5
15787.1
15787.1
11842.4
11842.4
9164.81
9164.81
7270.45
7270.45
5884.85
5884.85
4843.3
4843.3
4042.3
4042.3
3414.29
3414.29
2913.67
2913.67
2508.85
2508.85
2177.34
2177.34
1902.85
1902.85
1673.33
1673.33
1479.72
1479.72
1315.1
1315.1
1174.14
1174.14
1052.64
1052.64
947.305
947.305
855.489
855.489
775.058
775.058
704.28
704.28
641.733
641.733
586.245
586.245
536.841
536.841
492.706
492.706
453.155
453.155
417.608
417.608
385.572
385.572
356.627
356.627
330.412
330.412
306.616
306.616
284.971
284.971
265.243
265.243
247.229
247.229
230.752
230.752
215.654
215.654
201.799
201.799
189.067
189.067
177.35
177.35
166.552
166.552
156.59
156.59
147.389
147.389
138.879
138.879
131.002
131.002
123.703
123.703
116.933
116.933
110.648
110.648
104.808
104.808
99.3766
99.3766
94.3215
94.3215
89.6127
89.6127
85.2229
85.2229
81.1273
81.1273
77.3031
77.3031
73.7295
73.7295
70.3873
70.3873
67.2589
67.2589
64.3282
64.3282
61.5802
61.5802
59.001
59.001
56.5781
56.5781
54.2995
54.2995
52.1545
52.1545
50.1329
50.1329
48.2255
48.2255
46.4237
46.4237
44.7196
44.7196
43.1057
43.1057
41.5754
41.5754
40.1224
40.1224
38.741
38.741
37.426
37.426
36.1726
36.1726
34.9763
34.9763
33.8332
33.8332
32.7395
32.7395
31.692
31.692
30.6875
30.6875
29.7234
29.7234
28.7971
28.7971
27.9064
27.9064
27.0492
27.0492
26.2235
26.2235
25.4278
25.4278
24.6604
24.6604
23.92
23.92
23.2052
23.2052
22.5148
22.5148
21.8478
21.8478
21.2032
21.2032
20.5799
20.5799
19.9773
19.9773
19.3943
19.3943
18.8304
18.8304
18.2848
18.2848
17.7568
17.7568
17.2457
17.2457
16.7511
16.7511
16.2722
16.2722
15.8086
15.8086
15.3598
15.3598
14.9252
14.9252
14.5044
14.5044
14.0968
14.0968
13.7022
13.7022
13.3199
13.3199
12.9497
12.9497
12.591
12.591
12.2436
12.2436
11.907
11.907
11.5809
11.5809
11.265
11.265
10.9588
10.9588
10.6621
10.6621
10.3746
10.3746
10.0959
10.0959
9.82574
9.82574
9.56386
9.56386
9.30998
9.30998
9.06381
9.06381
8.8251
8.8251
8.59361
8.59361
8.36908
8.36908
8.15129
8.15129
7.94001
7.94001
7.73503
7.73503
7.53613
7.53613
7.3431
7.3431
7.15577
7.15577
6.97392
6.97392
6.79739
6.79739
6.62599
6.62599
6.45956
6.45956
6.29794
6.29794
6.14095
6.14095
5.98846
5.98846
5.84031
5.84031
5.69636
5.69636
5.55647
5.55647
5.42051
5.42051
5.28836
5.28836
5.15989
5.15989
5.03498
5.03498
4.91352
4.91352
4.79539
4.79539
4.68049
4.68049
4.56872
4.56872
4.45998
4.45998
4.35417
4.35417
4.25119
4.25119
4.15097
4.15097
4.05341
4.05341
3.95842
3.95842
3.86594
3.86594
3.77588
3.77588
3.68816
3.68816
3.60272
3.60272
3.51948
3.51948
3.43838
3.43838
3.35935
3.35935
3.28233
3.28233
3.20725
3.20725
3.13406
3.13406
3.06271
3.06271
2.99313
2.99313
2.92527
2.92527
2.85909
2.85909
2.79453
2.79453
2.73154
2.73154
2.67007
2.67007
2.61009
2.61009
2.55155
2.55155
2.4944
2.4944
2.43861
2.43861
2.38413
2.38413
2.33093
2.33093
2.27897
2.27897
2.22821
2.22821
2.17862
2.17862
2.13017
2.13017
2.08282
2.08282
2.03654
2.03654
1.9913
1.9913
1.94707
1.94707
1.90382
1.90382
1.86152
1.86152
1.82015
1.82015
1.77967
1.77967
1.74008
1.74008
1.70133
1.70133
1.6634
1.6634
1.62628
1.62628
1.58993
1.58993
1.55434
1.55434
1.51949
1.51949
1.48536
1.48536
1.45191
1.45191
1.41915
1.41915
1.38704
1.38704
1.35557
1.35557
1.32472
1.32472
1.29448
1.29448
1.26483
1.26483
1.23575
1.23575
1.20723
1.20723
1.17926
1.17926
1.15182
1.15182
1.1249
1.1249
1.09849
1.09849
1.07257
1.07257
1.04714
1.04714
1.02219
1.02219
0.997711
0.997711
0.973693
0.973693
0.950131
0.950131
0.927022
0.927022
0.90436
0.90436
0.882146
0.882146
0.860379
0.860379
0.83906
0.83906
0.818193
0.818193
0.797784
0.797784
0.777842
0.777842
0.758377
0.758377
0.739405
0.739405
0.720942
0.720942
0.703012
0.703012
0.685639
0.685639
0.668855
0.668855
0.652695
0.652695
0.637201
0.637201
0.622421
0.622421
0.60841
0.60841
0.595229
0.595229
0.582947
0.582947
0.571642
0.571642
0.561397
0.561397
0.552303
0.552303
0.54446
0.54446
0.53797
0.53797
0.532941
0.532941
0.529481
0.529481
0.527698
0.527698
3.27021e+06
3.27021e+06
567580
567580
191659
191659
89995.1
89995.1
50786.7
50786.7
32112.8
32112.8
21913.5
21913.5
15787.1
15787.1
11842.4
11842.4
9164.81
9164.81
7270.45
7270.45
5884.85
5884.85
4843.3
4843.3
4042.3
4042.3
3414.29
3414.29
2913.67
2913.67
2508.85
2508.85
2177.34
2177.34
1902.85
1902.85
1673.33
1673.33
1479.72
1479.72
1315.1
1315.1
1174.14
1174.14
1052.64
1052.64
947.305
947.305
855.489
855.489
775.058
775.058
704.28
704.28
641.733
641.733
586.245
586.245
536.841
536.841
492.706
492.706
453.155
453.155
417.608
417.608
385.572
385.572
356.627
356.627
330.412
330.412
306.616
306.616
284.971
284.971
265.243
265.243
247.229
247.229
230.752
230.752
215.654
215.654
201.799
201.799
189.067
189.067
177.35
177.35
166.552
166.552
156.59
156.59
147.389
147.389
138.879
138.879
131.002
131.002
123.703
123.703
116.933
116.933
110.648
110.648
104.808
104.808
99.3766
99.3766
94.3215
94.3215
89.6127
89.6127
85.2229
85.2229
81.1273
81.1273
77.3031
77.3031
73.7295
73.7295
70.3873
70.3873
67.2589
67.2589
64.3282
64.3282
61.5802
61.5802
59.001
59.001
56.5781
56.5781
54.2995
54.2995
52.1545
52.1545
50.1329
50.1329
48.2255
48.2255
46.4237
46.4237
44.7196
44.7196
43.1057
43.1057
41.5754
41.5754
40.1224
40.1224
38.741
38.741
37.426
37.426
36.1726
36.1726
34.9763
34.9763
33.8332
33.8332
32.7395
32.7395
31.692
31.692
30.6875
30.6875
29.7234
29.7234
28.7971
28.7971
27.9064
27.9064
27.0492
27.0492
26.2235
26.2235
25.4278
25.4278
24.6604
24.6604
23.92
23.92
23.2052
23.2052
22.5148
22.5148
21.8478
21.8478
21.2032
21.2032
20.5799
20.5799
19.9773
19.9773
19.3943
19.3943
18.8304
18.8304
18.2848
18.2848
17.7568
17.7568
17.2457
17.2457
16.7511
16.7511
16.2722
16.2722
15.8086
15.8086
15.3598
15.3598
14.9252
14.9252
14.5044
14.5044
14.0968
14.0968
13.7022
13.7022
13.3199
13.3199
12.9497
12.9497
12.591
12.591
12.2436
12.2436
11.907
11.907
11.5809
11.5809
11.265
11.265
10.9588
10.9588
10.6621
10.6621
10.3746
10.3746
10.0959
10.0959
9.82574
9.82574
9.56386
9.56386
9.30998
9.30998
9.06381
9.06381
8.8251
8.8251
8.59361
8.59361
8.36908
8.36908
8.15129
8.15129
7.94001
7.94001
7.73503
7.73503
7.53613
7.53613
7.3431
7.3431
7.15577
7.15577
6.97392
6.97392
6.79739
6.79739
6.62599
6.62599
6.45956
6.45956
6.29794
6.29794
6.14095
6.14095
5.98846
5.98846
5.84031
5.84031
5.69636
5.69636
5.55647
5.55647
5.42051
5.42051
5.28836
5.28836
5.15989
5.15989
5.03498
5.03498
4.91352
4.91352
4.79539
4.79539
4.68049
4.68049
4.56872
4.56872
4.45998
4.45998
4.35417
4.35417
4.25119
4.25119
4.15097
4.15097
4.05341
4.05341
3.95842
3.95842
3.86594
3.86594
3.77588
3.77588
3.68816
3.68816
3.60272
3.60272
3.51948
3.51948
3.43838
3.43838
3.35935
3.35935
3.28233
3.28233
3.20725
3.20725
3.13406
3.13406
3.06271
3.06271
2.99313
2.99313
2.92527
2.92527
2.85909
2.85909
2.79453
2.79453
2.73154
2.73154
2.67007
2.67007
2.61009
2.61009
2.55155
2.55155
2.4944
2.4944
2.43861
2.43861
2.38413
2.38413
2.33093
2.33093
2.27897
2.27897
2.22821
2.22821
2.17862
2.17862
2.13017
2.13017
2.08282
2.08282
2.03654
2.03654
1.9913
1.9913
1.94707
1.94707
1.90382
1.90382
1.86152
1.86152
1.82015
1.82015
1.77967
1.77967
1.74008
1.74008
1.70133
1.70133
1.6634
1.6634
1.62628
1.62628
1.58993
1.58993
1.55434
1.55434
1.51949
1.51949
1.48536
1.48536
1.45191
1.45191
1.41915
1.41915
1.38704
1.38704
1.35557
1.35557
1.32472
1.32472
1.29448
1.29448
1.26483
1.26483
1.23575
1.23575
1.20723
1.20723
1.17926
1.17926
1.15182
1.15182
1.1249
1.1249
1.09849
1.09849
1.07257
1.07257
1.04714
1.04714
1.02219
1.02219
0.997711
0.997711
0.973693
0.973693
0.950131
0.950131
0.927022
0.927022
0.90436
0.90436
0.882146
0.882146
0.860379
0.860379
0.83906
0.83906
0.818193
0.818193
0.797784
0.797784
0.777842
0.777842
0.758377
0.758377
0.739405
0.739405
0.720942
0.720942
0.703012
0.703012
0.685639
0.685639
0.668855
0.668855
0.652695
0.652695
0.637201
0.637201
0.622421
0.622421
0.60841
0.60841
0.595229
0.595229
0.582947
0.582947
0.571642
0.571642
0.561397
0.561397
0.552303
0.552303
0.54446
0.54446
0.53797
0.53797
0.532941
0.532941
0.529481
0.529481
0.527698
0.527698
0.527698
0.527698
0.529481
0.529481
0.532941
0.532941
0.53797
0.53797
0.54446
0.54446
0.552303
0.552303
0.561396
0.561396
0.571642
0.571642
0.582947
0.582947
0.595229
0.595229
0.60841
0.60841
0.622421
0.622421
0.637201
0.637201
0.652695
0.652695
0.668855
0.668855
0.685639
0.685639
0.703012
0.703012
0.720942
0.720942
0.739405
0.739405
0.758377
0.758377
0.777841
0.777841
0.797784
0.797784
0.818193
0.818193
0.83906
0.83906
0.860379
0.860379
0.882146
0.882146
0.90436
0.90436
0.927021
0.927021
0.950131
0.950131
0.973693
0.973693
0.997711
0.997711
1.02219
1.02219
1.04714
1.04714
1.07257
1.07257
1.09849
1.09849
1.1249
1.1249
1.15182
1.15182
1.17926
1.17926
1.20723
1.20723
1.23575
1.23575
1.26483
1.26483
1.29448
1.29448
1.32472
1.32472
1.35557
1.35557
1.38704
1.38704
1.41915
1.41915
1.45191
1.45191
1.48535
1.48535
1.51949
1.51949
1.55434
1.55434
1.58993
1.58993
1.62628
1.62628
1.6634
1.6634
1.70133
1.70133
1.74008
1.74008
1.77967
1.77967
1.82015
1.82015
1.86152
1.86152
1.90382
1.90382
1.94707
1.94707
1.9913
1.9913
2.03654
2.03654
2.08282
2.08282
2.13017
2.13017
2.17862
2.17862
2.22821
2.22821
2.27897
2.27897
2.33093
2.33093
2.38413
2.38413
2.43861
2.43861
2.4944
2.4944
2.55155
2.55155
2.61009
2.61009
2.67007
2.67007
2.73154
2.73154
2.79453
2.79453
2.85909
2.85909
2.92527
2.92527
2.99313
2.99313
3.06271
3.06271
3.13406
3.13406
3.20725
3.20725
3.28233
3.28233
3.35935
3.35935
3.43838
3.43838
3.51948
3.51948
3.60272
3.60272
3.68816
3.68816
3.77588
3.77588
3.86594
3.86594
3.95842
3.95842
4.05341
4.05341
4.15097
4.15097
4.25119
4.25119
4.35417
4.35417
4.45998
4.45998
4.56872
4.56872
4.68049
4.68049
4.79539
4.79539
4.91352
4.91352
5.03498
5.03498
5.15989
5.15989
5.28836
5.28836
5.42051
5.42051
5.55647
5.55647
5.69636
5.69636
5.84031
5.84031
5.98846
5.98846
6.14095
6.14095
6.29794
6.29794
6.45957
6.45957
6.626
6.626
6.79739
6.79739
6.97392
6.97392
7.15577
7.15577
7.34311
7.34311
7.53613
7.53613
7.73503
7.73503
7.94001
7.94001
8.15129
8.15129
8.36908
8.36908
8.59361
8.59361
8.8251
8.8251
9.06381
9.06381
9.30998
9.30998
9.56386
9.56386
9.82574
9.82574
10.0959
10.0959
10.3746
10.3746
10.6621
10.6621
10.9588
10.9588
11.265
11.265
11.5809
11.5809
11.907
11.907
12.2436
12.2436
12.591
12.591
12.9497
12.9497
13.3199
13.3199
13.7022
13.7022
14.0968
14.0968
14.5044
14.5044
14.9252
14.9252
15.3598
15.3598
15.8086
15.8086
16.2722
16.2722
16.7511
16.7511
17.2457
17.2457
17.7568
17.7568
18.2848
18.2848
18.8304
18.8304
19.3943
19.3943
19.9773
19.9773
20.5799
20.5799
21.2032
21.2032
21.8478
21.8478
22.5148
22.5148
23.2052
23.2052
23.92
23.92
24.6604
24.6604
25.4278
25.4278
26.2235
26.2235
27.0492
27.0492
27.9064
27.9064
28.7971
28.7971
29.7234
29.7234
30.6875
30.6875
31.692
31.692
32.7395
32.7395
33.8332
33.8332
34.9763
34.9763
36.1726
36.1726
37.426
37.426
38.741
38.741
40.1224
40.1224
41.5754
41.5754
43.1057
43.1057
44.7196
44.7196
46.4237
46.4237
48.2255
48.2255
50.1329
50.1329
52.1545
52.1545
54.2995
54.2995
56.5781
56.5781
59.001
59.001
61.5802
61.5802
64.3282
64.3282
67.2589
67.2589
70.3873
70.3873
73.7295
73.7295
77.3031
77.3031
81.1273
81.1273
85.2229
85.2229
89.6127
89.6127
94.3215
94.3215
99.3766
99.3766
104.808
104.808
110.648
110.648
116.933
116.933
123.703
123.703
131.002
131.002
138.879
138.879
147.389
147.389
156.59
156.59
166.552
166.552
177.35
177.35
189.067
189.067
201.799
201.799
215.654
215.654
230.752
230.752
247.229
247.229
265.243
265.243
284.971
284.971
306.616
306.616
330.412
330.412
356.627
356.627
385.572
385.572
417.608
417.608
453.155
453.155
492.706
492.706
536.841
536.841
586.245
586.245
641.733
641.733
704.28
704.28
775.058
775.058
855.489
855.489
947.305
947.305
1052.64
1052.64
1174.14
1174.14
1315.1
1315.1
1479.72
1479.72
1673.33
1673.33
1902.85
1902.85
2177.34
2177.34
2508.85
2508.85
2913.67
2913.67
3414.29
3414.29
4042.3
4042.3
4843.3
4843.3
5884.85
5884.85
7270.45
7270.45
9164.81
9164.81
11842.4
11842.4
15787.1
15787.1
21913.5
21913.5
32112.8
32112.8
50786.6
50786.6
89995
89995
191659
191659
567578
567578
3.2702e+06
3.2702e+06
0.527698
0.527698
0.529481
0.529481
0.532941
0.532941
0.53797
0.53797
0.54446
0.54446
0.552303
0.552303
0.561396
0.561396
0.571642
0.571642
0.582947
0.582947
0.595229
0.595229
0.60841
0.60841
0.622421
0.622421
0.637201
0.637201
0.652695
0.652695
0.668855
0.668855
0.685639
0.685639
0.703012
0.703012
0.720942
0.720942
0.739405
0.739405
0.758377
0.758377
0.777841
0.777841
0.797784
0.797784
0.818193
0.818193
0.83906
0.83906
0.860379
0.860379
0.882146
0.882146
0.90436
0.90436
0.927021
0.927021
0.950131
0.950131
0.973693
0.973693
0.997711
0.997711
1.02219
1.02219
1.04714
1.04714
1.07257
1.07257
1.09849
1.09849
1.1249
1.1249
1.15182
1.15182
1.17926
1.17926
1.20723
1.20723
1.23575
1.23575
1.26483
1.26483
1.29448
1.29448
1.32472
1.32472
1.35557
1.35557
1.38704
1.38704
1.41915
1.41915
1.45191
1.45191
1.48535
1.48535
1.51949
1.51949
1.55434
1.55434
1.58993
1.58993
1.62628
1.62628
1.6634
1.6634
1.70133
1.70133
1.74008
1.74008
1.77967
1.77967
1.82015
1.82015
1.86152
1.86152
1.90382
1.90382
1.94707
1.94707
1.9913
1.9913
2.03654
2.03654
2.08282
2.08282
2.13017
2.13017
2.17862
2.17862
2.22821
2.22821
2.27897
2.27897
2.33093
2.33093
2.38413
2.38413
2.43861
2.43861
2.4944
2.4944
2.55155
2.55155
2.61009
2.61009
2.67007
2.67007
2.73154
2.73154
2.79453
2.79453
2.85909
2.85909
2.92527
2.92527
2.99313
2.99313
3.06271
3.06271
3.13406
3.13406
3.20725
3.20725
3.28233
3.28233
3.35935
3.35935
3.43838
3.43838
3.51948
3.51948
3.60272
3.60272
3.68816
3.68816
3.77588
3.77588
3.86594
3.86594
3.95842
3.95842
4.05341
4.05341
4.15097
4.15097
4.25119
4.25119
4.35417
4.35417
4.45998
4.45998
4.56872
4.56872
4.68049
4.68049
4.79539
4.79539
4.91352
4.91352
5.03498
5.03498
5.15989
5.15989
5.28836
5.28836
5.42051
5.42051
5.55647
5.55647
5.69636
5.69636
5.84031
5.84031
5.98846
5.98846
6.14095
6.14095
6.29794
6.29794
6.45957
6.45957
6.626
6.626
6.79739
6.79739
6.97392
6.97392
7.15577
7.15577
7.34311
7.34311
7.53613
7.53613
7.73503
7.73503
7.94001
7.94001
8.15129
8.15129
8.36908
8.36908
8.59361
8.59361
8.8251
8.8251
9.06381
9.06381
9.30998
9.30998
9.56386
9.56386
9.82574
9.82574
10.0959
10.0959
10.3746
10.3746
10.6621
10.6621
10.9588
10.9588
11.265
11.265
11.5809
11.5809
11.907
11.907
12.2436
12.2436
12.591
12.591
12.9497
12.9497
13.3199
13.3199
13.7022
13.7022
14.0968
14.0968
14.5044
14.5044
14.9252
14.9252
15.3598
15.3598
15.8086
15.8086
16.2722
16.2722
16.7511
16.7511
17.2457
17.2457
17.7568
17.7568
18.2848
18.2848
18.8304
18.8304
19.3943
19.3943
19.9773
19.9773
20.5799
20.5799
21.2032
21.2032
21.8478
21.8478
22.5148
22.5148
23.2052
23.2052
23.92
23.92
24.6604
24.6604
25.4278
25.4278
26.2235
26.2235
27.0492
27.0492
27.9064
27.9064
28.7971
28.7971
29.7234
29.7234
30.6875
30.6875
31.692
31.692
32.7395
32.7395
33.8332
33.8332
34.9763
34.9763
36.1726
36.1726
37.426
37.426
38.741
38.741
40.1224
40.1224
41.5754
41.5754
43.1057
43.1057
44.7196
44.7196
46.4237
46.4237
48.2255
48.2255
50.1329
50.1329
52.1545
52.1545
54.2995
54.2995
56.5781
56.5781
59.001
59.001
61.5802
61.5802
64.3282
64.3282
67.2589
67.2589
70.3873
70.3873
73.7295
73.7295
77.3031
77.3031
81.1273
81.1273
85.2229
85.2229
89.6127
89.6127
94.3215
94.3215
99.3766
99.3766
104.808
104.808
110.648
110.648
116.933
116.933
123.703
123.703
131.002
131.002
138.879
138.879
147.389
147.389
156.59
156.59
166.552
166.552
177.35
177.35
189.067
189.067
201.799
201.799
215.654
215.654
230.752
230.752
247.229
247.229
265.243
265.243
284.971
284.971
306.616
306.616
330.412
330.412
356.627
356.627
385.572
385.572
417.608
417.608
453.155
453.155
492.706
492.706
536.841
536.841
586.245
586.245
641.733
641.733
704.28
704.28
775.058
775.058
855.489
855.489
947.305
947.305
1052.64
1052.64
1174.14
1174.14
1315.1
1315.1
1479.72
1479.72
1673.33
1673.33
1902.85
1902.85
2177.34
2177.34
2508.85
2508.85
2913.67
2913.67
3414.29
3414.29
4042.3
4042.3
4843.3
4843.3
5884.85
5884.85
7270.45
7270.45
9164.81
9164.81
11842.4
11842.4
15787.1
15787.1
21913.5
21913.5
32112.8
32112.8
50786.6
50786.6
89995
89995
191659
191659
567578
567578
3.2702e+06
3.2702e+06
)
;

boundaryField
{
    walls
    {
        blending        binomial2;
        n               2;
        beta1           0.075;
        type            omegaWallFunction;
        value           nonuniform List<scalar> 8(3.27021e+06 3.27021e+06 3.27021e+06 3.27021e+06 3.2702e+06 3.2702e+06 3.2702e+06 3.2702e+06);
    }
    inlet
    {
        type            cyclic;
    }
    outlet
    {
        type            cyclic;
    }
    sides
    {
        type            empty;
    }
}


// ************************************************************************* //
