/*--------------------------------*- C++ -*----------------------------------*\
| =========                 |                                                 |
| \\      /  F ield         | OpenFOAM: The Open Source CFD Toolbox           |
|  \\    /   O peration     | Version:  2106                                  |
|   \\  /    A nd           | Website:  www.openfoam.com                      |
|    \\/     M anipulation  |                                                 |
\*---------------------------------------------------------------------------*/
FoamFile
{
    version     2.0;
    format      ascii;
    arch        "LSB;label=32;scalar=64";
    class       volScalarField;
    location    "10080";
    object      T;
}
// * * * * * * * * * * * * * * * * * * * * * * * * * * * * * * * * * * * * * //

dimensions      [0 0 0 1 0 0 0];

internalField   nonuniform List<scalar> 
2000
(
0.0118275
0.0118275
0.0357033
0.0357033
0.0600248
0.0600248
0.0848002
0.0848002
0.110038
0.110038
0.135747
0.135747
0.161936
0.161936
0.188613
0.188613
0.215789
0.215789
0.243471
0.243471
0.27167
0.27167
0.300396
0.300396
0.329657
0.329657
0.359464
0.359464
0.389828
0.389828
0.420758
0.420758
0.452264
0.452264
0.484359
0.484359
0.517052
0.517052
0.550356
0.550356
0.58428
0.58428
0.618837
0.618837
0.654038
0.654038
0.689895
0.689895
0.726421
0.726421
0.763627
0.763627
0.801527
0.801527
0.840132
0.840132
0.879457
0.879457
0.919514
0.919514
0.960316
0.960316
1.00188
1.00188
1.04421
1.04421
1.08733
1.08733
1.13125
1.13125
1.17599
1.17599
1.22155
1.22155
1.26796
1.26796
1.31523
1.31523
1.36337
1.36337
1.4124
1.4124
1.46233
1.46233
1.51318
1.51318
1.56496
1.56496
1.61769
1.61769
1.67137
1.67137
1.72603
1.72603
1.78168
1.78168
1.83832
1.83832
1.89598
1.89598
1.95466
1.95466
2.01438
2.01438
2.07514
2.07514
2.13695
2.13695
2.19983
2.19983
2.26376
2.26376
2.32877
2.32877
2.39484
2.39484
2.46199
2.46199
2.5302
2.5302
2.59948
2.59948
2.6698
2.6698
2.74117
2.74117
2.81356
2.81356
2.88696
2.88696
2.96135
2.96135
3.03669
3.03669
3.11297
3.11297
3.19014
3.19014
3.26817
3.26817
3.34702
3.34702
3.42664
3.42664
3.50698
3.50698
3.58801
3.58801
3.66965
3.66965
3.75186
3.75186
3.83457
3.83457
3.91773
3.91773
4.00127
4.00127
4.08513
4.08513
4.16926
4.16926
4.25359
4.25359
4.33805
4.33805
4.42259
4.42259
4.50715
4.50715
4.59168
4.59168
4.67612
4.67612
4.76042
4.76042
4.84452
4.84452
4.9284
4.9284
5.01199
5.01199
5.09527
5.09527
5.17819
5.17819
5.26073
5.26073
5.34285
5.34285
5.42453
5.42453
5.50573
5.50573
5.58645
5.58645
5.66666
5.66666
5.74635
5.74635
5.82549
5.82549
5.90409
5.90409
5.98213
5.98213
6.0596
6.0596
6.13649
6.13649
6.21281
6.21281
6.28855
6.28855
6.36371
6.36371
6.43829
6.43829
6.5123
6.5123
6.58572
6.58572
6.65857
6.65857
6.73085
6.73085
6.80257
6.80257
6.87373
6.87373
6.94433
6.94433
7.01439
7.01439
7.08391
7.08391
7.15289
7.15289
7.22135
7.22135
7.28929
7.28929
7.35673
7.35673
7.42366
7.42366
7.49009
7.49009
7.55604
7.55604
7.62152
7.62152
7.68652
7.68652
7.75107
7.75107
7.81517
7.81517
7.87882
7.87882
7.94204
7.94204
8.00483
8.00483
8.0672
8.0672
8.12917
8.12917
8.19073
8.19073
8.2519
8.2519
8.31268
8.31268
8.37309
8.37309
8.43312
8.43312
8.49279
8.49279
8.55211
8.55211
8.61107
8.61107
8.6697
8.6697
8.72799
8.72799
8.78595
8.78595
8.84359
8.84359
8.90091
8.90091
8.95793
8.95793
9.01465
9.01465
9.07106
9.07106
9.12719
9.12719
9.18303
9.18303
9.23859
9.23859
9.29388
9.29388
9.3489
9.3489
9.40365
9.40365
9.45815
9.45815
9.51239
9.51239
9.56638
9.56638
9.62013
9.62013
9.67363
9.67363
9.7269
9.7269
9.77993
9.77993
9.83274
9.83274
9.88532
9.88532
9.93768
9.93768
9.98982
9.98982
10.0417
10.0417
10.0934
10.0934
10.1449
10.1449
10.1962
10.1962
10.2473
10.2473
10.2982
10.2982
10.3489
10.3489
10.3994
10.3994
10.4497
10.4497
10.4998
10.4998
10.5497
10.5497
10.5994
10.5994
10.6489
10.6489
10.6982
10.6982
10.7474
10.7474
10.7963
10.7963
10.8451
10.8451
10.8937
10.8937
10.942
10.942
10.9902
10.9902
11.0382
11.0382
11.0861
11.0861
11.1337
11.1337
11.1811
11.1811
11.2283
11.2283
11.2754
11.2754
11.3222
11.3222
11.3689
11.3689
11.4153
11.4153
11.4615
11.4615
11.5075
11.5075
11.5533
11.5533
11.5989
11.5989
11.6443
11.6443
11.6894
11.6894
11.7343
11.7343
11.779
11.779
11.8234
11.8234
11.8675
11.8675
11.9114
11.9114
11.955
11.955
11.9984
11.9984
12.0414
12.0414
12.0842
12.0842
12.1267
12.1267
12.1688
12.1688
12.2106
12.2106
12.252
12.252
12.2931
12.2931
12.3339
12.3339
12.3742
12.3742
12.4141
12.4141
12.4536
12.4536
12.4926
12.4926
12.5312
12.5312
12.5693
12.5693
12.6068
12.6068
12.6438
12.6438
12.6803
12.6803
12.7161
12.7161
12.7513
12.7513
12.7858
12.7858
12.8196
12.8196
12.8526
12.8526
12.8848
12.8848
12.9161
12.9161
12.9465
12.9465
12.976
12.976
13.0044
13.0044
13.0316
13.0316
13.0577
13.0577
13.0825
13.0825
13.106
13.106
13.1279
13.1279
13.1483
13.1483
13.167
13.167
13.1838
13.1838
13.1987
13.1987
13.2115
13.2115
13.2221
13.2221
13.2303
13.2303
13.2359
13.2359
13.2388
13.2388
0.0118275
0.0118275
0.0357033
0.0357033
0.0600248
0.0600248
0.0848002
0.0848002
0.110038
0.110038
0.135747
0.135747
0.161936
0.161936
0.188613
0.188613
0.215789
0.215789
0.243471
0.243471
0.27167
0.27167
0.300396
0.300396
0.329657
0.329657
0.359464
0.359464
0.389828
0.389828
0.420758
0.420758
0.452264
0.452264
0.484359
0.484359
0.517052
0.517052
0.550356
0.550356
0.58428
0.58428
0.618837
0.618837
0.654038
0.654038
0.689895
0.689895
0.726421
0.726421
0.763627
0.763627
0.801527
0.801527
0.840132
0.840132
0.879457
0.879457
0.919514
0.919514
0.960316
0.960316
1.00188
1.00188
1.04421
1.04421
1.08733
1.08733
1.13125
1.13125
1.17599
1.17599
1.22155
1.22155
1.26796
1.26796
1.31523
1.31523
1.36337
1.36337
1.4124
1.4124
1.46233
1.46233
1.51318
1.51318
1.56496
1.56496
1.61769
1.61769
1.67137
1.67137
1.72603
1.72603
1.78168
1.78168
1.83832
1.83832
1.89598
1.89598
1.95466
1.95466
2.01438
2.01438
2.07514
2.07514
2.13695
2.13695
2.19983
2.19983
2.26376
2.26376
2.32877
2.32877
2.39484
2.39484
2.46199
2.46199
2.5302
2.5302
2.59948
2.59948
2.6698
2.6698
2.74117
2.74117
2.81356
2.81356
2.88696
2.88696
2.96135
2.96135
3.03669
3.03669
3.11297
3.11297
3.19014
3.19014
3.26817
3.26817
3.34702
3.34702
3.42664
3.42664
3.50698
3.50698
3.58801
3.58801
3.66965
3.66965
3.75186
3.75186
3.83457
3.83457
3.91773
3.91773
4.00127
4.00127
4.08513
4.08513
4.16926
4.16926
4.25359
4.25359
4.33805
4.33805
4.42259
4.42259
4.50715
4.50715
4.59168
4.59168
4.67612
4.67612
4.76042
4.76042
4.84452
4.84452
4.9284
4.9284
5.01199
5.01199
5.09527
5.09527
5.17819
5.17819
5.26073
5.26073
5.34285
5.34285
5.42453
5.42453
5.50573
5.50573
5.58645
5.58645
5.66666
5.66666
5.74635
5.74635
5.82549
5.82549
5.90409
5.90409
5.98213
5.98213
6.0596
6.0596
6.13649
6.13649
6.21281
6.21281
6.28855
6.28855
6.36371
6.36371
6.43829
6.43829
6.5123
6.5123
6.58572
6.58572
6.65857
6.65857
6.73085
6.73085
6.80257
6.80257
6.87373
6.87373
6.94433
6.94433
7.01439
7.01439
7.08391
7.08391
7.15289
7.15289
7.22135
7.22135
7.28929
7.28929
7.35673
7.35673
7.42366
7.42366
7.49009
7.49009
7.55604
7.55604
7.62152
7.62152
7.68652
7.68652
7.75107
7.75107
7.81517
7.81517
7.87882
7.87882
7.94204
7.94204
8.00483
8.00483
8.0672
8.0672
8.12917
8.12917
8.19073
8.19073
8.2519
8.2519
8.31268
8.31268
8.37309
8.37309
8.43312
8.43312
8.49279
8.49279
8.55211
8.55211
8.61107
8.61107
8.6697
8.6697
8.72799
8.72799
8.78595
8.78595
8.84359
8.84359
8.90091
8.90091
8.95793
8.95793
9.01465
9.01465
9.07106
9.07106
9.12719
9.12719
9.18303
9.18303
9.23859
9.23859
9.29388
9.29388
9.3489
9.3489
9.40365
9.40365
9.45815
9.45815
9.51239
9.51239
9.56638
9.56638
9.62013
9.62013
9.67363
9.67363
9.7269
9.7269
9.77993
9.77993
9.83274
9.83274
9.88532
9.88532
9.93768
9.93768
9.98982
9.98982
10.0417
10.0417
10.0934
10.0934
10.1449
10.1449
10.1962
10.1962
10.2473
10.2473
10.2982
10.2982
10.3489
10.3489
10.3994
10.3994
10.4497
10.4497
10.4998
10.4998
10.5497
10.5497
10.5994
10.5994
10.6489
10.6489
10.6982
10.6982
10.7474
10.7474
10.7963
10.7963
10.8451
10.8451
10.8937
10.8937
10.942
10.942
10.9902
10.9902
11.0382
11.0382
11.0861
11.0861
11.1337
11.1337
11.1811
11.1811
11.2283
11.2283
11.2754
11.2754
11.3222
11.3222
11.3689
11.3689
11.4153
11.4153
11.4615
11.4615
11.5075
11.5075
11.5533
11.5533
11.5989
11.5989
11.6443
11.6443
11.6894
11.6894
11.7343
11.7343
11.779
11.779
11.8234
11.8234
11.8675
11.8675
11.9114
11.9114
11.955
11.955
11.9984
11.9984
12.0414
12.0414
12.0842
12.0842
12.1267
12.1267
12.1688
12.1688
12.2106
12.2106
12.252
12.252
12.2931
12.2931
12.3339
12.3339
12.3742
12.3742
12.4141
12.4141
12.4536
12.4536
12.4926
12.4926
12.5312
12.5312
12.5693
12.5693
12.6068
12.6068
12.6438
12.6438
12.6803
12.6803
12.7161
12.7161
12.7513
12.7513
12.7858
12.7858
12.8196
12.8196
12.8526
12.8526
12.8848
12.8848
12.9161
12.9161
12.9465
12.9465
12.976
12.976
13.0044
13.0044
13.0316
13.0316
13.0577
13.0577
13.0825
13.0825
13.106
13.106
13.1279
13.1279
13.1483
13.1483
13.167
13.167
13.1838
13.1838
13.1987
13.1987
13.2115
13.2115
13.2221
13.2221
13.2303
13.2303
13.2359
13.2359
13.2388
13.2388
13.2388
13.2388
13.2359
13.2359
13.2303
13.2303
13.2221
13.2221
13.2115
13.2115
13.1987
13.1987
13.1838
13.1838
13.167
13.167
13.1483
13.1483
13.1279
13.1279
13.106
13.106
13.0825
13.0825
13.0577
13.0577
13.0316
13.0316
13.0044
13.0044
12.976
12.976
12.9465
12.9465
12.9161
12.9161
12.8848
12.8848
12.8526
12.8526
12.8196
12.8196
12.7858
12.7858
12.7513
12.7513
12.7161
12.7161
12.6803
12.6803
12.6438
12.6438
12.6068
12.6068
12.5693
12.5693
12.5312
12.5312
12.4926
12.4926
12.4536
12.4536
12.4141
12.4141
12.3742
12.3742
12.3339
12.3339
12.2931
12.2931
12.252
12.252
12.2106
12.2106
12.1688
12.1688
12.1267
12.1267
12.0842
12.0842
12.0414
12.0414
11.9984
11.9984
11.955
11.955
11.9114
11.9114
11.8675
11.8675
11.8234
11.8234
11.779
11.779
11.7343
11.7343
11.6894
11.6894
11.6443
11.6443
11.5989
11.5989
11.5533
11.5533
11.5075
11.5075
11.4615
11.4615
11.4153
11.4153
11.3689
11.3689
11.3222
11.3222
11.2754
11.2754
11.2283
11.2283
11.1811
11.1811
11.1337
11.1337
11.0861
11.0861
11.0382
11.0382
10.9902
10.9902
10.942
10.942
10.8937
10.8937
10.8451
10.8451
10.7963
10.7963
10.7474
10.7474
10.6982
10.6982
10.6489
10.6489
10.5994
10.5994
10.5497
10.5497
10.4998
10.4998
10.4497
10.4497
10.3994
10.3994
10.3489
10.3489
10.2982
10.2982
10.2473
10.2473
10.1962
10.1962
10.1449
10.1449
10.0934
10.0934
10.0417
10.0417
9.98981
9.98981
9.93768
9.93768
9.88532
9.88532
9.83274
9.83274
9.77993
9.77993
9.7269
9.7269
9.67363
9.67363
9.62013
9.62013
9.56638
9.56638
9.51239
9.51239
9.45815
9.45815
9.40365
9.40365
9.3489
9.3489
9.29388
9.29388
9.23859
9.23859
9.18303
9.18303
9.12719
9.12719
9.07106
9.07106
9.01464
9.01464
8.95793
8.95793
8.90091
8.90091
8.84359
8.84359
8.78595
8.78595
8.72799
8.72799
8.6697
8.6697
8.61107
8.61107
8.55211
8.55211
8.49279
8.49279
8.43312
8.43312
8.37309
8.37309
8.31268
8.31268
8.2519
8.2519
8.19073
8.19073
8.12917
8.12917
8.0672
8.0672
8.00483
8.00483
7.94204
7.94204
7.87882
7.87882
7.81517
7.81517
7.75107
7.75107
7.68652
7.68652
7.62152
7.62152
7.55604
7.55604
7.49009
7.49009
7.42366
7.42366
7.35673
7.35673
7.28929
7.28929
7.22135
7.22135
7.15289
7.15289
7.08391
7.08391
7.01439
7.01439
6.94433
6.94433
6.87373
6.87373
6.80257
6.80257
6.73085
6.73085
6.65857
6.65857
6.58572
6.58572
6.5123
6.5123
6.43829
6.43829
6.36371
6.36371
6.28855
6.28855
6.21281
6.21281
6.13649
6.13649
6.0596
6.0596
5.98213
5.98213
5.90409
5.90409
5.82549
5.82549
5.74635
5.74635
5.66666
5.66666
5.58645
5.58645
5.50573
5.50573
5.42453
5.42453
5.34285
5.34285
5.26073
5.26073
5.17819
5.17819
5.09527
5.09527
5.01199
5.01199
4.9284
4.9284
4.84452
4.84452
4.76042
4.76042
4.67612
4.67612
4.59168
4.59168
4.50715
4.50715
4.42259
4.42259
4.33805
4.33805
4.25359
4.25359
4.16926
4.16926
4.08513
4.08513
4.00127
4.00127
3.91773
3.91773
3.83457
3.83457
3.75186
3.75186
3.66965
3.66965
3.58801
3.58801
3.50698
3.50698
3.42664
3.42664
3.34702
3.34702
3.26817
3.26817
3.19014
3.19014
3.11297
3.11297
3.03669
3.03669
2.96135
2.96135
2.88696
2.88696
2.81356
2.81356
2.74117
2.74117
2.6698
2.6698
2.59948
2.59948
2.5302
2.5302
2.46199
2.46199
2.39484
2.39484
2.32877
2.32877
2.26376
2.26376
2.19983
2.19983
2.13695
2.13695
2.07514
2.07514
2.01438
2.01438
1.95466
1.95466
1.89598
1.89598
1.83832
1.83832
1.78168
1.78168
1.72603
1.72603
1.67137
1.67137
1.61769
1.61769
1.56496
1.56496
1.51318
1.51318
1.46233
1.46233
1.4124
1.4124
1.36337
1.36337
1.31523
1.31523
1.26796
1.26796
1.22155
1.22155
1.17599
1.17599
1.13125
1.13125
1.08733
1.08733
1.04421
1.04421
1.00188
1.00188
0.960316
0.960316
0.919514
0.919514
0.879457
0.879457
0.840132
0.840132
0.801527
0.801527
0.763627
0.763627
0.726421
0.726421
0.689895
0.689895
0.654038
0.654038
0.618837
0.618837
0.58428
0.58428
0.550356
0.550356
0.517052
0.517052
0.484359
0.484359
0.452265
0.452265
0.420758
0.420758
0.389828
0.389828
0.359464
0.359464
0.329657
0.329657
0.300396
0.300396
0.27167
0.27167
0.243471
0.243471
0.215789
0.215789
0.188613
0.188613
0.161936
0.161936
0.135747
0.135747
0.110038
0.110038
0.0848002
0.0848002
0.0600248
0.0600248
0.0357034
0.0357034
0.0118275
0.0118275
13.2388
13.2388
13.2359
13.2359
13.2303
13.2303
13.2221
13.2221
13.2115
13.2115
13.1987
13.1987
13.1838
13.1838
13.167
13.167
13.1483
13.1483
13.1279
13.1279
13.106
13.106
13.0825
13.0825
13.0577
13.0577
13.0316
13.0316
13.0044
13.0044
12.976
12.976
12.9465
12.9465
12.9161
12.9161
12.8848
12.8848
12.8526
12.8526
12.8196
12.8196
12.7858
12.7858
12.7513
12.7513
12.7161
12.7161
12.6803
12.6803
12.6438
12.6438
12.6068
12.6068
12.5693
12.5693
12.5312
12.5312
12.4926
12.4926
12.4536
12.4536
12.4141
12.4141
12.3742
12.3742
12.3339
12.3339
12.2931
12.2931
12.252
12.252
12.2106
12.2106
12.1688
12.1688
12.1267
12.1267
12.0842
12.0842
12.0414
12.0414
11.9984
11.9984
11.955
11.955
11.9114
11.9114
11.8675
11.8675
11.8234
11.8234
11.779
11.779
11.7343
11.7343
11.6894
11.6894
11.6443
11.6443
11.5989
11.5989
11.5533
11.5533
11.5075
11.5075
11.4615
11.4615
11.4153
11.4153
11.3689
11.3689
11.3222
11.3222
11.2754
11.2754
11.2283
11.2283
11.1811
11.1811
11.1337
11.1337
11.0861
11.0861
11.0382
11.0382
10.9902
10.9902
10.942
10.942
10.8937
10.8937
10.8451
10.8451
10.7963
10.7963
10.7474
10.7474
10.6982
10.6982
10.6489
10.6489
10.5994
10.5994
10.5497
10.5497
10.4998
10.4998
10.4497
10.4497
10.3994
10.3994
10.3489
10.3489
10.2982
10.2982
10.2473
10.2473
10.1962
10.1962
10.1449
10.1449
10.0934
10.0934
10.0417
10.0417
9.98981
9.98981
9.93768
9.93768
9.88532
9.88532
9.83274
9.83274
9.77993
9.77993
9.7269
9.7269
9.67363
9.67363
9.62013
9.62013
9.56638
9.56638
9.51239
9.51239
9.45815
9.45815
9.40365
9.40365
9.3489
9.3489
9.29388
9.29388
9.23859
9.23859
9.18303
9.18303
9.12719
9.12719
9.07106
9.07106
9.01464
9.01464
8.95793
8.95793
8.90091
8.90091
8.84359
8.84359
8.78595
8.78595
8.72799
8.72799
8.6697
8.6697
8.61107
8.61107
8.55211
8.55211
8.49279
8.49279
8.43312
8.43312
8.37309
8.37309
8.31268
8.31268
8.2519
8.2519
8.19073
8.19073
8.12917
8.12917
8.0672
8.0672
8.00483
8.00483
7.94204
7.94204
7.87882
7.87882
7.81517
7.81517
7.75107
7.75107
7.68652
7.68652
7.62152
7.62152
7.55604
7.55604
7.49009
7.49009
7.42366
7.42366
7.35673
7.35673
7.28929
7.28929
7.22135
7.22135
7.15289
7.15289
7.08391
7.08391
7.01439
7.01439
6.94433
6.94433
6.87373
6.87373
6.80257
6.80257
6.73085
6.73085
6.65857
6.65857
6.58572
6.58572
6.5123
6.5123
6.43829
6.43829
6.36371
6.36371
6.28855
6.28855
6.21281
6.21281
6.13649
6.13649
6.0596
6.0596
5.98213
5.98213
5.90409
5.90409
5.82549
5.82549
5.74635
5.74635
5.66666
5.66666
5.58645
5.58645
5.50573
5.50573
5.42453
5.42453
5.34285
5.34285
5.26073
5.26073
5.17819
5.17819
5.09527
5.09527
5.01199
5.01199
4.9284
4.9284
4.84452
4.84452
4.76042
4.76042
4.67612
4.67612
4.59168
4.59168
4.50715
4.50715
4.42259
4.42259
4.33805
4.33805
4.25359
4.25359
4.16926
4.16926
4.08513
4.08513
4.00127
4.00127
3.91773
3.91773
3.83457
3.83457
3.75186
3.75186
3.66965
3.66965
3.58801
3.58801
3.50698
3.50698
3.42664
3.42664
3.34702
3.34702
3.26817
3.26817
3.19014
3.19014
3.11297
3.11297
3.03669
3.03669
2.96135
2.96135
2.88696
2.88696
2.81356
2.81356
2.74117
2.74117
2.6698
2.6698
2.59948
2.59948
2.5302
2.5302
2.46199
2.46199
2.39484
2.39484
2.32877
2.32877
2.26376
2.26376
2.19983
2.19983
2.13695
2.13695
2.07514
2.07514
2.01438
2.01438
1.95466
1.95466
1.89598
1.89598
1.83832
1.83832
1.78168
1.78168
1.72603
1.72603
1.67137
1.67137
1.61769
1.61769
1.56496
1.56496
1.51318
1.51318
1.46233
1.46233
1.4124
1.4124
1.36337
1.36337
1.31523
1.31523
1.26796
1.26796
1.22155
1.22155
1.17599
1.17599
1.13125
1.13125
1.08733
1.08733
1.04421
1.04421
1.00188
1.00188
0.960316
0.960316
0.919514
0.919514
0.879457
0.879457
0.840132
0.840132
0.801527
0.801527
0.763627
0.763627
0.726421
0.726421
0.689895
0.689895
0.654038
0.654038
0.618837
0.618837
0.58428
0.58428
0.550356
0.550356
0.517052
0.517052
0.484359
0.484359
0.452265
0.452265
0.420758
0.420758
0.389828
0.389828
0.359464
0.359464
0.329657
0.329657
0.300396
0.300396
0.27167
0.27167
0.243471
0.243471
0.215789
0.215789
0.188613
0.188613
0.161936
0.161936
0.135747
0.135747
0.110038
0.110038
0.0848002
0.0848002
0.0600248
0.0600248
0.0357034
0.0357034
0.0118275
0.0118275
)
;

boundaryField
{
    walls
    {
        type            fixedValue;
        value           uniform 0;
    }
    inlet
    {
        type            cyclic;
    }
    outlet
    {
        type            cyclic;
    }
    sides
    {
        type            empty;
    }
}


// ************************************************************************* //
