/*--------------------------------*- C++ -*----------------------------------*\
| =========                 |                                                 |
| \\      /  F ield         | OpenFOAM: The Open Source CFD Toolbox           |
|  \\    /   O peration     | Version:  2106                                  |
|   \\  /    A nd           | Website:  www.openfoam.com                      |
|    \\/     M anipulation  |                                                 |
\*---------------------------------------------------------------------------*/
FoamFile
{
    version     2.0;
    format      ascii;
    arch        "LSB;label=32;scalar=64";
    class       volScalarField;
    location    "10050";
    object      omega;
}
// * * * * * * * * * * * * * * * * * * * * * * * * * * * * * * * * * * * * * //

dimensions      [0 0 -1 0 0 0 0];

internalField   nonuniform List<scalar> 
2000
(
3.27021e+06
3.27021e+06
567580
567580
191659
191659
89995.1
89995.1
50786.7
50786.7
32112.8
32112.8
21913.5
21913.5
15787.1
15787.1
11842.4
11842.4
9164.81
9164.81
7270.45
7270.45
5884.85
5884.85
4843.3
4843.3
4042.3
4042.3
3414.29
3414.29
2913.68
2913.68
2508.85
2508.85
2177.34
2177.34
1902.85
1902.85
1673.33
1673.33
1479.72
1479.72
1315.1
1315.1
1174.14
1174.14
1052.64
1052.64
947.306
947.306
855.49
855.49
775.06
775.06
704.282
704.282
641.736
641.736
586.248
586.248
536.844
536.844
492.709
492.709
453.158
453.158
417.611
417.611
385.575
385.575
356.631
356.631
330.416
330.416
306.621
306.621
284.976
284.976
265.249
265.249
247.235
247.235
230.758
230.758
215.66
215.66
201.806
201.806
189.074
189.074
177.357
177.357
166.561
166.561
156.599
156.599
147.398
147.398
138.889
138.889
131.012
131.012
123.713
123.713
116.944
116.944
110.659
110.659
104.819
104.819
99.3884
99.3884
94.3336
94.3336
89.6251
89.6251
85.2355
85.2355
81.1401
81.1401
77.3161
77.3161
73.7426
73.7426
70.4005
70.4005
67.2721
67.2721
64.3414
64.3414
61.5932
61.5932
59.0139
59.0139
56.5908
56.5908
54.3119
54.3119
52.1666
52.1666
50.1446
50.1446
48.2367
48.2367
46.4344
46.4344
44.7296
44.7296
43.1151
43.1151
41.5841
41.5841
40.1304
40.1304
38.7483
38.7483
37.4325
37.4325
36.1782
36.1782
34.9811
34.9811
33.8371
33.8371
32.7426
32.7426
31.6942
31.6942
30.6889
30.6889
29.7239
29.7239
28.7968
28.7968
27.9053
27.9053
27.0473
27.0473
26.2209
26.2209
25.4244
25.4244
24.6564
24.6564
23.9153
23.9153
23.1998
23.1998
22.5089
22.5089
21.8414
21.8414
21.1962
21.1962
20.5726
20.5726
19.9695
19.9695
19.3862
19.3862
18.822
18.822
18.276
18.276
17.7478
17.7478
17.2365
17.2365
16.7417
16.7417
16.2627
16.2627
15.799
15.799
15.3501
15.3501
14.9155
14.9155
14.4946
14.4946
14.0871
14.0871
13.6924
13.6924
13.3102
13.3102
12.94
12.94
12.5814
12.5814
12.2341
12.2341
11.8976
11.8976
11.5717
11.5717
11.2559
11.2559
10.9499
10.9499
10.6533
10.6533
10.366
10.366
10.0875
10.0875
9.81753
9.81753
9.55586
9.55586
9.30218
9.30218
9.05623
9.05623
8.81774
8.81774
8.58647
8.58647
8.36217
8.36217
8.14461
8.14461
7.93356
7.93356
7.72881
7.72881
7.53014
7.53014
7.33735
7.33735
7.15025
7.15025
6.96864
6.96864
6.79234
6.79234
6.62118
6.62118
6.45499
6.45499
6.29359
6.29359
6.13683
6.13683
5.98456
5.98456
5.83664
5.83664
5.69291
5.69291
5.55324
5.55324
5.4175
5.4175
5.28556
5.28556
5.1573
5.1573
5.0326
5.0326
4.91134
4.91134
4.79341
4.79341
4.67871
4.67871
4.56713
4.56713
4.45858
4.45858
4.35295
4.35295
4.25015
4.25015
4.1501
4.1501
4.05271
4.05271
3.9579
3.9579
3.86557
3.86557
3.77567
3.77567
3.68811
3.68811
3.60282
3.60282
3.51972
3.51972
3.43876
3.43876
3.35987
3.35987
3.28298
3.28298
3.20803
3.20803
3.13497
3.13497
3.06373
3.06373
2.99427
2.99427
2.92652
2.92652
2.86045
2.86045
2.79599
2.79599
2.73309
2.73309
2.67173
2.67173
2.61184
2.61184
2.55338
2.55338
2.49631
2.49631
2.4406
2.4406
2.3862
2.3862
2.33307
2.33307
2.28118
2.28118
2.23048
2.23048
2.18095
2.18095
2.13256
2.13256
2.08526
2.08526
2.03903
2.03903
1.99384
1.99384
1.94965
1.94965
1.90644
1.90644
1.86418
1.86418
1.82284
1.82284
1.7824
1.7824
1.74283
1.74283
1.70411
1.70411
1.66621
1.66621
1.6291
1.6291
1.59278
1.59278
1.55721
1.55721
1.52237
1.52237
1.48824
1.48824
1.45481
1.45481
1.42205
1.42205
1.38995
1.38995
1.35848
1.35848
1.32763
1.32763
1.29739
1.29739
1.26774
1.26774
1.23866
1.23866
1.21013
1.21013
1.18215
1.18215
1.1547
1.1547
1.12777
1.12777
1.10135
1.10135
1.07542
1.07542
1.04998
1.04998
1.02502
1.02502
1.00052
1.00052
0.976491
0.976491
0.952915
0.952915
0.92979
0.92979
0.907113
0.907113
0.884884
0.884884
0.863101
0.863101
0.841766
0.841766
0.820884
0.820884
0.800461
0.800461
0.780504
0.780504
0.761026
0.761026
0.742041
0.742041
0.723567
0.723567
0.705626
0.705626
0.688243
0.688243
0.67145
0.67145
0.655282
0.655282
0.639782
0.639782
0.624997
0.624997
0.610982
0.610982
0.597799
0.597799
0.585515
0.585515
0.57421
0.57421
0.563965
0.563965
0.554873
0.554873
0.547031
0.547031
0.540543
0.540543
0.535515
0.535515
0.532056
0.532056
0.530274
0.530274
3.27021e+06
3.27021e+06
567580
567580
191659
191659
89995.1
89995.1
50786.7
50786.7
32112.8
32112.8
21913.5
21913.5
15787.1
15787.1
11842.4
11842.4
9164.81
9164.81
7270.45
7270.45
5884.85
5884.85
4843.3
4843.3
4042.3
4042.3
3414.29
3414.29
2913.68
2913.68
2508.85
2508.85
2177.34
2177.34
1902.85
1902.85
1673.33
1673.33
1479.72
1479.72
1315.1
1315.1
1174.14
1174.14
1052.64
1052.64
947.306
947.306
855.49
855.49
775.06
775.06
704.282
704.282
641.736
641.736
586.248
586.248
536.844
536.844
492.709
492.709
453.158
453.158
417.611
417.611
385.575
385.575
356.631
356.631
330.416
330.416
306.621
306.621
284.976
284.976
265.249
265.249
247.235
247.235
230.758
230.758
215.66
215.66
201.806
201.806
189.074
189.074
177.357
177.357
166.561
166.561
156.599
156.599
147.398
147.398
138.889
138.889
131.012
131.012
123.713
123.713
116.944
116.944
110.659
110.659
104.819
104.819
99.3884
99.3884
94.3336
94.3336
89.6251
89.6251
85.2355
85.2355
81.1401
81.1401
77.3161
77.3161
73.7426
73.7426
70.4005
70.4005
67.2721
67.2721
64.3414
64.3414
61.5932
61.5932
59.0139
59.0139
56.5908
56.5908
54.3119
54.3119
52.1666
52.1666
50.1446
50.1446
48.2367
48.2367
46.4344
46.4344
44.7296
44.7296
43.1151
43.1151
41.5841
41.5841
40.1304
40.1304
38.7483
38.7483
37.4325
37.4325
36.1782
36.1782
34.9811
34.9811
33.8371
33.8371
32.7426
32.7426
31.6942
31.6942
30.6889
30.6889
29.7239
29.7239
28.7968
28.7968
27.9053
27.9053
27.0473
27.0473
26.2209
26.2209
25.4244
25.4244
24.6564
24.6564
23.9153
23.9153
23.1998
23.1998
22.5089
22.5089
21.8414
21.8414
21.1962
21.1962
20.5726
20.5726
19.9695
19.9695
19.3862
19.3862
18.822
18.822
18.276
18.276
17.7478
17.7478
17.2365
17.2365
16.7417
16.7417
16.2627
16.2627
15.799
15.799
15.3501
15.3501
14.9155
14.9155
14.4946
14.4946
14.0871
14.0871
13.6924
13.6924
13.3102
13.3102
12.94
12.94
12.5814
12.5814
12.2341
12.2341
11.8976
11.8976
11.5717
11.5717
11.2559
11.2559
10.9499
10.9499
10.6533
10.6533
10.366
10.366
10.0875
10.0875
9.81753
9.81753
9.55586
9.55586
9.30218
9.30218
9.05623
9.05623
8.81774
8.81774
8.58647
8.58647
8.36217
8.36217
8.14461
8.14461
7.93356
7.93356
7.72881
7.72881
7.53014
7.53014
7.33735
7.33735
7.15025
7.15025
6.96864
6.96864
6.79234
6.79234
6.62118
6.62118
6.45499
6.45499
6.29359
6.29359
6.13683
6.13683
5.98456
5.98456
5.83664
5.83664
5.69291
5.69291
5.55324
5.55324
5.4175
5.4175
5.28556
5.28556
5.1573
5.1573
5.0326
5.0326
4.91134
4.91134
4.79341
4.79341
4.67871
4.67871
4.56713
4.56713
4.45858
4.45858
4.35295
4.35295
4.25015
4.25015
4.1501
4.1501
4.05271
4.05271
3.9579
3.9579
3.86557
3.86557
3.77567
3.77567
3.68811
3.68811
3.60282
3.60282
3.51972
3.51972
3.43876
3.43876
3.35987
3.35987
3.28298
3.28298
3.20803
3.20803
3.13497
3.13497
3.06373
3.06373
2.99427
2.99427
2.92652
2.92652
2.86045
2.86045
2.79599
2.79599
2.73309
2.73309
2.67173
2.67173
2.61184
2.61184
2.55338
2.55338
2.49631
2.49631
2.4406
2.4406
2.3862
2.3862
2.33307
2.33307
2.28118
2.28118
2.23048
2.23048
2.18095
2.18095
2.13256
2.13256
2.08526
2.08526
2.03903
2.03903
1.99384
1.99384
1.94965
1.94965
1.90644
1.90644
1.86418
1.86418
1.82284
1.82284
1.7824
1.7824
1.74283
1.74283
1.70411
1.70411
1.66621
1.66621
1.6291
1.6291
1.59278
1.59278
1.55721
1.55721
1.52237
1.52237
1.48824
1.48824
1.45481
1.45481
1.42205
1.42205
1.38995
1.38995
1.35848
1.35848
1.32763
1.32763
1.29739
1.29739
1.26774
1.26774
1.23866
1.23866
1.21013
1.21013
1.18215
1.18215
1.1547
1.1547
1.12777
1.12777
1.10135
1.10135
1.07542
1.07542
1.04998
1.04998
1.02502
1.02502
1.00052
1.00052
0.976491
0.976491
0.952915
0.952915
0.92979
0.92979
0.907113
0.907113
0.884884
0.884884
0.863101
0.863101
0.841766
0.841766
0.820884
0.820884
0.800461
0.800461
0.780504
0.780504
0.761026
0.761026
0.742041
0.742041
0.723567
0.723567
0.705626
0.705626
0.688243
0.688243
0.67145
0.67145
0.655282
0.655282
0.639782
0.639782
0.624997
0.624997
0.610982
0.610982
0.597799
0.597799
0.585515
0.585515
0.57421
0.57421
0.563965
0.563965
0.554873
0.554873
0.547031
0.547031
0.540543
0.540543
0.535515
0.535515
0.532056
0.532056
0.530274
0.530274
0.530274
0.530274
0.532056
0.532056
0.535515
0.535515
0.540543
0.540543
0.547031
0.547031
0.554873
0.554873
0.563965
0.563965
0.574209
0.574209
0.585515
0.585515
0.597798
0.597798
0.610982
0.610982
0.624997
0.624997
0.639782
0.639782
0.655282
0.655282
0.67145
0.67145
0.688243
0.688243
0.705625
0.705625
0.723567
0.723567
0.742041
0.742041
0.761026
0.761026
0.780504
0.780504
0.800461
0.800461
0.820884
0.820884
0.841766
0.841766
0.863101
0.863101
0.884884
0.884884
0.907113
0.907113
0.92979
0.92979
0.952915
0.952915
0.976491
0.976491
1.00052
1.00052
1.02502
1.02502
1.04998
1.04998
1.07542
1.07542
1.10135
1.10135
1.12777
1.12777
1.1547
1.1547
1.18215
1.18215
1.21013
1.21013
1.23866
1.23866
1.26774
1.26774
1.29739
1.29739
1.32763
1.32763
1.35848
1.35848
1.38994
1.38994
1.42205
1.42205
1.45481
1.45481
1.48824
1.48824
1.52237
1.52237
1.55721
1.55721
1.59278
1.59278
1.6291
1.6291
1.66621
1.66621
1.70411
1.70411
1.74283
1.74283
1.7824
1.7824
1.82284
1.82284
1.86418
1.86418
1.90644
1.90644
1.94965
1.94965
1.99384
1.99384
2.03903
2.03903
2.08526
2.08526
2.13256
2.13256
2.18095
2.18095
2.23048
2.23048
2.28118
2.28118
2.33307
2.33307
2.3862
2.3862
2.4406
2.4406
2.49631
2.49631
2.55338
2.55338
2.61184
2.61184
2.67173
2.67173
2.73309
2.73309
2.79599
2.79599
2.86045
2.86045
2.92652
2.92652
2.99427
2.99427
3.06373
3.06373
3.13497
3.13497
3.20803
3.20803
3.28298
3.28298
3.35987
3.35987
3.43876
3.43876
3.51972
3.51972
3.60282
3.60282
3.68811
3.68811
3.77567
3.77567
3.86557
3.86557
3.9579
3.9579
4.05271
4.05271
4.1501
4.1501
4.25015
4.25015
4.35295
4.35295
4.45858
4.45858
4.56713
4.56713
4.67871
4.67871
4.79341
4.79341
4.91134
4.91134
5.0326
5.0326
5.1573
5.1573
5.28556
5.28556
5.4175
5.4175
5.55324
5.55324
5.69291
5.69291
5.83664
5.83664
5.98456
5.98456
6.13683
6.13683
6.29359
6.29359
6.45499
6.45499
6.62118
6.62118
6.79235
6.79235
6.96864
6.96864
7.15025
7.15025
7.33735
7.33735
7.53014
7.53014
7.72881
7.72881
7.93356
7.93356
8.14461
8.14461
8.36217
8.36217
8.58647
8.58647
8.81774
8.81774
9.05623
9.05623
9.30218
9.30218
9.55586
9.55586
9.81753
9.81753
10.0875
10.0875
10.366
10.366
10.6533
10.6533
10.9499
10.9499
11.2559
11.2559
11.5717
11.5717
11.8976
11.8976
12.2341
12.2341
12.5814
12.5814
12.94
12.94
13.3102
13.3102
13.6924
13.6924
14.0871
14.0871
14.4946
14.4946
14.9155
14.9155
15.3501
15.3501
15.799
15.799
16.2627
16.2627
16.7417
16.7417
17.2365
17.2365
17.7478
17.7478
18.276
18.276
18.822
18.822
19.3862
19.3862
19.9695
19.9695
20.5726
20.5726
21.1962
21.1962
21.8414
21.8414
22.5089
22.5089
23.1998
23.1998
23.9153
23.9153
24.6564
24.6564
25.4244
25.4244
26.2209
26.2209
27.0473
27.0473
27.9053
27.9053
28.7968
28.7968
29.7239
29.7239
30.6889
30.6889
31.6942
31.6942
32.7426
32.7426
33.8371
33.8371
34.9811
34.9811
36.1782
36.1782
37.4325
37.4325
38.7483
38.7483
40.1304
40.1304
41.5841
41.5841
43.1151
43.1151
44.7296
44.7296
46.4344
46.4344
48.2367
48.2367
50.1446
50.1446
52.1666
52.1666
54.3119
54.3119
56.5908
56.5908
59.0139
59.0139
61.5932
61.5932
64.3414
64.3414
67.2721
67.2721
70.4005
70.4005
73.7426
73.7426
77.3161
77.3161
81.1401
81.1401
85.2355
85.2355
89.6251
89.6251
94.3336
94.3336
99.3884
99.3884
104.819
104.819
110.659
110.659
116.944
116.944
123.713
123.713
131.012
131.012
138.889
138.889
147.398
147.398
156.599
156.599
166.561
166.561
177.357
177.357
189.074
189.074
201.806
201.806
215.66
215.66
230.758
230.758
247.235
247.235
265.249
265.249
284.976
284.976
306.621
306.621
330.416
330.416
356.631
356.631
385.575
385.575
417.611
417.611
453.158
453.158
492.709
492.709
536.844
536.844
586.248
586.248
641.735
641.735
704.282
704.282
775.06
775.06
855.49
855.49
947.307
947.307
1052.64
1052.64
1174.14
1174.14
1315.1
1315.1
1479.72
1479.72
1673.33
1673.33
1902.85
1902.85
2177.34
2177.34
2508.85
2508.85
2913.67
2913.67
3414.29
3414.29
4042.3
4042.3
4843.3
4843.3
5884.85
5884.85
7270.45
7270.45
9164.81
9164.81
11842.4
11842.4
15787.1
15787.1
21913.5
21913.5
32112.8
32112.8
50786.6
50786.6
89995
89995
191659
191659
567578
567578
3.2702e+06
3.2702e+06
0.530274
0.530274
0.532056
0.532056
0.535515
0.535515
0.540543
0.540543
0.547031
0.547031
0.554873
0.554873
0.563965
0.563965
0.574209
0.574209
0.585515
0.585515
0.597798
0.597798
0.610982
0.610982
0.624997
0.624997
0.639782
0.639782
0.655282
0.655282
0.67145
0.67145
0.688243
0.688243
0.705625
0.705625
0.723567
0.723567
0.742041
0.742041
0.761026
0.761026
0.780504
0.780504
0.800461
0.800461
0.820884
0.820884
0.841766
0.841766
0.863101
0.863101
0.884884
0.884884
0.907113
0.907113
0.92979
0.92979
0.952915
0.952915
0.976491
0.976491
1.00052
1.00052
1.02502
1.02502
1.04998
1.04998
1.07542
1.07542
1.10135
1.10135
1.12777
1.12777
1.1547
1.1547
1.18215
1.18215
1.21013
1.21013
1.23866
1.23866
1.26774
1.26774
1.29739
1.29739
1.32763
1.32763
1.35848
1.35848
1.38994
1.38994
1.42205
1.42205
1.45481
1.45481
1.48824
1.48824
1.52237
1.52237
1.55721
1.55721
1.59278
1.59278
1.6291
1.6291
1.66621
1.66621
1.70411
1.70411
1.74283
1.74283
1.7824
1.7824
1.82284
1.82284
1.86418
1.86418
1.90644
1.90644
1.94965
1.94965
1.99384
1.99384
2.03903
2.03903
2.08526
2.08526
2.13256
2.13256
2.18095
2.18095
2.23048
2.23048
2.28118
2.28118
2.33307
2.33307
2.3862
2.3862
2.4406
2.4406
2.49631
2.49631
2.55338
2.55338
2.61184
2.61184
2.67173
2.67173
2.73309
2.73309
2.79599
2.79599
2.86045
2.86045
2.92652
2.92652
2.99427
2.99427
3.06373
3.06373
3.13497
3.13497
3.20803
3.20803
3.28298
3.28298
3.35987
3.35987
3.43876
3.43876
3.51972
3.51972
3.60282
3.60282
3.68811
3.68811
3.77567
3.77567
3.86557
3.86557
3.9579
3.9579
4.05271
4.05271
4.1501
4.1501
4.25015
4.25015
4.35295
4.35295
4.45858
4.45858
4.56713
4.56713
4.67871
4.67871
4.79341
4.79341
4.91134
4.91134
5.0326
5.0326
5.1573
5.1573
5.28556
5.28556
5.4175
5.4175
5.55324
5.55324
5.69291
5.69291
5.83664
5.83664
5.98456
5.98456
6.13683
6.13683
6.29359
6.29359
6.45499
6.45499
6.62118
6.62118
6.79235
6.79235
6.96864
6.96864
7.15025
7.15025
7.33735
7.33735
7.53014
7.53014
7.72881
7.72881
7.93356
7.93356
8.14461
8.14461
8.36217
8.36217
8.58647
8.58647
8.81774
8.81774
9.05623
9.05623
9.30218
9.30218
9.55586
9.55586
9.81753
9.81753
10.0875
10.0875
10.366
10.366
10.6533
10.6533
10.9499
10.9499
11.2559
11.2559
11.5717
11.5717
11.8976
11.8976
12.2341
12.2341
12.5814
12.5814
12.94
12.94
13.3102
13.3102
13.6924
13.6924
14.0871
14.0871
14.4946
14.4946
14.9155
14.9155
15.3501
15.3501
15.799
15.799
16.2627
16.2627
16.7417
16.7417
17.2365
17.2365
17.7478
17.7478
18.276
18.276
18.822
18.822
19.3862
19.3862
19.9695
19.9695
20.5726
20.5726
21.1962
21.1962
21.8414
21.8414
22.5089
22.5089
23.1998
23.1998
23.9153
23.9153
24.6564
24.6564
25.4244
25.4244
26.2209
26.2209
27.0473
27.0473
27.9053
27.9053
28.7968
28.7968
29.7239
29.7239
30.6889
30.6889
31.6942
31.6942
32.7426
32.7426
33.8371
33.8371
34.9811
34.9811
36.1782
36.1782
37.4325
37.4325
38.7483
38.7483
40.1304
40.1304
41.5841
41.5841
43.1151
43.1151
44.7296
44.7296
46.4344
46.4344
48.2367
48.2367
50.1446
50.1446
52.1666
52.1666
54.3119
54.3119
56.5908
56.5908
59.0139
59.0139
61.5932
61.5932
64.3414
64.3414
67.2721
67.2721
70.4005
70.4005
73.7426
73.7426
77.3161
77.3161
81.1401
81.1401
85.2355
85.2355
89.6251
89.6251
94.3336
94.3336
99.3884
99.3884
104.819
104.819
110.659
110.659
116.944
116.944
123.713
123.713
131.012
131.012
138.889
138.889
147.398
147.398
156.599
156.599
166.561
166.561
177.357
177.357
189.074
189.074
201.806
201.806
215.66
215.66
230.758
230.758
247.235
247.235
265.249
265.249
284.976
284.976
306.621
306.621
330.416
330.416
356.631
356.631
385.575
385.575
417.611
417.611
453.158
453.158
492.709
492.709
536.844
536.844
586.248
586.248
641.735
641.735
704.282
704.282
775.06
775.06
855.49
855.49
947.307
947.307
1052.64
1052.64
1174.14
1174.14
1315.1
1315.1
1479.72
1479.72
1673.33
1673.33
1902.85
1902.85
2177.34
2177.34
2508.85
2508.85
2913.67
2913.67
3414.29
3414.29
4042.3
4042.3
4843.3
4843.3
5884.85
5884.85
7270.45
7270.45
9164.81
9164.81
11842.4
11842.4
15787.1
15787.1
21913.5
21913.5
32112.8
32112.8
50786.6
50786.6
89995
89995
191659
191659
567578
567578
3.2702e+06
3.2702e+06
)
;

boundaryField
{
    walls
    {
        blending        binomial2;
        n               2;
        beta1           0.075;
        type            omegaWallFunction;
        value           nonuniform List<scalar> 8(3.27021e+06 3.27021e+06 3.27021e+06 3.27021e+06 3.2702e+06 3.2702e+06 3.2702e+06 3.2702e+06);
    }
    inlet
    {
        type            cyclic;
    }
    outlet
    {
        type            cyclic;
    }
    sides
    {
        type            empty;
    }
}


// ************************************************************************* //
