/*--------------------------------*- C++ -*----------------------------------*\
| =========                 |                                                 |
| \\      /  F ield         | OpenFOAM: The Open Source CFD Toolbox           |
|  \\    /   O peration     | Version:  2106                                  |
|   \\  /    A nd           | Website:  www.openfoam.com                      |
|    \\/     M anipulation  |                                                 |
\*---------------------------------------------------------------------------*/
FoamFile
{
    version     2.0;
    format      ascii;
    arch        "LSB;label=32;scalar=64";
    class       volScalarField;
    location    "10060";
    object      k;
}
// * * * * * * * * * * * * * * * * * * * * * * * * * * * * * * * * * * * * * //

dimensions      [0 2 -2 0 0 0 0];

internalField   nonuniform List<scalar> 
2000
(
1.05879e-06
1.05879e-06
2.2221e-07
2.2221e-07
5.33345e-07
5.33345e-07
1.82864e-06
1.82864e-06
4.78222e-06
4.78222e-06
1.0292e-05
1.0292e-05
1.9432e-05
1.9432e-05
3.34466e-05
3.34466e-05
5.37484e-05
5.37484e-05
8.19099e-05
8.19099e-05
0.000119644
0.000119644
0.000168768
0.000168768
0.00023114
0.00023114
0.000308575
0.000308575
0.000402728
0.000402728
0.000514951
0.000514951
0.000646143
0.000646143
0.000796609
0.000796609
0.000965953
0.000965953
0.00115304
0.00115304
0.00135602
0.00135602
0.00157244
0.00157244
0.00179944
0.00179944
0.0020339
0.0020339
0.00227273
0.00227273
0.00251296
0.00251296
0.00275192
0.00275192
0.00298733
0.00298733
0.00321731
0.00321731
0.00344039
0.00344039
0.00365549
0.00365549
0.00386186
0.00386186
0.00405904
0.00405904
0.00424682
0.00424682
0.00442515
0.00442515
0.00459417
0.00459417
0.00475408
0.00475408
0.00490519
0.00490519
0.00504785
0.00504785
0.00518244
0.00518244
0.00530937
0.00530937
0.00542905
0.00542905
0.00554188
0.00554188
0.00564826
0.00564826
0.00574858
0.00574858
0.0058432
0.0058432
0.00593246
0.00593246
0.00601672
0.00601672
0.00609626
0.00609626
0.0061714
0.0061714
0.0062424
0.0062424
0.00630952
0.00630952
0.00637299
0.00637299
0.00643305
0.00643305
0.0064899
0.0064899
0.00654373
0.00654373
0.00659472
0.00659472
0.00664305
0.00664305
0.00668885
0.00668885
0.00673229
0.00673229
0.00677349
0.00677349
0.00681257
0.00681257
0.00684966
0.00684966
0.00688486
0.00688486
0.00691827
0.00691827
0.00694999
0.00694999
0.0069801
0.0069801
0.00700868
0.00700868
0.00703581
0.00703581
0.00706156
0.00706156
0.007086
0.007086
0.00710919
0.00710919
0.00713118
0.00713118
0.00715203
0.00715203
0.00717179
0.00717179
0.0071905
0.0071905
0.00720821
0.00720821
0.00722496
0.00722496
0.00724079
0.00724079
0.00725574
0.00725574
0.00726983
0.00726983
0.00728311
0.00728311
0.00729559
0.00729559
0.00730731
0.00730731
0.00731829
0.00731829
0.00732856
0.00732856
0.00733814
0.00733814
0.00734705
0.00734705
0.00735532
0.00735532
0.00736295
0.00736295
0.00736997
0.00736997
0.0073764
0.0073764
0.00738225
0.00738225
0.00738753
0.00738753
0.00739226
0.00739226
0.00739644
0.00739644
0.00740011
0.00740011
0.00740325
0.00740325
0.00740589
0.00740589
0.00740803
0.00740803
0.00740968
0.00740968
0.00741086
0.00741086
0.00741156
0.00741156
0.0074118
0.0074118
0.00741158
0.00741158
0.00741091
0.00741091
0.00740979
0.00740979
0.00740824
0.00740824
0.00740624
0.00740624
0.00740382
0.00740382
0.00740096
0.00740096
0.00739769
0.00739769
0.00739399
0.00739399
0.00738987
0.00738987
0.00738534
0.00738534
0.00738039
0.00738039
0.00737504
0.00737504
0.00736927
0.00736927
0.00736309
0.00736309
0.00735651
0.00735651
0.00734951
0.00734951
0.00734212
0.00734212
0.00733431
0.00733431
0.0073261
0.0073261
0.00731748
0.00731748
0.00730845
0.00730845
0.00729902
0.00729902
0.00728918
0.00728918
0.00727893
0.00727893
0.00726826
0.00726826
0.00725719
0.00725719
0.0072457
0.0072457
0.00723379
0.00723379
0.00722147
0.00722147
0.00720872
0.00720872
0.00719555
0.00719555
0.00718196
0.00718196
0.00716794
0.00716794
0.00715349
0.00715349
0.0071386
0.0071386
0.00712327
0.00712327
0.00710751
0.00710751
0.0070913
0.0070913
0.00707464
0.00707464
0.00705753
0.00705753
0.00703996
0.00703996
0.00702193
0.00702193
0.00700344
0.00700344
0.00698448
0.00698448
0.00696504
0.00696504
0.00694513
0.00694513
0.00692473
0.00692473
0.00690385
0.00690385
0.00688247
0.00688247
0.00686059
0.00686059
0.0068382
0.0068382
0.00681531
0.00681531
0.0067919
0.0067919
0.00676796
0.00676796
0.0067435
0.0067435
0.0067185
0.0067185
0.00669297
0.00669297
0.00666688
0.00666688
0.00664024
0.00664024
0.00661304
0.00661304
0.00658527
0.00658527
0.00655692
0.00655692
0.00652799
0.00652799
0.00649847
0.00649847
0.00646836
0.00646836
0.00643763
0.00643763
0.0064063
0.0064063
0.00637434
0.00637434
0.00634175
0.00634175
0.00630852
0.00630852
0.00627464
0.00627464
0.00624011
0.00624011
0.00620491
0.00620491
0.00616904
0.00616904
0.00613249
0.00613249
0.00609525
0.00609525
0.0060573
0.0060573
0.00601864
0.00601864
0.00597926
0.00597926
0.00593916
0.00593916
0.00589831
0.00589831
0.00585671
0.00585671
0.00581435
0.00581435
0.00577122
0.00577122
0.00572731
0.00572731
0.00568262
0.00568262
0.00563712
0.00563712
0.00559081
0.00559081
0.00554368
0.00554368
0.00549573
0.00549573
0.00544693
0.00544693
0.00539729
0.00539729
0.00534678
0.00534678
0.00529541
0.00529541
0.00524317
0.00524317
0.00519004
0.00519004
0.00513601
0.00513601
0.00508109
0.00508109
0.00502527
0.00502527
0.00496853
0.00496853
0.00491087
0.00491087
0.0048523
0.0048523
0.0047928
0.0047928
0.00473237
0.00473237
0.00467102
0.00467102
0.00460875
0.00460875
0.00454556
0.00454556
0.00448145
0.00448145
0.00441644
0.00441644
0.00435053
0.00435053
0.00428374
0.00428374
0.00421609
0.00421609
0.0041476
0.0041476
0.00407828
0.00407828
0.00400819
0.00400819
0.00393734
0.00393734
0.00386579
0.00386579
0.00379358
0.00379358
0.00372077
0.00372077
0.00364743
0.00364743
0.00357363
0.00357363
0.00349946
0.00349946
0.00342502
0.00342502
0.00335042
0.00335042
0.00327579
0.00327579
0.00320128
0.00320128
0.00312705
0.00312705
0.00305327
0.00305327
0.00298017
0.00298017
0.00290798
0.00290798
0.00283694
0.00283694
0.00276736
0.00276736
0.00269956
0.00269956
0.0026339
0.0026339
0.00257076
0.00257076
0.00251059
0.00251059
0.00245385
0.00245385
0.00240106
0.00240106
0.00235276
0.00235276
0.00230952
0.00230952
0.00227196
0.00227196
0.0022407
0.0022407
0.00221636
0.00221636
0.00219955
0.00219955
0.00219088
0.00219088
1.05879e-06
1.05879e-06
2.2221e-07
2.2221e-07
5.33345e-07
5.33345e-07
1.82864e-06
1.82864e-06
4.78222e-06
4.78222e-06
1.0292e-05
1.0292e-05
1.9432e-05
1.9432e-05
3.34466e-05
3.34466e-05
5.37484e-05
5.37484e-05
8.19099e-05
8.19099e-05
0.000119644
0.000119644
0.000168768
0.000168768
0.00023114
0.00023114
0.000308575
0.000308575
0.000402728
0.000402728
0.000514951
0.000514951
0.000646143
0.000646143
0.000796609
0.000796609
0.000965953
0.000965953
0.00115304
0.00115304
0.00135602
0.00135602
0.00157244
0.00157244
0.00179944
0.00179944
0.0020339
0.0020339
0.00227273
0.00227273
0.00251296
0.00251296
0.00275192
0.00275192
0.00298733
0.00298733
0.00321731
0.00321731
0.00344039
0.00344039
0.00365549
0.00365549
0.00386186
0.00386186
0.00405904
0.00405904
0.00424682
0.00424682
0.00442515
0.00442515
0.00459417
0.00459417
0.00475408
0.00475408
0.00490519
0.00490519
0.00504785
0.00504785
0.00518244
0.00518244
0.00530937
0.00530937
0.00542905
0.00542905
0.00554188
0.00554188
0.00564826
0.00564826
0.00574858
0.00574858
0.0058432
0.0058432
0.00593246
0.00593246
0.00601672
0.00601672
0.00609626
0.00609626
0.0061714
0.0061714
0.0062424
0.0062424
0.00630952
0.00630952
0.00637299
0.00637299
0.00643305
0.00643305
0.0064899
0.0064899
0.00654373
0.00654373
0.00659472
0.00659472
0.00664305
0.00664305
0.00668885
0.00668885
0.00673229
0.00673229
0.00677349
0.00677349
0.00681257
0.00681257
0.00684966
0.00684966
0.00688486
0.00688486
0.00691827
0.00691827
0.00694999
0.00694999
0.0069801
0.0069801
0.00700868
0.00700868
0.00703581
0.00703581
0.00706156
0.00706156
0.007086
0.007086
0.00710919
0.00710919
0.00713118
0.00713118
0.00715203
0.00715203
0.00717179
0.00717179
0.0071905
0.0071905
0.00720821
0.00720821
0.00722496
0.00722496
0.00724079
0.00724079
0.00725574
0.00725574
0.00726983
0.00726983
0.00728311
0.00728311
0.00729559
0.00729559
0.00730731
0.00730731
0.00731829
0.00731829
0.00732856
0.00732856
0.00733814
0.00733814
0.00734705
0.00734705
0.00735532
0.00735532
0.00736295
0.00736295
0.00736997
0.00736997
0.0073764
0.0073764
0.00738225
0.00738225
0.00738753
0.00738753
0.00739226
0.00739226
0.00739644
0.00739644
0.00740011
0.00740011
0.00740325
0.00740325
0.00740589
0.00740589
0.00740803
0.00740803
0.00740968
0.00740968
0.00741086
0.00741086
0.00741156
0.00741156
0.0074118
0.0074118
0.00741158
0.00741158
0.00741091
0.00741091
0.00740979
0.00740979
0.00740824
0.00740824
0.00740624
0.00740624
0.00740382
0.00740382
0.00740096
0.00740096
0.00739769
0.00739769
0.00739399
0.00739399
0.00738987
0.00738987
0.00738534
0.00738534
0.00738039
0.00738039
0.00737504
0.00737504
0.00736927
0.00736927
0.00736309
0.00736309
0.00735651
0.00735651
0.00734951
0.00734951
0.00734212
0.00734212
0.00733431
0.00733431
0.0073261
0.0073261
0.00731748
0.00731748
0.00730845
0.00730845
0.00729902
0.00729902
0.00728918
0.00728918
0.00727893
0.00727893
0.00726826
0.00726826
0.00725719
0.00725719
0.0072457
0.0072457
0.00723379
0.00723379
0.00722147
0.00722147
0.00720872
0.00720872
0.00719555
0.00719555
0.00718196
0.00718196
0.00716794
0.00716794
0.00715349
0.00715349
0.0071386
0.0071386
0.00712327
0.00712327
0.00710751
0.00710751
0.0070913
0.0070913
0.00707464
0.00707464
0.00705753
0.00705753
0.00703996
0.00703996
0.00702193
0.00702193
0.00700344
0.00700344
0.00698448
0.00698448
0.00696504
0.00696504
0.00694513
0.00694513
0.00692473
0.00692473
0.00690385
0.00690385
0.00688247
0.00688247
0.00686059
0.00686059
0.0068382
0.0068382
0.00681531
0.00681531
0.0067919
0.0067919
0.00676796
0.00676796
0.0067435
0.0067435
0.0067185
0.0067185
0.00669297
0.00669297
0.00666688
0.00666688
0.00664024
0.00664024
0.00661304
0.00661304
0.00658527
0.00658527
0.00655692
0.00655692
0.00652799
0.00652799
0.00649847
0.00649847
0.00646836
0.00646836
0.00643763
0.00643763
0.0064063
0.0064063
0.00637434
0.00637434
0.00634175
0.00634175
0.00630852
0.00630852
0.00627464
0.00627464
0.00624011
0.00624011
0.00620491
0.00620491
0.00616904
0.00616904
0.00613249
0.00613249
0.00609525
0.00609525
0.0060573
0.0060573
0.00601864
0.00601864
0.00597926
0.00597926
0.00593916
0.00593916
0.00589831
0.00589831
0.00585671
0.00585671
0.00581435
0.00581435
0.00577122
0.00577122
0.00572731
0.00572731
0.00568262
0.00568262
0.00563712
0.00563712
0.00559081
0.00559081
0.00554368
0.00554368
0.00549573
0.00549573
0.00544693
0.00544693
0.00539729
0.00539729
0.00534678
0.00534678
0.00529541
0.00529541
0.00524317
0.00524317
0.00519004
0.00519004
0.00513601
0.00513601
0.00508109
0.00508109
0.00502527
0.00502527
0.00496853
0.00496853
0.00491087
0.00491087
0.0048523
0.0048523
0.0047928
0.0047928
0.00473237
0.00473237
0.00467102
0.00467102
0.00460875
0.00460875
0.00454556
0.00454556
0.00448145
0.00448145
0.00441644
0.00441644
0.00435053
0.00435053
0.00428374
0.00428374
0.00421609
0.00421609
0.0041476
0.0041476
0.00407828
0.00407828
0.00400819
0.00400819
0.00393734
0.00393734
0.00386579
0.00386579
0.00379358
0.00379358
0.00372077
0.00372077
0.00364743
0.00364743
0.00357363
0.00357363
0.00349946
0.00349946
0.00342502
0.00342502
0.00335042
0.00335042
0.00327579
0.00327579
0.00320128
0.00320128
0.00312705
0.00312705
0.00305327
0.00305327
0.00298017
0.00298017
0.00290798
0.00290798
0.00283694
0.00283694
0.00276736
0.00276736
0.00269956
0.00269956
0.0026339
0.0026339
0.00257076
0.00257076
0.00251059
0.00251059
0.00245385
0.00245385
0.00240106
0.00240106
0.00235276
0.00235276
0.00230952
0.00230952
0.00227196
0.00227196
0.0022407
0.0022407
0.00221636
0.00221636
0.00219955
0.00219955
0.00219088
0.00219088
0.00219088
0.00219088
0.00219955
0.00219955
0.00221636
0.00221636
0.0022407
0.0022407
0.00227196
0.00227196
0.00230952
0.00230952
0.00235276
0.00235276
0.00240106
0.00240106
0.00245385
0.00245385
0.00251059
0.00251059
0.00257076
0.00257076
0.0026339
0.0026339
0.00269956
0.00269956
0.00276736
0.00276736
0.00283694
0.00283694
0.00290797
0.00290797
0.00298017
0.00298017
0.00305327
0.00305327
0.00312704
0.00312704
0.00320128
0.00320128
0.00327579
0.00327579
0.00335042
0.00335042
0.00342502
0.00342502
0.00349946
0.00349946
0.00357363
0.00357363
0.00364743
0.00364743
0.00372077
0.00372077
0.00379358
0.00379358
0.00386579
0.00386579
0.00393734
0.00393734
0.00400818
0.00400818
0.00407828
0.00407828
0.00414759
0.00414759
0.00421609
0.00421609
0.00428374
0.00428374
0.00435053
0.00435053
0.00441644
0.00441644
0.00448145
0.00448145
0.00454556
0.00454556
0.00460875
0.00460875
0.00467102
0.00467102
0.00473237
0.00473237
0.00479279
0.00479279
0.00485229
0.00485229
0.00491087
0.00491087
0.00496852
0.00496852
0.00502526
0.00502526
0.00508109
0.00508109
0.00513601
0.00513601
0.00519003
0.00519003
0.00524316
0.00524316
0.00529541
0.00529541
0.00534678
0.00534678
0.00539728
0.00539728
0.00544693
0.00544693
0.00549572
0.00549572
0.00554368
0.00554368
0.00559081
0.00559081
0.00563712
0.00563712
0.00568261
0.00568261
0.00572731
0.00572731
0.00577122
0.00577122
0.00581435
0.00581435
0.00585671
0.00585671
0.0058983
0.0058983
0.00593915
0.00593915
0.00597926
0.00597926
0.00601864
0.00601864
0.0060573
0.0060573
0.00609524
0.00609524
0.00613249
0.00613249
0.00616904
0.00616904
0.00620491
0.00620491
0.00624011
0.00624011
0.00627464
0.00627464
0.00630852
0.00630852
0.00634175
0.00634175
0.00637433
0.00637433
0.00640629
0.00640629
0.00643763
0.00643763
0.00646836
0.00646836
0.00649847
0.00649847
0.00652799
0.00652799
0.00655692
0.00655692
0.00658527
0.00658527
0.00661304
0.00661304
0.00664024
0.00664024
0.00666688
0.00666688
0.00669297
0.00669297
0.0067185
0.0067185
0.0067435
0.0067435
0.00676796
0.00676796
0.0067919
0.0067919
0.00681531
0.00681531
0.0068382
0.0068382
0.00686059
0.00686059
0.00688247
0.00688247
0.00690385
0.00690385
0.00692473
0.00692473
0.00694513
0.00694513
0.00696504
0.00696504
0.00698448
0.00698448
0.00700344
0.00700344
0.00702193
0.00702193
0.00703996
0.00703996
0.00705753
0.00705753
0.00707464
0.00707464
0.0070913
0.0070913
0.00710751
0.00710751
0.00712327
0.00712327
0.0071386
0.0071386
0.00715349
0.00715349
0.00716794
0.00716794
0.00718196
0.00718196
0.00719556
0.00719556
0.00720872
0.00720872
0.00722147
0.00722147
0.00723379
0.00723379
0.0072457
0.0072457
0.00725719
0.00725719
0.00726827
0.00726827
0.00727893
0.00727893
0.00728918
0.00728918
0.00729902
0.00729902
0.00730846
0.00730846
0.00731748
0.00731748
0.0073261
0.0073261
0.00733431
0.00733431
0.00734212
0.00734212
0.00734952
0.00734952
0.00735651
0.00735651
0.00736309
0.00736309
0.00736927
0.00736927
0.00737504
0.00737504
0.00738039
0.00738039
0.00738534
0.00738534
0.00738987
0.00738987
0.00739399
0.00739399
0.00739769
0.00739769
0.00740097
0.00740097
0.00740382
0.00740382
0.00740624
0.00740624
0.00740824
0.00740824
0.0074098
0.0074098
0.00741091
0.00741091
0.00741158
0.00741158
0.0074118
0.0074118
0.00741156
0.00741156
0.00741086
0.00741086
0.00740969
0.00740969
0.00740803
0.00740803
0.00740589
0.00740589
0.00740325
0.00740325
0.00740011
0.00740011
0.00739645
0.00739645
0.00739226
0.00739226
0.00738753
0.00738753
0.00738225
0.00738225
0.0073764
0.0073764
0.00736997
0.00736997
0.00736295
0.00736295
0.00735532
0.00735532
0.00734706
0.00734706
0.00733814
0.00733814
0.00732856
0.00732856
0.00731829
0.00731829
0.00730731
0.00730731
0.00729559
0.00729559
0.00728311
0.00728311
0.00726983
0.00726983
0.00725574
0.00725574
0.00724079
0.00724079
0.00722496
0.00722496
0.00720821
0.00720821
0.0071905
0.0071905
0.00717179
0.00717179
0.00715203
0.00715203
0.00713118
0.00713118
0.00710919
0.00710919
0.007086
0.007086
0.00706157
0.00706157
0.00703581
0.00703581
0.00700868
0.00700868
0.0069801
0.0069801
0.00694999
0.00694999
0.00691827
0.00691827
0.00688486
0.00688486
0.00684966
0.00684966
0.00681257
0.00681257
0.00677349
0.00677349
0.00673229
0.00673229
0.00668885
0.00668885
0.00664305
0.00664305
0.00659473
0.00659473
0.00654373
0.00654373
0.0064899
0.0064899
0.00643305
0.00643305
0.00637299
0.00637299
0.00630952
0.00630952
0.0062424
0.0062424
0.0061714
0.0061714
0.00609626
0.00609626
0.00601672
0.00601672
0.00593246
0.00593246
0.0058432
0.0058432
0.00574858
0.00574858
0.00564827
0.00564827
0.00554188
0.00554188
0.00542905
0.00542905
0.00530937
0.00530937
0.00518244
0.00518244
0.00504785
0.00504785
0.00490519
0.00490519
0.00475408
0.00475408
0.00459417
0.00459417
0.00442515
0.00442515
0.00424682
0.00424682
0.00405904
0.00405904
0.00386186
0.00386186
0.00365549
0.00365549
0.00344039
0.00344039
0.00321731
0.00321731
0.00298733
0.00298733
0.00275192
0.00275192
0.00251296
0.00251296
0.00227273
0.00227273
0.00203391
0.00203391
0.00179944
0.00179944
0.00157244
0.00157244
0.00135602
0.00135602
0.00115304
0.00115304
0.000965953
0.000965953
0.000796609
0.000796609
0.000646143
0.000646143
0.000514951
0.000514951
0.000402728
0.000402728
0.000308575
0.000308575
0.00023114
0.00023114
0.000168768
0.000168768
0.000119644
0.000119644
8.19099e-05
8.19099e-05
5.37484e-05
5.37484e-05
3.34467e-05
3.34467e-05
1.9432e-05
1.9432e-05
1.0292e-05
1.0292e-05
4.78222e-06
4.78222e-06
1.82864e-06
1.82864e-06
5.33346e-07
5.33346e-07
2.22212e-07
2.22212e-07
1.0588e-06
1.0588e-06
0.00219088
0.00219088
0.00219955
0.00219955
0.00221636
0.00221636
0.0022407
0.0022407
0.00227196
0.00227196
0.00230952
0.00230952
0.00235276
0.00235276
0.00240106
0.00240106
0.00245385
0.00245385
0.00251059
0.00251059
0.00257076
0.00257076
0.0026339
0.0026339
0.00269956
0.00269956
0.00276736
0.00276736
0.00283694
0.00283694
0.00290797
0.00290797
0.00298017
0.00298017
0.00305327
0.00305327
0.00312704
0.00312704
0.00320128
0.00320128
0.00327579
0.00327579
0.00335042
0.00335042
0.00342502
0.00342502
0.00349946
0.00349946
0.00357363
0.00357363
0.00364743
0.00364743
0.00372077
0.00372077
0.00379358
0.00379358
0.00386579
0.00386579
0.00393734
0.00393734
0.00400818
0.00400818
0.00407828
0.00407828
0.00414759
0.00414759
0.00421609
0.00421609
0.00428374
0.00428374
0.00435053
0.00435053
0.00441644
0.00441644
0.00448145
0.00448145
0.00454556
0.00454556
0.00460875
0.00460875
0.00467102
0.00467102
0.00473237
0.00473237
0.00479279
0.00479279
0.00485229
0.00485229
0.00491087
0.00491087
0.00496852
0.00496852
0.00502526
0.00502526
0.00508109
0.00508109
0.00513601
0.00513601
0.00519003
0.00519003
0.00524316
0.00524316
0.00529541
0.00529541
0.00534678
0.00534678
0.00539728
0.00539728
0.00544693
0.00544693
0.00549572
0.00549572
0.00554368
0.00554368
0.00559081
0.00559081
0.00563712
0.00563712
0.00568261
0.00568261
0.00572731
0.00572731
0.00577122
0.00577122
0.00581435
0.00581435
0.00585671
0.00585671
0.0058983
0.0058983
0.00593915
0.00593915
0.00597926
0.00597926
0.00601864
0.00601864
0.0060573
0.0060573
0.00609524
0.00609524
0.00613249
0.00613249
0.00616904
0.00616904
0.00620491
0.00620491
0.00624011
0.00624011
0.00627464
0.00627464
0.00630852
0.00630852
0.00634175
0.00634175
0.00637433
0.00637433
0.00640629
0.00640629
0.00643763
0.00643763
0.00646836
0.00646836
0.00649847
0.00649847
0.00652799
0.00652799
0.00655692
0.00655692
0.00658527
0.00658527
0.00661304
0.00661304
0.00664024
0.00664024
0.00666688
0.00666688
0.00669297
0.00669297
0.0067185
0.0067185
0.0067435
0.0067435
0.00676796
0.00676796
0.0067919
0.0067919
0.00681531
0.00681531
0.0068382
0.0068382
0.00686059
0.00686059
0.00688247
0.00688247
0.00690385
0.00690385
0.00692473
0.00692473
0.00694513
0.00694513
0.00696504
0.00696504
0.00698448
0.00698448
0.00700344
0.00700344
0.00702193
0.00702193
0.00703996
0.00703996
0.00705753
0.00705753
0.00707464
0.00707464
0.0070913
0.0070913
0.00710751
0.00710751
0.00712327
0.00712327
0.0071386
0.0071386
0.00715349
0.00715349
0.00716794
0.00716794
0.00718196
0.00718196
0.00719556
0.00719556
0.00720872
0.00720872
0.00722147
0.00722147
0.00723379
0.00723379
0.0072457
0.0072457
0.00725719
0.00725719
0.00726827
0.00726827
0.00727893
0.00727893
0.00728918
0.00728918
0.00729902
0.00729902
0.00730846
0.00730846
0.00731748
0.00731748
0.0073261
0.0073261
0.00733431
0.00733431
0.00734212
0.00734212
0.00734952
0.00734952
0.00735651
0.00735651
0.00736309
0.00736309
0.00736927
0.00736927
0.00737504
0.00737504
0.00738039
0.00738039
0.00738534
0.00738534
0.00738987
0.00738987
0.00739399
0.00739399
0.00739769
0.00739769
0.00740097
0.00740097
0.00740382
0.00740382
0.00740624
0.00740624
0.00740824
0.00740824
0.0074098
0.0074098
0.00741091
0.00741091
0.00741158
0.00741158
0.0074118
0.0074118
0.00741156
0.00741156
0.00741086
0.00741086
0.00740969
0.00740969
0.00740803
0.00740803
0.00740589
0.00740589
0.00740325
0.00740325
0.00740011
0.00740011
0.00739645
0.00739645
0.00739226
0.00739226
0.00738753
0.00738753
0.00738225
0.00738225
0.0073764
0.0073764
0.00736997
0.00736997
0.00736295
0.00736295
0.00735532
0.00735532
0.00734706
0.00734706
0.00733814
0.00733814
0.00732856
0.00732856
0.00731829
0.00731829
0.00730731
0.00730731
0.00729559
0.00729559
0.00728311
0.00728311
0.00726983
0.00726983
0.00725574
0.00725574
0.00724079
0.00724079
0.00722496
0.00722496
0.00720821
0.00720821
0.0071905
0.0071905
0.00717179
0.00717179
0.00715203
0.00715203
0.00713118
0.00713118
0.00710919
0.00710919
0.007086
0.007086
0.00706157
0.00706157
0.00703581
0.00703581
0.00700868
0.00700868
0.0069801
0.0069801
0.00694999
0.00694999
0.00691827
0.00691827
0.00688486
0.00688486
0.00684966
0.00684966
0.00681257
0.00681257
0.00677349
0.00677349
0.00673229
0.00673229
0.00668885
0.00668885
0.00664305
0.00664305
0.00659473
0.00659473
0.00654373
0.00654373
0.0064899
0.0064899
0.00643305
0.00643305
0.00637299
0.00637299
0.00630952
0.00630952
0.0062424
0.0062424
0.0061714
0.0061714
0.00609626
0.00609626
0.00601672
0.00601672
0.00593246
0.00593246
0.0058432
0.0058432
0.00574858
0.00574858
0.00564827
0.00564827
0.00554188
0.00554188
0.00542905
0.00542905
0.00530937
0.00530937
0.00518244
0.00518244
0.00504785
0.00504785
0.00490519
0.00490519
0.00475408
0.00475408
0.00459417
0.00459417
0.00442515
0.00442515
0.00424682
0.00424682
0.00405904
0.00405904
0.00386186
0.00386186
0.00365549
0.00365549
0.00344039
0.00344039
0.00321731
0.00321731
0.00298733
0.00298733
0.00275192
0.00275192
0.00251296
0.00251296
0.00227273
0.00227273
0.00203391
0.00203391
0.00179944
0.00179944
0.00157244
0.00157244
0.00135602
0.00135602
0.00115304
0.00115304
0.000965953
0.000965953
0.000796609
0.000796609
0.000646143
0.000646143
0.000514951
0.000514951
0.000402728
0.000402728
0.000308575
0.000308575
0.00023114
0.00023114
0.000168768
0.000168768
0.000119644
0.000119644
8.19099e-05
8.19099e-05
5.37484e-05
5.37484e-05
3.34467e-05
3.34467e-05
1.9432e-05
1.9432e-05
1.0292e-05
1.0292e-05
4.78222e-06
4.78222e-06
1.82864e-06
1.82864e-06
5.33346e-07
5.33346e-07
2.22212e-07
2.22212e-07
1.0588e-06
1.0588e-06
)
;

boundaryField
{
    walls
    {
        type            kqRWallFunction;
        value           nonuniform List<scalar> 8(1.05879e-06 1.05879e-06 1.05879e-06 1.05879e-06 1.0588e-06 1.0588e-06 1.0588e-06 1.0588e-06);
    }
    inlet
    {
        type            cyclic;
    }
    outlet
    {
        type            cyclic;
    }
    sides
    {
        type            empty;
    }
}


// ************************************************************************* //
