/*--------------------------------*- C++ -*----------------------------------*\
| =========                 |                                                 |
| \\      /  F ield         | OpenFOAM: The Open Source CFD Toolbox           |
|  \\    /   O peration     | Version:  2106                                  |
|   \\  /    A nd           | Website:  www.openfoam.com                      |
|    \\/     M anipulation  |                                                 |
\*---------------------------------------------------------------------------*/
FoamFile
{
    version     2.0;
    format      ascii;
    arch        "LSB;label=32;scalar=64";
    class       surfaceScalarField;
    location    "10060";
    object      phi;
}
// * * * * * * * * * * * * * * * * * * * * * * * * * * * * * * * * * * * * * //

dimensions      [0 3 -1 0 0 0 0];

oriented        oriented;

internalField   nonuniform List<scalar> 
3996
(
5.2711e-08
-5.13772e-18
-3.43133e-22
-9.97989e-22
8.43265e-23
1.62067e-07
-5.13422e-18
-1.11509e-21
-3.30528e-21
-3.26016e-23
2.77526e-07
-5.13066e-18
-1.15922e-21
-5.66879e-21
-3.44153e-23
3.99354e-07
-5.12688e-18
-1.21233e-21
-8.15791e-21
-3.6293e-23
5.27828e-07
-5.12279e-18
-1.2648e-21
-1.09734e-20
-3.82297e-23
6.6323e-07
-5.11857e-18
-1.31813e-21
-1.36822e-20
-4.02224e-23
8.05855e-07
-5.11453e-18
-1.37377e-21
-1.63797e-20
-4.22702e-23
9.55995e-07
-5.11028e-18
-1.43196e-21
-1.9078e-20
-4.43717e-23
1.11395e-06
-5.1055e-18
-1.49261e-21
-2.22204e-20
-4.65284e-23
1.27999e-06
-5.10056e-18
-1.55554e-21
-2.55472e-20
-4.87262e-23
1.45438e-06
-5.09573e-18
-1.62044e-21
-2.88934e-20
-5.09434e-23
1.63734e-06
-5.09025e-18
-1.68677e-21
-3.26159e-20
-5.31501e-23
1.82903e-06
-5.08505e-18
-1.75378e-21
-3.60292e-20
-5.53035e-23
2.02954e-06
-5.07814e-18
-1.82044e-21
-4.03833e-20
-5.73777e-23
2.23884e-06
-5.07247e-18
-1.88554e-21
-4.41416e-20
-5.92943e-23
2.45678e-06
-5.06657e-18
-1.9476e-21
-4.78404e-20
-6.10377e-23
2.68309e-06
-5.06124e-18
-2.00505e-21
-5.20264e-20
-6.25559e-23
2.91735e-06
-5.05538e-18
-2.05635e-21
-5.6186e-20
-6.37543e-23
3.15902e-06
-5.04858e-18
-2.10015e-21
-6.08779e-20
-6.46105e-23
3.40745e-06
-5.0422e-18
-2.13545e-21
-6.46939e-20
-6.50599e-23
3.66195e-06
-5.03495e-18
-2.16167e-21
-6.9668e-20
-6.50964e-23
3.92179e-06
-5.02866e-18
-2.17874e-21
-7.36487e-20
-6.46417e-23
4.18628e-06
-5.02254e-18
-2.18698e-21
-7.81114e-20
-6.37224e-23
4.45477e-06
-5.01578e-18
-2.18719e-21
-8.2643e-20
-6.23418e-23
4.72671e-06
-5.00844e-18
-2.18038e-21
-8.66041e-20
-6.05153e-23
5.00167e-06
-5.00205e-18
-2.16774e-21
-8.99644e-20
-5.82811e-23
5.27929e-06
-4.99746e-18
-2.15041e-21
-9.35904e-20
-5.56759e-23
5.55935e-06
-4.99015e-18
-2.1294e-21
-9.7639e-20
-5.27061e-23
5.84171e-06
-4.98276e-18
-2.10586e-21
-1.01372e-19
-4.94159e-23
6.1263e-06
-4.97433e-18
-2.08062e-21
-1.06087e-19
-4.58567e-23
6.41315e-06
-4.96783e-18
-2.05448e-21
-1.10185e-19
-4.19358e-23
6.70232e-06
-4.96013e-18
-2.02798e-21
-1.14373e-19
-3.76722e-23
6.99391e-06
-4.95351e-18
-2.0016e-21
-1.19018e-19
-3.30704e-23
7.28809e-06
-4.94772e-18
-1.97568e-21
-1.2224e-19
-2.81231e-23
7.58501e-06
-4.94067e-18
-1.9505e-21
-1.26708e-19
-2.28314e-23
7.88488e-06
-4.93713e-18
-1.92632e-21
-1.2981e-19
-1.7223e-23
8.18788e-06
-4.93221e-18
-1.90303e-21
-1.29885e-19
-1.13842e-23
8.49423e-06
-4.92702e-18
-1.8807e-21
-1.33679e-19
-5.59447e-24
8.80414e-06
-4.92386e-18
-1.85937e-21
-1.35743e-19
4.47571e-25
9.11785e-06
-4.91954e-18
-1.83897e-21
-1.37536e-19
6.59689e-24
9.43555e-06
-4.91411e-18
-1.81955e-21
-1.40321e-19
1.28602e-23
9.75749e-06
-4.91212e-18
-1.80113e-21
-1.42908e-19
1.91823e-23
1.00839e-05
-4.90925e-18
-1.78355e-21
-1.46785e-19
2.5662e-23
1.04149e-05
-4.90301e-18
-1.76672e-21
-1.50341e-19
3.23202e-23
1.07508e-05
-4.89818e-18
-1.75096e-21
-1.52589e-19
3.91668e-23
1.10919e-05
-4.89262e-18
-1.736e-21
-1.55603e-19
4.61398e-23
1.14382e-05
-4.89201e-18
-1.72206e-21
-1.58686e-19
5.31676e-23
1.17901e-05
-4.88636e-18
-1.70857e-21
-1.61312e-19
6.03385e-23
1.21477e-05
-4.8822e-18
-1.69603e-21
-1.65165e-19
6.76826e-23
1.25112e-05
-4.87451e-18
-1.68443e-21
-1.695e-19
7.53043e-23
1.28809e-05
-4.8737e-18
-1.67384e-21
-1.73153e-19
8.34798e-23
1.3257e-05
-4.86355e-18
-1.66385e-21
-1.76049e-19
9.21272e-23
1.36397e-05
-4.86029e-18
-1.65546e-21
-1.80507e-19
1.01606e-22
1.40291e-05
-4.85334e-18
-1.64797e-21
-1.8497e-19
1.12225e-22
1.44256e-05
-4.84516e-18
-1.64167e-21
-1.87018e-19
1.2382e-22
1.48293e-05
-4.83879e-18
-1.63681e-21
-1.91111e-19
1.35955e-22
1.52404e-05
-4.83296e-18
-1.633e-21
-1.96957e-19
1.49027e-22
1.56591e-05
-4.82845e-18
-1.62979e-21
-2.03504e-19
1.63029e-22
1.60857e-05
-4.81867e-18
-1.62749e-21
-2.14629e-19
1.78025e-22
1.65204e-05
-4.8125e-18
-1.62641e-21
-2.20978e-19
1.9413e-22
1.69634e-05
-4.80736e-18
-1.62611e-21
-2.23261e-19
2.10574e-22
1.74148e-05
-4.80387e-18
-1.62603e-21
-2.21788e-19
2.26528e-22
1.7875e-05
-4.7974e-18
-1.6259e-21
-2.2706e-19
2.42597e-22
1.83442e-05
-4.792e-18
-1.62686e-21
-2.32533e-19
2.59379e-22
1.88225e-05
-4.78019e-18
-1.62792e-21
-2.37784e-19
2.77306e-22
1.93103e-05
-4.77567e-18
-1.63004e-21
-2.38153e-19
2.96614e-22
1.98077e-05
-4.768e-18
-1.63287e-21
-2.3978e-19
3.16771e-22
2.03149e-05
-4.75925e-18
-1.63768e-21
-2.46243e-19
3.3854e-22
2.08323e-05
-4.75099e-18
-1.64489e-21
-2.51762e-19
3.63129e-22
2.13601e-05
-4.73998e-18
-1.65455e-21
-2.60652e-19
3.89897e-22
2.18985e-05
-4.73343e-18
-1.66689e-21
-2.66377e-19
4.1822e-22
2.24477e-05
-4.73082e-18
-1.68154e-21
-2.66976e-19
4.47702e-22
2.3008e-05
-4.72534e-18
-1.69667e-21
-2.67928e-19
4.78279e-22
2.35798e-05
-4.72477e-18
-1.71278e-21
-2.75618e-19
5.08984e-22
2.41631e-05
-4.71837e-18
-1.72969e-21
-2.75461e-19
5.41204e-22
2.47584e-05
-4.71346e-18
-1.74856e-21
-2.77562e-19
5.73493e-22
2.53658e-05
-4.70765e-18
-1.76877e-21
-2.84865e-19
6.03655e-22
2.59857e-05
-4.69974e-18
-1.78874e-21
-2.79761e-19
6.32538e-22
2.66184e-05
-4.69407e-18
-1.81276e-21
-2.84326e-19
6.61451e-22
2.7264e-05
-4.68997e-18
-1.8378e-21
-2.87071e-19
6.9122e-22
2.7923e-05
-4.68316e-18
-1.86315e-21
-2.90818e-19
7.18867e-22
2.85955e-05
-4.67528e-18
-1.88985e-21
-2.95875e-19
7.44876e-22
2.9282e-05
-4.66507e-18
-1.91708e-21
-2.99831e-19
7.70098e-22
2.99827e-05
-4.65611e-18
-1.94428e-21
-3.05763e-19
7.94231e-22
3.0698e-05
-4.65111e-18
-1.97247e-21
-3.10109e-19
8.16929e-22
3.14281e-05
-4.64599e-18
-2.00348e-21
-3.2124e-19
8.35885e-22
3.21733e-05
-4.652e-18
-2.03559e-21
-3.34179e-19
8.54473e-22
3.29341e-05
-4.644e-18
-2.06428e-21
-3.47575e-19
8.74739e-22
3.37108e-05
-4.63464e-18
-2.09543e-21
-3.54437e-19
8.96859e-22
3.45036e-05
-4.63361e-18
-2.1293e-21
-3.61574e-19
9.20298e-22
3.5313e-05
-4.62631e-18
-2.16361e-21
-3.71269e-19
9.4287e-22
3.61393e-05
-4.61602e-18
-2.20404e-21
-3.88484e-19
9.66909e-22
3.69828e-05
-4.5969e-18
-2.2457e-21
-3.97969e-19
9.88967e-22
3.78441e-05
-4.57373e-18
-2.29305e-21
-4.2299e-19
1.00914e-21
3.87233e-05
-4.56e-18
-2.34432e-21
-4.41165e-19
1.03474e-21
3.9621e-05
-4.54068e-18
-2.39963e-21
-4.57844e-19
1.0605e-21
4.05374e-05
-4.53266e-18
-2.45944e-21
-4.77175e-19
1.08743e-21
4.14731e-05
-4.51706e-18
-2.52188e-21
-4.93519e-19
1.11874e-21
4.24284e-05
-4.49768e-18
-2.58761e-21
-5.10652e-19
1.14973e-21
4.34038e-05
-4.48318e-18
-2.65558e-21
-5.30381e-19
1.18693e-21
4.43996e-05
-4.46918e-18
-2.72604e-21
-5.41e-19
1.23182e-21
4.54163e-05
-4.47522e-18
-2.80205e-21
-5.38984e-19
1.28185e-21
4.64544e-05
-4.46871e-18
-2.875e-21
-5.37639e-19
1.33078e-21
4.75143e-05
-4.45641e-18
-2.95297e-21
-5.50114e-19
1.38068e-21
4.85965e-05
-4.44961e-18
-3.04181e-21
-5.54665e-19
1.43693e-21
4.97015e-05
-4.44239e-18
-3.13741e-21
-5.62333e-19
1.48642e-21
5.08296e-05
-4.44246e-18
-3.23548e-21
-5.7846e-19
1.53223e-21
5.19815e-05
-4.43297e-18
-3.32716e-21
-5.8035e-19
1.57606e-21
5.31576e-05
-4.42277e-18
-3.41387e-21
-5.98349e-19
1.59721e-21
5.43585e-05
-4.39416e-18
-3.49146e-21
-6.08614e-19
1.61314e-21
5.55846e-05
-4.38099e-18
-3.58993e-21
-6.25916e-19
1.62885e-21
5.68365e-05
-4.36766e-18
-3.68022e-21
-6.34577e-19
1.64847e-21
5.81148e-05
-4.34948e-18
-3.77615e-21
-6.51648e-19
1.67031e-21
5.942e-05
-4.33394e-18
-3.87366e-21
-6.71945e-19
1.70212e-21
6.07526e-05
-4.31546e-18
-3.98695e-21
-6.83384e-19
1.73961e-21
6.21133e-05
-4.28937e-18
-4.11801e-21
-7.0982e-19
1.77654e-21
6.35026e-05
-4.2786e-18
-4.26847e-21
-7.09437e-19
1.81723e-21
6.49211e-05
-4.26615e-18
-4.43517e-21
-7.31888e-19
1.83442e-21
6.63695e-05
-4.25485e-18
-4.5984e-21
-7.33157e-19
1.85939e-21
6.78484e-05
-4.21746e-18
-4.75202e-21
-7.52412e-19
1.8496e-21
6.93584e-05
-4.19723e-18
-4.93918e-21
-7.86311e-19
1.82663e-21
7.09001e-05
-4.17651e-18
-5.13305e-21
-8.05049e-19
1.80087e-21
7.24743e-05
-4.15726e-18
-5.31786e-21
-8.28125e-19
1.7776e-21
7.40816e-05
-4.12606e-18
-5.49819e-21
-8.5852e-19
1.76816e-21
7.57228e-05
-4.10186e-18
-5.67946e-21
-8.79708e-19
1.77103e-21
7.73984e-05
-4.08262e-18
-5.8453e-21
-8.96172e-19
1.78821e-21
7.91093e-05
-4.05459e-18
-5.99256e-21
-9.10253e-19
1.76899e-21
8.08562e-05
-4.03413e-18
-6.1257e-21
-9.26079e-19
1.71779e-21
8.26398e-05
-4.00177e-18
-6.22448e-21
-9.62966e-19
1.64609e-21
8.44608e-05
-3.95348e-18
-6.31588e-21
-1.01221e-18
1.58459e-21
8.63202e-05
-3.92513e-18
-6.43574e-21
-1.03724e-18
1.59381e-21
8.82187e-05
-3.87526e-18
-6.55733e-21
-1.06311e-18
1.56207e-21
9.0157e-05
-3.83556e-18
-6.6961e-21
-1.07482e-18
1.51934e-21
9.21361e-05
-3.76709e-18
-6.82413e-21
-1.1267e-18
1.43429e-21
9.41567e-05
-3.76515e-18
-7.03821e-21
-1.14386e-18
1.42091e-21
9.62198e-05
-3.75687e-18
-7.24815e-21
-1.13894e-18
1.45008e-21
9.83262e-05
-3.74171e-18
-7.47187e-21
-1.15234e-18
1.42274e-21
0.000100477
-3.72073e-18
-7.69747e-21
-1.16117e-18
1.40396e-21
0.000102673
-3.70656e-18
-7.92349e-21
-1.16699e-18
1.40488e-21
0.000104914
-3.69975e-18
-8.22132e-21
-1.17133e-18
1.40673e-21
0.000107203
-3.66799e-18
-8.50587e-21
-1.18536e-18
1.3716e-21
0.00010954
-3.6459e-18
-8.8561e-21
-1.20319e-18
1.32724e-21
0.000111926
-3.63245e-18
-9.22178e-21
-1.21285e-18
1.32736e-21
0.000114362
-3.61885e-18
-9.46773e-21
-1.21219e-18
1.29825e-21
0.000116849
-3.57866e-18
-9.62782e-21
-1.23493e-18
1.19955e-21
0.000119388
-3.534e-18
-9.79611e-21
-1.26984e-18
1.14224e-21
0.00012198
-3.49972e-18
-1.00079e-20
-1.28807e-18
1.13179e-21
0.000124627
-3.48513e-18
-1.03089e-20
-1.28836e-18
1.11098e-21
0.000127329
-3.44961e-18
-1.06018e-20
-1.33298e-18
1.0007e-21
0.000130088
-3.42479e-18
-1.09158e-20
-1.30657e-18
1.058e-21
0.000132904
-3.41219e-18
-1.1181e-20
-1.35685e-18
1.0574e-21
0.000135779
-3.39524e-18
-1.13357e-20
-1.36375e-18
1.03367e-21
0.000138714
-3.36982e-18
-1.14099e-20
-1.39075e-18
8.51514e-22
0.000141711
-3.32113e-18
-1.13728e-20
-1.45051e-18
5.44126e-22
0.00014477
-3.2923e-18
-1.14854e-20
-1.45479e-18
4.35634e-22
0.000147894
-3.27684e-18
-1.16861e-20
-1.47778e-18
2.27696e-22
0.000151082
-3.25083e-18
-1.17604e-20
-1.51109e-18
-3.28647e-23
0.000154337
-3.22712e-18
-1.18037e-20
-1.52369e-18
-3.55224e-22
0.00015766
-3.19706e-18
-1.17722e-20
-1.55346e-18
-7.895e-22
0.000161052
-3.16691e-18
-1.16528e-20
-1.59403e-18
-1.11636e-21
0.000164515
-3.13431e-18
-1.1527e-20
-1.61594e-18
-1.35728e-21
0.000168051
-3.08128e-18
-1.12611e-20
-1.63017e-18
-1.7512e-21
0.00017166
-3.03781e-18
-1.11422e-20
-1.64772e-18
-2.0436e-21
0.000175344
-3.01362e-18
-1.10594e-20
-1.66885e-18
-2.27563e-21
0.000179105
-2.9881e-18
-1.09491e-20
-1.64688e-18
-2.52577e-21
0.000182944
-2.941e-18
-1.10194e-20
-1.68427e-18
-2.96894e-21
0.000186863
-2.93595e-18
-1.11844e-20
-1.69362e-18
-3.3952e-21
0.000190863
-2.88815e-18
-1.115e-20
-1.71127e-18
-3.73837e-21
0.000194947
-2.85424e-18
-1.1333e-20
-1.72375e-18
-3.82997e-21
0.000199115
-2.82822e-18
-1.15511e-20
-1.73533e-18
-4.16027e-21
0.00020337
-2.7755e-18
-1.17496e-20
-1.75149e-18
-4.32297e-21
0.000207713
-2.73099e-18
-1.20749e-20
-1.74645e-18
-4.5071e-21
0.000212147
-2.70894e-18
-1.22255e-20
-1.74289e-18
-4.62918e-21
0.000216672
-2.67465e-18
-1.21835e-20
-1.7195e-18
-4.61599e-21
0.000221291
-2.62758e-18
-1.21806e-20
-1.69471e-18
-4.77666e-21
0.000226006
-2.59087e-18
-1.22433e-20
-1.6912e-18
-5.04098e-21
0.000230819
-2.57025e-18
-1.23271e-20
-1.70379e-18
-5.45402e-21
0.000235731
-2.54609e-18
-1.22229e-20
-1.71732e-18
-6.12402e-21
0.000240744
-2.5414e-18
-1.25912e-20
-1.7242e-18
-6.75813e-21
0.000245861
-2.49727e-18
-1.26801e-20
-1.75847e-18
-8.06594e-21
0.000251084
-2.40623e-18
-1.26062e-20
-1.76437e-18
-9.36593e-21
0.000256415
-2.34667e-18
-1.28597e-20
-1.77479e-18
-1.08916e-20
0.000261855
-2.3159e-18
-1.32691e-20
-1.81021e-18
-1.15429e-20
0.000267408
-2.28464e-18
-1.34673e-20
-1.78868e-18
-1.18165e-20
0.000273074
-2.26314e-18
-1.37007e-20
-1.80683e-18
-1.20781e-20
0.000278858
-2.25599e-18
-1.30024e-20
-1.83997e-18
-1.21936e-20
0.00028476
-2.22935e-18
-1.27428e-20
-1.8367e-18
-1.22428e-20
0.000290784
-2.18603e-18
-1.22101e-20
-1.85268e-18
-1.28286e-20
0.000296931
-2.17734e-18
-1.28071e-20
-1.91226e-18
-1.27385e-20
0.000303205
-2.15781e-18
-1.35748e-20
-1.90444e-18
-1.25153e-20
0.000309607
-2.13909e-18
-1.49209e-20
-1.94988e-18
-1.27783e-20
0.00031614
-2.11436e-18
-1.61178e-20
-1.94847e-18
-1.22536e-20
0.000322806
-2.08776e-18
-1.74208e-20
-1.96334e-18
-1.14967e-20
0.000329609
-2.10062e-18
-1.94229e-20
-2.00057e-18
-1.17922e-20
0.000336551
-2.07616e-18
-2.0291e-20
-1.99092e-18
-1.23407e-20
0.000343634
-2.07502e-18
-2.10395e-20
-1.97654e-18
-1.44922e-20
0.000350861
-2.05306e-18
-2.11026e-20
-1.97121e-18
-1.74172e-20
0.000358236
-2.03223e-18
-2.35471e-20
-2.09834e-18
-1.93639e-20
0.00036576
-1.99944e-18
-2.41496e-20
-2.00107e-18
-2.06046e-20
0.000373437
-1.93737e-18
-2.44392e-20
-1.96205e-18
-2.31202e-20
0.000381269
-1.9212e-18
-2.5992e-20
-1.96818e-18
-2.5203e-20
0.00038926
-1.97895e-18
-2.72387e-20
-1.83789e-18
-2.46445e-20
0.000397413
-1.92425e-18
-2.75002e-20
-1.86583e-18
-2.54607e-20
0.00040573
-1.73787e-18
-2.92214e-20
-1.83749e-18
-2.40842e-20
0.000414214
-1.7448e-18
-3.24022e-20
-1.75202e-18
-2.18537e-20
0.000422869
-1.69252e-18
-3.44551e-20
-1.74148e-18
-2.01648e-20
0.000431698
-1.67201e-18
-3.8442e-20
-1.73541e-18
-1.894e-20
0.000440704
-1.70246e-18
-4.03944e-20
-1.59795e-18
-1.96007e-20
0.00044989
-1.65349e-18
-3.66578e-20
-1.59744e-18
-2.42985e-20
0.000459259
-1.60525e-18
-3.41001e-20
-1.56778e-18
-2.85652e-20
0.000468815
-1.55632e-18
-3.22704e-20
-1.51564e-18
-3.19941e-20
0.000478561
-1.49435e-18
-3.2434e-20
-1.49319e-18
-3.15848e-20
0.0004885
-1.62057e-18
-3.26149e-20
-1.58857e-18
-3.13478e-20
0.000498636
-1.47903e-18
-2.77474e-20
-1.56014e-18
-2.92934e-20
0.000508972
-1.5451e-18
-3.13462e-20
-1.58196e-18
-3.34272e-20
0.000519511
-1.58922e-18
-3.49393e-20
-1.50189e-18
-3.42729e-20
0.000530257
-1.42201e-18
-3.19943e-20
-1.55796e-18
-3.2587e-20
0.000541213
-1.38243e-18
-3.23105e-20
-1.47391e-18
-2.71185e-20
0.000552382
-1.47638e-18
-3.44576e-20
-1.41687e-18
-2.49628e-20
0.000563769
-1.49486e-18
-3.92381e-20
-1.46212e-18
-2.2518e-20
0.000575376
-1.40018e-18
-4.04426e-20
-1.50351e-18
-2.39479e-20
0.000587207
-1.41438e-18
-4.82972e-20
-1.41233e-18
-2.08984e-20
0.000599265
-1.51295e-18
-4.8479e-20
-1.35279e-18
-2.12952e-20
0.000611554
-1.48872e-18
-4.57288e-20
-1.3269e-18
-2.96162e-20
0.000624076
-1.41811e-18
-4.2328e-20
-1.3651e-18
-3.82852e-20
0.000636835
-1.38342e-18
-4.38231e-20
-1.36833e-18
-4.35201e-20
0.000649835
-1.25823e-18
-5.11921e-20
-1.29188e-18
-4.78346e-20
0.000663077
-1.222e-18
-5.71583e-20
-1.27007e-18
-5.19102e-20
0.000676566
-1.20773e-18
-6.7313e-20
-1.2971e-18
-4.91231e-20
0.000690303
-1.14165e-18
-6.66723e-20
-1.27398e-18
-4.79487e-20
0.000704293
-1.12471e-18
-6.79029e-20
-1.17918e-18
-4.83636e-20
0.000718536
-1.04183e-18
-6.38662e-20
-1.20246e-18
-4.82127e-20
0.000733036
-1.08579e-18
-6.62757e-20
-9.77539e-19
-3.76429e-20
0.000747794
-1.11818e-18
-6.34248e-20
-1.10399e-18
-4.48114e-20
0.000762812
-9.39209e-19
-5.34951e-20
-1.17445e-18
-4.03849e-20
0.000778093
-1.02958e-18
-6.4207e-20
-1.16592e-18
-4.08733e-20
0.000793636
-1.14681e-18
-6.84776e-20
-1.14588e-18
-4.33934e-20
0.000809443
-1.10113e-18
-5.69798e-20
-1.15105e-18
-2.82416e-20
0.000825513
-1.14969e-18
-5.71248e-20
-1.10784e-18
-2.06016e-20
0.000841848
-1.27521e-18
-6.56987e-20
-1.10302e-18
-3.19086e-20
0.000858445
-1.23968e-18
-5.06753e-20
-1.05279e-18
-3.30527e-20
0.000875304
-1.38752e-18
-3.93926e-20
-9.08933e-19
-2.96251e-20
0.000892422
-1.01024e-18
-1.10664e-20
-1.0601e-18
-4.04164e-20
0.000909797
-9.45061e-19
-1.80982e-20
-1.03431e-18
-2.80039e-20
0.000927424
-8.36354e-19
-2.87831e-20
-9.12903e-19
-7.06904e-21
0.000945301
-7.84074e-19
-3.04161e-20
-8.24726e-19
-7.89559e-21
0.000963421
-8.71848e-19
-5.71145e-20
-8.30459e-19
-2.2497e-20
0.000981778
-8.14849e-19
-4.4279e-20
-7.4404e-19
-2.54668e-20
0.00100037
-7.35315e-19
-3.83941e-20
-8.60091e-19
-3.0376e-20
0.00101918
-2.37862e-20
-7.31173e-19
-2.38249e-20
-6.87395e-19
5.2711e-08
-2.81677e-22
3.34503e-23
1.62067e-07
-1.17173e-21
-2.04523e-22
2.77526e-07
-2.14957e-21
-4.22072e-22
3.99354e-07
-3.17144e-21
-5.51123e-22
5.27828e-07
-4.19028e-21
-8.08453e-22
6.6323e-07
-5.22793e-21
-9.30052e-22
8.05855e-07
-6.14464e-21
-1.19322e-21
9.55995e-07
-7.29932e-21
-1.72592e-21
1.11395e-06
-8.41733e-21
-2.16569e-21
1.27999e-06
-9.63319e-21
-2.5815e-21
1.45438e-06
-1.08109e-20
-2.92911e-21
1.63734e-06
-1.24393e-20
-3.10286e-21
1.82903e-06
-1.36504e-20
-3.52645e-21
2.02954e-06
-1.51792e-20
-3.48689e-21
2.23884e-06
-1.64805e-20
-4.23747e-21
2.45678e-06
-1.71601e-20
-4.86449e-21
2.68309e-06
-1.86768e-20
-4.8623e-21
2.91735e-06
-1.96657e-20
-5.95108e-21
3.15902e-06
-2.1282e-20
-6.49619e-21
3.40745e-06
-2.29492e-20
-7.34478e-21
3.66195e-06
-2.44394e-20
-6.95021e-21
3.92179e-06
-2.53232e-20
-6.34626e-21
4.18628e-06
-2.75253e-20
-6.82905e-21
4.45477e-06
-2.87892e-20
-7.92173e-21
4.72671e-06
-3.06079e-20
-8.71678e-21
5.00167e-06
-3.25877e-20
-9.35478e-21
5.27929e-06
-3.30319e-20
-9.89317e-21
5.55935e-06
-3.49771e-20
-1.10627e-20
5.84171e-06
-3.57616e-20
-1.22299e-20
6.1263e-06
-3.75054e-20
-1.25648e-20
6.41315e-06
-3.92084e-20
-1.38142e-20
6.70232e-06
-4.03743e-20
-1.49049e-20
6.99391e-06
-4.14707e-20
-1.62299e-20
7.28809e-06
-4.39889e-20
-1.62014e-20
7.58501e-06
-4.66677e-20
-1.70114e-20
7.88488e-06
-4.77341e-20
-1.71141e-20
8.18788e-06
-4.73163e-20
-1.90437e-20
8.49423e-06
-4.71812e-20
-1.92158e-20
8.80414e-06
-4.8294e-20
-2.00099e-20
9.11785e-06
-4.99373e-20
-1.89948e-20
9.43555e-06
-5.09584e-20
-2.03994e-20
9.75749e-06
-5.30394e-20
-2.10555e-20
1.00839e-05
-5.29625e-20
-2.13827e-20
1.04149e-05
-5.51773e-20
-2.03298e-20
1.07508e-05
-5.60989e-20
-1.8452e-20
1.10919e-05
-5.97089e-20
-1.86556e-20
1.14382e-05
-6.06029e-20
-1.93001e-20
1.17901e-05
-6.18995e-20
-1.95177e-20
1.21477e-05
-6.43679e-20
-2.04196e-20
1.25112e-05
-6.41716e-20
-2.04113e-20
1.28809e-05
-6.51695e-20
-2.18856e-20
1.3257e-05
-6.66203e-20
-2.18428e-20
1.36397e-05
-6.77245e-20
-2.30866e-20
1.40291e-05
-6.85599e-20
-2.32681e-20
1.44256e-05
-6.99753e-20
-2.46718e-20
1.48293e-05
-6.99952e-20
-2.57048e-20
1.52404e-05
-6.81273e-20
-2.63562e-20
1.56591e-05
-7.15654e-20
-2.43618e-20
1.60857e-05
-7.39523e-20
-2.41367e-20
1.65204e-05
-7.68247e-20
-2.41955e-20
1.69634e-05
-7.5477e-20
-2.72806e-20
1.74148e-05
-7.3245e-20
-2.39722e-20
1.7875e-05
-7.81968e-20
-2.0738e-20
1.83442e-05
-7.79412e-20
-1.51813e-20
1.88225e-05
-7.63748e-20
-1.39736e-20
1.93103e-05
-7.70815e-20
-1.39355e-20
1.98077e-05
-7.93995e-20
-1.3657e-20
2.03149e-05
-8.13654e-20
-1.52521e-20
2.08323e-05
-8.34582e-20
-1.70475e-20
2.13601e-05
-8.3458e-20
-2.02011e-20
2.18985e-05
-8.5949e-20
-2.50812e-20
2.24477e-05
-8.41517e-20
-2.55432e-20
2.3008e-05
-8.44564e-20
-2.3873e-20
2.35798e-05
-8.88456e-20
-2.27691e-20
2.41631e-05
-9.06954e-20
-2.36188e-20
2.47584e-05
-9.05824e-20
-3.05386e-20
2.53658e-05
-8.45e-20
-3.86363e-20
2.59857e-05
-9.35613e-20
-3.61222e-20
2.66184e-05
-9.30527e-20
-3.39473e-20
2.7264e-05
-9.38404e-20
-3.33123e-20
2.7923e-05
-9.63456e-20
-3.51834e-20
2.85955e-05
-9.81795e-20
-3.49604e-20
2.9282e-05
-9.7052e-20
-3.07364e-20
2.99827e-05
-9.5684e-20
-3.02329e-20
3.0698e-05
-1.00391e-19
-3.33136e-20
3.14281e-05
-9.74496e-20
-3.04753e-20
3.21733e-05
-9.20043e-20
-2.27778e-20
3.29341e-05
-9.45277e-20
-1.68402e-20
3.37108e-05
-9.7557e-20
-1.0805e-20
3.45036e-05
-1.00384e-19
-1.00418e-20
3.5313e-05
-1.11615e-19
-4.09325e-21
3.61393e-05
-1.07269e-19
-1.32374e-20
3.69828e-05
-1.07461e-19
-1.48583e-20
3.78441e-05
-1.04854e-19
-1.42577e-20
3.87233e-05
-1.12833e-19
-1.27263e-20
3.9621e-05
-1.15239e-19
-8.45274e-21
4.05374e-05
-1.27037e-19
-2.9175e-21
4.14731e-05
-1.33277e-19
-1.59319e-21
4.24284e-05
-1.31867e-19
5.40173e-21
4.34038e-05
-1.33435e-19
6.28905e-21
4.43996e-05
-1.37634e-19
8.91804e-21
4.54163e-05
-1.3954e-19
5.94175e-21
4.64544e-05
-1.37227e-19
8.10735e-21
4.75143e-05
-1.39111e-19
1.50382e-20
4.85965e-05
-1.42553e-19
1.10828e-20
4.97015e-05
-1.43372e-19
8.50914e-21
5.08296e-05
-1.44785e-19
1.14996e-20
5.19815e-05
-1.47232e-19
9.80836e-21
5.31576e-05
-1.4747e-19
9.30093e-21
5.43585e-05
-1.66955e-19
1.47984e-20
5.55846e-05
-1.61253e-19
1.81384e-20
5.68365e-05
-1.64441e-19
2.2767e-20
5.81148e-05
-1.53604e-19
2.49527e-20
5.942e-05
-1.59698e-19
2.2898e-20
6.07526e-05
-1.58525e-19
2.07239e-20
6.21133e-05
-1.44839e-19
1.11746e-20
6.35026e-05
-1.46206e-19
6.03873e-21
6.49211e-05
-1.40744e-19
1.05046e-20
6.63695e-05
-1.40544e-19
2.78232e-21
6.78484e-05
-1.48384e-19
2.43756e-21
6.93584e-05
-1.45573e-19
3.33368e-21
7.09001e-05
-1.36306e-19
1.95806e-20
7.24743e-05
-1.40238e-19
2.90574e-20
7.40816e-05
-1.40148e-19
2.73153e-20
7.57228e-05
-1.38223e-19
3.73764e-20
7.73984e-05
-1.40862e-19
1.65425e-20
7.91093e-05
-1.39669e-19
8.00347e-21
8.08562e-05
-1.37205e-19
1.73029e-20
8.26398e-05
-1.39528e-19
1.26654e-20
8.44608e-05
-1.42667e-19
2.17261e-20
8.63202e-05
-1.50061e-19
7.60086e-21
8.82187e-05
-1.48677e-19
2.05933e-20
9.0157e-05
-1.43809e-19
1.02542e-20
9.21361e-05
-1.58559e-19
-3.52051e-22
9.41567e-05
-1.7839e-19
1.4634e-20
9.62198e-05
-1.8997e-19
9.84142e-21
9.83262e-05
-1.8797e-19
6.47348e-21
0.000100477
-1.76567e-19
2.24199e-21
0.000102673
-2.00772e-19
-4.33247e-22
0.000104914
-2.02333e-19
-1.0078e-21
0.000107203
-2.14853e-19
-2.75842e-21
0.00010954
-2.19349e-19
2.33936e-21
0.000111926
-1.92893e-19
-7.16853e-21
0.000114362
-1.8524e-19
-1.74743e-20
0.000116849
-1.84262e-19
-2.09489e-20
0.000119388
-1.89029e-19
-3.38257e-20
0.00012198
-2.12773e-19
-3.54948e-20
0.000124627
-2.19778e-19
-4.36928e-20
0.000127329
-2.22328e-19
-3.37239e-20
0.000130088
-2.32357e-19
-2.86715e-20
0.000132904
-2.37324e-19
-5.64263e-20
0.000135779
-2.34037e-19
-4.56722e-20
0.000138714
-2.04331e-19
-5.28538e-20
0.000141711
-2.03696e-19
-4.11372e-20
0.00014477
-2.1088e-19
-6.60631e-20
0.000147894
-2.01337e-19
-7.79815e-20
0.000151082
-2.09253e-19
-8.21502e-20
0.000154337
-2.10078e-19
-8.81578e-20
0.00015766
-2.07395e-19
-8.60267e-20
0.000161052
-2.21432e-19
-7.95436e-20
0.000164515
-2.03237e-19
-9.96072e-20
0.000168051
-2.1302e-19
-9.10236e-20
0.00017166
-2.06626e-19
-7.40593e-20
0.000175344
-2.02614e-19
-7.60429e-20
0.000179105
-2.34932e-19
-7.23236e-20
0.000182944
-2.4118e-19
-8.60523e-20
0.000186863
-2.42756e-19
-1.01278e-19
0.000190863
-2.64321e-19
-9.82976e-20
0.000194947
-2.72007e-19
-1.23986e-19
0.000199115
-2.79442e-19
-1.14959e-19
0.00020337
-2.87876e-19
-1.55068e-19
0.000207713
-2.69569e-19
-1.40413e-19
0.000212147
-2.5334e-19
-1.29323e-19
0.000216672
-2.5322e-19
-1.45408e-19
0.000221291
-2.56963e-19
-1.46195e-19
0.000226006
-2.61628e-19
-1.61992e-19
0.000230819
-2.54711e-19
-2.00658e-19
0.000235731
-3.01773e-19
-2.0385e-19
0.000240744
-3.10278e-19
-2.46894e-19
0.000245861
-3.1608e-19
-2.53667e-19
0.000251084
-3.09224e-19
-2.72912e-19
0.000256415
-3.16225e-19
-2.36794e-19
0.000261855
-3.21854e-19
-2.65669e-19
0.000267408
-3.43684e-19
-2.2262e-19
0.000273074
-2.78147e-19
-2.46526e-19
0.000278858
-3.23851e-19
-3.17146e-19
0.00028476
-3.05823e-19
-3.45057e-19
0.000290784
-3.62456e-19
-2.81244e-19
0.000296931
-3.67779e-19
-3.25122e-19
0.000303205
-3.96412e-19
-3.41337e-19
0.000309607
-3.84271e-19
-3.30615e-19
0.00031614
-3.83341e-19
-3.21035e-19
0.000322806
-4.15741e-19
-3.78939e-19
0.000329609
-3.87771e-19
-3.93284e-19
0.000336551
-3.95041e-19
-4.51656e-19
0.000343634
-3.83306e-19
-4.86394e-19
0.000350861
-5.07759e-19
-4.18844e-19
0.000358236
-4.42851e-19
-4.85372e-19
0.00036576
-4.35627e-19
-4.6338e-19
0.000373437
-4.58354e-19
-4.94978e-19
0.000381269
-4.93682e-19
-4.81821e-19
0.00038926
-5.8871e-19
-4.4826e-19
0.000397413
-6.35223e-19
-4.48629e-19
0.00040573
-5.46855e-19
-4.81697e-19
0.000414214
-5.59797e-19
-4.94109e-19
0.000422869
-6.13493e-19
-5.11986e-19
0.000431698
-5.78235e-19
-5.52664e-19
0.000440704
-4.79377e-19
-5.62201e-19
0.00044989
-5.11205e-19
-5.9931e-19
0.000459259
-5.40936e-19
-6.40323e-19
0.000468815
-6.21476e-19
-5.59877e-19
0.000478561
-6.42189e-19
-5.93586e-19
0.0004885
-6.84303e-19
-6.27451e-19
0.000498636
-7.57181e-19
-7.03529e-19
0.000508972
-7.96016e-19
-6.58306e-19
0.000519511
-6.9438e-19
-6.44952e-19
0.000530257
-6.07971e-19
-6.62979e-19
0.000541213
-5.5656e-19
-6.40904e-19
0.000552382
-6.73414e-19
-5.5061e-19
0.000563769
-6.33347e-19
-6.1684e-19
0.000575376
-7.17835e-19
-5.50862e-19
0.000587207
-6.06728e-19
-6.11007e-19
0.000599265
-6.61636e-19
-7.21959e-19
0.000611554
-6.29229e-19
-6.56858e-19
0.000624076
-6.48859e-19
-6.45523e-19
0.000636835
-7.27538e-19
-6.64694e-19
0.000649835
-6.14483e-19
-6.72485e-19
0.000663077
-6.70742e-19
-5.93138e-19
0.000676566
-5.02483e-19
-5.60066e-19
0.000690303
-4.90378e-19
-5.54995e-19
0.000704293
-4.02198e-19
-4.86192e-19
0.000718536
-3.74512e-19
-3.04374e-19
0.000733036
-3.37562e-19
-3.03474e-19
0.000747794
-2.74377e-19
-2.8858e-19
0.000762812
-2.91035e-19
-3.72028e-19
0.000778093
-3.0554e-19
-3.72996e-19
0.000793636
-2.81972e-19
-2.23814e-19
0.000809443
-3.65434e-19
-3.37815e-19
0.000825513
-5.28226e-19
-4.66138e-19
0.000841848
-4.91656e-19
-4.7047e-19
0.000858445
-5.84612e-19
-5.63986e-19
0.000875304
-5.80289e-19
-5.77305e-19
0.000892422
-5.36681e-19
-4.62736e-19
0.000909797
-5.67236e-19
-4.35591e-19
0.000927424
-4.17839e-19
-5.66686e-19
0.000945301
-5.9859e-19
-5.28713e-19
0.000963421
-4.16582e-19
-4.38863e-19
0.000981778
-4.3356e-19
-4.39015e-19
0.00100037
-3.16273e-19
-4.65583e-19
0.00101918
-5.17628e-19
-5.17462e-19
0.00101918
-6.70601e-19
-2.31643e-20
-8.02104e-19
-4.05028e-20
0.00100037
-6.03488e-19
-1.75443e-20
-6.53e-19
-3.31756e-20
0.000981778
-5.97241e-19
-2.10036e-20
-6.85189e-19
-4.68971e-20
0.000963421
-6.059e-19
-4.15425e-20
-6.04243e-19
-3.21992e-20
0.000945301
-6.1164e-19
-3.53815e-20
-5.85211e-19
-2.00901e-20
0.000927424
-5.55354e-19
-3.74311e-20
-6.23499e-19
-5.01815e-21
0.000909797
-5.70769e-19
-3.79261e-20
-4.52637e-19
-1.23773e-20
0.000892422
-4.77628e-19
-3.11179e-20
-4.83293e-19
-1.29422e-20
0.000875304
-4.19193e-19
-2.59785e-20
-5.03936e-19
-1.23759e-20
0.000858445
-5.72615e-19
-2.04468e-20
-5.17181e-19
-1.90204e-20
0.000841848
-5.28479e-19
-2.05466e-24
-4.65719e-19
-4.91382e-21
0.000825513
-5.67009e-19
-1.93138e-21
-5.18976e-19
-3.53413e-21
0.000809443
-5.5685e-19
9.52995e-21
-4.47735e-19
6.34089e-21
0.000793636
-3.66783e-19
1.94858e-20
-3.99456e-19
5.90299e-21
0.000778093
-3.64858e-19
7.55858e-21
-4.67103e-19
2.47662e-21
0.000762812
-3.93671e-19
-1.47015e-21
-4.48328e-19
1.45427e-21
0.000747794
-3.54434e-19
-2.26753e-21
-3.94449e-19
3.62778e-21
0.000733036
-3.05349e-19
1.33704e-21
-2.0076e-19
9.38086e-21
0.000718536
-3.2647e-19
6e-21
-1.93416e-19
4.18635e-21
0.000704293
-3.66105e-19
1.0615e-20
-1.71721e-19
2.6424e-21
0.000690303
-1.90717e-19
1.30393e-20
-3.47725e-19
-3.71878e-21
0.000676566
-2.55561e-19
8.10546e-21
-3.45771e-19
1.46383e-21
0.000663077
-3.32525e-19
7.29548e-21
-3.00756e-19
5.61585e-21
0.000649835
-2.76585e-19
1.13785e-20
-2.8595e-19
7.36801e-21
0.000636835
-3.57334e-19
9.54633e-21
-2.23214e-19
1.30078e-20
0.000624076
-2.32826e-19
1.2025e-20
-2.96695e-19
8.23141e-21
0.000611554
-3.11397e-19
1.02866e-20
-3.25272e-19
5.97305e-21
0.000599265
-2.80314e-19
1.23185e-20
-3.61332e-19
4.04712e-21
0.000587207
-2.64085e-19
1.03905e-20
-3.40577e-19
5.53385e-21
0.000575376
-3.11566e-19
6.47431e-21
-3.51907e-19
5.44182e-21
0.000563769
-2.24782e-19
5.96097e-22
-3.15067e-19
3.79319e-21
0.000552382
-2.99071e-19
5.88578e-22
-3.10245e-19
2.87234e-21
0.000541213
-2.62098e-19
4.38991e-22
-3.49553e-19
2.44926e-21
0.000530257
-2.70071e-19
-7.00539e-22
-4.05166e-19
1.10347e-21
0.000519511
-3.60912e-19
1.59334e-22
-3.60501e-19
1.7696e-21
0.000508972
-3.51954e-19
3.28026e-21
-3.52343e-19
1.99972e-22
0.000498636
-3.13566e-19
3.09698e-21
-3.44121e-19
-1.45819e-21
0.0004885
-3.9513e-19
8.16376e-22
-3.2874e-19
-1.14425e-21
0.000478561
-3.43109e-19
2.52751e-21
-3.3173e-19
-1.06066e-21
0.000468815
-3.62738e-19
3.44973e-21
-2.85393e-19
-2.50779e-21
0.000459259
-3.19798e-19
7.75122e-21
-2.84841e-19
-3.86243e-21
0.00044989
-3.16458e-19
8.48726e-21
-3.21587e-19
-5.54968e-21
0.000440704
-2.77594e-19
5.75663e-21
-2.29061e-19
-3.37582e-21
0.000431698
-2.37078e-19
3.60092e-21
-2.59388e-19
-2.51163e-21
0.000422869
-2.36246e-19
2.56122e-21
-1.99563e-19
1.09719e-23
0.000414214
-2.26908e-19
2.28173e-21
-2.10623e-19
-3.13015e-22
0.00040573
-1.62829e-19
2.26333e-21
-2.0935e-19
-2.51457e-21
0.000397413
-1.63304e-19
1.06288e-22
-2.42753e-19
-2.03129e-21
0.00038926
-1.52305e-19
-1.03146e-21
-2.12278e-19
-1.27242e-21
0.000381269
-1.30853e-19
-2.84362e-21
-2.09536e-19
-9.99357e-22
0.000373437
-1.52592e-19
-3.20163e-21
-1.84474e-19
-1.29211e-21
0.00036576
-2.39638e-19
-3.06602e-21
-7.38462e-20
3.77998e-23
0.000358236
-2.19744e-19
-5.83553e-22
-8.93731e-20
-1.43548e-23
0.000350861
-1.7027e-19
2.2959e-21
-1.09083e-19
3.76286e-22
0.000343634
-6.44769e-20
2.59872e-21
-1.66964e-19
7.64043e-23
0.000336551
-1.18499e-19
2.08911e-21
-1.64223e-19
1.45627e-21
0.000329609
-9.18183e-20
3.10986e-21
-1.02031e-19
2.6662e-21
0.000322806
-1.4419e-19
2.81782e-21
-9.55363e-20
2.32556e-21
0.00031614
-1.07721e-19
3.25703e-21
-9.81946e-20
1.8055e-21
0.000309607
-1.24664e-19
3.46993e-21
-1.51162e-19
8.30836e-22
0.000303205
-1.28631e-19
3.27983e-21
-1.13864e-19
9.21343e-22
0.000296931
-1.30552e-19
2.95029e-21
-1.18812e-19
1.1957e-21
0.000290784
-1.21225e-19
2.54657e-21
-1.37143e-19
1.43267e-21
0.00028476
-1.29323e-19
2.55527e-21
-1.45695e-19
1.44224e-21
0.000278858
-9.1292e-20
3.07106e-21
-1.45046e-19
1.24906e-21
0.000273074
-8.45453e-20
2.32564e-21
-9.71333e-20
1.2553e-21
0.000267408
-1.21789e-19
1.71306e-21
-8.37414e-20
8.11858e-22
0.000261855
-1.24803e-19
1.20339e-21
-9.03342e-20
1.02021e-21
0.000256415
-1.17828e-19
1.12014e-21
-8.55475e-20
1.23036e-21
0.000251084
-5.63133e-20
7.16335e-22
-7.61533e-20
1.68314e-21
0.000245861
-5.22058e-20
-1.65096e-22
-8.20685e-20
2.09911e-21
0.000240744
-7.66834e-20
-8.68603e-22
-9.85372e-20
2.19241e-21
0.000235731
-6.88011e-20
-9.4772e-22
-1.00203e-19
2.11757e-21
0.000230819
-8.15781e-20
-1.3179e-21
-1.00012e-19
1.66718e-21
0.000226006
-1.00731e-19
-1.56733e-21
-9.94605e-20
1.33006e-21
0.000221291
-1.10829e-19
-1.5023e-21
-1.24051e-19
9.02888e-22
0.000216672
-1.32985e-19
-1.34822e-21
-1.05826e-19
9.17178e-22
0.000212147
-1.31305e-19
-1.04595e-21
-6.82e-20
8.50711e-22
0.000207713
-1.12931e-19
-8.09373e-22
-1.03706e-19
5.8135e-22
0.00020337
-9.58028e-20
-7.41218e-22
-1.04804e-19
4.19839e-22
0.000199115
-1.13456e-19
-7.61804e-22
-1.35429e-19
2.72756e-22
0.000194947
-1.12322e-19
-5.63386e-22
-1.21715e-19
3.20827e-22
0.000190863
-1.06427e-19
-4.51379e-22
-1.03539e-19
1.30658e-22
0.000186863
-9.7021e-20
-5.83975e-22
-8.40874e-20
1.48709e-23
0.000182944
-7.91776e-20
-7.37277e-22
-9.22124e-20
-1.84609e-22
0.000179104
-8.19916e-20
-8.93732e-22
-7.36516e-20
-4.13028e-22
0.000175344
-5.65927e-20
-9.91667e-22
-9.58036e-20
-7.16095e-22
0.00017166
-5.46613e-20
-1.09513e-21
-8.24514e-20
-9.11985e-22
0.000168051
-4.29117e-20
-1.24616e-21
-8.73922e-20
-1.1432e-21
0.000164515
-1.74091e-20
-1.31563e-21
-1.08538e-19
-1.32543e-21
0.000161052
-1.75426e-20
-1.43112e-21
-1.03245e-19
-1.33304e-21
0.00015766
-2.87132e-20
-1.49964e-21
-7.5231e-20
-1.23473e-21
0.000154337
-2.538e-20
-1.62682e-21
-8.83453e-20
-1.17548e-21
0.000151082
-2.48141e-20
-1.71341e-21
-1.06178e-19
-1.11345e-21
0.000147894
-7.73608e-21
-1.70796e-21
-1.01879e-19
-1.03588e-21
0.00014477
-8.23452e-21
-1.83071e-21
-1.19512e-19
-9.98697e-22
0.000141711
-2.84744e-20
-1.85673e-21
-1.24923e-19
-9.32276e-22
0.000138714
-5.433e-20
-1.96124e-21
-8.47875e-20
-8.69504e-22
0.000135779
-6.94942e-20
-1.91978e-21
-6.41022e-20
-1.03611e-21
0.000132904
-5.25802e-20
-1.86046e-21
-7.12112e-20
-1.19057e-21
0.000130088
-4.40752e-20
-1.87536e-21
-8.053e-20
-1.24415e-21
0.000127329
-3.35999e-20
-1.82354e-21
-5.71609e-20
-1.20779e-21
0.000124627
-3.20596e-20
-1.81413e-21
-5.36902e-20
-1.05675e-21
0.00012198
-3.03866e-20
-1.73648e-21
-6.10336e-20
-9.16973e-22
0.000119388
-4.49611e-20
-1.63754e-21
-6.6954e-20
-7.19196e-22
0.000116849
-4.76538e-20
-1.51982e-21
-5.08436e-20
-5.44925e-22
0.000114362
-2.95667e-20
-1.44423e-21
-5.4821e-20
-4.53653e-22
0.000111926
-3.069e-20
-1.41338e-21
-4.38077e-20
-3.79676e-22
0.00010954
-2.7487e-20
-1.27566e-21
-5.40816e-20
-3.4137e-22
0.000107203
-2.15169e-20
-1.14369e-21
-6.03863e-20
-2.62931e-22
0.000104914
-1.57364e-20
-1.03869e-21
-6.3781e-20
-2.05875e-22
0.000102673
-4.52833e-21
-9.36048e-22
-5.13972e-20
-1.40583e-22
0.000100477
-9.79733e-21
-8.76553e-22
-4.10686e-20
-1.03421e-22
9.83262e-05
-1.50399e-21
-8.18586e-22
-4.12868e-20
-8.29957e-23
9.62198e-05
3.18159e-21
-8.16573e-22
-4.1943e-20
-7.49674e-23
9.41568e-05
-3.14804e-21
-8.43561e-22
-4.54701e-20
-7.80151e-23
9.21361e-05
1.01792e-20
-8.43163e-22
-4.97205e-20
-8.83527e-23
9.0157e-05
7.22298e-21
-8.77004e-22
-4.75128e-20
-6.60225e-23
8.82187e-05
9.89289e-21
-8.82608e-22
-5.59289e-20
-5.91218e-23
8.63202e-05
1.42473e-20
-8.67466e-22
-4.24728e-20
-2.04558e-23
8.44608e-05
7.83879e-22
-8.4475e-22
-4.55406e-20
5.04275e-24
8.26398e-05
4.58708e-21
-8.0677e-22
-3.90092e-20
-2.41575e-24
8.08562e-05
-1.88567e-22
-7.67191e-22
-3.67617e-20
-1.91711e-23
7.91093e-05
2.18984e-21
-6.88681e-22
-3.61035e-20
-4.2447e-23
7.73984e-05
2.70301e-21
-6.1667e-22
-2.71025e-20
-4.53305e-23
7.57228e-05
-3.69715e-22
-5.59439e-22
-3.12263e-20
-6.29657e-23
7.40816e-05
-1.42598e-20
-5.0124e-22
-3.27188e-20
-1.11595e-22
7.24743e-05
-1.27865e-20
-4.16523e-22
-3.81425e-20
-1.72986e-22
7.09001e-05
-1.37747e-20
-3.60007e-22
-1.78214e-20
-1.77505e-22
6.93584e-05
-1.01416e-20
-3.01946e-22
-1.75345e-20
-2.01963e-22
6.78483e-05
-1.10278e-20
-2.37823e-22
-2.80971e-20
-2.24738e-22
6.63695e-05
-8.46115e-21
-1.73997e-22
-3.00696e-20
-2.35918e-22
6.49211e-05
8.44937e-22
-1.24455e-22
-3.27188e-20
-2.50916e-22
6.35026e-05
1.52281e-20
-9.71757e-23
-2.28918e-20
-2.42278e-22
6.21133e-05
1.08273e-20
-8.85761e-23
-3.13631e-20
-2.478e-22
6.07526e-05
1.4655e-20
-7.27662e-23
-2.87942e-20
-2.28206e-22
5.942e-05
1.68014e-20
-6.69233e-23
-3.27369e-20
-2.00056e-22
5.81148e-05
3.21091e-21
-6.48036e-23
-3.23858e-20
-1.63052e-22
5.68365e-05
7.36546e-21
-4.74615e-23
-3.09126e-20
-1.28259e-22
5.55846e-05
-6.35769e-21
-3.98941e-23
-1.56017e-20
-1.10713e-22
5.43585e-05
-5.8263e-21
-3.69432e-23
-1.68199e-20
-9.34695e-23
5.31576e-05
-8.54755e-21
-2.95742e-23
-1.66046e-20
-6.4883e-23
5.19815e-05
4.46246e-21
-2.94805e-23
-1.86224e-20
-2.85618e-23
5.08296e-05
-3.18567e-21
-3.73814e-23
-1.95247e-20
2.49009e-24
4.97015e-05
-7.19409e-21
-4.11968e-23
-2.03697e-20
3.10566e-23
4.85965e-05
1.19016e-21
-4.0499e-23
-2.50064e-20
5.03987e-23
4.75143e-05
7.29546e-21
-3.32474e-23
-2.04698e-20
6.31087e-23
4.64545e-05
7.93327e-21
-2.66002e-23
-1.48466e-20
6.82149e-23
4.54163e-05
8.88949e-21
-1.89481e-23
-1.96764e-20
6.76374e-23
4.43996e-05
3.73929e-21
-1.07737e-23
-2.63094e-20
6.60759e-23
4.34038e-05
1.34509e-21
1.48702e-24
-1.84996e-20
6.5794e-23
4.24284e-05
3.17281e-21
1.32201e-23
-2.07209e-20
6.10614e-23
4.14731e-05
-1.70112e-22
2.6151e-23
-2.06276e-20
5.33247e-23
4.05374e-05
8.61642e-21
3.85292e-23
-2.96653e-20
4.58012e-23
3.9621e-05
4.04173e-21
4.57082e-23
-2.75157e-20
4.37823e-23
3.87233e-05
4.26507e-21
5.63348e-23
-2.77723e-20
4.0989e-23
3.78441e-05
7.33496e-21
6.54044e-23
-2.45556e-20
3.633e-23
3.69828e-05
-5.09234e-21
7.41813e-23
-2.35501e-20
3.02693e-23
3.61393e-05
1.09042e-21
8.75408e-23
-1.96848e-20
2.29468e-23
3.5313e-05
1.64011e-21
9.9032e-23
-2.49314e-20
1.4228e-23
3.45036e-05
1.3805e-21
1.09077e-22
-2.12705e-20
8.5154e-24
3.37108e-05
-3.64634e-21
1.1708e-22
-2.52281e-20
4.42651e-25
3.29341e-05
2.60927e-22
1.23232e-22
-2.32727e-20
-5.56089e-24
3.21733e-05
-1.18588e-21
1.26585e-22
-2.28024e-20
-1.28331e-23
3.14281e-05
3.21477e-21
1.27626e-22
-2.57272e-20
-1.66992e-23
3.0698e-05
3.07621e-21
1.27831e-22
-2.29873e-20
-1.97782e-23
2.99827e-05
5.99451e-21
1.2487e-22
-2.47794e-20
-2.13386e-23
2.9282e-05
7.50163e-21
1.21476e-22
-2.7581e-20
-1.9297e-23
2.85955e-05
1.35862e-21
1.18347e-22
-2.739e-20
-1.65243e-23
2.7923e-05
2.94683e-21
1.14831e-22
-2.76321e-20
-1.2015e-23
2.7264e-05
3.46687e-21
1.1036e-22
-2.92623e-20
-7.24343e-24
2.66183e-05
-2.25479e-22
1.05532e-22
-2.93506e-20
-2.49115e-24
2.59857e-05
2.28086e-21
1.01997e-22
-2.8067e-20
1.19077e-24
2.53659e-05
4.58902e-21
9.91698e-23
-2.96754e-20
3.82301e-24
2.47584e-05
2.39917e-21
9.53388e-23
-2.89926e-20
7.59635e-24
2.41631e-05
7.66094e-21
9.2768e-23
-3.01788e-20
1.0523e-23
2.35798e-05
7.98814e-21
8.87691e-23
-2.83625e-20
1.37908e-23
2.3008e-05
8.26337e-21
8.50233e-23
-2.70822e-20
1.65598e-23
2.24477e-05
2.79838e-24
8.19642e-23
-2.29019e-20
1.99065e-23
2.18984e-05
5.01165e-22
8.07121e-23
-2.45793e-20
2.16567e-23
2.13601e-05
9.75848e-22
7.93605e-23
-2.19459e-20
2.34571e-23
2.08323e-05
-1.59384e-21
7.71691e-23
-1.76644e-20
2.60517e-23
2.03149e-05
-1.03976e-21
7.60578e-23
-1.76314e-20
2.71906e-23
1.98077e-05
5.42098e-22
7.5015e-23
-1.73429e-20
2.733e-23
1.93103e-05
-2.583e-21
7.48648e-23
-1.40384e-20
2.68736e-23
1.88225e-05
-3.3587e-21
7.48274e-23
-1.51821e-20
2.53289e-23
1.83442e-05
-5.78005e-21
7.45095e-23
-1.58275e-20
2.37123e-23
1.7875e-05
-5.5985e-21
7.42165e-23
-1.77456e-20
2.2543e-23
1.74148e-05
-9.1224e-21
7.33675e-23
-1.24015e-20
2.20056e-23
1.69634e-05
-7.40098e-21
7.32646e-23
-1.42045e-20
2.09678e-23
1.65204e-05
-1.72735e-21
7.2099e-23
-1.65892e-20
2.01407e-23
1.60857e-05
-6.86145e-21
7.02102e-23
-1.5802e-20
1.95875e-23
1.56591e-05
-5.55142e-21
6.87855e-23
-1.60565e-20
1.95164e-23
1.52404e-05
-3.08794e-21
6.67091e-23
-1.59602e-20
1.96996e-23
1.48293e-05
-2.23968e-21
6.48317e-23
-1.6387e-20
1.95241e-23
1.44256e-05
-1.01537e-21
6.31925e-23
-1.26663e-20
1.94201e-23
1.40291e-05
-5.10049e-21
6.16577e-23
-8.65027e-21
1.91994e-23
1.36397e-05
-3.87375e-21
6.05754e-23
-6.87187e-21
1.86166e-23
1.3257e-05
-7.23708e-21
5.9183e-23
-2.92546e-21
1.79675e-23
1.28809e-05
-8.07237e-21
5.81225e-23
-3.26358e-21
1.69462e-23
1.25112e-05
-6.67575e-21
5.74416e-23
-3.19795e-22
1.57159e-23
1.21477e-05
-6.89839e-21
5.65157e-23
6.50253e-22
1.41851e-23
1.17901e-05
-8.8941e-21
5.5623e-23
1.78338e-22
1.29154e-23
1.14382e-05
-9.33676e-21
5.48932e-23
2.30933e-21
1.21055e-23
1.10919e-05
-6.53544e-21
5.418e-23
5.00853e-21
1.11971e-23
1.07508e-05
-5.97668e-21
5.34377e-23
4.10405e-21
1.04388e-23
1.04149e-05
-6.7449e-21
5.23953e-23
4.59277e-21
1.01424e-23
1.00839e-05
-5.3611e-21
5.15366e-23
4.87144e-21
1.01382e-23
9.7575e-06
-6.07966e-21
5.07218e-23
5.79602e-21
1.01245e-23
9.43554e-06
-5.66288e-21
5.00528e-23
6.06425e-21
9.8856e-24
9.11784e-06
-7.96531e-21
4.94921e-23
5.45926e-21
9.43979e-24
8.80414e-06
-7.08678e-21
4.90813e-23
5.81418e-21
9.09199e-24
8.49423e-06
-7.5657e-21
4.87554e-23
4.86584e-21
8.77943e-24
8.18787e-06
-4.7915e-21
4.84825e-23
5.06058e-21
8.45502e-24
7.88489e-06
-5.36945e-21
4.80958e-23
5.08066e-21
8.03368e-24
7.58501e-06
-5.72081e-21
4.78107e-23
5.52458e-21
7.63049e-24
7.28809e-06
-5.53059e-21
4.76105e-23
5.67151e-21
7.17989e-24
6.99392e-06
-4.31898e-21
4.73896e-23
4.40017e-21
6.82388e-24
6.7023e-06
-3.84078e-21
4.71702e-23
4.28482e-21
6.5772e-24
6.41315e-06
-3.37078e-21
4.70176e-23
4.51905e-21
6.36313e-24
6.12631e-06
-3.48502e-21
4.67993e-23
4.35314e-21
6.185e-24
5.84172e-06
-3.49723e-21
4.65802e-23
3.69229e-21
5.98882e-24
5.55936e-06
-2.2448e-21
4.63538e-23
3.17786e-21
5.80621e-24
5.27929e-06
-9.86312e-22
4.60606e-23
2.2046e-21
5.64957e-24
5.00167e-06
-1.88867e-21
4.57006e-23
2.44682e-21
5.53541e-24
4.72671e-06
-1.88723e-21
4.52924e-23
2.51296e-21
5.40328e-24
4.45477e-06
-1.82357e-21
4.47951e-23
2.96763e-21
5.23242e-24
4.18628e-06
-1.72754e-21
4.41686e-23
2.21698e-21
5.03132e-24
3.92179e-06
-1.41928e-21
4.3386e-23
2.13316e-21
4.84635e-24
3.66195e-06
-1.22941e-21
4.24551e-23
1.80384e-21
4.65488e-24
3.40746e-06
-1.19607e-21
4.13378e-23
1.93328e-21
4.49091e-24
3.15901e-06
-1.03104e-21
4.00765e-23
1.50481e-21
4.29132e-24
2.91734e-06
-8.1449e-22
3.87002e-23
1.7353e-21
4.102e-24
2.68309e-06
-7.20584e-22
3.72111e-23
1.28977e-21
3.91092e-24
2.45678e-06
-4.33678e-22
3.56429e-23
9.23307e-22
3.72653e-24
2.23884e-06
-1.43508e-22
3.40229e-23
4.09843e-22
3.54196e-24
2.02954e-06
-5.27333e-22
3.23835e-23
1.87961e-22
3.37952e-24
1.82903e-06
-2.32371e-22
3.07586e-23
4.3093e-22
3.22488e-24
1.63735e-06
-4.6298e-22
2.9162e-23
6.01831e-22
3.06821e-24
1.45438e-06
-7.55398e-22
2.76264e-23
5.00493e-22
2.91382e-24
1.27999e-06
-4.27578e-22
2.61573e-23
4.65858e-22
2.76491e-24
1.11394e-06
-3.39668e-22
2.47489e-23
3.30604e-22
2.61608e-24
9.55994e-07
-4.30624e-22
2.34072e-23
3.6188e-22
2.47418e-24
8.05857e-07
-3.0868e-22
2.21395e-23
2.33163e-22
2.33257e-24
6.6323e-07
-2.10439e-22
2.09398e-23
2.23334e-22
2.19929e-24
5.27827e-07
-1.12342e-22
1.98038e-23
1.26463e-22
2.07609e-24
3.99355e-07
-5.42768e-23
1.87298e-23
8.07024e-23
1.96172e-24
2.77526e-07
-4.62769e-24
1.77148e-23
1.61031e-23
1.85511e-24
1.62067e-07
-1.18305e-23
1.67563e-23
1.21894e-23
1.75529e-24
5.27112e-08
2.2425e-24
-2.48095e-24
0.00101918
-5.02697e-19
-5.54942e-19
0.00100037
-5.15072e-19
-6.46789e-19
0.000981778
-6.81116e-19
-5.28552e-19
0.000963421
-5.20844e-19
-4.78164e-19
0.000945301
-6.22646e-19
-4.48187e-19
0.000927424
-5.74761e-19
-6.79916e-19
0.000909797
-5.34191e-19
-4.5482e-19
0.000892422
-4.36648e-19
-4.73256e-19
0.000875304
-3.76441e-19
-5.43699e-19
0.000858445
-3.58962e-19
-3.47531e-19
0.000841848
-4.80689e-19
-4.07901e-19
0.000825513
-3.514e-19
-3.46213e-19
0.000809443
-3.19811e-19
-3.76454e-19
0.000793636
-3.59577e-19
-3.33628e-19
0.000778093
-3.75224e-19
-3.87265e-19
0.000762812
-3.77642e-19
-3.9496e-19
0.000747794
-3.51847e-19
-3.84177e-19
0.000733036
-3.21786e-19
-3.99068e-19
0.000718536
-3.17603e-19
-2.97227e-19
0.000704293
-3.36789e-19
-2.69203e-19
0.000690303
-2.559e-19
-2.33152e-19
0.000676566
-2.45237e-19
-2.53418e-19
0.000663077
-2.20918e-19
-2.98718e-19
0.000649835
-2.91167e-19
-2.64704e-19
0.000636835
-3.21851e-19
-3.40278e-19
0.000624076
-2.73122e-19
-3.12955e-19
0.000611554
-2.78498e-19
-3.18574e-19
0.000599265
-3.23268e-19
-2.69053e-19
0.000587207
-3.07936e-19
-2.62191e-19
0.000575376
-3.36102e-19
-2.93266e-19
0.000563769
-1.27908e-19
-2.86201e-19
0.000552382
-1.99226e-19
-2.87106e-19
0.000541213
-1.36709e-19
-2.95082e-19
0.000530257
-8.16116e-20
-2.63242e-19
0.000519511
-8.71406e-20
-2.78951e-19
0.000508972
-1.36987e-19
-2.96624e-19
0.000498636
-1.89124e-19
-2.32201e-19
0.0004885
-2.07242e-19
-2.00581e-19
0.000478561
-1.95399e-19
-2.29684e-19
0.000468815
-1.09956e-19
-1.85188e-19
0.000459259
-1.81944e-19
-2.28417e-19
0.00044989
-3.12915e-19
-1.56711e-19
0.000440704
-2.97167e-19
-1.70203e-19
0.000431698
-2.5771e-19
-2.21188e-19
0.000422869
-2.45854e-19
-2.27615e-19
0.000414214
-2.18259e-19
-2.68103e-19
0.00040573
-2.36721e-19
-1.90665e-19
0.000397413
-2.12075e-19
-2.00757e-19
0.00038926
-2.47516e-19
-1.86533e-19
0.000381269
-1.60087e-19
-2.37221e-19
0.000373437
-1.58489e-19
-1.50527e-19
0.00036576
-1.52717e-19
-1.27153e-19
0.000358236
-1.30012e-19
-1.22793e-19
0.000350861
-2.15031e-19
-1.80305e-19
0.000343634
-1.7493e-19
-1.58591e-19
0.000336551
-1.60866e-19
-1.62646e-19
0.000329609
-1.97728e-19
-1.73957e-19
0.000322806
-2.08706e-19
-1.52812e-19
0.00031614
-1.81077e-19
-1.8902e-19
0.000309607
-1.95647e-19
-1.98145e-19
0.000303205
-1.88934e-19
-1.63474e-19
0.000296931
-1.88414e-19
-1.63278e-19
0.000290784
-1.39888e-19
-1.75864e-19
0.00028476
-8.13831e-20
-1.77087e-19
0.000278858
-1.09455e-19
-1.44055e-19
0.000273074
-8.32644e-20
-1.39916e-19
0.000267408
-1.18018e-19
-9.85946e-20
0.000261855
-9.61076e-20
-1.12945e-19
0.000256415
-1.31243e-19
-1.02178e-19
0.000251084
-1.33501e-19
-1.22047e-19
0.000245861
-1.37373e-19
-1.54753e-19
0.000240744
-1.1078e-19
-1.69765e-19
0.000235731
-1.30307e-19
-1.76227e-19
0.000230819
-1.24748e-19
-1.43008e-19
0.000226006
-1.06339e-19
-1.59933e-19
0.000221291
-1.08521e-19
-1.28192e-19
0.000216672
-1.09622e-19
-1.04008e-19
0.000212147
-1.05662e-19
-8.94228e-20
0.000207713
-1.08452e-19
-1.26738e-19
0.00020337
-1.09414e-19
-1.40975e-19
0.000199115
-8.99447e-20
-1.35191e-19
0.000194947
-8.54356e-20
-1.43138e-19
0.000190863
-1.12599e-19
-1.05908e-19
0.000186863
-1.11847e-19
-8.9266e-20
0.000182944
-1.00979e-19
-1.01124e-19
0.000179104
-1.09231e-19
-1.06317e-19
0.000175344
-9.97036e-20
-1.24256e-19
0.00017166
-1.15426e-19
-1.21211e-19
0.000168051
-9.90039e-20
-1.20793e-19
0.000164515
-9.58108e-20
-1.34026e-19
0.000161052
-9.79689e-20
-1.41368e-19
0.00015766
-1.22508e-19
-1.17424e-19
0.000154337
-1.01769e-19
-1.18897e-19
0.000151082
-7.06513e-20
-1.41313e-19
0.000147894
-8.06373e-20
-1.33891e-19
0.00014477
-5.8443e-20
-1.35807e-19
0.000141711
-1.01638e-19
-1.48829e-19
0.000138714
-9.60648e-20
-1.67411e-19
0.000135779
-1.04995e-19
-1.41086e-19
0.000132904
-1.04244e-19
-1.28509e-19
0.000130088
-7.7471e-20
-1.28881e-19
0.000127329
-7.92092e-20
-9.27966e-20
0.000124627
-5.17168e-20
-1.0764e-19
0.00012198
-4.24045e-20
-8.98635e-20
0.000119388
-4.87159e-20
-9.30695e-20
0.000116849
-5.5487e-20
-1.01915e-19
0.000114362
-5.34984e-20
-1.0501e-19
0.000111926
-2.7455e-20
-1.07571e-19
0.00010954
-3.36725e-20
-9.85298e-20
0.000107203
-4.01647e-20
-1.02771e-19
0.000104914
-3.3946e-20
-1.10565e-19
0.000102673
-3.47816e-20
-1.14545e-19
0.000100477
-3.52855e-20
-1.08748e-19
9.83262e-05
-5.37104e-20
-1.07617e-19
9.62198e-05
-6.5325e-20
-8.72893e-20
9.41568e-05
-6.40097e-20
-8.08769e-20
9.21361e-05
-7.77022e-20
-6.91873e-20
9.0157e-05
-7.45919e-20
-7.60249e-20
8.82187e-05
-6.9153e-20
-7.69968e-20
8.63202e-05
-6.25275e-20
-7.32566e-20
8.44608e-05
-6.31066e-20
-8.44412e-20
8.26398e-05
-5.96788e-20
-7.71583e-20
8.08562e-05
-4.38251e-20
-7.82614e-20
7.91093e-05
-4.47351e-20
-6.42261e-20
7.73984e-05
-4.85308e-20
-5.13605e-20
7.57228e-05
-4.13786e-20
-5.59995e-20
7.40816e-05
-2.65195e-20
-6.69204e-20
7.24743e-05
-4.62712e-20
-4.18447e-20
7.09001e-05
-4.78124e-20
-4.69279e-20
6.93584e-05
-3.58883e-20
-4.44462e-20
6.78483e-05
-2.45641e-20
-4.64935e-20
6.63695e-05
-1.71779e-20
-5.71925e-20
6.49211e-05
-1.37184e-20
-3.75978e-20
6.35026e-05
-8.26565e-21
-4.46961e-20
6.21133e-05
-3.0253e-22
-3.73365e-20
6.07526e-05
-3.98944e-21
-3.99058e-20
5.942e-05
-1.96333e-21
-4.5035e-20
5.81148e-05
7.93074e-21
-4.42462e-20
5.68365e-05
9.52974e-21
-5.24366e-20
5.55846e-05
-6.41546e-21
-4.00214e-20
5.43585e-05
-4.17404e-21
-3.46449e-20
5.31576e-05
-1.99619e-20
-1.95264e-20
5.19815e-05
-2.02509e-20
-2.23848e-20
5.08296e-05
-2.40362e-20
-2.25943e-20
4.97015e-05
-2.49281e-20
-2.72763e-20
4.85965e-05
-1.14145e-20
-3.24023e-20
4.75143e-05
-1.10119e-20
-3.49673e-20
4.64545e-05
-1.24762e-20
-3.31173e-20
4.54163e-05
-1.52952e-20
-3.29692e-20
4.43996e-05
-1.54085e-20
-3.3858e-20
4.34038e-05
-1.86838e-20
-3.20044e-20
4.24284e-05
-1.74859e-20
-3.44521e-20
4.14731e-05
-2.52275e-20
-2.89857e-20
4.05374e-05
-3.01889e-20
-2.52437e-20
3.9621e-05
-2.76148e-20
-2.68569e-20
3.87233e-05
-2.71931e-20
-3.12536e-20
3.78441e-05
-2.1783e-20
-2.99362e-20
3.69828e-05
-1.90828e-20
-3.54204e-20
3.61393e-05
-1.09925e-20
-3.84116e-20
3.5313e-05
-7.26121e-21
-3.78367e-20
3.45036e-05
-7.42175e-21
-4.25213e-20
3.37108e-05
-1.31738e-20
-3.99114e-20
3.29341e-05
-1.17987e-20
-4.21283e-20
3.21733e-05
-1.43475e-20
-3.47563e-20
3.14281e-05
-9.51544e-21
-3.71375e-20
3.0698e-05
-1.83474e-20
-3.35555e-20
2.99827e-05
-1.5459e-20
-2.67313e-20
2.9282e-05
-1.36723e-20
-2.64546e-20
2.85955e-05
-2.18217e-20
-2.21871e-20
2.7923e-05
-2.13805e-20
-2.27288e-20
2.7264e-05
-1.93197e-20
-2.30404e-20
2.66183e-05
-1.70516e-20
-2.58119e-20
2.59857e-05
-1.2773e-20
-2.65138e-20
2.53659e-05
-1.75343e-20
-2.11948e-20
2.47584e-05
-1.71509e-20
-2.08272e-20
2.41631e-05
-2.15382e-20
-1.26454e-20
2.35798e-05
-2.17914e-20
-6.60092e-21
2.3008e-05
-1.94902e-20
1.88515e-21
2.24477e-05
-2.01589e-20
1.64589e-21
2.18984e-05
-2.04657e-20
-1.16495e-21
2.13601e-05
-2.38736e-20
4.28357e-21
2.08323e-05
-2.02423e-20
2.82232e-21
2.03149e-05
-1.9199e-20
-1.98323e-21
1.98077e-05
-9.67132e-21
-5.59264e-21
1.93103e-05
-7.67978e-21
-6.71899e-21
1.88225e-05
-6.05968e-21
-7.6235e-21
1.83442e-05
-6.018e-21
-8.43813e-21
1.7875e-05
-9.00836e-21
-5.6624e-21
1.74148e-05
-6.52281e-21
-9.90351e-22
1.69634e-05
-1.251e-20
-1.05466e-21
1.65204e-05
-1.10914e-20
-3.05545e-21
1.60857e-05
-1.07908e-20
2.0171e-21
1.56591e-05
-1.47792e-20
4.02866e-21
1.52404e-05
-1.05059e-20
9.08463e-25
1.48293e-05
-7.48802e-21
-9.58802e-22
1.44256e-05
-6.5134e-21
-7.05339e-22
1.40291e-05
-7.3217e-21
-2.20749e-21
1.36397e-05
-9.44684e-21
-2.55763e-21
1.3257e-05
-9.66366e-21
-2.47298e-21
1.28809e-05
-6.94009e-21
-2.37501e-21
1.25112e-05
-8.52406e-21
-2.86102e-21
1.21477e-05
-8.71883e-21
-3.59825e-21
1.17901e-05
-8.84292e-21
-2.6951e-21
1.14382e-05
-8.94876e-21
-2.61884e-21
1.10919e-05
-6.69218e-21
1.39994e-21
1.07508e-05
-1.03398e-20
5.49231e-21
1.04149e-05
-8.6925e-21
8.80145e-21
1.00839e-05
-7.97059e-21
7.8936e-21
9.7575e-06
-7.70111e-21
7.48775e-21
9.43554e-06
-6.81907e-21
7.33289e-21
9.11784e-06
-7.86383e-21
7.84339e-21
8.80414e-06
-6.33917e-21
7.28489e-21
8.49423e-06
-6.52511e-21
6.34607e-21
8.18787e-06
-6.69803e-21
4.51629e-21
7.88489e-06
-6.38552e-21
4.33078e-21
7.58501e-06
-6.30558e-21
3.37116e-21
7.28809e-06
-7.52361e-21
4.35214e-21
6.99392e-06
-7.17838e-21
4.06353e-21
6.7023e-06
-5.74183e-21
3.44606e-21
6.41315e-06
-6.4409e-21
4.14729e-21
6.12631e-06
-5.78757e-21
3.95146e-21
5.84172e-06
-5.17214e-21
3.79554e-21
5.55936e-06
-4.33066e-21
3.76119e-21
5.27929e-06
-3.14406e-21
3.86222e-21
5.00167e-06
-3.06218e-21
3.77115e-21
4.72671e-06
-2.31113e-21
2.92064e-21
4.45477e-06
-2.06815e-21
2.73246e-21
4.18628e-06
-2.29114e-21
2.92348e-21
3.92179e-06
-1.77557e-21
2.36346e-21
3.66195e-06
-2.53165e-21
2.80083e-21
3.40746e-06
-2.1155e-21
2.3441e-21
3.15901e-06
-1.38716e-21
2.42577e-21
2.91734e-06
-1.66851e-21
2.09406e-21
2.68309e-06
-1.91382e-21
1.78917e-21
2.45678e-06
-2.09211e-21
1.26967e-21
2.23884e-06
-1.87721e-21
1.207e-21
2.02954e-06
-1.79912e-21
9.54808e-22
1.82903e-06
-1.56981e-21
9.10346e-22
1.63735e-06
-1.22298e-21
9.10423e-22
1.45438e-06
-1.21632e-21
9.20371e-22
1.27999e-06
-1.09645e-21
7.81197e-22
1.11394e-06
-9.99907e-22
6.42771e-22
9.55994e-07
-6.15818e-22
2.22415e-22
8.05857e-07
-2.43673e-22
1.23665e-22
6.6323e-07
-1.4531e-22
1.51587e-22
5.27827e-07
-6.80526e-23
3.7714e-23
3.99355e-07
-7.55629e-23
4.41139e-23
2.77526e-07
-7.08309e-23
4.51568e-23
1.62067e-07
-2.82623e-23
2.63638e-23
5.27112e-08
)
;

boundaryField
{
    walls
    {
        type            calculated;
        value           uniform 0;
    }
    inlet
    {
        type            cyclic;
        value           nonuniform List<scalar> 
1000
(
-5.2711e-08
-1.62067e-07
-2.77526e-07
-3.99354e-07
-5.27828e-07
-6.6323e-07
-8.05855e-07
-9.55995e-07
-1.11395e-06
-1.27999e-06
-1.45438e-06
-1.63734e-06
-1.82903e-06
-2.02954e-06
-2.23884e-06
-2.45678e-06
-2.68309e-06
-2.91735e-06
-3.15902e-06
-3.40745e-06
-3.66195e-06
-3.92179e-06
-4.18628e-06
-4.45477e-06
-4.72671e-06
-5.00167e-06
-5.27929e-06
-5.55935e-06
-5.84171e-06
-6.1263e-06
-6.41315e-06
-6.70232e-06
-6.99391e-06
-7.28809e-06
-7.58501e-06
-7.88488e-06
-8.18788e-06
-8.49423e-06
-8.80414e-06
-9.11785e-06
-9.43555e-06
-9.75749e-06
-1.00839e-05
-1.04149e-05
-1.07508e-05
-1.10919e-05
-1.14382e-05
-1.17901e-05
-1.21477e-05
-1.25112e-05
-1.28809e-05
-1.3257e-05
-1.36397e-05
-1.40291e-05
-1.44256e-05
-1.48293e-05
-1.52404e-05
-1.56591e-05
-1.60857e-05
-1.65204e-05
-1.69634e-05
-1.74148e-05
-1.7875e-05
-1.83442e-05
-1.88225e-05
-1.93103e-05
-1.98077e-05
-2.03149e-05
-2.08323e-05
-2.13601e-05
-2.18985e-05
-2.24477e-05
-2.3008e-05
-2.35798e-05
-2.41631e-05
-2.47584e-05
-2.53658e-05
-2.59857e-05
-2.66184e-05
-2.7264e-05
-2.7923e-05
-2.85955e-05
-2.9282e-05
-2.99827e-05
-3.0698e-05
-3.14281e-05
-3.21733e-05
-3.29341e-05
-3.37108e-05
-3.45036e-05
-3.5313e-05
-3.61393e-05
-3.69828e-05
-3.78441e-05
-3.87233e-05
-3.9621e-05
-4.05374e-05
-4.14731e-05
-4.24284e-05
-4.34038e-05
-4.43996e-05
-4.54163e-05
-4.64544e-05
-4.75143e-05
-4.85965e-05
-4.97015e-05
-5.08296e-05
-5.19815e-05
-5.31576e-05
-5.43585e-05
-5.55846e-05
-5.68365e-05
-5.81148e-05
-5.942e-05
-6.07526e-05
-6.21133e-05
-6.35026e-05
-6.49211e-05
-6.63695e-05
-6.78484e-05
-6.93584e-05
-7.09001e-05
-7.24743e-05
-7.40816e-05
-7.57228e-05
-7.73984e-05
-7.91093e-05
-8.08562e-05
-8.26398e-05
-8.44608e-05
-8.63202e-05
-8.82187e-05
-9.0157e-05
-9.21361e-05
-9.41567e-05
-9.62198e-05
-9.83262e-05
-0.000100477
-0.000102673
-0.000104914
-0.000107203
-0.00010954
-0.000111926
-0.000114362
-0.000116849
-0.000119388
-0.00012198
-0.000124627
-0.000127329
-0.000130088
-0.000132904
-0.000135779
-0.000138714
-0.000141711
-0.00014477
-0.000147894
-0.000151082
-0.000154337
-0.00015766
-0.000161052
-0.000164515
-0.000168051
-0.00017166
-0.000175344
-0.000179105
-0.000182944
-0.000186863
-0.000190863
-0.000194947
-0.000199115
-0.00020337
-0.000207713
-0.000212147
-0.000216672
-0.000221291
-0.000226006
-0.000230819
-0.000235731
-0.000240744
-0.000245861
-0.000251084
-0.000256415
-0.000261855
-0.000267408
-0.000273074
-0.000278858
-0.00028476
-0.000290784
-0.000296931
-0.000303205
-0.000309607
-0.00031614
-0.000322806
-0.000329609
-0.000336551
-0.000343634
-0.000350861
-0.000358236
-0.00036576
-0.000373437
-0.000381269
-0.00038926
-0.000397413
-0.00040573
-0.000414214
-0.000422869
-0.000431698
-0.000440704
-0.00044989
-0.000459259
-0.000468815
-0.000478561
-0.0004885
-0.000498636
-0.000508972
-0.000519511
-0.000530257
-0.000541213
-0.000552382
-0.000563769
-0.000575376
-0.000587207
-0.000599265
-0.000611554
-0.000624076
-0.000636835
-0.000649835
-0.000663077
-0.000676566
-0.000690303
-0.000704293
-0.000718536
-0.000733036
-0.000747794
-0.000762812
-0.000778093
-0.000793636
-0.000809443
-0.000825513
-0.000841848
-0.000858445
-0.000875304
-0.000892422
-0.000909797
-0.000927424
-0.000945301
-0.000963421
-0.000981778
-0.00100037
-0.00101918
-5.2711e-08
-1.62067e-07
-2.77526e-07
-3.99354e-07
-5.27828e-07
-6.6323e-07
-8.05855e-07
-9.55995e-07
-1.11395e-06
-1.27999e-06
-1.45438e-06
-1.63734e-06
-1.82903e-06
-2.02954e-06
-2.23884e-06
-2.45678e-06
-2.68309e-06
-2.91735e-06
-3.15902e-06
-3.40745e-06
-3.66195e-06
-3.92179e-06
-4.18628e-06
-4.45477e-06
-4.72671e-06
-5.00167e-06
-5.27929e-06
-5.55935e-06
-5.84171e-06
-6.1263e-06
-6.41315e-06
-6.70232e-06
-6.99391e-06
-7.28809e-06
-7.58501e-06
-7.88488e-06
-8.18788e-06
-8.49423e-06
-8.80414e-06
-9.11785e-06
-9.43555e-06
-9.75749e-06
-1.00839e-05
-1.04149e-05
-1.07508e-05
-1.10919e-05
-1.14382e-05
-1.17901e-05
-1.21477e-05
-1.25112e-05
-1.28809e-05
-1.3257e-05
-1.36397e-05
-1.40291e-05
-1.44256e-05
-1.48293e-05
-1.52404e-05
-1.56591e-05
-1.60857e-05
-1.65204e-05
-1.69634e-05
-1.74148e-05
-1.7875e-05
-1.83442e-05
-1.88225e-05
-1.93103e-05
-1.98077e-05
-2.03149e-05
-2.08323e-05
-2.13601e-05
-2.18985e-05
-2.24477e-05
-2.3008e-05
-2.35798e-05
-2.41631e-05
-2.47584e-05
-2.53658e-05
-2.59857e-05
-2.66184e-05
-2.7264e-05
-2.7923e-05
-2.85955e-05
-2.9282e-05
-2.99827e-05
-3.0698e-05
-3.14281e-05
-3.21733e-05
-3.29341e-05
-3.37108e-05
-3.45036e-05
-3.5313e-05
-3.61393e-05
-3.69828e-05
-3.78441e-05
-3.87233e-05
-3.9621e-05
-4.05374e-05
-4.14731e-05
-4.24284e-05
-4.34038e-05
-4.43996e-05
-4.54163e-05
-4.64544e-05
-4.75143e-05
-4.85965e-05
-4.97015e-05
-5.08296e-05
-5.19815e-05
-5.31576e-05
-5.43585e-05
-5.55846e-05
-5.68365e-05
-5.81148e-05
-5.942e-05
-6.07526e-05
-6.21133e-05
-6.35026e-05
-6.49211e-05
-6.63695e-05
-6.78484e-05
-6.93584e-05
-7.09001e-05
-7.24743e-05
-7.40816e-05
-7.57228e-05
-7.73984e-05
-7.91093e-05
-8.08562e-05
-8.26398e-05
-8.44608e-05
-8.63202e-05
-8.82187e-05
-9.0157e-05
-9.21361e-05
-9.41567e-05
-9.62198e-05
-9.83262e-05
-0.000100477
-0.000102673
-0.000104914
-0.000107203
-0.00010954
-0.000111926
-0.000114362
-0.000116849
-0.000119388
-0.00012198
-0.000124627
-0.000127329
-0.000130088
-0.000132904
-0.000135779
-0.000138714
-0.000141711
-0.00014477
-0.000147894
-0.000151082
-0.000154337
-0.00015766
-0.000161052
-0.000164515
-0.000168051
-0.00017166
-0.000175344
-0.000179105
-0.000182944
-0.000186863
-0.000190863
-0.000194947
-0.000199115
-0.00020337
-0.000207713
-0.000212147
-0.000216672
-0.000221291
-0.000226006
-0.000230819
-0.000235731
-0.000240744
-0.000245861
-0.000251084
-0.000256415
-0.000261855
-0.000267408
-0.000273074
-0.000278858
-0.00028476
-0.000290784
-0.000296931
-0.000303205
-0.000309607
-0.00031614
-0.000322806
-0.000329609
-0.000336551
-0.000343634
-0.000350861
-0.000358236
-0.00036576
-0.000373437
-0.000381269
-0.00038926
-0.000397413
-0.00040573
-0.000414214
-0.000422869
-0.000431698
-0.000440704
-0.00044989
-0.000459259
-0.000468815
-0.000478561
-0.0004885
-0.000498636
-0.000508972
-0.000519511
-0.000530257
-0.000541213
-0.000552382
-0.000563769
-0.000575376
-0.000587207
-0.000599265
-0.000611554
-0.000624076
-0.000636835
-0.000649835
-0.000663077
-0.000676566
-0.000690303
-0.000704293
-0.000718536
-0.000733036
-0.000747794
-0.000762812
-0.000778093
-0.000793636
-0.000809443
-0.000825513
-0.000841848
-0.000858445
-0.000875304
-0.000892422
-0.000909797
-0.000927424
-0.000945301
-0.000963421
-0.000981778
-0.00100037
-0.00101918
-0.00101918
-0.00100037
-0.000981778
-0.000963421
-0.000945301
-0.000927424
-0.000909797
-0.000892422
-0.000875304
-0.000858445
-0.000841848
-0.000825513
-0.000809443
-0.000793636
-0.000778093
-0.000762812
-0.000747794
-0.000733036
-0.000718536
-0.000704293
-0.000690303
-0.000676566
-0.000663077
-0.000649835
-0.000636835
-0.000624076
-0.000611554
-0.000599265
-0.000587207
-0.000575376
-0.000563769
-0.000552382
-0.000541213
-0.000530257
-0.000519511
-0.000508972
-0.000498636
-0.0004885
-0.000478561
-0.000468815
-0.000459259
-0.00044989
-0.000440704
-0.000431698
-0.000422869
-0.000414214
-0.00040573
-0.000397413
-0.00038926
-0.000381269
-0.000373437
-0.00036576
-0.000358236
-0.000350861
-0.000343634
-0.000336551
-0.000329609
-0.000322806
-0.00031614
-0.000309607
-0.000303205
-0.000296931
-0.000290784
-0.00028476
-0.000278858
-0.000273074
-0.000267408
-0.000261855
-0.000256415
-0.000251084
-0.000245861
-0.000240744
-0.000235731
-0.000230819
-0.000226006
-0.000221291
-0.000216672
-0.000212147
-0.000207713
-0.00020337
-0.000199115
-0.000194947
-0.000190863
-0.000186863
-0.000182944
-0.000179104
-0.000175344
-0.00017166
-0.000168051
-0.000164515
-0.000161052
-0.00015766
-0.000154337
-0.000151082
-0.000147894
-0.00014477
-0.000141711
-0.000138714
-0.000135779
-0.000132904
-0.000130088
-0.000127329
-0.000124627
-0.00012198
-0.000119388
-0.000116849
-0.000114362
-0.000111926
-0.00010954
-0.000107203
-0.000104914
-0.000102673
-0.000100477
-9.83262e-05
-9.62198e-05
-9.41568e-05
-9.21361e-05
-9.0157e-05
-8.82187e-05
-8.63202e-05
-8.44608e-05
-8.26398e-05
-8.08562e-05
-7.91093e-05
-7.73984e-05
-7.57228e-05
-7.40816e-05
-7.24743e-05
-7.09001e-05
-6.93584e-05
-6.78483e-05
-6.63695e-05
-6.49211e-05
-6.35026e-05
-6.21133e-05
-6.07526e-05
-5.942e-05
-5.81148e-05
-5.68365e-05
-5.55846e-05
-5.43585e-05
-5.31576e-05
-5.19815e-05
-5.08296e-05
-4.97015e-05
-4.85965e-05
-4.75143e-05
-4.64545e-05
-4.54163e-05
-4.43996e-05
-4.34038e-05
-4.24284e-05
-4.14731e-05
-4.05374e-05
-3.9621e-05
-3.87233e-05
-3.78441e-05
-3.69828e-05
-3.61393e-05
-3.5313e-05
-3.45036e-05
-3.37108e-05
-3.29341e-05
-3.21733e-05
-3.14281e-05
-3.0698e-05
-2.99827e-05
-2.9282e-05
-2.85955e-05
-2.7923e-05
-2.7264e-05
-2.66183e-05
-2.59857e-05
-2.53659e-05
-2.47584e-05
-2.41631e-05
-2.35798e-05
-2.3008e-05
-2.24477e-05
-2.18984e-05
-2.13601e-05
-2.08323e-05
-2.03149e-05
-1.98077e-05
-1.93103e-05
-1.88225e-05
-1.83442e-05
-1.7875e-05
-1.74148e-05
-1.69634e-05
-1.65204e-05
-1.60857e-05
-1.56591e-05
-1.52404e-05
-1.48293e-05
-1.44256e-05
-1.40291e-05
-1.36397e-05
-1.3257e-05
-1.28809e-05
-1.25112e-05
-1.21477e-05
-1.17901e-05
-1.14382e-05
-1.10919e-05
-1.07508e-05
-1.04149e-05
-1.00839e-05
-9.7575e-06
-9.43554e-06
-9.11784e-06
-8.80414e-06
-8.49423e-06
-8.18787e-06
-7.88489e-06
-7.58501e-06
-7.28809e-06
-6.99392e-06
-6.7023e-06
-6.41315e-06
-6.12631e-06
-5.84172e-06
-5.55936e-06
-5.27929e-06
-5.00167e-06
-4.72671e-06
-4.45477e-06
-4.18628e-06
-3.92179e-06
-3.66195e-06
-3.40746e-06
-3.15901e-06
-2.91734e-06
-2.68309e-06
-2.45678e-06
-2.23884e-06
-2.02954e-06
-1.82903e-06
-1.63735e-06
-1.45438e-06
-1.27999e-06
-1.11394e-06
-9.55994e-07
-8.05857e-07
-6.6323e-07
-5.27827e-07
-3.99355e-07
-2.77526e-07
-1.62067e-07
-5.27112e-08
-0.00101918
-0.00100037
-0.000981778
-0.000963421
-0.000945301
-0.000927424
-0.000909797
-0.000892422
-0.000875304
-0.000858445
-0.000841848
-0.000825513
-0.000809443
-0.000793636
-0.000778093
-0.000762812
-0.000747794
-0.000733036
-0.000718536
-0.000704293
-0.000690303
-0.000676566
-0.000663077
-0.000649835
-0.000636835
-0.000624076
-0.000611554
-0.000599265
-0.000587207
-0.000575376
-0.000563769
-0.000552382
-0.000541213
-0.000530257
-0.000519511
-0.000508972
-0.000498636
-0.0004885
-0.000478561
-0.000468815
-0.000459259
-0.00044989
-0.000440704
-0.000431698
-0.000422869
-0.000414214
-0.00040573
-0.000397413
-0.00038926
-0.000381269
-0.000373437
-0.00036576
-0.000358236
-0.000350861
-0.000343634
-0.000336551
-0.000329609
-0.000322806
-0.00031614
-0.000309607
-0.000303205
-0.000296931
-0.000290784
-0.00028476
-0.000278858
-0.000273074
-0.000267408
-0.000261855
-0.000256415
-0.000251084
-0.000245861
-0.000240744
-0.000235731
-0.000230819
-0.000226006
-0.000221291
-0.000216672
-0.000212147
-0.000207713
-0.00020337
-0.000199115
-0.000194947
-0.000190863
-0.000186863
-0.000182944
-0.000179104
-0.000175344
-0.00017166
-0.000168051
-0.000164515
-0.000161052
-0.00015766
-0.000154337
-0.000151082
-0.000147894
-0.00014477
-0.000141711
-0.000138714
-0.000135779
-0.000132904
-0.000130088
-0.000127329
-0.000124627
-0.00012198
-0.000119388
-0.000116849
-0.000114362
-0.000111926
-0.00010954
-0.000107203
-0.000104914
-0.000102673
-0.000100477
-9.83262e-05
-9.62198e-05
-9.41568e-05
-9.21361e-05
-9.0157e-05
-8.82187e-05
-8.63202e-05
-8.44608e-05
-8.26398e-05
-8.08562e-05
-7.91093e-05
-7.73984e-05
-7.57228e-05
-7.40816e-05
-7.24743e-05
-7.09001e-05
-6.93584e-05
-6.78483e-05
-6.63695e-05
-6.49211e-05
-6.35026e-05
-6.21133e-05
-6.07526e-05
-5.942e-05
-5.81148e-05
-5.68365e-05
-5.55846e-05
-5.43585e-05
-5.31576e-05
-5.19815e-05
-5.08296e-05
-4.97015e-05
-4.85965e-05
-4.75143e-05
-4.64545e-05
-4.54163e-05
-4.43996e-05
-4.34038e-05
-4.24284e-05
-4.14731e-05
-4.05374e-05
-3.9621e-05
-3.87233e-05
-3.78441e-05
-3.69828e-05
-3.61393e-05
-3.5313e-05
-3.45036e-05
-3.37108e-05
-3.29341e-05
-3.21733e-05
-3.14281e-05
-3.0698e-05
-2.99827e-05
-2.9282e-05
-2.85955e-05
-2.7923e-05
-2.7264e-05
-2.66183e-05
-2.59857e-05
-2.53659e-05
-2.47584e-05
-2.41631e-05
-2.35798e-05
-2.3008e-05
-2.24477e-05
-2.18984e-05
-2.13601e-05
-2.08323e-05
-2.03149e-05
-1.98077e-05
-1.93103e-05
-1.88225e-05
-1.83442e-05
-1.7875e-05
-1.74148e-05
-1.69634e-05
-1.65204e-05
-1.60857e-05
-1.56591e-05
-1.52404e-05
-1.48293e-05
-1.44256e-05
-1.40291e-05
-1.36397e-05
-1.3257e-05
-1.28809e-05
-1.25112e-05
-1.21477e-05
-1.17901e-05
-1.14382e-05
-1.10919e-05
-1.07508e-05
-1.04149e-05
-1.00839e-05
-9.7575e-06
-9.43554e-06
-9.11784e-06
-8.80414e-06
-8.49423e-06
-8.18787e-06
-7.88489e-06
-7.58501e-06
-7.28809e-06
-6.99392e-06
-6.7023e-06
-6.41315e-06
-6.12631e-06
-5.84172e-06
-5.55936e-06
-5.27929e-06
-5.00167e-06
-4.72671e-06
-4.45477e-06
-4.18628e-06
-3.92179e-06
-3.66195e-06
-3.40746e-06
-3.15901e-06
-2.91734e-06
-2.68309e-06
-2.45678e-06
-2.23884e-06
-2.02954e-06
-1.82903e-06
-1.63735e-06
-1.45438e-06
-1.27999e-06
-1.11394e-06
-9.55994e-07
-8.05857e-07
-6.6323e-07
-5.27827e-07
-3.99355e-07
-2.77526e-07
-1.62067e-07
-5.27112e-08
)
;
    }
    outlet
    {
        type            cyclic;
        value           nonuniform List<scalar> 
1000
(
5.2711e-08
1.62067e-07
2.77526e-07
3.99354e-07
5.27828e-07
6.6323e-07
8.05855e-07
9.55995e-07
1.11395e-06
1.27999e-06
1.45438e-06
1.63734e-06
1.82903e-06
2.02954e-06
2.23884e-06
2.45678e-06
2.68309e-06
2.91735e-06
3.15902e-06
3.40745e-06
3.66195e-06
3.92179e-06
4.18628e-06
4.45477e-06
4.72671e-06
5.00167e-06
5.27929e-06
5.55935e-06
5.84171e-06
6.1263e-06
6.41315e-06
6.70232e-06
6.99391e-06
7.28809e-06
7.58501e-06
7.88488e-06
8.18788e-06
8.49423e-06
8.80414e-06
9.11785e-06
9.43555e-06
9.75749e-06
1.00839e-05
1.04149e-05
1.07508e-05
1.10919e-05
1.14382e-05
1.17901e-05
1.21477e-05
1.25112e-05
1.28809e-05
1.3257e-05
1.36397e-05
1.40291e-05
1.44256e-05
1.48293e-05
1.52404e-05
1.56591e-05
1.60857e-05
1.65204e-05
1.69634e-05
1.74148e-05
1.7875e-05
1.83442e-05
1.88225e-05
1.93103e-05
1.98077e-05
2.03149e-05
2.08323e-05
2.13601e-05
2.18985e-05
2.24477e-05
2.3008e-05
2.35798e-05
2.41631e-05
2.47584e-05
2.53658e-05
2.59857e-05
2.66184e-05
2.7264e-05
2.7923e-05
2.85955e-05
2.9282e-05
2.99827e-05
3.0698e-05
3.14281e-05
3.21733e-05
3.29341e-05
3.37108e-05
3.45036e-05
3.5313e-05
3.61393e-05
3.69828e-05
3.78441e-05
3.87233e-05
3.9621e-05
4.05374e-05
4.14731e-05
4.24284e-05
4.34038e-05
4.43996e-05
4.54163e-05
4.64544e-05
4.75143e-05
4.85965e-05
4.97015e-05
5.08296e-05
5.19815e-05
5.31576e-05
5.43585e-05
5.55846e-05
5.68365e-05
5.81148e-05
5.942e-05
6.07526e-05
6.21133e-05
6.35026e-05
6.49211e-05
6.63695e-05
6.78484e-05
6.93584e-05
7.09001e-05
7.24743e-05
7.40816e-05
7.57228e-05
7.73984e-05
7.91093e-05
8.08562e-05
8.26398e-05
8.44608e-05
8.63202e-05
8.82187e-05
9.0157e-05
9.21361e-05
9.41567e-05
9.62198e-05
9.83262e-05
0.000100477
0.000102673
0.000104914
0.000107203
0.00010954
0.000111926
0.000114362
0.000116849
0.000119388
0.00012198
0.000124627
0.000127329
0.000130088
0.000132904
0.000135779
0.000138714
0.000141711
0.00014477
0.000147894
0.000151082
0.000154337
0.00015766
0.000161052
0.000164515
0.000168051
0.00017166
0.000175344
0.000179105
0.000182944
0.000186863
0.000190863
0.000194947
0.000199115
0.00020337
0.000207713
0.000212147
0.000216672
0.000221291
0.000226006
0.000230819
0.000235731
0.000240744
0.000245861
0.000251084
0.000256415
0.000261855
0.000267408
0.000273074
0.000278858
0.00028476
0.000290784
0.000296931
0.000303205
0.000309607
0.00031614
0.000322806
0.000329609
0.000336551
0.000343634
0.000350861
0.000358236
0.00036576
0.000373437
0.000381269
0.00038926
0.000397413
0.00040573
0.000414214
0.000422869
0.000431698
0.000440704
0.00044989
0.000459259
0.000468815
0.000478561
0.0004885
0.000498636
0.000508972
0.000519511
0.000530257
0.000541213
0.000552382
0.000563769
0.000575376
0.000587207
0.000599265
0.000611554
0.000624076
0.000636835
0.000649835
0.000663077
0.000676566
0.000690303
0.000704293
0.000718536
0.000733036
0.000747794
0.000762812
0.000778093
0.000793636
0.000809443
0.000825513
0.000841848
0.000858445
0.000875304
0.000892422
0.000909797
0.000927424
0.000945301
0.000963421
0.000981778
0.00100037
0.00101918
5.2711e-08
1.62067e-07
2.77526e-07
3.99354e-07
5.27828e-07
6.6323e-07
8.05855e-07
9.55995e-07
1.11395e-06
1.27999e-06
1.45438e-06
1.63734e-06
1.82903e-06
2.02954e-06
2.23884e-06
2.45678e-06
2.68309e-06
2.91735e-06
3.15902e-06
3.40745e-06
3.66195e-06
3.92179e-06
4.18628e-06
4.45477e-06
4.72671e-06
5.00167e-06
5.27929e-06
5.55935e-06
5.84171e-06
6.1263e-06
6.41315e-06
6.70232e-06
6.99391e-06
7.28809e-06
7.58501e-06
7.88488e-06
8.18788e-06
8.49423e-06
8.80414e-06
9.11785e-06
9.43555e-06
9.75749e-06
1.00839e-05
1.04149e-05
1.07508e-05
1.10919e-05
1.14382e-05
1.17901e-05
1.21477e-05
1.25112e-05
1.28809e-05
1.3257e-05
1.36397e-05
1.40291e-05
1.44256e-05
1.48293e-05
1.52404e-05
1.56591e-05
1.60857e-05
1.65204e-05
1.69634e-05
1.74148e-05
1.7875e-05
1.83442e-05
1.88225e-05
1.93103e-05
1.98077e-05
2.03149e-05
2.08323e-05
2.13601e-05
2.18985e-05
2.24477e-05
2.3008e-05
2.35798e-05
2.41631e-05
2.47584e-05
2.53658e-05
2.59857e-05
2.66184e-05
2.7264e-05
2.7923e-05
2.85955e-05
2.9282e-05
2.99827e-05
3.0698e-05
3.14281e-05
3.21733e-05
3.29341e-05
3.37108e-05
3.45036e-05
3.5313e-05
3.61393e-05
3.69828e-05
3.78441e-05
3.87233e-05
3.9621e-05
4.05374e-05
4.14731e-05
4.24284e-05
4.34038e-05
4.43996e-05
4.54163e-05
4.64544e-05
4.75143e-05
4.85965e-05
4.97015e-05
5.08296e-05
5.19815e-05
5.31576e-05
5.43585e-05
5.55846e-05
5.68365e-05
5.81148e-05
5.942e-05
6.07526e-05
6.21133e-05
6.35026e-05
6.49211e-05
6.63695e-05
6.78484e-05
6.93584e-05
7.09001e-05
7.24743e-05
7.40816e-05
7.57228e-05
7.73984e-05
7.91093e-05
8.08562e-05
8.26398e-05
8.44608e-05
8.63202e-05
8.82187e-05
9.0157e-05
9.21361e-05
9.41567e-05
9.62198e-05
9.83262e-05
0.000100477
0.000102673
0.000104914
0.000107203
0.00010954
0.000111926
0.000114362
0.000116849
0.000119388
0.00012198
0.000124627
0.000127329
0.000130088
0.000132904
0.000135779
0.000138714
0.000141711
0.00014477
0.000147894
0.000151082
0.000154337
0.00015766
0.000161052
0.000164515
0.000168051
0.00017166
0.000175344
0.000179105
0.000182944
0.000186863
0.000190863
0.000194947
0.000199115
0.00020337
0.000207713
0.000212147
0.000216672
0.000221291
0.000226006
0.000230819
0.000235731
0.000240744
0.000245861
0.000251084
0.000256415
0.000261855
0.000267408
0.000273074
0.000278858
0.00028476
0.000290784
0.000296931
0.000303205
0.000309607
0.00031614
0.000322806
0.000329609
0.000336551
0.000343634
0.000350861
0.000358236
0.00036576
0.000373437
0.000381269
0.00038926
0.000397413
0.00040573
0.000414214
0.000422869
0.000431698
0.000440704
0.00044989
0.000459259
0.000468815
0.000478561
0.0004885
0.000498636
0.000508972
0.000519511
0.000530257
0.000541213
0.000552382
0.000563769
0.000575376
0.000587207
0.000599265
0.000611554
0.000624076
0.000636835
0.000649835
0.000663077
0.000676566
0.000690303
0.000704293
0.000718536
0.000733036
0.000747794
0.000762812
0.000778093
0.000793636
0.000809443
0.000825513
0.000841848
0.000858445
0.000875304
0.000892422
0.000909797
0.000927424
0.000945301
0.000963421
0.000981778
0.00100037
0.00101918
0.00101918
0.00100037
0.000981778
0.000963421
0.000945301
0.000927424
0.000909797
0.000892422
0.000875304
0.000858445
0.000841848
0.000825513
0.000809443
0.000793636
0.000778093
0.000762812
0.000747794
0.000733036
0.000718536
0.000704293
0.000690303
0.000676566
0.000663077
0.000649835
0.000636835
0.000624076
0.000611554
0.000599265
0.000587207
0.000575376
0.000563769
0.000552382
0.000541213
0.000530257
0.000519511
0.000508972
0.000498636
0.0004885
0.000478561
0.000468815
0.000459259
0.00044989
0.000440704
0.000431698
0.000422869
0.000414214
0.00040573
0.000397413
0.00038926
0.000381269
0.000373437
0.00036576
0.000358236
0.000350861
0.000343634
0.000336551
0.000329609
0.000322806
0.00031614
0.000309607
0.000303205
0.000296931
0.000290784
0.00028476
0.000278858
0.000273074
0.000267408
0.000261855
0.000256415
0.000251084
0.000245861
0.000240744
0.000235731
0.000230819
0.000226006
0.000221291
0.000216672
0.000212147
0.000207713
0.00020337
0.000199115
0.000194947
0.000190863
0.000186863
0.000182944
0.000179104
0.000175344
0.00017166
0.000168051
0.000164515
0.000161052
0.00015766
0.000154337
0.000151082
0.000147894
0.00014477
0.000141711
0.000138714
0.000135779
0.000132904
0.000130088
0.000127329
0.000124627
0.00012198
0.000119388
0.000116849
0.000114362
0.000111926
0.00010954
0.000107203
0.000104914
0.000102673
0.000100477
9.83262e-05
9.62198e-05
9.41568e-05
9.21361e-05
9.0157e-05
8.82187e-05
8.63202e-05
8.44608e-05
8.26398e-05
8.08562e-05
7.91093e-05
7.73984e-05
7.57228e-05
7.40816e-05
7.24743e-05
7.09001e-05
6.93584e-05
6.78483e-05
6.63695e-05
6.49211e-05
6.35026e-05
6.21133e-05
6.07526e-05
5.942e-05
5.81148e-05
5.68365e-05
5.55846e-05
5.43585e-05
5.31576e-05
5.19815e-05
5.08296e-05
4.97015e-05
4.85965e-05
4.75143e-05
4.64545e-05
4.54163e-05
4.43996e-05
4.34038e-05
4.24284e-05
4.14731e-05
4.05374e-05
3.9621e-05
3.87233e-05
3.78441e-05
3.69828e-05
3.61393e-05
3.5313e-05
3.45036e-05
3.37108e-05
3.29341e-05
3.21733e-05
3.14281e-05
3.0698e-05
2.99827e-05
2.9282e-05
2.85955e-05
2.7923e-05
2.7264e-05
2.66183e-05
2.59857e-05
2.53659e-05
2.47584e-05
2.41631e-05
2.35798e-05
2.3008e-05
2.24477e-05
2.18984e-05
2.13601e-05
2.08323e-05
2.03149e-05
1.98077e-05
1.93103e-05
1.88225e-05
1.83442e-05
1.7875e-05
1.74148e-05
1.69634e-05
1.65204e-05
1.60857e-05
1.56591e-05
1.52404e-05
1.48293e-05
1.44256e-05
1.40291e-05
1.36397e-05
1.3257e-05
1.28809e-05
1.25112e-05
1.21477e-05
1.17901e-05
1.14382e-05
1.10919e-05
1.07508e-05
1.04149e-05
1.00839e-05
9.7575e-06
9.43554e-06
9.11784e-06
8.80414e-06
8.49423e-06
8.18787e-06
7.88489e-06
7.58501e-06
7.28809e-06
6.99392e-06
6.7023e-06
6.41315e-06
6.12631e-06
5.84172e-06
5.55936e-06
5.27929e-06
5.00167e-06
4.72671e-06
4.45477e-06
4.18628e-06
3.92179e-06
3.66195e-06
3.40746e-06
3.15901e-06
2.91734e-06
2.68309e-06
2.45678e-06
2.23884e-06
2.02954e-06
1.82903e-06
1.63735e-06
1.45438e-06
1.27999e-06
1.11394e-06
9.55994e-07
8.05857e-07
6.6323e-07
5.27827e-07
3.99355e-07
2.77526e-07
1.62067e-07
5.27112e-08
0.00101918
0.00100037
0.000981778
0.000963421
0.000945301
0.000927424
0.000909797
0.000892422
0.000875304
0.000858445
0.000841848
0.000825513
0.000809443
0.000793636
0.000778093
0.000762812
0.000747794
0.000733036
0.000718536
0.000704293
0.000690303
0.000676566
0.000663077
0.000649835
0.000636835
0.000624076
0.000611554
0.000599265
0.000587207
0.000575376
0.000563769
0.000552382
0.000541213
0.000530257
0.000519511
0.000508972
0.000498636
0.0004885
0.000478561
0.000468815
0.000459259
0.00044989
0.000440704
0.000431698
0.000422869
0.000414214
0.00040573
0.000397413
0.00038926
0.000381269
0.000373437
0.00036576
0.000358236
0.000350861
0.000343634
0.000336551
0.000329609
0.000322806
0.00031614
0.000309607
0.000303205
0.000296931
0.000290784
0.00028476
0.000278858
0.000273074
0.000267408
0.000261855
0.000256415
0.000251084
0.000245861
0.000240744
0.000235731
0.000230819
0.000226006
0.000221291
0.000216672
0.000212147
0.000207713
0.00020337
0.000199115
0.000194947
0.000190863
0.000186863
0.000182944
0.000179104
0.000175344
0.00017166
0.000168051
0.000164515
0.000161052
0.00015766
0.000154337
0.000151082
0.000147894
0.00014477
0.000141711
0.000138714
0.000135779
0.000132904
0.000130088
0.000127329
0.000124627
0.00012198
0.000119388
0.000116849
0.000114362
0.000111926
0.00010954
0.000107203
0.000104914
0.000102673
0.000100477
9.83262e-05
9.62198e-05
9.41568e-05
9.21361e-05
9.0157e-05
8.82187e-05
8.63202e-05
8.44608e-05
8.26398e-05
8.08562e-05
7.91093e-05
7.73984e-05
7.57228e-05
7.40816e-05
7.24743e-05
7.09001e-05
6.93584e-05
6.78483e-05
6.63695e-05
6.49211e-05
6.35026e-05
6.21133e-05
6.07526e-05
5.942e-05
5.81148e-05
5.68365e-05
5.55846e-05
5.43585e-05
5.31576e-05
5.19815e-05
5.08296e-05
4.97015e-05
4.85965e-05
4.75143e-05
4.64545e-05
4.54163e-05
4.43996e-05
4.34038e-05
4.24284e-05
4.14731e-05
4.05374e-05
3.9621e-05
3.87233e-05
3.78441e-05
3.69828e-05
3.61393e-05
3.5313e-05
3.45036e-05
3.37108e-05
3.29341e-05
3.21733e-05
3.14281e-05
3.0698e-05
2.99827e-05
2.9282e-05
2.85955e-05
2.7923e-05
2.7264e-05
2.66183e-05
2.59857e-05
2.53659e-05
2.47584e-05
2.41631e-05
2.35798e-05
2.3008e-05
2.24477e-05
2.18984e-05
2.13601e-05
2.08323e-05
2.03149e-05
1.98077e-05
1.93103e-05
1.88225e-05
1.83442e-05
1.7875e-05
1.74148e-05
1.69634e-05
1.65204e-05
1.60857e-05
1.56591e-05
1.52404e-05
1.48293e-05
1.44256e-05
1.40291e-05
1.36397e-05
1.3257e-05
1.28809e-05
1.25112e-05
1.21477e-05
1.17901e-05
1.14382e-05
1.10919e-05
1.07508e-05
1.04149e-05
1.00839e-05
9.7575e-06
9.43554e-06
9.11784e-06
8.80414e-06
8.49423e-06
8.18787e-06
7.88489e-06
7.58501e-06
7.28809e-06
6.99392e-06
6.7023e-06
6.41315e-06
6.12631e-06
5.84172e-06
5.55936e-06
5.27929e-06
5.00167e-06
4.72671e-06
4.45477e-06
4.18628e-06
3.92179e-06
3.66195e-06
3.40746e-06
3.15901e-06
2.91734e-06
2.68309e-06
2.45678e-06
2.23884e-06
2.02954e-06
1.82903e-06
1.63735e-06
1.45438e-06
1.27999e-06
1.11394e-06
9.55994e-07
8.05857e-07
6.6323e-07
5.27827e-07
3.99355e-07
2.77526e-07
1.62067e-07
5.27112e-08
)
;
    }
    sides
    {
        type            empty;
        value           nonuniform List<scalar> 0();
    }
}


// ************************************************************************* //
