/*--------------------------------*- C++ -*----------------------------------*\
| =========                 |                                                 |
| \\      /  F ield         | OpenFOAM: The Open Source CFD Toolbox           |
|  \\    /   O peration     | Version:  2106                                  |
|   \\  /    A nd           | Website:  www.openfoam.com                      |
|    \\/     M anipulation  |                                                 |
\*---------------------------------------------------------------------------*/
FoamFile
{
    version     2.0;
    format      ascii;
    arch        "LSB;label=32;scalar=64";
    class       volScalarField;
    location    "10070";
    object      alphat;
}
// * * * * * * * * * * * * * * * * * * * * * * * * * * * * * * * * * * * * * //

dimensions      [0 2 -1 0 0 0 0];

internalField   nonuniform List<scalar> 
2000
(
3.33415e-12
3.33415e-12
4.0317e-12
4.0317e-12
2.86563e-11
2.86563e-11
2.09219e-10
2.09219e-10
9.69246e-10
9.69246e-10
3.29671e-09
3.29671e-09
9.1099e-09
9.1099e-09
2.17187e-08
2.17187e-08
4.63739e-08
4.63739e-08
9.08798e-08
9.08798e-08
1.66217e-07
1.66217e-07
2.87096e-07
2.87096e-07
4.72323e-07
4.72323e-07
7.44864e-07
7.44864e-07
1.13148e-06
1.13148e-06
1.66185e-06
1.66185e-06
2.36729e-06
2.36729e-06
3.27903e-06
3.27903e-06
4.42645e-06
4.42645e-06
5.8354e-06
5.8354e-06
7.52697e-06
7.52697e-06
9.51675e-06
9.51675e-06
1.18147e-05
1.18147e-05
1.44256e-05
1.44256e-05
1.73498e-05
1.73498e-05
2.0584e-05
2.0584e-05
2.41223e-05
2.41223e-05
2.79575e-05
2.79575e-05
3.20812e-05
3.20812e-05
3.64848e-05
3.64848e-05
4.11597e-05
4.11597e-05
4.60981e-05
4.60981e-05
5.12924e-05
5.12924e-05
5.67358e-05
5.67358e-05
6.24226e-05
6.24226e-05
6.83473e-05
6.83473e-05
7.45055e-05
7.45055e-05
8.08935e-05
8.08935e-05
8.7508e-05
8.7508e-05
9.43463e-05
9.43463e-05
0.000101407
0.000101407
0.000108687
0.000108687
0.000116187
0.000116187
0.000123905
0.000123905
0.000131841
0.000131841
0.000139994
0.000139994
0.000148366
0.000148366
0.000156957
0.000156957
0.000165767
0.000165767
0.000174797
0.000174797
0.000184049
0.000184049
0.000193523
0.000193523
0.000203222
0.000203222
0.000213147
0.000213147
0.0002233
0.0002233
0.000233683
0.000233683
0.000244298
0.000244298
0.000255147
0.000255147
0.000266233
0.000266233
0.000277558
0.000277558
0.000289125
0.000289125
0.000300936
0.000300936
0.000312994
0.000312994
0.000325302
0.000325302
0.000337863
0.000337863
0.00035068
0.00035068
0.000363756
0.000363756
0.000377094
0.000377094
0.000390698
0.000390698
0.000404571
0.000404571
0.000418716
0.000418716
0.000433137
0.000433137
0.000447838
0.000447838
0.000462821
0.000462821
0.000478091
0.000478091
0.000493651
0.000493651
0.000509505
0.000509505
0.000525657
0.000525657
0.000542112
0.000542112
0.000558872
0.000558872
0.000575942
0.000575942
0.000593326
0.000593326
0.000611028
0.000611028
0.000629052
0.000629052
0.000647403
0.000647403
0.000666084
0.000666084
0.000685101
0.000685101
0.000704457
0.000704457
0.000724156
0.000724156
0.000744204
0.000744204
0.000764605
0.000764605
0.000785362
0.000785362
0.000806482
0.000806482
0.000827968
0.000827968
0.000849824
0.000849824
0.000872056
0.000872056
0.000894669
0.000894669
0.000917666
0.000917666
0.000941053
0.000941053
0.000964834
0.000964834
0.000989015
0.000989015
0.0010136
0.0010136
0.00103859
0.00103859
0.001064
0.001064
0.00108982
0.00108982
0.00111607
0.00111607
0.00114275
0.00114275
0.00116986
0.00116986
0.0011974
0.0011974
0.00122539
0.00122539
0.00125383
0.00125383
0.00128271
0.00128271
0.00131206
0.00131206
0.00134186
0.00134186
0.00137214
0.00137214
0.00140288
0.00140288
0.0014341
0.0014341
0.0014658
0.0014658
0.00149798
0.00149798
0.00153066
0.00153066
0.00156383
0.00156383
0.00159749
0.00159749
0.00163166
0.00163166
0.00166634
0.00166634
0.00170153
0.00170153
0.00173723
0.00173723
0.00177346
0.00177346
0.0018102
0.0018102
0.00184748
0.00184748
0.00188528
0.00188528
0.00192363
0.00192363
0.00196251
0.00196251
0.00200193
0.00200193
0.0020419
0.0020419
0.00208241
0.00208241
0.00212348
0.00212348
0.0021651
0.0021651
0.00220728
0.00220728
0.00225002
0.00225002
0.00229332
0.00229332
0.00233718
0.00233718
0.00238161
0.00238161
0.0024266
0.0024266
0.00247216
0.00247216
0.0025183
0.0025183
0.002565
0.002565
0.00261227
0.00261227
0.00266012
0.00266012
0.00270853
0.00270853
0.00275752
0.00275752
0.00280707
0.00280707
0.0028572
0.0028572
0.00290788
0.00290788
0.00295914
0.00295914
0.00301096
0.00301096
0.00306333
0.00306333
0.00311627
0.00311627
0.00316975
0.00316975
0.00322379
0.00322379
0.00327837
0.00327837
0.00333349
0.00333349
0.00338914
0.00338914
0.00344531
0.00344531
0.00350201
0.00350201
0.00355922
0.00355922
0.00361693
0.00361693
0.00367513
0.00367513
0.00373382
0.00373382
0.00379298
0.00379298
0.0038526
0.0038526
0.00391268
0.00391268
0.00397319
0.00397319
0.00403412
0.00403412
0.00409546
0.00409546
0.0041572
0.0041572
0.00421931
0.00421931
0.00428177
0.00428177
0.00434458
0.00434458
0.0044077
0.0044077
0.00447112
0.00447112
0.00453482
0.00453482
0.00459876
0.00459876
0.00466293
0.00466293
0.0047273
0.0047273
0.00479184
0.00479184
0.00485653
0.00485653
0.00492132
0.00492132
0.0049862
0.0049862
0.00505112
0.00505112
0.00511604
0.00511604
0.00518094
0.00518094
0.00524577
0.00524577
0.00531049
0.00531049
0.00537506
0.00537506
0.00543944
0.00543944
0.00550356
0.00550356
0.0055674
0.0055674
0.00563089
0.00563089
0.00569397
0.00569397
0.00575661
0.00575661
0.00581873
0.00581873
0.00588027
0.00588027
0.00594117
0.00594117
0.00600137
0.00600137
0.0060608
0.0060608
0.00611937
0.00611937
0.00617703
0.00617703
0.00623369
0.00623369
0.00628926
0.00628926
0.00634368
0.00634368
0.00639685
0.00639685
0.00644867
0.00644867
0.00649907
0.00649907
0.00654794
0.00654794
0.00659519
0.00659519
0.00664071
0.00664071
0.00668441
0.00668441
0.00672617
0.00672617
0.00676588
0.00676588
0.00680345
0.00680345
0.00683875
0.00683875
0.00687168
0.00687168
0.00690213
0.00690213
0.00692998
0.00692998
0.00695513
0.00695513
0.00697746
0.00697746
0.00699689
0.00699689
0.00701332
0.00701332
0.00702666
0.00702666
0.00703684
0.00703684
0.00704381
0.00704381
0.00704753
0.00704753
0.00704799
0.00704799
0.0070452
0.0070452
0.00703923
0.00703923
0.00703015
0.00703015
0.00701812
0.00701812
0.00700335
0.00700335
0.00698609
0.00698609
0.00696671
0.00696671
0.00694561
0.00694561
0.00692331
0.00692331
0.00690041
0.00690041
0.0068776
0.0068776
0.00685565
0.00685565
0.00683537
0.00683537
0.00681761
0.00681761
0.00680324
0.00680324
0.00679303
0.00679303
0.00678766
0.00678766
3.33415e-12
3.33415e-12
4.0317e-12
4.0317e-12
2.86563e-11
2.86563e-11
2.09219e-10
2.09219e-10
9.69246e-10
9.69246e-10
3.29671e-09
3.29671e-09
9.1099e-09
9.1099e-09
2.17187e-08
2.17187e-08
4.63739e-08
4.63739e-08
9.08798e-08
9.08798e-08
1.66217e-07
1.66217e-07
2.87096e-07
2.87096e-07
4.72323e-07
4.72323e-07
7.44864e-07
7.44864e-07
1.13148e-06
1.13148e-06
1.66185e-06
1.66185e-06
2.36729e-06
2.36729e-06
3.27903e-06
3.27903e-06
4.42645e-06
4.42645e-06
5.8354e-06
5.8354e-06
7.52697e-06
7.52697e-06
9.51675e-06
9.51675e-06
1.18147e-05
1.18147e-05
1.44256e-05
1.44256e-05
1.73498e-05
1.73498e-05
2.0584e-05
2.0584e-05
2.41223e-05
2.41223e-05
2.79575e-05
2.79575e-05
3.20812e-05
3.20812e-05
3.64848e-05
3.64848e-05
4.11597e-05
4.11597e-05
4.60981e-05
4.60981e-05
5.12924e-05
5.12924e-05
5.67358e-05
5.67358e-05
6.24226e-05
6.24226e-05
6.83473e-05
6.83473e-05
7.45055e-05
7.45055e-05
8.08935e-05
8.08935e-05
8.7508e-05
8.7508e-05
9.43463e-05
9.43463e-05
0.000101407
0.000101407
0.000108687
0.000108687
0.000116187
0.000116187
0.000123905
0.000123905
0.000131841
0.000131841
0.000139994
0.000139994
0.000148366
0.000148366
0.000156957
0.000156957
0.000165767
0.000165767
0.000174797
0.000174797
0.000184049
0.000184049
0.000193523
0.000193523
0.000203222
0.000203222
0.000213147
0.000213147
0.0002233
0.0002233
0.000233683
0.000233683
0.000244298
0.000244298
0.000255147
0.000255147
0.000266233
0.000266233
0.000277558
0.000277558
0.000289125
0.000289125
0.000300936
0.000300936
0.000312994
0.000312994
0.000325302
0.000325302
0.000337863
0.000337863
0.00035068
0.00035068
0.000363756
0.000363756
0.000377094
0.000377094
0.000390698
0.000390698
0.000404571
0.000404571
0.000418716
0.000418716
0.000433137
0.000433137
0.000447838
0.000447838
0.000462821
0.000462821
0.000478091
0.000478091
0.000493651
0.000493651
0.000509505
0.000509505
0.000525657
0.000525657
0.000542112
0.000542112
0.000558872
0.000558872
0.000575942
0.000575942
0.000593326
0.000593326
0.000611028
0.000611028
0.000629052
0.000629052
0.000647403
0.000647403
0.000666084
0.000666084
0.000685101
0.000685101
0.000704457
0.000704457
0.000724156
0.000724156
0.000744204
0.000744204
0.000764605
0.000764605
0.000785362
0.000785362
0.000806482
0.000806482
0.000827968
0.000827968
0.000849824
0.000849824
0.000872056
0.000872056
0.000894669
0.000894669
0.000917666
0.000917666
0.000941053
0.000941053
0.000964834
0.000964834
0.000989015
0.000989015
0.0010136
0.0010136
0.00103859
0.00103859
0.001064
0.001064
0.00108982
0.00108982
0.00111607
0.00111607
0.00114275
0.00114275
0.00116986
0.00116986
0.0011974
0.0011974
0.00122539
0.00122539
0.00125383
0.00125383
0.00128271
0.00128271
0.00131206
0.00131206
0.00134186
0.00134186
0.00137214
0.00137214
0.00140288
0.00140288
0.0014341
0.0014341
0.0014658
0.0014658
0.00149798
0.00149798
0.00153066
0.00153066
0.00156383
0.00156383
0.00159749
0.00159749
0.00163166
0.00163166
0.00166634
0.00166634
0.00170153
0.00170153
0.00173723
0.00173723
0.00177346
0.00177346
0.0018102
0.0018102
0.00184748
0.00184748
0.00188528
0.00188528
0.00192363
0.00192363
0.00196251
0.00196251
0.00200193
0.00200193
0.0020419
0.0020419
0.00208241
0.00208241
0.00212348
0.00212348
0.0021651
0.0021651
0.00220728
0.00220728
0.00225002
0.00225002
0.00229332
0.00229332
0.00233718
0.00233718
0.00238161
0.00238161
0.0024266
0.0024266
0.00247216
0.00247216
0.0025183
0.0025183
0.002565
0.002565
0.00261227
0.00261227
0.00266012
0.00266012
0.00270853
0.00270853
0.00275752
0.00275752
0.00280707
0.00280707
0.0028572
0.0028572
0.00290788
0.00290788
0.00295914
0.00295914
0.00301096
0.00301096
0.00306333
0.00306333
0.00311627
0.00311627
0.00316975
0.00316975
0.00322379
0.00322379
0.00327837
0.00327837
0.00333349
0.00333349
0.00338914
0.00338914
0.00344531
0.00344531
0.00350201
0.00350201
0.00355922
0.00355922
0.00361693
0.00361693
0.00367513
0.00367513
0.00373382
0.00373382
0.00379298
0.00379298
0.0038526
0.0038526
0.00391268
0.00391268
0.00397319
0.00397319
0.00403412
0.00403412
0.00409546
0.00409546
0.0041572
0.0041572
0.00421931
0.00421931
0.00428177
0.00428177
0.00434458
0.00434458
0.0044077
0.0044077
0.00447112
0.00447112
0.00453482
0.00453482
0.00459876
0.00459876
0.00466293
0.00466293
0.0047273
0.0047273
0.00479184
0.00479184
0.00485653
0.00485653
0.00492132
0.00492132
0.0049862
0.0049862
0.00505112
0.00505112
0.00511604
0.00511604
0.00518094
0.00518094
0.00524577
0.00524577
0.00531049
0.00531049
0.00537506
0.00537506
0.00543944
0.00543944
0.00550356
0.00550356
0.0055674
0.0055674
0.00563089
0.00563089
0.00569397
0.00569397
0.00575661
0.00575661
0.00581873
0.00581873
0.00588027
0.00588027
0.00594117
0.00594117
0.00600137
0.00600137
0.0060608
0.0060608
0.00611937
0.00611937
0.00617703
0.00617703
0.00623369
0.00623369
0.00628926
0.00628926
0.00634368
0.00634368
0.00639685
0.00639685
0.00644867
0.00644867
0.00649907
0.00649907
0.00654794
0.00654794
0.00659519
0.00659519
0.00664071
0.00664071
0.00668441
0.00668441
0.00672617
0.00672617
0.00676588
0.00676588
0.00680345
0.00680345
0.00683875
0.00683875
0.00687168
0.00687168
0.00690213
0.00690213
0.00692998
0.00692998
0.00695513
0.00695513
0.00697746
0.00697746
0.00699689
0.00699689
0.00701332
0.00701332
0.00702666
0.00702666
0.00703684
0.00703684
0.00704381
0.00704381
0.00704753
0.00704753
0.00704799
0.00704799
0.0070452
0.0070452
0.00703923
0.00703923
0.00703015
0.00703015
0.00701812
0.00701812
0.00700335
0.00700335
0.00698609
0.00698609
0.00696671
0.00696671
0.00694561
0.00694561
0.00692331
0.00692331
0.00690041
0.00690041
0.0068776
0.0068776
0.00685565
0.00685565
0.00683537
0.00683537
0.00681761
0.00681761
0.00680324
0.00680324
0.00679303
0.00679303
0.00678766
0.00678766
0.00678766
0.00678766
0.00679303
0.00679303
0.00680324
0.00680324
0.00681761
0.00681761
0.00683537
0.00683537
0.00685565
0.00685565
0.0068776
0.0068776
0.00690041
0.00690041
0.0069233
0.0069233
0.0069456
0.0069456
0.0069667
0.0069667
0.00698609
0.00698609
0.00700335
0.00700335
0.00701812
0.00701812
0.00703015
0.00703015
0.00703922
0.00703922
0.0070452
0.0070452
0.00704799
0.00704799
0.00704753
0.00704753
0.00704381
0.00704381
0.00703684
0.00703684
0.00702665
0.00702665
0.00701331
0.00701331
0.00699689
0.00699689
0.00697746
0.00697746
0.00695512
0.00695512
0.00692998
0.00692998
0.00690213
0.00690213
0.00687168
0.00687168
0.00683875
0.00683875
0.00680345
0.00680345
0.00676588
0.00676588
0.00672616
0.00672616
0.0066844
0.0066844
0.00664071
0.00664071
0.00659519
0.00659519
0.00654794
0.00654794
0.00649907
0.00649907
0.00644867
0.00644867
0.00639684
0.00639684
0.00634368
0.00634368
0.00628926
0.00628926
0.00623368
0.00623368
0.00617703
0.00617703
0.00611937
0.00611937
0.00606079
0.00606079
0.00600137
0.00600137
0.00594117
0.00594117
0.00588027
0.00588027
0.00581872
0.00581872
0.0057566
0.0057566
0.00569397
0.00569397
0.00563088
0.00563088
0.00556739
0.00556739
0.00550356
0.00550356
0.00543943
0.00543943
0.00537506
0.00537506
0.00531049
0.00531049
0.00524577
0.00524577
0.00518094
0.00518094
0.00511604
0.00511604
0.00505111
0.00505111
0.0049862
0.0049862
0.00492132
0.00492132
0.00485653
0.00485653
0.00479184
0.00479184
0.0047273
0.0047273
0.00466293
0.00466293
0.00459876
0.00459876
0.00453481
0.00453481
0.00447112
0.00447112
0.0044077
0.0044077
0.00434458
0.00434458
0.00428177
0.00428177
0.0042193
0.0042193
0.0041572
0.0041572
0.00409546
0.00409546
0.00403412
0.00403412
0.00397319
0.00397319
0.00391268
0.00391268
0.0038526
0.0038526
0.00379298
0.00379298
0.00373382
0.00373382
0.00367513
0.00367513
0.00361692
0.00361692
0.00355921
0.00355921
0.00350201
0.00350201
0.00344531
0.00344531
0.00338914
0.00338914
0.00333349
0.00333349
0.00327837
0.00327837
0.00322379
0.00322379
0.00316975
0.00316975
0.00311627
0.00311627
0.00306333
0.00306333
0.00301096
0.00301096
0.00295914
0.00295914
0.00290788
0.00290788
0.00285719
0.00285719
0.00280707
0.00280707
0.00275752
0.00275752
0.00270853
0.00270853
0.00266012
0.00266012
0.00261227
0.00261227
0.002565
0.002565
0.0025183
0.0025183
0.00247216
0.00247216
0.0024266
0.0024266
0.00238161
0.00238161
0.00233718
0.00233718
0.00229332
0.00229332
0.00225002
0.00225002
0.00220728
0.00220728
0.0021651
0.0021651
0.00212348
0.00212348
0.00208241
0.00208241
0.0020419
0.0020419
0.00200193
0.00200193
0.00196251
0.00196251
0.00192363
0.00192363
0.00188528
0.00188528
0.00184748
0.00184748
0.0018102
0.0018102
0.00177346
0.00177346
0.00173723
0.00173723
0.00170153
0.00170153
0.00166634
0.00166634
0.00163166
0.00163166
0.00159749
0.00159749
0.00156383
0.00156383
0.00153066
0.00153066
0.00149798
0.00149798
0.0014658
0.0014658
0.0014341
0.0014341
0.00140288
0.00140288
0.00137214
0.00137214
0.00134186
0.00134186
0.00131206
0.00131206
0.00128271
0.00128271
0.00125383
0.00125383
0.00122539
0.00122539
0.0011974
0.0011974
0.00116986
0.00116986
0.00114275
0.00114275
0.00111607
0.00111607
0.00108982
0.00108982
0.001064
0.001064
0.00103859
0.00103859
0.0010136
0.0010136
0.000989015
0.000989015
0.000964834
0.000964834
0.000941053
0.000941053
0.000917666
0.000917666
0.000894669
0.000894669
0.000872056
0.000872056
0.000849824
0.000849824
0.000827968
0.000827968
0.000806482
0.000806482
0.000785362
0.000785362
0.000764605
0.000764605
0.000744204
0.000744204
0.000724156
0.000724156
0.000704457
0.000704457
0.000685101
0.000685101
0.000666084
0.000666084
0.000647403
0.000647403
0.000629052
0.000629052
0.000611028
0.000611028
0.000593326
0.000593326
0.000575942
0.000575942
0.000558872
0.000558872
0.000542112
0.000542112
0.000525657
0.000525657
0.000509505
0.000509505
0.000493651
0.000493651
0.000478091
0.000478091
0.000462821
0.000462821
0.000447838
0.000447838
0.000433137
0.000433137
0.000418716
0.000418716
0.000404571
0.000404571
0.000390698
0.000390698
0.000377094
0.000377094
0.000363756
0.000363756
0.00035068
0.00035068
0.000337863
0.000337863
0.000325302
0.000325302
0.000312994
0.000312994
0.000300936
0.000300936
0.000289125
0.000289125
0.000277558
0.000277558
0.000266233
0.000266233
0.000255147
0.000255147
0.000244298
0.000244298
0.000233683
0.000233683
0.0002233
0.0002233
0.000213147
0.000213147
0.000203222
0.000203222
0.000193523
0.000193523
0.000184049
0.000184049
0.000174797
0.000174797
0.000165767
0.000165767
0.000156957
0.000156957
0.000148366
0.000148366
0.000139994
0.000139994
0.000131841
0.000131841
0.000123905
0.000123905
0.000116187
0.000116187
0.000108687
0.000108687
0.000101407
0.000101407
9.43463e-05
9.43463e-05
8.7508e-05
8.7508e-05
8.08935e-05
8.08935e-05
7.45056e-05
7.45056e-05
6.83473e-05
6.83473e-05
6.24226e-05
6.24226e-05
5.67358e-05
5.67358e-05
5.12924e-05
5.12924e-05
4.60981e-05
4.60981e-05
4.11597e-05
4.11597e-05
3.64848e-05
3.64848e-05
3.20812e-05
3.20812e-05
2.79575e-05
2.79575e-05
2.41223e-05
2.41223e-05
2.0584e-05
2.0584e-05
1.73498e-05
1.73498e-05
1.44256e-05
1.44256e-05
1.18147e-05
1.18147e-05
9.51676e-06
9.51676e-06
7.52697e-06
7.52697e-06
5.8354e-06
5.8354e-06
4.42645e-06
4.42645e-06
3.27903e-06
3.27903e-06
2.36729e-06
2.36729e-06
1.66185e-06
1.66185e-06
1.13148e-06
1.13148e-06
7.44865e-07
7.44865e-07
4.72323e-07
4.72323e-07
2.87096e-07
2.87096e-07
1.66217e-07
1.66217e-07
9.08797e-08
9.08797e-08
4.63739e-08
4.63739e-08
2.17187e-08
2.17187e-08
9.10991e-09
9.10991e-09
3.29671e-09
3.29671e-09
9.69248e-10
9.69248e-10
2.0922e-10
2.0922e-10
2.86565e-11
2.86565e-11
4.03174e-12
4.03174e-12
3.33419e-12
3.33419e-12
0.00678766
0.00678766
0.00679303
0.00679303
0.00680324
0.00680324
0.00681761
0.00681761
0.00683537
0.00683537
0.00685565
0.00685565
0.0068776
0.0068776
0.00690041
0.00690041
0.0069233
0.0069233
0.0069456
0.0069456
0.0069667
0.0069667
0.00698609
0.00698609
0.00700335
0.00700335
0.00701812
0.00701812
0.00703015
0.00703015
0.00703922
0.00703922
0.0070452
0.0070452
0.00704799
0.00704799
0.00704753
0.00704753
0.00704381
0.00704381
0.00703684
0.00703684
0.00702665
0.00702665
0.00701331
0.00701331
0.00699689
0.00699689
0.00697746
0.00697746
0.00695512
0.00695512
0.00692998
0.00692998
0.00690213
0.00690213
0.00687168
0.00687168
0.00683875
0.00683875
0.00680345
0.00680345
0.00676588
0.00676588
0.00672616
0.00672616
0.0066844
0.0066844
0.00664071
0.00664071
0.00659519
0.00659519
0.00654794
0.00654794
0.00649907
0.00649907
0.00644867
0.00644867
0.00639684
0.00639684
0.00634368
0.00634368
0.00628926
0.00628926
0.00623368
0.00623368
0.00617703
0.00617703
0.00611937
0.00611937
0.00606079
0.00606079
0.00600137
0.00600137
0.00594117
0.00594117
0.00588027
0.00588027
0.00581872
0.00581872
0.0057566
0.0057566
0.00569397
0.00569397
0.00563088
0.00563088
0.00556739
0.00556739
0.00550356
0.00550356
0.00543943
0.00543943
0.00537506
0.00537506
0.00531049
0.00531049
0.00524577
0.00524577
0.00518094
0.00518094
0.00511604
0.00511604
0.00505111
0.00505111
0.0049862
0.0049862
0.00492132
0.00492132
0.00485653
0.00485653
0.00479184
0.00479184
0.0047273
0.0047273
0.00466293
0.00466293
0.00459876
0.00459876
0.00453481
0.00453481
0.00447112
0.00447112
0.0044077
0.0044077
0.00434458
0.00434458
0.00428177
0.00428177
0.0042193
0.0042193
0.0041572
0.0041572
0.00409546
0.00409546
0.00403412
0.00403412
0.00397319
0.00397319
0.00391268
0.00391268
0.0038526
0.0038526
0.00379298
0.00379298
0.00373382
0.00373382
0.00367513
0.00367513
0.00361692
0.00361692
0.00355921
0.00355921
0.00350201
0.00350201
0.00344531
0.00344531
0.00338914
0.00338914
0.00333349
0.00333349
0.00327837
0.00327837
0.00322379
0.00322379
0.00316975
0.00316975
0.00311627
0.00311627
0.00306333
0.00306333
0.00301096
0.00301096
0.00295914
0.00295914
0.00290788
0.00290788
0.00285719
0.00285719
0.00280707
0.00280707
0.00275752
0.00275752
0.00270853
0.00270853
0.00266012
0.00266012
0.00261227
0.00261227
0.002565
0.002565
0.0025183
0.0025183
0.00247216
0.00247216
0.0024266
0.0024266
0.00238161
0.00238161
0.00233718
0.00233718
0.00229332
0.00229332
0.00225002
0.00225002
0.00220728
0.00220728
0.0021651
0.0021651
0.00212348
0.00212348
0.00208241
0.00208241
0.0020419
0.0020419
0.00200193
0.00200193
0.00196251
0.00196251
0.00192363
0.00192363
0.00188528
0.00188528
0.00184748
0.00184748
0.0018102
0.0018102
0.00177346
0.00177346
0.00173723
0.00173723
0.00170153
0.00170153
0.00166634
0.00166634
0.00163166
0.00163166
0.00159749
0.00159749
0.00156383
0.00156383
0.00153066
0.00153066
0.00149798
0.00149798
0.0014658
0.0014658
0.0014341
0.0014341
0.00140288
0.00140288
0.00137214
0.00137214
0.00134186
0.00134186
0.00131206
0.00131206
0.00128271
0.00128271
0.00125383
0.00125383
0.00122539
0.00122539
0.0011974
0.0011974
0.00116986
0.00116986
0.00114275
0.00114275
0.00111607
0.00111607
0.00108982
0.00108982
0.001064
0.001064
0.00103859
0.00103859
0.0010136
0.0010136
0.000989015
0.000989015
0.000964834
0.000964834
0.000941053
0.000941053
0.000917666
0.000917666
0.000894669
0.000894669
0.000872056
0.000872056
0.000849824
0.000849824
0.000827968
0.000827968
0.000806482
0.000806482
0.000785362
0.000785362
0.000764605
0.000764605
0.000744204
0.000744204
0.000724156
0.000724156
0.000704457
0.000704457
0.000685101
0.000685101
0.000666084
0.000666084
0.000647403
0.000647403
0.000629052
0.000629052
0.000611028
0.000611028
0.000593326
0.000593326
0.000575942
0.000575942
0.000558872
0.000558872
0.000542112
0.000542112
0.000525657
0.000525657
0.000509505
0.000509505
0.000493651
0.000493651
0.000478091
0.000478091
0.000462821
0.000462821
0.000447838
0.000447838
0.000433137
0.000433137
0.000418716
0.000418716
0.000404571
0.000404571
0.000390698
0.000390698
0.000377094
0.000377094
0.000363756
0.000363756
0.00035068
0.00035068
0.000337863
0.000337863
0.000325302
0.000325302
0.000312994
0.000312994
0.000300936
0.000300936
0.000289125
0.000289125
0.000277558
0.000277558
0.000266233
0.000266233
0.000255147
0.000255147
0.000244298
0.000244298
0.000233683
0.000233683
0.0002233
0.0002233
0.000213147
0.000213147
0.000203222
0.000203222
0.000193523
0.000193523
0.000184049
0.000184049
0.000174797
0.000174797
0.000165767
0.000165767
0.000156957
0.000156957
0.000148366
0.000148366
0.000139994
0.000139994
0.000131841
0.000131841
0.000123905
0.000123905
0.000116187
0.000116187
0.000108687
0.000108687
0.000101407
0.000101407
9.43463e-05
9.43463e-05
8.7508e-05
8.7508e-05
8.08935e-05
8.08935e-05
7.45056e-05
7.45056e-05
6.83473e-05
6.83473e-05
6.24226e-05
6.24226e-05
5.67358e-05
5.67358e-05
5.12924e-05
5.12924e-05
4.60981e-05
4.60981e-05
4.11597e-05
4.11597e-05
3.64848e-05
3.64848e-05
3.20812e-05
3.20812e-05
2.79575e-05
2.79575e-05
2.41223e-05
2.41223e-05
2.0584e-05
2.0584e-05
1.73498e-05
1.73498e-05
1.44256e-05
1.44256e-05
1.18147e-05
1.18147e-05
9.51676e-06
9.51676e-06
7.52697e-06
7.52697e-06
5.8354e-06
5.8354e-06
4.42645e-06
4.42645e-06
3.27903e-06
3.27903e-06
2.36729e-06
2.36729e-06
1.66185e-06
1.66185e-06
1.13148e-06
1.13148e-06
7.44865e-07
7.44865e-07
4.72323e-07
4.72323e-07
2.87096e-07
2.87096e-07
1.66217e-07
1.66217e-07
9.08797e-08
9.08797e-08
4.63739e-08
4.63739e-08
2.17187e-08
2.17187e-08
9.10991e-09
9.10991e-09
3.29671e-09
3.29671e-09
9.69248e-10
9.69248e-10
2.0922e-10
2.0922e-10
2.86565e-11
2.86565e-11
4.03174e-12
4.03174e-12
3.33419e-12
3.33419e-12
)
;

boundaryField
{
    walls
    {
        type            alphatJayatillekeWallFunction;
        Prt             0.85;
        kappa           0.41;
        E               9.8;
        value           uniform 0;
    }
    inlet
    {
        type            cyclic;
    }
    outlet
    {
        type            cyclic;
    }
    sides
    {
        type            empty;
    }
}


// ************************************************************************* //
