/*--------------------------------*- C++ -*----------------------------------*\
| =========                 |                                                 |
| \\      /  F ield         | OpenFOAM: The Open Source CFD Toolbox           |
|  \\    /   O peration     | Version:  2106                                  |
|   \\  /    A nd           | Website:  www.openfoam.com                      |
|    \\/     M anipulation  |                                                 |
\*---------------------------------------------------------------------------*/
FoamFile
{
    version     2.0;
    format      ascii;
    arch        "LSB;label=32;scalar=64";
    class       volScalarField;
    location    "10020";
    object      omega;
}
// * * * * * * * * * * * * * * * * * * * * * * * * * * * * * * * * * * * * * //

dimensions      [0 0 -1 0 0 0 0];

internalField   nonuniform List<scalar> 
2000
(
3.27021e+06
3.27021e+06
567580
567580
191659
191659
89995.1
89995.1
50786.7
50786.7
32112.8
32112.8
21913.5
21913.5
15787.1
15787.1
11842.4
11842.4
9164.81
9164.81
7270.45
7270.45
5884.85
5884.85
4843.3
4843.3
4042.3
4042.3
3414.29
3414.29
2913.68
2913.68
2508.85
2508.85
2177.34
2177.34
1902.85
1902.85
1673.33
1673.33
1479.72
1479.72
1315.1
1315.1
1174.14
1174.14
1052.64
1052.64
947.307
947.307
855.491
855.491
775.061
775.061
704.283
704.283
641.737
641.737
586.249
586.249
536.846
536.846
492.711
492.711
453.16
453.16
417.614
417.614
385.578
385.578
356.634
356.634
330.42
330.42
306.625
306.625
284.98
284.98
265.253
265.253
247.24
247.24
230.763
230.763
215.666
215.666
201.812
201.812
189.081
189.081
177.364
177.364
166.568
166.568
156.606
156.606
147.405
147.405
138.897
138.897
131.021
131.021
123.722
123.722
116.953
116.953
110.669
110.669
104.829
104.829
99.3989
99.3989
94.3444
94.3444
89.6362
89.6362
85.2469
85.2469
81.1516
81.1516
77.3278
77.3278
73.7544
73.7544
70.4123
70.4123
67.284
67.284
64.3532
64.3532
61.605
61.605
59.0255
59.0255
56.6021
56.6021
54.3229
54.3229
52.1772
52.1772
50.1548
50.1548
48.2464
48.2464
46.4435
46.4435
44.7381
44.7381
43.1229
43.1229
41.5911
41.5911
40.1366
40.1366
38.7536
38.7536
37.437
37.437
36.1818
36.1818
34.9838
34.9838
33.8389
33.8389
32.7434
32.7434
31.6941
31.6941
30.6879
30.6879
29.722
29.722
28.794
28.794
27.9016
27.9016
27.0428
27.0428
26.2156
26.2156
25.4184
25.4184
24.6497
24.6497
23.9079
23.9079
23.1919
23.1919
22.5004
22.5004
21.8323
21.8323
21.1867
21.1867
20.5626
20.5626
19.9592
19.9592
19.3756
19.3756
18.811
18.811
18.2649
18.2649
17.7364
17.7364
17.225
17.225
16.7301
16.7301
16.251
16.251
15.7873
15.7873
15.3383
15.3383
14.9037
14.9037
14.4829
14.4829
14.0755
14.0755
13.6809
13.6809
13.2988
13.2988
12.9288
12.9288
12.5704
12.5704
12.2232
12.2232
11.887
11.887
11.5612
11.5612
11.2457
11.2457
10.9399
10.9399
10.6436
10.6436
10.3565
10.3565
10.0783
10.0783
9.80866
9.80866
9.54727
9.54727
9.29389
9.29389
9.04823
9.04823
8.81005
8.81005
8.57908
8.57908
8.35509
8.35509
8.13784
8.13784
7.9271
7.9271
7.72266
7.72266
7.5243
7.5243
7.33182
7.33182
7.14502
7.14502
6.96372
6.96372
6.78772
6.78772
6.61686
6.61686
6.45096
6.45096
6.28985
6.28985
6.13338
6.13338
5.9814
5.9814
5.83375
5.83375
5.6903
5.6903
5.55091
5.55091
5.41543
5.41543
5.28375
5.28375
5.15575
5.15575
5.0313
5.0313
4.91028
4.91028
4.79259
4.79259
4.67813
4.67813
4.56678
4.56678
4.45844
4.45844
4.35303
4.35303
4.25045
4.25045
4.1506
4.1506
4.05341
4.05341
3.95879
3.95879
3.86665
3.86665
3.77693
3.77693
3.68954
3.68954
3.60442
3.60442
3.52149
3.52149
3.44069
3.44069
3.36195
3.36195
3.28521
3.28521
3.2104
3.2104
3.13747
3.13747
3.06637
3.06637
2.99703
2.99703
2.9294
2.9294
2.86344
2.86344
2.79909
2.79909
2.7363
2.7363
2.67503
2.67503
2.61523
2.61523
2.55686
2.55686
2.49988
2.49988
2.44424
2.44424
2.38991
2.38991
2.33685
2.33685
2.28503
2.28503
2.23439
2.23439
2.18492
2.18492
2.13658
2.13658
2.08933
2.08933
2.04314
2.04314
1.99798
1.99798
1.95383
1.95383
1.91065
1.91065
1.86842
1.86842
1.82711
1.82711
1.78669
1.78669
1.74713
1.74713
1.70842
1.70842
1.67053
1.67053
1.63344
1.63344
1.59712
1.59712
1.56155
1.56155
1.52671
1.52671
1.49258
1.49258
1.45914
1.45914
1.42637
1.42637
1.39425
1.39425
1.36277
1.36277
1.33191
1.33191
1.30165
1.30165
1.27198
1.27198
1.24288
1.24288
1.21433
1.21433
1.18632
1.18632
1.15885
1.15885
1.13189
1.13189
1.10544
1.10544
1.07948
1.07948
1.05401
1.05401
1.02901
1.02901
1.00449
1.00449
0.980419
0.980419
0.956809
0.956809
0.933649
0.933649
0.910938
0.910938
0.888674
0.888674
0.866856
0.866856
0.845487
0.845487
0.824571
0.824571
0.804113
0.804113
0.784124
0.784124
0.764613
0.764613
0.745597
0.745597
0.727092
0.727092
0.709122
0.709122
0.691712
0.691712
0.674893
0.674893
0.658701
0.658701
0.643178
0.643178
0.628372
0.628372
0.614339
0.614339
0.601138
0.601138
0.58884
0.58884
0.577522
0.577522
0.567266
0.567266
0.558165
0.558165
0.550316
0.550316
0.543823
0.543823
0.538791
0.538791
0.535329
0.535329
0.533545
0.533545
3.27021e+06
3.27021e+06
567580
567580
191659
191659
89995.1
89995.1
50786.7
50786.7
32112.8
32112.8
21913.5
21913.5
15787.1
15787.1
11842.4
11842.4
9164.81
9164.81
7270.45
7270.45
5884.85
5884.85
4843.3
4843.3
4042.3
4042.3
3414.29
3414.29
2913.68
2913.68
2508.85
2508.85
2177.34
2177.34
1902.85
1902.85
1673.33
1673.33
1479.72
1479.72
1315.1
1315.1
1174.14
1174.14
1052.64
1052.64
947.307
947.307
855.491
855.491
775.061
775.061
704.283
704.283
641.737
641.737
586.249
586.249
536.846
536.846
492.711
492.711
453.16
453.16
417.614
417.614
385.578
385.578
356.634
356.634
330.42
330.42
306.625
306.625
284.98
284.98
265.253
265.253
247.24
247.24
230.763
230.763
215.666
215.666
201.812
201.812
189.081
189.081
177.364
177.364
166.568
166.568
156.606
156.606
147.405
147.405
138.897
138.897
131.021
131.021
123.722
123.722
116.953
116.953
110.669
110.669
104.829
104.829
99.3989
99.3989
94.3444
94.3444
89.6362
89.6362
85.2469
85.2469
81.1516
81.1516
77.3278
77.3278
73.7544
73.7544
70.4123
70.4123
67.284
67.284
64.3532
64.3532
61.605
61.605
59.0255
59.0255
56.6021
56.6021
54.3229
54.3229
52.1772
52.1772
50.1548
50.1548
48.2464
48.2464
46.4435
46.4435
44.7381
44.7381
43.1229
43.1229
41.5911
41.5911
40.1366
40.1366
38.7536
38.7536
37.437
37.437
36.1818
36.1818
34.9838
34.9838
33.8389
33.8389
32.7434
32.7434
31.6941
31.6941
30.6879
30.6879
29.722
29.722
28.794
28.794
27.9016
27.9016
27.0428
27.0428
26.2156
26.2156
25.4184
25.4184
24.6497
24.6497
23.9079
23.9079
23.1919
23.1919
22.5004
22.5004
21.8323
21.8323
21.1867
21.1867
20.5626
20.5626
19.9592
19.9592
19.3756
19.3756
18.811
18.811
18.2649
18.2649
17.7364
17.7364
17.225
17.225
16.7301
16.7301
16.251
16.251
15.7873
15.7873
15.3383
15.3383
14.9037
14.9037
14.4829
14.4829
14.0755
14.0755
13.6809
13.6809
13.2988
13.2988
12.9288
12.9288
12.5704
12.5704
12.2232
12.2232
11.887
11.887
11.5612
11.5612
11.2457
11.2457
10.9399
10.9399
10.6436
10.6436
10.3565
10.3565
10.0783
10.0783
9.80866
9.80866
9.54727
9.54727
9.29389
9.29389
9.04823
9.04823
8.81005
8.81005
8.57908
8.57908
8.35509
8.35509
8.13784
8.13784
7.9271
7.9271
7.72266
7.72266
7.5243
7.5243
7.33182
7.33182
7.14502
7.14502
6.96372
6.96372
6.78772
6.78772
6.61686
6.61686
6.45096
6.45096
6.28985
6.28985
6.13338
6.13338
5.9814
5.9814
5.83375
5.83375
5.6903
5.6903
5.55091
5.55091
5.41543
5.41543
5.28375
5.28375
5.15575
5.15575
5.0313
5.0313
4.91028
4.91028
4.79259
4.79259
4.67813
4.67813
4.56678
4.56678
4.45844
4.45844
4.35303
4.35303
4.25045
4.25045
4.1506
4.1506
4.05341
4.05341
3.95879
3.95879
3.86665
3.86665
3.77693
3.77693
3.68954
3.68954
3.60442
3.60442
3.52149
3.52149
3.44069
3.44069
3.36195
3.36195
3.28521
3.28521
3.2104
3.2104
3.13747
3.13747
3.06637
3.06637
2.99703
2.99703
2.9294
2.9294
2.86344
2.86344
2.79909
2.79909
2.7363
2.7363
2.67503
2.67503
2.61523
2.61523
2.55686
2.55686
2.49988
2.49988
2.44424
2.44424
2.38991
2.38991
2.33685
2.33685
2.28503
2.28503
2.23439
2.23439
2.18492
2.18492
2.13658
2.13658
2.08933
2.08933
2.04314
2.04314
1.99798
1.99798
1.95383
1.95383
1.91065
1.91065
1.86842
1.86842
1.82711
1.82711
1.78669
1.78669
1.74713
1.74713
1.70842
1.70842
1.67053
1.67053
1.63344
1.63344
1.59712
1.59712
1.56155
1.56155
1.52671
1.52671
1.49258
1.49258
1.45914
1.45914
1.42637
1.42637
1.39425
1.39425
1.36277
1.36277
1.33191
1.33191
1.30165
1.30165
1.27198
1.27198
1.24288
1.24288
1.21433
1.21433
1.18632
1.18632
1.15885
1.15885
1.13189
1.13189
1.10544
1.10544
1.07948
1.07948
1.05401
1.05401
1.02901
1.02901
1.00449
1.00449
0.980419
0.980419
0.956809
0.956809
0.933649
0.933649
0.910938
0.910938
0.888674
0.888674
0.866856
0.866856
0.845487
0.845487
0.824571
0.824571
0.804113
0.804113
0.784124
0.784124
0.764613
0.764613
0.745597
0.745597
0.727092
0.727092
0.709122
0.709122
0.691712
0.691712
0.674893
0.674893
0.658701
0.658701
0.643178
0.643178
0.628372
0.628372
0.614339
0.614339
0.601138
0.601138
0.58884
0.58884
0.577522
0.577522
0.567266
0.567266
0.558165
0.558165
0.550316
0.550316
0.543823
0.543823
0.538791
0.538791
0.535329
0.535329
0.533545
0.533545
0.533545
0.533545
0.535329
0.535329
0.538791
0.538791
0.543823
0.543823
0.550316
0.550316
0.558165
0.558165
0.567266
0.567266
0.577522
0.577522
0.58884
0.58884
0.601138
0.601138
0.614339
0.614339
0.628372
0.628372
0.643178
0.643178
0.658701
0.658701
0.674893
0.674893
0.691712
0.691712
0.709122
0.709122
0.727092
0.727092
0.745597
0.745597
0.764613
0.764613
0.784124
0.784124
0.804113
0.804113
0.824571
0.824571
0.845487
0.845487
0.866856
0.866856
0.888673
0.888673
0.910938
0.910938
0.933649
0.933649
0.956808
0.956808
0.980419
0.980419
1.00449
1.00449
1.02901
1.02901
1.05401
1.05401
1.07948
1.07948
1.10544
1.10544
1.13189
1.13189
1.15885
1.15885
1.18632
1.18632
1.21433
1.21433
1.24288
1.24288
1.27198
1.27198
1.30165
1.30165
1.33191
1.33191
1.36277
1.36277
1.39425
1.39425
1.42637
1.42637
1.45914
1.45914
1.49258
1.49258
1.52671
1.52671
1.56155
1.56155
1.59712
1.59712
1.63344
1.63344
1.67053
1.67053
1.70842
1.70842
1.74713
1.74713
1.78669
1.78669
1.82711
1.82711
1.86842
1.86842
1.91065
1.91065
1.95383
1.95383
1.99798
1.99798
2.04314
2.04314
2.08932
2.08932
2.13658
2.13658
2.18492
2.18492
2.23439
2.23439
2.28503
2.28503
2.33685
2.33685
2.38991
2.38991
2.44424
2.44424
2.49988
2.49988
2.55686
2.55686
2.61523
2.61523
2.67503
2.67503
2.7363
2.7363
2.79909
2.79909
2.86344
2.86344
2.9294
2.9294
2.99703
2.99703
3.06637
3.06637
3.13747
3.13747
3.2104
3.2104
3.28521
3.28521
3.36195
3.36195
3.44069
3.44069
3.52149
3.52149
3.60442
3.60442
3.68954
3.68954
3.77693
3.77693
3.86665
3.86665
3.95879
3.95879
4.05341
4.05341
4.1506
4.1506
4.25045
4.25045
4.35303
4.35303
4.45844
4.45844
4.56678
4.56678
4.67813
4.67813
4.79259
4.79259
4.91028
4.91028
5.0313
5.0313
5.15575
5.15575
5.28376
5.28376
5.41543
5.41543
5.55091
5.55091
5.6903
5.6903
5.83375
5.83375
5.9814
5.9814
6.13338
6.13338
6.28985
6.28985
6.45096
6.45096
6.61686
6.61686
6.78772
6.78772
6.96372
6.96372
7.14502
7.14502
7.33182
7.33182
7.5243
7.5243
7.72266
7.72266
7.9271
7.9271
8.13784
8.13784
8.35509
8.35509
8.57908
8.57908
8.81005
8.81005
9.04823
9.04823
9.29389
9.29389
9.54727
9.54727
9.80866
9.80866
10.0783
10.0783
10.3565
10.3565
10.6436
10.6436
10.9399
10.9399
11.2457
11.2457
11.5612
11.5612
11.887
11.887
12.2232
12.2232
12.5704
12.5704
12.9288
12.9288
13.2988
13.2988
13.6809
13.6809
14.0755
14.0755
14.4829
14.4829
14.9037
14.9037
15.3383
15.3383
15.7873
15.7873
16.251
16.251
16.7301
16.7301
17.225
17.225
17.7364
17.7364
18.2649
18.2649
18.811
18.811
19.3756
19.3756
19.9592
19.9592
20.5626
20.5626
21.1867
21.1867
21.8323
21.8323
22.5004
22.5004
23.1919
23.1919
23.9079
23.9079
24.6497
24.6497
25.4184
25.4184
26.2156
26.2156
27.0428
27.0428
27.9016
27.9016
28.794
28.794
29.722
29.722
30.6879
30.6879
31.6941
31.6941
32.7434
32.7434
33.8389
33.8389
34.9838
34.9838
36.1818
36.1818
37.437
37.437
38.7536
38.7536
40.1366
40.1366
41.5911
41.5911
43.1229
43.1229
44.7381
44.7381
46.4435
46.4435
48.2464
48.2464
50.1548
50.1548
52.1772
52.1772
54.3229
54.3229
56.6021
56.6021
59.0255
59.0255
61.605
61.605
64.3532
64.3532
67.284
67.284
70.4123
70.4123
73.7544
73.7544
77.3278
77.3278
81.1516
81.1516
85.2469
85.2469
89.6362
89.6362
94.3444
94.3444
99.3989
99.3989
104.829
104.829
110.669
110.669
116.953
116.953
123.722
123.722
131.021
131.021
138.897
138.897
147.405
147.405
156.606
156.606
166.568
166.568
177.364
177.364
189.081
189.081
201.812
201.812
215.666
215.666
230.763
230.763
247.24
247.24
265.253
265.253
284.98
284.98
306.625
306.625
330.42
330.42
356.634
356.634
385.578
385.578
417.614
417.614
453.16
453.16
492.711
492.711
536.846
536.846
586.249
586.249
641.737
641.737
704.283
704.283
775.061
775.061
855.491
855.491
947.307
947.307
1052.64
1052.64
1174.14
1174.14
1315.1
1315.1
1479.72
1479.72
1673.33
1673.33
1902.85
1902.85
2177.34
2177.34
2508.85
2508.85
2913.67
2913.67
3414.29
3414.29
4042.3
4042.3
4843.3
4843.3
5884.85
5884.85
7270.45
7270.45
9164.81
9164.81
11842.4
11842.4
15787.1
15787.1
21913.5
21913.5
32112.8
32112.8
50786.6
50786.6
89995
89995
191659
191659
567578
567578
3.2702e+06
3.2702e+06
0.533545
0.533545
0.535329
0.535329
0.538791
0.538791
0.543823
0.543823
0.550316
0.550316
0.558165
0.558165
0.567266
0.567266
0.577522
0.577522
0.58884
0.58884
0.601138
0.601138
0.614339
0.614339
0.628372
0.628372
0.643178
0.643178
0.658701
0.658701
0.674893
0.674893
0.691712
0.691712
0.709122
0.709122
0.727092
0.727092
0.745597
0.745597
0.764613
0.764613
0.784124
0.784124
0.804113
0.804113
0.824571
0.824571
0.845487
0.845487
0.866856
0.866856
0.888673
0.888673
0.910938
0.910938
0.933649
0.933649
0.956808
0.956808
0.980419
0.980419
1.00449
1.00449
1.02901
1.02901
1.05401
1.05401
1.07948
1.07948
1.10544
1.10544
1.13189
1.13189
1.15885
1.15885
1.18632
1.18632
1.21433
1.21433
1.24288
1.24288
1.27198
1.27198
1.30165
1.30165
1.33191
1.33191
1.36277
1.36277
1.39425
1.39425
1.42637
1.42637
1.45914
1.45914
1.49258
1.49258
1.52671
1.52671
1.56155
1.56155
1.59712
1.59712
1.63344
1.63344
1.67053
1.67053
1.70842
1.70842
1.74713
1.74713
1.78669
1.78669
1.82711
1.82711
1.86842
1.86842
1.91065
1.91065
1.95383
1.95383
1.99798
1.99798
2.04314
2.04314
2.08932
2.08932
2.13658
2.13658
2.18492
2.18492
2.23439
2.23439
2.28503
2.28503
2.33685
2.33685
2.38991
2.38991
2.44424
2.44424
2.49988
2.49988
2.55686
2.55686
2.61523
2.61523
2.67503
2.67503
2.7363
2.7363
2.79909
2.79909
2.86344
2.86344
2.9294
2.9294
2.99703
2.99703
3.06637
3.06637
3.13747
3.13747
3.2104
3.2104
3.28521
3.28521
3.36195
3.36195
3.44069
3.44069
3.52149
3.52149
3.60442
3.60442
3.68954
3.68954
3.77693
3.77693
3.86665
3.86665
3.95879
3.95879
4.05341
4.05341
4.1506
4.1506
4.25045
4.25045
4.35303
4.35303
4.45844
4.45844
4.56678
4.56678
4.67813
4.67813
4.79259
4.79259
4.91028
4.91028
5.0313
5.0313
5.15575
5.15575
5.28376
5.28376
5.41543
5.41543
5.55091
5.55091
5.6903
5.6903
5.83375
5.83375
5.9814
5.9814
6.13338
6.13338
6.28985
6.28985
6.45096
6.45096
6.61686
6.61686
6.78772
6.78772
6.96372
6.96372
7.14502
7.14502
7.33182
7.33182
7.5243
7.5243
7.72266
7.72266
7.9271
7.9271
8.13784
8.13784
8.35509
8.35509
8.57908
8.57908
8.81005
8.81005
9.04823
9.04823
9.29389
9.29389
9.54727
9.54727
9.80866
9.80866
10.0783
10.0783
10.3565
10.3565
10.6436
10.6436
10.9399
10.9399
11.2457
11.2457
11.5612
11.5612
11.887
11.887
12.2232
12.2232
12.5704
12.5704
12.9288
12.9288
13.2988
13.2988
13.6809
13.6809
14.0755
14.0755
14.4829
14.4829
14.9037
14.9037
15.3383
15.3383
15.7873
15.7873
16.251
16.251
16.7301
16.7301
17.225
17.225
17.7364
17.7364
18.2649
18.2649
18.811
18.811
19.3756
19.3756
19.9592
19.9592
20.5626
20.5626
21.1867
21.1867
21.8323
21.8323
22.5004
22.5004
23.1919
23.1919
23.9079
23.9079
24.6497
24.6497
25.4184
25.4184
26.2156
26.2156
27.0428
27.0428
27.9016
27.9016
28.794
28.794
29.722
29.722
30.6879
30.6879
31.6941
31.6941
32.7434
32.7434
33.8389
33.8389
34.9838
34.9838
36.1818
36.1818
37.437
37.437
38.7536
38.7536
40.1366
40.1366
41.5911
41.5911
43.1229
43.1229
44.7381
44.7381
46.4435
46.4435
48.2464
48.2464
50.1548
50.1548
52.1772
52.1772
54.3229
54.3229
56.6021
56.6021
59.0255
59.0255
61.605
61.605
64.3532
64.3532
67.284
67.284
70.4123
70.4123
73.7544
73.7544
77.3278
77.3278
81.1516
81.1516
85.2469
85.2469
89.6362
89.6362
94.3444
94.3444
99.3989
99.3989
104.829
104.829
110.669
110.669
116.953
116.953
123.722
123.722
131.021
131.021
138.897
138.897
147.405
147.405
156.606
156.606
166.568
166.568
177.364
177.364
189.081
189.081
201.812
201.812
215.666
215.666
230.763
230.763
247.24
247.24
265.253
265.253
284.98
284.98
306.625
306.625
330.42
330.42
356.634
356.634
385.578
385.578
417.614
417.614
453.16
453.16
492.711
492.711
536.846
536.846
586.249
586.249
641.737
641.737
704.283
704.283
775.061
775.061
855.491
855.491
947.307
947.307
1052.64
1052.64
1174.14
1174.14
1315.1
1315.1
1479.72
1479.72
1673.33
1673.33
1902.85
1902.85
2177.34
2177.34
2508.85
2508.85
2913.67
2913.67
3414.29
3414.29
4042.3
4042.3
4843.3
4843.3
5884.85
5884.85
7270.45
7270.45
9164.81
9164.81
11842.4
11842.4
15787.1
15787.1
21913.5
21913.5
32112.8
32112.8
50786.6
50786.6
89995
89995
191659
191659
567578
567578
3.2702e+06
3.2702e+06
)
;

boundaryField
{
    walls
    {
        blending        binomial2;
        n               2;
        beta1           0.075;
        type            omegaWallFunction;
        value           nonuniform List<scalar> 8(3.27021e+06 3.27021e+06 3.27021e+06 3.27021e+06 3.2702e+06 3.2702e+06 3.2702e+06 3.2702e+06);
    }
    inlet
    {
        type            cyclic;
    }
    outlet
    {
        type            cyclic;
    }
    sides
    {
        type            empty;
    }
}


// ************************************************************************* //
