/*--------------------------------*- C++ -*----------------------------------*\
| =========                 |                                                 |
| \\      /  F ield         | OpenFOAM: The Open Source CFD Toolbox           |
|  \\    /   O peration     | Version:  2106                                  |
|   \\  /    A nd           | Website:  www.openfoam.com                      |
|    \\/     M anipulation  |                                                 |
\*---------------------------------------------------------------------------*/
FoamFile
{
    version     2.0;
    format      ascii;
    arch        "LSB;label=32;scalar=64";
    class       surfaceScalarField;
    location    "10020";
    object      phi;
}
// * * * * * * * * * * * * * * * * * * * * * * * * * * * * * * * * * * * * * //

dimensions      [0 3 -1 0 0 0 0];

oriented        oriented;

internalField   nonuniform List<scalar> 
3996
(
1.11376e-08
-4.30507e-18
4.01838e-23
3.16663e-23
1.37634e-23
3.42442e-08
-4.30477e-18
-9.90225e-23
-1.48475e-22
-2.46522e-23
5.86404e-08
-4.30452e-18
-8.48408e-23
-2.9052e-22
-2.59662e-23
8.43825e-08
-4.30426e-18
-8.20981e-23
-4.37085e-22
-2.72942e-23
1.11529e-07
-4.30402e-18
-7.86348e-23
-5.54282e-22
-2.86266e-23
1.4014e-07
-4.30382e-18
-7.25836e-23
-6.49482e-22
-2.99552e-23
1.7028e-07
-4.30363e-18
-6.50472e-23
-7.96968e-22
-3.12716e-23
2.02013e-07
-4.30344e-18
-5.65637e-23
-9.1069e-22
-3.25644e-23
2.35409e-07
-4.30328e-18
-4.71739e-23
-9.8285e-22
-3.38261e-23
2.70538e-07
-4.30326e-18
-3.68832e-23
-9.52199e-22
-3.50475e-23
3.07473e-07
-4.30319e-18
-2.56989e-23
-1.0075e-21
-3.62202e-23
3.46292e-07
-4.30304e-18
-1.36114e-23
-1.08893e-21
-3.73285e-23
3.87075e-07
-4.30297e-18
-5.9313e-25
-1.13004e-21
-3.83594e-23
4.29904e-07
-4.30281e-18
1.33964e-23
-1.16373e-21
-3.9299e-23
4.74865e-07
-4.30274e-18
2.83944e-23
-1.16133e-21
-4.01266e-23
5.22048e-07
-4.30301e-18
4.44482e-23
-1.03331e-21
-4.08273e-23
5.71546e-07
-4.3031e-18
6.16122e-23
-9.65911e-22
-4.13835e-23
6.23455e-07
-4.30332e-18
7.99286e-23
-7.92251e-22
-4.17652e-23
6.77876e-07
-4.30349e-18
9.94466e-23
-7.2908e-22
-4.19512e-23
7.34914e-07
-4.30368e-18
1.20224e-22
-5.80062e-22
-4.19173e-23
7.94676e-07
-4.3042e-18
1.42314e-22
-1.82613e-22
-4.16399e-23
8.57276e-07
-4.30447e-18
1.65789e-22
2.08653e-22
-4.11007e-23
9.2283e-07
-4.30528e-18
1.907e-22
5.75768e-22
-4.02721e-23
9.91461e-07
-4.30576e-18
2.1712e-22
1.15617e-21
-3.91159e-23
1.06329e-06
-4.30641e-18
2.45087e-22
1.57732e-21
-3.75856e-23
1.13846e-06
-4.30696e-18
2.74645e-22
2.07551e-21
-3.56337e-23
1.21709e-06
-4.30795e-18
3.05857e-22
2.71293e-21
-3.32181e-23
1.29934e-06
-4.30856e-18
3.38806e-22
3.08821e-21
-3.02929e-23
1.38534e-06
-4.30944e-18
3.73526e-22
3.57357e-21
-2.68044e-23
1.47526e-06
-4.30953e-18
4.10073e-22
3.66969e-21
-2.26947e-23
1.56924e-06
-4.31068e-18
4.48477e-22
5.07577e-21
-1.78983e-23
1.66745e-06
-4.31201e-18
4.88841e-22
5.91287e-21
-1.2395e-23
1.77007e-06
-4.31334e-18
5.31224e-22
6.78886e-21
-6.09545e-24
1.87726e-06
-4.31499e-18
5.75693e-22
7.55904e-21
1.06384e-24
1.98922e-06
-4.31656e-18
6.22321e-22
9.22666e-21
9.17714e-24
2.10612e-06
-4.31834e-18
6.71151e-22
1.04819e-20
1.82874e-23
2.22818e-06
-4.32047e-18
7.22225e-22
1.16517e-20
2.85056e-23
2.35559e-06
-4.32215e-18
7.75621e-22
1.31247e-20
3.99139e-23
2.48856e-06
-4.32498e-18
8.3136e-22
1.49427e-20
5.25943e-23
2.62732e-06
-4.32694e-18
8.89577e-22
1.60075e-20
6.66576e-23
2.77208e-06
-4.32943e-18
9.50255e-22
1.67301e-20
8.22359e-23
2.92309e-06
-4.33261e-18
1.01345e-21
1.88302e-20
9.94507e-23
3.08058e-06
-4.33629e-18
1.07922e-21
2.00976e-20
1.18363e-22
3.24481e-06
-4.33912e-18
1.14762e-21
2.26221e-20
1.39135e-22
3.41603e-06
-4.34195e-18
1.21859e-21
2.4021e-20
1.61786e-22
3.59451e-06
-4.34476e-18
1.29217e-21
2.53335e-20
1.8655e-22
3.78052e-06
-4.34818e-18
1.3683e-21
2.73578e-20
2.13578e-22
3.97434e-06
-4.35204e-18
1.44697e-21
2.87171e-20
2.43006e-22
4.17627e-06
-4.35722e-18
1.52824e-21
3.12156e-20
2.74939e-22
4.38661e-06
-4.35938e-18
1.6122e-21
3.33686e-20
3.09329e-22
4.60565e-06
-4.36436e-18
1.69847e-21
3.55801e-20
3.46518e-22
4.83371e-06
-4.36897e-18
1.78732e-21
3.94649e-20
3.86668e-22
5.07112e-06
-4.37444e-18
1.87863e-21
4.25075e-20
4.29755e-22
5.31819e-06
-4.37838e-18
1.9725e-21
4.39838e-20
4.76069e-22
5.57526e-06
-4.3808e-18
2.06864e-21
4.62213e-20
5.25753e-22
5.84266e-06
-4.38527e-18
2.16681e-21
4.83727e-20
5.78769e-22
6.12073e-06
-4.39162e-18
2.26692e-21
5.05763e-20
6.35566e-22
6.40983e-06
-4.39769e-18
2.36902e-21
5.32368e-20
6.96259e-22
6.71029e-06
-4.40384e-18
2.47284e-21
5.56744e-20
7.60942e-22
7.02246e-06
-4.40945e-18
2.57822e-21
5.78665e-20
8.29674e-22
7.3467e-06
-4.41223e-18
2.68475e-21
5.9293e-20
9.02451e-22
7.68334e-06
-4.4202e-18
2.79206e-21
6.25345e-20
9.7916e-22
8.03272e-06
-4.42549e-18
2.90016e-21
6.1476e-20
1.06027e-21
8.3952e-06
-4.43257e-18
3.00797e-21
6.29719e-20
1.14633e-21
8.7711e-06
-4.43907e-18
3.11573e-21
6.41106e-20
1.23714e-21
9.16075e-06
-4.44533e-18
3.22252e-21
6.37761e-20
1.33276e-21
9.56447e-06
-4.45273e-18
3.32793e-21
6.90924e-20
1.43324e-21
9.98257e-06
-4.45892e-18
3.4311e-21
7.28653e-20
1.53813e-21
1.04153e-05
-4.46772e-18
3.53139e-21
7.68098e-20
1.64773e-21
1.08631e-05
-4.47534e-18
3.62868e-21
7.9295e-20
1.76156e-21
1.13261e-05
-4.4821e-18
3.72227e-21
8.02565e-20
1.87947e-21
1.18045e-05
-4.49098e-18
3.81063e-21
8.45485e-20
2.00179e-21
1.22987e-05
-4.50052e-18
3.89449e-21
8.74755e-20
2.12804e-21
1.28089e-05
-4.50749e-18
3.97294e-21
8.86594e-20
2.2581e-21
1.33353e-05
-4.51459e-18
4.04448e-21
8.90857e-20
2.39195e-21
1.38781e-05
-4.52192e-18
4.10915e-21
8.92258e-20
2.52998e-21
1.44376e-05
-4.52966e-18
4.16667e-21
9.13738e-20
2.67027e-21
1.50138e-05
-4.5354e-18
4.21761e-21
9.31395e-20
2.81221e-21
1.5607e-05
-4.54112e-18
4.25998e-21
8.69551e-20
2.95688e-21
1.62173e-05
-4.54846e-18
4.29475e-21
9.16412e-20
3.10509e-21
1.6845e-05
-4.55774e-18
4.32198e-21
9.60347e-20
3.25198e-21
1.74901e-05
-4.5698e-18
4.34153e-21
9.61757e-20
3.39754e-21
1.81528e-05
-4.57736e-18
4.35322e-21
9.37543e-20
3.54419e-21
1.88334e-05
-4.58234e-18
4.35593e-21
9.08978e-20
3.69023e-21
1.95319e-05
-4.58858e-18
4.34767e-21
8.83041e-20
3.83661e-21
2.02486e-05
-4.5931e-18
4.32741e-21
8.3832e-20
3.9826e-21
2.09835e-05
-4.60552e-18
4.29439e-21
7.71539e-20
4.12812e-21
2.1737e-05
-4.60829e-18
4.25182e-21
7.17784e-20
4.27531e-21
2.25091e-05
-4.61628e-18
4.19734e-21
7.10298e-20
4.42246e-21
2.33e-05
-4.62138e-18
4.13411e-21
6.80525e-20
4.56705e-21
2.41101e-05
-4.62494e-18
4.05972e-21
6.31993e-20
4.71044e-21
2.49395e-05
-4.62858e-18
3.97465e-21
5.79986e-20
4.85428e-21
2.57884e-05
-4.62864e-18
3.88291e-21
5.22619e-20
4.99395e-21
2.66571e-05
-4.64004e-18
3.77759e-21
4.91337e-20
5.13355e-21
2.75459e-05
-4.64125e-18
3.6678e-21
4.16242e-20
5.27153e-21
2.84551e-05
-4.6415e-18
3.54941e-21
2.79452e-20
5.40678e-21
2.93849e-05
-4.64725e-18
3.42328e-21
2.38485e-20
5.54398e-21
3.03356e-05
-4.63525e-18
3.2929e-21
1.29079e-20
5.67801e-21
3.13077e-05
-4.62933e-18
3.15007e-21
6.71216e-21
5.80785e-21
3.23014e-05
-4.61899e-18
3.00216e-21
-8.84324e-21
5.92731e-21
3.33172e-05
-4.61159e-18
2.84188e-21
-2.17875e-20
6.04431e-21
3.43553e-05
-4.59779e-18
2.67834e-21
-3.732e-20
6.15052e-21
3.54163e-05
-4.58958e-18
2.50345e-21
-5.69012e-20
6.25009e-21
3.65004e-05
-4.58837e-18
2.31795e-21
-6.41771e-20
6.34283e-21
3.76082e-05
-4.59261e-18
2.12442e-21
-6.93747e-20
6.42465e-21
3.874e-05
-4.59185e-18
1.92224e-21
-7.68387e-20
6.49361e-21
3.98964e-05
-4.59067e-18
1.70974e-21
-8.64538e-20
6.55967e-21
4.10778e-05
-4.59239e-18
1.48066e-21
-9.40648e-20
6.61975e-21
4.22848e-05
-4.59066e-18
1.23988e-21
-1.03158e-19
6.66433e-21
4.35177e-05
-4.57625e-18
9.90964e-22
-1.1539e-19
6.6909e-21
4.47772e-05
-4.57065e-18
7.19064e-22
-1.26149e-19
6.71175e-21
4.60638e-05
-4.56089e-18
4.47572e-22
-1.41886e-19
6.72535e-21
4.73781e-05
-4.55325e-18
1.61993e-22
-1.55234e-19
6.72763e-21
4.87205e-05
-4.53988e-18
-1.25319e-22
-1.72208e-19
6.71636e-21
5.00918e-05
-4.51734e-18
-4.18364e-22
-1.85387e-19
6.68965e-21
5.14924e-05
-4.50036e-18
-7.22395e-22
-2.05794e-19
6.64602e-21
5.29231e-05
-4.48219e-18
-1.02115e-21
-2.24045e-19
6.59394e-21
5.43845e-05
-4.4585e-18
-1.31561e-21
-2.44184e-19
6.53543e-21
5.58771e-05
-4.43478e-18
-1.60985e-21
-2.62391e-19
6.47792e-21
5.74017e-05
-4.40723e-18
-1.88823e-21
-2.86621e-19
6.40271e-21
5.8959e-05
-4.37968e-18
-2.16728e-21
-3.07274e-19
6.31261e-21
6.05496e-05
-4.35499e-18
-2.44001e-21
-3.33637e-19
6.19783e-21
6.21743e-05
-4.34239e-18
-2.71521e-21
-3.46914e-19
6.06905e-21
6.38338e-05
-4.33286e-18
-2.97854e-21
-3.57368e-19
5.91847e-21
6.55288e-05
-4.31445e-18
-3.25068e-21
-3.792e-19
5.76429e-21
6.72602e-05
-4.2937e-18
-3.52156e-21
-3.93879e-19
5.62559e-21
6.90286e-05
-4.28028e-18
-3.81679e-21
-4.0951e-19
5.47147e-21
7.08349e-05
-4.24703e-18
-4.13945e-21
-4.52409e-19
5.28873e-21
7.26799e-05
-4.22653e-18
-4.49299e-21
-4.70515e-19
5.11705e-21
7.45644e-05
-4.19739e-18
-4.83336e-21
-4.87832e-19
4.91254e-21
7.64893e-05
-4.16853e-18
-5.2005e-21
-5.19805e-19
4.69265e-21
7.84554e-05
-4.13644e-18
-5.56978e-21
-5.30191e-19
4.45401e-21
8.04637e-05
-4.08459e-18
-5.93968e-21
-5.42013e-19
4.18782e-21
8.25151e-05
-4.04139e-18
-6.34642e-21
-5.67189e-19
3.91433e-21
8.46104e-05
-4.02081e-18
-6.73969e-21
-5.91657e-19
3.68325e-21
8.67506e-05
-3.97932e-18
-7.1027e-21
-6.17102e-19
3.48355e-21
8.89367e-05
-3.95656e-18
-7.4899e-21
-6.34803e-19
3.24573e-21
9.11697e-05
-3.95536e-18
-7.84929e-21
-6.50062e-19
3.02491e-21
9.34505e-05
-3.92163e-18
-8.11802e-21
-6.80823e-19
2.80216e-21
9.57803e-05
-3.87836e-18
-8.37858e-21
-7.15804e-19
2.56783e-21
9.816e-05
-3.84828e-18
-8.6538e-21
-7.4084e-19
2.28112e-21
0.000100591
-3.80118e-18
-8.88798e-21
-7.89016e-19
1.93241e-21
0.000103074
-3.76562e-18
-9.12614e-21
-8.13486e-19
1.64105e-21
0.00010561
-3.74026e-18
-9.28839e-21
-8.39369e-19
1.38701e-21
0.0001082
-3.71027e-18
-9.37399e-21
-8.76272e-19
1.12776e-21
0.000110846
-3.67272e-18
-9.47664e-21
-9.02346e-19
9.24463e-22
0.000113549
-3.63881e-18
-9.57772e-21
-9.34396e-19
7.41292e-22
0.000116309
-3.61203e-18
-9.75376e-21
-9.69115e-19
5.83808e-22
0.000119129
-3.57077e-18
-9.95231e-21
-1.00274e-18
4.72281e-22
0.000122009
-3.50139e-18
-1.01453e-20
-1.03337e-18
4.35084e-22
0.000124951
-3.47468e-18
-1.05056e-20
-1.05154e-18
4.38755e-22
0.000127956
-3.40686e-18
-1.07601e-20
-1.10659e-18
3.37488e-22
0.000131025
-3.42416e-18
-1.1094e-20
-1.11531e-18
2.63711e-22
0.00013416
-3.37538e-18
-1.1233e-20
-1.15009e-18
4.14355e-23
0.000137362
-3.3279e-18
-1.13761e-20
-1.17792e-18
-1.38088e-22
0.000140632
-3.29329e-18
-1.15359e-20
-1.2057e-18
-2.36781e-22
0.000143973
-3.23636e-18
-1.1609e-20
-1.23309e-18
-4.23732e-22
0.000147385
-3.16932e-18
-1.19804e-20
-1.27848e-18
-7.11044e-22
0.000150869
-3.1255e-18
-1.24696e-20
-1.31653e-18
-8.16525e-22
0.000154429
-3.10775e-18
-1.28979e-20
-1.29508e-18
-8.226e-22
0.000158064
-3.06578e-18
-1.32107e-20
-1.34375e-18
-1.05838e-21
0.000161777
-3.02361e-18
-1.32695e-20
-1.36508e-18
-1.27911e-21
0.000165569
-2.99263e-18
-1.3356e-20
-1.35782e-18
-1.39736e-21
0.000169443
-2.97192e-18
-1.31969e-20
-1.38052e-18
-1.54135e-21
0.000173398
-2.91152e-18
-1.29515e-20
-1.3778e-18
-1.76677e-21
0.000177439
-2.8694e-18
-1.29345e-20
-1.41447e-18
-2.09073e-21
0.000181565
-2.84086e-18
-1.31854e-20
-1.43182e-18
-2.29071e-21
0.000185779
-2.81193e-18
-1.32027e-20
-1.44794e-18
-2.38945e-21
0.000190083
-2.77164e-18
-1.31442e-20
-1.4675e-18
-2.39597e-21
0.000194479
-2.72345e-18
-1.32505e-20
-1.46433e-18
-2.51235e-21
0.000198968
-2.72152e-18
-1.34023e-20
-1.45473e-18
-2.97258e-21
0.000203552
-2.64129e-18
-1.33332e-20
-1.45932e-18
-3.55715e-21
0.000208234
-2.63345e-18
-1.36304e-20
-1.4658e-18
-4.34098e-21
0.000213015
-2.59441e-18
-1.37973e-20
-1.46585e-18
-5.0304e-21
0.000217898
-2.57796e-18
-1.40672e-20
-1.4587e-18
-5.67888e-21
0.000222884
-2.50074e-18
-1.41372e-20
-1.4582e-18
-6.56191e-21
0.000227976
-2.48956e-18
-1.46941e-20
-1.46727e-18
-7.41053e-21
0.000233176
-2.46794e-18
-1.48144e-20
-1.4948e-18
-8.42058e-21
0.000238486
-2.43189e-18
-1.47544e-20
-1.47736e-18
-9.64487e-21
0.000243908
-2.40337e-18
-1.4968e-20
-1.47767e-18
-1.13785e-20
0.000249445
-2.29788e-18
-1.51987e-20
-1.46813e-18
-1.30788e-20
0.000255098
-2.2403e-18
-1.59914e-20
-1.54171e-18
-1.45354e-20
0.000260871
-2.19162e-18
-1.66023e-20
-1.52758e-18
-1.52022e-20
0.000266766
-2.12238e-18
-1.66336e-20
-1.47278e-18
-1.62946e-20
0.000272784
-2.09244e-18
-1.72e-20
-1.49892e-18
-1.84492e-20
0.00027893
-2.05936e-18
-1.73618e-20
-1.57933e-18
-2.03474e-20
0.000285204
-2.0253e-18
-1.80411e-20
-1.60093e-18
-2.04589e-20
0.00029161
-2.06371e-18
-1.80567e-20
-1.64612e-18
-2.11849e-20
0.000298151
-2.03393e-18
-1.69994e-20
-1.60623e-18
-2.2404e-20
0.000304829
-2.02898e-18
-1.594e-20
-1.61495e-18
-2.47593e-20
0.000311646
-1.91481e-18
-1.42421e-20
-1.71127e-18
-2.62086e-20
0.000318606
-1.79088e-18
-1.39438e-20
-1.80675e-18
-2.66998e-20
0.000325711
-1.81846e-18
-1.51772e-20
-1.77682e-18
-2.3543e-20
0.000332965
-1.81427e-18
-1.55985e-20
-1.78905e-18
-2.12087e-20
0.00034037
-1.77433e-18
-1.58068e-20
-1.74453e-18
-1.96234e-20
0.000347928
-1.7548e-18
-1.55483e-20
-1.73149e-18
-1.88595e-20
0.000355644
-1.77407e-18
-1.58255e-20
-1.74819e-18
-1.69814e-20
0.000363519
-1.71068e-18
-1.62562e-20
-1.76679e-18
-1.53323e-20
0.000371558
-1.67382e-18
-1.73007e-20
-1.64275e-18
-1.39052e-20
0.000379763
-1.67933e-18
-1.85956e-20
-1.63881e-18
-1.71277e-20
0.000388137
-1.67076e-18
-1.8924e-20
-1.63992e-18
-1.97063e-20
0.000396684
-1.60472e-18
-1.84576e-20
-1.5624e-18
-2.00138e-20
0.000405407
-1.58487e-18
-1.80899e-20
-1.5438e-18
-2.30581e-20
0.000414308
-1.50641e-18
-1.79172e-20
-1.52128e-18
-2.48676e-20
0.000423392
-1.47558e-18
-2.02466e-20
-1.46043e-18
-2.33711e-20
0.000432662
-1.454e-18
-2.24887e-20
-1.41093e-18
-2.28577e-20
0.000442121
-1.4246e-18
-2.3236e-20
-1.36968e-18
-2.47834e-20
0.000451772
-1.33668e-18
-2.36961e-20
-1.42098e-18
-2.64696e-20
0.000461619
-1.302e-18
-2.24808e-20
-1.2736e-18
-2.59337e-20
0.000471666
-1.24828e-18
-2.07998e-20
-1.20424e-18
-2.71548e-20
0.000481915
-1.20712e-18
-1.88348e-20
-1.20155e-18
-2.44551e-20
0.000492371
-1.22151e-18
-1.83031e-20
-1.22196e-18
-2.20663e-20
0.000503037
-1.16828e-18
-1.75815e-20
-1.15181e-18
-2.31507e-20
0.000513917
-1.19227e-18
-2.07919e-20
-1.16308e-18
-2.91244e-20
0.000525013
-1.18772e-18
-2.63958e-20
-1.18323e-18
-3.71389e-20
0.00053633
-1.28823e-18
-3.11025e-20
-1.13552e-18
-3.97578e-20
0.000547871
-1.22412e-18
-3.31371e-20
-1.14076e-18
-3.98676e-20
0.00055964
-1.22016e-18
-3.34083e-20
-1.158e-18
-3.9288e-20
0.00057164
-1.15749e-18
-3.60556e-20
-1.19739e-18
-3.92334e-20
0.000583875
-1.30118e-18
-4.23375e-20
-1.18403e-18
-3.8048e-20
0.000596348
-1.09318e-18
-3.25684e-20
-1.16161e-18
-3.98818e-20
0.000609063
-1.03301e-18
-3.23369e-20
-1.06683e-18
-4.27106e-20
0.000622022
-1.0841e-18
-3.15182e-20
-1.1302e-18
-4.28537e-20
0.000635229
-1.05688e-18
-3.15663e-20
-1.10601e-18
-3.95262e-20
0.000648688
-1.03463e-18
-2.70534e-20
-1.12155e-18
-3.57206e-20
0.000662402
-1.02769e-18
-2.66567e-20
-1.1233e-18
-3.22722e-20
0.000676372
-9.76797e-19
-3.1203e-20
-1.09722e-18
-3.10257e-20
0.000690603
-1.08667e-18
-3.39627e-20
-1.07693e-18
-2.94236e-20
0.000705097
-1.05085e-18
-3.56023e-20
-1.13916e-18
-2.46199e-20
0.000719855
-9.8648e-19
-4.05938e-20
-9.06451e-19
-2.11634e-20
0.000734882
-9.27832e-19
-4.96884e-20
-9.09209e-19
-3.45968e-20
0.000750177
-9.27137e-19
-5.63718e-20
-9.71031e-19
-3.96114e-20
0.000765743
-8.62641e-19
-4.80231e-20
-1.00336e-18
-4.35696e-20
0.000781581
-9.39399e-19
-4.68762e-20
-1.02475e-18
-4.05477e-20
0.000797691
-8.70297e-19
-3.08452e-20
-1.16924e-18
-3.23353e-20
0.000814075
-9.81085e-19
-3.50909e-20
-9.75884e-19
-1.20363e-20
0.000830732
-9.03861e-19
-2.74035e-20
-8.95756e-19
-1.20855e-20
0.000847661
-9.29124e-19
-1.60323e-20
-8.3731e-19
-1.1548e-20
0.00086486
-9.18847e-19
-7.42232e-21
-8.93195e-19
-8.26707e-21
0.000882328
-8.64946e-19
-1.06477e-20
-8.43149e-19
-4.36242e-21
0.000900061
-8.65176e-19
-1.85374e-20
-8.00647e-19
-8.06318e-22
0.000918056
-1.01896e-18
-2.11739e-20
-6.97427e-19
8.73264e-21
0.000936307
-9.3362e-19
-6.0691e-21
-7.49216e-19
4.25017e-21
0.000954808
-6.29053e-19
5.52028e-21
-6.80498e-19
-3.38055e-21
0.000973553
-6.59247e-19
-3.40559e-21
-6.70287e-19
-7.01982e-21
0.000992532
-5.99637e-19
3.68426e-21
-7.06921e-19
3.23575e-21
0.00101174
-7.56747e-19
-1.42899e-20
-5.94359e-19
1.76874e-20
0.00103116
-6.9278e-19
-1.26394e-21
-5.17518e-19
1.55336e-20
0.00105078
-5.25156e-19
1.66543e-20
-7.74626e-19
1.64073e-21
0.00107059
5.95723e-21
-6.6814e-19
1.26901e-20
-7.82869e-19
1.11376e-08
4.66438e-23
8.98837e-24
3.42442e-08
1.30381e-24
-6.02036e-23
5.86404e-08
-3.01171e-23
-1.40495e-22
8.43825e-08
-4.51133e-23
-2.14998e-22
1.11529e-07
-7.95158e-23
-2.90939e-22
1.4014e-07
-8.33029e-23
-3.69223e-22
1.7028e-07
-5.05821e-23
-3.96294e-22
2.02013e-07
-3.72545e-23
-5.16394e-22
2.35409e-07
2.24379e-23
-6.26506e-22
2.70538e-07
1.39695e-22
-7.83319e-22
3.07473e-07
2.6216e-22
-8.76817e-22
3.46292e-07
3.7163e-22
-1.01487e-21
3.87075e-07
4.89265e-22
-1.17917e-21
4.29904e-07
5.54146e-22
-1.22331e-21
4.74865e-07
7.19301e-22
-1.38993e-21
5.22048e-07
8.93451e-22
-1.52102e-21
5.71546e-07
9.92185e-22
-1.49431e-21
6.23455e-07
9.18634e-22
-1.47614e-21
6.77876e-07
1.09282e-21
-1.55389e-21
7.34914e-07
1.19104e-21
-1.68381e-21
7.94676e-07
1.57866e-21
-1.8727e-21
8.57276e-07
1.95875e-21
-2.13375e-21
9.2283e-07
2.42122e-21
-2.42386e-21
9.91461e-07
2.66339e-21
-2.29515e-21
1.06329e-06
2.54067e-21
-2.14303e-21
1.13846e-06
2.7683e-21
-2.12272e-21
1.21709e-06
3.37578e-21
-2.11339e-21
1.29934e-06
3.74941e-21
-2.25853e-21
1.38534e-06
3.91827e-21
-2.08103e-21
1.47526e-06
4.23396e-21
-2.20931e-21
1.56924e-06
4.58649e-21
-2.17403e-21
1.66745e-06
4.82373e-21
-1.99547e-21
1.77007e-06
5.36669e-21
-1.94213e-21
1.87726e-06
6.04737e-21
-1.86827e-21
1.98922e-06
6.81309e-21
-1.93274e-21
2.10612e-06
7.45225e-21
-1.92421e-21
2.22818e-06
8.39918e-21
-2.13169e-21
2.35559e-06
9.11642e-21
-2.30994e-21
2.48856e-06
1.02043e-20
-1.91981e-21
2.62732e-06
1.13152e-20
-1.64712e-21
2.77208e-06
1.24304e-20
-1.62758e-21
2.92309e-06
1.33773e-20
-1.32355e-21
3.08058e-06
1.44081e-20
-9.84535e-22
3.24481e-06
1.5615e-20
-8.17089e-22
3.41603e-06
1.68829e-20
8.51268e-23
3.59451e-06
1.73567e-20
1.03951e-21
3.78052e-06
1.75497e-20
2.22843e-21
3.97434e-06
1.86237e-20
2.69245e-21
4.17627e-06
2.01173e-20
2.39151e-21
4.38661e-06
2.05042e-20
3.55674e-21
4.60565e-06
2.23655e-20
4.70348e-21
4.83371e-06
2.38629e-20
5.38404e-21
5.07112e-06
2.6306e-20
6.35684e-21
5.31819e-06
2.8278e-20
6.65724e-21
5.57526e-06
3.13912e-20
6.06216e-21
5.84266e-06
3.34499e-20
7.31133e-21
6.12073e-06
3.60085e-20
8.16397e-21
6.40983e-06
3.84725e-20
9.52906e-21
6.71029e-06
4.12433e-20
1.05088e-20
7.02246e-06
4.30928e-20
1.11444e-20
7.3467e-06
4.75634e-20
9.94137e-21
7.68334e-06
5.01531e-20
1.2726e-20
8.03272e-06
5.07512e-20
1.53567e-20
8.3952e-06
5.44545e-20
1.92136e-20
8.7711e-06
5.54619e-20
2.19902e-20
9.16075e-06
5.82362e-20
2.38225e-20
9.56447e-06
5.92537e-20
2.78992e-20
9.98257e-06
6.20443e-20
3.03859e-20
1.04153e-05
6.53094e-20
3.15446e-20
1.08631e-05
6.92726e-20
3.33791e-20
1.13261e-05
6.9303e-20
3.43467e-20
1.18045e-05
7.39526e-20
3.62932e-20
1.22987e-05
7.54879e-20
4.05789e-20
1.28089e-05
7.55673e-20
4.37006e-20
1.33353e-05
7.90946e-20
4.81317e-20
1.38781e-05
8.22138e-20
4.80802e-20
1.44376e-05
8.65681e-20
4.91516e-20
1.50138e-05
8.5622e-20
5.29692e-20
1.5607e-05
8.99975e-20
5.72761e-20
1.62173e-05
9.43655e-20
6.00706e-20
1.6845e-05
9.92192e-20
6.35137e-20
1.74901e-05
1.01433e-19
7.2953e-20
1.81528e-05
1.05629e-19
7.61778e-20
1.88334e-05
1.10339e-19
8.14404e-20
1.95319e-05
1.13585e-19
8.60404e-20
2.02486e-05
1.1813e-19
8.9826e-20
2.09835e-05
1.25184e-19
9.87525e-20
2.1737e-05
1.31219e-19
1.05211e-19
2.25091e-05
1.37165e-19
1.08575e-19
2.33e-05
1.37175e-19
1.1485e-19
2.41101e-05
1.38526e-19
1.2381e-19
2.49395e-05
1.48552e-19
1.21356e-19
2.57884e-05
1.42984e-19
1.28844e-19
2.66571e-05
1.44218e-19
1.38092e-19
2.75459e-05
1.44753e-19
1.4726e-19
2.84551e-05
1.48712e-19
1.58875e-19
2.93849e-05
1.52975e-19
1.66925e-19
3.03356e-05
1.55556e-19
1.7224e-19
3.13077e-05
1.63684e-19
1.74157e-19
3.23014e-05
1.61033e-19
1.87689e-19
3.33172e-05
1.69314e-19
1.96156e-19
3.43553e-05
1.70085e-19
2.06841e-19
3.54163e-05
1.72562e-19
2.10791e-19
3.65004e-05
1.76545e-19
2.22536e-19
3.76082e-05
1.77025e-19
2.27757e-19
3.874e-05
1.81086e-19
2.39284e-19
3.98964e-05
1.77188e-19
2.49484e-19
4.10778e-05
1.76195e-19
2.55571e-19
4.22848e-05
1.80289e-19
2.55859e-19
4.35177e-05
1.75192e-19
2.6871e-19
4.47772e-05
1.86877e-19
2.87431e-19
4.60638e-05
1.83415e-19
2.98571e-19
4.73781e-05
1.89808e-19
3.09687e-19
4.87205e-05
1.92257e-19
3.19329e-19
5.00918e-05
1.9519e-19
3.28271e-19
5.14924e-05
2.05824e-19
3.32683e-19
5.29231e-05
2.1022e-19
3.3623e-19
5.43845e-05
2.06743e-19
3.45326e-19
5.58771e-05
2.12716e-19
3.43396e-19
5.74017e-05
2.11394e-19
3.41739e-19
5.8959e-05
2.20485e-19
3.42148e-19
6.05496e-05
2.22156e-19
3.4256e-19
6.21743e-05
2.31252e-19
3.42378e-19
6.38338e-05
2.27061e-19
3.59748e-19
6.55288e-05
2.36772e-19
3.80749e-19
6.72602e-05
2.32087e-19
3.8564e-19
6.90286e-05
2.22009e-19
3.86359e-19
7.08349e-05
2.23121e-19
3.97615e-19
7.26799e-05
2.32275e-19
3.92265e-19
7.45644e-05
2.21279e-19
3.89358e-19
7.64893e-05
2.19908e-19
3.84252e-19
7.84554e-05
2.15105e-19
3.98325e-19
8.04637e-05
2.03104e-19
4.0593e-19
8.25151e-05
2.01815e-19
4.14386e-19
8.46104e-05
1.85798e-19
4.30064e-19
8.67506e-05
1.68597e-19
4.22927e-19
8.89367e-05
1.57006e-19
4.44451e-19
9.11697e-05
1.57478e-19
4.48879e-19
9.34505e-05
1.57271e-19
4.34069e-19
9.57803e-05
1.51954e-19
4.05889e-19
9.816e-05
1.56667e-19
3.78513e-19
0.000100591
1.56426e-19
3.67699e-19
0.000103074
1.69949e-19
3.73126e-19
0.00010561
1.77428e-19
3.61134e-19
0.0001082
1.55649e-19
3.55467e-19
0.000110846
1.45864e-19
3.47492e-19
0.000113549
1.18e-19
3.36702e-19
0.000116309
1.05852e-19
3.26969e-19
0.000119129
1.06166e-19
3.21693e-19
0.000122009
7.2196e-20
3.11642e-19
0.000124951
7.55182e-20
3.06064e-19
0.000127956
7.17637e-20
3.26726e-19
0.000131025
6.33771e-20
3.30828e-19
0.00013416
8.13164e-20
3.26447e-19
0.000137362
8.38691e-20
3.26718e-19
0.000140632
9.02949e-20
3.04279e-19
0.000143973
4.65468e-20
2.92263e-19
0.000147385
5.91403e-20
3.07055e-19
0.000150869
8.34717e-20
2.87499e-19
0.000154429
8.78676e-20
2.78855e-19
0.000158064
1.35795e-19
2.46421e-19
0.000161777
1.30476e-19
2.29498e-19
0.000165569
1.6099e-19
2.40585e-19
0.000169443
1.51205e-19
2.22951e-19
0.000173398
1.32656e-19
2.31405e-19
0.000177439
9.45628e-20
2.42692e-19
0.000181565
1.29526e-19
2.27752e-19
0.000185779
1.36378e-19
2.15662e-19
0.000190083
1.14578e-19
2.09803e-19
0.000194479
1.19742e-19
1.74587e-19
0.000198968
1.09312e-19
1.61251e-19
0.000203552
9.8609e-20
1.43624e-19
0.000208234
9.03697e-20
1.4999e-19
0.000213015
7.10347e-20
1.43595e-19
0.000217898
4.99621e-20
1.22375e-19
0.000222884
2.13322e-20
1.37774e-19
0.000227976
3.76011e-20
1.21552e-19
0.000233176
4.46528e-20
7.9605e-20
0.000238486
3.06202e-21
5.88222e-20
0.000243908
-4.03332e-20
5.91554e-20
0.000249445
-4.70773e-20
8.63721e-20
0.000255098
-3.47721e-20
5.729e-20
0.000260871
-4.43945e-23
2.83273e-20
0.000266766
-2.11164e-20
4.38901e-20
0.000272784
2.11233e-20
4.48914e-20
0.00027893
-4.2563e-21
8.59379e-20
0.000285204
4.38764e-20
6.04442e-20
0.00029161
3.62046e-20
3.98032e-20
0.000298151
1.55692e-20
1.04284e-20
0.000304829
1.32374e-20
5.07165e-20
0.000311646
-4.14391e-21
4.12469e-22
0.000318606
-3.1859e-21
1.02438e-19
0.000325711
7.01807e-22
7.49159e-20
0.000332965
-8.21298e-21
3.04659e-20
0.00034037
1.37849e-20
1.59444e-20
0.000347928
-1.26522e-20
4.16663e-20
0.000355644
-4.81656e-20
1.26066e-21
0.000363519
-5.24665e-20
6.74627e-21
0.000371558
-5.5373e-20
-5.85236e-20
0.000379763
-4.1395e-20
-7.61805e-20
0.000388137
-4.2774e-20
-6.1491e-20
0.000396684
-3.04696e-20
-1.20537e-19
0.000405407
-5.10935e-20
-9.51391e-20
0.000414308
-1.03021e-19
-1.72918e-20
0.000423392
-1.25681e-19
-6.40195e-20
0.000432662
-1.21521e-19
-1.12702e-19
0.000442121
-1.61324e-19
-6.0179e-20
0.000451772
-9.44778e-20
-1.16288e-19
0.000461619
-1.1852e-19
-1.46189e-19
0.000471666
-1.21179e-19
-7.62887e-20
0.000481915
-1.68657e-19
-1.23079e-19
0.000492371
-2.19627e-19
-1.78806e-19
0.000503037
-3.05598e-19
-1.73299e-19
0.000513917
-3.75563e-19
-1.87267e-19
0.000525013
-3.23084e-19
-9.63952e-20
0.00053633
-3.82058e-19
-1.23707e-19
0.000547871
-3.04421e-19
-2.14435e-19
0.00055964
-3.5144e-19
-2.88266e-19
0.00057164
-3.98943e-19
-3.35519e-19
0.000583875
-2.58206e-19
-3.77212e-19
0.000596348
-3.06393e-19
-4.00853e-19
0.000609063
-2.65482e-19
-3.43219e-19
0.000622022
-3.58754e-19
-3.51068e-19
0.000635229
-2.52721e-19
-2.82829e-19
0.000648688
-3.0516e-19
-3.10919e-19
0.000662402
-3.82639e-19
-3.39073e-19
0.000676372
-2.82103e-19
-3.67361e-19
0.000690603
-3.40906e-19
-3.39357e-19
0.000705097
-3.39418e-19
-3.04555e-19
0.000719855
-3.20993e-19
-2.9882e-19
0.000734882
-2.28744e-19
-2.22425e-19
0.000750177
-5.25105e-20
-2.46104e-19
0.000765743
-1.35095e-19
-2.02455e-19
0.000781581
-2.28397e-20
-1.55966e-19
0.000797691
-1.46768e-19
-6.7617e-20
0.000814075
-1.28499e-19
-1.14489e-19
0.000830732
-9.03526e-20
-1.47982e-19
0.000847661
-1.51433e-19
-1.49237e-19
0.00086486
-3.06525e-19
-1.91456e-19
0.000882328
-3.79163e-19
-2.51988e-19
0.000900061
-3.66918e-19
-3.45275e-19
0.000918056
-3.63817e-19
-3.9454e-19
0.000936307
-3.5403e-19
-4.15163e-19
0.000954808
-3.46958e-19
-3.98642e-19
0.000973553
-3.11487e-19
-3.47478e-19
0.000992532
-4.52714e-19
-3.15161e-19
0.00101174
-3.64693e-19
-3.51463e-19
0.00103116
-3.07236e-19
-3.85465e-19
0.00105078
-3.55605e-19
-3.95821e-19
0.00107059
-6.09494e-19
-3.70276e-19
0.00107059
-7.32525e-19
-2.34094e-20
-6.3943e-19
2.89934e-20
0.00105078
-5.8272e-19
-2.50585e-20
-4.65192e-19
2.50465e-20
0.00103116
-5.43051e-19
-2.62832e-20
-5.40573e-19
-1.47097e-20
0.00101174
-4.28287e-19
-2.86636e-20
-3.74047e-19
-7.1113e-21
0.000992532
-4.9424e-19
-1.70848e-20
-3.04774e-19
-1.45597e-20
0.000973553
-3.33941e-19
-9.62163e-22
-4.38673e-19
-2.41405e-20
0.000954808
-4.59105e-19
-4.9386e-21
-5.02228e-19
-1.12663e-20
0.000936307
-4.68066e-19
4.26303e-21
-4.9501e-19
-3.07598e-21
0.000918056
-4.68727e-19
6.29066e-21
-4.66058e-19
5.67054e-21
0.000900061
-4.48568e-19
3.1363e-21
-4.88761e-19
8.34788e-21
0.000882328
-4.17919e-19
-5.28041e-21
-4.79263e-19
8.24606e-21
0.00086486
-5.14525e-19
-2.53118e-20
-4.97748e-19
3.22941e-21
0.000847661
-4.98107e-19
-8.54593e-21
-5.03989e-19
9.85975e-21
0.000830732
-4.75107e-19
5.41232e-22
-3.41545e-19
1.70645e-20
0.000814075
-4.17387e-19
3.67097e-21
-4.08129e-19
6.21828e-21
0.000797691
-3.42628e-19
-1.77037e-21
-4.51369e-19
6.08285e-21
0.000781581
-3.86854e-19
-6.5993e-21
-4.5925e-19
1.13293e-20
0.000765743
-3.4385e-19
-9.08705e-21
-3.16675e-19
2.51415e-20
0.000750177
-3.9061e-19
-2.23376e-21
-3.63217e-19
2.03091e-20
0.000734882
-4.24566e-19
8.0673e-21
-2.9326e-19
1.64874e-20
0.000719855
-3.70158e-19
1.53892e-20
-4.00763e-19
-6.07068e-23
0.000705097
-2.90978e-19
-5.56864e-22
-3.64889e-19
3.15346e-21
0.000690603
-3.84843e-19
-5.93959e-21
-3.77454e-19
-7.48913e-21
0.000676372
-3.88596e-19
-5.0857e-21
-3.63517e-19
-6.33699e-21
0.000662402
-3.38998e-19
-4.11208e-21
-3.4826e-19
-4.29009e-21
0.000648688
-3.30407e-19
-3.63415e-21
-3.69014e-19
-2.87938e-21
0.000635229
-3.35257e-19
3.712e-21
-3.46579e-19
-9.72821e-23
0.000622022
-2.55549e-19
1.12448e-20
-4.22889e-19
-1.19511e-21
0.000609063
-3.18388e-19
1.15429e-20
-3.22025e-19
-3.52939e-21
0.000596348
-3.53587e-19
1.581e-20
-2.85842e-19
-1.04586e-20
0.000583875
-3.17921e-19
1.08232e-20
-3.29676e-19
-8.92039e-21
0.00057164
-3.45542e-19
7.91427e-21
-3.10138e-19
-3.85776e-21
0.00055964
-3.1132e-19
3.68831e-21
-3.66271e-19
1.33105e-21
0.000547871
-3.7581e-19
-1.919e-21
-2.60847e-19
2.9805e-21
0.00053633
-3.99683e-19
-1.30873e-21
-3.91907e-19
-2.89145e-21
0.000525013
-3.77036e-19
-7.22426e-22
-3.90787e-19
-3.37122e-21
0.000513917
-3.9942e-19
3.51099e-22
-3.61233e-19
-5.41862e-21
0.000503037
-3.66503e-19
1.39155e-21
-4.5639e-19
-5.81986e-21
0.000492371
-3.77333e-19
7.4786e-22
-4.25322e-19
-3.42212e-21
0.000481915
-3.21945e-19
4.69391e-22
-4.24667e-19
-2.74166e-21
0.000471666
-4.2049e-19
-9.10108e-22
-3.44671e-19
8.96607e-22
0.000461619
-3.06106e-19
2.0444e-21
-4.19534e-19
1.16949e-21
0.000451772
-3.60945e-19
1.49477e-21
-3.67165e-19
2.37808e-21
0.000442121
-3.55289e-19
3.4359e-21
-3.39105e-19
2.76849e-21
0.000432662
-3.11374e-19
5.44816e-21
-2.83551e-19
4.40384e-21
0.000423392
-2.9907e-19
5.11325e-21
-2.99043e-19
3.13852e-21
0.000414308
-2.82603e-19
3.79768e-21
-2.90299e-19
1.61551e-21
0.000405407
-2.24491e-19
3.85756e-22
-2.94472e-19
1.34932e-21
0.000396684
-2.5163e-19
-2.04687e-21
-3.30935e-19
8.31446e-22
0.000388137
-1.99845e-19
-4.75891e-21
-2.96936e-19
-1.05743e-21
0.000379763
-1.93156e-19
-5.76176e-21
-3.00562e-19
-2.10828e-21
0.000371558
-2.74407e-19
-5.94931e-21
-2.00117e-19
-2.56495e-21
0.000363519
-3.1383e-19
-4.32104e-21
-1.22305e-19
-2.95193e-21
0.000355644
-2.31295e-19
-2.71288e-21
-1.26258e-19
-3.36769e-21
0.000347928
-1.85884e-19
-3.81223e-21
-1.78238e-19
-4.40126e-21
0.000340369
-2.10192e-19
-4.3595e-21
-2.81218e-19
-4.4651e-21
0.000332965
-1.51142e-19
-3.51202e-21
-2.22779e-19
-3.55438e-21
0.000325711
-1.90967e-19
-3.55811e-21
-2.06531e-19
-3.72635e-21
0.000318606
-1.6492e-19
-3.44447e-21
-1.82527e-19
-2.79004e-21
0.000311646
-1.62511e-19
-3.46135e-21
-1.78968e-19
-2.23541e-21
0.000304829
-1.91615e-19
-3.12824e-21
-1.89482e-19
-2.55494e-21
0.000298151
-1.46901e-19
-1.91102e-21
-2.19933e-19
-3.21591e-21
0.00029161
-2.13188e-19
-2.06998e-21
-1.68917e-19
-2.67634e-21
0.000285204
-1.77116e-19
-1.74844e-21
-1.57321e-19
-2.47653e-21
0.00027893
-1.94939e-19
-1.0567e-21
-1.62973e-19
-2.30074e-21
0.000272784
-1.95809e-19
-6.10061e-22
-1.88601e-19
-1.82016e-21
0.000266766
-1.70956e-19
-1.80522e-22
-1.48848e-19
-3.45485e-22
0.000260871
-1.73992e-19
5.91707e-22
-1.52677e-19
8.25059e-22
0.000255098
-1.37201e-19
1.31575e-21
-1.21559e-19
1.93406e-21
0.000249445
-8.27539e-20
1.82768e-21
-1.27456e-19
1.85871e-21
0.000243908
-9.66447e-20
1.44569e-21
-1.12222e-19
2.32714e-21
0.000238486
-1.41194e-19
1.44969e-21
-1.29148e-19
2.3662e-21
0.000233176
-1.26088e-19
1.85023e-21
-1.407e-19
2.28111e-21
0.000227976
-1.32262e-19
1.67225e-21
-1.47489e-19
2.19941e-21
0.000222884
-1.21344e-19
1.52526e-21
-1.46933e-19
1.85665e-21
0.000217898
-1.32066e-19
1.33777e-21
-1.56629e-19
1.52704e-21
0.000213015
-1.24916e-19
1.18092e-21
-1.56175e-19
1.38128e-21
0.000208234
-1.20834e-19
1.11393e-21
-1.6312e-19
1.07559e-21
0.000203552
-1.14489e-19
1.00577e-21
-1.54798e-19
7.64618e-22
0.000198968
-1.29278e-19
7.22502e-22
-1.29567e-19
3.42416e-22
0.000194479
-1.81244e-19
6.66703e-22
-1.3584e-19
-1.474e-22
0.000190083
-1.79881e-19
9.3149e-22
-1.14115e-19
-4.30119e-22
0.000185779
-1.7529e-19
9.74258e-22
-8.48653e-20
-4.83515e-22
0.000181565
-1.3993e-19
1.11289e-21
-9.16251e-20
-6.09079e-22
0.000177439
-1.42804e-19
1.30858e-21
-7.01776e-20
-7.37143e-22
0.000173398
-1.15918e-19
1.48074e-21
-9.35595e-20
-6.64032e-22
0.000169443
-9.1139e-20
1.43351e-21
-8.77248e-20
-4.72852e-22
0.000165569
-8.71246e-20
1.52881e-21
-8.06289e-20
-2.75906e-22
0.000161777
-6.50576e-20
1.60805e-21
-1.14518e-19
-4.4419e-22
0.000158064
-3.93062e-20
1.62059e-21
-1.07494e-19
-2.66425e-22
0.000154429
-3.371e-20
1.53174e-21
-1.15067e-19
-2.15064e-22
0.000150869
-3.51228e-20
1.31151e-21
-1.12687e-19
1.48196e-22
0.000147385
-3.47996e-20
1.16471e-21
-1.08095e-19
4.0279e-22
0.000143973
-4.37339e-20
1.0079e-21
-1.06309e-19
5.64753e-22
0.000140632
-4.56119e-20
1.09141e-21
-1.0141e-19
7.04533e-22
0.000137362
-4.51473e-20
1.14689e-21
-6.74342e-20
7.25826e-22
0.00013416
-2.49231e-20
1.24172e-21
-7.45645e-20
7.15267e-22
0.000131025
-2.93834e-20
1.07471e-21
-5.98356e-20
7.3696e-22
0.000127956
-3.7358e-20
1.01749e-21
-7.25319e-20
7.59318e-22
0.000124951
-2.77503e-20
9.72081e-22
-6.54827e-20
7.54225e-22
0.000122009
-2.28382e-20
8.53942e-22
-5.86558e-20
6.8787e-22
0.000119129
-1.30922e-20
8.60518e-22
-6.88933e-20
5.97641e-22
0.000116309
-2.84751e-20
8.4719e-22
-6.29019e-20
5.10719e-22
0.000113549
-2.08408e-20
8.69938e-22
-6.12115e-20
4.4255e-22
0.000110846
-3.01851e-20
8.81981e-22
-6.84899e-20
2.91215e-22
0.0001082
-2.61173e-20
9.12121e-22
-7.18077e-20
1.97814e-22
0.00010561
-2.90828e-20
9.03902e-22
-7.33993e-20
1.29792e-22
0.000103074
-3.35771e-20
8.82795e-22
-6.6364e-20
5.21368e-23
0.000100591
-2.07165e-20
8.53738e-22
-7.44791e-20
2.02218e-23
9.816e-05
-2.46192e-20
8.20776e-22
-6.9629e-20
1.94744e-23
9.57803e-05
-2.49117e-20
7.96811e-22
-7.28257e-20
1.50848e-23
9.34505e-05
-2.39881e-20
7.71595e-22
-5.44239e-20
1.67033e-23
9.11697e-05
-2.45561e-20
7.53951e-22
-5.51382e-20
-2.76062e-24
8.89367e-05
-2.7087e-20
7.06049e-22
-4.88585e-20
2.43092e-23
8.67506e-05
-1.44297e-20
6.82718e-22
-5.31804e-20
8.26077e-23
8.46104e-05
-2.70912e-20
6.41456e-22
-4.9187e-20
1.03217e-22
8.2515e-05
-2.86159e-20
6.37333e-22
-5.85569e-20
1.2839e-22
8.04637e-05
-1.27284e-20
6.46867e-22
-4.63329e-20
1.97119e-22
7.84554e-05
-7.03964e-21
6.59e-22
-6.12529e-20
2.366e-22
7.64893e-05
3.64483e-21
6.59667e-22
-5.98354e-20
3.09191e-22
7.45644e-05
-1.70461e-20
6.32145e-22
-5.58923e-20
3.92044e-22
7.26799e-05
-1.23934e-20
6.50965e-22
-4.01387e-20
3.99647e-22
7.08349e-05
-6.71651e-21
6.50246e-22
-4.59407e-20
3.80264e-22
6.90286e-05
-6.67263e-21
6.35887e-22
-4.00872e-20
3.87709e-22
6.72602e-05
-5.68075e-21
6.18653e-22
-4.41575e-20
3.85217e-22
6.55288e-05
-1.2303e-20
5.85964e-22
-5.09808e-20
3.60986e-22
6.38338e-05
-1.45803e-20
5.41079e-22
-5.54559e-20
3.50679e-22
6.21743e-05
-1.26145e-20
4.98712e-22
-4.62906e-20
3.41116e-22
6.05496e-05
-3.37969e-21
4.651e-22
-4.63592e-20
3.30659e-22
5.8959e-05
-2.24844e-21
4.24348e-22
-4.00161e-20
3.1866e-22
5.74017e-05
-1.08185e-21
3.82434e-22
-3.43665e-20
2.99247e-22
5.58771e-05
-1.33208e-20
3.43112e-22
-3.7773e-20
2.67338e-22
5.43845e-05
-9.90335e-21
3.16032e-22
-4.10276e-20
2.43264e-22
5.29231e-05
-1.09073e-20
2.8163e-22
-4.11171e-20
2.39219e-22
5.14924e-05
-7.0059e-21
2.45839e-22
-2.84708e-20
2.37564e-22
5.00918e-05
-5.09525e-21
2.28367e-22
-1.57864e-20
2.27372e-22
4.87205e-05
-8.76048e-21
2.07326e-22
-1.67243e-20
2.05834e-22
4.73781e-05
-1.13628e-20
1.88956e-22
-2.00155e-20
1.86404e-22
4.60638e-05
-7.9532e-21
1.83207e-22
-1.98789e-20
1.57577e-22
4.47772e-05
-1.69315e-20
1.74167e-22
-1.55623e-20
1.17535e-22
4.35177e-05
-7.51879e-21
1.66941e-22
-2.4953e-20
7.94618e-23
4.22848e-05
-9.51949e-21
1.60391e-22
-2.14004e-20
6.29385e-23
4.10778e-05
-5.19952e-21
1.55935e-22
-2.13246e-20
4.9293e-23
3.98964e-05
-8.80213e-21
1.50089e-22
-2.16932e-20
3.35512e-23
3.874e-05
-6.50955e-21
1.43913e-22
-2.52497e-20
2.2731e-23
3.76081e-05
-1.11306e-20
1.29582e-22
-1.91019e-20
1.2438e-23
3.65004e-05
-1.11607e-20
1.28535e-22
-1.10331e-20
-5.35435e-24
3.54163e-05
-8.63461e-21
1.25301e-22
-5.93937e-21
-2.21942e-23
3.43553e-05
-1.23541e-20
1.21279e-22
-1.20865e-20
-3.81516e-23
3.33172e-05
-1.74348e-20
1.17314e-22
-1.69738e-20
-4.53733e-23
3.23014e-05
-9.793e-21
1.10137e-22
-1.19125e-20
-4.75938e-23
3.13077e-05
-6.48782e-21
9.76146e-23
-8.57619e-21
-4.8433e-23
3.03356e-05
-6.79722e-21
8.23018e-23
-6.02128e-21
-5.13794e-23
2.93849e-05
-3.13472e-22
6.59535e-23
-1.57695e-20
-5.44177e-23
2.84551e-05
-1.08035e-21
4.71325e-23
-1.35168e-20
-5.10961e-23
2.75459e-05
-2.33934e-21
3.06342e-23
-1.0875e-20
-4.6696e-23
2.66571e-05
7.56194e-23
1.82945e-23
-1.03457e-20
-4.24766e-23
2.57884e-05
-8.00782e-21
7.76748e-24
-3.42527e-21
-4.12158e-23
2.49395e-05
-7.53103e-21
2.40632e-24
-5.49757e-21
-4.36931e-23
2.41101e-05
-7.99508e-21
-6.23459e-25
-4.14605e-21
-4.54944e-23
2.33e-05
-8.70425e-21
-4.04804e-24
-6.47346e-21
-4.81781e-23
2.25091e-05
-9.13413e-21
-5.88532e-24
-5.05168e-21
-4.95896e-23
2.17369e-05
-1.0953e-20
-7.10045e-24
-7.53699e-21
-5.17049e-23
2.09835e-05
-1.19897e-20
-6.85379e-24
-1.72035e-21
-5.20877e-23
2.02486e-05
-1.05108e-20
-5.50826e-24
-2.66263e-21
-5.30637e-23
1.95319e-05
-9.25662e-21
-4.2182e-24
-5.08693e-22
-5.43553e-23
1.88334e-05
-1.05734e-20
-4.18315e-24
-1.93295e-21
-5.58201e-23
1.81528e-05
-4.99748e-21
-2.66837e-24
-3.03562e-21
-5.78134e-23
1.74901e-05
-4.96643e-21
-3.64153e-24
-4.34819e-21
-5.89654e-23
1.6845e-05
-4.62392e-21
-3.61621e-24
-6.64405e-21
-5.8903e-23
1.62173e-05
-6.44294e-21
-2.69644e-24
-6.90054e-21
-5.99022e-23
1.5607e-05
-6.27663e-21
-1.47799e-24
-5.97473e-21
-6.12581e-23
1.50138e-05
-6.95677e-21
-6.37428e-25
-6.50954e-21
-6.188e-23
1.44376e-05
-6.40536e-21
1.13404e-24
-8.21017e-21
-6.15276e-23
1.38781e-05
-6.48556e-21
2.46533e-24
-7.45657e-21
-6.03378e-23
1.33353e-05
-6.2176e-21
3.71876e-24
-6.34556e-21
-5.87945e-23
1.28089e-05
-5.21087e-21
4.41326e-24
-7.40905e-21
-5.72132e-23
1.22987e-05
-4.61221e-21
4.97064e-24
-6.66646e-21
-5.53344e-23
1.18045e-05
-9.06488e-21
4.89056e-24
-4.94575e-21
-5.2908e-23
1.1326e-05
-7.62626e-21
5.69025e-24
-5.30375e-21
-5.07097e-23
1.08631e-05
-8.46447e-21
6.25729e-24
-4.31842e-21
-4.84249e-23
1.04153e-05
-6.97093e-21
6.89933e-24
-2.31341e-21
-4.61564e-23
9.98258e-06
-7.5267e-21
6.94251e-24
-3.60055e-21
-4.4076e-23
9.56447e-06
-8.07535e-21
6.79836e-24
-3.57507e-21
-4.18246e-23
9.16076e-06
-6.87607e-21
7.15217e-24
-3.66738e-21
-3.96094e-23
8.7711e-06
-6.30186e-21
7.27901e-24
-2.89138e-21
-3.74595e-23
8.39521e-06
-7.89899e-21
6.94256e-24
-1.75357e-21
-3.56608e-23
8.03273e-06
-7.63078e-21
6.85991e-24
-1.35375e-21
-3.38365e-23
7.68333e-06
-6.1036e-21
6.4067e-24
-1.89262e-21
-3.2327e-23
7.34669e-06
-4.75248e-21
5.83999e-24
-4.16972e-22
-3.09316e-23
7.02246e-06
-3.10358e-21
5.19579e-24
-2.13743e-21
-2.97236e-23
6.71029e-06
-3.53474e-21
4.40725e-24
-2.39689e-21
-2.83114e-23
6.40984e-06
-3.73032e-21
3.88371e-24
-2.73614e-21
-2.68191e-23
6.12074e-06
-2.2634e-21
3.25778e-24
-2.47735e-21
-2.5189e-23
5.84265e-06
-1.14024e-21
2.48268e-24
-3.25805e-21
-2.35939e-23
5.57525e-06
-8.54025e-22
1.74935e-24
-2.18878e-21
-2.19514e-23
5.31819e-06
-7.44677e-22
1.0806e-24
-1.97368e-21
-2.0462e-23
5.07112e-06
-1.04522e-21
4.63864e-25
-1.94602e-21
-1.90425e-23
4.83372e-06
-6.77597e-22
-2.1812e-25
-2.49316e-21
-1.76374e-23
4.60565e-06
-1.57471e-21
-8.15368e-25
-1.52972e-21
-1.62726e-23
4.3866e-06
-1.59003e-21
-1.24365e-24
-7.61141e-22
-1.51323e-23
4.17627e-06
-1.04562e-21
-1.67068e-24
-4.61948e-22
-1.40855e-23
3.97435e-06
-1.37107e-21
-2.15996e-24
-1.28131e-21
-1.29877e-23
3.78052e-06
-1.46651e-21
-2.53764e-24
-3.76873e-22
-1.18874e-23
3.59451e-06
-9.16741e-22
-2.86695e-24
-6.85253e-22
-1.0987e-23
3.41603e-06
-9.69816e-22
-3.13449e-24
-7.42788e-22
-1.01432e-23
3.24481e-06
-9.18839e-22
-3.33784e-24
-7.54142e-22
-9.36381e-24
3.08058e-06
-1.08353e-21
-3.45645e-24
-8.24337e-22
-8.65513e-24
2.9231e-06
-1.01012e-21
-3.51298e-24
-1.50818e-22
-7.98276e-24
2.77208e-06
-8.75051e-22
-3.53465e-24
-2.62307e-22
-7.41056e-24
2.62732e-06
-6.71656e-22
-3.53761e-24
-3.11224e-22
-6.93617e-24
2.48856e-06
-1.29171e-21
-3.4911e-24
-2.52905e-22
-6.4534e-24
2.35559e-06
-1.2593e-21
-3.39663e-24
-3.89999e-22
-5.96976e-24
2.22818e-06
-3.9606e-22
-3.30384e-24
-6.02909e-22
-5.50908e-24
2.10613e-06
-2.45493e-22
-3.27996e-24
-5.03628e-22
-5.07052e-24
1.98922e-06
-1.59941e-22
-3.24577e-24
-5.98599e-22
-4.66732e-24
1.87726e-06
-4.26776e-22
-3.18888e-24
-3.10773e-22
-4.31054e-24
1.77007e-06
1.88274e-23
-3.12715e-24
-6.5464e-22
-3.99226e-24
1.66745e-06
4.36362e-22
-3.04679e-24
-7.27655e-22
-3.67467e-24
1.56924e-06
1.73672e-22
-2.95031e-24
-5.57526e-22
-3.37566e-24
1.47526e-06
1.48444e-22
-2.83406e-24
-4.28353e-22
-3.11351e-24
1.38534e-06
7.46188e-23
-2.71378e-24
-2.88067e-22
-2.88726e-24
1.29934e-06
8.14648e-23
-2.58805e-24
-4.00695e-22
-2.68567e-24
1.21709e-06
-7.30676e-23
-2.46625e-24
-5.91262e-23
-2.48777e-24
1.13846e-06
-3.36274e-22
-2.33459e-24
1.40828e-22
-2.32149e-24
1.06329e-06
-2.41978e-22
-2.19825e-24
-7.64534e-24
-2.17944e-24
9.9146e-07
-2.70592e-22
-2.06978e-24
1.875e-23
-2.03907e-24
9.2283e-07
-1.92156e-23
-1.95327e-24
-1.01664e-23
-1.91111e-24
8.57276e-07
-8.1146e-23
-1.85114e-24
-2.70314e-23
-1.79394e-24
7.94676e-07
-2.74255e-23
-1.74878e-24
2.21292e-23
-1.67977e-24
7.34916e-07
6.32705e-24
-1.65593e-24
-6.8389e-23
-1.57192e-24
6.77876e-07
2.4479e-23
-1.57089e-24
-8.81817e-23
-1.47197e-24
6.23454e-07
-1.31903e-22
-1.48444e-24
-1.29755e-23
-1.37883e-24
5.71545e-07
-9.86783e-23
-1.4028e-24
2.53378e-23
-1.28999e-24
5.22048e-07
3.60239e-23
-1.32944e-24
-1.10643e-22
-1.21153e-24
4.74866e-07
2.22512e-23
-1.26172e-24
-1.71832e-22
-1.13744e-24
4.29903e-07
5.09058e-23
-1.19581e-24
-1.59078e-22
-1.06816e-24
3.87075e-07
-6.01587e-23
-1.13411e-24
-5.60593e-23
-1.00194e-24
3.46294e-07
-3.79193e-23
-1.0743e-24
-5.41305e-23
-9.41697e-25
3.07473e-07
-7.02406e-23
-1.01707e-24
-8.17955e-23
-8.84949e-25
2.70538e-07
-8.70503e-23
-9.62846e-25
-1.88367e-23
-8.31212e-25
2.35409e-07
-8.15722e-23
-9.10306e-25
-1.75426e-23
-7.83124e-25
2.02013e-07
-7.50756e-23
-8.60338e-25
1.0773e-23
-7.38195e-25
1.7028e-07
-4.03591e-23
-8.13184e-25
-9.5279e-24
-6.96667e-25
1.4014e-07
-2.54587e-23
-7.68918e-25
6.3534e-24
-6.57838e-25
1.11529e-07
-1.64301e-23
-7.27088e-25
-8.67873e-24
-6.21627e-25
8.43826e-08
-1.37582e-23
-6.87679e-25
7.45094e-24
-5.87377e-25
5.86404e-08
-7.69828e-24
-6.50613e-25
6.01936e-24
-5.55571e-25
3.42442e-08
-2.08056e-24
-6.15456e-25
1.06462e-24
-5.255e-25
1.11377e-08
-1.71791e-25
4.35416e-26
0.00107059
-5.16317e-19
-4.11925e-19
0.00105078
-4.25924e-19
-5.88599e-19
0.00103116
-4.77485e-19
-4.06064e-19
0.00101174
-3.80562e-19
-4.29486e-19
0.000992532
-4.4766e-19
-4.35198e-19
0.000973553
-4.26107e-19
-3.98608e-19
0.000954808
-4.52985e-19
-5.07404e-19
0.000936307
-5.17977e-19
-4.5513e-19
0.000918056
-5.16211e-19
-4.26536e-19
0.000900061
-5.0315e-19
-4.64371e-19
0.000882328
-5.72582e-19
-4.99702e-19
0.00086486
-2.82264e-19
-3.88503e-19
0.000847661
-3.3387e-19
-3.88977e-19
0.000830732
-3.48081e-19
-4.15865e-19
0.000814075
-4.06705e-19
-3.53279e-19
0.000797691
-3.90382e-19
-3.86241e-19
0.000781581
-4.79334e-19
-3.65007e-19
0.000765743
-3.21409e-19
-4.91351e-19
0.000750177
-2.65318e-19
-4.41668e-19
0.000734882
-2.45417e-19
-4.38188e-19
0.000719855
-4.86601e-19
-1.62371e-19
0.000705097
-2.68844e-19
-3.81797e-19
0.000690603
-3.19624e-19
-3.10299e-19
0.000676372
-3.99174e-19
-3.85781e-19
0.000662402
-4.10691e-19
-3.80798e-19
0.000648688
-2.82174e-19
-3.35911e-19
0.000635229
-2.73525e-19
-3.63354e-19
0.000622022
-3.27389e-19
-4.5752e-19
0.000609063
-2.74006e-19
-4.65816e-19
0.000596348
-4.40191e-19
-2.71147e-19
0.000583875
-3.31993e-19
-3.08788e-19
0.00057164
-3.53289e-19
-2.71858e-19
0.00055964
-3.04582e-19
-3.00467e-19
0.000547871
-2.10832e-19
-3.11648e-19
0.00053633
-2.32099e-19
-2.86279e-19
0.000525013
-1.92906e-19
-3.10233e-19
0.000513917
-2.36144e-19
-2.15784e-19
0.000503037
-2.64049e-19
-2.43866e-19
0.000492371
-2.46777e-19
-2.93838e-19
0.000481915
-2.20479e-19
-2.01848e-19
0.000471666
-2.05927e-19
-2.24461e-19
0.000461619
-2.39338e-19
-2.49916e-19
0.000451772
-2.30858e-19
-2.58283e-19
0.000442121
-2.18262e-19
-2.63486e-19
0.000432662
-2.26165e-19
-2.72244e-19
0.000423392
-2.11573e-19
-2.66209e-19
0.000414308
-2.73345e-19
-2.44835e-19
0.000405407
-2.10922e-19
-2.4589e-19
0.000396684
-2.96971e-19
-3.52512e-19
0.000388137
-1.88848e-19
-3.10278e-19
0.000379763
-1.40805e-19
-2.89869e-19
0.000371558
-1.38792e-19
-2.03265e-19
0.000363519
-1.9436e-19
-1.26351e-19
0.000355644
-2.78393e-19
-1.66532e-19
0.000347928
-2.52554e-19
-1.83288e-19
0.000340369
-2.45533e-19
-2.38115e-19
0.000332965
-2.71782e-19
-2.57688e-19
0.000325711
-3.40691e-19
-1.81506e-19
0.000318606
-3.30125e-19
-1.91082e-19
0.000311646
-2.77937e-19
-2.65743e-19
0.000304829
-2.14425e-19
-3.03794e-19
0.000298151
-2.39081e-19
-2.36816e-19
0.00029161
-2.44129e-19
-1.95427e-19
0.000285204
-1.51174e-19
-1.74985e-19
0.00027893
-1.74988e-19
-1.68468e-19
0.000272784
-1.82101e-19
-1.45465e-19
0.000266766
-1.35921e-19
-1.55488e-19
0.000260871
-1.42182e-19
-1.49349e-19
0.000255098
-1.21098e-19
-2.07542e-19
0.000249445
-1.45662e-19
-1.69228e-19
0.000243908
-1.23736e-19
-1.87304e-19
0.000238486
-1.17841e-19
-1.9596e-19
0.000233176
-1.38512e-19
-1.69277e-19
0.000227976
-1.2891e-19
-1.76013e-19
0.000222884
-1.24138e-19
-1.72594e-19
0.000217898
-1.39875e-19
-1.51405e-19
0.000213015
-1.25516e-19
-1.55603e-19
0.000208234
-1.25017e-19
-1.61813e-19
0.000203552
-1.38085e-19
-1.71055e-19
0.000198968
-1.19526e-19
-1.57314e-19
0.000194479
-1.2241e-19
-1.42439e-19
0.000190083
-1.43876e-19
-1.15155e-19
0.000185779
-1.28242e-19
-1.24154e-19
0.000181565
-9.88218e-20
-1.41764e-19
0.000177439
-1.1951e-19
-9.68964e-20
0.000173398
-1.5475e-19
-1.10773e-19
0.000169443
-1.28022e-19
-1.12835e-19
0.000165569
-1.44888e-19
-1.65777e-19
0.000161777
-1.5553e-19
-1.22154e-19
0.000158064
-1.57419e-19
-1.51007e-19
0.000154429
-1.77857e-19
-1.19994e-19
0.000150869
-1.55119e-19
-1.30597e-19
0.000147385
-1.46275e-19
-1.22667e-19
0.000143973
-9.53309e-20
-1.25865e-19
0.000140632
-1.03526e-19
-1.43705e-19
0.000137362
-9.44431e-20
-1.16271e-19
0.00013416
-1.31732e-19
-1.23249e-19
0.000131025
-9.24516e-20
-1.01125e-19
0.000127956
-8.25506e-20
-1.0227e-19
0.000124951
-8.93554e-20
-1.00551e-19
0.000122009
-5.56267e-20
-9.65086e-20
0.000119129
-5.77519e-20
-1.03707e-19
0.000116309
-6.51653e-20
-8.46659e-20
0.000113549
-6.49091e-20
-9.68774e-20
0.000110846
-6.79156e-20
-7.85472e-20
0.0001082
-6.77987e-20
-7.35835e-20
0.00010561
-6.10322e-20
-8.40509e-20
0.000103074
-6.03896e-20
-7.42074e-20
0.000100591
-4.22183e-20
-7.44891e-20
9.816e-05
-3.33426e-20
-6.4135e-20
9.57803e-05
-3.15356e-20
-7.01804e-20
9.34505e-05
-2.82765e-20
-6.83315e-20
9.11697e-05
-4.45334e-20
-5.71915e-20
8.89367e-05
-4.06537e-20
-4.23721e-20
8.67506e-05
-4.37472e-20
-5.29742e-20
8.46104e-05
-4.37898e-20
-4.46835e-20
8.2515e-05
-4.23295e-20
-3.66986e-20
8.04637e-05
-3.21408e-20
-3.83446e-20
7.84554e-05
-4.39213e-20
-3.95595e-20
7.64893e-05
-5.60796e-20
-2.67183e-20
7.45644e-05
-4.22533e-20
-5.21622e-20
7.26799e-05
-3.86883e-20
-4.72475e-20
7.08349e-05
-3.45421e-20
-3.65316e-20
6.90286e-05
-3.12802e-20
-3.70469e-20
6.72602e-05
-3.74415e-20
-4.42263e-20
6.55288e-05
-5.09842e-20
-2.26038e-20
6.38338e-05
-5.17071e-20
-2.14283e-20
6.21743e-05
-4.17224e-20
-2.04786e-20
6.05496e-05
-3.33247e-20
-2.85568e-20
5.8959e-05
-2.91787e-20
-2.81086e-20
5.74017e-05
-2.29868e-20
-3.47134e-20
5.58771e-05
-1.78021e-20
-3.59851e-20
5.43845e-05
-1.35119e-20
-1.96626e-20
5.29231e-05
-1.29032e-20
-1.37175e-20
5.14924e-05
5.85086e-21
-8.17032e-21
5.00918e-05
-2.10223e-21
-8.62476e-21
4.87205e-05
-6.43901e-21
-4.86318e-21
4.73781e-05
5.069e-21
-7.64258e-21
4.60638e-05
6.10506e-21
-8.17861e-21
4.47772e-05
-1.0907e-21
-5.53775e-21
4.35177e-05
4.31373e-21
8.20539e-22
4.22848e-05
-1.90489e-21
7.02276e-21
4.10778e-05
-3.84541e-21
3.10256e-21
3.98964e-05
-9.45645e-21
5.56575e-21
3.874e-05
-2.37758e-20
3.94542e-21
3.76081e-05
-1.25148e-20
-2.5655e-21
3.65004e-05
-1.64871e-20
-2.53922e-21
3.54163e-05
-1.44304e-20
-5.70227e-21
3.43553e-05
-1.60712e-20
-3.001e-21
3.33172e-05
-2.14755e-20
-6.66204e-21
3.23014e-05
-1.80737e-20
-5.34297e-21
3.13077e-05
-1.71458e-20
-9.01728e-21
3.03356e-05
-1.87104e-20
-1.079e-20
2.93849e-05
-2.13136e-20
-1.21495e-20
2.84551e-05
-2.44485e-20
-1.21776e-20
2.75459e-05
-2.13105e-20
-1.17927e-20
2.66571e-05
-1.67472e-20
-1.7172e-20
2.57884e-05
-1.43304e-20
-1.95379e-20
2.49395e-05
-9.94714e-21
-1.88765e-20
2.41101e-05
-1.23304e-20
-1.77092e-20
2.33e-05
-9.79065e-21
-1.58603e-20
2.25091e-05
-1.05528e-20
-1.59305e-20
2.17369e-05
-1.01702e-20
-1.39694e-20
2.09835e-05
-9.17147e-21
-1.10664e-20
2.02486e-05
-8.96156e-21
-1.26787e-20
1.95319e-05
-1.19862e-20
-1.12095e-20
1.88334e-05
-8.15666e-21
-1.31566e-20
1.81528e-05
-1.33183e-20
-7.89177e-21
1.74901e-05
-1.27461e-20
-3.92311e-21
1.6845e-05
-9.61436e-21
-9.48449e-21
1.62173e-05
-8.64812e-21
-1.06157e-20
1.5607e-05
-8.54752e-21
-8.4934e-21
1.50138e-05
-3.94442e-21
-7.22545e-21
1.44376e-05
-4.26048e-21
-7.81036e-21
1.38781e-05
-4.2278e-21
-6.68781e-21
1.33353e-05
-6.31823e-21
-5.01058e-21
1.28089e-05
-4.91121e-21
-5.76296e-21
1.22987e-05
-6.10582e-21
-3.97008e-21
1.18045e-05
-5.62285e-21
-3.41473e-21
1.1326e-05
-5.32222e-21
-4.20109e-21
1.08631e-05
-4.67646e-21
-3.83937e-21
1.04153e-05
-5.43062e-21
-2.12681e-21
9.98258e-06
-5.47151e-21
-3.2716e-21
9.56447e-06
-5.69145e-22
-4.74455e-21
9.16076e-06
1.2325e-21
-4.01324e-21
8.7711e-06
-3.91211e-24
-4.74507e-21
8.39521e-06
6.9926e-22
-4.30712e-21
8.03273e-06
-1.69703e-21
-5.51387e-21
7.68333e-06
-1.30978e-21
-5.24819e-21
7.34669e-06
-1.01965e-21
-4.90008e-21
7.02246e-06
-9.91446e-22
-5.27083e-21
6.71029e-06
4.96079e-22
-4.84772e-21
6.40984e-06
-6.75009e-22
-4.09052e-21
6.12074e-06
-7.03344e-22
-3.95961e-21
5.84265e-06
5.35717e-22
-3.78186e-21
5.57525e-06
8.01689e-22
-3.99199e-21
5.31819e-06
7.17383e-22
-3.88687e-21
5.07112e-06
-7.47294e-22
-3.19247e-21
4.83372e-06
-3.57271e-22
-2.94058e-21
4.60565e-06
-4.19786e-22
-2.49998e-21
4.3866e-06
-1.14552e-21
-1.4898e-21
4.17627e-06
-2.27127e-21
-4.35698e-22
3.97435e-06
-2.15141e-21
-6.12215e-22
3.78052e-06
-2.24537e-21
-6.48033e-22
3.59451e-06
-1.46317e-21
-1.72138e-22
3.41603e-06
-1.39186e-21
6.12318e-24
3.24481e-06
-8.90089e-22
-2.75117e-22
3.08058e-06
-9.22423e-22
-2.44774e-22
2.9231e-06
-1.07843e-21
3.23955e-22
2.77208e-06
-1.35151e-21
4.40283e-23
2.62732e-06
-8.45993e-22
3.49454e-22
2.48856e-06
-6.71653e-22
4.37588e-22
2.35559e-06
-6.02283e-22
6.12817e-22
2.22818e-06
-1.2917e-21
7.13693e-22
2.10613e-06
-1.2945e-21
7.22887e-22
1.98922e-06
-9.85431e-22
3.79475e-22
1.87726e-06
-1.42902e-21
4.61922e-22
1.77007e-06
-9.87882e-22
6.19786e-22
1.66745e-06
-5.73771e-22
5.91472e-22
1.56924e-06
-6.08513e-22
5.02604e-22
1.47526e-06
-6.64475e-22
4.50672e-22
1.38534e-06
-6.05935e-22
4.5885e-22
1.29934e-06
-5.11376e-22
5.72713e-22
1.21709e-06
-1.01831e-22
2.76384e-22
1.13846e-06
8.33014e-23
-3.87023e-23
1.06329e-06
2.7083e-22
-1.34378e-23
9.9146e-07
1.08568e-22
-6.31157e-23
9.2283e-07
4.50601e-23
-1.07681e-22
8.57276e-07
1.5234e-22
-5.28817e-23
7.94676e-07
8.90929e-23
-4.98483e-23
7.34916e-07
7.09375e-23
-7.15329e-23
6.77876e-07
3.48145e-22
-9.4325e-23
6.23454e-07
1.85884e-22
-3.97666e-24
5.71545e-07
3.39486e-23
-5.2808e-23
5.22048e-07
1.86441e-23
-3.41761e-23
4.74866e-07
3.19123e-23
-8.23895e-23
4.29903e-07
3.32164e-23
-1.47346e-24
3.87075e-07
-1.47314e-23
3.13041e-23
3.46294e-07
1.46741e-23
2.68339e-23
3.07473e-07
-3.54752e-23
3.19668e-23
2.70538e-07
-1.60669e-23
-1.45855e-24
2.35409e-07
-1.67656e-23
-1.00115e-23
2.02013e-07
-1.14068e-23
-9.44704e-24
1.7028e-07
1.39573e-23
-1.23015e-23
1.4014e-07
2.87788e-23
4.23151e-25
1.11529e-07
1.71111e-23
2.43708e-24
8.43826e-08
-8.37621e-24
-3.93076e-24
5.86404e-08
-4.9469e-24
3.33946e-24
3.42442e-08
-4.57242e-25
3.58988e-25
1.11377e-08
)
;

boundaryField
{
    walls
    {
        type            calculated;
        value           uniform 0;
    }
    inlet
    {
        type            cyclic;
        value           nonuniform List<scalar> 
1000
(
-1.11376e-08
-3.42442e-08
-5.86404e-08
-8.43825e-08
-1.11529e-07
-1.4014e-07
-1.7028e-07
-2.02013e-07
-2.35409e-07
-2.70538e-07
-3.07473e-07
-3.46292e-07
-3.87075e-07
-4.29904e-07
-4.74865e-07
-5.22048e-07
-5.71546e-07
-6.23455e-07
-6.77876e-07
-7.34914e-07
-7.94676e-07
-8.57276e-07
-9.2283e-07
-9.91461e-07
-1.06329e-06
-1.13846e-06
-1.21709e-06
-1.29934e-06
-1.38534e-06
-1.47526e-06
-1.56924e-06
-1.66745e-06
-1.77007e-06
-1.87726e-06
-1.98922e-06
-2.10612e-06
-2.22818e-06
-2.35559e-06
-2.48856e-06
-2.62732e-06
-2.77208e-06
-2.92309e-06
-3.08058e-06
-3.24481e-06
-3.41603e-06
-3.59451e-06
-3.78052e-06
-3.97434e-06
-4.17627e-06
-4.38661e-06
-4.60565e-06
-4.83371e-06
-5.07112e-06
-5.31819e-06
-5.57526e-06
-5.84266e-06
-6.12073e-06
-6.40983e-06
-6.71029e-06
-7.02246e-06
-7.3467e-06
-7.68334e-06
-8.03272e-06
-8.3952e-06
-8.7711e-06
-9.16075e-06
-9.56447e-06
-9.98257e-06
-1.04153e-05
-1.08631e-05
-1.13261e-05
-1.18045e-05
-1.22987e-05
-1.28089e-05
-1.33353e-05
-1.38781e-05
-1.44376e-05
-1.50138e-05
-1.5607e-05
-1.62173e-05
-1.6845e-05
-1.74901e-05
-1.81528e-05
-1.88334e-05
-1.95319e-05
-2.02486e-05
-2.09835e-05
-2.1737e-05
-2.25091e-05
-2.33e-05
-2.41101e-05
-2.49395e-05
-2.57884e-05
-2.66571e-05
-2.75459e-05
-2.84551e-05
-2.93849e-05
-3.03356e-05
-3.13077e-05
-3.23014e-05
-3.33172e-05
-3.43553e-05
-3.54163e-05
-3.65004e-05
-3.76082e-05
-3.874e-05
-3.98964e-05
-4.10778e-05
-4.22848e-05
-4.35177e-05
-4.47772e-05
-4.60638e-05
-4.73781e-05
-4.87205e-05
-5.00918e-05
-5.14924e-05
-5.29231e-05
-5.43845e-05
-5.58771e-05
-5.74017e-05
-5.8959e-05
-6.05496e-05
-6.21743e-05
-6.38338e-05
-6.55288e-05
-6.72602e-05
-6.90286e-05
-7.08349e-05
-7.26799e-05
-7.45644e-05
-7.64893e-05
-7.84554e-05
-8.04637e-05
-8.25151e-05
-8.46104e-05
-8.67506e-05
-8.89367e-05
-9.11697e-05
-9.34505e-05
-9.57803e-05
-9.816e-05
-0.000100591
-0.000103074
-0.00010561
-0.0001082
-0.000110846
-0.000113549
-0.000116309
-0.000119129
-0.000122009
-0.000124951
-0.000127956
-0.000131025
-0.00013416
-0.000137362
-0.000140632
-0.000143973
-0.000147385
-0.000150869
-0.000154429
-0.000158064
-0.000161777
-0.000165569
-0.000169443
-0.000173398
-0.000177439
-0.000181565
-0.000185779
-0.000190083
-0.000194479
-0.000198968
-0.000203552
-0.000208234
-0.000213015
-0.000217898
-0.000222884
-0.000227976
-0.000233176
-0.000238486
-0.000243908
-0.000249445
-0.000255098
-0.000260871
-0.000266766
-0.000272784
-0.00027893
-0.000285204
-0.00029161
-0.000298151
-0.000304829
-0.000311646
-0.000318606
-0.000325711
-0.000332965
-0.00034037
-0.000347928
-0.000355644
-0.000363519
-0.000371558
-0.000379763
-0.000388137
-0.000396684
-0.000405407
-0.000414308
-0.000423392
-0.000432662
-0.000442121
-0.000451772
-0.000461619
-0.000471666
-0.000481915
-0.000492371
-0.000503037
-0.000513917
-0.000525013
-0.00053633
-0.000547871
-0.00055964
-0.00057164
-0.000583875
-0.000596348
-0.000609063
-0.000622022
-0.000635229
-0.000648688
-0.000662402
-0.000676372
-0.000690603
-0.000705097
-0.000719855
-0.000734882
-0.000750177
-0.000765743
-0.000781581
-0.000797691
-0.000814075
-0.000830732
-0.000847661
-0.00086486
-0.000882328
-0.000900061
-0.000918056
-0.000936307
-0.000954808
-0.000973553
-0.000992532
-0.00101174
-0.00103116
-0.00105078
-0.00107059
-1.11376e-08
-3.42442e-08
-5.86404e-08
-8.43825e-08
-1.11529e-07
-1.4014e-07
-1.7028e-07
-2.02013e-07
-2.35409e-07
-2.70538e-07
-3.07473e-07
-3.46292e-07
-3.87075e-07
-4.29904e-07
-4.74865e-07
-5.22048e-07
-5.71546e-07
-6.23455e-07
-6.77876e-07
-7.34914e-07
-7.94676e-07
-8.57276e-07
-9.2283e-07
-9.91461e-07
-1.06329e-06
-1.13846e-06
-1.21709e-06
-1.29934e-06
-1.38534e-06
-1.47526e-06
-1.56924e-06
-1.66745e-06
-1.77007e-06
-1.87726e-06
-1.98922e-06
-2.10612e-06
-2.22818e-06
-2.35559e-06
-2.48856e-06
-2.62732e-06
-2.77208e-06
-2.92309e-06
-3.08058e-06
-3.24481e-06
-3.41603e-06
-3.59451e-06
-3.78052e-06
-3.97434e-06
-4.17627e-06
-4.38661e-06
-4.60565e-06
-4.83371e-06
-5.07112e-06
-5.31819e-06
-5.57526e-06
-5.84266e-06
-6.12073e-06
-6.40983e-06
-6.71029e-06
-7.02246e-06
-7.3467e-06
-7.68334e-06
-8.03272e-06
-8.3952e-06
-8.7711e-06
-9.16075e-06
-9.56447e-06
-9.98257e-06
-1.04153e-05
-1.08631e-05
-1.13261e-05
-1.18045e-05
-1.22987e-05
-1.28089e-05
-1.33353e-05
-1.38781e-05
-1.44376e-05
-1.50138e-05
-1.5607e-05
-1.62173e-05
-1.6845e-05
-1.74901e-05
-1.81528e-05
-1.88334e-05
-1.95319e-05
-2.02486e-05
-2.09835e-05
-2.1737e-05
-2.25091e-05
-2.33e-05
-2.41101e-05
-2.49395e-05
-2.57884e-05
-2.66571e-05
-2.75459e-05
-2.84551e-05
-2.93849e-05
-3.03356e-05
-3.13077e-05
-3.23014e-05
-3.33172e-05
-3.43553e-05
-3.54163e-05
-3.65004e-05
-3.76082e-05
-3.874e-05
-3.98964e-05
-4.10778e-05
-4.22848e-05
-4.35177e-05
-4.47772e-05
-4.60638e-05
-4.73781e-05
-4.87205e-05
-5.00918e-05
-5.14924e-05
-5.29231e-05
-5.43845e-05
-5.58771e-05
-5.74017e-05
-5.8959e-05
-6.05496e-05
-6.21743e-05
-6.38338e-05
-6.55288e-05
-6.72602e-05
-6.90286e-05
-7.08349e-05
-7.26799e-05
-7.45644e-05
-7.64893e-05
-7.84554e-05
-8.04637e-05
-8.25151e-05
-8.46104e-05
-8.67506e-05
-8.89367e-05
-9.11697e-05
-9.34505e-05
-9.57803e-05
-9.816e-05
-0.000100591
-0.000103074
-0.00010561
-0.0001082
-0.000110846
-0.000113549
-0.000116309
-0.000119129
-0.000122009
-0.000124951
-0.000127956
-0.000131025
-0.00013416
-0.000137362
-0.000140632
-0.000143973
-0.000147385
-0.000150869
-0.000154429
-0.000158064
-0.000161777
-0.000165569
-0.000169443
-0.000173398
-0.000177439
-0.000181565
-0.000185779
-0.000190083
-0.000194479
-0.000198968
-0.000203552
-0.000208234
-0.000213015
-0.000217898
-0.000222884
-0.000227976
-0.000233176
-0.000238486
-0.000243908
-0.000249445
-0.000255098
-0.000260871
-0.000266766
-0.000272784
-0.00027893
-0.000285204
-0.00029161
-0.000298151
-0.000304829
-0.000311646
-0.000318606
-0.000325711
-0.000332965
-0.00034037
-0.000347928
-0.000355644
-0.000363519
-0.000371558
-0.000379763
-0.000388137
-0.000396684
-0.000405407
-0.000414308
-0.000423392
-0.000432662
-0.000442121
-0.000451772
-0.000461619
-0.000471666
-0.000481915
-0.000492371
-0.000503037
-0.000513917
-0.000525013
-0.00053633
-0.000547871
-0.00055964
-0.00057164
-0.000583875
-0.000596348
-0.000609063
-0.000622022
-0.000635229
-0.000648688
-0.000662402
-0.000676372
-0.000690603
-0.000705097
-0.000719855
-0.000734882
-0.000750177
-0.000765743
-0.000781581
-0.000797691
-0.000814075
-0.000830732
-0.000847661
-0.00086486
-0.000882328
-0.000900061
-0.000918056
-0.000936307
-0.000954808
-0.000973553
-0.000992532
-0.00101174
-0.00103116
-0.00105078
-0.00107059
-0.00107059
-0.00105078
-0.00103116
-0.00101174
-0.000992532
-0.000973553
-0.000954808
-0.000936307
-0.000918056
-0.000900061
-0.000882328
-0.00086486
-0.000847661
-0.000830732
-0.000814075
-0.000797691
-0.000781581
-0.000765743
-0.000750177
-0.000734882
-0.000719855
-0.000705097
-0.000690603
-0.000676372
-0.000662402
-0.000648688
-0.000635229
-0.000622022
-0.000609063
-0.000596348
-0.000583875
-0.00057164
-0.00055964
-0.000547871
-0.00053633
-0.000525013
-0.000513917
-0.000503037
-0.000492371
-0.000481915
-0.000471666
-0.000461619
-0.000451772
-0.000442121
-0.000432662
-0.000423392
-0.000414308
-0.000405407
-0.000396684
-0.000388137
-0.000379763
-0.000371558
-0.000363519
-0.000355644
-0.000347928
-0.000340369
-0.000332965
-0.000325711
-0.000318606
-0.000311646
-0.000304829
-0.000298151
-0.00029161
-0.000285204
-0.00027893
-0.000272784
-0.000266766
-0.000260871
-0.000255098
-0.000249445
-0.000243908
-0.000238486
-0.000233176
-0.000227976
-0.000222884
-0.000217898
-0.000213015
-0.000208234
-0.000203552
-0.000198968
-0.000194479
-0.000190083
-0.000185779
-0.000181565
-0.000177439
-0.000173398
-0.000169443
-0.000165569
-0.000161777
-0.000158064
-0.000154429
-0.000150869
-0.000147385
-0.000143973
-0.000140632
-0.000137362
-0.00013416
-0.000131025
-0.000127956
-0.000124951
-0.000122009
-0.000119129
-0.000116309
-0.000113549
-0.000110846
-0.0001082
-0.00010561
-0.000103074
-0.000100591
-9.816e-05
-9.57803e-05
-9.34505e-05
-9.11697e-05
-8.89367e-05
-8.67506e-05
-8.46104e-05
-8.2515e-05
-8.04637e-05
-7.84554e-05
-7.64893e-05
-7.45644e-05
-7.26799e-05
-7.08349e-05
-6.90286e-05
-6.72602e-05
-6.55288e-05
-6.38338e-05
-6.21743e-05
-6.05496e-05
-5.8959e-05
-5.74017e-05
-5.58771e-05
-5.43845e-05
-5.29231e-05
-5.14924e-05
-5.00918e-05
-4.87205e-05
-4.73781e-05
-4.60638e-05
-4.47772e-05
-4.35177e-05
-4.22848e-05
-4.10778e-05
-3.98964e-05
-3.874e-05
-3.76081e-05
-3.65004e-05
-3.54163e-05
-3.43553e-05
-3.33172e-05
-3.23014e-05
-3.13077e-05
-3.03356e-05
-2.93849e-05
-2.84551e-05
-2.75459e-05
-2.66571e-05
-2.57884e-05
-2.49395e-05
-2.41101e-05
-2.33e-05
-2.25091e-05
-2.17369e-05
-2.09835e-05
-2.02486e-05
-1.95319e-05
-1.88334e-05
-1.81528e-05
-1.74901e-05
-1.6845e-05
-1.62173e-05
-1.5607e-05
-1.50138e-05
-1.44376e-05
-1.38781e-05
-1.33353e-05
-1.28089e-05
-1.22987e-05
-1.18045e-05
-1.1326e-05
-1.08631e-05
-1.04153e-05
-9.98258e-06
-9.56447e-06
-9.16076e-06
-8.7711e-06
-8.39521e-06
-8.03273e-06
-7.68333e-06
-7.34669e-06
-7.02246e-06
-6.71029e-06
-6.40984e-06
-6.12074e-06
-5.84265e-06
-5.57525e-06
-5.31819e-06
-5.07112e-06
-4.83372e-06
-4.60565e-06
-4.3866e-06
-4.17627e-06
-3.97435e-06
-3.78052e-06
-3.59451e-06
-3.41603e-06
-3.24481e-06
-3.08058e-06
-2.9231e-06
-2.77208e-06
-2.62732e-06
-2.48856e-06
-2.35559e-06
-2.22818e-06
-2.10613e-06
-1.98922e-06
-1.87726e-06
-1.77007e-06
-1.66745e-06
-1.56924e-06
-1.47526e-06
-1.38534e-06
-1.29934e-06
-1.21709e-06
-1.13846e-06
-1.06329e-06
-9.9146e-07
-9.2283e-07
-8.57276e-07
-7.94676e-07
-7.34916e-07
-6.77876e-07
-6.23454e-07
-5.71545e-07
-5.22048e-07
-4.74866e-07
-4.29903e-07
-3.87075e-07
-3.46294e-07
-3.07473e-07
-2.70538e-07
-2.35409e-07
-2.02013e-07
-1.7028e-07
-1.4014e-07
-1.11529e-07
-8.43826e-08
-5.86404e-08
-3.42442e-08
-1.11377e-08
-0.00107059
-0.00105078
-0.00103116
-0.00101174
-0.000992532
-0.000973553
-0.000954808
-0.000936307
-0.000918056
-0.000900061
-0.000882328
-0.00086486
-0.000847661
-0.000830732
-0.000814075
-0.000797691
-0.000781581
-0.000765743
-0.000750177
-0.000734882
-0.000719855
-0.000705097
-0.000690603
-0.000676372
-0.000662402
-0.000648688
-0.000635229
-0.000622022
-0.000609063
-0.000596348
-0.000583875
-0.00057164
-0.00055964
-0.000547871
-0.00053633
-0.000525013
-0.000513917
-0.000503037
-0.000492371
-0.000481915
-0.000471666
-0.000461619
-0.000451772
-0.000442121
-0.000432662
-0.000423392
-0.000414308
-0.000405407
-0.000396684
-0.000388137
-0.000379763
-0.000371558
-0.000363519
-0.000355644
-0.000347928
-0.000340369
-0.000332965
-0.000325711
-0.000318606
-0.000311646
-0.000304829
-0.000298151
-0.00029161
-0.000285204
-0.00027893
-0.000272784
-0.000266766
-0.000260871
-0.000255098
-0.000249445
-0.000243908
-0.000238486
-0.000233176
-0.000227976
-0.000222884
-0.000217898
-0.000213015
-0.000208234
-0.000203552
-0.000198968
-0.000194479
-0.000190083
-0.000185779
-0.000181565
-0.000177439
-0.000173398
-0.000169443
-0.000165569
-0.000161777
-0.000158064
-0.000154429
-0.000150869
-0.000147385
-0.000143973
-0.000140632
-0.000137362
-0.00013416
-0.000131025
-0.000127956
-0.000124951
-0.000122009
-0.000119129
-0.000116309
-0.000113549
-0.000110846
-0.0001082
-0.00010561
-0.000103074
-0.000100591
-9.816e-05
-9.57803e-05
-9.34505e-05
-9.11697e-05
-8.89367e-05
-8.67506e-05
-8.46104e-05
-8.2515e-05
-8.04637e-05
-7.84554e-05
-7.64893e-05
-7.45644e-05
-7.26799e-05
-7.08349e-05
-6.90286e-05
-6.72602e-05
-6.55288e-05
-6.38338e-05
-6.21743e-05
-6.05496e-05
-5.8959e-05
-5.74017e-05
-5.58771e-05
-5.43845e-05
-5.29231e-05
-5.14924e-05
-5.00918e-05
-4.87205e-05
-4.73781e-05
-4.60638e-05
-4.47772e-05
-4.35177e-05
-4.22848e-05
-4.10778e-05
-3.98964e-05
-3.874e-05
-3.76081e-05
-3.65004e-05
-3.54163e-05
-3.43553e-05
-3.33172e-05
-3.23014e-05
-3.13077e-05
-3.03356e-05
-2.93849e-05
-2.84551e-05
-2.75459e-05
-2.66571e-05
-2.57884e-05
-2.49395e-05
-2.41101e-05
-2.33e-05
-2.25091e-05
-2.17369e-05
-2.09835e-05
-2.02486e-05
-1.95319e-05
-1.88334e-05
-1.81528e-05
-1.74901e-05
-1.6845e-05
-1.62173e-05
-1.5607e-05
-1.50138e-05
-1.44376e-05
-1.38781e-05
-1.33353e-05
-1.28089e-05
-1.22987e-05
-1.18045e-05
-1.1326e-05
-1.08631e-05
-1.04153e-05
-9.98258e-06
-9.56447e-06
-9.16076e-06
-8.7711e-06
-8.39521e-06
-8.03273e-06
-7.68333e-06
-7.34669e-06
-7.02246e-06
-6.71029e-06
-6.40984e-06
-6.12074e-06
-5.84265e-06
-5.57525e-06
-5.31819e-06
-5.07112e-06
-4.83372e-06
-4.60565e-06
-4.3866e-06
-4.17627e-06
-3.97435e-06
-3.78052e-06
-3.59451e-06
-3.41603e-06
-3.24481e-06
-3.08058e-06
-2.9231e-06
-2.77208e-06
-2.62732e-06
-2.48856e-06
-2.35559e-06
-2.22818e-06
-2.10613e-06
-1.98922e-06
-1.87726e-06
-1.77007e-06
-1.66745e-06
-1.56924e-06
-1.47526e-06
-1.38534e-06
-1.29934e-06
-1.21709e-06
-1.13846e-06
-1.06329e-06
-9.9146e-07
-9.2283e-07
-8.57276e-07
-7.94676e-07
-7.34916e-07
-6.77876e-07
-6.23454e-07
-5.71545e-07
-5.22048e-07
-4.74866e-07
-4.29903e-07
-3.87075e-07
-3.46294e-07
-3.07473e-07
-2.70538e-07
-2.35409e-07
-2.02013e-07
-1.7028e-07
-1.4014e-07
-1.11529e-07
-8.43826e-08
-5.86404e-08
-3.42442e-08
-1.11377e-08
)
;
    }
    outlet
    {
        type            cyclic;
        value           nonuniform List<scalar> 
1000
(
1.11376e-08
3.42442e-08
5.86404e-08
8.43825e-08
1.11529e-07
1.4014e-07
1.7028e-07
2.02013e-07
2.35409e-07
2.70538e-07
3.07473e-07
3.46292e-07
3.87075e-07
4.29904e-07
4.74865e-07
5.22048e-07
5.71546e-07
6.23455e-07
6.77876e-07
7.34914e-07
7.94676e-07
8.57276e-07
9.2283e-07
9.91461e-07
1.06329e-06
1.13846e-06
1.21709e-06
1.29934e-06
1.38534e-06
1.47526e-06
1.56924e-06
1.66745e-06
1.77007e-06
1.87726e-06
1.98922e-06
2.10612e-06
2.22818e-06
2.35559e-06
2.48856e-06
2.62732e-06
2.77208e-06
2.92309e-06
3.08058e-06
3.24481e-06
3.41603e-06
3.59451e-06
3.78052e-06
3.97434e-06
4.17627e-06
4.38661e-06
4.60565e-06
4.83371e-06
5.07112e-06
5.31819e-06
5.57526e-06
5.84266e-06
6.12073e-06
6.40983e-06
6.71029e-06
7.02246e-06
7.3467e-06
7.68334e-06
8.03272e-06
8.3952e-06
8.7711e-06
9.16075e-06
9.56447e-06
9.98257e-06
1.04153e-05
1.08631e-05
1.13261e-05
1.18045e-05
1.22987e-05
1.28089e-05
1.33353e-05
1.38781e-05
1.44376e-05
1.50138e-05
1.5607e-05
1.62173e-05
1.6845e-05
1.74901e-05
1.81528e-05
1.88334e-05
1.95319e-05
2.02486e-05
2.09835e-05
2.1737e-05
2.25091e-05
2.33e-05
2.41101e-05
2.49395e-05
2.57884e-05
2.66571e-05
2.75459e-05
2.84551e-05
2.93849e-05
3.03356e-05
3.13077e-05
3.23014e-05
3.33172e-05
3.43553e-05
3.54163e-05
3.65004e-05
3.76082e-05
3.874e-05
3.98964e-05
4.10778e-05
4.22848e-05
4.35177e-05
4.47772e-05
4.60638e-05
4.73781e-05
4.87205e-05
5.00918e-05
5.14924e-05
5.29231e-05
5.43845e-05
5.58771e-05
5.74017e-05
5.8959e-05
6.05496e-05
6.21743e-05
6.38338e-05
6.55288e-05
6.72602e-05
6.90286e-05
7.08349e-05
7.26799e-05
7.45644e-05
7.64893e-05
7.84554e-05
8.04637e-05
8.25151e-05
8.46104e-05
8.67506e-05
8.89367e-05
9.11697e-05
9.34505e-05
9.57803e-05
9.816e-05
0.000100591
0.000103074
0.00010561
0.0001082
0.000110846
0.000113549
0.000116309
0.000119129
0.000122009
0.000124951
0.000127956
0.000131025
0.00013416
0.000137362
0.000140632
0.000143973
0.000147385
0.000150869
0.000154429
0.000158064
0.000161777
0.000165569
0.000169443
0.000173398
0.000177439
0.000181565
0.000185779
0.000190083
0.000194479
0.000198968
0.000203552
0.000208234
0.000213015
0.000217898
0.000222884
0.000227976
0.000233176
0.000238486
0.000243908
0.000249445
0.000255098
0.000260871
0.000266766
0.000272784
0.00027893
0.000285204
0.00029161
0.000298151
0.000304829
0.000311646
0.000318606
0.000325711
0.000332965
0.00034037
0.000347928
0.000355644
0.000363519
0.000371558
0.000379763
0.000388137
0.000396684
0.000405407
0.000414308
0.000423392
0.000432662
0.000442121
0.000451772
0.000461619
0.000471666
0.000481915
0.000492371
0.000503037
0.000513917
0.000525013
0.00053633
0.000547871
0.00055964
0.00057164
0.000583875
0.000596348
0.000609063
0.000622022
0.000635229
0.000648688
0.000662402
0.000676372
0.000690603
0.000705097
0.000719855
0.000734882
0.000750177
0.000765743
0.000781581
0.000797691
0.000814075
0.000830732
0.000847661
0.00086486
0.000882328
0.000900061
0.000918056
0.000936307
0.000954808
0.000973553
0.000992532
0.00101174
0.00103116
0.00105078
0.00107059
1.11376e-08
3.42442e-08
5.86404e-08
8.43825e-08
1.11529e-07
1.4014e-07
1.7028e-07
2.02013e-07
2.35409e-07
2.70538e-07
3.07473e-07
3.46292e-07
3.87075e-07
4.29904e-07
4.74865e-07
5.22048e-07
5.71546e-07
6.23455e-07
6.77876e-07
7.34914e-07
7.94676e-07
8.57276e-07
9.2283e-07
9.91461e-07
1.06329e-06
1.13846e-06
1.21709e-06
1.29934e-06
1.38534e-06
1.47526e-06
1.56924e-06
1.66745e-06
1.77007e-06
1.87726e-06
1.98922e-06
2.10612e-06
2.22818e-06
2.35559e-06
2.48856e-06
2.62732e-06
2.77208e-06
2.92309e-06
3.08058e-06
3.24481e-06
3.41603e-06
3.59451e-06
3.78052e-06
3.97434e-06
4.17627e-06
4.38661e-06
4.60565e-06
4.83371e-06
5.07112e-06
5.31819e-06
5.57526e-06
5.84266e-06
6.12073e-06
6.40983e-06
6.71029e-06
7.02246e-06
7.3467e-06
7.68334e-06
8.03272e-06
8.3952e-06
8.7711e-06
9.16075e-06
9.56447e-06
9.98257e-06
1.04153e-05
1.08631e-05
1.13261e-05
1.18045e-05
1.22987e-05
1.28089e-05
1.33353e-05
1.38781e-05
1.44376e-05
1.50138e-05
1.5607e-05
1.62173e-05
1.6845e-05
1.74901e-05
1.81528e-05
1.88334e-05
1.95319e-05
2.02486e-05
2.09835e-05
2.1737e-05
2.25091e-05
2.33e-05
2.41101e-05
2.49395e-05
2.57884e-05
2.66571e-05
2.75459e-05
2.84551e-05
2.93849e-05
3.03356e-05
3.13077e-05
3.23014e-05
3.33172e-05
3.43553e-05
3.54163e-05
3.65004e-05
3.76082e-05
3.874e-05
3.98964e-05
4.10778e-05
4.22848e-05
4.35177e-05
4.47772e-05
4.60638e-05
4.73781e-05
4.87205e-05
5.00918e-05
5.14924e-05
5.29231e-05
5.43845e-05
5.58771e-05
5.74017e-05
5.8959e-05
6.05496e-05
6.21743e-05
6.38338e-05
6.55288e-05
6.72602e-05
6.90286e-05
7.08349e-05
7.26799e-05
7.45644e-05
7.64893e-05
7.84554e-05
8.04637e-05
8.25151e-05
8.46104e-05
8.67506e-05
8.89367e-05
9.11697e-05
9.34505e-05
9.57803e-05
9.816e-05
0.000100591
0.000103074
0.00010561
0.0001082
0.000110846
0.000113549
0.000116309
0.000119129
0.000122009
0.000124951
0.000127956
0.000131025
0.00013416
0.000137362
0.000140632
0.000143973
0.000147385
0.000150869
0.000154429
0.000158064
0.000161777
0.000165569
0.000169443
0.000173398
0.000177439
0.000181565
0.000185779
0.000190083
0.000194479
0.000198968
0.000203552
0.000208234
0.000213015
0.000217898
0.000222884
0.000227976
0.000233176
0.000238486
0.000243908
0.000249445
0.000255098
0.000260871
0.000266766
0.000272784
0.00027893
0.000285204
0.00029161
0.000298151
0.000304829
0.000311646
0.000318606
0.000325711
0.000332965
0.00034037
0.000347928
0.000355644
0.000363519
0.000371558
0.000379763
0.000388137
0.000396684
0.000405407
0.000414308
0.000423392
0.000432662
0.000442121
0.000451772
0.000461619
0.000471666
0.000481915
0.000492371
0.000503037
0.000513917
0.000525013
0.00053633
0.000547871
0.00055964
0.00057164
0.000583875
0.000596348
0.000609063
0.000622022
0.000635229
0.000648688
0.000662402
0.000676372
0.000690603
0.000705097
0.000719855
0.000734882
0.000750177
0.000765743
0.000781581
0.000797691
0.000814075
0.000830732
0.000847661
0.00086486
0.000882328
0.000900061
0.000918056
0.000936307
0.000954808
0.000973553
0.000992532
0.00101174
0.00103116
0.00105078
0.00107059
0.00107059
0.00105078
0.00103116
0.00101174
0.000992532
0.000973553
0.000954808
0.000936307
0.000918056
0.000900061
0.000882328
0.00086486
0.000847661
0.000830732
0.000814075
0.000797691
0.000781581
0.000765743
0.000750177
0.000734882
0.000719855
0.000705097
0.000690603
0.000676372
0.000662402
0.000648688
0.000635229
0.000622022
0.000609063
0.000596348
0.000583875
0.00057164
0.00055964
0.000547871
0.00053633
0.000525013
0.000513917
0.000503037
0.000492371
0.000481915
0.000471666
0.000461619
0.000451772
0.000442121
0.000432662
0.000423392
0.000414308
0.000405407
0.000396684
0.000388137
0.000379763
0.000371558
0.000363519
0.000355644
0.000347928
0.000340369
0.000332965
0.000325711
0.000318606
0.000311646
0.000304829
0.000298151
0.00029161
0.000285204
0.00027893
0.000272784
0.000266766
0.000260871
0.000255098
0.000249445
0.000243908
0.000238486
0.000233176
0.000227976
0.000222884
0.000217898
0.000213015
0.000208234
0.000203552
0.000198968
0.000194479
0.000190083
0.000185779
0.000181565
0.000177439
0.000173398
0.000169443
0.000165569
0.000161777
0.000158064
0.000154429
0.000150869
0.000147385
0.000143973
0.000140632
0.000137362
0.00013416
0.000131025
0.000127956
0.000124951
0.000122009
0.000119129
0.000116309
0.000113549
0.000110846
0.0001082
0.00010561
0.000103074
0.000100591
9.816e-05
9.57803e-05
9.34505e-05
9.11697e-05
8.89367e-05
8.67506e-05
8.46104e-05
8.2515e-05
8.04637e-05
7.84554e-05
7.64893e-05
7.45644e-05
7.26799e-05
7.08349e-05
6.90286e-05
6.72602e-05
6.55288e-05
6.38338e-05
6.21743e-05
6.05496e-05
5.8959e-05
5.74017e-05
5.58771e-05
5.43845e-05
5.29231e-05
5.14924e-05
5.00918e-05
4.87205e-05
4.73781e-05
4.60638e-05
4.47772e-05
4.35177e-05
4.22848e-05
4.10778e-05
3.98964e-05
3.874e-05
3.76081e-05
3.65004e-05
3.54163e-05
3.43553e-05
3.33172e-05
3.23014e-05
3.13077e-05
3.03356e-05
2.93849e-05
2.84551e-05
2.75459e-05
2.66571e-05
2.57884e-05
2.49395e-05
2.41101e-05
2.33e-05
2.25091e-05
2.17369e-05
2.09835e-05
2.02486e-05
1.95319e-05
1.88334e-05
1.81528e-05
1.74901e-05
1.6845e-05
1.62173e-05
1.5607e-05
1.50138e-05
1.44376e-05
1.38781e-05
1.33353e-05
1.28089e-05
1.22987e-05
1.18045e-05
1.1326e-05
1.08631e-05
1.04153e-05
9.98258e-06
9.56447e-06
9.16076e-06
8.7711e-06
8.39521e-06
8.03273e-06
7.68333e-06
7.34669e-06
7.02246e-06
6.71029e-06
6.40984e-06
6.12074e-06
5.84265e-06
5.57525e-06
5.31819e-06
5.07112e-06
4.83372e-06
4.60565e-06
4.3866e-06
4.17627e-06
3.97435e-06
3.78052e-06
3.59451e-06
3.41603e-06
3.24481e-06
3.08058e-06
2.9231e-06
2.77208e-06
2.62732e-06
2.48856e-06
2.35559e-06
2.22818e-06
2.10613e-06
1.98922e-06
1.87726e-06
1.77007e-06
1.66745e-06
1.56924e-06
1.47526e-06
1.38534e-06
1.29934e-06
1.21709e-06
1.13846e-06
1.06329e-06
9.9146e-07
9.2283e-07
8.57276e-07
7.94676e-07
7.34916e-07
6.77876e-07
6.23454e-07
5.71545e-07
5.22048e-07
4.74866e-07
4.29903e-07
3.87075e-07
3.46294e-07
3.07473e-07
2.70538e-07
2.35409e-07
2.02013e-07
1.7028e-07
1.4014e-07
1.11529e-07
8.43826e-08
5.86404e-08
3.42442e-08
1.11377e-08
0.00107059
0.00105078
0.00103116
0.00101174
0.000992532
0.000973553
0.000954808
0.000936307
0.000918056
0.000900061
0.000882328
0.00086486
0.000847661
0.000830732
0.000814075
0.000797691
0.000781581
0.000765743
0.000750177
0.000734882
0.000719855
0.000705097
0.000690603
0.000676372
0.000662402
0.000648688
0.000635229
0.000622022
0.000609063
0.000596348
0.000583875
0.00057164
0.00055964
0.000547871
0.00053633
0.000525013
0.000513917
0.000503037
0.000492371
0.000481915
0.000471666
0.000461619
0.000451772
0.000442121
0.000432662
0.000423392
0.000414308
0.000405407
0.000396684
0.000388137
0.000379763
0.000371558
0.000363519
0.000355644
0.000347928
0.000340369
0.000332965
0.000325711
0.000318606
0.000311646
0.000304829
0.000298151
0.00029161
0.000285204
0.00027893
0.000272784
0.000266766
0.000260871
0.000255098
0.000249445
0.000243908
0.000238486
0.000233176
0.000227976
0.000222884
0.000217898
0.000213015
0.000208234
0.000203552
0.000198968
0.000194479
0.000190083
0.000185779
0.000181565
0.000177439
0.000173398
0.000169443
0.000165569
0.000161777
0.000158064
0.000154429
0.000150869
0.000147385
0.000143973
0.000140632
0.000137362
0.00013416
0.000131025
0.000127956
0.000124951
0.000122009
0.000119129
0.000116309
0.000113549
0.000110846
0.0001082
0.00010561
0.000103074
0.000100591
9.816e-05
9.57803e-05
9.34505e-05
9.11697e-05
8.89367e-05
8.67506e-05
8.46104e-05
8.2515e-05
8.04637e-05
7.84554e-05
7.64893e-05
7.45644e-05
7.26799e-05
7.08349e-05
6.90286e-05
6.72602e-05
6.55288e-05
6.38338e-05
6.21743e-05
6.05496e-05
5.8959e-05
5.74017e-05
5.58771e-05
5.43845e-05
5.29231e-05
5.14924e-05
5.00918e-05
4.87205e-05
4.73781e-05
4.60638e-05
4.47772e-05
4.35177e-05
4.22848e-05
4.10778e-05
3.98964e-05
3.874e-05
3.76081e-05
3.65004e-05
3.54163e-05
3.43553e-05
3.33172e-05
3.23014e-05
3.13077e-05
3.03356e-05
2.93849e-05
2.84551e-05
2.75459e-05
2.66571e-05
2.57884e-05
2.49395e-05
2.41101e-05
2.33e-05
2.25091e-05
2.17369e-05
2.09835e-05
2.02486e-05
1.95319e-05
1.88334e-05
1.81528e-05
1.74901e-05
1.6845e-05
1.62173e-05
1.5607e-05
1.50138e-05
1.44376e-05
1.38781e-05
1.33353e-05
1.28089e-05
1.22987e-05
1.18045e-05
1.1326e-05
1.08631e-05
1.04153e-05
9.98258e-06
9.56447e-06
9.16076e-06
8.7711e-06
8.39521e-06
8.03273e-06
7.68333e-06
7.34669e-06
7.02246e-06
6.71029e-06
6.40984e-06
6.12074e-06
5.84265e-06
5.57525e-06
5.31819e-06
5.07112e-06
4.83372e-06
4.60565e-06
4.3866e-06
4.17627e-06
3.97435e-06
3.78052e-06
3.59451e-06
3.41603e-06
3.24481e-06
3.08058e-06
2.9231e-06
2.77208e-06
2.62732e-06
2.48856e-06
2.35559e-06
2.22818e-06
2.10613e-06
1.98922e-06
1.87726e-06
1.77007e-06
1.66745e-06
1.56924e-06
1.47526e-06
1.38534e-06
1.29934e-06
1.21709e-06
1.13846e-06
1.06329e-06
9.9146e-07
9.2283e-07
8.57276e-07
7.94676e-07
7.34916e-07
6.77876e-07
6.23454e-07
5.71545e-07
5.22048e-07
4.74866e-07
4.29903e-07
3.87075e-07
3.46294e-07
3.07473e-07
2.70538e-07
2.35409e-07
2.02013e-07
1.7028e-07
1.4014e-07
1.11529e-07
8.43826e-08
5.86404e-08
3.42442e-08
1.11377e-08
)
;
    }
    sides
    {
        type            empty;
        value           nonuniform List<scalar> 0();
    }
}


// ************************************************************************* //
