/*--------------------------------*- C++ -*----------------------------------*\
| =========                 |                                                 |
| \\      /  F ield         | OpenFOAM: The Open Source CFD Toolbox           |
|  \\    /   O peration     | Version:  2106                                  |
|   \\  /    A nd           | Website:  www.openfoam.com                      |
|    \\/     M anipulation  |                                                 |
\*---------------------------------------------------------------------------*/
FoamFile
{
    version     2.0;
    format      ascii;
    arch        "LSB;label=32;scalar=64";
    class       volScalarField;
    location    "10060";
    object      T;
}
// * * * * * * * * * * * * * * * * * * * * * * * * * * * * * * * * * * * * * //

dimensions      [0 0 0 1 0 0 0];

internalField   nonuniform List<scalar> 
2000
(
0.00973761
0.00973761
0.0293946
0.0293946
0.0494185
0.0494185
0.0698162
0.0698162
0.0905946
0.0905946
0.111761
0.111761
0.133322
0.133322
0.155286
0.155286
0.177659
0.177659
0.200451
0.200451
0.223667
0.223667
0.247317
0.247317
0.271408
0.271408
0.295949
0.295949
0.320947
0.320947
0.346412
0.346412
0.372352
0.372352
0.398776
0.398776
0.425694
0.425694
0.453113
0.453113
0.481043
0.481043
0.509495
0.509495
0.538477
0.538477
0.568
0.568
0.598074
0.598074
0.628708
0.628708
0.659913
0.659913
0.691701
0.691701
0.72408
0.72408
0.757064
0.757064
0.790661
0.790661
0.824885
0.824885
0.859747
0.859747
0.895258
0.895258
0.93143
0.93143
0.968275
0.968275
1.00581
1.00581
1.04404
1.04404
1.08298
1.08298
1.12264
1.12264
1.16304
1.16304
1.20419
1.20419
1.24611
1.24611
1.2888
1.2888
1.33229
1.33229
1.37657
1.37657
1.42168
1.42168
1.46762
1.46762
1.51441
1.51441
1.56206
1.56206
1.61059
1.61059
1.66
1.66
1.71032
1.71032
1.76156
1.76156
1.81374
1.81374
1.86685
1.86685
1.92093
1.92093
1.97599
1.97599
2.03203
2.03203
2.08906
2.08906
2.14711
2.14711
2.20618
2.20618
2.26628
2.26628
2.32743
2.32743
2.38962
2.38962
2.45286
2.45286
2.51717
2.51717
2.58254
2.58254
2.64898
2.64898
2.71649
2.71649
2.78506
2.78506
2.85469
2.85469
2.92537
2.92537
2.9971
2.9971
3.06986
3.06986
3.14364
3.14364
3.21841
3.21841
3.29416
3.29416
3.37086
3.37086
3.44848
3.44848
3.52699
3.52699
3.60636
3.60636
3.68654
3.68654
3.7675
3.7675
3.8492
3.8492
3.93158
3.93158
4.01459
4.01459
4.09819
4.09819
4.18233
4.18233
4.26694
4.26694
4.35198
4.35198
4.43738
4.43738
4.52309
4.52309
4.60906
4.60906
4.69523
4.69523
4.78155
4.78155
4.86795
4.86795
4.9544
4.9544
5.04083
5.04083
5.12721
5.12721
5.21348
5.21348
5.29961
5.29961
5.38554
5.38554
5.47125
5.47125
5.55669
5.55669
5.64183
5.64183
5.72665
5.72665
5.81111
5.81111
5.89518
5.89518
5.97886
5.97886
6.0621
6.0621
6.1449
6.1449
6.22724
6.22724
6.30911
6.30911
6.39048
6.39048
6.47136
6.47136
6.55174
6.55174
6.6316
6.6316
6.71094
6.71094
6.78976
6.78976
6.86805
6.86805
6.94581
6.94581
7.02305
7.02305
7.09975
7.09975
7.17594
7.17594
7.25159
7.25159
7.32673
7.32673
7.40134
7.40134
7.47544
7.47544
7.54903
7.54903
7.62211
7.62211
7.6947
7.6947
7.76679
7.76679
7.83839
7.83839
7.90951
7.90951
7.98015
7.98015
8.05032
8.05032
8.12003
8.12003
8.18929
8.18929
8.25809
8.25809
8.32646
8.32646
8.39439
8.39439
8.46189
8.46189
8.52897
8.52897
8.59563
8.59563
8.66189
8.66189
8.72775
8.72775
8.79321
8.79321
8.85829
8.85829
8.92299
8.92299
8.98732
8.98732
9.05127
9.05127
9.11487
9.11487
9.17812
9.17812
9.24101
9.24101
9.30357
9.30357
9.36579
9.36579
9.42768
9.42768
9.48924
9.48924
9.55049
9.55049
9.61142
9.61142
9.67204
9.67204
9.73236
9.73236
9.79238
9.79238
9.8521
9.8521
9.91154
9.91154
9.97069
9.97069
10.0296
10.0296
10.0882
10.0882
10.1465
10.1465
10.2045
10.2045
10.2623
10.2623
10.3198
10.3198
10.3771
10.3771
10.4341
10.4341
10.4909
10.4909
10.5474
10.5474
10.6036
10.6036
10.6596
10.6596
10.7154
10.7154
10.7709
10.7709
10.8261
10.8261
10.8812
10.8812
10.936
10.936
10.9905
10.9905
11.0448
11.0448
11.0989
11.0989
11.1527
11.1527
11.2063
11.2063
11.2597
11.2597
11.3128
11.3128
11.3657
11.3657
11.4183
11.4183
11.4707
11.4707
11.5228
11.5228
11.5747
11.5747
11.6263
11.6263
11.6777
11.6777
11.7288
11.7288
11.7797
11.7797
11.8303
11.8303
11.8806
11.8806
11.9306
11.9306
11.9804
11.9804
12.0298
12.0298
12.079
12.079
12.1278
12.1278
12.1764
12.1764
12.2246
12.2246
12.2724
12.2724
12.32
12.32
12.3671
12.3671
12.414
12.414
12.4604
12.4604
12.5064
12.5064
12.552
12.552
12.5972
12.5972
12.6419
12.6419
12.6862
12.6862
12.73
12.73
12.7733
12.7733
12.816
12.816
12.8582
12.8582
12.8998
12.8998
12.9408
12.9408
12.9812
12.9812
13.0208
13.0208
13.0598
13.0598
13.098
13.098
13.1354
13.1354
13.1719
13.1719
13.2075
13.2075
13.2422
13.2422
13.2758
13.2758
13.3084
13.3084
13.3398
13.3398
13.37
13.37
13.3988
13.3988
13.4262
13.4262
13.4521
13.4521
13.4764
13.4764
13.4989
13.4989
13.5196
13.5196
13.5382
13.5382
13.5547
13.5547
13.5688
13.5688
13.5805
13.5805
13.5895
13.5895
13.5957
13.5957
13.5989
13.5989
0.00973761
0.00973761
0.0293946
0.0293946
0.0494185
0.0494185
0.0698162
0.0698162
0.0905946
0.0905946
0.111761
0.111761
0.133322
0.133322
0.155286
0.155286
0.177659
0.177659
0.200451
0.200451
0.223667
0.223667
0.247317
0.247317
0.271408
0.271408
0.295949
0.295949
0.320947
0.320947
0.346412
0.346412
0.372352
0.372352
0.398776
0.398776
0.425694
0.425694
0.453113
0.453113
0.481043
0.481043
0.509495
0.509495
0.538477
0.538477
0.568
0.568
0.598074
0.598074
0.628708
0.628708
0.659913
0.659913
0.691701
0.691701
0.72408
0.72408
0.757064
0.757064
0.790661
0.790661
0.824885
0.824885
0.859747
0.859747
0.895258
0.895258
0.93143
0.93143
0.968275
0.968275
1.00581
1.00581
1.04404
1.04404
1.08298
1.08298
1.12264
1.12264
1.16304
1.16304
1.20419
1.20419
1.24611
1.24611
1.2888
1.2888
1.33229
1.33229
1.37657
1.37657
1.42168
1.42168
1.46762
1.46762
1.51441
1.51441
1.56206
1.56206
1.61059
1.61059
1.66
1.66
1.71032
1.71032
1.76156
1.76156
1.81374
1.81374
1.86685
1.86685
1.92093
1.92093
1.97599
1.97599
2.03203
2.03203
2.08906
2.08906
2.14711
2.14711
2.20618
2.20618
2.26628
2.26628
2.32743
2.32743
2.38962
2.38962
2.45286
2.45286
2.51717
2.51717
2.58254
2.58254
2.64898
2.64898
2.71649
2.71649
2.78506
2.78506
2.85469
2.85469
2.92537
2.92537
2.9971
2.9971
3.06986
3.06986
3.14364
3.14364
3.21841
3.21841
3.29416
3.29416
3.37086
3.37086
3.44848
3.44848
3.52699
3.52699
3.60636
3.60636
3.68654
3.68654
3.7675
3.7675
3.8492
3.8492
3.93158
3.93158
4.01459
4.01459
4.09819
4.09819
4.18233
4.18233
4.26694
4.26694
4.35198
4.35198
4.43738
4.43738
4.52309
4.52309
4.60906
4.60906
4.69523
4.69523
4.78155
4.78155
4.86795
4.86795
4.9544
4.9544
5.04083
5.04083
5.12721
5.12721
5.21348
5.21348
5.29961
5.29961
5.38554
5.38554
5.47125
5.47125
5.55669
5.55669
5.64183
5.64183
5.72665
5.72665
5.81111
5.81111
5.89518
5.89518
5.97886
5.97886
6.0621
6.0621
6.1449
6.1449
6.22724
6.22724
6.30911
6.30911
6.39048
6.39048
6.47136
6.47136
6.55174
6.55174
6.6316
6.6316
6.71094
6.71094
6.78976
6.78976
6.86805
6.86805
6.94581
6.94581
7.02305
7.02305
7.09975
7.09975
7.17594
7.17594
7.25159
7.25159
7.32673
7.32673
7.40134
7.40134
7.47544
7.47544
7.54903
7.54903
7.62211
7.62211
7.6947
7.6947
7.76679
7.76679
7.83839
7.83839
7.90951
7.90951
7.98015
7.98015
8.05032
8.05032
8.12003
8.12003
8.18929
8.18929
8.25809
8.25809
8.32646
8.32646
8.39439
8.39439
8.46189
8.46189
8.52897
8.52897
8.59563
8.59563
8.66189
8.66189
8.72775
8.72775
8.79321
8.79321
8.85829
8.85829
8.92299
8.92299
8.98732
8.98732
9.05127
9.05127
9.11487
9.11487
9.17812
9.17812
9.24101
9.24101
9.30357
9.30357
9.36579
9.36579
9.42768
9.42768
9.48924
9.48924
9.55049
9.55049
9.61142
9.61142
9.67204
9.67204
9.73236
9.73236
9.79238
9.79238
9.8521
9.8521
9.91154
9.91154
9.97069
9.97069
10.0296
10.0296
10.0882
10.0882
10.1465
10.1465
10.2045
10.2045
10.2623
10.2623
10.3198
10.3198
10.3771
10.3771
10.4341
10.4341
10.4909
10.4909
10.5474
10.5474
10.6036
10.6036
10.6596
10.6596
10.7154
10.7154
10.7709
10.7709
10.8261
10.8261
10.8812
10.8812
10.936
10.936
10.9905
10.9905
11.0448
11.0448
11.0989
11.0989
11.1527
11.1527
11.2063
11.2063
11.2597
11.2597
11.3128
11.3128
11.3657
11.3657
11.4183
11.4183
11.4707
11.4707
11.5228
11.5228
11.5747
11.5747
11.6263
11.6263
11.6777
11.6777
11.7288
11.7288
11.7797
11.7797
11.8303
11.8303
11.8806
11.8806
11.9306
11.9306
11.9804
11.9804
12.0298
12.0298
12.079
12.079
12.1278
12.1278
12.1764
12.1764
12.2246
12.2246
12.2724
12.2724
12.32
12.32
12.3671
12.3671
12.414
12.414
12.4604
12.4604
12.5064
12.5064
12.552
12.552
12.5972
12.5972
12.6419
12.6419
12.6862
12.6862
12.73
12.73
12.7733
12.7733
12.816
12.816
12.8582
12.8582
12.8998
12.8998
12.9408
12.9408
12.9812
12.9812
13.0208
13.0208
13.0598
13.0598
13.098
13.098
13.1354
13.1354
13.1719
13.1719
13.2075
13.2075
13.2422
13.2422
13.2758
13.2758
13.3084
13.3084
13.3398
13.3398
13.37
13.37
13.3988
13.3988
13.4262
13.4262
13.4521
13.4521
13.4764
13.4764
13.4989
13.4989
13.5196
13.5196
13.5382
13.5382
13.5547
13.5547
13.5688
13.5688
13.5805
13.5805
13.5895
13.5895
13.5957
13.5957
13.5989
13.5989
13.5989
13.5989
13.5957
13.5957
13.5895
13.5895
13.5805
13.5805
13.5688
13.5688
13.5547
13.5547
13.5382
13.5382
13.5196
13.5196
13.4989
13.4989
13.4764
13.4764
13.4521
13.4521
13.4262
13.4262
13.3988
13.3988
13.37
13.37
13.3398
13.3398
13.3084
13.3084
13.2758
13.2758
13.2422
13.2422
13.2075
13.2075
13.1719
13.1719
13.1354
13.1354
13.098
13.098
13.0598
13.0598
13.0208
13.0208
12.9812
12.9812
12.9408
12.9408
12.8998
12.8998
12.8582
12.8582
12.816
12.816
12.7733
12.7733
12.73
12.73
12.6862
12.6862
12.6419
12.6419
12.5972
12.5972
12.552
12.552
12.5064
12.5064
12.4604
12.4604
12.414
12.414
12.3671
12.3671
12.32
12.32
12.2724
12.2724
12.2246
12.2246
12.1764
12.1764
12.1278
12.1278
12.079
12.079
12.0298
12.0298
11.9804
11.9804
11.9306
11.9306
11.8806
11.8806
11.8303
11.8303
11.7797
11.7797
11.7288
11.7288
11.6777
11.6777
11.6263
11.6263
11.5747
11.5747
11.5228
11.5228
11.4707
11.4707
11.4183
11.4183
11.3657
11.3657
11.3128
11.3128
11.2597
11.2597
11.2063
11.2063
11.1527
11.1527
11.0989
11.0989
11.0448
11.0448
10.9905
10.9905
10.936
10.936
10.8812
10.8812
10.8261
10.8261
10.7709
10.7709
10.7154
10.7154
10.6596
10.6596
10.6036
10.6036
10.5474
10.5474
10.4909
10.4909
10.4341
10.4341
10.3771
10.3771
10.3198
10.3198
10.2623
10.2623
10.2045
10.2045
10.1465
10.1465
10.0882
10.0882
10.0296
10.0296
9.97069
9.97069
9.91154
9.91154
9.8521
9.8521
9.79238
9.79238
9.73236
9.73236
9.67204
9.67204
9.61142
9.61142
9.55049
9.55049
9.48924
9.48924
9.42768
9.42768
9.36579
9.36579
9.30357
9.30357
9.24101
9.24101
9.17812
9.17812
9.11487
9.11487
9.05127
9.05127
8.98732
8.98732
8.92299
8.92299
8.85829
8.85829
8.79321
8.79321
8.72775
8.72775
8.66189
8.66189
8.59563
8.59563
8.52897
8.52897
8.46189
8.46189
8.39439
8.39439
8.32646
8.32646
8.25809
8.25809
8.18929
8.18929
8.12003
8.12003
8.05032
8.05032
7.98015
7.98015
7.90951
7.90951
7.83839
7.83839
7.76679
7.76679
7.6947
7.6947
7.62211
7.62211
7.54903
7.54903
7.47544
7.47544
7.40134
7.40134
7.32673
7.32673
7.25159
7.25159
7.17594
7.17594
7.09975
7.09975
7.02305
7.02305
6.94581
6.94581
6.86805
6.86805
6.78976
6.78976
6.71094
6.71094
6.6316
6.6316
6.55174
6.55174
6.47136
6.47136
6.39048
6.39048
6.30911
6.30911
6.22724
6.22724
6.1449
6.1449
6.0621
6.0621
5.97886
5.97886
5.89518
5.89518
5.81111
5.81111
5.72665
5.72665
5.64183
5.64183
5.55669
5.55669
5.47125
5.47125
5.38554
5.38554
5.29961
5.29961
5.21348
5.21348
5.12721
5.12721
5.04083
5.04083
4.9544
4.9544
4.86795
4.86795
4.78155
4.78155
4.69523
4.69523
4.60906
4.60906
4.52309
4.52309
4.43738
4.43738
4.35198
4.35198
4.26694
4.26694
4.18233
4.18233
4.09819
4.09819
4.01459
4.01459
3.93158
3.93158
3.8492
3.8492
3.7675
3.7675
3.68654
3.68654
3.60636
3.60636
3.52699
3.52699
3.44848
3.44848
3.37086
3.37086
3.29416
3.29416
3.21841
3.21841
3.14364
3.14364
3.06986
3.06986
2.9971
2.9971
2.92537
2.92537
2.85469
2.85469
2.78506
2.78506
2.71649
2.71649
2.64898
2.64898
2.58254
2.58254
2.51717
2.51717
2.45286
2.45286
2.38962
2.38962
2.32742
2.32742
2.26628
2.26628
2.20618
2.20618
2.14711
2.14711
2.08906
2.08906
2.03203
2.03203
1.97599
1.97599
1.92093
1.92093
1.86685
1.86685
1.81374
1.81374
1.76156
1.76156
1.71032
1.71032
1.66
1.66
1.61059
1.61059
1.56206
1.56206
1.51441
1.51441
1.46762
1.46762
1.42168
1.42168
1.37657
1.37657
1.33228
1.33228
1.2888
1.2888
1.24611
1.24611
1.20419
1.20419
1.16304
1.16304
1.12264
1.12264
1.08298
1.08298
1.04404
1.04404
1.00581
1.00581
0.968275
0.968275
0.93143
0.93143
0.895258
0.895258
0.859747
0.859747
0.824885
0.824885
0.790661
0.790661
0.757064
0.757064
0.72408
0.72408
0.691701
0.691701
0.659913
0.659913
0.628708
0.628708
0.598074
0.598074
0.568
0.568
0.538477
0.538477
0.509495
0.509495
0.481043
0.481043
0.453113
0.453113
0.425693
0.425693
0.398776
0.398776
0.372352
0.372352
0.346412
0.346412
0.320947
0.320947
0.295949
0.295949
0.271408
0.271408
0.247317
0.247317
0.223667
0.223667
0.200451
0.200451
0.177659
0.177659
0.155286
0.155286
0.133322
0.133322
0.111761
0.111761
0.0905946
0.0905946
0.0698162
0.0698162
0.0494185
0.0494185
0.0293946
0.0293946
0.00973764
0.00973764
13.5989
13.5989
13.5957
13.5957
13.5895
13.5895
13.5805
13.5805
13.5688
13.5688
13.5547
13.5547
13.5382
13.5382
13.5196
13.5196
13.4989
13.4989
13.4764
13.4764
13.4521
13.4521
13.4262
13.4262
13.3988
13.3988
13.37
13.37
13.3398
13.3398
13.3084
13.3084
13.2758
13.2758
13.2422
13.2422
13.2075
13.2075
13.1719
13.1719
13.1354
13.1354
13.098
13.098
13.0598
13.0598
13.0208
13.0208
12.9812
12.9812
12.9408
12.9408
12.8998
12.8998
12.8582
12.8582
12.816
12.816
12.7733
12.7733
12.73
12.73
12.6862
12.6862
12.6419
12.6419
12.5972
12.5972
12.552
12.552
12.5064
12.5064
12.4604
12.4604
12.414
12.414
12.3671
12.3671
12.32
12.32
12.2724
12.2724
12.2246
12.2246
12.1764
12.1764
12.1278
12.1278
12.079
12.079
12.0298
12.0298
11.9804
11.9804
11.9306
11.9306
11.8806
11.8806
11.8303
11.8303
11.7797
11.7797
11.7288
11.7288
11.6777
11.6777
11.6263
11.6263
11.5747
11.5747
11.5228
11.5228
11.4707
11.4707
11.4183
11.4183
11.3657
11.3657
11.3128
11.3128
11.2597
11.2597
11.2063
11.2063
11.1527
11.1527
11.0989
11.0989
11.0448
11.0448
10.9905
10.9905
10.936
10.936
10.8812
10.8812
10.8261
10.8261
10.7709
10.7709
10.7154
10.7154
10.6596
10.6596
10.6036
10.6036
10.5474
10.5474
10.4909
10.4909
10.4341
10.4341
10.3771
10.3771
10.3198
10.3198
10.2623
10.2623
10.2045
10.2045
10.1465
10.1465
10.0882
10.0882
10.0296
10.0296
9.97069
9.97069
9.91154
9.91154
9.8521
9.8521
9.79238
9.79238
9.73236
9.73236
9.67204
9.67204
9.61142
9.61142
9.55049
9.55049
9.48924
9.48924
9.42768
9.42768
9.36579
9.36579
9.30357
9.30357
9.24101
9.24101
9.17812
9.17812
9.11487
9.11487
9.05127
9.05127
8.98732
8.98732
8.92299
8.92299
8.85829
8.85829
8.79321
8.79321
8.72775
8.72775
8.66189
8.66189
8.59563
8.59563
8.52897
8.52897
8.46189
8.46189
8.39439
8.39439
8.32646
8.32646
8.25809
8.25809
8.18929
8.18929
8.12003
8.12003
8.05032
8.05032
7.98015
7.98015
7.90951
7.90951
7.83839
7.83839
7.76679
7.76679
7.6947
7.6947
7.62211
7.62211
7.54903
7.54903
7.47544
7.47544
7.40134
7.40134
7.32673
7.32673
7.25159
7.25159
7.17594
7.17594
7.09975
7.09975
7.02305
7.02305
6.94581
6.94581
6.86805
6.86805
6.78976
6.78976
6.71094
6.71094
6.6316
6.6316
6.55174
6.55174
6.47136
6.47136
6.39048
6.39048
6.30911
6.30911
6.22724
6.22724
6.1449
6.1449
6.0621
6.0621
5.97886
5.97886
5.89518
5.89518
5.81111
5.81111
5.72665
5.72665
5.64183
5.64183
5.55669
5.55669
5.47125
5.47125
5.38554
5.38554
5.29961
5.29961
5.21348
5.21348
5.12721
5.12721
5.04083
5.04083
4.9544
4.9544
4.86795
4.86795
4.78155
4.78155
4.69523
4.69523
4.60906
4.60906
4.52309
4.52309
4.43738
4.43738
4.35198
4.35198
4.26694
4.26694
4.18233
4.18233
4.09819
4.09819
4.01459
4.01459
3.93158
3.93158
3.8492
3.8492
3.7675
3.7675
3.68654
3.68654
3.60636
3.60636
3.52699
3.52699
3.44848
3.44848
3.37086
3.37086
3.29416
3.29416
3.21841
3.21841
3.14364
3.14364
3.06986
3.06986
2.9971
2.9971
2.92537
2.92537
2.85469
2.85469
2.78506
2.78506
2.71649
2.71649
2.64898
2.64898
2.58254
2.58254
2.51717
2.51717
2.45286
2.45286
2.38962
2.38962
2.32742
2.32742
2.26628
2.26628
2.20618
2.20618
2.14711
2.14711
2.08906
2.08906
2.03203
2.03203
1.97599
1.97599
1.92093
1.92093
1.86685
1.86685
1.81374
1.81374
1.76156
1.76156
1.71032
1.71032
1.66
1.66
1.61059
1.61059
1.56206
1.56206
1.51441
1.51441
1.46762
1.46762
1.42168
1.42168
1.37657
1.37657
1.33228
1.33228
1.2888
1.2888
1.24611
1.24611
1.20419
1.20419
1.16304
1.16304
1.12264
1.12264
1.08298
1.08298
1.04404
1.04404
1.00581
1.00581
0.968275
0.968275
0.93143
0.93143
0.895258
0.895258
0.859747
0.859747
0.824885
0.824885
0.790661
0.790661
0.757064
0.757064
0.72408
0.72408
0.691701
0.691701
0.659913
0.659913
0.628708
0.628708
0.598074
0.598074
0.568
0.568
0.538477
0.538477
0.509495
0.509495
0.481043
0.481043
0.453113
0.453113
0.425693
0.425693
0.398776
0.398776
0.372352
0.372352
0.346412
0.346412
0.320947
0.320947
0.295949
0.295949
0.271408
0.271408
0.247317
0.247317
0.223667
0.223667
0.200451
0.200451
0.177659
0.177659
0.155286
0.155286
0.133322
0.133322
0.111761
0.111761
0.0905946
0.0905946
0.0698162
0.0698162
0.0494185
0.0494185
0.0293946
0.0293946
0.00973764
0.00973764
)
;

boundaryField
{
    walls
    {
        type            fixedValue;
        value           uniform 0;
    }
    inlet
    {
        type            cyclic;
    }
    outlet
    {
        type            cyclic;
    }
    sides
    {
        type            empty;
    }
}


// ************************************************************************* //
