/*--------------------------------*- C++ -*----------------------------------*\
| =========                 |                                                 |
| \\      /  F ield         | OpenFOAM: The Open Source CFD Toolbox           |
|  \\    /   O peration     | Version:  2106                                  |
|   \\  /    A nd           | Website:  www.openfoam.com                      |
|    \\/     M anipulation  |                                                 |
\*---------------------------------------------------------------------------*/
FoamFile
{
    version     2.0;
    format      ascii;
    arch        "LSB;label=32;scalar=64";
    class       volScalarField;
    location    "10060";
    object      omega;
}
// * * * * * * * * * * * * * * * * * * * * * * * * * * * * * * * * * * * * * //

dimensions      [0 0 -1 0 0 0 0];

internalField   nonuniform List<scalar> 
2000
(
794195
794195
137841
137841
46545.9
46545.9
21856.2
21856.2
12334.3
12334.3
7799.49
7799.49
5322.81
5322.81
3835.33
3835.33
2877.76
2877.76
2227.98
2227.98
1768.47
1768.47
1432.58
1432.58
1180.31
1180.31
986.522
986.522
834.8
834.8
714.072
714.072
616.659
616.659
537.099
537.099
471.428
471.428
416.715
416.715
370.751
370.751
331.85
331.85
298.706
298.706
270.294
270.294
245.802
245.802
224.577
224.577
206.091
206.091
189.913
189.913
175.688
175.688
163.123
163.123
151.97
151.97
142.026
142.026
133.117
133.117
125.098
125.098
117.846
117.846
111.256
111.256
105.242
105.242
99.7284
99.7284
94.6532
94.6532
89.9632
89.9632
85.6138
85.6138
81.5669
81.5669
77.7904
77.7904
74.2569
74.2569
70.9432
70.9432
67.8291
67.8291
64.8973
64.8973
62.1329
62.1329
59.5226
59.5226
57.0548
57.0548
54.7193
54.7193
52.5069
52.5069
50.4092
50.4092
48.4188
48.4188
46.5289
46.5289
44.7331
44.7331
43.0257
43.0257
41.4015
41.4015
39.8556
39.8556
38.3833
38.3833
36.9804
36.9804
35.643
35.643
34.3674
34.3674
33.1501
33.1501
31.988
31.988
30.878
30.878
29.8173
29.8173
28.8032
28.8032
27.8333
27.8333
26.9051
26.9051
26.0165
26.0165
25.1655
25.1655
24.3501
24.3501
23.5685
23.5685
22.8189
22.8189
22.0998
22.0998
21.4096
21.4096
20.7469
20.7469
20.1103
20.1103
19.4985
19.4985
18.9105
18.9105
18.3449
18.3449
17.8008
17.8008
17.2772
17.2772
16.773
16.773
16.2874
16.2874
15.8196
15.8196
15.3687
15.3687
14.934
14.934
14.5147
14.5147
14.1102
14.1102
13.7198
13.7198
13.3429
13.3429
12.9789
12.9789
12.6272
12.6272
12.2875
12.2875
11.959
11.959
11.6415
11.6415
11.3344
11.3344
11.0372
11.0372
10.7497
10.7497
10.4714
10.4714
10.2019
10.2019
9.94092
9.94092
9.6881
9.6881
9.44312
9.44312
9.20568
9.20568
8.9755
8.9755
8.7523
8.7523
8.53581
8.53581
8.32579
8.32579
8.122
8.122
7.9242
7.9242
7.73219
7.73219
7.54575
7.54575
7.36469
7.36469
7.18881
7.18881
7.01792
7.01792
6.85187
6.85187
6.69047
6.69047
6.53356
6.53356
6.381
6.381
6.23264
6.23264
6.08833
6.08833
5.94794
5.94794
5.81134
5.81134
5.6784
5.6784
5.54901
5.54901
5.42304
5.42304
5.30039
5.30039
5.18096
5.18096
5.06463
5.06463
4.95132
4.95132
4.84092
4.84092
4.73334
4.73334
4.62851
4.62851
4.52632
4.52632
4.42671
4.42671
4.3296
4.3296
4.2349
4.2349
4.14255
4.14255
4.05247
4.05247
3.9646
3.9646
3.87888
3.87888
3.79523
3.79523
3.71361
3.71361
3.63394
3.63394
3.55618
3.55618
3.48027
3.48027
3.40615
3.40615
3.33379
3.33379
3.26311
3.26311
3.19409
3.19409
3.12667
3.12667
3.06081
3.06081
2.99646
2.99646
2.93358
2.93358
2.87214
2.87214
2.81209
2.81209
2.7534
2.7534
2.69603
2.69603
2.63994
2.63994
2.5851
2.5851
2.53148
2.53148
2.47904
2.47904
2.42776
2.42776
2.37759
2.37759
2.32852
2.32852
2.28051
2.28051
2.23354
2.23354
2.18758
2.18758
2.1426
2.1426
2.09857
2.09857
2.05548
2.05548
2.0133
2.0133
1.97201
1.97201
1.93158
1.93158
1.89199
1.89199
1.85321
1.85321
1.81524
1.81524
1.77805
1.77805
1.74161
1.74161
1.70592
1.70592
1.67094
1.67094
1.63667
1.63667
1.60309
1.60309
1.57017
1.57017
1.53791
1.53791
1.50627
1.50627
1.47526
1.47526
1.44486
1.44486
1.41504
1.41504
1.38579
1.38579
1.35711
1.35711
1.32897
1.32897
1.30136
1.30136
1.27428
1.27428
1.2477
1.2477
1.22161
1.22161
1.196
1.196
1.17087
1.17087
1.14619
1.14619
1.12196
1.12196
1.09817
1.09817
1.0748
1.0748
1.05185
1.05185
1.0293
1.0293
1.00715
1.00715
0.985391
0.985391
0.964007
0.964007
0.942993
0.942993
0.922341
0.922341
0.902044
0.902044
0.882094
0.882094
0.862484
0.862484
0.843208
0.843208
0.824261
0.824261
0.805638
0.805638
0.787333
0.787333
0.769343
0.769343
0.751665
0.751665
0.734296
0.734296
0.717235
0.717235
0.700481
0.700481
0.684036
0.684036
0.667899
0.667899
0.652076
0.652076
0.63657
0.63657
0.621387
0.621387
0.606535
0.606535
0.592024
0.592024
0.577868
0.577868
0.56408
0.56408
0.550678
0.550678
0.537683
0.537683
0.525121
0.525121
0.513018
0.513018
0.501408
0.501408
0.490327
0.490327
0.479819
0.479819
0.46993
0.46993
0.460712
0.460712
0.452226
0.452226
0.444534
0.444534
0.437706
0.437706
0.431816
0.431816
0.426942
0.426942
0.423165
0.423165
0.420566
0.420566
0.419227
0.419227
794195
794195
137841
137841
46545.9
46545.9
21856.2
21856.2
12334.3
12334.3
7799.49
7799.49
5322.81
5322.81
3835.33
3835.33
2877.76
2877.76
2227.98
2227.98
1768.47
1768.47
1432.58
1432.58
1180.31
1180.31
986.522
986.522
834.8
834.8
714.072
714.072
616.659
616.659
537.099
537.099
471.428
471.428
416.715
416.715
370.751
370.751
331.85
331.85
298.706
298.706
270.294
270.294
245.802
245.802
224.577
224.577
206.091
206.091
189.913
189.913
175.688
175.688
163.123
163.123
151.97
151.97
142.026
142.026
133.117
133.117
125.098
125.098
117.846
117.846
111.256
111.256
105.242
105.242
99.7284
99.7284
94.6532
94.6532
89.9632
89.9632
85.6138
85.6138
81.5669
81.5669
77.7904
77.7904
74.2569
74.2569
70.9432
70.9432
67.8291
67.8291
64.8973
64.8973
62.1329
62.1329
59.5226
59.5226
57.0548
57.0548
54.7193
54.7193
52.5069
52.5069
50.4092
50.4092
48.4188
48.4188
46.5289
46.5289
44.7331
44.7331
43.0257
43.0257
41.4015
41.4015
39.8556
39.8556
38.3833
38.3833
36.9804
36.9804
35.643
35.643
34.3674
34.3674
33.1501
33.1501
31.988
31.988
30.878
30.878
29.8173
29.8173
28.8032
28.8032
27.8333
27.8333
26.9051
26.9051
26.0165
26.0165
25.1655
25.1655
24.3501
24.3501
23.5685
23.5685
22.8189
22.8189
22.0998
22.0998
21.4096
21.4096
20.7469
20.7469
20.1103
20.1103
19.4985
19.4985
18.9105
18.9105
18.3449
18.3449
17.8008
17.8008
17.2772
17.2772
16.773
16.773
16.2874
16.2874
15.8196
15.8196
15.3687
15.3687
14.934
14.934
14.5147
14.5147
14.1102
14.1102
13.7198
13.7198
13.3429
13.3429
12.9789
12.9789
12.6272
12.6272
12.2875
12.2875
11.959
11.959
11.6415
11.6415
11.3344
11.3344
11.0372
11.0372
10.7497
10.7497
10.4714
10.4714
10.2019
10.2019
9.94092
9.94092
9.6881
9.6881
9.44312
9.44312
9.20568
9.20568
8.9755
8.9755
8.7523
8.7523
8.53581
8.53581
8.32579
8.32579
8.122
8.122
7.9242
7.9242
7.73219
7.73219
7.54575
7.54575
7.36469
7.36469
7.18881
7.18881
7.01792
7.01792
6.85187
6.85187
6.69047
6.69047
6.53356
6.53356
6.381
6.381
6.23264
6.23264
6.08833
6.08833
5.94794
5.94794
5.81134
5.81134
5.6784
5.6784
5.54901
5.54901
5.42304
5.42304
5.30039
5.30039
5.18096
5.18096
5.06463
5.06463
4.95132
4.95132
4.84092
4.84092
4.73334
4.73334
4.62851
4.62851
4.52632
4.52632
4.42671
4.42671
4.3296
4.3296
4.2349
4.2349
4.14255
4.14255
4.05247
4.05247
3.9646
3.9646
3.87888
3.87888
3.79523
3.79523
3.71361
3.71361
3.63394
3.63394
3.55618
3.55618
3.48027
3.48027
3.40615
3.40615
3.33379
3.33379
3.26311
3.26311
3.19409
3.19409
3.12667
3.12667
3.06081
3.06081
2.99646
2.99646
2.93358
2.93358
2.87214
2.87214
2.81209
2.81209
2.7534
2.7534
2.69603
2.69603
2.63994
2.63994
2.5851
2.5851
2.53148
2.53148
2.47904
2.47904
2.42776
2.42776
2.37759
2.37759
2.32852
2.32852
2.28051
2.28051
2.23354
2.23354
2.18758
2.18758
2.1426
2.1426
2.09857
2.09857
2.05548
2.05548
2.0133
2.0133
1.97201
1.97201
1.93158
1.93158
1.89199
1.89199
1.85321
1.85321
1.81524
1.81524
1.77805
1.77805
1.74161
1.74161
1.70592
1.70592
1.67094
1.67094
1.63667
1.63667
1.60309
1.60309
1.57017
1.57017
1.53791
1.53791
1.50627
1.50627
1.47526
1.47526
1.44486
1.44486
1.41504
1.41504
1.38579
1.38579
1.35711
1.35711
1.32897
1.32897
1.30136
1.30136
1.27428
1.27428
1.2477
1.2477
1.22161
1.22161
1.196
1.196
1.17087
1.17087
1.14619
1.14619
1.12196
1.12196
1.09817
1.09817
1.0748
1.0748
1.05185
1.05185
1.0293
1.0293
1.00715
1.00715
0.985391
0.985391
0.964007
0.964007
0.942993
0.942993
0.922341
0.922341
0.902044
0.902044
0.882094
0.882094
0.862484
0.862484
0.843208
0.843208
0.824261
0.824261
0.805638
0.805638
0.787333
0.787333
0.769343
0.769343
0.751665
0.751665
0.734296
0.734296
0.717235
0.717235
0.700481
0.700481
0.684036
0.684036
0.667899
0.667899
0.652076
0.652076
0.63657
0.63657
0.621387
0.621387
0.606535
0.606535
0.592024
0.592024
0.577868
0.577868
0.56408
0.56408
0.550678
0.550678
0.537683
0.537683
0.525121
0.525121
0.513018
0.513018
0.501408
0.501408
0.490327
0.490327
0.479819
0.479819
0.46993
0.46993
0.460712
0.460712
0.452226
0.452226
0.444534
0.444534
0.437706
0.437706
0.431816
0.431816
0.426942
0.426942
0.423165
0.423165
0.420566
0.420566
0.419227
0.419227
0.419227
0.419227
0.420566
0.420566
0.423165
0.423165
0.426942
0.426942
0.431816
0.431816
0.437706
0.437706
0.444534
0.444534
0.452226
0.452226
0.460712
0.460712
0.46993
0.46993
0.479819
0.479819
0.490327
0.490327
0.501408
0.501408
0.513018
0.513018
0.525121
0.525121
0.537683
0.537683
0.550678
0.550678
0.56408
0.56408
0.577868
0.577868
0.592024
0.592024
0.606535
0.606535
0.621387
0.621387
0.63657
0.63657
0.652076
0.652076
0.667899
0.667899
0.684036
0.684036
0.700481
0.700481
0.717235
0.717235
0.734296
0.734296
0.751665
0.751665
0.769343
0.769343
0.787333
0.787333
0.805638
0.805638
0.824261
0.824261
0.843208
0.843208
0.862484
0.862484
0.882094
0.882094
0.902044
0.902044
0.922341
0.922341
0.942993
0.942993
0.964007
0.964007
0.985391
0.985391
1.00715
1.00715
1.0293
1.0293
1.05185
1.05185
1.0748
1.0748
1.09817
1.09817
1.12196
1.12196
1.14619
1.14619
1.17087
1.17087
1.196
1.196
1.22161
1.22161
1.2477
1.2477
1.27428
1.27428
1.30136
1.30136
1.32897
1.32897
1.35711
1.35711
1.38579
1.38579
1.41504
1.41504
1.44486
1.44486
1.47526
1.47526
1.50627
1.50627
1.53791
1.53791
1.57017
1.57017
1.60309
1.60309
1.63667
1.63667
1.67094
1.67094
1.70592
1.70592
1.74161
1.74161
1.77805
1.77805
1.81524
1.81524
1.85321
1.85321
1.89199
1.89199
1.93158
1.93158
1.97201
1.97201
2.0133
2.0133
2.05548
2.05548
2.09857
2.09857
2.1426
2.1426
2.18758
2.18758
2.23354
2.23354
2.28051
2.28051
2.32852
2.32852
2.37759
2.37759
2.42776
2.42776
2.47904
2.47904
2.53148
2.53148
2.5851
2.5851
2.63994
2.63994
2.69603
2.69603
2.7534
2.7534
2.81209
2.81209
2.87214
2.87214
2.93358
2.93358
2.99646
2.99646
3.06081
3.06081
3.12667
3.12667
3.19409
3.19409
3.26311
3.26311
3.33379
3.33379
3.40615
3.40615
3.48027
3.48027
3.55618
3.55618
3.63394
3.63394
3.71361
3.71361
3.79523
3.79523
3.87888
3.87888
3.9646
3.9646
4.05247
4.05247
4.14255
4.14255
4.2349
4.2349
4.3296
4.3296
4.42671
4.42671
4.52632
4.52632
4.62851
4.62851
4.73334
4.73334
4.84092
4.84092
4.95132
4.95132
5.06463
5.06463
5.18096
5.18096
5.30039
5.30039
5.42304
5.42304
5.54901
5.54901
5.6784
5.6784
5.81134
5.81134
5.94794
5.94794
6.08833
6.08833
6.23264
6.23264
6.381
6.381
6.53356
6.53356
6.69047
6.69047
6.85187
6.85187
7.01792
7.01792
7.18881
7.18881
7.36469
7.36469
7.54575
7.54575
7.73219
7.73219
7.9242
7.9242
8.122
8.122
8.32579
8.32579
8.53581
8.53581
8.7523
8.7523
8.9755
8.9755
9.20568
9.20568
9.44312
9.44312
9.6881
9.6881
9.94092
9.94092
10.2019
10.2019
10.4714
10.4714
10.7497
10.7497
11.0372
11.0372
11.3344
11.3344
11.6415
11.6415
11.959
11.959
12.2875
12.2875
12.6272
12.6272
12.9789
12.9789
13.3428
13.3428
13.7198
13.7198
14.1102
14.1102
14.5147
14.5147
14.934
14.934
15.3687
15.3687
15.8196
15.8196
16.2874
16.2874
16.773
16.773
17.2772
17.2772
17.8008
17.8008
18.3449
18.3449
18.9105
18.9105
19.4985
19.4985
20.1103
20.1103
20.7469
20.7469
21.4096
21.4096
22.0998
22.0998
22.8189
22.8189
23.5685
23.5685
24.3501
24.3501
25.1655
25.1655
26.0165
26.0165
26.9051
26.9051
27.8333
27.8333
28.8032
28.8032
29.8173
29.8173
30.878
30.878
31.988
31.988
33.1501
33.1501
34.3674
34.3674
35.643
35.643
36.9804
36.9804
38.3833
38.3833
39.8556
39.8556
41.4015
41.4015
43.0257
43.0257
44.7331
44.7331
46.5289
46.5289
48.4188
48.4188
50.4092
50.4092
52.5069
52.5069
54.7193
54.7193
57.0548
57.0548
59.5225
59.5225
62.1329
62.1329
64.8973
64.8973
67.8291
67.8291
70.9432
70.9432
74.2569
74.2569
77.7904
77.7904
81.5669
81.5669
85.6138
85.6138
89.9632
89.9632
94.6532
94.6532
99.7283
99.7283
105.242
105.242
111.256
111.256
117.846
117.846
125.098
125.098
133.117
133.117
142.026
142.026
151.97
151.97
163.123
163.123
175.688
175.688
189.913
189.913
206.091
206.091
224.577
224.577
245.802
245.802
270.294
270.294
298.706
298.706
331.85
331.85
370.751
370.751
416.715
416.715
471.429
471.429
537.099
537.099
616.658
616.658
714.072
714.072
834.799
834.799
986.522
986.522
1180.31
1180.31
1432.58
1432.58
1768.47
1768.47
2227.98
2227.98
2877.77
2877.77
3835.33
3835.33
5322.81
5322.81
7799.49
7799.49
12334.3
12334.3
21856.2
21856.2
46545.9
46545.9
137840
137840
794191
794191
0.419227
0.419227
0.420566
0.420566
0.423165
0.423165
0.426942
0.426942
0.431816
0.431816
0.437706
0.437706
0.444534
0.444534
0.452226
0.452226
0.460712
0.460712
0.46993
0.46993
0.479819
0.479819
0.490327
0.490327
0.501408
0.501408
0.513018
0.513018
0.525121
0.525121
0.537683
0.537683
0.550678
0.550678
0.56408
0.56408
0.577868
0.577868
0.592024
0.592024
0.606535
0.606535
0.621387
0.621387
0.63657
0.63657
0.652076
0.652076
0.667899
0.667899
0.684036
0.684036
0.700481
0.700481
0.717235
0.717235
0.734296
0.734296
0.751665
0.751665
0.769343
0.769343
0.787333
0.787333
0.805638
0.805638
0.824261
0.824261
0.843208
0.843208
0.862484
0.862484
0.882094
0.882094
0.902044
0.902044
0.922341
0.922341
0.942993
0.942993
0.964007
0.964007
0.985391
0.985391
1.00715
1.00715
1.0293
1.0293
1.05185
1.05185
1.0748
1.0748
1.09817
1.09817
1.12196
1.12196
1.14619
1.14619
1.17087
1.17087
1.196
1.196
1.22161
1.22161
1.2477
1.2477
1.27428
1.27428
1.30136
1.30136
1.32897
1.32897
1.35711
1.35711
1.38579
1.38579
1.41504
1.41504
1.44486
1.44486
1.47526
1.47526
1.50627
1.50627
1.53791
1.53791
1.57017
1.57017
1.60309
1.60309
1.63667
1.63667
1.67094
1.67094
1.70592
1.70592
1.74161
1.74161
1.77805
1.77805
1.81524
1.81524
1.85321
1.85321
1.89199
1.89199
1.93158
1.93158
1.97201
1.97201
2.0133
2.0133
2.05548
2.05548
2.09857
2.09857
2.1426
2.1426
2.18758
2.18758
2.23354
2.23354
2.28051
2.28051
2.32852
2.32852
2.37759
2.37759
2.42776
2.42776
2.47904
2.47904
2.53148
2.53148
2.5851
2.5851
2.63994
2.63994
2.69603
2.69603
2.7534
2.7534
2.81209
2.81209
2.87214
2.87214
2.93358
2.93358
2.99646
2.99646
3.06081
3.06081
3.12667
3.12667
3.19409
3.19409
3.26311
3.26311
3.33379
3.33379
3.40615
3.40615
3.48027
3.48027
3.55618
3.55618
3.63394
3.63394
3.71361
3.71361
3.79523
3.79523
3.87888
3.87888
3.9646
3.9646
4.05247
4.05247
4.14255
4.14255
4.2349
4.2349
4.3296
4.3296
4.42671
4.42671
4.52632
4.52632
4.62851
4.62851
4.73334
4.73334
4.84092
4.84092
4.95132
4.95132
5.06463
5.06463
5.18096
5.18096
5.30039
5.30039
5.42304
5.42304
5.54901
5.54901
5.6784
5.6784
5.81134
5.81134
5.94794
5.94794
6.08833
6.08833
6.23264
6.23264
6.381
6.381
6.53356
6.53356
6.69047
6.69047
6.85187
6.85187
7.01792
7.01792
7.18881
7.18881
7.36469
7.36469
7.54575
7.54575
7.73219
7.73219
7.9242
7.9242
8.122
8.122
8.32579
8.32579
8.53581
8.53581
8.7523
8.7523
8.9755
8.9755
9.20568
9.20568
9.44312
9.44312
9.6881
9.6881
9.94092
9.94092
10.2019
10.2019
10.4714
10.4714
10.7497
10.7497
11.0372
11.0372
11.3344
11.3344
11.6415
11.6415
11.959
11.959
12.2875
12.2875
12.6272
12.6272
12.9789
12.9789
13.3428
13.3428
13.7198
13.7198
14.1102
14.1102
14.5147
14.5147
14.934
14.934
15.3687
15.3687
15.8196
15.8196
16.2874
16.2874
16.773
16.773
17.2772
17.2772
17.8008
17.8008
18.3449
18.3449
18.9105
18.9105
19.4985
19.4985
20.1103
20.1103
20.7469
20.7469
21.4096
21.4096
22.0998
22.0998
22.8189
22.8189
23.5685
23.5685
24.3501
24.3501
25.1655
25.1655
26.0165
26.0165
26.9051
26.9051
27.8333
27.8333
28.8032
28.8032
29.8173
29.8173
30.878
30.878
31.988
31.988
33.1501
33.1501
34.3674
34.3674
35.643
35.643
36.9804
36.9804
38.3833
38.3833
39.8556
39.8556
41.4015
41.4015
43.0257
43.0257
44.7331
44.7331
46.5289
46.5289
48.4188
48.4188
50.4092
50.4092
52.5069
52.5069
54.7193
54.7193
57.0548
57.0548
59.5225
59.5225
62.1329
62.1329
64.8973
64.8973
67.8291
67.8291
70.9432
70.9432
74.2569
74.2569
77.7904
77.7904
81.5669
81.5669
85.6138
85.6138
89.9632
89.9632
94.6532
94.6532
99.7283
99.7283
105.242
105.242
111.256
111.256
117.846
117.846
125.098
125.098
133.117
133.117
142.026
142.026
151.97
151.97
163.123
163.123
175.688
175.688
189.913
189.913
206.091
206.091
224.577
224.577
245.802
245.802
270.294
270.294
298.706
298.706
331.85
331.85
370.751
370.751
416.715
416.715
471.429
471.429
537.099
537.099
616.658
616.658
714.072
714.072
834.799
834.799
986.522
986.522
1180.31
1180.31
1432.58
1432.58
1768.47
1768.47
2227.98
2227.98
2877.77
2877.77
3835.33
3835.33
5322.81
5322.81
7799.49
7799.49
12334.3
12334.3
21856.2
21856.2
46545.9
46545.9
137840
137840
794191
794191
)
;

boundaryField
{
    walls
    {
        blending        binomial2;
        n               2;
        beta1           0.075;
        type            omegaWallFunction;
        value           nonuniform List<scalar> 8(794195 794195 794195 794195 794191 794191 794191 794191);
    }
    inlet
    {
        type            cyclic;
    }
    outlet
    {
        type            cyclic;
    }
    sides
    {
        type            empty;
    }
}


// ************************************************************************* //
