/*--------------------------------*- C++ -*----------------------------------*\
| =========                 |                                                 |
| \\      /  F ield         | OpenFOAM: The Open Source CFD Toolbox           |
|  \\    /   O peration     | Version:  2106                                  |
|   \\  /    A nd           | Website:  www.openfoam.com                      |
|    \\/     M anipulation  |                                                 |
\*---------------------------------------------------------------------------*/
FoamFile
{
    version     2.0;
    format      ascii;
    arch        "LSB;label=32;scalar=64";
    class       volScalarField;
    location    "10040";
    object      nut;
}
// * * * * * * * * * * * * * * * * * * * * * * * * * * * * * * * * * * * * * //

dimensions      [0 2 -1 0 0 0 0];

internalField   nonuniform List<scalar> 
2000
(
1.43958e-14
1.43958e-14
1.25709e-14
1.25709e-14
1.98303e-14
1.98303e-14
8.19617e-14
8.19617e-14
3.46769e-13
3.46769e-13
1.16012e-12
1.16012e-12
3.19705e-12
3.19705e-12
7.63342e-12
7.63342e-12
1.63655e-11
1.63655e-11
3.22856e-11
3.22856e-11
5.96245e-11
5.96245e-11
1.04371e-10
1.04371e-10
1.74785e-10
1.74785e-10
2.8201e-10
2.8201e-10
4.4082e-10
4.4082e-10
6.70502e-10
6.70502e-10
9.95906e-10
9.95906e-10
1.44869e-09
1.44869e-09
2.06878e-09
2.06878e-09
2.90608e-09
2.90608e-09
4.02252e-09
4.02252e-09
5.49433e-09
5.49433e-09
7.41481e-09
7.41481e-09
9.89747e-09
9.89747e-09
1.30796e-08
1.30796e-08
1.71267e-08
1.71267e-08
2.22369e-08
2.22369e-08
2.86468e-08
2.86468e-08
3.66377e-08
3.66377e-08
4.65427e-08
4.65427e-08
5.87549e-08
5.87549e-08
7.37369e-08
7.37369e-08
9.20308e-08
9.20308e-08
1.14271e-07
1.14271e-07
1.41195e-07
1.41195e-07
1.73662e-07
1.73662e-07
2.12667e-07
2.12667e-07
2.59358e-07
2.59358e-07
3.15062e-07
3.15062e-07
3.81301e-07
3.81301e-07
4.59819e-07
4.59819e-07
5.52613e-07
5.52613e-07
6.61956e-07
6.61956e-07
7.90436e-07
7.90436e-07
9.40984e-07
9.40984e-07
1.11691e-06
1.11691e-06
1.32196e-06
1.32196e-06
1.56032e-06
1.56032e-06
1.83671e-06
1.83671e-06
2.15636e-06
2.15636e-06
2.52512e-06
2.52512e-06
2.94948e-06
2.94948e-06
3.4366e-06
3.4366e-06
3.99435e-06
3.99435e-06
4.63139e-06
4.63139e-06
5.35715e-06
5.35715e-06
6.18189e-06
6.18189e-06
7.11673e-06
7.11673e-06
8.17364e-06
8.17364e-06
9.36545e-06
9.36545e-06
1.07059e-05
1.07059e-05
1.22094e-05
1.22094e-05
1.38914e-05
1.38914e-05
1.5768e-05
1.5768e-05
1.7856e-05
1.7856e-05
2.01728e-05
2.01728e-05
2.27363e-05
2.27363e-05
2.55651e-05
2.55651e-05
2.86777e-05
2.86777e-05
3.2093e-05
3.2093e-05
3.58302e-05
3.58302e-05
3.99082e-05
3.99082e-05
4.43456e-05
4.43456e-05
4.91609e-05
4.91609e-05
5.43721e-05
5.43721e-05
5.99966e-05
5.99966e-05
6.60513e-05
6.60513e-05
7.2552e-05
7.2552e-05
7.95141e-05
7.95141e-05
8.69518e-05
8.69518e-05
9.48786e-05
9.48786e-05
0.000103307
0.000103307
0.000112248
0.000112248
0.000121714
0.000121714
0.000131712
0.000131712
0.000142253
0.000142253
0.000153344
0.000153344
0.000164993
0.000164993
0.000177206
0.000177206
0.000189989
0.000189989
0.000203347
0.000203347
0.000217286
0.000217286
0.000231809
0.000231809
0.00024692
0.00024692
0.000262624
0.000262624
0.000278924
0.000278924
0.000295823
0.000295823
0.000313324
0.000313324
0.00033143
0.00033143
0.000350145
0.000350145
0.00036947
0.00036947
0.000389408
0.000389408
0.000409964
0.000409964
0.000431138
0.000431138
0.000452935
0.000452935
0.000475358
0.000475358
0.000498408
0.000498408
0.00052209
0.00052209
0.000546407
0.000546407
0.000571362
0.000571362
0.000596959
0.000596959
0.0006232
0.0006232
0.00065009
0.00065009
0.000677632
0.000677632
0.00070583
0.00070583
0.000734688
0.000734688
0.000764209
0.000764209
0.000794398
0.000794398
0.000825258
0.000825258
0.000856793
0.000856793
0.000889008
0.000889008
0.000921907
0.000921907
0.000955493
0.000955493
0.00098977
0.00098977
0.00102474
0.00102474
0.00106042
0.00106042
0.00109679
0.00109679
0.00113388
0.00113388
0.00117167
0.00117167
0.00121019
0.00121019
0.00124942
0.00124942
0.00128937
0.00128937
0.00133005
0.00133005
0.00137146
0.00137146
0.0014136
0.0014136
0.00145648
0.00145648
0.0015001
0.0015001
0.00154446
0.00154446
0.00158957
0.00158957
0.00163542
0.00163542
0.00168203
0.00168203
0.00172938
0.00172938
0.00177749
0.00177749
0.00182635
0.00182635
0.00187597
0.00187597
0.00192635
0.00192635
0.00197748
0.00197748
0.00202937
0.00202937
0.00208202
0.00208202
0.00213543
0.00213543
0.00218959
0.00218959
0.00224451
0.00224451
0.00230018
0.00230018
0.0023566
0.0023566
0.00241377
0.00241377
0.00247169
0.00247169
0.00253035
0.00253035
0.00258974
0.00258974
0.00264987
0.00264987
0.00271072
0.00271072
0.0027723
0.0027723
0.00283459
0.00283459
0.00289759
0.00289759
0.00296128
0.00296128
0.00302567
0.00302567
0.00309073
0.00309073
0.00315646
0.00315646
0.00322286
0.00322286
0.00328989
0.00328989
0.00335756
0.00335756
0.00342585
0.00342585
0.00349475
0.00349475
0.00356423
0.00356423
0.00363427
0.00363427
0.00370488
0.00370488
0.00377601
0.00377601
0.00384765
0.00384765
0.00391979
0.00391979
0.00399239
0.00399239
0.00406543
0.00406543
0.00413888
0.00413888
0.00421273
0.00421273
0.00428693
0.00428693
0.00436146
0.00436146
0.00443629
0.00443629
0.00451138
0.00451138
0.00458669
0.00458669
0.0046622
0.0046622
0.00473785
0.00473785
0.00481362
0.00481362
0.00488945
0.00488945
0.0049653
0.0049653
0.00504112
0.00504112
0.00511686
0.00511686
0.00519248
0.00519248
0.00526792
0.00526792
0.00534311
0.00534311
0.00541801
0.00541801
0.00549254
0.00549254
0.00556666
0.00556666
0.00564028
0.00564028
0.00571333
0.00571333
0.00578576
0.00578576
0.00585747
0.00585747
0.00592839
0.00592839
0.00599845
0.00599845
0.00606754
0.00606754
0.00613559
0.00613559
0.0062025
0.0062025
0.00626818
0.00626818
0.00633253
0.00633253
0.00639545
0.00639545
0.00645683
0.00645683
0.00651656
0.00651656
0.00657454
0.00657454
0.00663064
0.00663064
0.00668475
0.00668475
0.00673675
0.00673675
0.00678651
0.00678651
0.00683391
0.00683391
0.00687882
0.00687882
0.00692111
0.00692111
0.00696065
0.00696065
0.00699733
0.00699733
0.007031
0.007031
0.00706154
0.00706154
0.00708884
0.00708884
0.00711279
0.00711279
0.00713327
0.00713327
0.00715021
0.00715021
0.00716353
0.00716353
0.00717317
0.00717317
0.00717911
0.00717911
0.00718135
0.00718135
0.00717993
0.00717993
0.00717493
0.00717493
0.0071665
0.0071665
0.00715484
0.00715484
0.00714022
0.00714022
0.007123
0.007123
0.00710362
0.00710362
0.00708262
0.00708262
0.00706065
0.00706065
0.00703842
0.00703842
0.00701678
0.00701678
0.00699659
0.00699659
0.00697879
0.00697879
0.0069643
0.0069643
0.00695396
0.00695396
0.00694851
0.00694851
1.43958e-14
1.43958e-14
1.25709e-14
1.25709e-14
1.98303e-14
1.98303e-14
8.19617e-14
8.19617e-14
3.46769e-13
3.46769e-13
1.16012e-12
1.16012e-12
3.19705e-12
3.19705e-12
7.63342e-12
7.63342e-12
1.63655e-11
1.63655e-11
3.22856e-11
3.22856e-11
5.96245e-11
5.96245e-11
1.04371e-10
1.04371e-10
1.74785e-10
1.74785e-10
2.8201e-10
2.8201e-10
4.4082e-10
4.4082e-10
6.70502e-10
6.70502e-10
9.95906e-10
9.95906e-10
1.44869e-09
1.44869e-09
2.06878e-09
2.06878e-09
2.90608e-09
2.90608e-09
4.02252e-09
4.02252e-09
5.49433e-09
5.49433e-09
7.41481e-09
7.41481e-09
9.89747e-09
9.89747e-09
1.30796e-08
1.30796e-08
1.71267e-08
1.71267e-08
2.22369e-08
2.22369e-08
2.86468e-08
2.86468e-08
3.66377e-08
3.66377e-08
4.65427e-08
4.65427e-08
5.87549e-08
5.87549e-08
7.37369e-08
7.37369e-08
9.20308e-08
9.20308e-08
1.14271e-07
1.14271e-07
1.41195e-07
1.41195e-07
1.73662e-07
1.73662e-07
2.12667e-07
2.12667e-07
2.59358e-07
2.59358e-07
3.15062e-07
3.15062e-07
3.81301e-07
3.81301e-07
4.59819e-07
4.59819e-07
5.52613e-07
5.52613e-07
6.61956e-07
6.61956e-07
7.90436e-07
7.90436e-07
9.40984e-07
9.40984e-07
1.11691e-06
1.11691e-06
1.32196e-06
1.32196e-06
1.56032e-06
1.56032e-06
1.83671e-06
1.83671e-06
2.15636e-06
2.15636e-06
2.52512e-06
2.52512e-06
2.94948e-06
2.94948e-06
3.4366e-06
3.4366e-06
3.99435e-06
3.99435e-06
4.63139e-06
4.63139e-06
5.35715e-06
5.35715e-06
6.18189e-06
6.18189e-06
7.11673e-06
7.11673e-06
8.17364e-06
8.17364e-06
9.36545e-06
9.36545e-06
1.07059e-05
1.07059e-05
1.22094e-05
1.22094e-05
1.38914e-05
1.38914e-05
1.5768e-05
1.5768e-05
1.7856e-05
1.7856e-05
2.01728e-05
2.01728e-05
2.27363e-05
2.27363e-05
2.55651e-05
2.55651e-05
2.86777e-05
2.86777e-05
3.2093e-05
3.2093e-05
3.58302e-05
3.58302e-05
3.99082e-05
3.99082e-05
4.43456e-05
4.43456e-05
4.91609e-05
4.91609e-05
5.43721e-05
5.43721e-05
5.99966e-05
5.99966e-05
6.60513e-05
6.60513e-05
7.2552e-05
7.2552e-05
7.95141e-05
7.95141e-05
8.69518e-05
8.69518e-05
9.48786e-05
9.48786e-05
0.000103307
0.000103307
0.000112248
0.000112248
0.000121714
0.000121714
0.000131712
0.000131712
0.000142253
0.000142253
0.000153344
0.000153344
0.000164993
0.000164993
0.000177206
0.000177206
0.000189989
0.000189989
0.000203347
0.000203347
0.000217286
0.000217286
0.000231809
0.000231809
0.00024692
0.00024692
0.000262624
0.000262624
0.000278924
0.000278924
0.000295823
0.000295823
0.000313324
0.000313324
0.00033143
0.00033143
0.000350145
0.000350145
0.00036947
0.00036947
0.000389408
0.000389408
0.000409964
0.000409964
0.000431138
0.000431138
0.000452935
0.000452935
0.000475358
0.000475358
0.000498408
0.000498408
0.00052209
0.00052209
0.000546407
0.000546407
0.000571362
0.000571362
0.000596959
0.000596959
0.0006232
0.0006232
0.00065009
0.00065009
0.000677632
0.000677632
0.00070583
0.00070583
0.000734688
0.000734688
0.000764209
0.000764209
0.000794398
0.000794398
0.000825258
0.000825258
0.000856793
0.000856793
0.000889008
0.000889008
0.000921907
0.000921907
0.000955493
0.000955493
0.00098977
0.00098977
0.00102474
0.00102474
0.00106042
0.00106042
0.00109679
0.00109679
0.00113388
0.00113388
0.00117167
0.00117167
0.00121019
0.00121019
0.00124942
0.00124942
0.00128937
0.00128937
0.00133005
0.00133005
0.00137146
0.00137146
0.0014136
0.0014136
0.00145648
0.00145648
0.0015001
0.0015001
0.00154446
0.00154446
0.00158957
0.00158957
0.00163542
0.00163542
0.00168203
0.00168203
0.00172938
0.00172938
0.00177749
0.00177749
0.00182635
0.00182635
0.00187597
0.00187597
0.00192635
0.00192635
0.00197748
0.00197748
0.00202937
0.00202937
0.00208202
0.00208202
0.00213543
0.00213543
0.00218959
0.00218959
0.00224451
0.00224451
0.00230018
0.00230018
0.0023566
0.0023566
0.00241377
0.00241377
0.00247169
0.00247169
0.00253035
0.00253035
0.00258974
0.00258974
0.00264987
0.00264987
0.00271072
0.00271072
0.0027723
0.0027723
0.00283459
0.00283459
0.00289759
0.00289759
0.00296128
0.00296128
0.00302567
0.00302567
0.00309073
0.00309073
0.00315646
0.00315646
0.00322286
0.00322286
0.00328989
0.00328989
0.00335756
0.00335756
0.00342585
0.00342585
0.00349475
0.00349475
0.00356423
0.00356423
0.00363427
0.00363427
0.00370488
0.00370488
0.00377601
0.00377601
0.00384765
0.00384765
0.00391979
0.00391979
0.00399239
0.00399239
0.00406543
0.00406543
0.00413888
0.00413888
0.00421273
0.00421273
0.00428693
0.00428693
0.00436146
0.00436146
0.00443629
0.00443629
0.00451138
0.00451138
0.00458669
0.00458669
0.0046622
0.0046622
0.00473785
0.00473785
0.00481362
0.00481362
0.00488945
0.00488945
0.0049653
0.0049653
0.00504112
0.00504112
0.00511686
0.00511686
0.00519248
0.00519248
0.00526792
0.00526792
0.00534311
0.00534311
0.00541801
0.00541801
0.00549254
0.00549254
0.00556666
0.00556666
0.00564028
0.00564028
0.00571333
0.00571333
0.00578576
0.00578576
0.00585747
0.00585747
0.00592839
0.00592839
0.00599845
0.00599845
0.00606754
0.00606754
0.00613559
0.00613559
0.0062025
0.0062025
0.00626818
0.00626818
0.00633253
0.00633253
0.00639545
0.00639545
0.00645683
0.00645683
0.00651656
0.00651656
0.00657454
0.00657454
0.00663064
0.00663064
0.00668475
0.00668475
0.00673675
0.00673675
0.00678651
0.00678651
0.00683391
0.00683391
0.00687882
0.00687882
0.00692111
0.00692111
0.00696065
0.00696065
0.00699733
0.00699733
0.007031
0.007031
0.00706154
0.00706154
0.00708884
0.00708884
0.00711279
0.00711279
0.00713327
0.00713327
0.00715021
0.00715021
0.00716353
0.00716353
0.00717317
0.00717317
0.00717911
0.00717911
0.00718135
0.00718135
0.00717993
0.00717993
0.00717493
0.00717493
0.0071665
0.0071665
0.00715484
0.00715484
0.00714022
0.00714022
0.007123
0.007123
0.00710362
0.00710362
0.00708262
0.00708262
0.00706065
0.00706065
0.00703842
0.00703842
0.00701678
0.00701678
0.00699659
0.00699659
0.00697879
0.00697879
0.0069643
0.0069643
0.00695396
0.00695396
0.00694851
0.00694851
0.00694851
0.00694851
0.00695396
0.00695396
0.0069643
0.0069643
0.00697879
0.00697879
0.00699659
0.00699659
0.00701678
0.00701678
0.00703842
0.00703842
0.00706065
0.00706065
0.00708262
0.00708262
0.00710362
0.00710362
0.007123
0.007123
0.00714022
0.00714022
0.00715484
0.00715484
0.0071665
0.0071665
0.00717493
0.00717493
0.00717993
0.00717993
0.00718135
0.00718135
0.00717911
0.00717911
0.00717317
0.00717317
0.00716353
0.00716353
0.00715021
0.00715021
0.00713327
0.00713327
0.00711278
0.00711278
0.00708884
0.00708884
0.00706154
0.00706154
0.00703099
0.00703099
0.00699732
0.00699732
0.00696065
0.00696065
0.00692111
0.00692111
0.00687881
0.00687881
0.0068339
0.0068339
0.0067865
0.0067865
0.00673674
0.00673674
0.00668475
0.00668475
0.00663064
0.00663064
0.00657454
0.00657454
0.00651656
0.00651656
0.00645683
0.00645683
0.00639545
0.00639545
0.00633253
0.00633253
0.00626818
0.00626818
0.0062025
0.0062025
0.00613559
0.00613559
0.00606754
0.00606754
0.00599844
0.00599844
0.00592839
0.00592839
0.00585747
0.00585747
0.00578576
0.00578576
0.00571333
0.00571333
0.00564027
0.00564027
0.00556665
0.00556665
0.00549254
0.00549254
0.00541801
0.00541801
0.00534311
0.00534311
0.00526792
0.00526792
0.00519248
0.00519248
0.00511686
0.00511686
0.00504112
0.00504112
0.00496529
0.00496529
0.00488945
0.00488945
0.00481362
0.00481362
0.00473785
0.00473785
0.0046622
0.0046622
0.00458669
0.00458669
0.00451138
0.00451138
0.00443629
0.00443629
0.00436146
0.00436146
0.00428693
0.00428693
0.00421273
0.00421273
0.00413888
0.00413888
0.00406543
0.00406543
0.00399239
0.00399239
0.00391979
0.00391979
0.00384765
0.00384765
0.00377601
0.00377601
0.00370488
0.00370488
0.00363427
0.00363427
0.00356422
0.00356422
0.00349475
0.00349475
0.00342585
0.00342585
0.00335756
0.00335756
0.00328989
0.00328989
0.00322286
0.00322286
0.00315646
0.00315646
0.00309073
0.00309073
0.00302567
0.00302567
0.00296128
0.00296128
0.00289759
0.00289759
0.00283459
0.00283459
0.0027723
0.0027723
0.00271072
0.00271072
0.00264987
0.00264987
0.00258974
0.00258974
0.00253035
0.00253035
0.00247169
0.00247169
0.00241377
0.00241377
0.0023566
0.0023566
0.00230018
0.00230018
0.00224451
0.00224451
0.00218959
0.00218959
0.00213543
0.00213543
0.00208202
0.00208202
0.00202937
0.00202937
0.00197748
0.00197748
0.00192635
0.00192635
0.00187597
0.00187597
0.00182635
0.00182635
0.00177749
0.00177749
0.00172938
0.00172938
0.00168203
0.00168203
0.00163542
0.00163542
0.00158957
0.00158957
0.00154446
0.00154446
0.0015001
0.0015001
0.00145648
0.00145648
0.0014136
0.0014136
0.00137146
0.00137146
0.00133005
0.00133005
0.00128937
0.00128937
0.00124942
0.00124942
0.00121019
0.00121019
0.00117167
0.00117167
0.00113388
0.00113388
0.00109679
0.00109679
0.00106042
0.00106042
0.00102474
0.00102474
0.00098977
0.00098977
0.000955493
0.000955493
0.000921907
0.000921907
0.000889008
0.000889008
0.000856793
0.000856793
0.000825258
0.000825258
0.000794398
0.000794398
0.000764209
0.000764209
0.000734688
0.000734688
0.00070583
0.00070583
0.000677632
0.000677632
0.00065009
0.00065009
0.0006232
0.0006232
0.000596959
0.000596959
0.000571363
0.000571363
0.000546407
0.000546407
0.000522091
0.000522091
0.000498408
0.000498408
0.000475358
0.000475358
0.000452935
0.000452935
0.000431138
0.000431138
0.000409964
0.000409964
0.000389408
0.000389408
0.00036947
0.00036947
0.000350145
0.000350145
0.000331431
0.000331431
0.000313324
0.000313324
0.000295823
0.000295823
0.000278924
0.000278924
0.000262625
0.000262625
0.00024692
0.00024692
0.000231809
0.000231809
0.000217286
0.000217286
0.000203347
0.000203347
0.000189989
0.000189989
0.000177206
0.000177206
0.000164993
0.000164993
0.000153344
0.000153344
0.000142253
0.000142253
0.000131712
0.000131712
0.000121714
0.000121714
0.000112248
0.000112248
0.000103307
0.000103307
9.48786e-05
9.48786e-05
8.69518e-05
8.69518e-05
7.95141e-05
7.95141e-05
7.2552e-05
7.2552e-05
6.60513e-05
6.60513e-05
5.99967e-05
5.99967e-05
5.43721e-05
5.43721e-05
4.91609e-05
4.91609e-05
4.43456e-05
4.43456e-05
3.99082e-05
3.99082e-05
3.58303e-05
3.58303e-05
3.20931e-05
3.20931e-05
2.86777e-05
2.86777e-05
2.55651e-05
2.55651e-05
2.27363e-05
2.27363e-05
2.01728e-05
2.01728e-05
1.7856e-05
1.7856e-05
1.5768e-05
1.5768e-05
1.38914e-05
1.38914e-05
1.22094e-05
1.22094e-05
1.07059e-05
1.07059e-05
9.36546e-06
9.36546e-06
8.17364e-06
8.17364e-06
7.11673e-06
7.11673e-06
6.18189e-06
6.18189e-06
5.35715e-06
5.35715e-06
4.63139e-06
4.63139e-06
3.99435e-06
3.99435e-06
3.4366e-06
3.4366e-06
2.94948e-06
2.94948e-06
2.52512e-06
2.52512e-06
2.15636e-06
2.15636e-06
1.83671e-06
1.83671e-06
1.56033e-06
1.56033e-06
1.32196e-06
1.32196e-06
1.11691e-06
1.11691e-06
9.40984e-07
9.40984e-07
7.90436e-07
7.90436e-07
6.61957e-07
6.61957e-07
5.52613e-07
5.52613e-07
4.59819e-07
4.59819e-07
3.81301e-07
3.81301e-07
3.15062e-07
3.15062e-07
2.59358e-07
2.59358e-07
2.12667e-07
2.12667e-07
1.73662e-07
1.73662e-07
1.41195e-07
1.41195e-07
1.14271e-07
1.14271e-07
9.20308e-08
9.20308e-08
7.37369e-08
7.37369e-08
5.87549e-08
5.87549e-08
4.65427e-08
4.65427e-08
3.66377e-08
3.66377e-08
2.86468e-08
2.86468e-08
2.22369e-08
2.22369e-08
1.71267e-08
1.71267e-08
1.30796e-08
1.30796e-08
9.89747e-09
9.89747e-09
7.41482e-09
7.41482e-09
5.49433e-09
5.49433e-09
4.02252e-09
4.02252e-09
2.90608e-09
2.90608e-09
2.06878e-09
2.06878e-09
1.44869e-09
1.44869e-09
9.95906e-10
9.95906e-10
6.70503e-10
6.70503e-10
4.4082e-10
4.4082e-10
2.8201e-10
2.8201e-10
1.74785e-10
1.74785e-10
1.04371e-10
1.04371e-10
5.96245e-11
5.96245e-11
3.22855e-11
3.22855e-11
1.63654e-11
1.63654e-11
7.63342e-12
7.63342e-12
3.19705e-12
3.19705e-12
1.16012e-12
1.16012e-12
3.4677e-13
3.4677e-13
8.19621e-14
8.19621e-14
1.98305e-14
1.98305e-14
1.2571e-14
1.2571e-14
1.4396e-14
1.4396e-14
0.00694851
0.00694851
0.00695396
0.00695396
0.0069643
0.0069643
0.00697879
0.00697879
0.00699659
0.00699659
0.00701678
0.00701678
0.00703842
0.00703842
0.00706065
0.00706065
0.00708262
0.00708262
0.00710362
0.00710362
0.007123
0.007123
0.00714022
0.00714022
0.00715484
0.00715484
0.0071665
0.0071665
0.00717493
0.00717493
0.00717993
0.00717993
0.00718135
0.00718135
0.00717911
0.00717911
0.00717317
0.00717317
0.00716353
0.00716353
0.00715021
0.00715021
0.00713327
0.00713327
0.00711278
0.00711278
0.00708884
0.00708884
0.00706154
0.00706154
0.00703099
0.00703099
0.00699732
0.00699732
0.00696065
0.00696065
0.00692111
0.00692111
0.00687881
0.00687881
0.0068339
0.0068339
0.0067865
0.0067865
0.00673674
0.00673674
0.00668475
0.00668475
0.00663064
0.00663064
0.00657454
0.00657454
0.00651656
0.00651656
0.00645683
0.00645683
0.00639545
0.00639545
0.00633253
0.00633253
0.00626818
0.00626818
0.0062025
0.0062025
0.00613559
0.00613559
0.00606754
0.00606754
0.00599844
0.00599844
0.00592839
0.00592839
0.00585747
0.00585747
0.00578576
0.00578576
0.00571333
0.00571333
0.00564027
0.00564027
0.00556665
0.00556665
0.00549254
0.00549254
0.00541801
0.00541801
0.00534311
0.00534311
0.00526792
0.00526792
0.00519248
0.00519248
0.00511686
0.00511686
0.00504112
0.00504112
0.00496529
0.00496529
0.00488945
0.00488945
0.00481362
0.00481362
0.00473785
0.00473785
0.0046622
0.0046622
0.00458669
0.00458669
0.00451138
0.00451138
0.00443629
0.00443629
0.00436146
0.00436146
0.00428693
0.00428693
0.00421273
0.00421273
0.00413888
0.00413888
0.00406543
0.00406543
0.00399239
0.00399239
0.00391979
0.00391979
0.00384765
0.00384765
0.00377601
0.00377601
0.00370488
0.00370488
0.00363427
0.00363427
0.00356422
0.00356422
0.00349475
0.00349475
0.00342585
0.00342585
0.00335756
0.00335756
0.00328989
0.00328989
0.00322286
0.00322286
0.00315646
0.00315646
0.00309073
0.00309073
0.00302567
0.00302567
0.00296128
0.00296128
0.00289759
0.00289759
0.00283459
0.00283459
0.0027723
0.0027723
0.00271072
0.00271072
0.00264987
0.00264987
0.00258974
0.00258974
0.00253035
0.00253035
0.00247169
0.00247169
0.00241377
0.00241377
0.0023566
0.0023566
0.00230018
0.00230018
0.00224451
0.00224451
0.00218959
0.00218959
0.00213543
0.00213543
0.00208202
0.00208202
0.00202937
0.00202937
0.00197748
0.00197748
0.00192635
0.00192635
0.00187597
0.00187597
0.00182635
0.00182635
0.00177749
0.00177749
0.00172938
0.00172938
0.00168203
0.00168203
0.00163542
0.00163542
0.00158957
0.00158957
0.00154446
0.00154446
0.0015001
0.0015001
0.00145648
0.00145648
0.0014136
0.0014136
0.00137146
0.00137146
0.00133005
0.00133005
0.00128937
0.00128937
0.00124942
0.00124942
0.00121019
0.00121019
0.00117167
0.00117167
0.00113388
0.00113388
0.00109679
0.00109679
0.00106042
0.00106042
0.00102474
0.00102474
0.00098977
0.00098977
0.000955493
0.000955493
0.000921907
0.000921907
0.000889008
0.000889008
0.000856793
0.000856793
0.000825258
0.000825258
0.000794398
0.000794398
0.000764209
0.000764209
0.000734688
0.000734688
0.00070583
0.00070583
0.000677632
0.000677632
0.00065009
0.00065009
0.0006232
0.0006232
0.000596959
0.000596959
0.000571363
0.000571363
0.000546407
0.000546407
0.000522091
0.000522091
0.000498408
0.000498408
0.000475358
0.000475358
0.000452935
0.000452935
0.000431138
0.000431138
0.000409964
0.000409964
0.000389408
0.000389408
0.00036947
0.00036947
0.000350145
0.000350145
0.000331431
0.000331431
0.000313324
0.000313324
0.000295823
0.000295823
0.000278924
0.000278924
0.000262625
0.000262625
0.00024692
0.00024692
0.000231809
0.000231809
0.000217286
0.000217286
0.000203347
0.000203347
0.000189989
0.000189989
0.000177206
0.000177206
0.000164993
0.000164993
0.000153344
0.000153344
0.000142253
0.000142253
0.000131712
0.000131712
0.000121714
0.000121714
0.000112248
0.000112248
0.000103307
0.000103307
9.48786e-05
9.48786e-05
8.69518e-05
8.69518e-05
7.95141e-05
7.95141e-05
7.2552e-05
7.2552e-05
6.60513e-05
6.60513e-05
5.99967e-05
5.99967e-05
5.43721e-05
5.43721e-05
4.91609e-05
4.91609e-05
4.43456e-05
4.43456e-05
3.99082e-05
3.99082e-05
3.58303e-05
3.58303e-05
3.20931e-05
3.20931e-05
2.86777e-05
2.86777e-05
2.55651e-05
2.55651e-05
2.27363e-05
2.27363e-05
2.01728e-05
2.01728e-05
1.7856e-05
1.7856e-05
1.5768e-05
1.5768e-05
1.38914e-05
1.38914e-05
1.22094e-05
1.22094e-05
1.07059e-05
1.07059e-05
9.36546e-06
9.36546e-06
8.17364e-06
8.17364e-06
7.11673e-06
7.11673e-06
6.18189e-06
6.18189e-06
5.35715e-06
5.35715e-06
4.63139e-06
4.63139e-06
3.99435e-06
3.99435e-06
3.4366e-06
3.4366e-06
2.94948e-06
2.94948e-06
2.52512e-06
2.52512e-06
2.15636e-06
2.15636e-06
1.83671e-06
1.83671e-06
1.56033e-06
1.56033e-06
1.32196e-06
1.32196e-06
1.11691e-06
1.11691e-06
9.40984e-07
9.40984e-07
7.90436e-07
7.90436e-07
6.61957e-07
6.61957e-07
5.52613e-07
5.52613e-07
4.59819e-07
4.59819e-07
3.81301e-07
3.81301e-07
3.15062e-07
3.15062e-07
2.59358e-07
2.59358e-07
2.12667e-07
2.12667e-07
1.73662e-07
1.73662e-07
1.41195e-07
1.41195e-07
1.14271e-07
1.14271e-07
9.20308e-08
9.20308e-08
7.37369e-08
7.37369e-08
5.87549e-08
5.87549e-08
4.65427e-08
4.65427e-08
3.66377e-08
3.66377e-08
2.86468e-08
2.86468e-08
2.22369e-08
2.22369e-08
1.71267e-08
1.71267e-08
1.30796e-08
1.30796e-08
9.89747e-09
9.89747e-09
7.41482e-09
7.41482e-09
5.49433e-09
5.49433e-09
4.02252e-09
4.02252e-09
2.90608e-09
2.90608e-09
2.06878e-09
2.06878e-09
1.44869e-09
1.44869e-09
9.95906e-10
9.95906e-10
6.70503e-10
6.70503e-10
4.4082e-10
4.4082e-10
2.8201e-10
2.8201e-10
1.74785e-10
1.74785e-10
1.04371e-10
1.04371e-10
5.96245e-11
5.96245e-11
3.22855e-11
3.22855e-11
1.63654e-11
1.63654e-11
7.63342e-12
7.63342e-12
3.19705e-12
3.19705e-12
1.16012e-12
1.16012e-12
3.4677e-13
3.4677e-13
8.19621e-14
8.19621e-14
1.98305e-14
1.98305e-14
1.2571e-14
1.2571e-14
1.4396e-14
1.4396e-14
)
;

boundaryField
{
    walls
    {
        type            nutUWallFunction;
        blending        stepwise;
        Cmu             0.09;
        kappa           0.41;
        E               9.8;
        value           uniform 0;
    }
    inlet
    {
        type            cyclic;
    }
    outlet
    {
        type            cyclic;
    }
    sides
    {
        type            empty;
    }
}


// ************************************************************************* //
