/*--------------------------------*- C++ -*----------------------------------*\
| =========                 |                                                 |
| \\      /  F ield         | OpenFOAM: The Open Source CFD Toolbox           |
|  \\    /   O peration     | Version:  2106                                  |
|   \\  /    A nd           | Website:  www.openfoam.com                      |
|    \\/     M anipulation  |                                                 |
\*---------------------------------------------------------------------------*/
FoamFile
{
    version     2.0;
    format      ascii;
    arch        "LSB;label=32;scalar=64";
    class       volScalarField;
    location    "10040";
    object      T;
}
// * * * * * * * * * * * * * * * * * * * * * * * * * * * * * * * * * * * * * //

dimensions      [0 0 0 1 0 0 0];

internalField   nonuniform List<scalar> 
2000
(
0.0118274
0.0118274
0.035703
0.035703
0.0600242
0.0600242
0.0847995
0.0847995
0.110037
0.110037
0.135746
0.135746
0.161934
0.161934
0.188612
0.188612
0.215787
0.215787
0.243469
0.243469
0.271668
0.271668
0.300393
0.300393
0.329654
0.329654
0.359461
0.359461
0.389824
0.389824
0.420754
0.420754
0.452261
0.452261
0.484355
0.484355
0.517048
0.517048
0.550351
0.550351
0.584275
0.584275
0.618831
0.618831
0.654032
0.654032
0.689889
0.689889
0.726414
0.726414
0.76362
0.76362
0.80152
0.80152
0.840125
0.840125
0.879449
0.879449
0.919506
0.919506
0.960307
0.960307
1.00187
1.00187
1.0442
1.0442
1.08732
1.08732
1.13124
1.13124
1.17598
1.17598
1.22154
1.22154
1.26795
1.26795
1.31522
1.31522
1.36336
1.36336
1.41239
1.41239
1.46232
1.46232
1.51316
1.51316
1.56494
1.56494
1.61766
1.61766
1.67135
1.67135
1.726
1.726
1.78165
1.78165
1.83829
1.83829
1.89594
1.89594
1.95462
1.95462
2.01433
2.01433
2.07509
2.07509
2.13689
2.13689
2.19976
2.19976
2.26368
2.26368
2.32868
2.32868
2.39474
2.39474
2.46187
2.46187
2.53006
2.53006
2.59932
2.59932
2.66962
2.66962
2.74096
2.74096
2.81332
2.81332
2.88668
2.88668
2.96103
2.96103
3.03633
3.03633
3.11255
3.11255
3.18967
3.18967
3.26764
3.26764
3.34642
3.34642
3.42596
3.42596
3.50623
3.50623
3.58716
3.58716
3.6687
3.6687
3.7508
3.7508
3.83339
3.83339
3.91642
3.91642
3.99983
3.99983
4.08354
4.08354
4.16751
4.16751
4.25167
4.25167
4.33596
4.33596
4.42031
4.42031
4.50468
4.50468
4.58899
4.58899
4.67321
4.67321
4.75728
4.75728
4.84115
4.84115
4.92478
4.92478
5.00812
5.00812
5.09114
5.09114
5.17379
5.17379
5.25604
5.25604
5.33788
5.33788
5.41926
5.41926
5.50016
5.50016
5.58057
5.58057
5.66046
5.66046
5.73983
5.73983
5.81864
5.81864
5.89691
5.89691
5.9746
5.9746
6.05173
6.05173
6.12827
6.12827
6.20424
6.20424
6.27962
6.27962
6.35442
6.35442
6.42863
6.42863
6.50226
6.50226
6.5753
6.5753
6.64778
6.64778
6.71967
6.71967
6.791
6.791
6.86177
6.86177
6.93198
6.93198
7.00164
7.00164
7.07076
7.07076
7.13934
7.13934
7.2074
7.2074
7.27493
7.27493
7.34195
7.34195
7.40846
7.40846
7.47449
7.47449
7.54002
7.54002
7.60507
7.60507
7.66966
7.66966
7.73378
7.73378
7.79745
7.79745
7.86067
7.86067
7.92346
7.92346
7.98581
7.98581
8.04775
8.04775
8.10928
8.10928
8.1704
8.1704
8.23113
8.23113
8.29147
8.29147
8.35143
8.35143
8.41102
8.41102
8.47024
8.47024
8.52911
8.52911
8.58762
8.58762
8.6458
8.6458
8.70363
8.70363
8.76114
8.76114
8.81832
8.81832
8.87519
8.87519
8.93175
8.93175
8.988
8.988
9.04396
9.04396
9.09962
9.09962
9.155
9.155
9.2101
9.2101
9.26492
9.26492
9.31947
9.31947
9.37376
9.37376
9.42779
9.42779
9.48156
9.48156
9.53509
9.53509
9.58836
9.58836
9.6414
9.6414
9.69419
9.69419
9.74676
9.74676
9.79909
9.79909
9.8512
9.8512
9.90308
9.90308
9.95475
9.95475
10.0062
10.0062
10.0574
10.0574
10.1085
10.1085
10.1593
10.1593
10.2099
10.2099
10.2603
10.2603
10.3105
10.3105
10.3605
10.3605
10.4104
10.4104
10.46
10.46
10.5094
10.5094
10.5586
10.5586
10.6077
10.6077
10.6566
10.6566
10.7052
10.7052
10.7537
10.7537
10.802
10.802
10.8501
10.8501
10.898
10.898
10.9458
10.9458
10.9933
10.9933
11.0406
11.0406
11.0878
11.0878
11.1348
11.1348
11.1815
11.1815
11.2281
11.2281
11.2745
11.2745
11.3207
11.3207
11.3667
11.3667
11.4124
11.4124
11.458
11.458
11.5033
11.5033
11.5485
11.5485
11.5934
11.5934
11.6381
11.6381
11.6825
11.6825
11.7267
11.7267
11.7707
11.7707
11.8144
11.8144
11.8579
11.8579
11.9011
11.9011
11.944
11.944
11.9866
11.9866
12.029
12.029
12.071
12.071
12.1127
12.1127
12.1541
12.1541
12.1951
12.1951
12.2358
12.2358
12.2761
12.2761
12.3161
12.3161
12.3556
12.3556
12.3947
12.3947
12.4333
12.4333
12.4715
12.4715
12.5092
12.5092
12.5464
12.5464
12.583
12.583
12.6191
12.6191
12.6545
12.6545
12.6894
12.6894
12.7235
12.7235
12.757
12.757
12.7896
12.7896
12.8215
12.8215
12.8525
12.8525
12.8826
12.8826
12.9118
12.9118
12.9399
12.9399
12.9669
12.9669
12.9927
12.9927
13.0172
13.0172
13.0404
13.0404
13.0621
13.0621
13.0823
13.0823
13.1008
13.1008
13.1174
13.1174
13.1322
13.1322
13.1449
13.1449
13.1553
13.1553
13.1634
13.1634
13.1689
13.1689
13.1718
13.1718
0.0118274
0.0118274
0.035703
0.035703
0.0600242
0.0600242
0.0847995
0.0847995
0.110037
0.110037
0.135746
0.135746
0.161934
0.161934
0.188612
0.188612
0.215787
0.215787
0.243469
0.243469
0.271668
0.271668
0.300393
0.300393
0.329654
0.329654
0.359461
0.359461
0.389824
0.389824
0.420754
0.420754
0.452261
0.452261
0.484355
0.484355
0.517048
0.517048
0.550351
0.550351
0.584275
0.584275
0.618831
0.618831
0.654032
0.654032
0.689889
0.689889
0.726414
0.726414
0.76362
0.76362
0.80152
0.80152
0.840125
0.840125
0.879449
0.879449
0.919506
0.919506
0.960307
0.960307
1.00187
1.00187
1.0442
1.0442
1.08732
1.08732
1.13124
1.13124
1.17598
1.17598
1.22154
1.22154
1.26795
1.26795
1.31522
1.31522
1.36336
1.36336
1.41239
1.41239
1.46232
1.46232
1.51316
1.51316
1.56494
1.56494
1.61766
1.61766
1.67135
1.67135
1.726
1.726
1.78165
1.78165
1.83829
1.83829
1.89594
1.89594
1.95462
1.95462
2.01433
2.01433
2.07509
2.07509
2.13689
2.13689
2.19976
2.19976
2.26368
2.26368
2.32868
2.32868
2.39474
2.39474
2.46187
2.46187
2.53006
2.53006
2.59932
2.59932
2.66962
2.66962
2.74096
2.74096
2.81332
2.81332
2.88668
2.88668
2.96103
2.96103
3.03633
3.03633
3.11255
3.11255
3.18967
3.18967
3.26764
3.26764
3.34642
3.34642
3.42596
3.42596
3.50623
3.50623
3.58716
3.58716
3.6687
3.6687
3.7508
3.7508
3.83339
3.83339
3.91642
3.91642
3.99983
3.99983
4.08354
4.08354
4.16751
4.16751
4.25167
4.25167
4.33596
4.33596
4.42031
4.42031
4.50468
4.50468
4.58899
4.58899
4.67321
4.67321
4.75728
4.75728
4.84115
4.84115
4.92478
4.92478
5.00812
5.00812
5.09114
5.09114
5.17379
5.17379
5.25604
5.25604
5.33788
5.33788
5.41926
5.41926
5.50016
5.50016
5.58057
5.58057
5.66046
5.66046
5.73983
5.73983
5.81864
5.81864
5.89691
5.89691
5.9746
5.9746
6.05173
6.05173
6.12827
6.12827
6.20424
6.20424
6.27962
6.27962
6.35442
6.35442
6.42863
6.42863
6.50226
6.50226
6.5753
6.5753
6.64778
6.64778
6.71967
6.71967
6.791
6.791
6.86177
6.86177
6.93198
6.93198
7.00164
7.00164
7.07076
7.07076
7.13934
7.13934
7.2074
7.2074
7.27493
7.27493
7.34195
7.34195
7.40846
7.40846
7.47449
7.47449
7.54002
7.54002
7.60507
7.60507
7.66966
7.66966
7.73378
7.73378
7.79745
7.79745
7.86067
7.86067
7.92346
7.92346
7.98581
7.98581
8.04775
8.04775
8.10928
8.10928
8.1704
8.1704
8.23113
8.23113
8.29147
8.29147
8.35143
8.35143
8.41102
8.41102
8.47024
8.47024
8.52911
8.52911
8.58762
8.58762
8.6458
8.6458
8.70363
8.70363
8.76114
8.76114
8.81832
8.81832
8.87519
8.87519
8.93175
8.93175
8.988
8.988
9.04396
9.04396
9.09962
9.09962
9.155
9.155
9.2101
9.2101
9.26492
9.26492
9.31947
9.31947
9.37376
9.37376
9.42779
9.42779
9.48156
9.48156
9.53509
9.53509
9.58836
9.58836
9.6414
9.6414
9.69419
9.69419
9.74676
9.74676
9.79909
9.79909
9.8512
9.8512
9.90308
9.90308
9.95475
9.95475
10.0062
10.0062
10.0574
10.0574
10.1085
10.1085
10.1593
10.1593
10.2099
10.2099
10.2603
10.2603
10.3105
10.3105
10.3605
10.3605
10.4104
10.4104
10.46
10.46
10.5094
10.5094
10.5586
10.5586
10.6077
10.6077
10.6566
10.6566
10.7052
10.7052
10.7537
10.7537
10.802
10.802
10.8501
10.8501
10.898
10.898
10.9458
10.9458
10.9933
10.9933
11.0406
11.0406
11.0878
11.0878
11.1348
11.1348
11.1815
11.1815
11.2281
11.2281
11.2745
11.2745
11.3207
11.3207
11.3667
11.3667
11.4124
11.4124
11.458
11.458
11.5033
11.5033
11.5485
11.5485
11.5934
11.5934
11.6381
11.6381
11.6825
11.6825
11.7267
11.7267
11.7707
11.7707
11.8144
11.8144
11.8579
11.8579
11.9011
11.9011
11.944
11.944
11.9866
11.9866
12.029
12.029
12.071
12.071
12.1127
12.1127
12.1541
12.1541
12.1951
12.1951
12.2358
12.2358
12.2761
12.2761
12.3161
12.3161
12.3556
12.3556
12.3947
12.3947
12.4333
12.4333
12.4715
12.4715
12.5092
12.5092
12.5464
12.5464
12.583
12.583
12.6191
12.6191
12.6545
12.6545
12.6894
12.6894
12.7235
12.7235
12.757
12.757
12.7896
12.7896
12.8215
12.8215
12.8525
12.8525
12.8826
12.8826
12.9118
12.9118
12.9399
12.9399
12.9669
12.9669
12.9927
12.9927
13.0172
13.0172
13.0404
13.0404
13.0621
13.0621
13.0823
13.0823
13.1008
13.1008
13.1174
13.1174
13.1322
13.1322
13.1449
13.1449
13.1553
13.1553
13.1634
13.1634
13.1689
13.1689
13.1718
13.1718
13.1718
13.1718
13.1689
13.1689
13.1634
13.1634
13.1553
13.1553
13.1449
13.1449
13.1322
13.1322
13.1174
13.1174
13.1008
13.1008
13.0823
13.0823
13.0621
13.0621
13.0404
13.0404
13.0172
13.0172
12.9927
12.9927
12.9669
12.9669
12.9399
12.9399
12.9118
12.9118
12.8826
12.8826
12.8525
12.8525
12.8215
12.8215
12.7896
12.7896
12.757
12.757
12.7235
12.7235
12.6894
12.6894
12.6545
12.6545
12.6191
12.6191
12.583
12.583
12.5464
12.5464
12.5092
12.5092
12.4715
12.4715
12.4333
12.4333
12.3947
12.3947
12.3556
12.3556
12.3161
12.3161
12.2761
12.2761
12.2358
12.2358
12.1951
12.1951
12.1541
12.1541
12.1127
12.1127
12.071
12.071
12.029
12.029
11.9866
11.9866
11.944
11.944
11.9011
11.9011
11.8579
11.8579
11.8144
11.8144
11.7707
11.7707
11.7267
11.7267
11.6825
11.6825
11.6381
11.6381
11.5934
11.5934
11.5485
11.5485
11.5033
11.5033
11.458
11.458
11.4124
11.4124
11.3667
11.3667
11.3207
11.3207
11.2745
11.2745
11.2281
11.2281
11.1815
11.1815
11.1348
11.1348
11.0878
11.0878
11.0406
11.0406
10.9933
10.9933
10.9458
10.9458
10.898
10.898
10.8501
10.8501
10.802
10.802
10.7537
10.7537
10.7052
10.7052
10.6566
10.6566
10.6077
10.6077
10.5586
10.5586
10.5094
10.5094
10.46
10.46
10.4104
10.4104
10.3605
10.3605
10.3105
10.3105
10.2603
10.2603
10.2099
10.2099
10.1593
10.1593
10.1085
10.1085
10.0574
10.0574
10.0062
10.0062
9.95475
9.95475
9.90308
9.90308
9.8512
9.8512
9.79909
9.79909
9.74676
9.74676
9.69419
9.69419
9.6414
9.6414
9.58836
9.58836
9.53509
9.53509
9.48156
9.48156
9.42779
9.42779
9.37376
9.37376
9.31947
9.31947
9.26492
9.26492
9.2101
9.2101
9.155
9.155
9.09962
9.09962
9.04396
9.04396
8.988
8.988
8.93175
8.93175
8.87519
8.87519
8.81832
8.81832
8.76114
8.76114
8.70363
8.70363
8.64579
8.64579
8.58762
8.58762
8.52911
8.52911
8.47024
8.47024
8.41102
8.41102
8.35143
8.35143
8.29147
8.29147
8.23113
8.23113
8.1704
8.1704
8.10928
8.10928
8.04775
8.04775
7.98581
7.98581
7.92346
7.92346
7.86067
7.86067
7.79745
7.79745
7.73378
7.73378
7.66966
7.66966
7.60507
7.60507
7.54002
7.54002
7.47449
7.47449
7.40846
7.40846
7.34195
7.34195
7.27493
7.27493
7.20739
7.20739
7.13934
7.13934
7.07076
7.07076
7.00164
7.00164
6.93198
6.93198
6.86177
6.86177
6.791
6.791
6.71967
6.71967
6.64778
6.64778
6.5753
6.5753
6.50226
6.50226
6.42863
6.42863
6.35442
6.35442
6.27962
6.27962
6.20424
6.20424
6.12827
6.12827
6.05173
6.05173
5.9746
5.9746
5.89691
5.89691
5.81864
5.81864
5.73983
5.73983
5.66046
5.66046
5.58057
5.58057
5.50016
5.50016
5.41926
5.41926
5.33788
5.33788
5.25604
5.25604
5.17379
5.17379
5.09114
5.09114
5.00812
5.00812
4.92478
4.92478
4.84115
4.84115
4.75728
4.75728
4.67321
4.67321
4.589
4.589
4.50468
4.50468
4.42031
4.42031
4.33596
4.33596
4.25167
4.25167
4.16751
4.16751
4.08354
4.08354
3.99983
3.99983
3.91642
3.91642
3.83339
3.83339
3.7508
3.7508
3.6687
3.6687
3.58716
3.58716
3.50623
3.50623
3.42596
3.42596
3.34642
3.34642
3.26764
3.26764
3.18967
3.18967
3.11256
3.11256
3.03633
3.03633
2.96103
2.96103
2.88668
2.88668
2.81332
2.81332
2.74096
2.74096
2.66962
2.66962
2.59932
2.59932
2.53006
2.53006
2.46187
2.46187
2.39474
2.39474
2.32868
2.32868
2.26368
2.26368
2.19976
2.19976
2.13689
2.13689
2.07509
2.07509
2.01433
2.01433
1.95462
1.95462
1.89594
1.89594
1.83829
1.83829
1.78165
1.78165
1.726
1.726
1.67135
1.67135
1.61766
1.61766
1.56494
1.56494
1.51316
1.51316
1.46232
1.46232
1.41239
1.41239
1.36336
1.36336
1.31522
1.31522
1.26795
1.26795
1.22154
1.22154
1.17598
1.17598
1.13124
1.13124
1.08732
1.08732
1.0442
1.0442
1.00187
1.00187
0.960307
0.960307
0.919506
0.919506
0.879449
0.879449
0.840125
0.840125
0.80152
0.80152
0.76362
0.76362
0.726414
0.726414
0.689889
0.689889
0.654032
0.654032
0.618831
0.618831
0.584275
0.584275
0.550351
0.550351
0.517048
0.517048
0.484355
0.484355
0.452261
0.452261
0.420754
0.420754
0.389824
0.389824
0.359461
0.359461
0.329654
0.329654
0.300393
0.300393
0.271668
0.271668
0.243469
0.243469
0.215787
0.215787
0.188612
0.188612
0.161934
0.161934
0.135746
0.135746
0.110037
0.110037
0.0847995
0.0847995
0.0600243
0.0600243
0.035703
0.035703
0.0118274
0.0118274
13.1718
13.1718
13.1689
13.1689
13.1634
13.1634
13.1553
13.1553
13.1449
13.1449
13.1322
13.1322
13.1174
13.1174
13.1008
13.1008
13.0823
13.0823
13.0621
13.0621
13.0404
13.0404
13.0172
13.0172
12.9927
12.9927
12.9669
12.9669
12.9399
12.9399
12.9118
12.9118
12.8826
12.8826
12.8525
12.8525
12.8215
12.8215
12.7896
12.7896
12.757
12.757
12.7235
12.7235
12.6894
12.6894
12.6545
12.6545
12.6191
12.6191
12.583
12.583
12.5464
12.5464
12.5092
12.5092
12.4715
12.4715
12.4333
12.4333
12.3947
12.3947
12.3556
12.3556
12.3161
12.3161
12.2761
12.2761
12.2358
12.2358
12.1951
12.1951
12.1541
12.1541
12.1127
12.1127
12.071
12.071
12.029
12.029
11.9866
11.9866
11.944
11.944
11.9011
11.9011
11.8579
11.8579
11.8144
11.8144
11.7707
11.7707
11.7267
11.7267
11.6825
11.6825
11.6381
11.6381
11.5934
11.5934
11.5485
11.5485
11.5033
11.5033
11.458
11.458
11.4124
11.4124
11.3667
11.3667
11.3207
11.3207
11.2745
11.2745
11.2281
11.2281
11.1815
11.1815
11.1348
11.1348
11.0878
11.0878
11.0406
11.0406
10.9933
10.9933
10.9458
10.9458
10.898
10.898
10.8501
10.8501
10.802
10.802
10.7537
10.7537
10.7052
10.7052
10.6566
10.6566
10.6077
10.6077
10.5586
10.5586
10.5094
10.5094
10.46
10.46
10.4104
10.4104
10.3605
10.3605
10.3105
10.3105
10.2603
10.2603
10.2099
10.2099
10.1593
10.1593
10.1085
10.1085
10.0574
10.0574
10.0062
10.0062
9.95475
9.95475
9.90308
9.90308
9.8512
9.8512
9.79909
9.79909
9.74676
9.74676
9.69419
9.69419
9.6414
9.6414
9.58836
9.58836
9.53509
9.53509
9.48156
9.48156
9.42779
9.42779
9.37376
9.37376
9.31947
9.31947
9.26492
9.26492
9.2101
9.2101
9.155
9.155
9.09962
9.09962
9.04396
9.04396
8.988
8.988
8.93175
8.93175
8.87519
8.87519
8.81832
8.81832
8.76114
8.76114
8.70363
8.70363
8.64579
8.64579
8.58762
8.58762
8.52911
8.52911
8.47024
8.47024
8.41102
8.41102
8.35143
8.35143
8.29147
8.29147
8.23113
8.23113
8.1704
8.1704
8.10928
8.10928
8.04775
8.04775
7.98581
7.98581
7.92346
7.92346
7.86067
7.86067
7.79745
7.79745
7.73378
7.73378
7.66966
7.66966
7.60507
7.60507
7.54002
7.54002
7.47449
7.47449
7.40846
7.40846
7.34195
7.34195
7.27493
7.27493
7.20739
7.20739
7.13934
7.13934
7.07076
7.07076
7.00164
7.00164
6.93198
6.93198
6.86177
6.86177
6.791
6.791
6.71967
6.71967
6.64778
6.64778
6.5753
6.5753
6.50226
6.50226
6.42863
6.42863
6.35442
6.35442
6.27962
6.27962
6.20424
6.20424
6.12827
6.12827
6.05173
6.05173
5.9746
5.9746
5.89691
5.89691
5.81864
5.81864
5.73983
5.73983
5.66046
5.66046
5.58057
5.58057
5.50016
5.50016
5.41926
5.41926
5.33788
5.33788
5.25604
5.25604
5.17379
5.17379
5.09114
5.09114
5.00812
5.00812
4.92478
4.92478
4.84115
4.84115
4.75728
4.75728
4.67321
4.67321
4.589
4.589
4.50468
4.50468
4.42031
4.42031
4.33596
4.33596
4.25167
4.25167
4.16751
4.16751
4.08354
4.08354
3.99983
3.99983
3.91642
3.91642
3.83339
3.83339
3.7508
3.7508
3.6687
3.6687
3.58716
3.58716
3.50623
3.50623
3.42596
3.42596
3.34642
3.34642
3.26764
3.26764
3.18967
3.18967
3.11256
3.11256
3.03633
3.03633
2.96103
2.96103
2.88668
2.88668
2.81332
2.81332
2.74096
2.74096
2.66962
2.66962
2.59932
2.59932
2.53006
2.53006
2.46187
2.46187
2.39474
2.39474
2.32868
2.32868
2.26368
2.26368
2.19976
2.19976
2.13689
2.13689
2.07509
2.07509
2.01433
2.01433
1.95462
1.95462
1.89594
1.89594
1.83829
1.83829
1.78165
1.78165
1.726
1.726
1.67135
1.67135
1.61766
1.61766
1.56494
1.56494
1.51316
1.51316
1.46232
1.46232
1.41239
1.41239
1.36336
1.36336
1.31522
1.31522
1.26795
1.26795
1.22154
1.22154
1.17598
1.17598
1.13124
1.13124
1.08732
1.08732
1.0442
1.0442
1.00187
1.00187
0.960307
0.960307
0.919506
0.919506
0.879449
0.879449
0.840125
0.840125
0.80152
0.80152
0.76362
0.76362
0.726414
0.726414
0.689889
0.689889
0.654032
0.654032
0.618831
0.618831
0.584275
0.584275
0.550351
0.550351
0.517048
0.517048
0.484355
0.484355
0.452261
0.452261
0.420754
0.420754
0.389824
0.389824
0.359461
0.359461
0.329654
0.329654
0.300393
0.300393
0.271668
0.271668
0.243469
0.243469
0.215787
0.215787
0.188612
0.188612
0.161934
0.161934
0.135746
0.135746
0.110037
0.110037
0.0847995
0.0847995
0.0600243
0.0600243
0.035703
0.035703
0.0118274
0.0118274
)
;

boundaryField
{
    walls
    {
        type            fixedValue;
        value           uniform 0;
    }
    inlet
    {
        type            cyclic;
    }
    outlet
    {
        type            cyclic;
    }
    sides
    {
        type            empty;
    }
}


// ************************************************************************* //
