/*--------------------------------*- C++ -*----------------------------------*\
| =========                 |                                                 |
| \\      /  F ield         | OpenFOAM: The Open Source CFD Toolbox           |
|  \\    /   O peration     | Version:  2106                                  |
|   \\  /    A nd           | Website:  www.openfoam.com                      |
|    \\/     M anipulation  |                                                 |
\*---------------------------------------------------------------------------*/
FoamFile
{
    version     2.0;
    format      ascii;
    arch        "LSB;label=32;scalar=64";
    class       volScalarField;
    location    "10090";
    object      omega;
}
// * * * * * * * * * * * * * * * * * * * * * * * * * * * * * * * * * * * * * //

dimensions      [0 0 -1 0 0 0 0];

internalField   nonuniform List<scalar> 
2000
(
4.48487e+06
4.48487e+06
778395
778395
262847
262847
123422
123422
69650.3
69650.3
44040.4
44040.4
30052.8
30052.8
21650.8
21650.8
16241
16241
12568.8
12568.8
9970.81
9970.81
8070.54
8070.54
6642.1
6642.1
5543.57
5543.57
4682.27
4682.27
3995.68
3995.68
3440.45
3440.45
2985.78
2985.78
2609.29
2609.29
2294.48
2294.48
2028.91
2028.91
1803.1
1803.1
1609.72
1609.72
1443.04
1443.04
1298.52
1298.52
1172.53
1172.53
1062.16
1062.16
965.021
965.021
879.165
879.165
802.986
802.986
735.146
735.146
674.528
674.528
620.192
620.192
571.343
571.343
527.305
527.305
487.502
487.502
451.438
451.438
418.688
418.688
388.883
388.883
361.702
361.702
336.868
336.868
314.137
314.137
293.295
293.295
274.153
274.153
256.547
256.547
240.33
240.33
225.371
225.371
211.555
211.555
198.779
198.779
186.95
186.95
175.987
175.987
165.815
165.815
156.367
156.367
147.584
147.584
139.412
139.412
131.801
131.801
124.707
124.707
118.091
118.091
111.914
111.914
106.145
106.145
100.751
100.751
95.707
95.707
90.9857
90.9857
86.5641
86.5641
82.421
82.421
78.5364
78.5364
74.8923
74.8923
71.472
71.472
68.2598
68.2598
65.2415
65.2415
62.4038
62.4038
59.7345
59.7345
57.2219
57.2219
54.8557
54.8557
52.6257
52.6257
50.5228
50.5228
48.5384
48.5384
46.6645
46.6645
44.8936
44.8936
43.2186
43.2186
41.6331
41.6331
40.1309
40.1309
38.7063
38.7063
37.3541
37.3541
36.0691
36.0691
34.847
34.847
33.6832
33.6832
32.5739
32.5739
31.5153
31.5153
30.5041
30.5041
29.537
29.537
28.611
28.611
27.7236
27.7236
26.8722
26.8722
26.0546
26.0546
25.2686
25.2686
24.5123
24.5123
23.784
23.784
23.0821
23.0821
22.4051
22.4051
21.7516
21.7516
21.1205
21.1205
20.5107
20.5107
19.921
19.921
19.3507
19.3507
18.7987
18.7987
18.2644
18.2644
17.7469
17.7469
17.2457
17.2457
16.7601
16.7601
16.2894
16.2894
15.8332
15.8332
15.391
15.391
14.9622
14.9622
14.5465
14.5465
14.1433
14.1433
13.7523
13.7523
13.373
13.373
13.0052
13.0052
12.6484
12.6484
12.3023
12.3023
11.9665
11.9665
11.6408
11.6408
11.3248
11.3248
11.0183
11.0183
10.7209
10.7209
10.4323
10.4323
10.1524
10.1524
9.88071
9.88071
9.61713
9.61713
9.36136
9.36136
9.11316
9.11316
8.87229
8.87229
8.63853
8.63853
8.41166
8.41166
8.19146
8.19146
7.97773
7.97773
7.77025
7.77025
7.56883
7.56883
7.37328
7.37328
7.18342
7.18342
6.99906
6.99906
6.82004
6.82004
6.64618
6.64618
6.47732
6.47732
6.31331
6.31331
6.15398
6.15398
5.99919
5.99919
5.8488
5.8488
5.70266
5.70266
5.56065
5.56065
5.42262
5.42262
5.28846
5.28846
5.15805
5.15805
5.03126
5.03126
4.90797
4.90797
4.78809
4.78809
4.6715
4.6715
4.5581
4.5581
4.44779
4.44779
4.34048
4.34048
4.23606
4.23606
4.13445
4.13445
4.03556
4.03556
3.9393
3.9393
3.8456
3.8456
3.75438
3.75438
3.66555
3.66555
3.57905
3.57905
3.4948
3.4948
3.41274
3.41274
3.3328
3.3328
3.2549
3.2549
3.179
3.179
3.10502
3.10502
3.03292
3.03292
2.96263
2.96263
2.8941
2.8941
2.82727
2.82727
2.7621
2.7621
2.69854
2.69854
2.63653
2.63653
2.57603
2.57603
2.51699
2.51699
2.45938
2.45938
2.40314
2.40314
2.34825
2.34825
2.29465
2.29465
2.24231
2.24231
2.19119
2.19119
2.14126
2.14126
2.09248
2.09248
2.04481
2.04481
1.99823
1.99823
1.9527
1.9527
1.9082
1.9082
1.86468
1.86468
1.82213
1.82213
1.78051
1.78051
1.7398
1.7398
1.69997
1.69997
1.66099
1.66099
1.62284
1.62284
1.58551
1.58551
1.54895
1.54895
1.51315
1.51315
1.4781
1.4781
1.44376
1.44376
1.41012
1.41012
1.37716
1.37716
1.34486
1.34486
1.3132
1.3132
1.28217
1.28217
1.25175
1.25175
1.22193
1.22193
1.19268
1.19268
1.16401
1.16401
1.13588
1.13588
1.10831
1.10831
1.08126
1.08126
1.05474
1.05474
1.02874
1.02874
1.00324
1.00324
0.978257
0.978257
0.953773
0.953773
0.92979
0.92979
0.906309
0.906309
0.883335
0.883335
0.860871
0.860871
0.838926
0.838926
0.817513
0.817513
0.796646
0.796646
0.776343
0.776343
0.756628
0.756628
0.737528
0.737528
0.719077
0.719077
0.701314
0.701314
0.684283
0.684283
0.668037
0.668037
0.652635
0.652635
0.638145
0.638145
0.624643
0.624643
0.612213
0.612213
0.600947
0.600947
0.590948
0.590948
0.582322
0.582322
0.575183
0.575183
0.569651
0.569651
0.565844
0.565844
0.563882
0.563882
4.48487e+06
4.48487e+06
778395
778395
262847
262847
123422
123422
69650.3
69650.3
44040.4
44040.4
30052.8
30052.8
21650.8
21650.8
16241
16241
12568.8
12568.8
9970.81
9970.81
8070.54
8070.54
6642.1
6642.1
5543.57
5543.57
4682.27
4682.27
3995.68
3995.68
3440.45
3440.45
2985.78
2985.78
2609.29
2609.29
2294.48
2294.48
2028.91
2028.91
1803.1
1803.1
1609.72
1609.72
1443.04
1443.04
1298.52
1298.52
1172.53
1172.53
1062.16
1062.16
965.021
965.021
879.165
879.165
802.986
802.986
735.146
735.146
674.528
674.528
620.192
620.192
571.343
571.343
527.305
527.305
487.502
487.502
451.438
451.438
418.688
418.688
388.883
388.883
361.702
361.702
336.868
336.868
314.137
314.137
293.295
293.295
274.153
274.153
256.547
256.547
240.33
240.33
225.371
225.371
211.555
211.555
198.779
198.779
186.95
186.95
175.987
175.987
165.815
165.815
156.367
156.367
147.584
147.584
139.412
139.412
131.801
131.801
124.707
124.707
118.091
118.091
111.914
111.914
106.145
106.145
100.751
100.751
95.707
95.707
90.9857
90.9857
86.5641
86.5641
82.421
82.421
78.5364
78.5364
74.8923
74.8923
71.472
71.472
68.2598
68.2598
65.2415
65.2415
62.4038
62.4038
59.7345
59.7345
57.2219
57.2219
54.8557
54.8557
52.6257
52.6257
50.5228
50.5228
48.5384
48.5384
46.6645
46.6645
44.8936
44.8936
43.2186
43.2186
41.6331
41.6331
40.1309
40.1309
38.7063
38.7063
37.3541
37.3541
36.0691
36.0691
34.847
34.847
33.6832
33.6832
32.5739
32.5739
31.5153
31.5153
30.5041
30.5041
29.537
29.537
28.611
28.611
27.7236
27.7236
26.8722
26.8722
26.0546
26.0546
25.2686
25.2686
24.5123
24.5123
23.784
23.784
23.0821
23.0821
22.4051
22.4051
21.7516
21.7516
21.1205
21.1205
20.5107
20.5107
19.921
19.921
19.3507
19.3507
18.7987
18.7987
18.2644
18.2644
17.7469
17.7469
17.2457
17.2457
16.7601
16.7601
16.2894
16.2894
15.8332
15.8332
15.391
15.391
14.9622
14.9622
14.5465
14.5465
14.1433
14.1433
13.7523
13.7523
13.373
13.373
13.0052
13.0052
12.6484
12.6484
12.3023
12.3023
11.9665
11.9665
11.6408
11.6408
11.3248
11.3248
11.0183
11.0183
10.7209
10.7209
10.4323
10.4323
10.1524
10.1524
9.88071
9.88071
9.61713
9.61713
9.36136
9.36136
9.11316
9.11316
8.87229
8.87229
8.63853
8.63853
8.41166
8.41166
8.19146
8.19146
7.97773
7.97773
7.77025
7.77025
7.56883
7.56883
7.37328
7.37328
7.18342
7.18342
6.99906
6.99906
6.82004
6.82004
6.64618
6.64618
6.47732
6.47732
6.31331
6.31331
6.15398
6.15398
5.99919
5.99919
5.8488
5.8488
5.70266
5.70266
5.56065
5.56065
5.42262
5.42262
5.28846
5.28846
5.15805
5.15805
5.03126
5.03126
4.90797
4.90797
4.78809
4.78809
4.6715
4.6715
4.5581
4.5581
4.44779
4.44779
4.34048
4.34048
4.23606
4.23606
4.13445
4.13445
4.03556
4.03556
3.9393
3.9393
3.8456
3.8456
3.75438
3.75438
3.66555
3.66555
3.57905
3.57905
3.4948
3.4948
3.41274
3.41274
3.3328
3.3328
3.2549
3.2549
3.179
3.179
3.10502
3.10502
3.03292
3.03292
2.96263
2.96263
2.8941
2.8941
2.82727
2.82727
2.7621
2.7621
2.69854
2.69854
2.63653
2.63653
2.57603
2.57603
2.51699
2.51699
2.45938
2.45938
2.40314
2.40314
2.34825
2.34825
2.29465
2.29465
2.24231
2.24231
2.19119
2.19119
2.14126
2.14126
2.09248
2.09248
2.04481
2.04481
1.99823
1.99823
1.9527
1.9527
1.9082
1.9082
1.86468
1.86468
1.82213
1.82213
1.78051
1.78051
1.7398
1.7398
1.69997
1.69997
1.66099
1.66099
1.62284
1.62284
1.58551
1.58551
1.54895
1.54895
1.51315
1.51315
1.4781
1.4781
1.44376
1.44376
1.41012
1.41012
1.37716
1.37716
1.34486
1.34486
1.3132
1.3132
1.28217
1.28217
1.25175
1.25175
1.22193
1.22193
1.19268
1.19268
1.16401
1.16401
1.13588
1.13588
1.10831
1.10831
1.08126
1.08126
1.05474
1.05474
1.02874
1.02874
1.00324
1.00324
0.978257
0.978257
0.953773
0.953773
0.92979
0.92979
0.906309
0.906309
0.883335
0.883335
0.860871
0.860871
0.838926
0.838926
0.817513
0.817513
0.796646
0.796646
0.776343
0.776343
0.756628
0.756628
0.737528
0.737528
0.719077
0.719077
0.701314
0.701314
0.684283
0.684283
0.668037
0.668037
0.652635
0.652635
0.638145
0.638145
0.624643
0.624643
0.612213
0.612213
0.600947
0.600947
0.590948
0.590948
0.582322
0.582322
0.575183
0.575183
0.569651
0.569651
0.565844
0.565844
0.563882
0.563882
0.563882
0.563882
0.565844
0.565844
0.569651
0.569651
0.575183
0.575183
0.582322
0.582322
0.590948
0.590948
0.600947
0.600947
0.612213
0.612213
0.624643
0.624643
0.638145
0.638145
0.652635
0.652635
0.668037
0.668037
0.684283
0.684283
0.701314
0.701314
0.719077
0.719077
0.737528
0.737528
0.756628
0.756628
0.776343
0.776343
0.796645
0.796645
0.817513
0.817513
0.838926
0.838926
0.860871
0.860871
0.883334
0.883334
0.906309
0.906309
0.92979
0.92979
0.953773
0.953773
0.978257
0.978257
1.00324
1.00324
1.02874
1.02874
1.05474
1.05474
1.08126
1.08126
1.10831
1.10831
1.13588
1.13588
1.16401
1.16401
1.19268
1.19268
1.22193
1.22193
1.25175
1.25175
1.28217
1.28217
1.3132
1.3132
1.34486
1.34486
1.37716
1.37716
1.41012
1.41012
1.44376
1.44376
1.4781
1.4781
1.51315
1.51315
1.54895
1.54895
1.5855
1.5855
1.62284
1.62284
1.66099
1.66099
1.69997
1.69997
1.7398
1.7398
1.78051
1.78051
1.82213
1.82213
1.86468
1.86468
1.9082
1.9082
1.9527
1.9527
1.99823
1.99823
2.04481
2.04481
2.09248
2.09248
2.14126
2.14126
2.19119
2.19119
2.24231
2.24231
2.29465
2.29465
2.34825
2.34825
2.40314
2.40314
2.45938
2.45938
2.51699
2.51699
2.57603
2.57603
2.63653
2.63653
2.69854
2.69854
2.7621
2.7621
2.82727
2.82727
2.8941
2.8941
2.96263
2.96263
3.03292
3.03292
3.10502
3.10502
3.179
3.179
3.2549
3.2549
3.3328
3.3328
3.41274
3.41274
3.4948
3.4948
3.57905
3.57905
3.66555
3.66555
3.75438
3.75438
3.8456
3.8456
3.9393
3.9393
4.03556
4.03556
4.13445
4.13445
4.23606
4.23606
4.34048
4.34048
4.44779
4.44779
4.5581
4.5581
4.6715
4.6715
4.78809
4.78809
4.90797
4.90797
5.03126
5.03126
5.15805
5.15805
5.28846
5.28846
5.42262
5.42262
5.56065
5.56065
5.70266
5.70266
5.8488
5.8488
5.99919
5.99919
6.15398
6.15398
6.31331
6.31331
6.47732
6.47732
6.64618
6.64618
6.82004
6.82004
6.99906
6.99906
7.18342
7.18342
7.37328
7.37328
7.56883
7.56883
7.77025
7.77025
7.97773
7.97773
8.19146
8.19146
8.41166
8.41166
8.63854
8.63854
8.87229
8.87229
9.11316
9.11316
9.36136
9.36136
9.61713
9.61713
9.88071
9.88071
10.1524
10.1524
10.4323
10.4323
10.7209
10.7209
11.0183
11.0183
11.3248
11.3248
11.6408
11.6408
11.9665
11.9665
12.3023
12.3023
12.6484
12.6484
13.0052
13.0052
13.373
13.373
13.7523
13.7523
14.1433
14.1433
14.5465
14.5465
14.9622
14.9622
15.391
15.391
15.8332
15.8332
16.2894
16.2894
16.7601
16.7601
17.2457
17.2457
17.7469
17.7469
18.2644
18.2644
18.7987
18.7987
19.3507
19.3507
19.921
19.921
20.5107
20.5107
21.1205
21.1205
21.7516
21.7516
22.4051
22.4051
23.0821
23.0821
23.784
23.784
24.5123
24.5123
25.2686
25.2686
26.0546
26.0546
26.8722
26.8722
27.7236
27.7236
28.611
28.611
29.537
29.537
30.5041
30.5041
31.5153
31.5153
32.5739
32.5739
33.6832
33.6832
34.847
34.847
36.0691
36.0691
37.3541
37.3541
38.7063
38.7063
40.1309
40.1309
41.6331
41.6331
43.2186
43.2186
44.8936
44.8936
46.6645
46.6645
48.5384
48.5384
50.5228
50.5228
52.6257
52.6257
54.8557
54.8557
57.2219
57.2219
59.7345
59.7345
62.4038
62.4038
65.2415
65.2415
68.2598
68.2598
71.472
71.472
74.8923
74.8923
78.5364
78.5364
82.421
82.421
86.5641
86.5641
90.9857
90.9857
95.707
95.707
100.751
100.751
106.145
106.145
111.914
111.914
118.091
118.091
124.707
124.707
131.801
131.801
139.412
139.412
147.584
147.584
156.367
156.367
165.815
165.815
175.987
175.987
186.95
186.95
198.779
198.779
211.555
211.555
225.371
225.371
240.33
240.33
256.547
256.547
274.153
274.153
293.295
293.295
314.137
314.137
336.868
336.868
361.702
361.702
388.883
388.883
418.688
418.688
451.438
451.438
487.502
487.502
527.305
527.305
571.343
571.343
620.192
620.192
674.528
674.528
735.146
735.146
802.986
802.986
879.165
879.165
965.021
965.021
1062.16
1062.16
1172.53
1172.53
1298.52
1298.52
1443.04
1443.04
1609.72
1609.72
1803.1
1803.1
2028.91
2028.91
2294.48
2294.48
2609.3
2609.3
2985.78
2985.78
3440.45
3440.45
3995.68
3995.68
4682.27
4682.27
5543.57
5543.57
6642.1
6642.1
8070.54
8070.54
9970.82
9970.82
12568.8
12568.8
16241
16241
21650.8
21650.8
30052.7
30052.7
44040.4
44040.4
69650.2
69650.2
123422
123422
262847
262847
778393
778393
4.48484e+06
4.48484e+06
0.563882
0.563882
0.565844
0.565844
0.569651
0.569651
0.575183
0.575183
0.582322
0.582322
0.590948
0.590948
0.600947
0.600947
0.612213
0.612213
0.624643
0.624643
0.638145
0.638145
0.652635
0.652635
0.668037
0.668037
0.684283
0.684283
0.701314
0.701314
0.719077
0.719077
0.737528
0.737528
0.756628
0.756628
0.776343
0.776343
0.796645
0.796645
0.817513
0.817513
0.838926
0.838926
0.860871
0.860871
0.883334
0.883334
0.906309
0.906309
0.92979
0.92979
0.953773
0.953773
0.978257
0.978257
1.00324
1.00324
1.02874
1.02874
1.05474
1.05474
1.08126
1.08126
1.10831
1.10831
1.13588
1.13588
1.16401
1.16401
1.19268
1.19268
1.22193
1.22193
1.25175
1.25175
1.28217
1.28217
1.3132
1.3132
1.34486
1.34486
1.37716
1.37716
1.41012
1.41012
1.44376
1.44376
1.4781
1.4781
1.51315
1.51315
1.54895
1.54895
1.5855
1.5855
1.62284
1.62284
1.66099
1.66099
1.69997
1.69997
1.7398
1.7398
1.78051
1.78051
1.82213
1.82213
1.86468
1.86468
1.9082
1.9082
1.9527
1.9527
1.99823
1.99823
2.04481
2.04481
2.09248
2.09248
2.14126
2.14126
2.19119
2.19119
2.24231
2.24231
2.29465
2.29465
2.34825
2.34825
2.40314
2.40314
2.45938
2.45938
2.51699
2.51699
2.57603
2.57603
2.63653
2.63653
2.69854
2.69854
2.7621
2.7621
2.82727
2.82727
2.8941
2.8941
2.96263
2.96263
3.03292
3.03292
3.10502
3.10502
3.179
3.179
3.2549
3.2549
3.3328
3.3328
3.41274
3.41274
3.4948
3.4948
3.57905
3.57905
3.66555
3.66555
3.75438
3.75438
3.8456
3.8456
3.9393
3.9393
4.03556
4.03556
4.13445
4.13445
4.23606
4.23606
4.34048
4.34048
4.44779
4.44779
4.5581
4.5581
4.6715
4.6715
4.78809
4.78809
4.90797
4.90797
5.03126
5.03126
5.15805
5.15805
5.28846
5.28846
5.42262
5.42262
5.56065
5.56065
5.70266
5.70266
5.8488
5.8488
5.99919
5.99919
6.15398
6.15398
6.31331
6.31331
6.47732
6.47732
6.64618
6.64618
6.82004
6.82004
6.99906
6.99906
7.18342
7.18342
7.37328
7.37328
7.56883
7.56883
7.77025
7.77025
7.97773
7.97773
8.19146
8.19146
8.41166
8.41166
8.63854
8.63854
8.87229
8.87229
9.11316
9.11316
9.36136
9.36136
9.61713
9.61713
9.88071
9.88071
10.1524
10.1524
10.4323
10.4323
10.7209
10.7209
11.0183
11.0183
11.3248
11.3248
11.6408
11.6408
11.9665
11.9665
12.3023
12.3023
12.6484
12.6484
13.0052
13.0052
13.373
13.373
13.7523
13.7523
14.1433
14.1433
14.5465
14.5465
14.9622
14.9622
15.391
15.391
15.8332
15.8332
16.2894
16.2894
16.7601
16.7601
17.2457
17.2457
17.7469
17.7469
18.2644
18.2644
18.7987
18.7987
19.3507
19.3507
19.921
19.921
20.5107
20.5107
21.1205
21.1205
21.7516
21.7516
22.4051
22.4051
23.0821
23.0821
23.784
23.784
24.5123
24.5123
25.2686
25.2686
26.0546
26.0546
26.8722
26.8722
27.7236
27.7236
28.611
28.611
29.537
29.537
30.5041
30.5041
31.5153
31.5153
32.5739
32.5739
33.6832
33.6832
34.847
34.847
36.0691
36.0691
37.3541
37.3541
38.7063
38.7063
40.1309
40.1309
41.6331
41.6331
43.2186
43.2186
44.8936
44.8936
46.6645
46.6645
48.5384
48.5384
50.5228
50.5228
52.6257
52.6257
54.8557
54.8557
57.2219
57.2219
59.7345
59.7345
62.4038
62.4038
65.2415
65.2415
68.2598
68.2598
71.472
71.472
74.8923
74.8923
78.5364
78.5364
82.421
82.421
86.5641
86.5641
90.9857
90.9857
95.707
95.707
100.751
100.751
106.145
106.145
111.914
111.914
118.091
118.091
124.707
124.707
131.801
131.801
139.412
139.412
147.584
147.584
156.367
156.367
165.815
165.815
175.987
175.987
186.95
186.95
198.779
198.779
211.555
211.555
225.371
225.371
240.33
240.33
256.547
256.547
274.153
274.153
293.295
293.295
314.137
314.137
336.868
336.868
361.702
361.702
388.883
388.883
418.688
418.688
451.438
451.438
487.502
487.502
527.305
527.305
571.343
571.343
620.192
620.192
674.528
674.528
735.146
735.146
802.986
802.986
879.165
879.165
965.021
965.021
1062.16
1062.16
1172.53
1172.53
1298.52
1298.52
1443.04
1443.04
1609.72
1609.72
1803.1
1803.1
2028.91
2028.91
2294.48
2294.48
2609.3
2609.3
2985.78
2985.78
3440.45
3440.45
3995.68
3995.68
4682.27
4682.27
5543.57
5543.57
6642.1
6642.1
8070.54
8070.54
9970.82
9970.82
12568.8
12568.8
16241
16241
21650.8
21650.8
30052.7
30052.7
44040.4
44040.4
69650.2
69650.2
123422
123422
262847
262847
778393
778393
4.48484e+06
4.48484e+06
)
;

boundaryField
{
    walls
    {
        blending        binomial2;
        n               2;
        beta1           0.075;
        type            omegaWallFunction;
        value           nonuniform List<scalar> 8(4.48487e+06 4.48487e+06 4.48487e+06 4.48487e+06 4.48484e+06 4.48484e+06 4.48484e+06 4.48484e+06);
    }
    inlet
    {
        type            cyclic;
    }
    outlet
    {
        type            cyclic;
    }
    sides
    {
        type            empty;
    }
}


// ************************************************************************* //
