/*--------------------------------*- C++ -*----------------------------------*\
| =========                 |                                                 |
| \\      /  F ield         | OpenFOAM: The Open Source CFD Toolbox           |
|  \\    /   O peration     | Version:  2106                                  |
|   \\  /    A nd           | Website:  www.openfoam.com                      |
|    \\/     M anipulation  |                                                 |
\*---------------------------------------------------------------------------*/
FoamFile
{
    version     2.0;
    format      ascii;
    arch        "LSB;label=32;scalar=64";
    class       surfaceScalarField;
    location    "10080";
    object      phi;
}
// * * * * * * * * * * * * * * * * * * * * * * * * * * * * * * * * * * * * * //

dimensions      [0 3 -1 0 0 0 0];

oriented        oriented;

internalField   nonuniform List<scalar> 
3996
(
3.00006e-08
-3.94885e-18
2.33729e-22
1.32814e-22
1.25132e-22
9.22407e-08
-3.95274e-18
1.50751e-21
2.08569e-21
4.21279e-22
1.57955e-07
-3.95682e-18
1.56987e-21
4.11984e-21
4.45228e-22
2.27294e-07
-3.96099e-18
1.62271e-21
6.19941e-21
4.70485e-22
3.00415e-07
-3.96529e-18
1.67873e-21
8.411e-21
4.97118e-22
3.77483e-07
-3.96977e-18
1.73735e-21
1.05442e-20
5.25194e-22
4.58667e-07
-3.97428e-18
1.79765e-21
1.27443e-20
5.54793e-22
5.44143e-07
-3.97902e-18
1.85975e-21
1.50903e-20
5.85991e-22
6.34096e-07
-3.98397e-18
1.92395e-21
1.7344e-20
6.18868e-22
7.28715e-07
-3.9892e-18
1.99041e-21
1.99856e-20
6.53509e-22
8.28197e-07
-3.99453e-18
2.05923e-21
2.24153e-20
6.89994e-22
9.32748e-07
-3.99974e-18
2.1305e-21
2.5001e-20
7.28411e-22
1.04258e-06
-4.00496e-18
2.20428e-21
2.72774e-20
7.68849e-22
1.1579e-06
-4.01025e-18
2.28063e-21
2.96277e-20
8.11389e-22
1.27894e-06
-4.01566e-18
2.35957e-21
3.19447e-20
8.56121e-22
1.40593e-06
-4.0224e-18
2.44111e-21
3.47986e-20
9.03116e-22
1.53909e-06
-4.02865e-18
2.52529e-21
3.76034e-20
9.52414e-22
1.67866e-06
-4.03505e-18
2.61203e-21
4.0296e-20
1.00407e-21
1.82488e-06
-4.04167e-18
2.70123e-21
4.32375e-20
1.05811e-21
1.97798e-06
-4.04787e-18
2.79273e-21
4.57545e-20
1.11452e-21
2.13818e-06
-4.05444e-18
2.8863e-21
4.83825e-20
1.17329e-21
2.30571e-06
-4.06139e-18
2.98164e-21
5.14777e-20
1.23433e-21
2.48077e-06
-4.0693e-18
3.07836e-21
5.4094e-20
1.2975e-21
2.66355e-06
-4.07679e-18
3.17599e-21
5.71853e-20
1.36265e-21
2.85422e-06
-4.08447e-18
3.27389e-21
6.03788e-20
1.42956e-21
3.05293e-06
-4.09275e-18
3.37137e-21
6.41746e-20
1.49789e-21
3.25979e-06
-4.10135e-18
3.46765e-21
6.67691e-20
1.56728e-21
3.47488e-06
-4.11016e-18
3.56184e-21
6.99221e-20
1.6374e-21
3.69824e-06
-4.11838e-18
3.65297e-21
7.32749e-20
1.70776e-21
3.92988e-06
-4.12566e-18
3.74007e-21
7.64484e-20
1.77784e-21
4.16976e-06
-4.13445e-18
3.82219e-21
7.95307e-20
1.84711e-21
4.4178e-06
-4.14186e-18
3.89841e-21
8.23808e-20
1.9151e-21
4.6739e-06
-4.15117e-18
3.96786e-21
8.67428e-20
1.98132e-21
4.93792e-06
-4.16096e-18
4.02999e-21
9.01679e-20
2.04522e-21
5.20968e-06
-4.17129e-18
4.08431e-21
9.32723e-20
2.1066e-21
5.48902e-06
-4.18077e-18
4.13049e-21
9.77524e-20
2.16508e-21
5.77573e-06
-4.18858e-18
4.16831e-21
1.00373e-19
2.22039e-21
6.06962e-06
-4.19633e-18
4.19772e-21
1.0246e-19
2.27243e-21
6.3705e-06
-4.20261e-18
4.21889e-21
1.05401e-19
2.32119e-21
6.6782e-06
-4.21091e-18
4.23185e-21
1.06719e-19
2.36673e-21
6.99256e-06
-4.21892e-18
4.23724e-21
1.08644e-19
2.40915e-21
7.31344e-06
-4.22838e-18
4.23549e-21
1.11423e-19
2.44857e-21
7.64073e-06
-4.23734e-18
4.22732e-21
1.13907e-19
2.48516e-21
7.97434e-06
-4.24579e-18
4.21332e-21
1.17802e-19
2.5191e-21
8.31422e-06
-4.2547e-18
4.19404e-21
1.21184e-19
2.55054e-21
8.66033e-06
-4.26109e-18
4.17003e-21
1.23325e-19
2.5797e-21
9.01267e-06
-4.27068e-18
4.14168e-21
1.25983e-19
2.6069e-21
9.37126e-06
-4.2791e-18
4.10985e-21
1.26807e-19
2.63226e-21
9.73614e-06
-4.28795e-18
4.07495e-21
1.31371e-19
2.65608e-21
1.01074e-05
-4.29558e-18
4.03731e-21
1.33595e-19
2.67837e-21
1.04851e-05
-4.3022e-18
3.99731e-21
1.33815e-19
2.69957e-21
1.08693e-05
-4.30661e-18
3.95503e-21
1.36453e-19
2.72008e-21
1.12602e-05
-4.31569e-18
3.91031e-21
1.37942e-19
2.73987e-21
1.16579e-05
-4.32167e-18
3.8638e-21
1.39247e-19
2.75932e-21
1.20626e-05
-4.32478e-18
3.81558e-21
1.40306e-19
2.77817e-21
1.24744e-05
-4.33157e-18
3.76544e-21
1.42274e-19
2.79627e-21
1.28934e-05
-4.33897e-18
3.71358e-21
1.4491e-19
2.81415e-21
1.33199e-05
-4.34437e-18
3.66041e-21
1.44207e-19
2.83174e-21
1.37541e-05
-4.34878e-18
3.6052e-21
1.41418e-19
2.84958e-21
1.41961e-05
-4.35037e-18
3.54841e-21
1.36265e-19
2.86736e-21
1.46462e-05
-4.35737e-18
3.48938e-21
1.41021e-19
2.88573e-21
1.51045e-05
-4.36826e-18
3.42902e-21
1.46662e-19
2.90313e-21
1.55713e-05
-4.37443e-18
3.36723e-21
1.46935e-19
2.92014e-21
1.60467e-05
-4.37995e-18
3.30307e-21
1.48429e-19
2.93706e-21
1.65311e-05
-4.38223e-18
3.23688e-21
1.46203e-19
2.95375e-21
1.70247e-05
-4.38737e-18
3.16841e-21
1.44897e-19
2.97034e-21
1.75276e-05
-4.3902e-18
3.09807e-21
1.43609e-19
2.98686e-21
1.80401e-05
-4.3933e-18
3.02526e-21
1.40523e-19
3.00382e-21
1.85625e-05
-4.40055e-18
2.95005e-21
1.40632e-19
3.0224e-21
1.9095e-05
-4.40218e-18
2.87387e-21
1.3669e-19
3.04061e-21
1.96379e-05
-4.40512e-18
2.79692e-21
1.33369e-19
3.05787e-21
2.01914e-05
-4.40709e-18
2.71776e-21
1.27954e-19
3.07575e-21
2.07559e-05
-4.41023e-18
2.63539e-21
1.24039e-19
3.09576e-21
2.13314e-05
-4.41727e-18
2.55097e-21
1.22579e-19
3.11592e-21
2.19184e-05
-4.41896e-18
2.46472e-21
1.17247e-19
3.13555e-21
2.25171e-05
-4.42081e-18
2.37628e-21
1.10752e-19
3.15569e-21
2.31278e-05
-4.42553e-18
2.28558e-21
1.0459e-19
3.17513e-21
2.37508e-05
-4.41992e-18
2.19428e-21
9.603e-20
3.1946e-21
2.43863e-05
-4.41969e-18
2.099e-21
8.74133e-20
3.2176e-21
2.50347e-05
-4.41951e-18
2.00257e-21
7.92733e-20
3.24134e-21
2.56963e-05
-4.41934e-18
1.90655e-21
6.99444e-20
3.26379e-21
2.63713e-05
-4.41566e-18
1.81066e-21
6.06326e-20
3.2868e-21
2.70602e-05
-4.41549e-18
1.71404e-21
5.45725e-20
3.312e-21
2.77631e-05
-4.41171e-18
1.61845e-21
4.65984e-20
3.33766e-21
2.84805e-05
-4.41469e-18
1.52105e-21
4.7262e-20
3.364e-21
2.92126e-05
-4.42013e-18
1.42257e-21
4.49844e-20
3.38693e-21
2.99599e-05
-4.4233e-18
1.32538e-21
4.16158e-20
3.40731e-21
3.07225e-05
-4.41551e-18
1.22861e-21
2.72158e-20
3.4271e-21
3.1501e-05
-4.41855e-18
1.13223e-21
2.49666e-20
3.44813e-21
3.22956e-05
-4.40616e-18
1.03792e-21
5.30569e-21
3.46416e-21
3.31068e-05
-4.40063e-18
9.37802e-22
-8.08812e-21
3.4799e-21
3.39348e-05
-4.39269e-18
8.3674e-22
-2.34284e-20
3.49704e-21
3.478e-05
-4.37185e-18
7.35077e-22
-3.41117e-20
3.51085e-21
3.56429e-05
-4.37393e-18
6.23944e-22
-3.93088e-20
3.52484e-21
3.65239e-05
-4.36581e-18
5.11764e-22
-4.6096e-20
3.53588e-21
3.74233e-05
-4.37038e-18
3.94527e-22
-5.47154e-20
3.54193e-21
3.83415e-05
-4.36646e-18
2.74435e-22
-5.92148e-20
3.55007e-21
3.9279e-05
-4.36803e-18
1.47635e-22
-6.32952e-20
3.56166e-21
4.02361e-05
-4.36444e-18
2.29305e-23
-6.81728e-20
3.57315e-21
4.12134e-05
-4.35946e-18
-1.01852e-22
-7.02727e-20
3.58649e-21
4.22112e-05
-4.35148e-18
-2.27706e-22
-7.33257e-20
3.59874e-21
4.323e-05
-4.34652e-18
-3.60078e-22
-7.64079e-20
3.60921e-21
4.42702e-05
-4.33725e-18
-4.97946e-22
-8.20771e-20
3.62157e-21
4.53324e-05
-4.32525e-18
-6.40993e-22
-9.31113e-20
3.63626e-21
4.6417e-05
-4.32698e-18
-7.86647e-22
-1.02856e-19
3.64949e-21
4.75244e-05
-4.3146e-18
-9.35138e-22
-1.19055e-19
3.65999e-21
4.86552e-05
-4.31306e-18
-1.0909e-21
-1.23397e-19
3.67806e-21
4.98099e-05
-4.29771e-18
-1.24259e-21
-1.36556e-19
3.69755e-21
5.0989e-05
-4.30772e-18
-1.39928e-21
-1.42062e-19
3.70891e-21
5.21931e-05
-4.29149e-18
-1.53962e-21
-1.51298e-19
3.70998e-21
5.34226e-05
-4.2779e-18
-1.69751e-21
-1.69373e-19
3.71135e-21
5.4678e-05
-4.26751e-18
-1.84739e-21
-1.87541e-19
3.71566e-21
5.59601e-05
-4.25226e-18
-2.00298e-21
-2.11206e-19
3.72361e-21
5.72693e-05
-4.23305e-18
-2.15654e-21
-2.34556e-19
3.73901e-21
5.86062e-05
-4.21664e-18
-2.31043e-21
-2.61296e-19
3.74427e-21
5.99714e-05
-4.19905e-18
-2.47135e-21
-2.79895e-19
3.74648e-21
6.13655e-05
-4.19103e-18
-2.63411e-21
-3.04294e-19
3.74576e-21
6.27891e-05
-4.14055e-18
-2.78507e-21
-3.36864e-19
3.73519e-21
6.42429e-05
-4.11582e-18
-2.96528e-21
-3.6975e-19
3.71852e-21
6.57274e-05
-4.07741e-18
-3.13594e-21
-3.96175e-19
3.70762e-21
6.72435e-05
-4.04942e-18
-3.33539e-21
-4.24731e-19
3.69742e-21
6.87916e-05
-4.0217e-18
-3.52e-21
-4.57662e-19
3.66741e-21
7.03726e-05
-3.99379e-18
-3.72214e-21
-4.74528e-19
3.63111e-21
7.1987e-05
-3.96343e-18
-3.9266e-21
-5.07059e-19
3.58315e-21
7.36357e-05
-3.93079e-18
-4.13395e-21
-5.42077e-19
3.53555e-21
7.53193e-05
-3.88128e-18
-4.3506e-21
-5.75403e-19
3.48141e-21
7.70386e-05
-3.84977e-18
-4.63679e-21
-6.05556e-19
3.42262e-21
7.87942e-05
-3.82582e-18
-4.92786e-21
-6.27395e-19
3.35337e-21
8.05871e-05
-3.80777e-18
-5.20814e-21
-6.63091e-19
3.25016e-21
8.2418e-05
-3.77308e-18
-5.43758e-21
-6.95124e-19
3.14051e-21
8.42876e-05
-3.72396e-18
-5.66768e-21
-7.42498e-19
3.08791e-21
8.61969e-05
-3.69781e-18
-5.90162e-21
-7.35322e-19
3.03359e-21
8.81466e-05
-3.66515e-18
-6.1284e-21
-7.48168e-19
2.91453e-21
9.01375e-05
-3.63039e-18
-6.33768e-21
-7.64944e-19
2.77969e-21
9.21707e-05
-3.60951e-18
-6.59121e-21
-7.59153e-19
2.66987e-21
9.42468e-05
-3.61165e-18
-6.84572e-21
-7.66794e-19
2.54482e-21
9.63669e-05
-3.57845e-18
-7.02557e-21
-7.77923e-19
2.40628e-21
9.85319e-05
-3.56247e-18
-7.20224e-21
-7.97167e-19
2.25289e-21
0.000100743
-3.52675e-18
-7.34833e-21
-8.04573e-19
2.13197e-21
0.000103
-3.51165e-18
-7.58139e-21
-8.07057e-19
1.99664e-21
0.000105305
-3.47765e-18
-7.81697e-21
-8.32839e-19
1.82592e-21
0.00010766
-3.45786e-18
-8.07676e-21
-8.55182e-19
1.63644e-21
0.000110063
-3.44971e-18
-8.36457e-21
-8.61781e-19
1.46879e-21
0.000112518
-3.43197e-18
-8.54898e-21
-8.73229e-19
1.28182e-21
0.000115024
-3.40209e-18
-8.69879e-21
-8.95119e-19
1.08448e-21
0.000117584
-3.37521e-18
-8.94108e-21
-9.13038e-19
8.98759e-22
0.000120197
-3.35077e-18
-9.21381e-21
-9.43605e-19
6.89017e-22
0.000122866
-3.30812e-18
-9.56884e-21
-9.73635e-19
4.5668e-22
0.000125591
-3.29128e-18
-9.96913e-21
-9.91866e-19
2.21516e-22
0.000128373
-3.21402e-18
-1.02296e-20
-1.01596e-18
7.55522e-23
0.000131215
-3.19066e-18
-1.06126e-20
-1.02039e-18
-8.56647e-24
0.000134116
-3.16576e-18
-1.08196e-20
-1.04969e-18
-2.3939e-22
0.000137078
-3.16819e-18
-1.10364e-20
-1.0696e-18
-5.32347e-22
0.000140103
-3.13177e-18
-1.10411e-20
-1.10643e-18
-9.60349e-22
0.000143191
-3.11744e-18
-1.11046e-20
-1.12648e-18
-1.26798e-21
0.000146345
-3.07212e-18
-1.10832e-20
-1.15651e-18
-1.52495e-21
0.000149564
-3.02744e-18
-1.10127e-20
-1.18178e-18
-1.80045e-21
0.000152852
-2.99206e-18
-1.10448e-20
-1.20129e-18
-2.24953e-21
0.000156209
-2.95652e-18
-1.106e-20
-1.22118e-18
-2.73229e-21
0.000159636
-2.94591e-18
-1.11856e-20
-1.22969e-18
-3.02064e-21
0.000163136
-2.89886e-18
-1.11717e-20
-1.26114e-18
-3.44044e-21
0.000166708
-2.83696e-18
-1.10408e-20
-1.27075e-18
-3.87129e-21
0.000170356
-2.79602e-18
-1.09955e-20
-1.28514e-18
-4.20481e-21
0.000174081
-2.748e-18
-1.09184e-20
-1.30518e-18
-4.42099e-21
0.000177884
-2.71611e-18
-1.10584e-20
-1.3239e-18
-4.81555e-21
0.000181766
-2.69432e-18
-1.12071e-20
-1.33912e-18
-5.13358e-21
0.00018573
-2.67604e-18
-1.1434e-20
-1.34864e-18
-5.66427e-21
0.000189777
-2.63984e-18
-1.16933e-20
-1.36452e-18
-5.86921e-21
0.000193909
-2.57575e-18
-1.18625e-20
-1.38967e-18
-5.67418e-21
0.000198127
-2.53712e-18
-1.19964e-20
-1.39345e-18
-5.60304e-21
0.000202434
-2.50275e-18
-1.20956e-20
-1.4004e-18
-5.70698e-21
0.00020683
-2.42418e-18
-1.20332e-20
-1.41417e-18
-5.946e-21
0.000211319
-2.41165e-18
-1.24741e-20
-1.39753e-18
-6.10712e-21
0.000215901
-2.38483e-18
-1.25726e-20
-1.36378e-18
-6.4022e-21
0.000220579
-2.37058e-18
-1.23791e-20
-1.32589e-18
-7.3416e-21
0.000225354
-2.30673e-18
-1.21978e-20
-1.35493e-18
-8.62604e-21
0.000230229
-2.28756e-18
-1.23758e-20
-1.35794e-18
-9.41821e-21
0.000235206
-2.24759e-18
-1.22994e-20
-1.3611e-18
-1.0383e-20
0.000240286
-2.23746e-18
-1.24282e-20
-1.37721e-18
-1.12277e-20
0.000245472
-2.19348e-18
-1.24396e-20
-1.38728e-18
-1.22738e-20
0.000250766
-2.11506e-18
-1.24141e-20
-1.40057e-18
-1.30647e-20
0.00025617
-2.00557e-18
-1.28104e-20
-1.39688e-18
-1.37831e-20
0.000261686
-2.00394e-18
-1.39288e-20
-1.39627e-18
-1.36934e-20
0.000267317
-2.0088e-18
-1.44188e-20
-1.39179e-18
-1.3057e-20
0.000273064
-2.01547e-18
-1.41091e-20
-1.38442e-18
-1.3246e-20
0.00027893
-1.90552e-18
-1.26064e-20
-1.52268e-18
-1.42375e-20
0.000284918
-1.88939e-18
-1.30675e-20
-1.51029e-18
-1.29623e-20
0.00029103
-1.8635e-18
-1.30857e-20
-1.55941e-18
-1.2899e-20
0.000297267
-1.85749e-18
-1.3468e-20
-1.57251e-18
-1.27102e-20
0.000303634
-1.84726e-18
-1.35582e-20
-1.59947e-18
-1.34102e-20
0.000310132
-1.83818e-18
-1.3557e-20
-1.61429e-18
-1.43896e-20
0.000316764
-1.78263e-18
-1.40318e-20
-1.67035e-18
-1.56542e-20
0.000323532
-1.76429e-18
-1.52992e-20
-1.68324e-18
-1.4773e-20
0.00033044
-1.7447e-18
-1.66309e-20
-1.65627e-18
-1.42924e-20
0.000337489
-1.74196e-18
-1.78507e-20
-1.65229e-18
-1.48625e-20
0.000344683
-1.68209e-18
-1.87072e-20
-1.68031e-18
-1.59999e-20
0.000352024
-1.66423e-18
-2.07472e-20
-1.65801e-18
-1.4891e-20
0.000359516
-1.63887e-18
-2.22488e-20
-1.68368e-18
-1.51204e-20
0.000367161
-1.61663e-18
-2.22415e-20
-1.59852e-18
-1.31971e-20
0.000374961
-1.62003e-18
-2.32009e-20
-1.50018e-18
-1.29174e-20
0.000382921
-1.58453e-18
-2.32749e-20
-1.50163e-18
-1.44148e-20
0.000391042
-1.51294e-18
-2.29243e-20
-1.48178e-18
-1.48839e-20
0.000399329
-1.51044e-18
-2.20438e-20
-1.45841e-18
-1.74e-20
0.000407783
-1.44709e-18
-2.10382e-20
-1.45159e-18
-1.96474e-20
0.000416409
-1.40439e-18
-2.0663e-20
-1.43337e-18
-1.98979e-20
0.000425209
-1.3778e-18
-1.9628e-20
-1.29358e-18
-1.94169e-20
0.000434187
-1.32908e-18
-1.88315e-20
-1.3337e-18
-2.10049e-20
0.000443345
-1.24962e-18
-2.06412e-20
-1.27919e-18
-2.30927e-20
0.000452688
-1.22285e-18
-2.36644e-20
-1.22806e-18
-2.42422e-20
0.000462217
-1.17636e-18
-2.78349e-20
-1.21469e-18
-2.54762e-20
0.000471938
-1.16031e-18
-2.81074e-20
-1.2136e-18
-2.36994e-20
0.000481852
-1.11518e-18
-2.74464e-20
-1.18844e-18
-1.97544e-20
0.000491964
-1.19624e-18
-2.66831e-20
-1.24993e-18
-1.59201e-20
0.000502277
-1.13143e-18
-2.49941e-20
-1.11369e-18
-1.21206e-20
0.000512793
-1.13142e-18
-2.88352e-20
-1.17858e-18
-1.60946e-20
0.000523518
-1.30566e-18
-3.4927e-20
-1.12424e-18
-1.68228e-20
0.000534453
-1.24289e-18
-3.17056e-20
-1.15001e-18
-1.52847e-20
0.000545603
-1.24156e-18
-2.81141e-20
-1.17189e-18
-1.98852e-20
0.000556971
-1.16628e-18
-2.59352e-20
-1.15897e-18
-2.5854e-20
0.00056856
-1.25874e-18
-3.57151e-20
-1.18331e-18
-2.82292e-20
0.000580374
-1.08326e-18
-3.1458e-20
-1.24319e-18
-2.9651e-20
0.000592416
-1.1605e-18
-3.48036e-20
-1.10177e-18
-2.85735e-20
0.00060469
-1.1444e-18
-3.53943e-20
-1.10986e-18
-3.23688e-20
0.000617199
-1.17135e-18
-3.88773e-20
-1.1061e-18
-3.43881e-20
0.000629945
-1.02712e-18
-3.49079e-20
-1.10341e-18
-3.80099e-20
0.000642933
-1.00813e-18
-4.02844e-20
-1.10509e-18
-4.03942e-20
0.000656166
-9.63207e-19
-4.88567e-20
-1.07571e-18
-4.38525e-20
0.000669645
-1.01565e-18
-5.60488e-20
-9.45064e-19
-4.63216e-20
0.000683375
-1.01313e-18
-6.3164e-20
-9.68992e-19
-4.94402e-20
0.000697358
-8.95004e-19
-6.09508e-20
-9.85693e-19
-4.81829e-20
0.000711596
-8.29242e-19
-6.18489e-20
-9.5314e-19
-3.90164e-20
0.000726092
-7.30657e-19
-5.70713e-20
-1.00502e-18
-4.20247e-20
0.000740848
-8.86065e-19
-5.99881e-20
-9.09589e-19
-4.20212e-20
0.000755866
-9.63157e-19
-5.59434e-20
-9.28156e-19
-3.736e-20
0.000771147
-8.11497e-19
-4.61119e-20
-1.05698e-18
-2.49352e-20
0.000786693
-8.80865e-19
-5.17254e-20
-1.03324e-18
-1.29199e-20
0.000802504
-9.97083e-19
-5.65287e-20
-1.02746e-18
-6.52351e-21
0.000818581
-9.75483e-19
-4.50485e-20
-1.02684e-18
1.40291e-21
0.000834923
-9.7719e-19
-4.23204e-20
-1.02556e-18
5.85729e-21
0.00085153
-9.72597e-19
-5.02978e-20
-8.89705e-19
1.37635e-21
0.000868401
-1.11866e-18
-4.68994e-20
-6.92289e-19
-1.33313e-20
0.000885533
-1.06258e-18
-2.85384e-20
-8.64109e-19
-3.28753e-20
0.000902924
-8.84567e-19
-1.60149e-20
-8.16121e-19
-3.0834e-20
0.000920569
-7.4565e-19
-1.69954e-20
-6.24513e-19
-1.47407e-20
0.000938466
-6.51714e-19
-1.87042e-20
-6.54969e-19
-1.251e-20
0.000956607
-5.82323e-19
-2.64136e-20
-6.68332e-19
-3.8573e-21
0.000974987
-6.86338e-19
-3.34098e-20
-6.72234e-19
-9.87624e-21
0.000993599
-6.41892e-19
-2.22455e-20
-6.97807e-19
-8.73403e-21
0.00101243
-6.78255e-19
-1.09828e-20
-6.8048e-19
2.38732e-21
0.00103148
-1.43664e-20
-5.87062e-19
-2.10751e-21
-5.89017e-19
3.00006e-08
1.94049e-22
1.56862e-22
9.22407e-08
1.52595e-21
7.82405e-22
1.57955e-07
2.88793e-21
1.43244e-21
2.27294e-07
4.28704e-21
2.1262e-21
3.00415e-07
5.72225e-21
2.88102e-21
3.77483e-07
7.24357e-21
3.7359e-21
4.58667e-07
8.8799e-21
4.61489e-21
5.44143e-07
1.03438e-20
5.52591e-21
6.34096e-07
1.18245e-20
6.55588e-21
7.28715e-07
1.34443e-20
7.70079e-21
8.28197e-07
1.52103e-20
8.76643e-21
9.32748e-07
1.68158e-20
1.0154e-20
1.04258e-06
1.89079e-20
1.11733e-20
1.1579e-06
2.00934e-20
1.26943e-20
1.27894e-06
2.16436e-20
1.43178e-20
1.40593e-06
2.33599e-20
1.58162e-20
1.53909e-06
2.54002e-20
1.76016e-20
1.67866e-06
2.7344e-20
1.93233e-20
1.82488e-06
2.92696e-20
2.11514e-20
1.97798e-06
3.17743e-20
2.3043e-20
2.13818e-06
3.43874e-20
2.46516e-20
2.30571e-06
3.73414e-20
2.61813e-20
2.48077e-06
4.01531e-20
2.79246e-20
2.66355e-06
4.26979e-20
3.00465e-20
2.85422e-06
4.62728e-20
3.12688e-20
3.05293e-06
4.95929e-20
3.27938e-20
3.25979e-06
5.24927e-20
3.5798e-20
3.47488e-06
5.4631e-20
3.83243e-20
3.69824e-06
5.72068e-20
4.10002e-20
3.92988e-06
6.10847e-20
4.31413e-20
4.16976e-06
6.30136e-20
4.6301e-20
4.4178e-06
6.54702e-20
4.92422e-20
4.6739e-06
6.89717e-20
5.10345e-20
4.93792e-06
7.27998e-20
5.57195e-20
5.20968e-06
7.65922e-20
5.83871e-20
5.48902e-06
8.05575e-20
6.12147e-20
5.77573e-06
8.52328e-20
6.35599e-20
6.06962e-06
8.946e-20
6.65859e-20
6.3705e-06
9.09805e-20
7.06881e-20
6.6782e-06
9.45102e-20
7.37937e-20
6.99256e-06
9.74662e-20
7.68942e-20
7.31344e-06
1.01151e-19
8.015e-20
7.64073e-06
1.05171e-19
8.38308e-20
7.97434e-06
1.0873e-19
8.84405e-20
8.31422e-06
1.10932e-19
9.28542e-20
8.66033e-06
1.12655e-19
9.6985e-20
9.01267e-06
1.15263e-19
9.9587e-20
9.37126e-06
1.18873e-19
1.02011e-19
9.73614e-06
1.21056e-19
1.05721e-19
1.01074e-05
1.25478e-19
1.09502e-19
1.04851e-05
1.29554e-19
1.14404e-19
1.08693e-05
1.31815e-19
1.19066e-19
1.12602e-05
1.33712e-19
1.24658e-19
1.16579e-05
1.37602e-19
1.28355e-19
1.20626e-05
1.41975e-19
1.29499e-19
1.24744e-05
1.44219e-19
1.34106e-19
1.28934e-05
1.49428e-19
1.38768e-19
1.33199e-05
1.49878e-19
1.45519e-19
1.37541e-05
1.54055e-19
1.48471e-19
1.41961e-05
1.54625e-19
1.54718e-19
1.46462e-05
1.57764e-19
1.57378e-19
1.51045e-05
1.57616e-19
1.63512e-19
1.55713e-05
1.56124e-19
1.67794e-19
1.60467e-05
1.57888e-19
1.73163e-19
1.65311e-05
1.61023e-19
1.74435e-19
1.70247e-05
1.63861e-19
1.77902e-19
1.75276e-05
1.64788e-19
1.82721e-19
1.80401e-05
1.65322e-19
1.89202e-19
1.85625e-05
1.68429e-19
1.89976e-19
1.9095e-05
1.77568e-19
1.88256e-19
1.96379e-05
1.78973e-19
1.91656e-19
2.01914e-05
1.78001e-19
1.97893e-19
2.07559e-05
1.82483e-19
2.0024e-19
2.13314e-05
1.82925e-19
2.02821e-19
2.19184e-05
1.86477e-19
2.06107e-19
2.25171e-05
1.87778e-19
2.08054e-19
2.31278e-05
1.90098e-19
2.12601e-19
2.37508e-05
1.87164e-19
2.22109e-19
2.43863e-05
1.8825e-19
2.25005e-19
2.50347e-05
1.92704e-19
2.2691e-19
2.56963e-05
1.95437e-19
2.28983e-19
2.63713e-05
1.96145e-19
2.34807e-19
2.70602e-05
1.99454e-19
2.40131e-19
2.77631e-05
2.00361e-19
2.43811e-19
2.84805e-05
1.99289e-19
2.45156e-19
2.92126e-05
2.05202e-19
2.48154e-19
2.99599e-05
2.12012e-19
2.58575e-19
3.07225e-05
2.24758e-19
2.68141e-19
3.1501e-05
2.24228e-19
2.74644e-19
3.22956e-05
2.15991e-19
2.77625e-19
3.31068e-05
2.14598e-19
2.88313e-19
3.39348e-05
2.17394e-19
2.82052e-19
3.478e-05
2.15577e-19
2.84327e-19
3.56429e-05
2.13656e-19
2.83641e-19
3.65239e-05
2.14802e-19
2.81306e-19
3.74233e-05
2.08248e-19
2.88995e-19
3.83415e-05
1.98433e-19
2.98811e-19
3.9279e-05
1.9977e-19
3.02266e-19
4.02361e-05
2.02777e-19
3.05327e-19
4.12134e-05
2.06549e-19
3.07113e-19
4.22112e-05
2.03362e-19
3.10494e-19
4.323e-05
2.00445e-19
3.15207e-19
4.42702e-05
2.0461e-19
3.19864e-19
4.53324e-05
2.1554e-19
3.20944e-19
4.6417e-05
2.09605e-19
3.19603e-19
4.75244e-05
2.07503e-19
3.21572e-19
4.86552e-05
2.08819e-19
3.3482e-19
4.98099e-05
2.06436e-19
3.35511e-19
5.0989e-05
2.03633e-19
3.36983e-19
5.21931e-05
1.83334e-19
3.4699e-19
5.34226e-05
1.96437e-19
3.56013e-19
5.4678e-05
1.94241e-19
3.63941e-19
5.59601e-05
2.03808e-19
3.72017e-19
5.72693e-05
2.09031e-19
3.6884e-19
5.86062e-05
2.0478e-19
3.69109e-19
5.99714e-05
2.06818e-19
3.76885e-19
6.13655e-05
2.05287e-19
3.7175e-19
6.27891e-05
1.99029e-19
3.58811e-19
6.42429e-05
2.0609e-19
3.55644e-19
6.57274e-05
1.99092e-19
3.5474e-19
6.72435e-05
2.20984e-19
3.43152e-19
6.87916e-05
2.1185e-19
3.39311e-19
7.03726e-05
2.15079e-19
3.41304e-19
7.1987e-05
2.18772e-19
3.42641e-19
7.36357e-05
2.19238e-19
3.42426e-19
7.53193e-05
1.96847e-19
3.43788e-19
7.70386e-05
2.02319e-19
3.47416e-19
7.87942e-05
2.03693e-19
3.5333e-19
8.05871e-05
2.17596e-19
3.46682e-19
8.2418e-05
2.12276e-19
3.70713e-19
8.42876e-05
2.17942e-19
3.62469e-19
8.61969e-05
2.06511e-19
3.78157e-19
8.81466e-05
2.11221e-19
3.77308e-19
9.01375e-05
1.89818e-19
3.72543e-19
9.21707e-05
1.80798e-19
3.80632e-19
9.42468e-05
1.8505e-19
3.90341e-19
9.63669e-05
1.88781e-19
3.87779e-19
9.85319e-05
1.96045e-19
3.85655e-19
0.000100743
1.76141e-19
3.77883e-19
0.000103
1.69444e-19
3.81808e-19
0.000105305
1.7246e-19
3.64283e-19
0.00010766
1.61995e-19
3.54554e-19
0.000110063
1.85829e-19
3.51672e-19
0.000112518
1.93305e-19
3.53493e-19
0.000115024
1.71373e-19
3.48233e-19
0.000117584
1.63342e-19
3.41972e-19
0.000120197
1.33356e-19
3.35064e-19
0.000122866
1.28573e-19
3.29638e-19
0.000125591
1.33535e-19
3.44787e-19
0.000128373
1.03305e-19
3.36198e-19
0.000131215
1.1947e-19
3.18051e-19
0.000134116
1.05051e-19
3.18537e-19
0.000137078
1.28031e-19
2.92571e-19
0.000140103
1.25043e-19
2.94979e-19
0.000143191
1.25812e-19
2.87845e-19
0.000146345
1.34886e-19
2.73614e-19
0.000149564
1.14313e-19
2.48114e-19
0.000152852
1.18052e-19
2.41984e-19
0.000156209
9.20812e-20
2.55867e-19
0.000159636
8.76735e-20
2.33191e-19
0.000163136
1.10728e-19
2.09714e-19
0.000166708
1.13443e-19
2.02824e-19
0.000170356
1.24717e-19
2.24446e-19
0.000174081
1.04878e-19
2.0186e-19
0.000177884
1.01557e-19
2.24472e-19
0.000181766
6.86319e-20
2.01354e-19
0.00018573
3.9065e-20
2.22228e-19
0.000189777
4.00543e-20
2.45018e-19
0.000193909
6.01409e-20
2.23007e-19
0.000198127
6.72425e-20
2.03546e-19
0.000202434
8.61393e-20
1.75807e-19
0.00020683
5.52981e-20
1.92626e-19
0.000211319
7.0003e-20
2.07409e-19
0.000215901
7.98441e-20
1.65085e-19
0.000220579
2.97253e-20
1.60819e-19
0.000225354
4.78954e-23
1.8335e-19
0.000230229
6.38887e-21
1.50813e-19
0.000235206
-9.73531e-22
1.52126e-19
0.000240286
-1.65518e-20
1.20214e-19
0.000245472
-2.77207e-20
1.30662e-19
0.000250766
-3.58499e-20
1.20311e-19
0.00025617
-3.0175e-20
1.50132e-19
0.000261686
-1.84605e-20
1.51825e-19
0.000267317
-4.55698e-22
1.08929e-19
0.000273064
6.10349e-20
5.68206e-20
0.00027893
-7.36414e-21
8.11411e-20
0.000284918
5.68924e-21
4.65949e-20
0.00029103
-2.89165e-20
7.18692e-20
0.000297267
-3.29909e-20
1.20487e-20
0.000303634
-4.27095e-20
-3.71946e-20
0.000310132
-8.0914e-20
-6.56067e-20
0.000316764
-8.59483e-20
6.49262e-21
0.000323532
-7.93487e-20
-3.12666e-20
0.00033044
-7.18575e-20
-4.16368e-20
0.000337489
-8.26641e-20
-5.9896e-20
0.000344683
-1.08796e-19
-3.501e-22
0.000352024
-8.82603e-20
-5.39169e-20
0.000359516
-3.19636e-20
4.58395e-20
0.000367161
-8.75915e-20
4.07198e-20
0.000374961
-8.46839e-20
-5.08225e-21
0.000382921
-9.79934e-20
-7.80686e-21
0.000391042
-6.48832e-20
-7.10159e-20
0.000399329
-9.63425e-20
-9.15328e-20
0.000407783
-1.07054e-19
-1.09919e-19
0.000416409
-1.04263e-19
-1.4935e-19
0.000425209
-1.47458e-19
-1.04579e-19
0.000434187
-2.32596e-19
-1.75823e-19
0.000443345
-2.13987e-19
-1.55726e-19
0.000452688
-2.54963e-19
-1.91045e-19
0.000462217
-1.50327e-19
-1.98719e-19
0.000471938
-1.88085e-19
-2.4333e-19
0.000481852
-2.41121e-19
-2.55628e-19
0.000491964
-3.45218e-19
-2.80911e-19
0.000502277
-3.88199e-19
-2.96852e-19
0.000512793
-4.09429e-19
-2.78683e-19
0.000523518
-3.48195e-19
-2.54256e-19
0.000534453
-2.85864e-19
-4.54771e-19
0.000545603
-3.01317e-19
-4.68465e-19
0.000556971
-4.71654e-19
-3.41091e-19
0.00056856
-2.6915e-19
-2.82677e-19
0.000580374
-2.88246e-19
-2.80618e-19
0.000592416
-3.34862e-19
-3.31221e-19
0.00060469
-3.85409e-19
-3.36233e-19
0.000617199
-2.65349e-19
-3.44201e-19
0.000629945
-3.05484e-19
-3.43849e-19
0.000642933
-3.52181e-19
-3.83522e-19
0.000656166
-3.04759e-19
-4.16592e-19
0.000669645
-4.14741e-19
-3.41838e-19
0.000683375
-3.24959e-19
-1.96877e-19
0.000697358
-2.55212e-19
-9.16613e-20
0.000711596
-7.40126e-20
-2.99294e-19
0.000726092
-5.72484e-20
-2.69456e-19
0.000740848
-1.11893e-19
-8.90607e-20
0.000755866
-9.942e-20
-4.04738e-22
0.000771147
-7.97507e-20
-9.07515e-20
0.000786693
-1.52652e-19
-1.40312e-19
0.000802504
-1.5793e-19
-2.17893e-19
0.000818581
-2.25357e-19
-3.17465e-19
0.000834923
-3.4711e-19
-3.58492e-19
0.00085153
-2.99377e-19
-3.7177e-19
0.000868401
-3.60407e-19
-3.76777e-19
0.000885533
-4.06512e-19
-3.78631e-19
0.000902924
-4.01594e-19
-2.12272e-19
0.000920569
-3.6323e-19
-2.61389e-19
0.000938466
-3.6713e-19
-2.91113e-19
0.000956607
-2.80188e-19
-3.80957e-19
0.000974987
-2.70863e-19
-3.4586e-19
0.000993599
-2.78607e-19
-3.61375e-19
0.00101243
-4.33745e-19
-4.28029e-19
0.00103148
-5.55997e-19
-3.91194e-19
0.00103148
-6.3965e-19
-4.24542e-20
-5.5271e-19
-1.28222e-20
0.00101244
-6.94003e-19
-3.2622e-20
-5.57946e-19
-2.11075e-20
0.000993599
-6.07546e-19
-1.52888e-20
-6.07777e-19
-2.01121e-20
0.000974987
-5.83134e-19
-9.73947e-21
-4.80436e-19
1.28388e-21
0.000956607
-6.6373e-19
1.86352e-20
-4.80132e-19
2.23837e-21
0.000938466
-5.51769e-19
2.81475e-20
-6.14141e-19
-3.7942e-21
0.000920569
-4.89829e-19
2.27408e-20
-6.13393e-19
6.54808e-21
0.000902924
-5.48018e-19
1.90562e-20
-6.47802e-19
1.06202e-20
0.000885533
-4.93013e-19
1.56993e-20
-6.31004e-19
1.37002e-20
0.000868401
-4.71495e-19
9.67162e-21
-6.53697e-19
9.25668e-21
0.00085153
-6.53934e-19
1.90784e-21
-4.8788e-19
8.85488e-21
0.000834923
-6.12246e-19
-5.18485e-21
-5.06816e-19
-1.13208e-20
0.000818581
-6.28255e-19
5.54161e-21
-4.90302e-19
-1.11228e-20
0.000802504
-6.16516e-19
1.36795e-20
-5.7197e-19
-6.46242e-21
0.000786693
-3.79719e-19
1.78433e-20
-5.692e-19
5.7097e-22
0.000771147
-4.64773e-19
6.76453e-21
-4.35478e-19
4.43593e-21
0.000755866
-4.14209e-19
3.71097e-22
-4.20616e-19
1.21577e-22
0.000740848
-4.31234e-19
-2.27656e-21
-3.61201e-19
3.22772e-21
0.000726092
-4.19412e-19
-3.5242e-21
-4.25262e-19
2.74852e-21
0.000711596
-4.39382e-19
5.73317e-21
-4.04497e-19
-1.60835e-21
0.000697358
-4.36604e-19
9.60755e-21
-4.71343e-19
-1.38534e-20
0.000683375
-3.13483e-19
6.42716e-21
-3.65753e-19
-1.61963e-20
0.000669645
-3.77963e-19
-2.18467e-21
-3.51466e-19
-2.23756e-20
0.000656166
-3.78565e-19
1.94577e-22
-2.743e-19
-1.21427e-20
0.000642933
-2.6465e-19
1.96981e-21
-3.16884e-19
-7.26491e-21
0.000629945
-2.33192e-19
-1.05394e-21
-3.48251e-19
-4.30714e-22
0.000617199
-2.12339e-19
1.64202e-21
-3.3138e-19
3.63221e-21
0.00060469
-2.8977e-19
2.45628e-21
-3.31335e-19
8.51398e-22
0.000592416
-3.72476e-19
6.7521e-21
-3.43448e-19
-3.36643e-21
0.000580374
-3.82381e-19
8.73817e-21
-3.79913e-19
-6.48871e-21
0.00056856
-3.69805e-19
4.90586e-21
-3.32923e-19
-1.55286e-21
0.000556971
-4.25702e-19
4.69968e-21
-3.33259e-19
4.28896e-22
0.000545603
-2.74748e-19
8.4275e-21
-3.83147e-19
5.76413e-22
0.000534453
-3.07511e-19
3.55587e-21
-4.21836e-19
1.87355e-21
0.000523518
-4.7181e-19
1.5643e-21
-5.02396e-19
1.82027e-21
0.000512793
-4.36453e-19
6.31516e-21
-4.99323e-19
1.92398e-21
0.000502277
-3.85661e-19
6.77349e-21
-4.69995e-19
1.83905e-21
0.000491964
-4.2367e-19
7.62469e-21
-3.99556e-19
5.31293e-21
0.000481852
-4.07635e-19
6.52317e-21
-4.0343e-19
5.08313e-21
0.000471938
-3.45876e-19
5.48531e-21
-3.3512e-19
4.5738e-21
0.000462217
-3.27153e-19
3.73556e-21
-3.3328e-19
-7.37384e-22
0.000452688
-3.53639e-19
1.62987e-21
-3.61437e-19
-1.73009e-21
0.000443345
-2.77736e-19
2.79061e-21
-3.4728e-19
-2.93965e-21
0.000434187
-2.24485e-19
2.37121e-21
-3.33388e-19
-4.08386e-21
0.000425209
-3.33575e-19
1.72632e-21
-2.4588e-19
-2.35425e-21
0.000416409
-3.20425e-19
2.69066e-21
-2.89841e-19
-2.62774e-21
0.000407783
-2.54981e-19
3.03189e-21
-2.56014e-19
-2.73261e-21
0.000399329
-2.48547e-19
2.59356e-21
-2.97641e-19
-2.97374e-21
0.000391042
-2.18726e-19
2.43705e-21
-3.18242e-19
-1.45376e-21
0.000382921
-2.11132e-19
1.11934e-21
-3.11172e-19
-6.47376e-22
0.000374961
-1.62817e-19
7.22666e-22
-2.60997e-19
9.28595e-22
0.000367161
-2.68292e-19
1.16285e-21
-1.67007e-19
1.75815e-21
0.000359516
-2.60553e-19
1.91621e-21
-2.12789e-19
2.6174e-21
0.000352024
-1.89908e-19
3.59702e-21
-2.18347e-19
2.91049e-21
0.000344683
-1.91842e-19
1.48387e-21
-2.02101e-19
2.65674e-21
0.000337489
-1.77514e-19
5.06671e-22
-2.38936e-19
2.36135e-21
0.00033044
-1.15805e-19
3.95896e-22
-1.96016e-19
2.79068e-21
0.000323532
-1.99884e-19
-1.12428e-21
-8.31938e-20
2.99645e-21
0.000316764
-1.66931e-19
-7.02123e-22
-1.27308e-19
1.0677e-21
0.000310132
-1.60568e-19
-9.72027e-22
-1.43351e-19
2.87993e-22
0.000303634
-1.47117e-19
-1.28703e-21
-1.45226e-19
4.17654e-22
0.000297267
-1.81067e-19
-1.1967e-21
-1.26925e-19
2.87277e-22
0.00029103
-1.47391e-19
-1.18549e-21
-1.32701e-19
-3.08954e-22
0.000284918
-1.25312e-19
-9.39833e-22
-8.07855e-20
-1.06211e-21
0.00027893
-1.01277e-19
-3.1485e-22
-5.09306e-20
-1.71919e-21
0.000273064
-1.40705e-19
-1.10552e-22
-7.73514e-20
-2.20183e-21
0.000267317
-1.38578e-19
7.71809e-22
-7.71536e-20
-2.74836e-21
0.000261686
-9.00117e-20
1.68689e-21
-8.76708e-20
-2.39933e-21
0.00025617
-8.79061e-20
1.82068e-21
-8.68917e-20
-2.39619e-21
0.000250766
-3.76639e-20
1.89764e-21
-1.1811e-19
-2.70456e-21
0.000245472
-5.06391e-20
1.59873e-21
-9.30581e-20
-1.8558e-21
0.000240286
-9.2717e-20
1.0439e-21
-8.86785e-20
-1.3866e-21
0.000235206
-1.03997e-19
9.82575e-22
-6.0715e-20
-1.35902e-21
0.000230229
-8.43212e-20
1.01053e-21
-7.58382e-20
-1.87342e-21
0.000225354
-7.35617e-20
8.63925e-22
-1.054e-19
-2.43223e-21
0.000220579
-9.25985e-20
6.35872e-22
-1.10107e-19
-2.21154e-21
0.000215901
-7.3427e-20
7.04081e-22
-9.36123e-20
-1.86421e-21
0.000211319
-9.45963e-20
6.03308e-22
-7.34473e-20
-1.82509e-21
0.00020683
-9.95971e-20
5.55435e-22
-6.47931e-20
-2.03804e-21
0.000202434
-7.21651e-20
6.36625e-22
-9.05274e-20
-2.16139e-21
0.000198127
-9.86505e-20
5.67421e-22
-1.25112e-19
-2.03551e-21
0.000193909
-1.08226e-19
6.57197e-22
-1.07828e-19
-1.68283e-21
0.000189777
-9.72012e-20
6.71927e-22
-6.98635e-20
-1.2993e-21
0.00018573
-9.51882e-20
6.14974e-22
-5.15697e-20
-1.10398e-21
0.000181766
-7.33968e-20
7.39381e-22
-7.76306e-20
-1.15517e-21
0.000177884
-7.61911e-20
7.72986e-22
-6.13874e-20
-1.07722e-21
0.000174081
-6.89021e-20
7.40526e-22
-5.68578e-20
-1.08309e-21
0.000170356
-5.11445e-20
7.3759e-22
-5.17348e-20
-1.2231e-21
0.000166709
-4.63606e-20
7.19494e-22
-8.29789e-20
-1.42815e-21
0.000163136
-1.16878e-20
6.75785e-22
-7.05067e-20
-1.52892e-21
0.000159636
-7.89387e-21
5.42916e-22
-9.2392e-20
-1.61732e-21
0.000156209
5.28696e-22
4.44447e-22
-6.64173e-20
-1.48954e-21
0.000152852
1.04544e-21
3.24722e-22
-7.09219e-20
-1.54852e-21
0.000149564
-1.30987e-20
3.15801e-22
-6.65307e-20
-1.61955e-21
0.000146345
-1.11159e-20
4.75374e-22
-7.8799e-20
-1.61035e-21
0.000143191
-1.37984e-20
5.66495e-22
-8.19634e-20
-1.58575e-21
0.000140103
-5.51075e-21
5.97222e-22
-8.22758e-20
-1.48379e-21
0.000137078
1.11958e-21
4.80997e-22
-8.6967e-20
-1.38346e-21
0.000134116
-1.36341e-21
4.48954e-22
-8.71175e-20
-1.31229e-21
0.000131215
1.01088e-20
3.38796e-22
-8.11744e-20
-1.29483e-21
0.000128373
1.16116e-20
2.86178e-22
-8.93092e-20
-1.3245e-21
0.000125591
-1.29425e-20
3.29081e-22
-5.21284e-20
-1.19246e-21
0.000122866
-3.07303e-20
4.40002e-22
-4.68303e-20
-1.1708e-21
0.000120197
-3.2908e-20
4.97432e-22
-4.60353e-20
-1.10856e-21
0.000117584
-4.77195e-20
5.18918e-22
-5.26719e-20
-1.02164e-21
0.000115024
-3.86329e-20
5.76652e-22
-4.52701e-20
-9.50245e-22
0.000112518
-4.81408e-20
6.18989e-22
-4.32012e-20
-8.85158e-22
0.000110063
-3.50345e-20
6.72308e-22
-3.42348e-20
-8.25459e-22
0.00010766
-2.8783e-20
7.9364e-22
-4.95533e-20
-8.04647e-22
0.000105305
-3.24548e-20
8.7435e-22
-4.57672e-20
-7.43292e-22
0.000103
-2.43855e-20
9.6963e-22
-4.64897e-20
-7.15491e-22
0.000100743
-7.44554e-21
1.02934e-21
-4.41863e-20
-6.69027e-22
9.85319e-05
-9.0604e-21
1.04543e-21
-4.38539e-20
-6.35337e-22
9.63669e-05
-6.67206e-21
1.0422e-21
-5.5453e-20
-5.73162e-22
9.42468e-05
-1.46878e-20
1.02957e-21
-5.45269e-20
-4.87868e-22
9.21707e-05
-1.64266e-20
1.01073e-21
-5.31857e-20
-4.5801e-22
9.01375e-05
-1.5449e-20
9.7336e-22
-5.19464e-20
-4.1148e-22
8.81466e-05
-1.69145e-20
9.21483e-22
-5.26888e-20
-3.59483e-22
8.61969e-05
-1.44177e-20
8.8693e-22
-5.30308e-20
-3.16394e-22
8.42877e-05
-1.60403e-20
8.63078e-22
-3.92091e-20
-2.67356e-22
8.2418e-05
-1.7956e-20
8.37585e-22
-3.59139e-20
-2.32511e-22
8.05871e-05
-2.47864e-20
8.25228e-22
-2.97801e-20
-2.31383e-22
7.87943e-05
-2.29504e-20
8.26636e-22
-3.12592e-20
-2.38035e-22
7.70385e-05
-1.142e-20
8.10909e-22
-4.49933e-20
-2.30057e-22
7.53193e-05
1.47534e-21
7.62665e-22
-4.72419e-20
-1.76671e-22
7.36357e-05
-8.59448e-21
6.97736e-22
-3.96094e-20
-1.22434e-22
7.1987e-05
-3.92015e-21
6.52738e-22
-4.19671e-20
-1.0764e-22
7.03726e-05
-2.51938e-21
5.94985e-22
-4.62343e-20
-1.00994e-22
6.87916e-05
-5.50296e-21
5.4363e-22
-4.60938e-20
-7.70009e-23
6.72435e-05
-8.78177e-23
5.15215e-22
-5.18455e-20
-6.71974e-23
6.57274e-05
4.34186e-21
4.86085e-22
-5.25938e-20
-5.48869e-23
6.42429e-05
1.97059e-21
4.69412e-22
-4.78542e-20
-4.90236e-23
6.27891e-05
-1.27659e-20
4.51202e-22
-3.61417e-20
-6.86552e-23
6.13655e-05
4.69529e-21
4.43855e-22
-3.35563e-20
-9.21529e-23
5.99714e-05
-2.41231e-21
4.17488e-22
-2.97216e-20
-1.02099e-22
5.86062e-05
1.39831e-21
4.03677e-22
-2.78561e-20
-9.7917e-23
5.72693e-05
-2.09424e-22
3.72545e-22
-3.03911e-20
-9.13431e-23
5.59601e-05
-2.02244e-20
3.29324e-22
-2.61943e-20
-7.72825e-23
5.4678e-05
-2.29703e-20
3.21516e-22
-1.64437e-20
-6.94066e-23
5.34225e-05
-1.85632e-20
3.07979e-22
-1.74642e-20
-8.28684e-23
5.21931e-05
-2.25812e-20
2.79855e-22
-1.90877e-20
-8.45481e-23
5.0989e-05
-2.00737e-20
2.57316e-22
-1.40355e-20
-7.76012e-23
4.98099e-05
-1.80192e-20
2.37844e-22
-1.23081e-20
-6.48075e-23
4.86552e-05
-1.43166e-20
2.18299e-22
-2.11482e-20
-5.61201e-23
4.75244e-05
-1.95814e-20
1.9053e-22
-2.28262e-20
-3.93367e-23
4.64169e-05
-5.79059e-21
1.70615e-22
-3.06103e-20
-2.57054e-23
4.53324e-05
-7.34029e-21
1.56505e-22
-3.07977e-20
-1.57381e-23
4.42702e-05
-8.04805e-21
1.47618e-22
-2.36209e-20
-8.25e-24
4.323e-05
-1.04342e-20
1.44993e-22
-2.47583e-20
-8.06948e-24
4.22111e-05
-1.39125e-20
1.47636e-22
-3.66657e-20
-6.56561e-24
4.12133e-05
-1.52121e-21
1.53931e-22
-2.63884e-20
8.42954e-25
4.02361e-05
-6.08027e-21
1.50914e-22
-2.66553e-20
4.12114e-24
3.9279e-05
-2.24895e-21
1.53651e-22
-3.16642e-20
7.04382e-24
3.83415e-05
-3.52094e-21
1.502e-22
-3.11384e-20
1.06151e-23
3.74233e-05
-2.768e-21
1.52434e-22
-2.82915e-20
1.35179e-23
3.65239e-05
-1.52075e-22
1.51343e-22
-3.26959e-20
1.70193e-23
3.56429e-05
-1.34942e-21
1.48699e-22
-2.49523e-20
2.22201e-23
3.478e-05
-5.72218e-21
1.44371e-22
-1.95329e-20
2.44669e-23
3.39348e-05
-3.36192e-21
1.41224e-22
-2.11599e-20
2.56671e-23
3.31067e-05
-5.40179e-21
1.3654e-22
-2.10897e-20
2.74847e-23
3.22956e-05
-3.77891e-21
1.32229e-22
-1.91523e-20
2.91078e-23
3.1501e-05
-5.98649e-21
1.27531e-22
-1.92732e-20
3.22488e-23
3.07225e-05
-6.28398e-21
1.19457e-22
-1.95842e-20
3.48951e-23
2.99599e-05
-1.00288e-20
1.13953e-22
-1.5475e-20
3.59727e-23
2.92126e-05
-9.29157e-21
1.11214e-22
-1.7216e-20
3.53083e-23
2.84805e-05
-7.04895e-21
1.08681e-22
-1.70147e-20
3.70357e-23
2.77631e-05
-9.31235e-21
1.04428e-22
-1.08837e-20
3.93163e-23
2.70602e-05
-6.62044e-21
1.02691e-22
-1.11598e-20
3.97705e-23
2.63713e-05
-9.57105e-21
1.00805e-22
-1.314e-20
3.8571e-23
2.56963e-05
-9.89414e-21
1.00498e-22
-1.10256e-20
3.75878e-23
2.50347e-05
-6.15958e-21
1.00492e-22
-1.38782e-20
3.54998e-23
2.43863e-05
-7.15355e-21
9.92544e-23
-1.38879e-20
3.38359e-23
2.37508e-05
-6.60526e-21
9.90796e-23
-1.0272e-20
3.1753e-23
2.31278e-05
-4.46738e-21
9.83925e-23
-9.85946e-21
2.92935e-23
2.25171e-05
-5.41443e-21
9.7467e-23
-1.03852e-20
2.83683e-23
2.19184e-05
-4.56066e-21
9.63998e-23
-9.75087e-21
2.6888e-23
2.13314e-05
-3.23924e-21
9.49269e-23
-8.52068e-21
2.4141e-23
2.07558e-05
-3.01921e-21
9.33571e-23
-7.55595e-21
2.15231e-23
2.01915e-05
-8.05091e-21
9.15096e-23
-7.36452e-21
1.96087e-23
1.96379e-05
-4.82717e-21
9.05335e-23
-8.39324e-21
1.72775e-23
1.9095e-05
-7.40693e-21
8.84308e-23
-9.7962e-21
1.58326e-23
1.85625e-05
-7.42357e-21
8.55389e-23
-7.08871e-21
1.53696e-23
1.80401e-05
-7.40078e-21
8.24916e-23
-6.67458e-21
1.4518e-23
1.75276e-05
-9.47707e-21
7.90388e-23
-4.99252e-21
1.35302e-23
1.70247e-05
-8.01382e-21
7.62588e-23
-3.94909e-21
1.22137e-23
1.65311e-05
-9.39209e-21
7.34462e-23
-1.92067e-21
1.0301e-23
1.60468e-05
-5.95907e-21
7.05123e-23
-5.25834e-21
8.3305e-24
1.55713e-05
-5.9066e-21
6.74257e-23
-5.42409e-21
7.33183e-24
1.51045e-05
-4.8144e-21
6.46964e-23
-6.04903e-21
6.50521e-24
1.46462e-05
-3.15431e-21
6.21026e-23
-2.69122e-21
5.38472e-24
1.41961e-05
-2.75249e-21
5.9532e-23
-2.11916e-21
3.79063e-24
1.37541e-05
-4.25033e-21
5.6986e-23
-2.781e-21
2.70875e-24
1.33199e-05
-3.62568e-21
5.51215e-23
-2.4468e-21
1.98046e-24
1.28934e-05
-1.82583e-21
5.3304e-23
-3.11772e-21
1.09279e-24
1.24743e-05
-1.46904e-21
5.14773e-23
-3.12918e-21
1.86801e-25
1.20626e-05
-1.64953e-21
4.98165e-23
-2.40283e-21
-7.85842e-25
1.16579e-05
-3.55319e-21
4.82414e-23
-1.99932e-21
-1.78414e-24
1.12602e-05
-2.19469e-21
4.68891e-23
-4.45304e-23
-2.69129e-24
1.08693e-05
-4.66924e-21
4.54001e-23
-1.13632e-21
-3.54408e-24
1.04851e-05
-5.59383e-21
4.41733e-23
4.54739e-22
-4.15114e-24
1.01074e-05
-5.76026e-21
4.30699e-23
-2.57098e-22
-4.90538e-24
9.73614e-06
-6.01734e-21
4.19806e-23
5.74227e-23
-5.52866e-24
9.37126e-06
-4.89874e-21
4.08884e-23
-1.54627e-22
-5.97666e-24
9.01267e-06
-4.8705e-21
3.97008e-23
-4.03414e-24
-6.30086e-24
8.66033e-06
-4.4744e-21
3.84978e-23
4.04313e-22
-6.63385e-24
8.31422e-06
-4.97796e-21
3.73967e-23
-1.338e-22
-7.05593e-24
7.97434e-06
-5.43835e-21
3.63279e-23
2.43763e-22
-7.45292e-24
7.64072e-06
-5.70714e-21
3.5373e-23
4.312e-22
-7.79055e-24
7.31346e-06
-5.51417e-21
3.43151e-23
1.8145e-21
-7.93229e-24
6.99256e-06
-5.74971e-21
3.32259e-23
1.43979e-21
-8.12907e-24
6.6782e-06
-6.27709e-21
3.21248e-23
2.1416e-21
-8.32336e-24
6.3705e-06
-6.4103e-21
3.10193e-23
1.87901e-21
-8.40712e-24
6.06962e-06
-5.57631e-21
2.99255e-23
2.9593e-21
-8.32818e-24
5.77572e-06
-4.8473e-21
2.88097e-23
2.46947e-21
-8.28987e-24
5.48902e-06
-4.35957e-21
2.76689e-23
2.2146e-21
-8.18844e-24
5.20968e-06
-4.21648e-21
2.65387e-23
3.50524e-21
-8.06119e-24
4.93792e-06
-4.08685e-21
2.54354e-23
2.95223e-21
-7.99631e-24
4.6739e-06
-3.82739e-21
2.42677e-23
2.71026e-21
-7.8647e-24
4.41779e-06
-3.09904e-21
2.31192e-23
2.47762e-21
-7.66167e-24
4.16975e-06
-2.88458e-21
2.2039e-23
2.80006e-21
-7.42676e-24
3.92988e-06
-1.85348e-21
2.09402e-23
1.32979e-21
-7.21148e-24
3.69824e-06
-1.86783e-21
1.9841e-23
1.24983e-21
-6.95912e-24
3.47488e-06
-1.58155e-21
1.87875e-23
1.13389e-21
-6.72065e-24
3.25978e-06
-1.65001e-21
1.77771e-23
8.35778e-22
-6.47324e-24
3.05293e-06
-1.47018e-21
1.68059e-23
8.09553e-22
-6.21951e-24
2.85422e-06
-1.62133e-21
1.58761e-23
7.61713e-22
-5.96462e-24
2.66354e-06
-1.52651e-21
1.49865e-23
6.6118e-22
-5.71582e-24
2.48077e-06
-1.42836e-21
1.41515e-23
7.88896e-22
-5.46491e-24
2.30571e-06
-1.09793e-21
1.33611e-23
4.66368e-22
-5.23377e-24
2.13818e-06
-9.6091e-22
1.26103e-23
3.23618e-22
-4.97441e-24
1.97799e-06
-8.49248e-22
1.18908e-23
3.94018e-22
-4.70341e-24
1.82488e-06
-7.65178e-22
1.12038e-23
4.85895e-22
-4.456e-24
1.67866e-06
-9.36538e-22
1.05716e-23
3.39309e-22
-4.22323e-24
1.53909e-06
-7.15301e-22
9.97776e-24
1.90889e-22
-3.98216e-24
1.40593e-06
-6.70772e-22
9.41312e-24
1.63785e-22
-3.75246e-24
1.27894e-06
-5.68946e-22
8.88411e-24
1.20741e-22
-3.54352e-24
1.1579e-06
-7.32437e-22
8.38684e-24
1.44307e-22
-3.34952e-24
1.04257e-06
-7.30611e-22
7.92159e-24
2.60562e-22
-3.17267e-24
9.3275e-07
-4.33273e-22
7.48346e-24
2.09574e-22
-3.0125e-24
8.28197e-07
-5.20331e-22
7.06603e-24
2.4084e-22
-2.85757e-24
7.28716e-07
-4.0816e-22
6.67165e-24
3.09763e-22
-2.71111e-24
6.34095e-07
-2.66818e-22
6.3017e-24
1.34594e-22
-2.57552e-24
5.44142e-07
-2.37671e-22
5.95125e-24
1.28159e-22
-2.44052e-24
4.58668e-07
-1.66515e-22
5.62109e-24
1.01377e-22
-2.31284e-24
3.77483e-07
-1.17534e-22
5.31144e-24
3.77039e-23
-2.19096e-24
3.00415e-07
-7.25732e-23
5.02022e-24
2.32956e-23
-2.07393e-24
2.27294e-07
-3.58737e-23
4.74584e-24
1.08671e-23
-1.9621e-24
1.57955e-07
-8.10447e-24
4.48655e-24
-1.66018e-24
-1.85594e-24
9.22408e-08
-1.03456e-23
4.24249e-24
6.60125e-24
-1.75549e-24
3.00007e-08
-4.92794e-25
-5.49401e-25
0.00103148
-4.24807e-19
-4.23235e-19
0.00101244
-4.89017e-19
-4.70214e-19
0.000993599
-5.51718e-19
-4.8346e-19
0.000974987
-3.83041e-19
-5.34786e-19
0.000956607
-5.94729e-19
-5.63608e-19
0.000938466
-5.53962e-19
-5.30443e-19
0.000920569
-4.83202e-19
-5.75444e-19
0.000902924
-5.31551e-19
-5.71407e-19
0.000885533
-4.80399e-19
-5.65986e-19
0.000868401
-4.78299e-19
-5.40742e-19
0.00085153
-6.56245e-19
-6.11925e-19
0.000834923
-4.44812e-19
-4.61097e-19
0.000818581
-4.81014e-19
-4.28455e-19
0.000802504
-4.80724e-19
-4.53944e-19
0.000786693
-4.53535e-19
-4.5745e-19
0.000771147
-5.25341e-19
-4.65179e-19
0.000755866
-4.57065e-19
-4.38583e-19
0.000740848
-4.67196e-19
-4.56903e-19
0.000726092
-2.86148e-19
-5.02734e-19
0.000711596
-3.29707e-19
-4.85662e-19
0.000697358
-4.12532e-19
-3.59962e-19
0.000683375
-4.21148e-19
-3.95642e-19
0.000669645
-3.55512e-19
-2.43565e-19
0.000656166
-4.21687e-19
-3.42158e-19
0.000642933
-4.36157e-19
-3.15733e-19
0.000629945
-3.20589e-19
-3.51377e-19
0.000617199
-3.33944e-19
-4.3665e-19
0.00060469
-3.04317e-19
-4.38566e-19
0.000592416
-3.7577e-19
-4.34259e-19
0.000580374
-4.46587e-19
-3.09e-19
0.00056856
-3.39756e-19
-3.7514e-19
0.000556971
-2.94055e-19
-4.30931e-19
0.000545603
-2.98727e-19
-3.83918e-19
0.000534453
-2.42397e-19
-3.71428e-19
0.000523518
-2.23102e-19
-3.97865e-19
0.000512793
-2.50689e-19
-3.93488e-19
0.000502277
-1.85731e-19
-2.64877e-19
0.000491964
-3.01156e-19
-2.85718e-19
0.000481852
-2.64779e-19
-2.67459e-19
0.000471938
-2.45294e-19
-3.42225e-19
0.000462217
-3.04594e-19
-2.26867e-19
0.000452688
-2.86241e-19
-2.6281e-19
0.000443345
-3.13986e-19
-3.06775e-19
0.000434187
-2.66113e-19
-3.09544e-19
0.000425209
-2.67434e-19
-3.03198e-19
0.000416409
-2.47217e-19
-3.33938e-19
0.000407783
-2.10919e-19
-3.2784e-19
0.000399329
-2.12741e-19
-2.39259e-19
0.000391042
-2.39636e-19
-2.58761e-19
0.000382921
-1.73062e-19
-2.21001e-19
0.000374961
-7.60801e-20
-2.02736e-19
0.000367161
-1.75816e-19
-1.23722e-19
0.000359516
-1.36614e-19
-1.86837e-19
0.000352024
-2.74953e-19
-2.11707e-19
0.000344683
-2.49269e-19
-2.05912e-19
0.000337489
-2.20228e-19
-2.03247e-19
0.00033044
-2.46668e-19
-1.60473e-19
0.000323532
-2.26353e-19
-1.55611e-19
0.000316764
-2.42193e-19
-1.44465e-19
0.000310132
-2.22728e-19
-1.26823e-19
0.000303634
-1.61881e-19
-1.4981e-19
0.000297267
-1.87266e-19
-1.52136e-19
0.00029103
-1.33123e-19
-1.64039e-19
0.000284918
-7.64038e-20
-1.13727e-19
0.00027893
-7.6001e-20
-8.45388e-20
0.000273064
-6.54569e-20
-1.33462e-19
0.000267317
-7.16046e-20
-6.91376e-20
0.000261686
-9.42431e-20
-9.84209e-20
0.00025617
-9.55689e-20
-1.36045e-19
0.000250766
-8.60611e-20
-9.80636e-20
0.000245472
-1.39055e-19
-1.15724e-19
0.000240286
-1.34893e-19
-1.36159e-19
0.000235206
-1.21146e-19
-1.30157e-19
0.000230229
-1.02131e-19
-1.4461e-19
0.000225354
-9.7398e-20
-1.15197e-19
0.000220579
-9.23341e-20
-1.03283e-19
0.000215901
-9.50892e-20
-1.00032e-19
0.000211319
-1.00379e-19
-1.0722e-19
0.00020683
-8.47947e-20
-1.06015e-19
0.000202434
-7.90611e-20
-1.1179e-19
0.000198127
-8.16967e-20
-1.05864e-19
0.000193909
-9.8853e-20
-7.58666e-20
0.000189777
-1.06638e-19
-6.10899e-20
0.00018573
-8.382e-20
-7.07369e-20
0.000181766
-7.41067e-20
-7.01301e-20
0.000177884
-9.80146e-20
-6.74896e-20
0.000174081
-1.02085e-19
-8.88212e-20
0.000170356
-9.96729e-20
-8.73066e-20
0.000166709
-1.14549e-19
-8.8139e-20
0.000163136
-1.11726e-19
-8.50503e-20
0.000159636
-1.10459e-19
-9.01016e-20
0.000156209
-1.02994e-19
-1.04215e-19
0.000152852
-7.20719e-20
-1.07124e-19
0.000149564
-4.29454e-20
-9.95893e-20
0.000146345
-4.91956e-20
-1.06862e-19
0.000143191
-6.01084e-20
-8.69917e-20
0.000140103
-8.19755e-20
-8.69477e-20
0.000137078
-5.08912e-20
-8.85475e-20
0.000134116
-7.33608e-20
-9.2408e-20
0.000131215
-4.62783e-20
-1.00046e-19
0.000128373
-2.25496e-20
-7.02703e-20
0.000125591
-2.5889e-20
-8.0873e-20
0.000122866
-5.42235e-20
-7.32407e-20
0.000120197
-6.51792e-20
-6.25907e-20
0.000117584
-6.77703e-20
-7.27903e-20
0.000115024
-5.33807e-20
-7.15955e-20
0.000112518
-4.76974e-20
-7.21551e-20
0.000110063
-9.78447e-21
-8.09969e-20
0.00010766
-1.74602e-20
-7.55473e-20
0.000105305
-7.12872e-21
-7.10689e-20
0.000103
-7.03129e-21
-6.42252e-20
0.000100743
-3.71081e-21
-6.69915e-20
9.85319e-05
-1.27616e-20
-5.12932e-20
9.63669e-05
-1.57366e-20
-4.58697e-20
9.42468e-05
-2.49504e-20
-5.01707e-20
9.21707e-05
-3.64097e-20
-3.41062e-20
9.01375e-05
-4.62757e-20
-3.68653e-20
8.81466e-05
-4.40761e-20
-4.40068e-20
8.61969e-05
-4.64153e-20
-4.89727e-20
8.42877e-05
-5.50966e-20
-4.29066e-20
8.2418e-05
-4.47328e-20
-5.00562e-20
8.05871e-05
-3.80576e-20
-4.99924e-20
7.87943e-05
-4.54272e-20
-5.15558e-20
7.70385e-05
-5.30743e-20
-4.1634e-20
7.53193e-05
-4.86055e-20
-3.21442e-20
7.36357e-05
-4.1735e-20
-3.43609e-20
7.1987e-05
-4.88411e-20
-3.94761e-20
7.03726e-05
-4.62329e-20
-3.44885e-20
6.87916e-05
-3.27345e-20
-4.91765e-20
6.72435e-05
-3.2953e-20
-4.6507e-20
6.57274e-05
-2.07583e-20
-4.13533e-20
6.42429e-05
-1.8165e-20
-5.24397e-20
6.27891e-05
-1.19432e-20
-3.8757e-20
6.13655e-05
-8.12773e-21
-2.24697e-20
5.99714e-05
-3.5221e-22
-7.01709e-21
5.86062e-05
-8.36358e-21
-8.87459e-21
5.72693e-05
-1.56098e-20
-8.94077e-21
5.59601e-05
1.05152e-20
-6.17424e-21
5.4678e-05
7.28026e-21
-1.23369e-20
5.34225e-05
-4.10774e-21
-2.46333e-21
5.21931e-05
-5.02996e-21
-3.05887e-21
5.0989e-05
-3.6832e-21
8.51757e-21
4.98099e-05
-5.10775e-21
3.51448e-21
4.86552e-05
-1.75862e-20
4.19576e-21
4.75244e-05
-1.95953e-20
3.44404e-21
4.64169e-05
-6.94874e-21
-3.89363e-21
4.53324e-05
-9.24126e-21
-6.83833e-21
4.42702e-05
-8.01866e-21
-1.01475e-20
4.323e-05
-9.42163e-21
-7.0465e-21
4.22111e-05
-9.99679e-21
-9.59187e-21
4.12133e-05
-1.71836e-20
-8.24084e-21
4.02361e-05
-1.63996e-20
-7.13695e-21
3.9279e-05
-3.0951e-20
-8.1694e-21
3.83415e-05
-2.54338e-20
-8.3516e-21
3.74233e-05
-3.44929e-20
-7.26238e-21
3.65239e-05
-3.17032e-20
-9.35485e-21
3.56429e-05
-3.18479e-20
-8.09408e-21
3.478e-05
-3.20167e-20
-8.44619e-21
3.39348e-05
-3.3227e-20
-1.09311e-20
3.31067e-05
-3.22287e-20
-1.30586e-20
3.22956e-05
-2.82772e-20
-9.29572e-21
3.1501e-05
-3.66142e-20
-1.12585e-20
3.07225e-05
-2.73147e-20
-1.58996e-20
2.99599e-05
-2.19738e-20
-1.82956e-20
2.92126e-05
-2.1434e-20
-1.29053e-20
2.84805e-05
-2.6298e-20
-1.13992e-20
2.77631e-05
-2.06858e-20
-1.08952e-20
2.70602e-05
-2.0601e-20
-1.25706e-20
2.63713e-05
-2.10746e-20
-1.18278e-20
2.56963e-05
-2.08471e-20
-1.30022e-20
2.50347e-05
-2.04912e-20
-1.28741e-20
2.43863e-05
-1.56367e-20
-1.59454e-20
2.37508e-05
-1.50867e-20
-1.70683e-20
2.31278e-05
-1.16665e-20
-1.25213e-20
2.25171e-05
-1.19522e-20
-1.40801e-20
2.19184e-05
-1.32266e-20
-1.54009e-20
2.13314e-05
-1.22244e-20
-1.3291e-20
2.07558e-05
-1.22707e-20
-1.04378e-20
2.01915e-05
-1.24674e-20
-1.10289e-20
1.96379e-05
-1.46973e-20
-7.66891e-21
1.9095e-05
-1.93133e-20
-5.08832e-21
1.85625e-05
-1.72605e-20
-4.20067e-21
1.80401e-05
-1.72059e-20
-5.14252e-21
1.75276e-05
-1.3113e-20
-5.66216e-21
1.70247e-05
-9.70443e-21
-6.24244e-21
1.65311e-05
-1.10006e-20
-5.03809e-21
1.60468e-05
-1.03678e-20
-5.97047e-21
1.55713e-05
-9.90676e-21
-5.80359e-21
1.51045e-05
-1.00401e-20
-6.32405e-21
1.46462e-05
-1.01843e-20
-6.64416e-21
1.41961e-05
-1.05094e-20
-3.31569e-21
1.37541e-05
-7.43413e-21
-1.41269e-21
1.33199e-05
-8.00244e-21
-2.33627e-21
1.28934e-05
-7.54212e-21
-2.36078e-21
1.24743e-05
-6.28371e-21
-2.42438e-21
1.20626e-05
-6.10841e-21
-3.25475e-21
1.16579e-05
-6.13463e-21
-3.66245e-21
1.12602e-05
-6.12561e-21
-3.04976e-21
1.08693e-05
-5.7122e-21
-2.54531e-21
1.04851e-05
-5.19507e-21
-1.99364e-21
1.01074e-05
-4.95338e-21
-1.84168e-21
9.73614e-06
-5.69152e-21
-1.94292e-21
9.37126e-06
-6.3322e-21
-1.52735e-21
9.01267e-06
-6.16964e-21
3.08156e-22
8.66033e-06
-3.81852e-21
9.86291e-22
8.31422e-06
-3.72915e-21
9.22932e-22
7.97434e-06
-1.8918e-21
5.98978e-22
7.64072e-06
-2.66167e-21
1.01905e-21
7.31346e-06
-2.14787e-21
1.0323e-21
6.99256e-06
-2.01241e-21
8.47472e-22
6.6782e-06
-2.35809e-21
8.99288e-22
6.3705e-06
-2.19662e-21
1.02745e-21
6.06962e-06
-1.84897e-21
9.64929e-22
5.77572e-06
-2.08006e-21
1.32761e-21
5.48902e-06
-1.93978e-21
9.31695e-22
5.20968e-06
-1.46067e-21
5.07292e-22
4.93792e-06
-2.80531e-21
8.29681e-22
4.6739e-06
-2.68687e-21
1.53331e-21
4.41779e-06
-1.31755e-21
1.45426e-21
4.16975e-06
-2.45007e-21
1.21379e-21
3.92988e-06
-2.53711e-21
1.04427e-21
3.69824e-06
-2.62136e-21
7.52084e-22
3.47488e-06
-2.17681e-21
7.24966e-22
3.25978e-06
-2.15833e-21
5.48979e-22
3.05293e-06
-1.92947e-21
5.98127e-22
2.85422e-06
-2.08161e-21
4.37562e-22
2.66354e-06
-1.76719e-21
5.94394e-22
2.48077e-06
-1.82123e-21
2.4287e-22
2.30571e-06
-1.51138e-21
4.89926e-22
2.13818e-06
-1.3382e-21
4.78869e-22
1.97799e-06
-1.08278e-21
2.28416e-22
1.82488e-06
-2.50416e-22
1.76508e-22
1.67866e-06
-4.47276e-22
4.94351e-22
1.53909e-06
-5.80176e-22
5.26089e-22
1.40593e-06
-5.95133e-22
4.78418e-22
1.27894e-06
-5.8647e-22
4.64567e-22
1.1579e-06
-6.06017e-22
3.78131e-22
1.04257e-06
-5.38829e-22
2.64403e-22
9.3275e-07
-3.89792e-22
2.77831e-22
8.28197e-07
-5.18414e-22
2.39437e-22
7.28716e-07
-3.53801e-22
1.08299e-22
6.34095e-07
-3.17123e-22
1.6209e-22
5.44142e-07
-2.67164e-22
7.21619e-23
4.58668e-07
-1.10959e-22
7.84062e-23
3.77483e-07
-6.5706e-23
6.95756e-23
3.00415e-07
-6.20791e-23
8.72183e-23
2.27294e-07
-8.64089e-23
6.85202e-23
1.57955e-07
-3.59199e-23
2.93424e-23
9.22408e-08
-4.49636e-24
8.0739e-24
3.00007e-08
)
;

boundaryField
{
    walls
    {
        type            calculated;
        value           uniform 0;
    }
    inlet
    {
        type            cyclic;
        value           nonuniform List<scalar> 
1000
(
-3.00006e-08
-9.22407e-08
-1.57955e-07
-2.27294e-07
-3.00415e-07
-3.77483e-07
-4.58667e-07
-5.44143e-07
-6.34096e-07
-7.28715e-07
-8.28197e-07
-9.32748e-07
-1.04258e-06
-1.1579e-06
-1.27894e-06
-1.40593e-06
-1.53909e-06
-1.67866e-06
-1.82488e-06
-1.97798e-06
-2.13818e-06
-2.30571e-06
-2.48077e-06
-2.66355e-06
-2.85422e-06
-3.05293e-06
-3.25979e-06
-3.47488e-06
-3.69824e-06
-3.92988e-06
-4.16976e-06
-4.4178e-06
-4.6739e-06
-4.93792e-06
-5.20968e-06
-5.48902e-06
-5.77573e-06
-6.06962e-06
-6.3705e-06
-6.6782e-06
-6.99256e-06
-7.31344e-06
-7.64073e-06
-7.97434e-06
-8.31422e-06
-8.66033e-06
-9.01267e-06
-9.37126e-06
-9.73614e-06
-1.01074e-05
-1.04851e-05
-1.08693e-05
-1.12602e-05
-1.16579e-05
-1.20626e-05
-1.24744e-05
-1.28934e-05
-1.33199e-05
-1.37541e-05
-1.41961e-05
-1.46462e-05
-1.51045e-05
-1.55713e-05
-1.60467e-05
-1.65311e-05
-1.70247e-05
-1.75276e-05
-1.80401e-05
-1.85625e-05
-1.9095e-05
-1.96379e-05
-2.01914e-05
-2.07559e-05
-2.13314e-05
-2.19184e-05
-2.25171e-05
-2.31278e-05
-2.37508e-05
-2.43863e-05
-2.50347e-05
-2.56963e-05
-2.63713e-05
-2.70602e-05
-2.77631e-05
-2.84805e-05
-2.92126e-05
-2.99599e-05
-3.07225e-05
-3.1501e-05
-3.22956e-05
-3.31068e-05
-3.39348e-05
-3.478e-05
-3.56429e-05
-3.65239e-05
-3.74233e-05
-3.83415e-05
-3.9279e-05
-4.02361e-05
-4.12134e-05
-4.22112e-05
-4.323e-05
-4.42702e-05
-4.53324e-05
-4.6417e-05
-4.75244e-05
-4.86552e-05
-4.98099e-05
-5.0989e-05
-5.21931e-05
-5.34226e-05
-5.4678e-05
-5.59601e-05
-5.72693e-05
-5.86062e-05
-5.99714e-05
-6.13655e-05
-6.27891e-05
-6.42429e-05
-6.57274e-05
-6.72435e-05
-6.87916e-05
-7.03726e-05
-7.1987e-05
-7.36357e-05
-7.53193e-05
-7.70386e-05
-7.87942e-05
-8.05871e-05
-8.2418e-05
-8.42876e-05
-8.61969e-05
-8.81466e-05
-9.01375e-05
-9.21707e-05
-9.42468e-05
-9.63669e-05
-9.85319e-05
-0.000100743
-0.000103
-0.000105305
-0.00010766
-0.000110063
-0.000112518
-0.000115024
-0.000117584
-0.000120197
-0.000122866
-0.000125591
-0.000128373
-0.000131215
-0.000134116
-0.000137078
-0.000140103
-0.000143191
-0.000146345
-0.000149564
-0.000152852
-0.000156209
-0.000159636
-0.000163136
-0.000166708
-0.000170356
-0.000174081
-0.000177884
-0.000181766
-0.00018573
-0.000189777
-0.000193909
-0.000198127
-0.000202434
-0.00020683
-0.000211319
-0.000215901
-0.000220579
-0.000225354
-0.000230229
-0.000235206
-0.000240286
-0.000245472
-0.000250766
-0.00025617
-0.000261686
-0.000267317
-0.000273064
-0.00027893
-0.000284918
-0.00029103
-0.000297267
-0.000303634
-0.000310132
-0.000316764
-0.000323532
-0.00033044
-0.000337489
-0.000344683
-0.000352024
-0.000359516
-0.000367161
-0.000374961
-0.000382921
-0.000391042
-0.000399329
-0.000407783
-0.000416409
-0.000425209
-0.000434187
-0.000443345
-0.000452688
-0.000462217
-0.000471938
-0.000481852
-0.000491964
-0.000502277
-0.000512793
-0.000523518
-0.000534453
-0.000545603
-0.000556971
-0.00056856
-0.000580374
-0.000592416
-0.00060469
-0.000617199
-0.000629945
-0.000642933
-0.000656166
-0.000669645
-0.000683375
-0.000697358
-0.000711596
-0.000726092
-0.000740848
-0.000755866
-0.000771147
-0.000786693
-0.000802504
-0.000818581
-0.000834923
-0.00085153
-0.000868401
-0.000885533
-0.000902924
-0.000920569
-0.000938466
-0.000956607
-0.000974987
-0.000993599
-0.00101243
-0.00103148
-3.00006e-08
-9.22407e-08
-1.57955e-07
-2.27294e-07
-3.00415e-07
-3.77483e-07
-4.58667e-07
-5.44143e-07
-6.34096e-07
-7.28715e-07
-8.28197e-07
-9.32748e-07
-1.04258e-06
-1.1579e-06
-1.27894e-06
-1.40593e-06
-1.53909e-06
-1.67866e-06
-1.82488e-06
-1.97798e-06
-2.13818e-06
-2.30571e-06
-2.48077e-06
-2.66355e-06
-2.85422e-06
-3.05293e-06
-3.25979e-06
-3.47488e-06
-3.69824e-06
-3.92988e-06
-4.16976e-06
-4.4178e-06
-4.6739e-06
-4.93792e-06
-5.20968e-06
-5.48902e-06
-5.77573e-06
-6.06962e-06
-6.3705e-06
-6.6782e-06
-6.99256e-06
-7.31344e-06
-7.64073e-06
-7.97434e-06
-8.31422e-06
-8.66033e-06
-9.01267e-06
-9.37126e-06
-9.73614e-06
-1.01074e-05
-1.04851e-05
-1.08693e-05
-1.12602e-05
-1.16579e-05
-1.20626e-05
-1.24744e-05
-1.28934e-05
-1.33199e-05
-1.37541e-05
-1.41961e-05
-1.46462e-05
-1.51045e-05
-1.55713e-05
-1.60467e-05
-1.65311e-05
-1.70247e-05
-1.75276e-05
-1.80401e-05
-1.85625e-05
-1.9095e-05
-1.96379e-05
-2.01914e-05
-2.07559e-05
-2.13314e-05
-2.19184e-05
-2.25171e-05
-2.31278e-05
-2.37508e-05
-2.43863e-05
-2.50347e-05
-2.56963e-05
-2.63713e-05
-2.70602e-05
-2.77631e-05
-2.84805e-05
-2.92126e-05
-2.99599e-05
-3.07225e-05
-3.1501e-05
-3.22956e-05
-3.31068e-05
-3.39348e-05
-3.478e-05
-3.56429e-05
-3.65239e-05
-3.74233e-05
-3.83415e-05
-3.9279e-05
-4.02361e-05
-4.12134e-05
-4.22112e-05
-4.323e-05
-4.42702e-05
-4.53324e-05
-4.6417e-05
-4.75244e-05
-4.86552e-05
-4.98099e-05
-5.0989e-05
-5.21931e-05
-5.34226e-05
-5.4678e-05
-5.59601e-05
-5.72693e-05
-5.86062e-05
-5.99714e-05
-6.13655e-05
-6.27891e-05
-6.42429e-05
-6.57274e-05
-6.72435e-05
-6.87916e-05
-7.03726e-05
-7.1987e-05
-7.36357e-05
-7.53193e-05
-7.70386e-05
-7.87942e-05
-8.05871e-05
-8.2418e-05
-8.42876e-05
-8.61969e-05
-8.81466e-05
-9.01375e-05
-9.21707e-05
-9.42468e-05
-9.63669e-05
-9.85319e-05
-0.000100743
-0.000103
-0.000105305
-0.00010766
-0.000110063
-0.000112518
-0.000115024
-0.000117584
-0.000120197
-0.000122866
-0.000125591
-0.000128373
-0.000131215
-0.000134116
-0.000137078
-0.000140103
-0.000143191
-0.000146345
-0.000149564
-0.000152852
-0.000156209
-0.000159636
-0.000163136
-0.000166708
-0.000170356
-0.000174081
-0.000177884
-0.000181766
-0.00018573
-0.000189777
-0.000193909
-0.000198127
-0.000202434
-0.00020683
-0.000211319
-0.000215901
-0.000220579
-0.000225354
-0.000230229
-0.000235206
-0.000240286
-0.000245472
-0.000250766
-0.00025617
-0.000261686
-0.000267317
-0.000273064
-0.00027893
-0.000284918
-0.00029103
-0.000297267
-0.000303634
-0.000310132
-0.000316764
-0.000323532
-0.00033044
-0.000337489
-0.000344683
-0.000352024
-0.000359516
-0.000367161
-0.000374961
-0.000382921
-0.000391042
-0.000399329
-0.000407783
-0.000416409
-0.000425209
-0.000434187
-0.000443345
-0.000452688
-0.000462217
-0.000471938
-0.000481852
-0.000491964
-0.000502277
-0.000512793
-0.000523518
-0.000534453
-0.000545603
-0.000556971
-0.00056856
-0.000580374
-0.000592416
-0.00060469
-0.000617199
-0.000629945
-0.000642933
-0.000656166
-0.000669645
-0.000683375
-0.000697358
-0.000711596
-0.000726092
-0.000740848
-0.000755866
-0.000771147
-0.000786693
-0.000802504
-0.000818581
-0.000834923
-0.00085153
-0.000868401
-0.000885533
-0.000902924
-0.000920569
-0.000938466
-0.000956607
-0.000974987
-0.000993599
-0.00101243
-0.00103148
-0.00103148
-0.00101244
-0.000993599
-0.000974987
-0.000956607
-0.000938466
-0.000920569
-0.000902924
-0.000885533
-0.000868401
-0.00085153
-0.000834923
-0.000818581
-0.000802504
-0.000786693
-0.000771147
-0.000755866
-0.000740848
-0.000726092
-0.000711596
-0.000697358
-0.000683375
-0.000669645
-0.000656166
-0.000642933
-0.000629945
-0.000617199
-0.00060469
-0.000592416
-0.000580374
-0.00056856
-0.000556971
-0.000545603
-0.000534453
-0.000523518
-0.000512793
-0.000502277
-0.000491964
-0.000481852
-0.000471938
-0.000462217
-0.000452688
-0.000443345
-0.000434187
-0.000425209
-0.000416409
-0.000407783
-0.000399329
-0.000391042
-0.000382921
-0.000374961
-0.000367161
-0.000359516
-0.000352024
-0.000344683
-0.000337489
-0.00033044
-0.000323532
-0.000316764
-0.000310132
-0.000303634
-0.000297267
-0.00029103
-0.000284918
-0.00027893
-0.000273064
-0.000267317
-0.000261686
-0.00025617
-0.000250766
-0.000245472
-0.000240286
-0.000235206
-0.000230229
-0.000225354
-0.000220579
-0.000215901
-0.000211319
-0.00020683
-0.000202434
-0.000198127
-0.000193909
-0.000189777
-0.00018573
-0.000181766
-0.000177884
-0.000174081
-0.000170356
-0.000166709
-0.000163136
-0.000159636
-0.000156209
-0.000152852
-0.000149564
-0.000146345
-0.000143191
-0.000140103
-0.000137078
-0.000134116
-0.000131215
-0.000128373
-0.000125591
-0.000122866
-0.000120197
-0.000117584
-0.000115024
-0.000112518
-0.000110063
-0.00010766
-0.000105305
-0.000103
-0.000100743
-9.85319e-05
-9.63669e-05
-9.42468e-05
-9.21707e-05
-9.01375e-05
-8.81466e-05
-8.61969e-05
-8.42877e-05
-8.2418e-05
-8.05871e-05
-7.87943e-05
-7.70385e-05
-7.53193e-05
-7.36357e-05
-7.1987e-05
-7.03726e-05
-6.87916e-05
-6.72435e-05
-6.57274e-05
-6.42429e-05
-6.27891e-05
-6.13655e-05
-5.99714e-05
-5.86062e-05
-5.72693e-05
-5.59601e-05
-5.4678e-05
-5.34225e-05
-5.21931e-05
-5.0989e-05
-4.98099e-05
-4.86552e-05
-4.75244e-05
-4.64169e-05
-4.53324e-05
-4.42702e-05
-4.323e-05
-4.22111e-05
-4.12133e-05
-4.02361e-05
-3.9279e-05
-3.83415e-05
-3.74233e-05
-3.65239e-05
-3.56429e-05
-3.478e-05
-3.39348e-05
-3.31067e-05
-3.22956e-05
-3.1501e-05
-3.07225e-05
-2.99599e-05
-2.92126e-05
-2.84805e-05
-2.77631e-05
-2.70602e-05
-2.63713e-05
-2.56963e-05
-2.50347e-05
-2.43863e-05
-2.37508e-05
-2.31278e-05
-2.25171e-05
-2.19184e-05
-2.13314e-05
-2.07558e-05
-2.01915e-05
-1.96379e-05
-1.9095e-05
-1.85625e-05
-1.80401e-05
-1.75276e-05
-1.70247e-05
-1.65311e-05
-1.60468e-05
-1.55713e-05
-1.51045e-05
-1.46462e-05
-1.41961e-05
-1.37541e-05
-1.33199e-05
-1.28934e-05
-1.24743e-05
-1.20626e-05
-1.16579e-05
-1.12602e-05
-1.08693e-05
-1.04851e-05
-1.01074e-05
-9.73614e-06
-9.37126e-06
-9.01267e-06
-8.66033e-06
-8.31422e-06
-7.97434e-06
-7.64072e-06
-7.31346e-06
-6.99256e-06
-6.6782e-06
-6.3705e-06
-6.06962e-06
-5.77572e-06
-5.48902e-06
-5.20968e-06
-4.93792e-06
-4.6739e-06
-4.41779e-06
-4.16975e-06
-3.92988e-06
-3.69824e-06
-3.47488e-06
-3.25978e-06
-3.05293e-06
-2.85422e-06
-2.66354e-06
-2.48077e-06
-2.30571e-06
-2.13818e-06
-1.97799e-06
-1.82488e-06
-1.67866e-06
-1.53909e-06
-1.40593e-06
-1.27894e-06
-1.1579e-06
-1.04257e-06
-9.3275e-07
-8.28197e-07
-7.28716e-07
-6.34095e-07
-5.44142e-07
-4.58668e-07
-3.77483e-07
-3.00415e-07
-2.27294e-07
-1.57955e-07
-9.22408e-08
-3.00007e-08
-0.00103148
-0.00101244
-0.000993599
-0.000974987
-0.000956607
-0.000938466
-0.000920569
-0.000902924
-0.000885533
-0.000868401
-0.00085153
-0.000834923
-0.000818581
-0.000802504
-0.000786693
-0.000771147
-0.000755866
-0.000740848
-0.000726092
-0.000711596
-0.000697358
-0.000683375
-0.000669645
-0.000656166
-0.000642933
-0.000629945
-0.000617199
-0.00060469
-0.000592416
-0.000580374
-0.00056856
-0.000556971
-0.000545603
-0.000534453
-0.000523518
-0.000512793
-0.000502277
-0.000491964
-0.000481852
-0.000471938
-0.000462217
-0.000452688
-0.000443345
-0.000434187
-0.000425209
-0.000416409
-0.000407783
-0.000399329
-0.000391042
-0.000382921
-0.000374961
-0.000367161
-0.000359516
-0.000352024
-0.000344683
-0.000337489
-0.00033044
-0.000323532
-0.000316764
-0.000310132
-0.000303634
-0.000297267
-0.00029103
-0.000284918
-0.00027893
-0.000273064
-0.000267317
-0.000261686
-0.00025617
-0.000250766
-0.000245472
-0.000240286
-0.000235206
-0.000230229
-0.000225354
-0.000220579
-0.000215901
-0.000211319
-0.00020683
-0.000202434
-0.000198127
-0.000193909
-0.000189777
-0.00018573
-0.000181766
-0.000177884
-0.000174081
-0.000170356
-0.000166709
-0.000163136
-0.000159636
-0.000156209
-0.000152852
-0.000149564
-0.000146345
-0.000143191
-0.000140103
-0.000137078
-0.000134116
-0.000131215
-0.000128373
-0.000125591
-0.000122866
-0.000120197
-0.000117584
-0.000115024
-0.000112518
-0.000110063
-0.00010766
-0.000105305
-0.000103
-0.000100743
-9.85319e-05
-9.63669e-05
-9.42468e-05
-9.21707e-05
-9.01375e-05
-8.81466e-05
-8.61969e-05
-8.42877e-05
-8.2418e-05
-8.05871e-05
-7.87943e-05
-7.70385e-05
-7.53193e-05
-7.36357e-05
-7.1987e-05
-7.03726e-05
-6.87916e-05
-6.72435e-05
-6.57274e-05
-6.42429e-05
-6.27891e-05
-6.13655e-05
-5.99714e-05
-5.86062e-05
-5.72693e-05
-5.59601e-05
-5.4678e-05
-5.34225e-05
-5.21931e-05
-5.0989e-05
-4.98099e-05
-4.86552e-05
-4.75244e-05
-4.64169e-05
-4.53324e-05
-4.42702e-05
-4.323e-05
-4.22111e-05
-4.12133e-05
-4.02361e-05
-3.9279e-05
-3.83415e-05
-3.74233e-05
-3.65239e-05
-3.56429e-05
-3.478e-05
-3.39348e-05
-3.31067e-05
-3.22956e-05
-3.1501e-05
-3.07225e-05
-2.99599e-05
-2.92126e-05
-2.84805e-05
-2.77631e-05
-2.70602e-05
-2.63713e-05
-2.56963e-05
-2.50347e-05
-2.43863e-05
-2.37508e-05
-2.31278e-05
-2.25171e-05
-2.19184e-05
-2.13314e-05
-2.07558e-05
-2.01915e-05
-1.96379e-05
-1.9095e-05
-1.85625e-05
-1.80401e-05
-1.75276e-05
-1.70247e-05
-1.65311e-05
-1.60468e-05
-1.55713e-05
-1.51045e-05
-1.46462e-05
-1.41961e-05
-1.37541e-05
-1.33199e-05
-1.28934e-05
-1.24743e-05
-1.20626e-05
-1.16579e-05
-1.12602e-05
-1.08693e-05
-1.04851e-05
-1.01074e-05
-9.73614e-06
-9.37126e-06
-9.01267e-06
-8.66033e-06
-8.31422e-06
-7.97434e-06
-7.64072e-06
-7.31346e-06
-6.99256e-06
-6.6782e-06
-6.3705e-06
-6.06962e-06
-5.77572e-06
-5.48902e-06
-5.20968e-06
-4.93792e-06
-4.6739e-06
-4.41779e-06
-4.16975e-06
-3.92988e-06
-3.69824e-06
-3.47488e-06
-3.25978e-06
-3.05293e-06
-2.85422e-06
-2.66354e-06
-2.48077e-06
-2.30571e-06
-2.13818e-06
-1.97799e-06
-1.82488e-06
-1.67866e-06
-1.53909e-06
-1.40593e-06
-1.27894e-06
-1.1579e-06
-1.04257e-06
-9.3275e-07
-8.28197e-07
-7.28716e-07
-6.34095e-07
-5.44142e-07
-4.58668e-07
-3.77483e-07
-3.00415e-07
-2.27294e-07
-1.57955e-07
-9.22408e-08
-3.00007e-08
)
;
    }
    outlet
    {
        type            cyclic;
        value           nonuniform List<scalar> 
1000
(
3.00006e-08
9.22407e-08
1.57955e-07
2.27294e-07
3.00415e-07
3.77483e-07
4.58667e-07
5.44143e-07
6.34096e-07
7.28715e-07
8.28197e-07
9.32748e-07
1.04258e-06
1.1579e-06
1.27894e-06
1.40593e-06
1.53909e-06
1.67866e-06
1.82488e-06
1.97798e-06
2.13818e-06
2.30571e-06
2.48077e-06
2.66355e-06
2.85422e-06
3.05293e-06
3.25979e-06
3.47488e-06
3.69824e-06
3.92988e-06
4.16976e-06
4.4178e-06
4.6739e-06
4.93792e-06
5.20968e-06
5.48902e-06
5.77573e-06
6.06962e-06
6.3705e-06
6.6782e-06
6.99256e-06
7.31344e-06
7.64073e-06
7.97434e-06
8.31422e-06
8.66033e-06
9.01267e-06
9.37126e-06
9.73614e-06
1.01074e-05
1.04851e-05
1.08693e-05
1.12602e-05
1.16579e-05
1.20626e-05
1.24744e-05
1.28934e-05
1.33199e-05
1.37541e-05
1.41961e-05
1.46462e-05
1.51045e-05
1.55713e-05
1.60467e-05
1.65311e-05
1.70247e-05
1.75276e-05
1.80401e-05
1.85625e-05
1.9095e-05
1.96379e-05
2.01914e-05
2.07559e-05
2.13314e-05
2.19184e-05
2.25171e-05
2.31278e-05
2.37508e-05
2.43863e-05
2.50347e-05
2.56963e-05
2.63713e-05
2.70602e-05
2.77631e-05
2.84805e-05
2.92126e-05
2.99599e-05
3.07225e-05
3.1501e-05
3.22956e-05
3.31068e-05
3.39348e-05
3.478e-05
3.56429e-05
3.65239e-05
3.74233e-05
3.83415e-05
3.9279e-05
4.02361e-05
4.12134e-05
4.22112e-05
4.323e-05
4.42702e-05
4.53324e-05
4.6417e-05
4.75244e-05
4.86552e-05
4.98099e-05
5.0989e-05
5.21931e-05
5.34226e-05
5.4678e-05
5.59601e-05
5.72693e-05
5.86062e-05
5.99714e-05
6.13655e-05
6.27891e-05
6.42429e-05
6.57274e-05
6.72435e-05
6.87916e-05
7.03726e-05
7.1987e-05
7.36357e-05
7.53193e-05
7.70386e-05
7.87942e-05
8.05871e-05
8.2418e-05
8.42876e-05
8.61969e-05
8.81466e-05
9.01375e-05
9.21707e-05
9.42468e-05
9.63669e-05
9.85319e-05
0.000100743
0.000103
0.000105305
0.00010766
0.000110063
0.000112518
0.000115024
0.000117584
0.000120197
0.000122866
0.000125591
0.000128373
0.000131215
0.000134116
0.000137078
0.000140103
0.000143191
0.000146345
0.000149564
0.000152852
0.000156209
0.000159636
0.000163136
0.000166708
0.000170356
0.000174081
0.000177884
0.000181766
0.00018573
0.000189777
0.000193909
0.000198127
0.000202434
0.00020683
0.000211319
0.000215901
0.000220579
0.000225354
0.000230229
0.000235206
0.000240286
0.000245472
0.000250766
0.00025617
0.000261686
0.000267317
0.000273064
0.00027893
0.000284918
0.00029103
0.000297267
0.000303634
0.000310132
0.000316764
0.000323532
0.00033044
0.000337489
0.000344683
0.000352024
0.000359516
0.000367161
0.000374961
0.000382921
0.000391042
0.000399329
0.000407783
0.000416409
0.000425209
0.000434187
0.000443345
0.000452688
0.000462217
0.000471938
0.000481852
0.000491964
0.000502277
0.000512793
0.000523518
0.000534453
0.000545603
0.000556971
0.00056856
0.000580374
0.000592416
0.00060469
0.000617199
0.000629945
0.000642933
0.000656166
0.000669645
0.000683375
0.000697358
0.000711596
0.000726092
0.000740848
0.000755866
0.000771147
0.000786693
0.000802504
0.000818581
0.000834923
0.00085153
0.000868401
0.000885533
0.000902924
0.000920569
0.000938466
0.000956607
0.000974987
0.000993599
0.00101243
0.00103148
3.00006e-08
9.22407e-08
1.57955e-07
2.27294e-07
3.00415e-07
3.77483e-07
4.58667e-07
5.44143e-07
6.34096e-07
7.28715e-07
8.28197e-07
9.32748e-07
1.04258e-06
1.1579e-06
1.27894e-06
1.40593e-06
1.53909e-06
1.67866e-06
1.82488e-06
1.97798e-06
2.13818e-06
2.30571e-06
2.48077e-06
2.66355e-06
2.85422e-06
3.05293e-06
3.25979e-06
3.47488e-06
3.69824e-06
3.92988e-06
4.16976e-06
4.4178e-06
4.6739e-06
4.93792e-06
5.20968e-06
5.48902e-06
5.77573e-06
6.06962e-06
6.3705e-06
6.6782e-06
6.99256e-06
7.31344e-06
7.64073e-06
7.97434e-06
8.31422e-06
8.66033e-06
9.01267e-06
9.37126e-06
9.73614e-06
1.01074e-05
1.04851e-05
1.08693e-05
1.12602e-05
1.16579e-05
1.20626e-05
1.24744e-05
1.28934e-05
1.33199e-05
1.37541e-05
1.41961e-05
1.46462e-05
1.51045e-05
1.55713e-05
1.60467e-05
1.65311e-05
1.70247e-05
1.75276e-05
1.80401e-05
1.85625e-05
1.9095e-05
1.96379e-05
2.01914e-05
2.07559e-05
2.13314e-05
2.19184e-05
2.25171e-05
2.31278e-05
2.37508e-05
2.43863e-05
2.50347e-05
2.56963e-05
2.63713e-05
2.70602e-05
2.77631e-05
2.84805e-05
2.92126e-05
2.99599e-05
3.07225e-05
3.1501e-05
3.22956e-05
3.31068e-05
3.39348e-05
3.478e-05
3.56429e-05
3.65239e-05
3.74233e-05
3.83415e-05
3.9279e-05
4.02361e-05
4.12134e-05
4.22112e-05
4.323e-05
4.42702e-05
4.53324e-05
4.6417e-05
4.75244e-05
4.86552e-05
4.98099e-05
5.0989e-05
5.21931e-05
5.34226e-05
5.4678e-05
5.59601e-05
5.72693e-05
5.86062e-05
5.99714e-05
6.13655e-05
6.27891e-05
6.42429e-05
6.57274e-05
6.72435e-05
6.87916e-05
7.03726e-05
7.1987e-05
7.36357e-05
7.53193e-05
7.70386e-05
7.87942e-05
8.05871e-05
8.2418e-05
8.42876e-05
8.61969e-05
8.81466e-05
9.01375e-05
9.21707e-05
9.42468e-05
9.63669e-05
9.85319e-05
0.000100743
0.000103
0.000105305
0.00010766
0.000110063
0.000112518
0.000115024
0.000117584
0.000120197
0.000122866
0.000125591
0.000128373
0.000131215
0.000134116
0.000137078
0.000140103
0.000143191
0.000146345
0.000149564
0.000152852
0.000156209
0.000159636
0.000163136
0.000166708
0.000170356
0.000174081
0.000177884
0.000181766
0.00018573
0.000189777
0.000193909
0.000198127
0.000202434
0.00020683
0.000211319
0.000215901
0.000220579
0.000225354
0.000230229
0.000235206
0.000240286
0.000245472
0.000250766
0.00025617
0.000261686
0.000267317
0.000273064
0.00027893
0.000284918
0.00029103
0.000297267
0.000303634
0.000310132
0.000316764
0.000323532
0.00033044
0.000337489
0.000344683
0.000352024
0.000359516
0.000367161
0.000374961
0.000382921
0.000391042
0.000399329
0.000407783
0.000416409
0.000425209
0.000434187
0.000443345
0.000452688
0.000462217
0.000471938
0.000481852
0.000491964
0.000502277
0.000512793
0.000523518
0.000534453
0.000545603
0.000556971
0.00056856
0.000580374
0.000592416
0.00060469
0.000617199
0.000629945
0.000642933
0.000656166
0.000669645
0.000683375
0.000697358
0.000711596
0.000726092
0.000740848
0.000755866
0.000771147
0.000786693
0.000802504
0.000818581
0.000834923
0.00085153
0.000868401
0.000885533
0.000902924
0.000920569
0.000938466
0.000956607
0.000974987
0.000993599
0.00101243
0.00103148
0.00103148
0.00101244
0.000993599
0.000974987
0.000956607
0.000938466
0.000920569
0.000902924
0.000885533
0.000868401
0.00085153
0.000834923
0.000818581
0.000802504
0.000786693
0.000771147
0.000755866
0.000740848
0.000726092
0.000711596
0.000697358
0.000683375
0.000669645
0.000656166
0.000642933
0.000629945
0.000617199
0.00060469
0.000592416
0.000580374
0.00056856
0.000556971
0.000545603
0.000534453
0.000523518
0.000512793
0.000502277
0.000491964
0.000481852
0.000471938
0.000462217
0.000452688
0.000443345
0.000434187
0.000425209
0.000416409
0.000407783
0.000399329
0.000391042
0.000382921
0.000374961
0.000367161
0.000359516
0.000352024
0.000344683
0.000337489
0.00033044
0.000323532
0.000316764
0.000310132
0.000303634
0.000297267
0.00029103
0.000284918
0.00027893
0.000273064
0.000267317
0.000261686
0.00025617
0.000250766
0.000245472
0.000240286
0.000235206
0.000230229
0.000225354
0.000220579
0.000215901
0.000211319
0.00020683
0.000202434
0.000198127
0.000193909
0.000189777
0.00018573
0.000181766
0.000177884
0.000174081
0.000170356
0.000166709
0.000163136
0.000159636
0.000156209
0.000152852
0.000149564
0.000146345
0.000143191
0.000140103
0.000137078
0.000134116
0.000131215
0.000128373
0.000125591
0.000122866
0.000120197
0.000117584
0.000115024
0.000112518
0.000110063
0.00010766
0.000105305
0.000103
0.000100743
9.85319e-05
9.63669e-05
9.42468e-05
9.21707e-05
9.01375e-05
8.81466e-05
8.61969e-05
8.42877e-05
8.2418e-05
8.05871e-05
7.87943e-05
7.70385e-05
7.53193e-05
7.36357e-05
7.1987e-05
7.03726e-05
6.87916e-05
6.72435e-05
6.57274e-05
6.42429e-05
6.27891e-05
6.13655e-05
5.99714e-05
5.86062e-05
5.72693e-05
5.59601e-05
5.4678e-05
5.34225e-05
5.21931e-05
5.0989e-05
4.98099e-05
4.86552e-05
4.75244e-05
4.64169e-05
4.53324e-05
4.42702e-05
4.323e-05
4.22111e-05
4.12133e-05
4.02361e-05
3.9279e-05
3.83415e-05
3.74233e-05
3.65239e-05
3.56429e-05
3.478e-05
3.39348e-05
3.31067e-05
3.22956e-05
3.1501e-05
3.07225e-05
2.99599e-05
2.92126e-05
2.84805e-05
2.77631e-05
2.70602e-05
2.63713e-05
2.56963e-05
2.50347e-05
2.43863e-05
2.37508e-05
2.31278e-05
2.25171e-05
2.19184e-05
2.13314e-05
2.07558e-05
2.01915e-05
1.96379e-05
1.9095e-05
1.85625e-05
1.80401e-05
1.75276e-05
1.70247e-05
1.65311e-05
1.60468e-05
1.55713e-05
1.51045e-05
1.46462e-05
1.41961e-05
1.37541e-05
1.33199e-05
1.28934e-05
1.24743e-05
1.20626e-05
1.16579e-05
1.12602e-05
1.08693e-05
1.04851e-05
1.01074e-05
9.73614e-06
9.37126e-06
9.01267e-06
8.66033e-06
8.31422e-06
7.97434e-06
7.64072e-06
7.31346e-06
6.99256e-06
6.6782e-06
6.3705e-06
6.06962e-06
5.77572e-06
5.48902e-06
5.20968e-06
4.93792e-06
4.6739e-06
4.41779e-06
4.16975e-06
3.92988e-06
3.69824e-06
3.47488e-06
3.25978e-06
3.05293e-06
2.85422e-06
2.66354e-06
2.48077e-06
2.30571e-06
2.13818e-06
1.97799e-06
1.82488e-06
1.67866e-06
1.53909e-06
1.40593e-06
1.27894e-06
1.1579e-06
1.04257e-06
9.3275e-07
8.28197e-07
7.28716e-07
6.34095e-07
5.44142e-07
4.58668e-07
3.77483e-07
3.00415e-07
2.27294e-07
1.57955e-07
9.22408e-08
3.00007e-08
0.00103148
0.00101244
0.000993599
0.000974987
0.000956607
0.000938466
0.000920569
0.000902924
0.000885533
0.000868401
0.00085153
0.000834923
0.000818581
0.000802504
0.000786693
0.000771147
0.000755866
0.000740848
0.000726092
0.000711596
0.000697358
0.000683375
0.000669645
0.000656166
0.000642933
0.000629945
0.000617199
0.00060469
0.000592416
0.000580374
0.00056856
0.000556971
0.000545603
0.000534453
0.000523518
0.000512793
0.000502277
0.000491964
0.000481852
0.000471938
0.000462217
0.000452688
0.000443345
0.000434187
0.000425209
0.000416409
0.000407783
0.000399329
0.000391042
0.000382921
0.000374961
0.000367161
0.000359516
0.000352024
0.000344683
0.000337489
0.00033044
0.000323532
0.000316764
0.000310132
0.000303634
0.000297267
0.00029103
0.000284918
0.00027893
0.000273064
0.000267317
0.000261686
0.00025617
0.000250766
0.000245472
0.000240286
0.000235206
0.000230229
0.000225354
0.000220579
0.000215901
0.000211319
0.00020683
0.000202434
0.000198127
0.000193909
0.000189777
0.00018573
0.000181766
0.000177884
0.000174081
0.000170356
0.000166709
0.000163136
0.000159636
0.000156209
0.000152852
0.000149564
0.000146345
0.000143191
0.000140103
0.000137078
0.000134116
0.000131215
0.000128373
0.000125591
0.000122866
0.000120197
0.000117584
0.000115024
0.000112518
0.000110063
0.00010766
0.000105305
0.000103
0.000100743
9.85319e-05
9.63669e-05
9.42468e-05
9.21707e-05
9.01375e-05
8.81466e-05
8.61969e-05
8.42877e-05
8.2418e-05
8.05871e-05
7.87943e-05
7.70385e-05
7.53193e-05
7.36357e-05
7.1987e-05
7.03726e-05
6.87916e-05
6.72435e-05
6.57274e-05
6.42429e-05
6.27891e-05
6.13655e-05
5.99714e-05
5.86062e-05
5.72693e-05
5.59601e-05
5.4678e-05
5.34225e-05
5.21931e-05
5.0989e-05
4.98099e-05
4.86552e-05
4.75244e-05
4.64169e-05
4.53324e-05
4.42702e-05
4.323e-05
4.22111e-05
4.12133e-05
4.02361e-05
3.9279e-05
3.83415e-05
3.74233e-05
3.65239e-05
3.56429e-05
3.478e-05
3.39348e-05
3.31067e-05
3.22956e-05
3.1501e-05
3.07225e-05
2.99599e-05
2.92126e-05
2.84805e-05
2.77631e-05
2.70602e-05
2.63713e-05
2.56963e-05
2.50347e-05
2.43863e-05
2.37508e-05
2.31278e-05
2.25171e-05
2.19184e-05
2.13314e-05
2.07558e-05
2.01915e-05
1.96379e-05
1.9095e-05
1.85625e-05
1.80401e-05
1.75276e-05
1.70247e-05
1.65311e-05
1.60468e-05
1.55713e-05
1.51045e-05
1.46462e-05
1.41961e-05
1.37541e-05
1.33199e-05
1.28934e-05
1.24743e-05
1.20626e-05
1.16579e-05
1.12602e-05
1.08693e-05
1.04851e-05
1.01074e-05
9.73614e-06
9.37126e-06
9.01267e-06
8.66033e-06
8.31422e-06
7.97434e-06
7.64072e-06
7.31346e-06
6.99256e-06
6.6782e-06
6.3705e-06
6.06962e-06
5.77572e-06
5.48902e-06
5.20968e-06
4.93792e-06
4.6739e-06
4.41779e-06
4.16975e-06
3.92988e-06
3.69824e-06
3.47488e-06
3.25978e-06
3.05293e-06
2.85422e-06
2.66354e-06
2.48077e-06
2.30571e-06
2.13818e-06
1.97799e-06
1.82488e-06
1.67866e-06
1.53909e-06
1.40593e-06
1.27894e-06
1.1579e-06
1.04257e-06
9.3275e-07
8.28197e-07
7.28716e-07
6.34095e-07
5.44142e-07
4.58668e-07
3.77483e-07
3.00415e-07
2.27294e-07
1.57955e-07
9.22408e-08
3.00007e-08
)
;
    }
    sides
    {
        type            empty;
        value           nonuniform List<scalar> 0();
    }
}


// ************************************************************************* //
