/*--------------------------------*- C++ -*----------------------------------*\
| =========                 |                                                 |
| \\      /  F ield         | OpenFOAM: The Open Source CFD Toolbox           |
|  \\    /   O peration     | Version:  2106                                  |
|   \\  /    A nd           | Website:  www.openfoam.com                      |
|    \\/     M anipulation  |                                                 |
\*---------------------------------------------------------------------------*/
FoamFile
{
    version     2.0;
    format      ascii;
    arch        "LSB;label=32;scalar=64";
    class       volVectorField;
    location    "10080";
    object      U;
}
// * * * * * * * * * * * * * * * * * * * * * * * * * * * * * * * * * * * * * //

dimensions      [0 1 -1 0 0 0 0];

internalField   nonuniform List<vector> 
2000
(
(0.00324219 -1.13868e-15 1.10612e-17)
(0.00324219 -1.41166e-19 9.40914e-18)
(0.00978587 -1.16837e-16 8.02511e-17)
(0.00978587 6.54656e-19 3.7384e-17)
(0.0164504 -2.1642e-15 8.45062e-17)
(0.0164504 1.24689e-18 3.87987e-17)
(0.0232381 -1.62209e-15 8.95708e-17)
(0.0232381 2.0627e-18 4.02701e-17)
(0.0301511 -1.57339e-15 9.47871e-17)
(0.0301511 2.92064e-18 4.18003e-17)
(0.0371917 -1.58601e-15 1.00199e-16)
(0.0371917 3.78221e-18 4.33926e-17)
(0.0443623 -1.59075e-15 1.05865e-16)
(0.0443623 4.63418e-18 4.50499e-17)
(0.0516651 -1.59142e-15 1.11792e-16)
(0.0516651 5.56038e-18 4.67751e-17)
(0.0591027 -1.59258e-15 1.17977e-16)
(0.0591027 6.48487e-18 4.85693e-17)
(0.0666772 -1.59447e-15 1.24423e-16)
(0.0666772 7.45376e-18 5.04357e-17)
(0.0743912 -1.59657e-15 1.3114e-16)
(0.0743912 8.46392e-18 5.23783e-17)
(0.0822469 -1.59868e-15 1.38136e-16)
(0.0822469 9.46919e-18 5.43996e-17)
(0.0902467 -1.60076e-15 1.45418e-16)
(0.0902467 1.04529e-17 5.65011e-17)
(0.0983925 -1.60283e-15 1.52995e-16)
(0.0983925 1.13703e-17 5.86853e-17)
(0.106687 -1.60499e-15 1.6087e-16)
(0.106687 1.23286e-17 6.09531e-17)
(0.11513 -1.60739e-15 1.69049e-16)
(0.11513 1.33465e-17 6.33057e-17)
(0.123725 -1.60997e-15 1.77531e-16)
(0.123725 1.44324e-17 6.57461e-17)
(0.132473 -1.61249e-15 1.86316e-16)
(0.132473 1.55806e-17 6.82748e-17)
(0.141373 -1.61511e-15 1.954e-16)
(0.141373 1.67145e-17 7.08819e-17)
(0.150425 -1.61766e-15 2.04771e-16)
(0.150425 1.77442e-17 7.35685e-17)
(0.159629 -1.62017e-15 2.14414e-16)
(0.159629 1.88327e-17 7.63352e-17)
(0.168981 -1.62289e-15 2.24307e-16)
(0.168981 1.99988e-17 7.91649e-17)
(0.178479 -1.6258e-15 2.34419e-16)
(0.178479 2.10913e-17 8.20515e-17)
(0.188118 -1.62882e-15 2.4471e-16)
(0.188118 2.2291e-17 8.49808e-17)
(0.197891 -1.63186e-15 2.55133e-16)
(0.197891 2.35161e-17 8.79424e-17)
(0.207789 -1.63506e-15 2.65632e-16)
(0.207789 2.49333e-17 9.09172e-17)
(0.217802 -1.63839e-15 2.76143e-16)
(0.217802 2.62478e-17 9.38842e-17)
(0.227919 -1.64186e-15 2.86593e-16)
(0.227919 2.73284e-17 9.6826e-17)
(0.238125 -1.64522e-15 2.96903e-16)
(0.238125 2.87103e-17 9.97114e-17)
(0.248403 -1.64834e-15 3.06996e-16)
(0.248403 2.99733e-17 1.02524e-16)
(0.258735 -1.65155e-15 3.16797e-16)
(0.258735 3.11999e-17 1.05239e-16)
(0.269103 -1.65473e-15 3.16709e-16)
(0.269103 3.24481e-17 1.07835e-16)
(0.279486 -1.65814e-15 3.15842e-16)
(0.279486 3.38744e-17 1.1029e-16)
(0.289863 -1.66197e-15 3.14313e-16)
(0.289863 3.53318e-17 1.12597e-16)
(0.300212 -1.66599e-15 3.12128e-16)
(0.300212 3.67122e-17 1.1473e-16)
(0.310513 -1.67002e-15 3.0931e-16)
(0.310513 3.82407e-17 1.16694e-16)
(0.320744 -1.67351e-15 3.05869e-16)
(0.320744 3.96218e-17 1.18489e-16)
(0.330888 -1.67661e-15 3.0184e-16)
(0.330888 4.0728e-17 1.20111e-16)
(0.340927 -1.67948e-15 2.9727e-16)
(0.340927 4.15378e-17 1.21549e-16)
(0.350845 -1.68235e-15 2.92194e-16)
(0.350845 4.2349e-17 1.22867e-16)
(0.360629 -1.68573e-15 2.86692e-16)
(0.360629 4.32187e-17 1.24029e-16)
(0.370266 -1.68931e-15 2.80811e-16)
(0.370266 4.40607e-17 1.25064e-16)
(0.379747 -1.69296e-15 2.74652e-16)
(0.379747 4.51972e-17 1.25991e-16)
(0.389065 -1.69653e-15 2.68266e-16)
(0.389065 4.627e-17 1.26834e-16)
(0.398214 -1.70001e-15 2.61696e-16)
(0.398214 4.78698e-17 1.27626e-16)
(0.407191 -1.70303e-15 2.54989e-16)
(0.407191 4.9064e-17 1.28372e-16)
(0.415992 -1.70625e-15 2.48146e-16)
(0.415992 4.95699e-17 1.29094e-16)
(0.424616 -1.7099e-15 2.41288e-16)
(0.424616 5.04448e-17 1.29843e-16)
(0.433066 -1.71323e-15 2.34432e-16)
(0.433066 5.18529e-17 1.30549e-16)
(0.44134 -1.71654e-15 2.27578e-16)
(0.44134 5.28923e-17 1.31203e-16)
(0.449442 -1.71936e-15 2.26362e-16)
(0.449442 5.31887e-17 1.31944e-16)
(0.457375 -1.72173e-15 2.26673e-16)
(0.457375 5.40508e-17 1.32731e-16)
(0.465141 -1.72453e-15 2.26859e-16)
(0.465141 5.50236e-17 1.3353e-16)
(0.472745 -1.72738e-15 2.27166e-16)
(0.472745 5.53968e-17 1.34418e-16)
(0.480192 -1.72926e-15 2.2754e-16)
(0.480192 5.57952e-17 1.35351e-16)
(0.487484 -1.7312e-15 2.2791e-16)
(0.487484 5.63749e-17 1.36346e-16)
(0.494627 -1.73416e-15 2.28331e-16)
(0.494627 5.74069e-17 1.37454e-16)
(0.501626 -1.73672e-15 2.2886e-16)
(0.501626 5.81041e-17 1.38638e-16)
(0.508485 -1.73879e-15 2.29463e-16)
(0.508485 5.72397e-17 1.39874e-16)
(0.515209 -1.73987e-15 2.30126e-16)
(0.515209 5.54202e-17 1.41176e-16)
(0.521802 -1.74137e-15 2.30877e-16)
(0.521802 5.50188e-17 1.4264e-16)
(0.528269 -1.74494e-15 2.3164e-16)
(0.528269 5.73036e-17 1.44246e-16)
(0.534615 -1.74856e-15 2.32558e-16)
(0.534615 5.9e-17 1.45908e-16)
(0.540844 -1.75092e-15 2.3351e-16)
(0.540844 5.88601e-17 1.47626e-16)
(0.54696 -1.75242e-15 2.34677e-16)
(0.54696 5.87148e-17 1.49516e-16)
(0.552967 -1.75404e-15 2.35904e-16)
(0.552967 5.8369e-17 1.51473e-16)
(0.55887 -1.75557e-15 2.37188e-16)
(0.55887 5.76663e-17 1.53497e-16)
(0.564672 -1.75684e-15 2.38624e-16)
(0.564672 5.6657e-17 1.55632e-16)
(0.570376 -1.75886e-15 2.40061e-16)
(0.570376 5.6426e-17 1.57995e-16)
(0.575987 -1.76046e-15 2.41723e-16)
(0.575987 5.55114e-17 1.60431e-16)
(0.581508 -1.76145e-15 2.43438e-16)
(0.581508 5.35465e-17 1.62964e-16)
(0.586942 -1.76234e-15 2.45225e-16)
(0.586942 5.25959e-17 1.65562e-16)
(0.592293 -1.76356e-15 2.4717e-16)
(0.592293 5.09665e-17 1.68217e-16)
(0.597563 -1.76565e-15 2.49096e-16)
(0.597563 4.88229e-17 1.71029e-16)
(0.602755 -1.76721e-15 2.51234e-16)
(0.602755 4.78578e-17 1.74092e-16)
(0.607872 -1.76837e-15 2.53483e-16)
(0.607872 4.5643e-17 1.77331e-16)
(0.612917 -1.76927e-15 2.55704e-16)
(0.612917 4.32744e-17 1.80559e-16)
(0.617893 -1.76916e-15 2.58312e-16)
(0.617893 4.02922e-17 1.83883e-16)
(0.622801 -1.76829e-15 2.60695e-16)
(0.622801 3.66268e-17 1.87421e-16)
(0.627644 -1.7676e-15 2.63258e-16)
(0.627644 3.33935e-17 1.91091e-16)
(0.632425 -1.76774e-15 2.6607e-16)
(0.632425 2.93067e-17 1.94953e-16)
(0.637146 -1.76713e-15 2.6898e-16)
(0.637146 2.70285e-17 1.9896e-16)
(0.641808 -1.76613e-15 2.71888e-16)
(0.641808 2.32433e-17 2.02923e-16)
(0.646414 -1.76517e-15 2.74908e-16)
(0.646414 1.91825e-17 2.07234e-16)
(0.650965 -1.765e-15 2.78072e-16)
(0.650965 1.85363e-17 2.11878e-16)
(0.655464 -1.76675e-15 2.81211e-16)
(0.655464 1.91056e-17 2.16506e-16)
(0.659912 -1.76834e-15 2.84574e-16)
(0.659912 1.77776e-17 2.21105e-16)
(0.66431 -1.76843e-15 2.8825e-16)
(0.66431 1.32754e-17 2.26264e-16)
(0.668661 -1.76735e-15 2.91636e-16)
(0.668661 1.1088e-17 2.31613e-16)
(0.672966 -1.76475e-15 2.95581e-16)
(0.672966 6.43261e-18 2.37083e-16)
(0.677227 -1.76137e-15 2.99542e-16)
(0.677227 -1.39144e-18 2.42821e-16)
(0.681444 -1.75842e-15 3.03512e-16)
(0.681444 -6.15489e-18 2.48738e-16)
(0.68562 -1.75246e-15 3.07872e-16)
(0.68562 -1.19002e-17 2.54592e-16)
(0.689755 -1.74881e-15 3.11835e-16)
(0.689755 -1.55125e-17 2.60697e-16)
(0.693851 -1.74748e-15 3.16152e-16)
(0.693851 -1.72328e-17 2.67328e-16)
(0.697909 -1.74735e-15 3.20509e-16)
(0.697909 -1.98523e-17 2.73781e-16)
(0.70193 -1.74746e-15 3.25179e-16)
(0.70193 -2.30535e-17 2.80579e-16)
(0.705915 -1.74692e-15 3.29868e-16)
(0.705915 -2.45374e-17 2.87422e-16)
(0.709866 -1.7464e-15 3.34714e-16)
(0.709866 -2.60384e-17 2.94819e-16)
(0.713783 -1.7446e-15 3.39866e-16)
(0.713783 -2.81872e-17 3.0244e-16)
(0.717668 -1.74229e-15 3.45057e-16)
(0.717668 -2.89113e-17 3.10524e-16)
(0.721521 -1.73971e-15 3.50456e-16)
(0.721521 -2.85988e-17 3.18402e-16)
(0.725343 -1.73681e-15 3.55934e-16)
(0.725343 -3.23451e-17 3.26442e-16)
(0.729136 -1.73257e-15 3.6203e-16)
(0.729136 -3.55697e-17 3.35343e-16)
(0.732899 -1.73044e-15 3.67499e-16)
(0.732899 -3.90075e-17 3.44448e-16)
(0.736635 -1.72839e-15 3.73757e-16)
(0.736635 -4.47226e-17 3.53721e-16)
(0.740343 -1.72567e-15 3.79623e-16)
(0.740343 -5.00948e-17 3.62765e-16)
(0.744025 -1.72241e-15 3.86109e-16)
(0.744025 -5.16209e-17 3.72654e-16)
(0.747681 -1.72121e-15 3.91734e-16)
(0.747681 -5.59656e-17 3.8302e-16)
(0.751311 -1.71958e-15 3.98807e-16)
(0.751311 -5.82093e-17 3.93586e-16)
(0.754918 -1.71328e-15 4.05866e-16)
(0.754918 -6.43029e-17 4.04497e-16)
(0.7585 -1.70927e-15 4.12865e-16)
(0.7585 -7.17095e-17 4.15776e-16)
(0.76206 -1.70441e-15 4.16895e-16)
(0.76206 -7.93669e-17 4.27265e-16)
(0.765597 -1.69692e-15 4.16913e-16)
(0.765597 -8.71653e-17 4.392e-16)
(0.769112 -1.68972e-15 4.16618e-16)
(0.769112 -1.00354e-16 4.51719e-16)
(0.772606 -1.68339e-15 4.16077e-16)
(0.772606 -1.08124e-16 4.64686e-16)
(0.776079 -1.67873e-15 4.15392e-16)
(0.776079 -1.15646e-16 4.77257e-16)
(0.779533 -1.66682e-15 4.15902e-16)
(0.779533 -1.27957e-16 4.90704e-16)
(0.782966 -1.65132e-15 4.15003e-16)
(0.782966 -1.42603e-16 5.04654e-16)
(0.78638 -1.6378e-15 4.14398e-16)
(0.78638 -1.53662e-16 5.1962e-16)
(0.789776 -1.62549e-15 4.13989e-16)
(0.789776 -1.62566e-16 5.33635e-16)
(0.793153 -1.61458e-15 4.13413e-16)
(0.793153 -1.76581e-16 5.47938e-16)
(0.796513 -1.60248e-15 4.1255e-16)
(0.796513 -1.86225e-16 5.63004e-16)
(0.799856 -1.59147e-15 4.11539e-16)
(0.799856 -1.97124e-16 5.72849e-16)
(0.803181 -1.579e-15 4.10573e-16)
(0.803181 -2.09478e-16 5.73332e-16)
(0.806491 -1.56266e-15 4.10387e-16)
(0.806491 -2.23533e-16 5.74071e-16)
(0.809784 -1.54639e-15 4.0913e-16)
(0.809784 -2.35779e-16 5.75732e-16)
(0.813061 -1.53523e-15 4.0801e-16)
(0.813061 -2.4471e-16 5.7677e-16)
(0.816324 -1.52747e-15 4.06733e-16)
(0.816324 -2.58252e-16 5.77268e-16)
(0.819571 -1.51565e-15 4.05249e-16)
(0.819571 -2.71504e-16 5.77018e-16)
(0.822804 -1.49897e-15 4.05597e-16)
(0.822804 -2.86608e-16 5.77484e-16)
(0.826023 -1.48367e-15 4.07037e-16)
(0.826023 -2.96245e-16 5.78296e-16)
(0.829227 -1.47107e-15 4.07662e-16)
(0.829227 -2.99255e-16 5.78286e-16)
(0.832419 -1.45873e-15 4.09941e-16)
(0.832419 -3.0362e-16 5.7797e-16)
(0.835596 -1.44758e-15 4.11939e-16)
(0.835596 -3.03179e-16 5.79574e-16)
(0.838761 -1.44443e-15 4.12609e-16)
(0.838761 -3.05305e-16 5.79276e-16)
(0.841914 -1.43849e-15 4.13597e-16)
(0.841914 -3.09781e-16 5.77475e-16)
(0.845054 -1.42763e-15 4.13538e-16)
(0.845054 -3.15233e-16 5.76004e-16)
(0.848181 -1.41787e-15 4.1467e-16)
(0.848181 -3.17338e-16 5.73378e-16)
(0.851297 -1.40771e-15 4.13626e-16)
(0.851297 -3.25133e-16 5.70571e-16)
(0.854402 -1.39795e-15 4.12278e-16)
(0.854402 -3.30301e-16 5.67034e-16)
(0.857495 -1.38671e-15 4.12105e-16)
(0.857495 -3.35062e-16 5.66338e-16)
(0.860576 -1.3818e-15 4.11771e-16)
(0.860576 -3.43461e-16 5.64928e-16)
(0.863647 -1.37616e-15 4.10215e-16)
(0.863647 -3.4766e-16 5.60796e-16)
(0.866708 -1.36658e-15 4.08475e-16)
(0.866708 -3.54165e-16 5.56985e-16)
(0.869757 -1.35577e-15 4.07095e-16)
(0.869757 -3.60284e-16 5.54062e-16)
(0.872797 -1.34504e-15 4.04923e-16)
(0.872797 -3.70462e-16 5.4997e-16)
(0.875826 -1.33269e-15 4.01504e-16)
(0.875826 -3.85037e-16 5.45884e-16)
(0.878845 -1.3211e-15 3.97943e-16)
(0.878845 -3.92297e-16 5.41764e-16)
(0.881855 -1.30083e-15 3.97685e-16)
(0.881855 -4.01282e-16 5.37328e-16)
(0.884855 -1.27876e-15 3.94579e-16)
(0.884855 -4.12921e-16 5.33434e-16)
(0.887845 -1.27193e-15 3.901e-16)
(0.887845 -4.12842e-16 5.28284e-16)
(0.890827 -1.26689e-15 3.813e-16)
(0.890827 -4.24229e-16 5.22557e-16)
(0.893799 -1.25935e-15 3.74448e-16)
(0.893799 -4.36806e-16 5.12874e-16)
(0.896762 -1.25131e-15 3.69098e-16)
(0.896762 -4.45062e-16 5.09307e-16)
(0.899716 -1.23866e-15 3.64785e-16)
(0.899716 -4.57769e-16 5.03608e-16)
(0.902662 -1.21884e-15 3.61614e-16)
(0.902662 -4.65797e-16 4.98715e-16)
(0.905599 -1.20294e-15 3.58695e-16)
(0.905599 -4.76434e-16 4.97345e-16)
(0.908528 -1.19061e-15 3.53978e-16)
(0.908528 -4.89491e-16 4.95747e-16)
(0.911448 -1.18089e-15 3.44501e-16)
(0.911448 -4.87276e-16 4.92141e-16)
(0.91436 -1.16918e-15 3.38022e-16)
(0.91436 -4.98467e-16 4.85688e-16)
(0.917264 -1.14659e-15 3.34828e-16)
(0.917264 -5.06502e-16 4.80938e-16)
(0.920159 -1.12615e-15 3.35977e-16)
(0.920159 -5.11626e-16 4.74458e-16)
(0.923047 -1.10842e-15 3.32877e-16)
(0.923047 -5.17986e-16 4.67929e-16)
(0.925926 -1.092e-15 3.31017e-16)
(0.925926 -5.23341e-16 4.64851e-16)
(0.928798 -1.08238e-15 3.29425e-16)
(0.928798 -5.35255e-16 4.6159e-16)
(0.931662 -1.07456e-15 3.25674e-16)
(0.931662 -5.39101e-16 4.58694e-16)
(0.934518 -1.06289e-15 3.23628e-16)
(0.934518 -5.41166e-16 4.53037e-16)
(0.937366 -1.04352e-15 3.22824e-16)
(0.937366 -5.4925e-16 4.44814e-16)
(0.940207 -1.02237e-15 3.20976e-16)
(0.940207 -5.57133e-16 4.4302e-16)
(0.94304 -1.00882e-15 3.1792e-16)
(0.94304 -5.60854e-16 4.3659e-16)
(0.945865 -9.84687e-16 3.1844e-16)
(0.945865 -5.64631e-16 4.25797e-16)
(0.948682 -9.66283e-16 3.12805e-16)
(0.948682 -5.62753e-16 4.2203e-16)
(0.951492 -9.60104e-16 3.0862e-16)
(0.951492 -5.49672e-16 4.15916e-16)
(0.954294 -9.50391e-16 3.01015e-16)
(0.954294 -5.36247e-16 4.09115e-16)
(0.957089 -9.34997e-16 3.04841e-16)
(0.957089 -5.36351e-16 3.88578e-16)
(0.959876 -9.18687e-16 3.03174e-16)
(0.959876 -5.46555e-16 3.75161e-16)
(0.962655 -9.04583e-16 3.03132e-16)
(0.962655 -5.42293e-16 3.61058e-16)
(0.965426 -8.98592e-16 2.98733e-16)
(0.965426 -5.48679e-16 3.52921e-16)
(0.96819 -8.87681e-16 2.90124e-16)
(0.96819 -5.5083e-16 3.4848e-16)
(0.970945 -8.61709e-16 2.91332e-16)
(0.970945 -5.55408e-16 3.36149e-16)
(0.973693 -8.25872e-16 2.9893e-16)
(0.973693 -5.6394e-16 3.31973e-16)
(0.976432 -8.02719e-16 2.97549e-16)
(0.976432 -5.53807e-16 3.2787e-16)
(0.979164 -7.99746e-16 2.97528e-16)
(0.979164 -5.60233e-16 3.16231e-16)
(0.981887 -8.04028e-16 2.89996e-16)
(0.981887 -5.55004e-16 3.04891e-16)
(0.984602 -7.84258e-16 2.90527e-16)
(0.984602 -5.76374e-16 2.9918e-16)
(0.987309 -7.57093e-16 3.0156e-16)
(0.987309 -6.04438e-16 3.11514e-16)
(0.990007 -7.51223e-16 3.01314e-16)
(0.990007 -6.14917e-16 3.17688e-16)
(0.992696 -7.42906e-16 3.03824e-16)
(0.992696 -6.32653e-16 3.17217e-16)
(0.995377 -7.40251e-16 3.08372e-16)
(0.995377 -6.34411e-16 3.19418e-16)
(0.998048 -7.37947e-16 3.13505e-16)
(0.998048 -6.44411e-16 3.23274e-16)
(1.00071 -7.25266e-16 3.15695e-16)
(1.00071 -6.56959e-16 3.27182e-16)
(1.00336 -7.07826e-16 3.18905e-16)
(1.00336 -6.65443e-16 3.24562e-16)
(1.00601 -7.02948e-16 3.23634e-16)
(1.00601 -6.67716e-16 3.43031e-16)
(1.00864 -6.95796e-16 3.19811e-16)
(1.00864 -6.7034e-16 3.46096e-16)
(1.01126 -6.83786e-16 3.20244e-16)
(1.01126 -6.61555e-16 3.4332e-16)
(1.01388 -6.71889e-16 3.28634e-16)
(1.01388 -6.63907e-16 3.50981e-16)
(1.01648 -6.62038e-16 3.32945e-16)
(1.01648 -6.75924e-16 3.47198e-16)
(1.01907 -6.48419e-16 3.26427e-16)
(1.01907 -6.54415e-16 3.57124e-16)
(1.02165 -6.48973e-16 3.32176e-16)
(1.02165 -6.24546e-16 3.72487e-16)
(1.02422 -6.43352e-16 3.42451e-16)
(1.02422 -5.98024e-16 3.62345e-16)
(1.02677 -6.17085e-16 3.42372e-16)
(1.02677 -5.92589e-16 3.54009e-16)
(1.02932 -6.01222e-16 3.317e-16)
(1.02932 -5.88767e-16 3.71948e-16)
(1.03185 -5.95039e-16 3.599e-16)
(1.03185 -5.94024e-16 3.58474e-16)
(1.03437 -5.74154e-16 3.57522e-16)
(1.03437 -5.70008e-16 3.33096e-16)
(1.03687 -5.53412e-16 3.73856e-16)
(1.03687 -5.32286e-16 3.50313e-16)
(1.03936 -5.40753e-16 3.6936e-16)
(1.03936 -5.42093e-16 3.55552e-16)
(1.04184 -5.14563e-16 3.68325e-16)
(1.04184 -5.21594e-16 3.36369e-16)
(1.0443 -4.96524e-16 3.5763e-16)
(1.0443 -4.94407e-16 3.20525e-16)
(1.04674 -4.8186e-16 3.38951e-16)
(1.04674 -4.9073e-16 3.3343e-16)
(1.04917 -4.6201e-16 3.18e-16)
(1.04917 -4.81088e-16 3.37575e-16)
(1.05158 -4.59704e-16 3.49829e-16)
(1.05158 -4.76487e-16 3.27718e-16)
(1.05398 -4.77603e-16 3.16845e-16)
(1.05398 -4.90893e-16 3.11231e-16)
(1.05635 -4.61152e-16 3.50651e-16)
(1.05635 -4.66691e-16 3.4521e-16)
(1.05871 -4.6618e-16 3.79603e-16)
(1.05871 -4.66973e-16 3.68389e-16)
(1.06104 -5.0635e-16 3.37628e-16)
(1.06104 -4.67728e-16 3.62289e-16)
(1.06336 -5.08659e-16 3.72155e-16)
(1.06336 -4.38089e-16 3.38269e-16)
(1.06565 -5.00161e-16 3.62711e-16)
(1.06565 -4.67726e-16 3.45081e-16)
(1.06792 -4.79726e-16 3.67072e-16)
(1.06792 -4.74109e-16 3.56646e-16)
(1.07016 -5.04333e-16 3.47152e-16)
(1.07016 -4.64896e-16 3.42654e-16)
(1.07238 -4.71034e-16 3.85426e-16)
(1.07238 -4.88205e-16 3.45943e-16)
(1.07457 -4.46482e-16 3.82246e-16)
(1.07457 -4.7222e-16 3.92129e-16)
(1.07674 -4.58906e-16 3.75273e-16)
(1.07674 -4.41682e-16 3.4461e-16)
(1.07887 -4.64328e-16 3.69223e-16)
(1.07887 -4.32603e-16 3.18808e-16)
(1.08097 -4.39491e-16 3.60779e-16)
(1.08097 -4.38454e-16 3.40512e-16)
(1.08304 -4.08587e-16 3.43179e-16)
(1.08304 -4.58342e-16 3.4744e-16)
(1.08508 -3.97061e-16 3.81947e-16)
(1.08508 -4.38827e-16 3.13269e-16)
(1.08708 -3.94446e-16 3.62057e-16)
(1.08708 -3.82997e-16 3.39062e-16)
(1.08904 -4.03147e-16 3.64557e-16)
(1.08904 -3.92729e-16 3.38967e-16)
(1.09096 -3.83518e-16 3.56772e-16)
(1.09096 -4.06953e-16 3.02099e-16)
(1.09283 -3.40249e-16 3.65364e-16)
(1.09283 -3.68321e-16 2.98165e-16)
(1.09466 -3.1449e-16 4.23504e-16)
(1.09466 -3.90629e-16 3.06548e-16)
(1.09644 -3.24871e-16 4.05648e-16)
(1.09644 -3.86353e-16 3.50117e-16)
(1.09817 -3.61425e-16 3.98837e-16)
(1.09817 -3.6738e-16 3.66307e-16)
(1.09984 -3.54141e-16 4.46744e-16)
(1.09984 -3.95825e-16 3.21982e-16)
(1.10145 -3.48222e-16 4.43168e-16)
(1.10145 -4.13661e-16 4.19163e-16)
(1.103 -3.73001e-16 3.99866e-16)
(1.103 -4.24727e-16 4.76984e-16)
(1.10448 -3.86901e-16 3.74053e-16)
(1.10448 -4.10076e-16 4.33153e-16)
(1.10588 -3.9657e-16 3.89958e-16)
(1.10588 -4.01155e-16 4.78132e-16)
(1.10721 -3.9484e-16 3.95938e-16)
(1.10721 -3.9461e-16 4.69142e-16)
(1.10846 -4.20955e-16 3.09474e-16)
(1.10846 -3.20067e-16 4.33017e-16)
(1.10961 -4.67658e-16 2.03124e-16)
(1.10961 -3.06335e-16 2.55038e-16)
(1.11067 -3.94132e-16 2.11522e-16)
(1.11067 -3.37164e-16 1.98161e-16)
(1.11163 -3.30466e-16 2.27577e-16)
(1.11163 -2.80105e-16 2.4407e-16)
(1.11247 -2.6792e-16 2.41131e-16)
(1.11247 -2.52303e-16 2.47846e-16)
(1.11319 -2.46511e-16 3.11731e-16)
(1.11319 -2.7232e-16 2.50749e-16)
(1.11379 -2.54118e-16 2.63741e-16)
(1.11379 -2.69811e-16 2.42647e-16)
(1.11426 -2.64552e-16 2.57375e-16)
(1.11426 -2.60922e-16 2.50265e-16)
(1.11457 -2.65407e-16 2.51037e-16)
(1.11457 -2.849e-16 2.62493e-16)
(1.11474 -2.58997e-16 2.67796e-16)
(1.11474 -2.5906e-16 2.79414e-16)
(0.00324219 -6.29333e-20 -3.57611e-18)
(0.00324219 -1.13853e-20 -2.2517e-18)
(0.00978587 4.57557e-19 -2.22711e-17)
(0.00978587 2.33155e-19 -2.69998e-17)
(0.0164504 8.8534e-19 -2.31034e-17)
(0.0164504 4.42647e-19 -2.80186e-17)
(0.0232381 1.43474e-18 -2.39622e-17)
(0.0232381 7.07689e-19 -2.90773e-17)
(0.0301511 1.99559e-18 -2.48483e-17)
(0.0301511 1.00029e-18 -3.01772e-17)
(0.0371917 2.5863e-18 -2.57622e-17)
(0.0371917 1.32396e-18 -3.132e-17)
(0.0443623 3.20993e-18 -2.67048e-17)
(0.0443623 1.67102e-18 -3.2507e-17)
(0.0516651 3.83907e-18 -2.76767e-17)
(0.0516651 2.01562e-18 -3.37388e-17)
(0.0591027 4.42731e-18 -2.86794e-17)
(0.0591027 2.41924e-18 -3.50178e-17)
(0.0666772 5.04453e-18 -2.97138e-17)
(0.0666772 2.85997e-18 -3.63474e-17)
(0.0743912 5.72867e-18 -3.07808e-17)
(0.0743912 3.27541e-18 -3.7726e-17)
(0.0822469 6.40644e-18 -3.18801e-17)
(0.0822469 3.77876e-18 -3.91562e-17)
(0.0902467 7.13432e-18 -3.30132e-17)
(0.0902467 4.27406e-18 -4.06374e-17)
(0.0983925 7.7837e-18 -3.41771e-17)
(0.0983925 4.77361e-18 -4.21746e-17)
(0.106687 8.34849e-18 -3.53774e-17)
(0.106687 5.37892e-18 -4.37672e-17)
(0.11513 8.99263e-18 -3.66126e-17)
(0.11513 6.0364e-18 -4.54118e-17)
(0.123725 9.74581e-18 -3.78803e-17)
(0.123725 6.66645e-18 -4.71111e-17)
(0.132473 1.05571e-17 -3.91789e-17)
(0.132473 7.35204e-18 -4.88601e-17)
(0.141373 1.13057e-17 -4.05048e-17)
(0.141373 8.12287e-18 -5.06608e-17)
(0.150425 1.21994e-17 -4.18551e-17)
(0.150425 8.81003e-18 -5.25084e-17)
(0.159629 1.3233e-17 -4.32236e-17)
(0.159629 9.5214e-18 -5.43934e-17)
(0.168981 1.43496e-17 -4.46015e-17)
(0.168981 1.02111e-17 -5.6317e-17)
(0.178479 1.54792e-17 -4.59801e-17)
(0.178479 1.08615e-17 -5.82686e-17)
(0.188118 1.65625e-17 -4.73541e-17)
(0.188118 1.15941e-17 -6.02394e-17)
(0.197891 1.78133e-17 -4.87181e-17)
(0.197891 1.22575e-17 -6.22082e-17)
(0.207789 1.91774e-17 -5.00518e-17)
(0.207789 1.2831e-17 -6.4167e-17)
(0.217802 2.04081e-17 -5.13445e-17)
(0.217802 1.37364e-17 -6.61166e-17)
(0.227919 2.14388e-17 -5.25932e-17)
(0.227919 1.47856e-17 -6.80236e-17)
(0.238125 2.2395e-17 -5.37859e-17)
(0.238125 1.58746e-17 -6.98689e-17)
(0.248403 2.36685e-17 -5.49064e-17)
(0.248403 1.6855e-17 -7.16328e-17)
(0.258735 2.48342e-17 -5.59325e-17)
(0.258735 1.78517e-17 -7.33079e-17)
(0.269103 2.57108e-17 -5.6867e-17)
(0.269103 1.91498e-17 -7.48802e-17)
(0.279486 2.69353e-17 -5.76961e-17)
(0.279486 2.0174e-17 -7.63308e-17)
(0.289863 2.83762e-17 -5.84031e-17)
(0.289863 2.12901e-17 -7.76728e-17)
(0.300212 2.98477e-17 -5.89966e-17)
(0.300212 2.28415e-17 -7.88542e-17)
(0.310513 3.14149e-17 -5.94627e-17)
(0.310513 2.39379e-17 -7.98855e-17)
(0.320744 3.32246e-17 -5.98039e-17)
(0.320744 2.48506e-17 -8.07593e-17)
(0.330888 3.49499e-17 -6.00122e-17)
(0.330888 2.62086e-17 -8.14936e-17)
(0.340927 3.60988e-17 -6.00985e-17)
(0.340927 2.73978e-17 -8.2121e-17)
(0.350845 3.7164e-17 -6.00957e-17)
(0.350845 2.87134e-17 -8.25883e-17)
(0.360629 3.84241e-17 -5.9985e-17)
(0.360629 3.04303e-17 -8.29366e-17)
(0.370266 3.97448e-17 -5.97789e-17)
(0.370266 3.13672e-17 -8.3192e-17)
(0.379747 4.12476e-17 -5.949e-17)
(0.379747 3.27451e-17 -8.33437e-17)
(0.389065 4.28058e-17 -5.91253e-17)
(0.389065 3.44474e-17 -8.34097e-17)
(0.398214 4.39531e-17 -5.87013e-17)
(0.398214 3.62263e-17 -8.33885e-17)
(0.407191 4.4833e-17 -5.8232e-17)
(0.407191 3.82824e-17 -8.33271e-17)
(0.415992 4.55919e-17 -5.77323e-17)
(0.415992 3.90747e-17 -8.32315e-17)
(0.424616 4.6712e-17 -5.71916e-17)
(0.424616 4.01326e-17 -8.30373e-17)
(0.433066 4.80722e-17 -5.65967e-17)
(0.433066 4.18969e-17 -8.28527e-17)
(0.44134 4.92988e-17 -5.59788e-17)
(0.44134 4.30525e-17 -8.27318e-17)
(0.449442 5.09612e-17 -5.53373e-17)
(0.449442 4.43754e-17 -8.25597e-17)
(0.457375 5.23206e-17 -5.46745e-17)
(0.457375 4.69528e-17 -8.23588e-17)
(0.465141 5.31014e-17 -5.39994e-17)
(0.465141 4.88033e-17 -8.2218e-17)
(0.472745 5.41751e-17 -5.33355e-17)
(0.472745 5.02707e-17 -8.20436e-17)
(0.480192 5.58724e-17 -5.81198e-17)
(0.480192 5.18695e-17 -8.18427e-17)
(0.487484 5.72329e-17 -6.47054e-17)
(0.487484 5.2597e-17 -8.16775e-17)
(0.494627 5.8611e-17 -7.12382e-17)
(0.494627 5.44722e-17 -8.14878e-17)
(0.501626 5.98115e-17 -7.77069e-17)
(0.501626 5.70421e-17 -8.1387e-17)
(0.508485 6.08308e-17 -8.41547e-17)
(0.508485 5.88115e-17 -8.13145e-17)
(0.515209 6.16947e-17 -9.0574e-17)
(0.515209 6.05222e-17 -8.12711e-17)
(0.521802 6.25034e-17 -9.69958e-17)
(0.521802 6.22507e-17 -8.11253e-17)
(0.528269 6.31217e-17 -1.03434e-16)
(0.528269 6.41819e-17 -8.10204e-17)
(0.534615 6.27177e-17 -1.09837e-16)
(0.534615 6.61373e-17 -8.09779e-17)
(0.540844 6.28111e-17 -1.16259e-16)
(0.540844 6.82921e-17 -8.10116e-17)
(0.54696 6.38519e-17 -1.22589e-16)
(0.54696 6.93409e-17 -8.10041e-17)
(0.552967 6.49116e-17 -1.2893e-16)
(0.552967 7.04711e-17 -8.10108e-17)
(0.55887 6.57139e-17 -1.35302e-16)
(0.55887 7.2651e-17 -8.11333e-17)
(0.564672 6.60627e-17 -1.41604e-16)
(0.564672 7.43758e-17 -8.13818e-17)
(0.570376 6.68117e-17 -1.47848e-16)
(0.570376 7.52577e-17 -8.14789e-17)
(0.575987 6.91557e-17 -1.54019e-16)
(0.575987 7.56328e-17 -8.14754e-17)
(0.581508 7.1072e-17 -1.60212e-16)
(0.581508 7.65184e-17 -8.15115e-17)
(0.586942 7.13792e-17 -1.66467e-16)
(0.586942 7.77912e-17 -8.1719e-17)
(0.592293 7.20503e-17 -1.72658e-16)
(0.592293 7.96099e-17 -8.19467e-17)
(0.597563 7.30726e-17 -1.78795e-16)
(0.597563 8.05557e-17 -8.21663e-17)
(0.602755 7.38221e-17 -1.84808e-16)
(0.602755 8.14007e-17 -8.24185e-17)
(0.607872 7.4837e-17 -1.90688e-16)
(0.607872 8.2123e-17 -8.24428e-17)
(0.612917 7.57394e-17 -1.96748e-16)
(0.612917 8.54189e-17 -8.24642e-17)
(0.617893 7.53389e-17 -2.02794e-16)
(0.617893 8.74691e-17 -8.29479e-17)
(0.622801 7.51514e-17 -2.08773e-16)
(0.622801 8.78504e-17 -8.33542e-17)
(0.627644 7.62725e-17 -2.14534e-16)
(0.627644 9.07399e-17 -8.34941e-17)
(0.632425 7.76209e-17 -2.20276e-16)
(0.632425 9.1593e-17 -8.35969e-17)
(0.637146 7.83988e-17 -2.26027e-16)
(0.637146 9.31257e-17 -8.38395e-17)
(0.641808 7.87207e-17 -2.31782e-16)
(0.641808 9.52086e-17 -8.43881e-17)
(0.646414 7.97133e-17 -2.37242e-16)
(0.646414 9.58251e-17 -8.47945e-17)
(0.650965 8.00659e-17 -2.42643e-16)
(0.650965 9.71091e-17 -8.48109e-17)
(0.655464 8.06156e-17 -2.48259e-16)
(0.655464 9.96478e-17 -8.48533e-17)
(0.659912 8.37132e-17 -2.53766e-16)
(0.659912 1.01146e-16 -8.52251e-17)
(0.66431 8.74749e-17 -2.58973e-16)
(0.66431 1.04604e-16 -8.54507e-17)
(0.668661 8.95685e-17 -2.64029e-16)
(0.668661 1.09098e-16 -8.56524e-17)
(0.672966 8.80345e-17 -2.68873e-16)
(0.672966 1.11013e-16 -8.60364e-17)
(0.677227 8.60909e-17 -2.7399e-16)
(0.677227 1.12802e-16 -8.71661e-17)
(0.681444 8.62399e-17 -2.79114e-16)
(0.681444 1.14443e-16 -8.81419e-17)
(0.68562 8.65701e-17 -2.84475e-16)
(0.68562 1.13739e-16 -8.9594e-17)
(0.689755 8.61502e-17 -2.90286e-16)
(0.689755 1.12183e-16 -9.0623e-17)
(0.693851 8.56881e-17 -2.95751e-16)
(0.693851 1.12711e-16 -9.16779e-17)
(0.697909 8.49085e-17 -3.01425e-16)
(0.697909 1.15338e-16 -9.31804e-17)
(0.70193 8.15187e-17 -3.06988e-16)
(0.70193 1.17162e-16 -9.42953e-17)
(0.705915 7.94799e-17 -3.12584e-16)
(0.705915 1.201e-16 -9.52127e-17)
(0.709866 8.02744e-17 -3.17985e-16)
(0.709866 1.22503e-16 -9.59511e-17)
(0.713783 8.19003e-17 -3.23023e-16)
(0.713783 1.20891e-16 -9.66932e-17)
(0.717668 8.19385e-17 -3.28004e-16)
(0.717668 1.23724e-16 -9.74306e-17)
(0.721521 8.03166e-17 -3.33485e-16)
(0.721521 1.27109e-16 -9.83233e-17)
(0.725343 8.08311e-17 -3.38998e-16)
(0.725343 1.25773e-16 -9.8738e-17)
(0.729136 8.40524e-17 -3.4416e-16)
(0.729136 1.27106e-16 -9.86559e-17)
(0.732899 8.53817e-17 -3.49648e-16)
(0.732899 1.29263e-16 -9.91511e-17)
(0.736635 8.36426e-17 -3.55207e-16)
(0.736635 1.28022e-16 -9.96028e-17)
(0.740343 8.31305e-17 -3.60894e-16)
(0.740343 1.30554e-16 -9.99859e-17)
(0.744025 8.34825e-17 -3.66077e-16)
(0.744025 1.3379e-16 -9.99411e-17)
(0.747681 8.16143e-17 -3.71448e-16)
(0.747681 1.35194e-16 -9.9894e-17)
(0.751311 7.74949e-17 -3.76204e-16)
(0.751311 1.36822e-16 -9.98957e-17)
(0.754918 7.59081e-17 -3.81352e-16)
(0.754918 1.39939e-16 -9.87158e-17)
(0.7585 7.73988e-17 -3.86068e-16)
(0.7585 1.44481e-16 -9.82628e-17)
(0.76206 8.00113e-17 -3.90756e-16)
(0.76206 1.47211e-16 -9.76269e-17)
(0.765597 8.27279e-17 -3.95107e-16)
(0.765597 1.48112e-16 -9.72094e-17)
(0.769112 8.27081e-17 -3.99549e-16)
(0.769112 1.47251e-16 -9.66979e-17)
(0.772606 8.23188e-17 -4.03701e-16)
(0.772606 1.48744e-16 -9.57256e-17)
(0.776079 8.27047e-17 -4.08027e-16)
(0.776079 1.51724e-16 -9.53009e-17)
(0.779533 8.06964e-17 -4.11615e-16)
(0.779533 1.46461e-16 -9.49378e-17)
(0.782966 8.01297e-17 -4.1574e-16)
(0.782966 1.41613e-16 -9.41871e-17)
(0.78638 8.12492e-17 -4.1895e-16)
(0.78638 1.41271e-16 -9.31088e-17)
(0.789776 8.42519e-17 -4.23703e-16)
(0.789776 1.39867e-16 -9.22084e-17)
(0.793153 8.6311e-17 -4.28512e-16)
(0.793153 1.37933e-16 -9.27423e-17)
(0.796513 8.59164e-17 -4.32853e-16)
(0.796513 1.36155e-16 -9.29277e-17)
(0.799856 8.69514e-17 -4.36357e-16)
(0.799856 1.35186e-16 -9.24872e-17)
(0.803181 8.7237e-17 -4.39859e-16)
(0.803181 1.37035e-16 -9.23116e-17)
(0.806491 8.27841e-17 -4.43246e-16)
(0.806491 1.37999e-16 -9.25899e-17)
(0.809784 8.01553e-17 -4.48372e-16)
(0.809784 1.37014e-16 -9.20843e-17)
(0.813061 8.16928e-17 -4.53294e-16)
(0.813061 1.41754e-16 -9.1309e-17)
(0.816324 8.36584e-17 -4.58617e-16)
(0.816324 1.41666e-16 -9.07299e-17)
(0.819571 8.63632e-17 -4.62423e-16)
(0.819571 1.41736e-16 -9.06329e-17)
(0.822804 8.66825e-17 -4.65486e-16)
(0.822804 1.45297e-16 -8.93765e-17)
(0.826023 8.5188e-17 -4.69771e-16)
(0.826023 1.49046e-16 -8.99802e-17)
(0.829227 8.42774e-17 -4.75188e-16)
(0.829227 1.52364e-16 -8.91583e-17)
(0.832419 8.02681e-17 -4.79058e-16)
(0.832419 1.49404e-16 -8.91039e-17)
(0.835596 7.4194e-17 -4.84521e-16)
(0.835596 1.49391e-16 -8.91177e-17)
(0.838761 7.30055e-17 -4.88486e-16)
(0.838761 1.54297e-16 -8.85453e-17)
(0.841914 7.38192e-17 -4.90308e-16)
(0.841914 1.56346e-16 -8.73235e-17)
(0.845054 7.60608e-17 -4.92358e-16)
(0.845054 1.55457e-16 -8.69514e-17)
(0.848181 7.48538e-17 -4.93171e-16)
(0.848181 1.53784e-16 -8.77087e-17)
(0.851297 6.95908e-17 -4.95107e-16)
(0.851297 1.49479e-16 -8.58123e-17)
(0.854402 6.77903e-17 -4.96752e-16)
(0.854402 1.4921e-16 -8.19832e-17)
(0.857495 6.74473e-17 -5.00772e-16)
(0.857495 1.46297e-16 -8.01405e-17)
(0.860576 6.96449e-17 -5.05451e-16)
(0.860576 1.39663e-16 -7.86407e-17)
(0.863647 7.48675e-17 -5.06469e-16)
(0.863647 1.4076e-16 -7.82021e-17)
(0.866708 7.35921e-17 -5.06114e-16)
(0.866708 1.40332e-16 -7.70176e-17)
(0.869757 6.75789e-17 -5.07131e-16)
(0.869757 1.37413e-16 -7.53078e-17)
(0.872797 5.92806e-17 -5.08604e-16)
(0.872797 1.36157e-16 -7.53889e-17)
(0.875826 5.3031e-17 -5.10898e-16)
(0.875826 1.32681e-16 -7.18602e-17)
(0.878845 5.34528e-17 -5.13043e-16)
(0.878845 1.37979e-16 -7.04026e-17)
(0.881855 4.83178e-17 -5.13373e-16)
(0.881855 1.35453e-16 -6.86208e-17)
(0.884855 4.26984e-17 -5.13812e-16)
(0.884855 1.24765e-16 -6.31657e-17)
(0.887845 4.35607e-17 -5.10281e-16)
(0.887845 1.30329e-16 -5.79806e-17)
(0.890827 4.53749e-17 -5.08993e-16)
(0.890827 1.24456e-16 -5.66669e-17)
(0.893799 5.07366e-17 -5.03471e-16)
(0.893799 1.17973e-16 -6.32534e-17)
(0.896762 5.11051e-17 -5.00113e-16)
(0.896762 1.17139e-16 -6.48902e-17)
(0.899716 5.12823e-17 -4.94278e-16)
(0.899716 1.0799e-16 -6.58784e-17)
(0.902662 4.98142e-17 -4.88416e-16)
(0.902662 1.05968e-16 -7.19668e-17)
(0.905599 4.73099e-17 -4.87509e-16)
(0.905599 1.02609e-16 -7.88729e-17)
(0.908528 4.19157e-17 -4.8727e-16)
(0.908528 9.53466e-17 -8.23436e-17)
(0.911448 3.56287e-17 -4.86115e-16)
(0.911448 9.56782e-17 -8.47458e-17)
(0.91436 3.94785e-17 -4.82205e-16)
(0.91436 9.41177e-17 -8.77659e-17)
(0.917264 4.44146e-17 -4.78068e-16)
(0.917264 8.13944e-17 -8.98604e-17)
(0.920159 4.75871e-17 -4.72727e-16)
(0.920159 7.94442e-17 -9.40383e-17)
(0.923047 4.58648e-17 -4.67078e-16)
(0.923047 8.82604e-17 -1.01905e-16)
(0.925926 4.36349e-17 -4.66118e-16)
(0.925926 8.50644e-17 -1.0929e-16)
(0.928798 3.38364e-17 -4.6545e-16)
(0.928798 8.57965e-17 -1.21769e-16)
(0.931662 2.11234e-17 -4.67067e-16)
(0.931662 8.92197e-17 -1.36781e-16)
(0.934518 1.6995e-17 -4.66962e-16)
(0.934518 8.78031e-17 -1.43e-16)
(0.937366 1.84356e-17 -4.62637e-16)
(0.937366 9.33504e-17 -1.46008e-16)
(0.940207 2.40846e-17 -4.62189e-16)
(0.940207 8.96482e-17 -1.48637e-16)
(0.94304 3.12848e-17 -4.58174e-16)
(0.94304 7.15735e-17 -1.5267e-16)
(0.945865 2.90552e-17 -4.49286e-16)
(0.945865 6.96962e-17 -1.59106e-16)
(0.948682 2.53792e-17 -4.48102e-16)
(0.948682 8.31023e-17 -1.67539e-16)
(0.951492 3.11329e-17 -4.42978e-16)
(0.951492 7.70032e-17 -1.74768e-16)
(0.954294 2.22306e-17 -4.37302e-16)
(0.954294 6.87583e-17 -1.82449e-16)
(0.957089 5.03973e-18 -4.23964e-16)
(0.957089 6.68255e-17 -1.94655e-16)
(0.959876 2.93758e-19 -4.18325e-16)
(0.959876 6.55753e-17 -2.06008e-16)
(0.962655 1.61188e-18 -4.10934e-16)
(0.962655 5.86989e-17 -2.19608e-16)
(0.965426 -7.76433e-19 -4.08599e-16)
(0.965426 5.43212e-17 -2.33262e-16)
(0.96819 -1.0766e-17 -4.07422e-16)
(0.96819 5.29763e-17 -2.46854e-16)
(0.970945 -1.44766e-17 -3.95755e-16)
(0.970945 5.111e-17 -2.58722e-16)
(0.973693 -1.40368e-17 -3.92242e-16)
(0.973693 4.8675e-17 -2.71065e-16)
(0.976432 -1.0396e-17 -3.8925e-16)
(0.976432 5.46266e-17 -2.75652e-16)
(0.979164 -2.60646e-18 -3.84126e-16)
(0.979164 4.67649e-17 -2.84765e-16)
(0.981887 9.71387e-18 -3.70612e-16)
(0.981887 4.0893e-17 -3.13188e-16)
(0.984602 1.39746e-17 -3.64634e-16)
(0.984602 2.7758e-17 -3.35264e-16)
(0.987309 1.47859e-18 -3.74105e-16)
(0.987309 2.02801e-17 -3.32782e-16)
(0.990007 -5.84749e-18 -3.82319e-16)
(0.990007 2.7049e-17 -3.37523e-16)
(0.992696 -1.13388e-17 -3.88226e-16)
(0.992696 1.69003e-17 -3.4419e-16)
(0.995377 -1.54239e-17 -3.8732e-16)
(0.995377 -6.97967e-18 -3.60299e-16)
(0.998048 -2.63479e-17 -3.84414e-16)
(0.998048 -2.16461e-17 -3.82596e-16)
(1.00071 -3.40616e-17 -3.9451e-16)
(1.00071 -2.34992e-17 -3.89334e-16)
(1.00336 -3.21717e-17 -3.93072e-16)
(1.00336 -2.07856e-18 -3.87974e-16)
(1.00601 -2.8716e-17 -4.02108e-16)
(1.00601 -1.59138e-17 -3.91491e-16)
(1.00864 -2.94595e-17 -4.13273e-16)
(1.00864 -2.3582e-17 -4.16799e-16)
(1.01126 -3.92364e-17 -4.29868e-16)
(1.01126 -4.87471e-18 -4.21962e-16)
(1.01388 -3.92844e-17 -4.41422e-16)
(1.01388 -1.5302e-17 -4.01925e-16)
(1.01648 -2.56276e-17 -4.50549e-16)
(1.01648 -6.06268e-18 -4.02175e-16)
(1.01907 -2.41546e-17 -4.48065e-16)
(1.01907 2.18257e-17 -3.86468e-16)
(1.02165 -3.25016e-17 -4.48188e-16)
(1.02165 1.15169e-17 -3.84771e-16)
(1.02422 -3.67554e-17 -4.49645e-16)
(1.02422 -1.24055e-17 -3.93292e-16)
(1.02677 -3.43514e-17 -4.41771e-16)
(1.02677 -9.56368e-18 -4.01434e-16)
(1.02932 -2.9398e-17 -4.42756e-16)
(1.02932 -3.25657e-17 -4.02897e-16)
(1.03185 -4.15229e-17 -4.22914e-16)
(1.03185 -5.43032e-17 -4.07896e-16)
(1.03437 -4.56855e-17 -4.30073e-16)
(1.03437 -4.82043e-17 -4.03289e-16)
(1.03687 -4.89876e-17 -4.16568e-16)
(1.03687 -4.76415e-17 -3.84069e-16)
(1.03936 -7.69117e-17 -4.28056e-16)
(1.03936 -6.51797e-17 -3.77777e-16)
(1.04184 -8.97307e-17 -4.28064e-16)
(1.04184 -6.50813e-17 -4.14415e-16)
(1.0443 -9.1468e-17 -4.17165e-16)
(1.0443 -5.97983e-17 -4.18611e-16)
(1.04674 -8.12151e-17 -4.22804e-16)
(1.04674 -7.71983e-17 -4.1338e-16)
(1.04917 -6.29434e-17 -4.22006e-16)
(1.04917 -8.98316e-17 -3.97615e-16)
(1.05158 -8.67289e-17 -4.01894e-16)
(1.05158 -1.06366e-16 -3.87669e-16)
(1.05398 -1.18632e-16 -4.33095e-16)
(1.05398 -1.13998e-16 -3.70473e-16)
(1.05635 -1.45068e-16 -4.25672e-16)
(1.05635 -1.08598e-16 -3.80575e-16)
(1.05871 -1.66779e-16 -4.50378e-16)
(1.05871 -1.09838e-16 -4.11175e-16)
(1.06104 -1.48152e-16 -5.06404e-16)
(1.06104 -1.1241e-16 -4.17439e-16)
(1.06336 -1.28241e-16 -4.54482e-16)
(1.06336 -1.38803e-16 -3.88944e-16)
(1.06565 -1.24142e-16 -4.37718e-16)
(1.06565 -1.84996e-16 -3.82343e-16)
(1.06792 -1.48387e-16 -4.67062e-16)
(1.06792 -1.71661e-16 -4.0068e-16)
(1.07016 -2.07728e-16 -4.87234e-16)
(1.07016 -1.26364e-16 -4.22807e-16)
(1.07238 -1.16647e-16 -4.19111e-16)
(1.07238 -1.00271e-16 -4.374e-16)
(1.07457 -1.20063e-16 -4.55458e-16)
(1.07457 -1.28453e-16 -4.19871e-16)
(1.07674 -1.47781e-16 -5.00556e-16)
(1.07674 -1.49641e-16 -4.33697e-16)
(1.07887 -1.54373e-16 -4.71725e-16)
(1.07887 -1.18825e-16 -4.3272e-16)
(1.08097 -1.12369e-16 -4.22518e-16)
(1.08097 -1.32084e-16 -4.09389e-16)
(1.08304 -1.33077e-16 -4.35845e-16)
(1.08304 -1.65668e-16 -4.16137e-16)
(1.08508 -1.31639e-16 -4.31729e-16)
(1.08508 -1.47104e-16 -4.37631e-16)
(1.08708 -1.38152e-16 -4.93344e-16)
(1.08708 -1.53656e-16 -4.12779e-16)
(1.08904 -1.51376e-16 -5.19578e-16)
(1.08904 -1.23861e-16 -4.12801e-16)
(1.09096 -1.25063e-16 -5.00267e-16)
(1.09096 -4.93131e-17 -4.08909e-16)
(1.09283 -6.08303e-17 -4.84303e-16)
(1.09283 -7.05048e-17 -4.04503e-16)
(1.09466 -2.78603e-17 -4.53872e-16)
(1.09466 -1.19432e-16 -4.03701e-16)
(1.09644 -3.15905e-17 -5.16568e-16)
(1.09644 -6.57607e-17 -3.91416e-16)
(1.09817 -5.88656e-17 -4.99076e-16)
(1.09817 -2.55744e-17 -3.87487e-16)
(1.09984 -3.65401e-17 -4.5104e-16)
(1.09984 -1.75922e-17 -3.3509e-16)
(1.10145 -3.69105e-17 -5.00808e-16)
(1.10145 -3.04197e-17 -2.49356e-16)
(1.103 -6.78928e-17 -5.15864e-16)
(1.103 -7.57561e-17 -2.15257e-16)
(1.10448 -8.00675e-17 -4.43941e-16)
(1.10448 -1.23069e-16 -1.97593e-16)
(1.10588 -1.04212e-16 -4.97438e-16)
(1.10588 -1.30718e-16 -1.78396e-16)
(1.10721 -1.36011e-16 -5.00927e-16)
(1.10721 -1.30982e-16 -1.88709e-16)
(1.10846 -1.37872e-16 -4.39825e-16)
(1.10846 -1.76194e-16 -2.12151e-16)
(1.10961 -1.51372e-16 -3.33188e-16)
(1.10961 -1.67482e-16 -2.13053e-16)
(1.11067 -1.61957e-16 -2.18329e-16)
(1.11067 -1.06844e-16 -2.39287e-16)
(1.11163 -1.50837e-16 -2.25342e-16)
(1.11163 -7.9366e-17 -2.50723e-16)
(1.11247 -1.50722e-16 -2.25446e-16)
(1.11247 -1.25698e-16 -2.68739e-16)
(1.11319 -1.23775e-16 -2.53159e-16)
(1.11319 -1.70059e-16 -2.3768e-16)
(1.11379 -1.08416e-16 -3.01403e-16)
(1.11379 -1.31814e-16 -2.46058e-16)
(1.11426 -1.08908e-16 -2.83609e-16)
(1.11426 -1.3553e-16 -2.68191e-16)
(1.11457 -1.51784e-16 -2.44736e-16)
(1.11457 -1.8014e-16 -2.52765e-16)
(1.11474 -2.07066e-16 -2.07087e-16)
(1.11474 -1.46181e-16 -2.56255e-16)
(1.11474 -2.68442e-16 2.27259e-16)
(1.11474 -2.30561e-16 2.59313e-16)
(1.11457 -2.66544e-16 1.84856e-16)
(1.11457 -2.2022e-16 2.20841e-16)
(1.11426 -2.55068e-16 1.91843e-16)
(1.11426 -2.20587e-16 1.91884e-16)
(1.11379 -2.44682e-16 1.86682e-16)
(1.11379 -2.3756e-16 2.0306e-16)
(1.11319 -2.42489e-16 1.5702e-16)
(1.11319 -1.74248e-16 1.76697e-16)
(1.11247 -2.63754e-16 1.83082e-16)
(1.11247 -2.13387e-16 1.46811e-16)
(1.11163 -2.1271e-16 1.92348e-16)
(1.11163 -2.5167e-16 1.52605e-16)
(1.11067 -2.04321e-16 1.68492e-16)
(1.11067 -2.50813e-16 1.42643e-16)
(1.10961 -2.14132e-16 1.71071e-16)
(1.10961 -2.59088e-16 1.43542e-16)
(1.10846 -1.88046e-16 1.63878e-16)
(1.10846 -2.55544e-16 1.32056e-16)
(1.10721 -2.20359e-16 1.18891e-16)
(1.10721 -2.34728e-16 1.6095e-16)
(1.10588 -2.56004e-16 1.32294e-16)
(1.10588 -1.94852e-16 1.41177e-16)
(1.10448 -2.4577e-16 1.30598e-16)
(1.10448 -1.89833e-16 1.46943e-16)
(1.103 -2.54132e-16 1.31821e-16)
(1.103 -2.1582e-16 1.36416e-16)
(1.10145 -2.03146e-16 1.73583e-16)
(1.10145 -2.33777e-16 1.3526e-16)
(1.09984 -1.71281e-16 1.3432e-16)
(1.09984 -2.12357e-16 1.44361e-16)
(1.09817 -1.75512e-16 1.24932e-16)
(1.09817 -1.62359e-16 1.24556e-16)
(1.09644 -1.62375e-16 1.09296e-16)
(1.09644 -1.51212e-16 1.40111e-16)
(1.09466 -1.71439e-16 1.0627e-16)
(1.09466 -1.74573e-16 1.24864e-16)
(1.09283 -1.68355e-16 1.18319e-16)
(1.09283 -1.56404e-16 1.20236e-16)
(1.09096 -1.79907e-16 1.13621e-16)
(1.09096 -1.77533e-16 1.05211e-16)
(1.08904 -1.54453e-16 1.06655e-16)
(1.08904 -1.85244e-16 1.05225e-16)
(1.08708 -1.37944e-16 7.68774e-17)
(1.08708 -1.5486e-16 7.16289e-17)
(1.08508 -1.49561e-16 6.69677e-17)
(1.08508 -1.081e-16 7.00412e-17)
(1.08304 -1.2612e-16 7.62596e-17)
(1.08304 -1.18341e-16 6.18577e-17)
(1.08097 -9.81261e-17 7.68591e-17)
(1.08097 -1.36427e-16 6.7181e-17)
(1.07887 -8.60403e-17 1.22524e-16)
(1.07887 -1.46172e-16 7.40457e-17)
(1.07674 -1.06187e-16 1.16941e-16)
(1.07674 -1.45554e-16 9.39762e-17)
(1.07457 -1.54093e-16 7.30783e-17)
(1.07457 -1.45849e-16 6.89412e-17)
(1.07238 -1.54501e-16 5.28696e-17)
(1.07238 -1.489e-16 4.15428e-17)
(1.07016 -1.49919e-16 5.46768e-17)
(1.07016 -1.37073e-16 3.98207e-17)
(1.06792 -1.60875e-16 2.90906e-17)
(1.06792 -1.30143e-16 5.57873e-17)
(1.06565 -1.59282e-16 7.07903e-17)
(1.06565 -1.46056e-16 4.53223e-17)
(1.06336 -1.13635e-16 7.71175e-17)
(1.06336 -1.622e-16 5.80631e-17)
(1.06104 -1.74391e-16 4.29878e-17)
(1.06104 -1.85643e-16 7.25313e-17)
(1.05871 -1.7836e-16 4.41171e-17)
(1.05871 -2.01412e-16 6.02746e-17)
(1.05635 -1.70024e-16 5.64845e-17)
(1.05635 -1.90842e-16 5.93835e-17)
(1.05398 -1.80746e-16 4.35392e-17)
(1.05398 -1.76431e-16 8.92387e-17)
(1.05158 -1.65751e-16 5.55465e-17)
(1.05158 -1.57529e-16 8.4722e-17)
(1.04917 -1.52656e-16 7.08983e-17)
(1.04917 -1.97608e-16 7.26763e-17)
(1.04674 -1.38365e-16 6.14462e-17)
(1.04674 -1.43803e-16 5.64992e-17)
(1.0443 -1.34667e-16 4.5078e-17)
(1.0443 -1.36711e-16 4.8036e-17)
(1.04184 -1.2506e-16 4.87797e-17)
(1.04184 -1.42625e-16 4.02955e-17)
(1.03936 -1.15098e-16 4.97101e-17)
(1.03936 -1.3604e-16 5.31979e-17)
(1.03687 -1.26056e-16 2.95924e-17)
(1.03687 -1.233e-16 5.48992e-17)
(1.03437 -1.34858e-16 2.10196e-17)
(1.03437 -1.09192e-16 4.1351e-17)
(1.03185 -1.14956e-16 2.5197e-17)
(1.03185 -1.02227e-16 4.21846e-17)
(1.02932 -1.17778e-16 2.29852e-17)
(1.02932 -1.17471e-16 5.31434e-17)
(1.02677 -9.04537e-17 2.28702e-17)
(1.02677 -1.23331e-16 5.31179e-17)
(1.02422 -8.38356e-17 2.10165e-17)
(1.02422 -1.25514e-16 7.44831e-17)
(1.02165 -7.77499e-17 3.89905e-17)
(1.02165 -1.21116e-16 7.37301e-17)
(1.01907 -1.26168e-16 2.49856e-17)
(1.01907 -7.80655e-17 9.36733e-17)
(1.01648 -1.07429e-16 2.75623e-17)
(1.01648 -7.02637e-17 8.32101e-17)
(1.01388 -8.93327e-17 3.55946e-17)
(1.01388 -9.83227e-17 6.36571e-17)
(1.01126 -8.18826e-17 1.21276e-17)
(1.01126 -7.91741e-17 6.93461e-17)
(1.00864 -7.45638e-17 5.13433e-18)
(1.00864 -8.43686e-17 7.79882e-17)
(1.00601 -5.94346e-17 2.0474e-17)
(1.00601 -8.79152e-17 9.44878e-17)
(1.00336 -7.88979e-17 1.81495e-17)
(1.00336 -5.40655e-17 1.02956e-16)
(1.00071 -7.21912e-17 2.28783e-17)
(1.00071 -4.47639e-17 8.08987e-17)
(0.998048 -6.12716e-17 1.09732e-17)
(0.998048 -5.47264e-17 6.50612e-17)
(0.995377 -6.03005e-17 1.55103e-17)
(0.995377 -5.25349e-17 5.87471e-17)
(0.992696 -6.73323e-17 9.84306e-18)
(0.992696 -5.37408e-17 5.89267e-17)
(0.990007 -6.63274e-17 1.83699e-17)
(0.990007 -5.4629e-17 4.85823e-17)
(0.987309 -5.20805e-17 1.89021e-17)
(0.987309 -4.75414e-17 4.1082e-17)
(0.984602 -4.54357e-17 1.42808e-17)
(0.984602 -2.63023e-17 3.36704e-17)
(0.981887 -5.48871e-17 1.43098e-17)
(0.981887 -2.20581e-17 3.57111e-17)
(0.979164 -5.10867e-17 2.29799e-17)
(0.979164 -2.88615e-17 3.91423e-17)
(0.976432 -4.94103e-17 2.98305e-17)
(0.976432 -2.93926e-17 3.26991e-17)
(0.973693 -3.47675e-17 3.18559e-17)
(0.973693 -4.04059e-17 2.61746e-17)
(0.970945 -2.58839e-17 2.79848e-17)
(0.970945 -3.97964e-17 1.93196e-17)
(0.96819 -1.69727e-17 1.90064e-17)
(0.96819 -4.31441e-17 2.32327e-17)
(0.965426 -1.94337e-17 1.42646e-17)
(0.965426 -3.68343e-17 2.22936e-17)
(0.962655 -3.93279e-17 2.12756e-17)
(0.962655 -2.42463e-17 2.11217e-17)
(0.959876 -3.84977e-17 2.34139e-17)
(0.959876 -2.91575e-17 1.88698e-17)
(0.957089 -2.98179e-17 2.3142e-17)
(0.957089 -3.98722e-17 1.84345e-17)
(0.954294 -3.2668e-17 2.12657e-17)
(0.954294 -4.24429e-17 1.6854e-17)
(0.951492 -3.06551e-17 2.52155e-17)
(0.951492 -3.95574e-17 1.5327e-17)
(0.948682 -3.51178e-17 2.54418e-17)
(0.948682 -2.92077e-17 1.2554e-17)
(0.945865 -3.91695e-17 2.00312e-17)
(0.945865 -4.3537e-17 7.19803e-18)
(0.94304 -4.39164e-17 2.033e-17)
(0.94304 -1.96675e-17 5.09877e-18)
(0.940207 -3.43349e-17 2.35172e-17)
(0.940207 -4.54203e-17 1.17405e-17)
(0.937366 -4.12985e-17 2.73589e-17)
(0.937366 -4.7719e-17 1.35704e-17)
(0.934518 -4.36192e-17 2.60322e-17)
(0.934518 -3.47283e-17 9.53824e-18)
(0.931662 -4.01819e-17 2.21305e-17)
(0.931662 -2.34629e-17 5.91747e-18)
(0.928798 -3.33644e-17 2.17652e-17)
(0.928798 -3.58846e-17 2.40748e-18)
(0.925926 -3.0781e-17 2.32331e-17)
(0.925926 -2.68085e-17 3.11181e-18)
(0.923047 -2.31768e-17 1.97355e-17)
(0.923047 -2.38465e-17 3.90966e-18)
(0.920159 -3.57848e-17 1.82592e-17)
(0.920159 -2.15559e-17 4.64892e-18)
(0.917264 -2.39284e-17 1.91632e-17)
(0.917264 -3.52004e-17 3.62596e-18)
(0.91436 -1.72111e-17 1.94662e-17)
(0.91436 -3.24932e-17 2.36159e-18)
(0.911448 -2.93774e-18 1.9355e-17)
(0.911448 -1.72747e-17 4.30757e-18)
(0.908528 -9.62612e-19 1.948e-17)
(0.908528 -2.94002e-17 5.63201e-18)
(0.905599 -5.60379e-19 1.94664e-17)
(0.905599 -2.88547e-17 3.07864e-18)
(0.902662 -2.44436e-18 1.68101e-17)
(0.902662 -3.78375e-17 1.8382e-18)
(0.899716 -4.33628e-18 1.7543e-17)
(0.899716 -2.71396e-17 2.22199e-18)
(0.896762 -4.54109e-18 1.95812e-17)
(0.896762 -3.61798e-17 3.93933e-18)
(0.893799 -6.74175e-18 1.90376e-17)
(0.893799 -3.3406e-17 5.98458e-18)
(0.890827 -5.89391e-19 1.89191e-17)
(0.890827 -3.41208e-17 7.68045e-18)
(0.887845 -5.09018e-20 2.00541e-17)
(0.887845 -3.22845e-17 1.01839e-17)
(0.884855 6.69541e-19 2.18868e-17)
(0.884855 -3.78239e-17 1.17389e-17)
(0.881855 4.17604e-18 2.14816e-17)
(0.881855 -3.47616e-17 1.41021e-17)
(0.878845 -2.58024e-18 2.05679e-17)
(0.878845 -2.59947e-17 1.60986e-17)
(0.875826 -2.41218e-18 2.09968e-17)
(0.875826 -2.10523e-17 1.60551e-17)
(0.872797 -1.55827e-17 2.19806e-17)
(0.872797 -1.91576e-17 1.50726e-17)
(0.869757 -1.61826e-17 2.19514e-17)
(0.869757 -1.63807e-17 1.37677e-17)
(0.866708 -1.66127e-17 2.14137e-17)
(0.866708 -1.73598e-17 1.21625e-17)
(0.863647 -1.80927e-17 1.84529e-17)
(0.863647 -1.95044e-17 1.01853e-17)
(0.860576 -1.74799e-17 1.73906e-17)
(0.860576 -1.43065e-17 7.69423e-18)
(0.857495 -1.25098e-17 1.88744e-17)
(0.857495 -1.50118e-17 6.27262e-18)
(0.854402 -1.13908e-17 2.04633e-17)
(0.854402 -2.10785e-17 5.84441e-18)
(0.851297 -1.10687e-17 2.20501e-17)
(0.851297 -1.88154e-17 4.92334e-18)
(0.848181 -5.76677e-18 2.39012e-17)
(0.848181 -2.02471e-17 5.04176e-18)
(0.845054 -3.19905e-18 2.43911e-17)
(0.845054 -1.78141e-17 5.77555e-18)
(0.841914 -2.90223e-18 2.46326e-17)
(0.841914 -1.60935e-17 7.26652e-18)
(0.838761 -4.25436e-18 2.4438e-17)
(0.838761 -2.39024e-17 8.74884e-18)
(0.835596 -6.15987e-18 2.25265e-17)
(0.835596 -2.29784e-17 9.45082e-18)
(0.832418 -5.89805e-18 2.10392e-17)
(0.832418 -1.96644e-17 8.84796e-18)
(0.829227 -7.44586e-18 1.93392e-17)
(0.829227 -2.2762e-17 8.76303e-18)
(0.826023 -6.84801e-18 1.92772e-17)
(0.826023 -1.87042e-17 1.04945e-17)
(0.822804 -6.06016e-18 1.88053e-17)
(0.822804 -1.77408e-17 1.2158e-17)
(0.819571 -6.51801e-18 1.77169e-17)
(0.819571 -1.67931e-17 1.23209e-17)
(0.816324 -8.91878e-18 1.75337e-17)
(0.816324 -1.3021e-17 1.20002e-17)
(0.813061 -1.03861e-17 1.73632e-17)
(0.813061 -1.32572e-17 1.32878e-17)
(0.809784 -6.32984e-18 1.74528e-17)
(0.809784 -1.37399e-17 1.36928e-17)
(0.806491 -1.8963e-18 1.71373e-17)
(0.806491 -1.63235e-17 1.47625e-17)
(0.803181 -2.27616e-18 1.55935e-17)
(0.803181 -1.94684e-17 1.59938e-17)
(0.799856 -5.08038e-18 1.45053e-17)
(0.799856 -1.81637e-17 1.68775e-17)
(0.796513 -9.53287e-19 1.34687e-17)
(0.796513 -1.63241e-17 1.80486e-17)
(0.793153 -2.12407e-18 1.25359e-17)
(0.793153 -1.66351e-17 1.93083e-17)
(0.789776 -1.20292e-18 1.21024e-17)
(0.789776 -2.09886e-17 1.99561e-17)
(0.78638 1.12772e-18 1.16313e-17)
(0.78638 -2.21195e-17 2.00241e-17)
(0.782966 7.53126e-19 1.1442e-17)
(0.782966 -1.81059e-17 2.07541e-17)
(0.779533 -1.86562e-18 1.12034e-17)
(0.779533 -1.68549e-17 2.12743e-17)
(0.776079 -2.10226e-18 1.12267e-17)
(0.776079 -1.55014e-17 2.07023e-17)
(0.772606 9.32217e-19 1.07569e-17)
(0.772606 -1.29931e-17 2.05396e-17)
(0.769112 -1.74261e-19 1.05952e-17)
(0.769112 -1.12399e-17 2.03174e-17)
(0.765597 4.15604e-19 9.96064e-18)
(0.765597 -1.06824e-17 2.04113e-17)
(0.76206 -1.14592e-17 9.22885e-18)
(0.76206 -1.07732e-17 2.0471e-17)
(0.7585 -8.83002e-18 8.92021e-18)
(0.7585 -9.16941e-18 1.96679e-17)
(0.754918 -8.57599e-18 8.70413e-18)
(0.754918 -7.75049e-18 1.9289e-17)
(0.751311 -8.56864e-18 8.22803e-18)
(0.751311 -6.66803e-18 1.89941e-17)
(0.747681 -1.18454e-17 7.89872e-18)
(0.747681 -6.57658e-18 1.85704e-17)
(0.744025 -7.36389e-18 7.62499e-18)
(0.744025 -5.46435e-18 1.7819e-17)
(0.740343 -7.03922e-18 7.17416e-18)
(0.740343 -5.75653e-18 1.74695e-17)
(0.736635 -9.62976e-18 6.64878e-18)
(0.736635 -9.38753e-18 1.74455e-17)
(0.732899 -4.75067e-18 6.61803e-18)
(0.732899 -1.10488e-17 1.67123e-17)
(0.729136 -2.59338e-18 6.39119e-18)
(0.729136 -1.2114e-17 1.67634e-17)
(0.725343 -3.29643e-18 6.1823e-18)
(0.725343 -1.07651e-17 1.67915e-17)
(0.721521 -7.11977e-18 5.91371e-18)
(0.721521 -9.88896e-18 1.66279e-17)
(0.717668 -2.08224e-18 5.80271e-18)
(0.717668 -1.18371e-17 1.65501e-17)
(0.713783 -2.80046e-18 5.94052e-18)
(0.713783 -1.2608e-17 1.64654e-17)
(0.709866 -1.93621e-18 5.86866e-18)
(0.709866 -1.06461e-17 1.62874e-17)
(0.705915 -1.59811e-18 5.816e-18)
(0.705915 -1.14835e-17 1.58985e-17)
(0.70193 -1.16836e-18 6.02301e-18)
(0.70193 -1.2884e-17 1.55811e-17)
(0.697909 -1.73333e-18 6.22454e-18)
(0.697909 -1.24271e-17 1.51675e-17)
(0.693851 -2.82818e-19 6.36661e-18)
(0.693851 -1.13106e-17 1.48218e-17)
(0.689755 -1.8213e-18 6.47426e-18)
(0.689755 -1.13005e-17 1.46978e-17)
(0.68562 -2.1011e-19 6.61057e-18)
(0.68562 -9.83661e-18 1.42769e-17)
(0.681444 -1.43405e-18 6.77342e-18)
(0.681444 -7.96384e-18 1.37453e-17)
(0.677227 -1.65792e-18 6.70185e-18)
(0.677227 -8.15707e-18 1.34906e-17)
(0.672966 -1.70454e-18 6.71887e-18)
(0.672966 -8.29882e-18 1.32594e-17)
(0.668661 -1.84367e-18 6.91788e-18)
(0.668661 -7.83825e-18 1.30196e-17)
(0.66431 -1.53405e-18 7.06125e-18)
(0.66431 -7.72882e-18 1.27912e-17)
(0.659912 -3.70006e-18 7.05208e-18)
(0.659912 -7.4057e-18 1.2524e-17)
(0.655464 -3.52829e-18 6.94556e-18)
(0.655464 -5.6759e-18 1.23992e-17)
(0.650965 -3.14088e-18 6.89066e-18)
(0.650965 -7.27536e-18 1.22576e-17)
(0.646414 -3.25299e-18 6.91958e-18)
(0.646414 -5.93345e-18 1.20249e-17)
(0.641808 -3.46113e-18 6.92619e-18)
(0.641808 -3.46711e-18 1.19164e-17)
(0.637146 -8.40312e-19 6.92823e-18)
(0.637146 -5.32324e-18 1.19263e-17)
(0.632425 -3.32079e-18 7.04708e-18)
(0.632425 -5.17649e-18 1.16022e-17)
(0.627644 -3.24264e-18 7.04511e-18)
(0.627644 -5.03658e-18 1.1197e-17)
(0.622801 -1.69873e-18 6.99697e-18)
(0.622801 -6.19213e-18 1.10001e-17)
(0.617893 -2.55581e-18 7.07342e-18)
(0.617893 -4.72946e-18 1.07928e-17)
(0.612917 -1.47944e-18 7.01254e-18)
(0.612917 -3.90528e-18 1.06988e-17)
(0.607872 -2.13177e-18 6.98536e-18)
(0.607872 -3.99053e-18 1.05718e-17)
(0.602755 -2.20026e-18 6.95358e-18)
(0.602755 -4.28556e-18 1.04249e-17)
(0.597563 -1.25238e-18 6.90234e-18)
(0.597563 -4.21871e-18 1.0255e-17)
(0.592293 -1.13088e-18 6.92045e-18)
(0.592293 -2.9526e-18 1.00591e-17)
(0.586942 -1.67501e-18 6.89237e-18)
(0.586942 -2.96386e-18 9.94699e-18)
(0.581508 -2.45628e-18 6.91221e-18)
(0.581508 -3.0687e-18 9.81568e-18)
(0.575987 -2.35072e-18 6.82908e-18)
(0.575987 -3.03851e-18 9.77815e-18)
(0.570376 -3.09447e-18 6.86321e-18)
(0.570376 -4.09925e-18 9.69916e-18)
(0.564672 -2.63002e-18 6.88438e-18)
(0.564672 -2.86547e-18 9.5698e-18)
(0.55887 -3.28032e-18 6.90527e-18)
(0.55887 -2.01091e-18 9.47428e-18)
(0.552967 -3.5516e-18 6.84539e-18)
(0.552967 -1.64287e-18 9.46511e-18)
(0.54696 -3.45082e-18 6.723e-18)
(0.54696 -1.50917e-18 9.42013e-18)
(0.540844 -3.09791e-18 6.70024e-18)
(0.540844 -1.72753e-18 9.30822e-18)
(0.534615 -2.34723e-18 6.63834e-18)
(0.534615 -1.41206e-18 9.29748e-18)
(0.528269 -2.53764e-18 6.61149e-18)
(0.528269 -2.47688e-18 9.30285e-18)
(0.521802 -1.54496e-18 6.60368e-18)
(0.521802 -2.15571e-18 9.24546e-18)
(0.515209 -1.08169e-18 6.60691e-18)
(0.515209 -7.54431e-19 9.24811e-18)
(0.508485 -1.32807e-18 6.57743e-18)
(0.508485 -7.41293e-19 9.27457e-18)
(0.501626 -1.6747e-18 6.52159e-18)
(0.501626 -1.03852e-18 9.25699e-18)
(0.494627 -1.02864e-18 6.50951e-18)
(0.494627 -1.25267e-18 9.21679e-18)
(0.487484 -5.71245e-19 6.53506e-18)
(0.487484 -1.34331e-18 9.20636e-18)
(0.480192 -5.70434e-19 6.55604e-18)
(0.480192 -1.06167e-18 9.26162e-18)
(0.472745 -7.15093e-19 6.54079e-18)
(0.472745 -8.62482e-19 9.30163e-18)
(0.465141 -1.14557e-18 6.55415e-18)
(0.465141 -5.34783e-19 9.29605e-18)
(0.457375 -1.7899e-18 6.54096e-18)
(0.457375 -2.85388e-19 9.30843e-18)
(0.449442 -1.96391e-18 6.54087e-18)
(0.449442 1.4883e-19 9.32867e-18)
(0.44134 -2.26221e-18 6.51399e-18)
(0.44134 8.24179e-20 9.34827e-18)
(0.433066 -2.44508e-18 6.5122e-18)
(0.433066 -3.17027e-19 9.35294e-18)
(0.424616 -2.26415e-18 6.52216e-18)
(0.424616 5.28508e-20 9.32289e-18)
(0.415992 -2.26558e-18 6.52802e-18)
(0.415992 1.93807e-19 9.30215e-18)
(0.407191 -2.03942e-18 6.55972e-18)
(0.407191 1.17563e-20 9.28926e-18)
(0.398214 -1.88119e-18 6.56217e-18)
(0.398214 1.01636e-20 9.2746e-18)
(0.389065 -2.1215e-18 6.55912e-18)
(0.389065 -1.15347e-19 9.25566e-18)
(0.379747 -2.27916e-18 6.55601e-18)
(0.379747 1.03978e-19 9.21234e-18)
(0.370266 -2.26097e-18 6.55823e-18)
(0.370266 6.43476e-19 9.16874e-18)
(0.360629 -2.25923e-18 6.5376e-18)
(0.360629 5.74519e-19 9.11995e-18)
(0.350845 -2.42352e-18 6.48497e-18)
(0.350845 4.58738e-19 9.06969e-18)
(0.340927 -2.57887e-18 6.43653e-18)
(0.340927 1.02367e-18 8.99691e-18)
(0.330888 -2.37161e-18 6.39149e-18)
(0.330888 1.05393e-18 8.91246e-18)
(0.320744 -2.06716e-18 6.324e-18)
(0.320744 9.94012e-19 8.80412e-18)
(0.310513 -1.79549e-18 6.24887e-18)
(0.310513 9.95842e-19 8.70209e-18)
(0.300212 -1.69204e-18 6.17071e-18)
(0.300212 1.1507e-18 8.59185e-18)
(0.289863 -1.96534e-18 6.06734e-18)
(0.289863 1.31722e-18 8.46293e-18)
(0.279486 -1.62222e-18 5.94737e-18)
(0.279486 1.06279e-18 8.30327e-18)
(0.269103 -1.38886e-18 5.82698e-18)
(0.269103 1.0354e-18 8.12919e-18)
(0.258735 -1.19265e-18 5.69007e-18)
(0.258735 1.13191e-18 7.95122e-18)
(0.248403 -9.62327e-19 5.56253e-18)
(0.248403 8.71591e-19 7.76e-18)
(0.238125 -7.33384e-19 5.42218e-18)
(0.238125 4.1464e-19 7.57284e-18)
(0.227919 -6.78614e-19 5.27498e-18)
(0.227919 4.57341e-19 7.37442e-18)
(0.217802 -6.47878e-19 5.12736e-18)
(0.217802 4.72287e-19 7.17186e-18)
(0.207789 -6.15022e-19 4.98038e-18)
(0.207789 3.25463e-19 6.96486e-18)
(0.197891 -6.22482e-19 4.82683e-18)
(0.197891 3.00302e-19 6.75088e-18)
(0.188118 -6.52085e-19 4.67277e-18)
(0.188118 2.60052e-19 6.53108e-18)
(0.178479 -5.72595e-19 4.52126e-18)
(0.178479 2.69051e-19 6.31414e-18)
(0.168981 -4.86827e-19 4.37488e-18)
(0.168981 2.49352e-19 6.10373e-18)
(0.159629 -5.52399e-19 4.22805e-18)
(0.159629 1.96756e-19 5.90217e-18)
(0.150425 -3.69056e-19 4.08179e-18)
(0.150425 1.21874e-19 5.6993e-18)
(0.141373 -3.27922e-19 3.9389e-18)
(0.141373 1.59572e-19 5.50316e-18)
(0.132473 -4.32406e-19 3.80022e-18)
(0.132473 2.06458e-19 5.31445e-18)
(0.123725 -3.33049e-19 3.66739e-18)
(0.123725 1.03476e-19 5.12692e-18)
(0.11513 -2.82402e-19 3.53631e-18)
(0.11513 7.1705e-20 4.94473e-18)
(0.106687 -2.39184e-19 3.41e-18)
(0.106687 6.10612e-20 4.76966e-18)
(0.0983925 -2.83559e-19 3.28777e-18)
(0.0983925 5.03308e-20 4.59913e-18)
(0.0902467 -2.8484e-19 3.17074e-18)
(0.0902467 6.30479e-20 4.43116e-18)
(0.082247 -2.33357e-19 3.05652e-18)
(0.082247 8.20992e-20 4.26727e-18)
(0.0743912 -1.99859e-19 2.94691e-18)
(0.0743912 1.10086e-19 4.11258e-18)
(0.0666772 -2.06233e-19 2.84131e-18)
(0.0666772 1.02302e-19 3.96247e-18)
(0.0591027 -1.32353e-19 2.73878e-18)
(0.0591027 8.36799e-20 3.81738e-18)
(0.0516651 -1.01444e-19 2.63971e-18)
(0.0516651 5.6761e-20 3.67793e-18)
(0.0443623 -8.39753e-20 2.54454e-18)
(0.0443623 4.65117e-20 3.54375e-18)
(0.0371917 -5.72087e-20 2.45246e-18)
(0.0371917 3.10768e-20 3.41547e-18)
(0.0301511 -2.82361e-20 2.3637e-18)
(0.0301511 9.5983e-21 3.29153e-18)
(0.0232381 -1.93684e-20 2.27836e-18)
(0.0232381 6.3604e-21 3.17202e-18)
(0.0164504 -7.88812e-21 2.19598e-18)
(0.0164504 -4.61831e-22 3.05692e-18)
(0.00978589 -4.64276e-21 2.11647e-18)
(0.00978589 5.72217e-21 2.94625e-18)
(0.0032422 -1.88509e-21 1.76496e-19)
(0.0032422 -2.55954e-21 7.16616e-19)
(1.11474 -1.9641e-16 -2.70112e-16)
(1.11474 -1.74031e-16 -2.39686e-16)
(1.11457 -1.81752e-16 -2.21635e-16)
(1.11457 -1.61912e-16 -2.21211e-16)
(1.11426 -2.05508e-16 -2.03375e-16)
(1.11426 -1.8765e-16 -2.39993e-16)
(1.11379 -1.92511e-16 -2.45819e-16)
(1.11379 -2.36056e-16 -2.05458e-16)
(1.11319 -2.37872e-16 -1.73015e-16)
(1.11319 -2.19008e-16 -1.62275e-16)
(1.11247 -2.28216e-16 -1.7262e-16)
(1.11247 -2.12934e-16 -1.72009e-16)
(1.11163 -2.42212e-16 -1.85482e-16)
(1.11163 -2.2445e-16 -1.63572e-16)
(1.11067 -2.09224e-16 -1.61953e-16)
(1.11067 -2.38707e-16 -1.5172e-16)
(1.10961 -2.02426e-16 -1.57051e-16)
(1.10961 -2.24179e-16 -1.36218e-16)
(1.10846 -1.88494e-16 -1.44277e-16)
(1.10846 -2.18768e-16 -1.32049e-16)
(1.10721 -2.47896e-16 -1.23936e-16)
(1.10721 -2.35835e-16 -1.20414e-16)
(1.10588 -2.94578e-16 -1.61374e-16)
(1.10588 -2.06455e-16 -1.40367e-16)
(1.10448 -1.92954e-16 -1.54232e-16)
(1.10448 -1.73064e-16 -1.58728e-16)
(1.103 -1.93517e-16 -1.45493e-16)
(1.103 -1.86701e-16 -1.55821e-16)
(1.10145 -1.85594e-16 -1.4342e-16)
(1.10145 -1.82065e-16 -1.46647e-16)
(1.09984 -1.99939e-16 -1.16131e-16)
(1.09984 -1.89175e-16 -1.32071e-16)
(1.09817 -1.96186e-16 -1.1694e-16)
(1.09817 -1.68749e-16 -1.34007e-16)
(1.09644 -1.81264e-16 -1.05132e-16)
(1.09644 -1.78752e-16 -1.39061e-16)
(1.09466 -1.53519e-16 -1.34963e-16)
(1.09466 -2.17129e-16 -1.11509e-16)
(1.09283 -1.30659e-16 -1.12217e-16)
(1.09283 -2.03572e-16 -8.07091e-17)
(1.09096 -1.62622e-16 -8.62288e-17)
(1.09096 -1.55201e-16 -9.56041e-17)
(1.08904 -1.68972e-16 -7.88951e-17)
(1.08904 -1.61412e-16 -8.23343e-17)
(1.08708 -1.55039e-16 -8.46304e-17)
(1.08708 -1.41561e-16 -1.0309e-16)
(1.08508 -1.5678e-16 -6.94808e-17)
(1.08508 -1.11235e-16 -8.51027e-17)
(1.08304 -1.75057e-16 -6.59146e-17)
(1.08304 -1.44563e-16 -8.48181e-17)
(1.08097 -1.5485e-16 -8.63613e-17)
(1.08097 -1.26787e-16 -6.74079e-17)
(1.07887 -1.33371e-16 -8.27744e-17)
(1.07887 -1.49706e-16 -5.51983e-17)
(1.07674 -1.30512e-16 -8.22562e-17)
(1.07674 -1.81424e-16 -7.56125e-17)
(1.07457 -1.38256e-16 -5.96766e-17)
(1.07457 -1.8572e-16 -7.05394e-17)
(1.07238 -1.49747e-16 -6.74825e-17)
(1.07238 -1.41963e-16 -7.47492e-17)
(1.07016 -2.08333e-16 -4.40249e-17)
(1.07016 -1.25611e-16 -6.55609e-17)
(1.06792 -1.35563e-16 -4.47941e-17)
(1.06792 -1.71477e-16 -4.41714e-17)
(1.06565 -1.48094e-16 -4.74221e-17)
(1.06565 -1.67346e-16 -5.47383e-17)
(1.06336 -1.64227e-16 -3.95945e-17)
(1.06336 -1.65712e-16 -4.16908e-17)
(1.06104 -9.89681e-17 -3.56206e-17)
(1.06104 -1.48507e-16 -3.25683e-17)
(1.05871 -1.14976e-16 -3.97615e-17)
(1.05871 -1.56813e-16 -6.55848e-17)
(1.05635 -1.22604e-16 -3.50528e-17)
(1.05635 -1.30444e-16 -4.6402e-17)
(1.05398 -1.2443e-16 -1.59673e-17)
(1.05398 -1.15021e-16 -7.25517e-17)
(1.05158 -1.1269e-16 -3.60642e-17)
(1.05158 -1.09521e-16 -8.35365e-17)
(1.04917 -9.65336e-17 -7.29081e-17)
(1.04917 -1.53075e-16 -7.26364e-17)
(1.04674 -1.26861e-16 -5.79349e-17)
(1.04674 -1.22259e-16 -8.5007e-17)
(1.0443 -1.16782e-16 -4.07341e-17)
(1.0443 -9.98837e-17 -7.3045e-17)
(1.04184 -1.2e-16 -3.28345e-17)
(1.04184 -1.11646e-16 -5.04069e-17)
(1.03936 -1.22549e-16 -3.34452e-17)
(1.03936 -1.52994e-16 -5.20679e-17)
(1.03687 -1.16625e-16 -2.37124e-17)
(1.03687 -1.32482e-16 -4.80322e-17)
(1.03437 -1.06949e-16 -1.5234e-17)
(1.03437 -1.23412e-16 -5.78419e-17)
(1.03185 -8.89582e-17 -2.17094e-17)
(1.03185 -1.02869e-16 -7.51712e-17)
(1.02932 -8.43625e-17 -3.34081e-17)
(1.02932 -1.36249e-16 -7.96034e-17)
(1.02677 -1.19616e-16 -2.86159e-17)
(1.02677 -8.87978e-17 -9.71331e-17)
(1.02422 -8.08537e-17 -4.47926e-17)
(1.02422 -1.41832e-16 -7.57285e-17)
(1.02165 -5.00534e-17 -5.3622e-17)
(1.02165 -8.90337e-17 -7.19738e-17)
(1.01907 -4.91231e-17 -4.31829e-17)
(1.01907 -5.6549e-17 -8.54077e-17)
(1.01648 -6.39726e-17 -5.19592e-17)
(1.01648 -6.74976e-17 -7.45374e-17)
(1.01388 -9.86211e-17 -3.77873e-17)
(1.01388 -8.53136e-17 -8.8976e-17)
(1.01126 -1.00379e-16 -5.13452e-17)
(1.01126 -8.47537e-17 -7.38448e-17)
(1.00864 -9.59517e-17 -4.41622e-17)
(1.00864 -7.58411e-17 -7.87889e-17)
(1.00601 -1.01192e-16 -5.39499e-17)
(1.00601 -7.62542e-17 -8.54514e-17)
(1.00336 -9.19455e-17 -5.4694e-17)
(1.00336 -5.99076e-17 -7.60824e-17)
(1.00071 -9.65924e-17 -4.25269e-17)
(1.00071 -5.75717e-17 -6.89575e-17)
(0.998048 -9.32004e-17 -3.32889e-17)
(0.998048 -5.68562e-17 -5.73655e-17)
(0.995377 -7.55829e-17 -2.97486e-17)
(0.995377 -5.19997e-17 -3.82682e-17)
(0.992696 -7.12027e-17 -2.82325e-17)
(0.992696 -5.21073e-17 -4.24358e-17)
(0.990007 -6.37643e-17 -2.45827e-17)
(0.990007 -6.34054e-17 -4.3342e-17)
(0.987309 -4.04538e-17 -2.02841e-17)
(0.987309 -6.03437e-17 -4.01746e-17)
(0.984602 -3.02136e-17 -2.05885e-17)
(0.984602 -3.85457e-17 -4.87879e-17)
(0.981887 -2.72607e-17 -2.57127e-17)
(0.981887 -4.03632e-17 -5.48707e-17)
(0.979164 -3.03333e-17 -2.73658e-17)
(0.979164 -2.44922e-17 -6.42198e-17)
(0.976432 -3.37352e-17 -2.5144e-17)
(0.976432 -3.3696e-17 -6.37955e-17)
(0.973693 -3.72733e-17 -2.32851e-17)
(0.973693 -4.49816e-17 -6.35258e-17)
(0.970945 -3.57581e-17 -2.28539e-17)
(0.970945 -6.36823e-17 -6.18904e-17)
(0.96819 -4.09164e-17 -1.54301e-17)
(0.96819 -4.87859e-17 -5.63336e-17)
(0.965426 -5.4974e-17 -1.21888e-17)
(0.965426 -5.1644e-17 -4.31191e-17)
(0.962655 -4.57677e-17 -1.39148e-17)
(0.962655 -5.09134e-17 -4.21306e-17)
(0.959876 -4.49599e-17 -1.91267e-17)
(0.959876 -5.22435e-17 -4.31478e-17)
(0.957089 -3.99796e-17 -1.98926e-17)
(0.957089 -6.18311e-17 -4.5827e-17)
(0.954294 -3.65513e-17 -1.89882e-17)
(0.954294 -4.75349e-17 -4.26862e-17)
(0.951492 -3.74091e-17 -2.14396e-17)
(0.951492 -3.38522e-17 -3.9539e-17)
(0.948682 -3.86866e-17 -1.97137e-17)
(0.948682 -4.74523e-17 -3.72691e-17)
(0.945865 -4.45576e-17 -1.61128e-17)
(0.945865 -4.42784e-17 -3.57152e-17)
(0.94304 -3.20908e-17 -2.1679e-17)
(0.94304 -3.63739e-17 -3.86707e-17)
(0.940207 -3.27223e-17 -2.73838e-17)
(0.940207 -3.77191e-17 -4.07542e-17)
(0.937366 -4.85765e-17 -2.65806e-17)
(0.937366 -5.2392e-17 -3.94735e-17)
(0.934518 -3.95119e-17 -2.21052e-17)
(0.934518 -2.87295e-17 -3.34727e-17)
(0.931662 -3.89015e-17 -1.63714e-17)
(0.931662 -2.81082e-17 -2.36141e-17)
(0.928798 -3.14325e-17 -1.55132e-17)
(0.928798 -2.69845e-17 -1.92984e-17)
(0.925926 -4.13626e-17 -1.47103e-17)
(0.925926 -2.59261e-17 -2.09246e-17)
(0.923047 -3.91581e-17 -1.54814e-17)
(0.923047 -3.18352e-17 -1.69711e-17)
(0.920159 -4.23946e-17 -1.33496e-17)
(0.920159 -3.71586e-17 -1.76737e-17)
(0.917264 -4.89391e-17 -1.33108e-17)
(0.917264 -3.64054e-17 -1.98176e-17)
(0.91436 -3.89233e-17 -1.27207e-17)
(0.91436 -3.41203e-17 -1.92502e-17)
(0.911448 -4.42191e-17 -1.15818e-17)
(0.911448 -3.45238e-17 -1.85616e-17)
(0.908528 -4.41673e-17 -8.17334e-18)
(0.908528 -4.06025e-17 -1.8137e-17)
(0.905599 -3.4452e-17 -7.33682e-18)
(0.905599 -4.12108e-17 -1.8349e-17)
(0.902662 -2.36564e-17 -6.18115e-18)
(0.902662 -4.66389e-17 -1.95488e-17)
(0.899716 -1.76961e-17 -3.16037e-18)
(0.899716 -4.34209e-17 -1.98006e-17)
(0.896762 -2.16469e-17 -4.51189e-18)
(0.896762 -2.63064e-17 -2.21435e-17)
(0.893799 -2.92138e-17 -3.77626e-18)
(0.893799 -3.95061e-17 -2.43905e-17)
(0.890827 -3.32784e-17 -3.17628e-18)
(0.890827 -3.5165e-17 -2.12911e-17)
(0.887845 -2.58905e-17 -3.53258e-18)
(0.887845 -3.34927e-17 -2.39485e-17)
(0.884855 -2.36378e-17 -5.08478e-18)
(0.884855 -4.03908e-17 -2.47412e-17)
(0.881855 -1.16523e-17 -6.97629e-18)
(0.881855 -3.2442e-17 -2.50265e-17)
(0.878845 -9.03412e-18 -6.81228e-18)
(0.878845 -2.7377e-17 -2.69435e-17)
(0.875826 -1.54765e-17 -4.72854e-18)
(0.875826 -3.26674e-17 -2.79803e-17)
(0.872797 -2.38987e-17 -3.57555e-18)
(0.872797 -3.13946e-17 -2.73581e-17)
(0.869757 -2.66702e-17 -3.1375e-18)
(0.869757 -2.25692e-17 -2.7087e-17)
(0.866708 -2.56499e-17 -3.58766e-18)
(0.866708 -2.62129e-17 -2.59863e-17)
(0.863647 -1.90163e-17 -3.10151e-18)
(0.863647 -3.14308e-17 -2.22767e-17)
(0.860576 -1.1515e-17 -3.53386e-18)
(0.860576 -2.82613e-17 -1.939e-17)
(0.857495 -6.53049e-18 -3.48629e-18)
(0.857495 -3.2691e-17 -2.10714e-17)
(0.854402 -3.95967e-18 -3.37745e-18)
(0.854402 -3.06644e-17 -2.15869e-17)
(0.851297 -2.53045e-18 -3.10926e-18)
(0.851297 -2.51935e-17 -2.2153e-17)
(0.848181 -2.25358e-18 -4.0853e-18)
(0.848181 -2.75555e-17 -2.34933e-17)
(0.845054 -2.596e-18 -4.32204e-18)
(0.845054 -2.31162e-17 -2.45628e-17)
(0.841914 -5.69159e-18 -5.25057e-18)
(0.841914 -1.38192e-17 -2.51816e-17)
(0.838761 -1.15602e-17 -4.50012e-18)
(0.838761 -2.20088e-17 -2.54213e-17)
(0.835596 -1.17343e-17 -3.73417e-18)
(0.835596 -1.44247e-17 -2.42913e-17)
(0.832418 -1.70838e-17 -3.29986e-18)
(0.832418 -1.23683e-17 -2.3774e-17)
(0.829227 -1.8242e-17 -3.39453e-18)
(0.829227 -1.80009e-17 -2.34755e-17)
(0.826023 -2.20839e-17 -3.05801e-18)
(0.826023 -1.60571e-17 -2.44929e-17)
(0.822804 -2.09617e-17 -2.37981e-18)
(0.822804 -1.88264e-17 -2.47592e-17)
(0.819571 -2.04164e-17 -1.84788e-18)
(0.819571 -1.95564e-17 -2.44425e-17)
(0.816324 -1.61842e-17 -1.79787e-18)
(0.816324 -1.86446e-17 -2.52212e-17)
(0.813061 -1.69811e-17 -2.20904e-18)
(0.813061 -2.07954e-17 -2.64703e-17)
(0.809784 -2.02282e-17 -2.3181e-18)
(0.809784 -1.38632e-17 -2.70232e-17)
(0.806491 -2.03764e-17 -2.54459e-18)
(0.806491 -2.11876e-17 -2.65157e-17)
(0.803181 -1.85402e-17 -2.48232e-18)
(0.803181 -1.4507e-17 -2.59343e-17)
(0.799856 -1.89052e-17 -2.3698e-18)
(0.799856 -1.46571e-17 -2.6461e-17)
(0.796513 -1.87869e-17 -3.38346e-18)
(0.796513 -1.37059e-17 -2.6808e-17)
(0.793153 -1.62987e-17 -4.06459e-18)
(0.793153 -1.57486e-17 -2.63822e-17)
(0.789776 -1.14906e-17 -3.6106e-18)
(0.789776 -2.35178e-17 -2.60874e-17)
(0.78638 -1.13086e-17 -3.05669e-18)
(0.78638 -1.80876e-17 -2.5335e-17)
(0.782966 -1.19482e-17 -2.42254e-18)
(0.782966 -1.69986e-17 -2.55726e-17)
(0.779533 -5.48049e-18 -2.41611e-18)
(0.779533 -1.80503e-17 -2.58055e-17)
(0.776079 -5.92449e-18 -2.0664e-18)
(0.776079 -1.29285e-17 -2.59534e-17)
(0.772606 -1.60826e-18 -2.09672e-18)
(0.772606 -6.13946e-18 -2.54207e-17)
(0.769112 -3.7144e-18 -1.60488e-18)
(0.769112 -2.19024e-18 -2.51312e-17)
(0.765597 -4.13852e-18 -1.60249e-18)
(0.765597 -1.98444e-18 -2.40964e-17)
(0.76206 -6.49573e-19 -1.21237e-18)
(0.76206 -4.11262e-18 -2.25553e-17)
(0.7585 3.11452e-18 -1.12477e-18)
(0.7585 -3.82508e-18 -2.25068e-17)
(0.754918 1.14977e-18 -1.31244e-18)
(0.754918 -1.67364e-18 -2.27494e-17)
(0.751311 -1.77475e-18 -1.56384e-18)
(0.751311 -2.11459e-18 -2.15498e-17)
(0.747681 -1.71419e-18 -1.14655e-18)
(0.747681 1.10019e-19 -2.06146e-17)
(0.744025 -1.78105e-18 -1.00769e-18)
(0.744025 3.19317e-18 -1.95243e-17)
(0.740343 -4.7694e-18 -1.22342e-18)
(0.740343 1.81743e-18 -1.90955e-17)
(0.736635 -7.17046e-18 -1.8339e-18)
(0.736635 8.77855e-19 -1.79226e-17)
(0.732899 -4.97558e-18 -1.76158e-18)
(0.732899 1.89635e-19 -1.67061e-17)
(0.729136 -3.26059e-18 -1.93246e-18)
(0.729136 -2.3058e-18 -1.61733e-17)
(0.725343 -3.56902e-18 -1.96413e-18)
(0.725343 -3.16177e-18 -1.59741e-17)
(0.721521 -3.77558e-18 -1.81148e-18)
(0.721521 -3.28413e-18 -1.60355e-17)
(0.717668 -4.16756e-18 -1.67529e-18)
(0.717668 -2.49558e-18 -1.61905e-17)
(0.713783 -4.79414e-18 -1.32834e-18)
(0.713783 -7.65031e-18 -1.60526e-17)
(0.709866 -6.77447e-18 -1.22454e-18)
(0.709866 -3.45741e-18 -1.57167e-17)
(0.705915 -9.72935e-18 -8.43549e-19)
(0.705915 -2.6602e-18 -1.55647e-17)
(0.70193 -1.11081e-17 -6.97416e-19)
(0.70193 -3.45294e-18 -1.48886e-17)
(0.697909 -1.30435e-17 -5.94778e-19)
(0.697909 -3.08173e-18 -1.43426e-17)
(0.693851 -1.36426e-17 -6.53513e-19)
(0.693851 -3.25775e-18 -1.39498e-17)
(0.689755 -1.27038e-17 -8.57059e-19)
(0.689755 -2.85224e-18 -1.35944e-17)
(0.68562 -1.24077e-17 -9.79231e-19)
(0.68562 -3.98197e-18 -1.30535e-17)
(0.681444 -1.24917e-17 -1.00252e-18)
(0.681444 -4.11605e-18 -1.23994e-17)
(0.677227 -1.32279e-17 -1.17251e-18)
(0.677227 -4.22149e-18 -1.17745e-17)
(0.672966 -1.2021e-17 -1.25173e-18)
(0.672966 -4.84114e-18 -1.1187e-17)
(0.668661 -1.29183e-17 -1.49644e-18)
(0.668661 -4.47962e-18 -1.05723e-17)
(0.66431 -1.2856e-17 -1.91211e-18)
(0.66431 -5.3522e-18 -9.90055e-18)
(0.659912 -9.98045e-18 -2.02054e-18)
(0.659912 -7.04155e-18 -9.48977e-18)
(0.655464 -8.65965e-18 -2.01977e-18)
(0.655464 -5.7105e-18 -9.23541e-18)
(0.650965 -9.58498e-18 -1.9674e-18)
(0.650965 -4.87072e-18 -8.92508e-18)
(0.646414 -9.60886e-18 -2.02436e-18)
(0.646414 -5.45966e-18 -8.50455e-18)
(0.641808 -8.20602e-18 -2.07142e-18)
(0.641808 -3.97021e-18 -8.20325e-18)
(0.637146 -8.28001e-18 -2.07727e-18)
(0.637146 -6.12834e-18 -8.02851e-18)
(0.632425 -8.37925e-18 -1.9886e-18)
(0.632425 -5.32109e-18 -7.80849e-18)
(0.627644 -8.29961e-18 -1.86737e-18)
(0.627644 -5.12235e-18 -7.57965e-18)
(0.622801 -7.41691e-18 -1.94501e-18)
(0.622801 -6.2258e-18 -7.42652e-18)
(0.617893 -6.04867e-18 -1.92011e-18)
(0.617893 -6.33852e-18 -7.42962e-18)
(0.612917 -5.28043e-18 -2.02302e-18)
(0.612917 -6.02603e-18 -7.47797e-18)
(0.607872 -4.73241e-18 -2.02751e-18)
(0.607872 -5.82301e-18 -7.42459e-18)
(0.602755 -5.10507e-18 -1.98931e-18)
(0.602755 -5.67026e-18 -7.3686e-18)
(0.597563 -5.00774e-18 -1.95299e-18)
(0.597563 -4.95394e-18 -7.36481e-18)
(0.592293 -4.77388e-18 -1.87635e-18)
(0.592293 -4.78644e-18 -7.37197e-18)
(0.586942 -5.03983e-18 -1.85107e-18)
(0.586942 -4.5891e-18 -7.31726e-18)
(0.581508 -5.61325e-18 -1.78287e-18)
(0.581508 -2.96594e-18 -7.35967e-18)
(0.575987 -6.8323e-18 -1.81462e-18)
(0.575987 -2.16964e-18 -7.35769e-18)
(0.570376 -7.4777e-18 -1.87842e-18)
(0.570376 -2.58752e-18 -7.22379e-18)
(0.564672 -6.82058e-18 -1.93818e-18)
(0.564672 -1.79823e-18 -7.01606e-18)
(0.55887 -5.94011e-18 -2.03527e-18)
(0.55887 -2.1193e-18 -6.81086e-18)
(0.552967 -4.69184e-18 -2.19528e-18)
(0.552967 -2.48327e-18 -6.82318e-18)
(0.54696 -3.89626e-18 -2.32016e-18)
(0.54696 -2.27456e-18 -6.87566e-18)
(0.540844 -4.09322e-18 -2.41781e-18)
(0.540844 -2.38488e-18 -6.82579e-18)
(0.534615 -4.12869e-18 -2.53712e-18)
(0.534615 -2.391e-18 -6.8135e-18)
(0.528269 -3.96398e-18 -2.64299e-18)
(0.528269 -1.01703e-18 -6.77591e-18)
(0.521802 -4.16698e-18 -2.68534e-18)
(0.521802 -2.67544e-18 -6.77226e-18)
(0.515209 -4.08343e-18 -2.80069e-18)
(0.515209 -1.58372e-18 -6.74949e-18)
(0.508485 -3.57882e-18 -2.92429e-18)
(0.508485 -3.79318e-19 -6.73995e-18)
(0.501626 -3.21476e-18 -2.96577e-18)
(0.501626 -7.15219e-19 -6.76481e-18)
(0.494627 -3.08946e-18 -3.00224e-18)
(0.494627 -1.25124e-18 -6.75536e-18)
(0.487484 -2.744e-18 -3.06744e-18)
(0.487484 -8.47713e-19 -6.75291e-18)
(0.480192 -2.3871e-18 -3.18514e-18)
(0.480192 -1.31592e-18 -6.78916e-18)
(0.472745 -2.49837e-18 -3.28319e-18)
(0.472745 -1.28591e-18 -6.83245e-18)
(0.465141 -2.51173e-18 -3.3317e-18)
(0.465141 -1.35561e-18 -6.87451e-18)
(0.457375 -2.28993e-18 -3.40638e-18)
(0.457375 -1.42137e-18 -6.90228e-18)
(0.449442 -2.21241e-18 -3.46399e-18)
(0.449442 -7.25567e-19 -6.95918e-18)
(0.44134 -1.97877e-18 -3.52366e-18)
(0.44134 -9.41385e-19 -7.03676e-18)
(0.433066 -2.11896e-18 -3.5678e-18)
(0.433066 6.66102e-19 -7.07646e-18)
(0.424616 -2.43322e-18 -3.58083e-18)
(0.424616 -9.61699e-19 -7.08962e-18)
(0.415992 -2.53136e-18 -3.59664e-18)
(0.415992 -2.3305e-19 -7.0592e-18)
(0.407191 -2.10108e-18 -3.62398e-18)
(0.407191 4.39393e-19 -7.0273e-18)
(0.398214 -1.4675e-18 -3.65047e-18)
(0.398214 3.49886e-19 -7.05287e-18)
(0.389065 -1.11284e-18 -3.68114e-18)
(0.389065 4.8915e-19 -7.05258e-18)
(0.379747 -9.46314e-19 -3.68325e-18)
(0.379747 4.59893e-19 -7.06689e-18)
(0.370266 -9.00116e-19 -3.69281e-18)
(0.370266 2.12064e-19 -7.04627e-18)
(0.360629 -8.21157e-19 -3.70929e-18)
(0.360629 5.40903e-19 -7.029e-18)
(0.350845 -8.08328e-19 -3.72959e-18)
(0.350845 5.57003e-20 -7.00007e-18)
(0.340927 -9.59765e-19 -3.73029e-18)
(0.340927 9.64499e-19 -6.96299e-18)
(0.330888 -8.50086e-19 -3.71294e-18)
(0.330888 3.4029e-19 -6.91657e-18)
(0.320744 -7.3484e-19 -3.68454e-18)
(0.320744 4.98374e-19 -6.84943e-18)
(0.310513 -7.78579e-19 -3.66908e-18)
(0.310513 4.45269e-19 -6.76022e-18)
(0.300212 -7.05097e-19 -3.64844e-18)
(0.300212 2.99118e-19 -6.67717e-18)
(0.289863 -8.55929e-19 -3.62062e-18)
(0.289863 8.02804e-19 -6.58369e-18)
(0.279486 -1.07002e-18 -3.57437e-18)
(0.279486 1.88677e-19 -6.46162e-18)
(0.269103 -8.05287e-19 -3.51727e-18)
(0.269103 5.83136e-19 -6.3227e-18)
(0.258735 -7.73461e-19 -3.45049e-18)
(0.258735 5.28694e-19 -6.18978e-18)
(0.248403 -9.86612e-19 -3.38255e-18)
(0.248403 4.92186e-19 -6.03309e-18)
(0.238125 -1.04385e-18 -3.3185e-18)
(0.238125 3.18473e-19 -5.87328e-18)
(0.227919 -9.94111e-19 -3.24766e-18)
(0.227919 2.81961e-19 -5.70925e-18)
(0.217802 -8.42371e-19 -3.17156e-18)
(0.217802 3.21964e-19 -5.54375e-18)
(0.207789 -8.26147e-19 -3.09193e-18)
(0.207789 3.05569e-19 -5.37941e-18)
(0.197891 -7.95424e-19 -3.00687e-18)
(0.197891 1.11157e-19 -5.21337e-18)
(0.188118 -7.60485e-19 -2.91773e-18)
(0.188118 1.68595e-19 -5.04118e-18)
(0.178479 -7.12142e-19 -2.82874e-18)
(0.178479 1.70702e-19 -4.86658e-18)
(0.168981 -6.93311e-19 -2.7443e-18)
(0.168981 2.44817e-19 -4.69829e-18)
(0.159629 -5.92741e-19 -2.66279e-18)
(0.159629 1.20042e-19 -4.53683e-18)
(0.150425 -4.80567e-19 -2.57704e-18)
(0.150425 5.30079e-20 -4.37426e-18)
(0.141373 -2.28739e-19 -2.49603e-18)
(0.141373 1.52204e-19 -4.21721e-18)
(0.132473 -1.26603e-19 -2.41632e-18)
(0.132473 7.1543e-20 -4.06986e-18)
(0.123725 -2.14587e-19 -2.33434e-18)
(0.123725 1.89396e-19 -3.92254e-18)
(0.11513 -2.28286e-19 -2.25462e-18)
(0.11513 2.19361e-19 -3.77694e-18)
(0.106687 -2.4711e-19 -2.17885e-18)
(0.106687 2.00699e-19 -3.6379e-18)
(0.0983925 -2.47588e-19 -2.10447e-18)
(0.0983925 1.51434e-19 -3.50448e-18)
(0.0902467 -2.25199e-19 -2.03017e-18)
(0.0902467 1.34684e-19 -3.37536e-18)
(0.082247 -1.88878e-19 -1.95717e-18)
(0.082247 1.14578e-19 -3.25103e-18)
(0.0743912 -1.78804e-19 -1.88923e-18)
(0.0743912 9.95877e-20 -3.13248e-18)
(0.0666772 -1.70724e-19 -1.82326e-18)
(0.0666772 7.90931e-20 -3.01667e-18)
(0.0591027 -1.39463e-19 -1.75896e-18)
(0.0591027 7.1562e-20 -2.90628e-18)
(0.0516651 -1.14533e-19 -1.69649e-18)
(0.0516651 3.54354e-20 -2.79975e-18)
(0.0443623 -7.56789e-20 -1.63621e-18)
(0.0443623 3.60808e-20 -2.697e-18)
(0.0371917 -3.18374e-20 -1.57853e-18)
(0.0371917 3.35599e-20 -2.59913e-18)
(0.0301511 -2.38689e-20 -1.52228e-18)
(0.0301511 2.7225e-20 -2.50461e-18)
(0.0232381 -3.00642e-20 -1.46786e-18)
(0.0232381 3.04715e-20 -2.41313e-18)
(0.0164504 -2.40845e-20 -1.4154e-18)
(0.0164504 1.7696e-20 -2.32491e-18)
(0.00978589 -1.31616e-20 -1.36474e-18)
(0.00978589 9.03869e-21 -2.24035e-18)
(0.0032422 5.37696e-21 -2.95392e-19)
(0.0032422 -2.74192e-21 -5.63862e-19)
)
;

boundaryField
{
    walls
    {
        type            fixedValue;
        value           uniform (0 0 0);
    }
    inlet
    {
        type            cyclic;
    }
    outlet
    {
        type            cyclic;
    }
    sides
    {
        type            empty;
    }
}


// ************************************************************************* //
