/*--------------------------------*- C++ -*----------------------------------*\
| =========                 |                                                 |
| \\      /  F ield         | OpenFOAM: The Open Source CFD Toolbox           |
|  \\    /   O peration     | Version:  2106                                  |
|   \\  /    A nd           | Website:  www.openfoam.com                      |
|    \\/     M anipulation  |                                                 |
\*---------------------------------------------------------------------------*/
FoamFile
{
    version     2.0;
    format      ascii;
    arch        "LSB;label=32;scalar=64";
    class       volScalarField;
    location    "10020";
    object      alphat;
}
// * * * * * * * * * * * * * * * * * * * * * * * * * * * * * * * * * * * * * //

dimensions      [0 2 -1 0 0 0 0];

internalField   nonuniform List<scalar> 
2000
(
8.13352e-15
8.13352e-15
7.03016e-15
7.03016e-15
9.65166e-15
9.65166e-15
3.40344e-14
3.40344e-14
1.38546e-13
1.38546e-13
4.59828e-13
4.59828e-13
1.26458e-12
1.26458e-12
3.01739e-12
3.01739e-12
6.46742e-12
6.46742e-12
1.27574e-11
1.27574e-11
2.35589e-11
2.35589e-11
4.12379e-11
4.12379e-11
6.9057e-11
6.9057e-11
1.1142e-10
1.1142e-10
1.74162e-10
1.74162e-10
2.64904e-10
2.64904e-10
3.93465e-10
3.93465e-10
5.72353e-10
5.72353e-10
8.17347e-10
8.17347e-10
1.14818e-09
1.14818e-09
1.58932e-09
1.58932e-09
2.17092e-09
2.17092e-09
2.9299e-09
2.9299e-09
3.91116e-09
3.91116e-09
5.16911e-09
5.16911e-09
6.76926e-09
6.76926e-09
8.79022e-09
8.79022e-09
1.13259e-08
1.13259e-08
1.4488e-08
1.4488e-08
1.84092e-08
1.84092e-08
2.32459e-08
2.32459e-08
2.91829e-08
2.91829e-08
3.6437e-08
3.6437e-08
4.52621e-08
4.52621e-08
5.59552e-08
5.59552e-08
6.88623e-08
6.88623e-08
8.43855e-08
8.43855e-08
1.02992e-07
1.02992e-07
1.25221e-07
1.25221e-07
1.51697e-07
1.51697e-07
1.83139e-07
1.83139e-07
2.20375e-07
2.20375e-07
2.64353e-07
2.64353e-07
3.1616e-07
3.1616e-07
3.77042e-07
3.77042e-07
4.48416e-07
4.48416e-07
5.31899e-07
5.31899e-07
6.29328e-07
6.29328e-07
7.42788e-07
7.42788e-07
8.74637e-07
8.74637e-07
1.02754e-06
1.02754e-06
1.20451e-06
1.20451e-06
1.40893e-06
1.40893e-06
1.64459e-06
1.64459e-06
1.91575e-06
1.91575e-06
2.22717e-06
2.22717e-06
2.58415e-06
2.58415e-06
2.9926e-06
2.9926e-06
3.45906e-06
3.45906e-06
3.99078e-06
3.99078e-06
4.59575e-06
4.59575e-06
5.28278e-06
5.28278e-06
6.06153e-06
6.06153e-06
6.94254e-06
6.94254e-06
7.93732e-06
7.93732e-06
9.05839e-06
9.05839e-06
1.03193e-05
1.03193e-05
1.17346e-05
1.17346e-05
1.33199e-05
1.33199e-05
1.50922e-05
1.50922e-05
1.70692e-05
1.70692e-05
1.92698e-05
1.92698e-05
2.17142e-05
2.17142e-05
2.44233e-05
2.44233e-05
2.74192e-05
2.74192e-05
3.07246e-05
3.07246e-05
3.43634e-05
3.43634e-05
3.83598e-05
3.83598e-05
4.27389e-05
4.27389e-05
4.7526e-05
4.7526e-05
5.27469e-05
5.27469e-05
5.84274e-05
5.84274e-05
6.45935e-05
6.45935e-05
7.12708e-05
7.12708e-05
7.84848e-05
7.84848e-05
8.62606e-05
8.62606e-05
9.46223e-05
9.46223e-05
0.000103594
0.000103594
0.000113198
0.000113198
0.000123456
0.000123456
0.00013439
0.00013439
0.000146018
0.000146018
0.00015836
0.00015836
0.000171433
0.000171433
0.000185253
0.000185253
0.000199835
0.000199835
0.000215194
0.000215194
0.000231341
0.000231341
0.000248289
0.000248289
0.000266048
0.000266048
0.000284629
0.000284629
0.00030404
0.00030404
0.000324289
0.000324289
0.000345384
0.000345384
0.000367332
0.000367332
0.000390138
0.000390138
0.000413809
0.000413809
0.000438351
0.000438351
0.000463767
0.000463767
0.000490062
0.000490062
0.000517242
0.000517242
0.00054531
0.00054531
0.00057427
0.00057427
0.000604127
0.000604127
0.000634883
0.000634883
0.000666544
0.000666544
0.000699112
0.000699112
0.000732592
0.000732592
0.000766987
0.000766987
0.000802301
0.000802301
0.000838538
0.000838538
0.000875701
0.000875701
0.000913794
0.000913794
0.000952821
0.000952821
0.000992786
0.000992786
0.00103369
0.00103369
0.00107554
0.00107554
0.00111834
0.00111834
0.0011621
0.0011621
0.00120681
0.00120681
0.00125248
0.00125248
0.00129911
0.00129911
0.00134671
0.00134671
0.00139528
0.00139528
0.00144482
0.00144482
0.00149534
0.00149534
0.00154684
0.00154684
0.00159932
0.00159932
0.00165279
0.00165279
0.00170725
0.00170725
0.00176269
0.00176269
0.00181913
0.00181913
0.00187656
0.00187656
0.00193498
0.00193498
0.0019944
0.0019944
0.00205481
0.00205481
0.00211622
0.00211622
0.00217863
0.00217863
0.00224203
0.00224203
0.00230643
0.00230643
0.00237182
0.00237182
0.00243821
0.00243821
0.00250558
0.00250558
0.00257393
0.00257393
0.00264327
0.00264327
0.00271359
0.00271359
0.00278488
0.00278488
0.00285714
0.00285714
0.00293036
0.00293036
0.00300453
0.00300453
0.00307965
0.00307965
0.00315571
0.00315571
0.0032327
0.0032327
0.0033106
0.0033106
0.00338941
0.00338941
0.00346912
0.00346912
0.0035497
0.0035497
0.00363115
0.00363115
0.00371346
0.00371346
0.0037966
0.0037966
0.00388055
0.00388055
0.00396531
0.00396531
0.00405084
0.00405084
0.00413713
0.00413713
0.00422415
0.00422415
0.00431188
0.00431188
0.00440029
0.00440029
0.00448936
0.00448936
0.00457905
0.00457905
0.00466934
0.00466934
0.00476019
0.00476019
0.00485156
0.00485156
0.00494343
0.00494343
0.00503575
0.00503575
0.00512849
0.00512849
0.00522159
0.00522159
0.00531503
0.00531503
0.00540874
0.00540874
0.00550268
0.00550268
0.0055968
0.0055968
0.00569104
0.00569104
0.00578536
0.00578536
0.00587968
0.00587968
0.00597395
0.00597395
0.0060681
0.0060681
0.00616207
0.00616207
0.00625578
0.00625578
0.00634917
0.00634917
0.00644214
0.00644214
0.00653463
0.00653463
0.00662655
0.00662655
0.00671781
0.00671781
0.00680833
0.00680833
0.006898
0.006898
0.00698672
0.00698672
0.00707441
0.00707441
0.00716094
0.00716094
0.00724622
0.00724622
0.00733012
0.00733012
0.00741253
0.00741253
0.00749332
0.00749332
0.00757237
0.00757237
0.00764955
0.00764955
0.00772472
0.00772472
0.00779774
0.00779774
0.00786846
0.00786846
0.00793675
0.00793675
0.00800245
0.00800245
0.00806541
0.00806541
0.00812547
0.00812547
0.00818246
0.00818246
0.00823624
0.00823624
0.00828663
0.00828663
0.00833348
0.00833348
0.00837663
0.00837663
0.00841592
0.00841592
0.00845121
0.00845121
0.00848235
0.00848235
0.00850921
0.00850921
0.00853167
0.00853167
0.00854964
0.00854964
0.00856305
0.00856305
0.00857186
0.00857186
0.00857607
0.00857607
0.00857571
0.00857571
0.00857089
0.00857089
0.00856177
0.00856177
0.00854859
0.00854859
0.00853169
0.00853169
0.0085115
0.0085115
0.00848855
0.00848855
0.00846352
0.00846352
0.00843717
0.00843717
0.00841043
0.00841043
0.00838429
0.00838429
0.00835985
0.00835985
0.00833825
0.00833825
0.00832064
0.00832064
0.00830807
0.00830807
0.00830144
0.00830144
8.13352e-15
8.13352e-15
7.03016e-15
7.03016e-15
9.65166e-15
9.65166e-15
3.40344e-14
3.40344e-14
1.38546e-13
1.38546e-13
4.59828e-13
4.59828e-13
1.26458e-12
1.26458e-12
3.01739e-12
3.01739e-12
6.46742e-12
6.46742e-12
1.27574e-11
1.27574e-11
2.35589e-11
2.35589e-11
4.12379e-11
4.12379e-11
6.9057e-11
6.9057e-11
1.1142e-10
1.1142e-10
1.74162e-10
1.74162e-10
2.64904e-10
2.64904e-10
3.93465e-10
3.93465e-10
5.72353e-10
5.72353e-10
8.17347e-10
8.17347e-10
1.14818e-09
1.14818e-09
1.58932e-09
1.58932e-09
2.17092e-09
2.17092e-09
2.9299e-09
2.9299e-09
3.91116e-09
3.91116e-09
5.16911e-09
5.16911e-09
6.76926e-09
6.76926e-09
8.79022e-09
8.79022e-09
1.13259e-08
1.13259e-08
1.4488e-08
1.4488e-08
1.84092e-08
1.84092e-08
2.32459e-08
2.32459e-08
2.91829e-08
2.91829e-08
3.6437e-08
3.6437e-08
4.52621e-08
4.52621e-08
5.59552e-08
5.59552e-08
6.88623e-08
6.88623e-08
8.43855e-08
8.43855e-08
1.02992e-07
1.02992e-07
1.25221e-07
1.25221e-07
1.51697e-07
1.51697e-07
1.83139e-07
1.83139e-07
2.20375e-07
2.20375e-07
2.64353e-07
2.64353e-07
3.1616e-07
3.1616e-07
3.77042e-07
3.77042e-07
4.48416e-07
4.48416e-07
5.31899e-07
5.31899e-07
6.29328e-07
6.29328e-07
7.42788e-07
7.42788e-07
8.74637e-07
8.74637e-07
1.02754e-06
1.02754e-06
1.20451e-06
1.20451e-06
1.40893e-06
1.40893e-06
1.64459e-06
1.64459e-06
1.91575e-06
1.91575e-06
2.22717e-06
2.22717e-06
2.58415e-06
2.58415e-06
2.9926e-06
2.9926e-06
3.45906e-06
3.45906e-06
3.99078e-06
3.99078e-06
4.59575e-06
4.59575e-06
5.28278e-06
5.28278e-06
6.06153e-06
6.06153e-06
6.94254e-06
6.94254e-06
7.93732e-06
7.93732e-06
9.05839e-06
9.05839e-06
1.03193e-05
1.03193e-05
1.17346e-05
1.17346e-05
1.33199e-05
1.33199e-05
1.50922e-05
1.50922e-05
1.70692e-05
1.70692e-05
1.92698e-05
1.92698e-05
2.17142e-05
2.17142e-05
2.44233e-05
2.44233e-05
2.74192e-05
2.74192e-05
3.07246e-05
3.07246e-05
3.43634e-05
3.43634e-05
3.83598e-05
3.83598e-05
4.27389e-05
4.27389e-05
4.7526e-05
4.7526e-05
5.27469e-05
5.27469e-05
5.84274e-05
5.84274e-05
6.45935e-05
6.45935e-05
7.12708e-05
7.12708e-05
7.84848e-05
7.84848e-05
8.62606e-05
8.62606e-05
9.46223e-05
9.46223e-05
0.000103594
0.000103594
0.000113198
0.000113198
0.000123456
0.000123456
0.00013439
0.00013439
0.000146018
0.000146018
0.00015836
0.00015836
0.000171433
0.000171433
0.000185253
0.000185253
0.000199835
0.000199835
0.000215194
0.000215194
0.000231341
0.000231341
0.000248289
0.000248289
0.000266048
0.000266048
0.000284629
0.000284629
0.00030404
0.00030404
0.000324289
0.000324289
0.000345384
0.000345384
0.000367332
0.000367332
0.000390138
0.000390138
0.000413809
0.000413809
0.000438351
0.000438351
0.000463767
0.000463767
0.000490062
0.000490062
0.000517242
0.000517242
0.00054531
0.00054531
0.00057427
0.00057427
0.000604127
0.000604127
0.000634883
0.000634883
0.000666544
0.000666544
0.000699112
0.000699112
0.000732592
0.000732592
0.000766987
0.000766987
0.000802301
0.000802301
0.000838538
0.000838538
0.000875701
0.000875701
0.000913794
0.000913794
0.000952821
0.000952821
0.000992786
0.000992786
0.00103369
0.00103369
0.00107554
0.00107554
0.00111834
0.00111834
0.0011621
0.0011621
0.00120681
0.00120681
0.00125248
0.00125248
0.00129911
0.00129911
0.00134671
0.00134671
0.00139528
0.00139528
0.00144482
0.00144482
0.00149534
0.00149534
0.00154684
0.00154684
0.00159932
0.00159932
0.00165279
0.00165279
0.00170725
0.00170725
0.00176269
0.00176269
0.00181913
0.00181913
0.00187656
0.00187656
0.00193498
0.00193498
0.0019944
0.0019944
0.00205481
0.00205481
0.00211622
0.00211622
0.00217863
0.00217863
0.00224203
0.00224203
0.00230643
0.00230643
0.00237182
0.00237182
0.00243821
0.00243821
0.00250558
0.00250558
0.00257393
0.00257393
0.00264327
0.00264327
0.00271359
0.00271359
0.00278488
0.00278488
0.00285714
0.00285714
0.00293036
0.00293036
0.00300453
0.00300453
0.00307965
0.00307965
0.00315571
0.00315571
0.0032327
0.0032327
0.0033106
0.0033106
0.00338941
0.00338941
0.00346912
0.00346912
0.0035497
0.0035497
0.00363115
0.00363115
0.00371346
0.00371346
0.0037966
0.0037966
0.00388055
0.00388055
0.00396531
0.00396531
0.00405084
0.00405084
0.00413713
0.00413713
0.00422415
0.00422415
0.00431188
0.00431188
0.00440029
0.00440029
0.00448936
0.00448936
0.00457905
0.00457905
0.00466934
0.00466934
0.00476019
0.00476019
0.00485156
0.00485156
0.00494343
0.00494343
0.00503575
0.00503575
0.00512849
0.00512849
0.00522159
0.00522159
0.00531503
0.00531503
0.00540874
0.00540874
0.00550268
0.00550268
0.0055968
0.0055968
0.00569104
0.00569104
0.00578536
0.00578536
0.00587968
0.00587968
0.00597395
0.00597395
0.0060681
0.0060681
0.00616207
0.00616207
0.00625578
0.00625578
0.00634917
0.00634917
0.00644214
0.00644214
0.00653463
0.00653463
0.00662655
0.00662655
0.00671781
0.00671781
0.00680833
0.00680833
0.006898
0.006898
0.00698672
0.00698672
0.00707441
0.00707441
0.00716094
0.00716094
0.00724622
0.00724622
0.00733012
0.00733012
0.00741253
0.00741253
0.00749332
0.00749332
0.00757237
0.00757237
0.00764955
0.00764955
0.00772472
0.00772472
0.00779774
0.00779774
0.00786846
0.00786846
0.00793675
0.00793675
0.00800245
0.00800245
0.00806541
0.00806541
0.00812547
0.00812547
0.00818246
0.00818246
0.00823624
0.00823624
0.00828663
0.00828663
0.00833348
0.00833348
0.00837663
0.00837663
0.00841592
0.00841592
0.00845121
0.00845121
0.00848235
0.00848235
0.00850921
0.00850921
0.00853167
0.00853167
0.00854964
0.00854964
0.00856305
0.00856305
0.00857186
0.00857186
0.00857607
0.00857607
0.00857571
0.00857571
0.00857089
0.00857089
0.00856177
0.00856177
0.00854859
0.00854859
0.00853169
0.00853169
0.0085115
0.0085115
0.00848855
0.00848855
0.00846352
0.00846352
0.00843717
0.00843717
0.00841043
0.00841043
0.00838429
0.00838429
0.00835985
0.00835985
0.00833825
0.00833825
0.00832064
0.00832064
0.00830807
0.00830807
0.00830144
0.00830144
0.00830144
0.00830144
0.00830807
0.00830807
0.00832064
0.00832064
0.00833825
0.00833825
0.00835985
0.00835985
0.00838428
0.00838428
0.00841042
0.00841042
0.00843717
0.00843717
0.00846351
0.00846351
0.00848855
0.00848855
0.0085115
0.0085115
0.00853169
0.00853169
0.00854859
0.00854859
0.00856177
0.00856177
0.00857088
0.00857088
0.00857571
0.00857571
0.00857606
0.00857606
0.00857186
0.00857186
0.00856305
0.00856305
0.00854964
0.00854964
0.00853167
0.00853167
0.0085092
0.0085092
0.00848234
0.00848234
0.00845121
0.00845121
0.00841592
0.00841592
0.00837663
0.00837663
0.00833348
0.00833348
0.00828663
0.00828663
0.00823623
0.00823623
0.00818246
0.00818246
0.00812546
0.00812546
0.00806541
0.00806541
0.00800245
0.00800245
0.00793675
0.00793675
0.00786846
0.00786846
0.00779773
0.00779773
0.00772471
0.00772471
0.00764954
0.00764954
0.00757237
0.00757237
0.00749332
0.00749332
0.00741252
0.00741252
0.00733012
0.00733012
0.00724622
0.00724622
0.00716094
0.00716094
0.00707441
0.00707441
0.00698672
0.00698672
0.00689799
0.00689799
0.00680832
0.00680832
0.00671781
0.00671781
0.00662655
0.00662655
0.00653463
0.00653463
0.00644214
0.00644214
0.00634916
0.00634916
0.00625578
0.00625578
0.00616207
0.00616207
0.0060681
0.0060681
0.00597395
0.00597395
0.00587968
0.00587968
0.00578536
0.00578536
0.00569104
0.00569104
0.0055968
0.0055968
0.00550268
0.00550268
0.00540873
0.00540873
0.00531502
0.00531502
0.00522159
0.00522159
0.00512849
0.00512849
0.00503575
0.00503575
0.00494343
0.00494343
0.00485156
0.00485156
0.00476018
0.00476018
0.00466934
0.00466934
0.00457905
0.00457905
0.00448936
0.00448936
0.00440029
0.00440029
0.00431188
0.00431188
0.00422415
0.00422415
0.00413713
0.00413713
0.00405084
0.00405084
0.00396531
0.00396531
0.00388055
0.00388055
0.0037966
0.0037966
0.00371346
0.00371346
0.00363115
0.00363115
0.0035497
0.0035497
0.00346911
0.00346911
0.00338941
0.00338941
0.0033106
0.0033106
0.00323269
0.00323269
0.00315571
0.00315571
0.00307965
0.00307965
0.00300453
0.00300453
0.00293036
0.00293036
0.00285714
0.00285714
0.00278488
0.00278488
0.00271359
0.00271359
0.00264327
0.00264327
0.00257393
0.00257393
0.00250558
0.00250558
0.00243821
0.00243821
0.00237182
0.00237182
0.00230643
0.00230643
0.00224203
0.00224203
0.00217863
0.00217863
0.00211622
0.00211622
0.00205481
0.00205481
0.0019944
0.0019944
0.00193498
0.00193498
0.00187656
0.00187656
0.00181913
0.00181913
0.00176269
0.00176269
0.00170725
0.00170725
0.00165279
0.00165279
0.00159932
0.00159932
0.00154684
0.00154684
0.00149534
0.00149534
0.00144482
0.00144482
0.00139528
0.00139528
0.00134671
0.00134671
0.00129911
0.00129911
0.00125247
0.00125247
0.00120681
0.00120681
0.0011621
0.0011621
0.00111834
0.00111834
0.00107554
0.00107554
0.00103369
0.00103369
0.000992785
0.000992785
0.000952821
0.000952821
0.000913794
0.000913794
0.000875701
0.000875701
0.000838538
0.000838538
0.000802301
0.000802301
0.000766987
0.000766987
0.000732592
0.000732592
0.000699112
0.000699112
0.000666544
0.000666544
0.000634883
0.000634883
0.000604126
0.000604126
0.00057427
0.00057427
0.00054531
0.00054531
0.000517242
0.000517242
0.000490062
0.000490062
0.000463766
0.000463766
0.00043835
0.00043835
0.000413809
0.000413809
0.000390138
0.000390138
0.000367332
0.000367332
0.000345384
0.000345384
0.000324289
0.000324289
0.00030404
0.00030404
0.000284629
0.000284629
0.000266048
0.000266048
0.000248289
0.000248289
0.000231341
0.000231341
0.000215194
0.000215194
0.000199835
0.000199835
0.000185253
0.000185253
0.000171433
0.000171433
0.00015836
0.00015836
0.000146018
0.000146018
0.00013439
0.00013439
0.000123456
0.000123456
0.000113198
0.000113198
0.000103594
0.000103594
9.46223e-05
9.46223e-05
8.62606e-05
8.62606e-05
7.84848e-05
7.84848e-05
7.12708e-05
7.12708e-05
6.45935e-05
6.45935e-05
5.84274e-05
5.84274e-05
5.27469e-05
5.27469e-05
4.7526e-05
4.7526e-05
4.27389e-05
4.27389e-05
3.83598e-05
3.83598e-05
3.43634e-05
3.43634e-05
3.07246e-05
3.07246e-05
2.74192e-05
2.74192e-05
2.44233e-05
2.44233e-05
2.17142e-05
2.17142e-05
1.92698e-05
1.92698e-05
1.70692e-05
1.70692e-05
1.50922e-05
1.50922e-05
1.332e-05
1.332e-05
1.17346e-05
1.17346e-05
1.03193e-05
1.03193e-05
9.05839e-06
9.05839e-06
7.93732e-06
7.93732e-06
6.94254e-06
6.94254e-06
6.06153e-06
6.06153e-06
5.28278e-06
5.28278e-06
4.59575e-06
4.59575e-06
3.99078e-06
3.99078e-06
3.45906e-06
3.45906e-06
2.9926e-06
2.9926e-06
2.58415e-06
2.58415e-06
2.22717e-06
2.22717e-06
1.91575e-06
1.91575e-06
1.64459e-06
1.64459e-06
1.40893e-06
1.40893e-06
1.20451e-06
1.20451e-06
1.02754e-06
1.02754e-06
8.74637e-07
8.74637e-07
7.42788e-07
7.42788e-07
6.29329e-07
6.29329e-07
5.31899e-07
5.31899e-07
4.48416e-07
4.48416e-07
3.77042e-07
3.77042e-07
3.1616e-07
3.1616e-07
2.64353e-07
2.64353e-07
2.20375e-07
2.20375e-07
1.83139e-07
1.83139e-07
1.51697e-07
1.51697e-07
1.25221e-07
1.25221e-07
1.02992e-07
1.02992e-07
8.43855e-08
8.43855e-08
6.88623e-08
6.88623e-08
5.59552e-08
5.59552e-08
4.52621e-08
4.52621e-08
3.6437e-08
3.6437e-08
2.91829e-08
2.91829e-08
2.32459e-08
2.32459e-08
1.84092e-08
1.84092e-08
1.4488e-08
1.4488e-08
1.13259e-08
1.13259e-08
8.79021e-09
8.79021e-09
6.76926e-09
6.76926e-09
5.16911e-09
5.16911e-09
3.91116e-09
3.91116e-09
2.9299e-09
2.9299e-09
2.17092e-09
2.17092e-09
1.58932e-09
1.58932e-09
1.14818e-09
1.14818e-09
8.17347e-10
8.17347e-10
5.72353e-10
5.72353e-10
3.93465e-10
3.93465e-10
2.64905e-10
2.64905e-10
1.74162e-10
1.74162e-10
1.1142e-10
1.1142e-10
6.90571e-11
6.90571e-11
4.12379e-11
4.12379e-11
2.35589e-11
2.35589e-11
1.27574e-11
1.27574e-11
6.46742e-12
6.46742e-12
3.01739e-12
3.01739e-12
1.26458e-12
1.26458e-12
4.59828e-13
4.59828e-13
1.38546e-13
1.38546e-13
3.40345e-14
3.40345e-14
9.65173e-15
9.65173e-15
7.03023e-15
7.03023e-15
8.1336e-15
8.1336e-15
0.00830144
0.00830144
0.00830807
0.00830807
0.00832064
0.00832064
0.00833825
0.00833825
0.00835985
0.00835985
0.00838428
0.00838428
0.00841042
0.00841042
0.00843717
0.00843717
0.00846351
0.00846351
0.00848855
0.00848855
0.0085115
0.0085115
0.00853169
0.00853169
0.00854859
0.00854859
0.00856177
0.00856177
0.00857088
0.00857088
0.00857571
0.00857571
0.00857606
0.00857606
0.00857186
0.00857186
0.00856305
0.00856305
0.00854964
0.00854964
0.00853167
0.00853167
0.0085092
0.0085092
0.00848234
0.00848234
0.00845121
0.00845121
0.00841592
0.00841592
0.00837663
0.00837663
0.00833348
0.00833348
0.00828663
0.00828663
0.00823623
0.00823623
0.00818246
0.00818246
0.00812546
0.00812546
0.00806541
0.00806541
0.00800245
0.00800245
0.00793675
0.00793675
0.00786846
0.00786846
0.00779773
0.00779773
0.00772471
0.00772471
0.00764954
0.00764954
0.00757237
0.00757237
0.00749332
0.00749332
0.00741252
0.00741252
0.00733012
0.00733012
0.00724622
0.00724622
0.00716094
0.00716094
0.00707441
0.00707441
0.00698672
0.00698672
0.00689799
0.00689799
0.00680832
0.00680832
0.00671781
0.00671781
0.00662655
0.00662655
0.00653463
0.00653463
0.00644214
0.00644214
0.00634916
0.00634916
0.00625578
0.00625578
0.00616207
0.00616207
0.0060681
0.0060681
0.00597395
0.00597395
0.00587968
0.00587968
0.00578536
0.00578536
0.00569104
0.00569104
0.0055968
0.0055968
0.00550268
0.00550268
0.00540873
0.00540873
0.00531502
0.00531502
0.00522159
0.00522159
0.00512849
0.00512849
0.00503575
0.00503575
0.00494343
0.00494343
0.00485156
0.00485156
0.00476018
0.00476018
0.00466934
0.00466934
0.00457905
0.00457905
0.00448936
0.00448936
0.00440029
0.00440029
0.00431188
0.00431188
0.00422415
0.00422415
0.00413713
0.00413713
0.00405084
0.00405084
0.00396531
0.00396531
0.00388055
0.00388055
0.0037966
0.0037966
0.00371346
0.00371346
0.00363115
0.00363115
0.0035497
0.0035497
0.00346911
0.00346911
0.00338941
0.00338941
0.0033106
0.0033106
0.00323269
0.00323269
0.00315571
0.00315571
0.00307965
0.00307965
0.00300453
0.00300453
0.00293036
0.00293036
0.00285714
0.00285714
0.00278488
0.00278488
0.00271359
0.00271359
0.00264327
0.00264327
0.00257393
0.00257393
0.00250558
0.00250558
0.00243821
0.00243821
0.00237182
0.00237182
0.00230643
0.00230643
0.00224203
0.00224203
0.00217863
0.00217863
0.00211622
0.00211622
0.00205481
0.00205481
0.0019944
0.0019944
0.00193498
0.00193498
0.00187656
0.00187656
0.00181913
0.00181913
0.00176269
0.00176269
0.00170725
0.00170725
0.00165279
0.00165279
0.00159932
0.00159932
0.00154684
0.00154684
0.00149534
0.00149534
0.00144482
0.00144482
0.00139528
0.00139528
0.00134671
0.00134671
0.00129911
0.00129911
0.00125247
0.00125247
0.00120681
0.00120681
0.0011621
0.0011621
0.00111834
0.00111834
0.00107554
0.00107554
0.00103369
0.00103369
0.000992785
0.000992785
0.000952821
0.000952821
0.000913794
0.000913794
0.000875701
0.000875701
0.000838538
0.000838538
0.000802301
0.000802301
0.000766987
0.000766987
0.000732592
0.000732592
0.000699112
0.000699112
0.000666544
0.000666544
0.000634883
0.000634883
0.000604126
0.000604126
0.00057427
0.00057427
0.00054531
0.00054531
0.000517242
0.000517242
0.000490062
0.000490062
0.000463766
0.000463766
0.00043835
0.00043835
0.000413809
0.000413809
0.000390138
0.000390138
0.000367332
0.000367332
0.000345384
0.000345384
0.000324289
0.000324289
0.00030404
0.00030404
0.000284629
0.000284629
0.000266048
0.000266048
0.000248289
0.000248289
0.000231341
0.000231341
0.000215194
0.000215194
0.000199835
0.000199835
0.000185253
0.000185253
0.000171433
0.000171433
0.00015836
0.00015836
0.000146018
0.000146018
0.00013439
0.00013439
0.000123456
0.000123456
0.000113198
0.000113198
0.000103594
0.000103594
9.46223e-05
9.46223e-05
8.62606e-05
8.62606e-05
7.84848e-05
7.84848e-05
7.12708e-05
7.12708e-05
6.45935e-05
6.45935e-05
5.84274e-05
5.84274e-05
5.27469e-05
5.27469e-05
4.7526e-05
4.7526e-05
4.27389e-05
4.27389e-05
3.83598e-05
3.83598e-05
3.43634e-05
3.43634e-05
3.07246e-05
3.07246e-05
2.74192e-05
2.74192e-05
2.44233e-05
2.44233e-05
2.17142e-05
2.17142e-05
1.92698e-05
1.92698e-05
1.70692e-05
1.70692e-05
1.50922e-05
1.50922e-05
1.332e-05
1.332e-05
1.17346e-05
1.17346e-05
1.03193e-05
1.03193e-05
9.05839e-06
9.05839e-06
7.93732e-06
7.93732e-06
6.94254e-06
6.94254e-06
6.06153e-06
6.06153e-06
5.28278e-06
5.28278e-06
4.59575e-06
4.59575e-06
3.99078e-06
3.99078e-06
3.45906e-06
3.45906e-06
2.9926e-06
2.9926e-06
2.58415e-06
2.58415e-06
2.22717e-06
2.22717e-06
1.91575e-06
1.91575e-06
1.64459e-06
1.64459e-06
1.40893e-06
1.40893e-06
1.20451e-06
1.20451e-06
1.02754e-06
1.02754e-06
8.74637e-07
8.74637e-07
7.42788e-07
7.42788e-07
6.29329e-07
6.29329e-07
5.31899e-07
5.31899e-07
4.48416e-07
4.48416e-07
3.77042e-07
3.77042e-07
3.1616e-07
3.1616e-07
2.64353e-07
2.64353e-07
2.20375e-07
2.20375e-07
1.83139e-07
1.83139e-07
1.51697e-07
1.51697e-07
1.25221e-07
1.25221e-07
1.02992e-07
1.02992e-07
8.43855e-08
8.43855e-08
6.88623e-08
6.88623e-08
5.59552e-08
5.59552e-08
4.52621e-08
4.52621e-08
3.6437e-08
3.6437e-08
2.91829e-08
2.91829e-08
2.32459e-08
2.32459e-08
1.84092e-08
1.84092e-08
1.4488e-08
1.4488e-08
1.13259e-08
1.13259e-08
8.79021e-09
8.79021e-09
6.76926e-09
6.76926e-09
5.16911e-09
5.16911e-09
3.91116e-09
3.91116e-09
2.9299e-09
2.9299e-09
2.17092e-09
2.17092e-09
1.58932e-09
1.58932e-09
1.14818e-09
1.14818e-09
8.17347e-10
8.17347e-10
5.72353e-10
5.72353e-10
3.93465e-10
3.93465e-10
2.64905e-10
2.64905e-10
1.74162e-10
1.74162e-10
1.1142e-10
1.1142e-10
6.90571e-11
6.90571e-11
4.12379e-11
4.12379e-11
2.35589e-11
2.35589e-11
1.27574e-11
1.27574e-11
6.46742e-12
6.46742e-12
3.01739e-12
3.01739e-12
1.26458e-12
1.26458e-12
4.59828e-13
4.59828e-13
1.38546e-13
1.38546e-13
3.40345e-14
3.40345e-14
9.65173e-15
9.65173e-15
7.03023e-15
7.03023e-15
8.1336e-15
8.1336e-15
)
;

boundaryField
{
    walls
    {
        type            alphatJayatillekeWallFunction;
        Prt             0.85;
        kappa           0.41;
        E               9.8;
        value           uniform 0;
    }
    inlet
    {
        type            cyclic;
    }
    outlet
    {
        type            cyclic;
    }
    sides
    {
        type            empty;
    }
}


// ************************************************************************* //
