/*--------------------------------*- C++ -*----------------------------------*\
| =========                 |                                                 |
| \\      /  F ield         | OpenFOAM: The Open Source CFD Toolbox           |
|  \\    /   O peration     | Version:  2106                                  |
|   \\  /    A nd           | Website:  www.openfoam.com                      |
|    \\/     M anipulation  |                                                 |
\*---------------------------------------------------------------------------*/
FoamFile
{
    version     2.0;
    format      ascii;
    arch        "LSB;label=32;scalar=64";
    class       volTensorField;
    location    "10020";
    object      grad(U);
}
// * * * * * * * * * * * * * * * * * * * * * * * * * * * * * * * * * * * * * //

dimensions      [0 0 -1 0 0 0 0];

internalField   nonuniform List<tensor> 
800
(
(-1.15363e-17 -1.76287e-26 1.23724e-27 13.3705 -2.66583e-40 1.15242e-13 0.0613706 -3.05377e-42 1.93552e-16)
(0 9.18067e-30 -1.24083e-27 13.3705 3.29353e-15 7.28801e-14 0.0613706 -7.6393e-18 1.67169e-16)
(0 9.38935e-31 1.03277e-27 13.3642 8.67015e-14 1.00013e-13 0.186976 -1.95226e-15 9.61616e-16)
(0 -6.25957e-31 0 13.3642 8.26172e-15 6.36858e-14 0.186976 4.31183e-17 7.02156e-16)
(-5.97673e-18 -6.59109e-27 8.28561e-31 13.3576 0 5.23055e-14 0.275433 -1.57772e-30 1.15021e-15)
(4.78138e-17 7.17007e-30 -8.96259e-31 13.3576 8.02252e-15 1.35974e-14 0.275433 8.14286e-17 7.68148e-16)
(0 0 -5.70349e-31 13.3507 1.4989e-13 5.76515e-14 0.288395 -5.66978e-15 1.2864e-15)
(0 0 0 13.3507 9.17945e-15 1.38731e-14 0.288395 1.34768e-16 8.38735e-16)
(-4.14188e-17 -2.77572e-31 -1.07886e-31 13.3435 4.34553e-16 6.13728e-14 0.30196 -5.43585e-16 1.43082e-15)
(0 2.1777e-30 -5.44425e-31 13.3435 9.24335e-15 1.42113e-14 0.30196 1.91937e-16 9.14034e-16)
(0 6.23616e-30 -1.03936e-30 13.3359 -2.15794e-14 6.51726e-14 0.316154 -4.53996e-16 1.59204e-15)
(-2.41606e-16 -6.25435e-30 1.03936e-30 13.3359 9.26696e-15 1.46256e-14 0.316154 2.20068e-16 9.95196e-16)
(-2.19907e-16 4.83107e-30 -6.56044e-31 13.328 -1.68668e-14 6.9165e-14 0.331006 -3.62433e-16 1.76869e-15)
(0 -1.98424e-30 0 13.328 9.23665e-15 1.49667e-14 0.331006 2.28386e-16 1.0825e-15)
(-1.0109e-16 -8.13997e-32 -1.91469e-31 13.3196 -1.49376e-14 7.32825e-14 0.346544 -3.97838e-16 1.96158e-15)
(0 2.84108e-30 -9.47027e-31 13.3196 9.22455e-15 1.52331e-14 0.346544 2.40894e-16 1.17341e-15)
(-1.2288e-16 5.38888e-30 -2.03495e-30 13.3108 -1.56802e-14 7.75332e-14 0.362799 -4.38266e-16 2.17293e-15)
(9.83043e-16 -1.56843e-30 0 13.3108 9.135e-15 1.54826e-14 0.362799 2.45771e-16 1.26958e-15)
(4.85767e-16 -5.17737e-30 3.45158e-30 13.3015 -1.63894e-14 8.19434e-14 0.3798 -4.77142e-16 2.40477e-15)
(0 5.17737e-30 -1.72579e-30 13.3015 8.94796e-15 1.56989e-14 0.3798 2.53696e-16 1.37115e-15)
(2.31844e-16 -2.47103e-30 1.64735e-30 13.2916 -1.67481e-14 8.65229e-14 0.397579 -5.02462e-16 2.65886e-15)
(-6.78328e-16 4.74728e-30 -8.23676e-31 13.2916 8.93366e-15 1.58635e-14 0.397579 2.68877e-16 1.47808e-15)
(-1.9459e-16 3.25222e-30 -5.56375e-31 13.281 -1.63937e-14 6.89126e-14 0.416164 -5.01447e-16 1.53513e-15)
(7.78361e-16 -5.43161e-31 0 13.281 8.75407e-15 1.6004e-14 0.416164 2.67171e-16 1.59016e-15)
(0 3.75251e-30 -1.50101e-30 13.2694 -1.5808e-14 3.55753e-14 0.435584 -5.12982e-16 7.28433e-16)
(8.83089e-16 -1.95392e-30 1.50101e-30 13.2694 8.18299e-15 1.61296e-14 0.435584 2.57583e-16 1.70791e-15)
(-2.48183e-16 5.20908e-30 1.0663e-28 13.2567 -1.56286e-14 5.83701e-15 0.455862 -5.3799e-16 9.80755e-17)
(0 -2.86556e-30 1.43278e-30 13.2567 7.7087e-15 1.61849e-14 0.455862 2.60584e-16 1.83105e-15)
(0 2.73532e-30 -1.36766e-30 13.2423 -1.55248e-14 2.07217e-15 0.477018 -5.55513e-16 4.66289e-17)
(0 -1.36766e-30 0 13.2423 7.71033e-15 1.61861e-14 0.477018 2.82814e-16 1.95839e-15)
(0 3.91649e-30 5.28296e-30 13.2258 -1.52813e-14 4.19464e-31 0.499058 -5.72053e-16 7.88861e-31)
(0 -1.3055e-30 2.611e-30 13.2258 7.67431e-15 1.61333e-14 0.499058 2.83271e-16 2.09065e-15)
(0 4.98464e-30 6.97672e-30 13.2062 -1.51559e-14 -4.78411e-16 0.521976 -5.99756e-16 9.24224e-18)
(-3.50763e-16 -2.49232e-30 0 13.2062 7.13009e-15 1.59813e-14 0.521976 2.67333e-16 2.22716e-15)
(-7.42579e-16 5.48121e-30 -4.01957e-30 13.1824 -1.47319e-14 -2.39348e-15 0.545744 -5.92684e-16 6.65846e-17)
(-1.48516e-15 -1.7723e-30 0 13.1824 6.08265e-15 1.57506e-14 0.545744 2.24077e-16 2.36629e-15)
(-2.33455e-16 2.43437e-30 -3.31531e-31 13.1528 -1.37653e-14 -3.81797e-15 0.570302 -5.74302e-16 1.2862e-16)
(-3.246e-15 -2.39225e-30 0 13.1528 5.36319e-15 1.54427e-14 0.570302 2.30928e-16 2.50863e-15)
(-4.41819e-16 1.0731e-29 -2.95233e-30 13.1154 -1.35658e-14 -5.2397e-15 0.595548 -6.32322e-16 1.96762e-16)
(0 -9.75462e-30 2.16769e-30 13.1154 5.1182e-15 1.49653e-14 0.595548 2.23639e-16 2.6523e-15)
(4.79566e-16 -6.17028e-30 2.83133e-30 13.0673 -1.31905e-14 -6.75138e-15 0.621322 -5.94536e-16 2.70483e-16)
(-1.91827e-15 4.38866e-30 -2.06917e-30 13.0673 4.16111e-15 1.43636e-14 0.621322 1.62239e-16 2.79449e-15)
(0 -2.96268e-30 1.97512e-30 13.005 -1.25157e-14 2.7593e-16 0.647395 -6.26606e-16 4.04687e-16)
(2.07624e-15 5.75394e-30 -1.97512e-30 13.005 3.70202e-15 1.3743e-14 0.647395 1.99613e-16 2.9361e-15)
(-5.60368e-16 1.02729e-30 -6.26695e-31 12.9242 -1.18379e-14 1.57313e-14 0.673447 -5.81619e-16 1.22129e-15)
(6.72441e-15 2.72875e-30 0 12.9242 3.33729e-15 1.29116e-14 0.673447 1.39911e-16 3.07622e-15)
(0 -3.59932e-30 0 12.8196 -1.1026e-14 2.27907e-14 0.699062 -5.98743e-16 1.2176e-15)
(0 3.59932e-30 0 12.8196 2.10384e-15 2.49702e-14 0.699062 8.39327e-17 3.20674e-15)
(0 -1.71786e-30 0 12.6856 -1.04954e-14 2.14824e-14 0.723721 -5.77425e-16 1.1902e-15)
(0 1.71786e-30 0 12.6856 1.52162e-15 4.15097e-14 0.723721 8.67247e-17 3.68767e-15)
(6.95641e-16 -1.06978e-30 6.40964e-31 12.5159 -9.40414e-15 1.96643e-14 0.746814 -5.25898e-16 1.11769e-15)
(0 -1.35713e-29 -1.63978e-30 12.5159 -3.81621e-31 4.46666e-14 0.746814 0 4.30863e-15)
(8.81158e-16 -4.69575e-30 1.56525e-30 12.3046 -8.56258e-15 1.75207e-14 0.76767 -5.27709e-16 1.03621e-15)
(-8.81158e-16 4.69575e-30 -1.56525e-30 12.3046 -1.26665e-16 4.26056e-14 0.76767 3.89632e-18 4.93479e-15)
(-7.95346e-16 7.08736e-30 -3.57514e-30 12.0468 -7.11704e-15 1.54236e-14 0.785603 -3.86403e-16 9.49912e-16)
(1.49917e-15 -1.78006e-30 0 12.0468 -4.5967e-16 3.99351e-14 0.785603 3.88435e-17 5.55337e-15)
(-2.45362e-15 -7.42632e-30 2.28621e-30 11.7392 -5.1131e-15 1.2819e-14 0.79998 -3.02108e-16 7.77135e-16)
(8.38866e-15 2.13531e-29 -2.74463e-30 11.7392 -5.91526e-16 3.67909e-14 0.79998 1.99698e-17 6.05619e-15)
(2.43471e-15 1.59541e-30 -2.18071e-30 11.3808 -4.51015e-15 9.67243e-15 0.810296 -3.36747e-16 5.86793e-16)
(-1.53277e-15 -2.72275e-30 0 11.3808 -2.73203e-15 3.28937e-14 0.810296 1.46997e-16 4.40933e-15)
(0 -9.09649e-30 2.599e-30 10.9739 -3.98156e-15 6.69728e-15 0.816233 -2.51357e-16 4.01472e-16)
(7.65874e-15 1.14569e-29 2.38604e-30 10.9739 -3.19432e-15 2.86012e-14 0.816233 2.41704e-16 2.7713e-15)
(1.01378e-15 -1.15533e-30 4.86712e-31 10.5235 -2.57909e-15 3.80948e-15 0.817705 -1.46643e-16 1.84963e-16)
(4.05511e-15 1.17141e-30 3.33321e-30 10.5235 -4.21095e-15 2.41445e-14 0.817705 2.73594e-16 1.7333e-15)
(0 -9.03069e-30 0 10.0374 -3.88129e-16 1.19516e-15 0.814862 -1.57828e-17 3.84588e-16)
(0 4.73622e-30 0 10.0374 -6.07335e-15 1.95461e-14 0.814862 9.11237e-16 1.43915e-15)
(-2.40093e-15 7.00649e-46 -1.42052e-31 9.52512 -2.32942e-30 -1.06061e-15 0.808065 0 1.81848e-15)
(5.78612e-15 5.97476e-30 4.05164e-30 9.52512 -6.2336e-15 1.55199e-14 0.808065 1.64933e-15 1.19989e-15)
(-2.37178e-15 2.30195e-30 0 8.99721 1.04671e-15 -2.9044e-15 0.797827 -6.16041e-17 2.41031e-15)
(4.74355e-15 0 4.3925e-30 8.99721 -5.80899e-15 1.16118e-14 0.797827 2.19413e-15 8.65207e-16)
(-1.15949e-15 3.08949e-30 -2.05966e-30 8.46397 1.99503e-15 -4.34945e-15 0.784752 -1.26763e-16 1.99263e-15)
(-1.15949e-15 0 0 8.46397 -5.96136e-15 7.57979e-15 0.784752 2.17208e-15 5.44873e-16)
(-9.13935e-16 8.71822e-30 -3.93209e-30 7.9348 2.81449e-15 -5.59035e-15 0.769471 -2.49183e-16 1.58489e-15)
(5.19855e-15 -7.86418e-30 4.86722e-30 7.9348 -5.90327e-15 4.44243e-15 0.769471 2.14342e-15 3.20261e-16)
(-7.57589e-16 -6.72053e-30 0 7.41763 2.99391e-15 -6.38571e-15 0.752589 -3.03493e-16 1.18054e-15)
(7.53445e-15 5.63006e-30 5.03703e-30 7.41763 -5.72264e-15 1.66983e-15 0.752589 2.09954e-15 8.56823e-17)
(1.41008e-15 -6.44574e-30 0 6.91865 3.46594e-15 -6.18742e-15 0.734649 -3.1118e-16 7.85826e-16)
(5.64033e-15 5.37416e-30 -2.8026e-45 6.91865 -5.15202e-15 -4.93038e-32 0.734649 2.04477e-15 1.57772e-30)
(1.46363e-15 2.39001e-30 0 6.44233 3.88284e-15 -6.46972e-15 0.716116 -4.36996e-16 4.76416e-16)
(0 -1.70997e-30 -3.41993e-30 6.44233 -5.20645e-15 -2.37615e-15 0.716116 2.00559e-15 1.76325e-16)
(1.83775e-15 -1.63225e-30 3.26449e-30 5.99157 3.13502e-15 -6.92946e-15 0.697371 -4.37665e-16 1.41915e-16)
(0 1.63225e-30 0 5.99157 -6.26177e-15 -4.61692e-15 0.697371 1.91268e-15 3.63271e-16)
(-3.13381e-15 5.14518e-30 3.11612e-30 5.56793 3.72447e-15 -6.71471e-15 0.678711 -2.98928e-16 -1.05897e-16)
(0 -1.55806e-30 -3.11612e-30 5.56793 -7.12164e-15 -6.1326e-15 0.678711 1.75368e-15 7.34894e-16)
(1.61654e-15 5.37438e-31 0 5.17194 5.38203e-15 -7.19368e-15 0.660362 -6.29531e-16 -3.54157e-16)
(-8.14066e-15 0 -4.35772e-30 5.17194 -5.91121e-15 -6.18129e-15 0.660362 1.51896e-15 7.82321e-16)
(4.8616e-15 -3.74934e-30 0 4.80332 5.44097e-15 -7.3164e-15 0.642486 -7.6759e-16 -6.14969e-16)
(3.46263e-15 2.83929e-30 4.23103e-30 4.80332 -4.33516e-15 -7.19305e-15 0.642486 1.44696e-15 8.19457e-16)
(1.71183e-15 -8.95285e-31 0 4.46123 5.85014e-15 -6.85779e-15 0.625195 -7.07284e-16 -8.33607e-16)
(-9.89877e-15 0 -3.8935e-30 4.46123 -5.80402e-15 -8.44291e-15 0.625195 1.31594e-15 1.13965e-15)
(0 5.17411e-30 2.58705e-30 4.14449 6.66345e-15 -6.3864e-15 0.608561 -9.61502e-16 -1.00695e-15)
(0 -2.58705e-30 -2.58705e-30 4.14449 -6.69963e-15 -8.42056e-15 0.608561 1.08989e-15 1.26308e-15)
(-1.80196e-15 3.2539e-30 0 3.85165 6.2803e-15 -6.49073e-15 0.592623 -1.0242e-15 -1.17266e-15)
(0 0 0 3.85165 -5.98466e-15 -7.24837e-15 0.592623 8.49556e-16 1.24395e-15)
(2.654e-15 -2.35723e-30 0 3.58118 5.43779e-15 -5.85224e-15 0.577398 -9.32872e-16 -1.37583e-15)
(0 2.35723e-30 0 3.58118 -4.94714e-15 -6.19018e-15 0.577398 5.68955e-16 1.01184e-15)
(-3.77454e-15 9.38464e-30 0 3.3315 4.64067e-15 -5.48503e-15 0.562883 -8.42159e-16 -1.48382e-15)
(7.54908e-15 -7.87531e-30 3.20558e-30 3.3315 -4.23728e-15 -5.54813e-15 0.562883 4.96914e-16 1.01117e-15)
(2.41823e-15 1.07391e-30 2.14782e-30 3.10104 5.20992e-15 -6.43396e-15 0.549067 -7.44414e-16 -1.68318e-15)
(-7.71298e-15 0 -5.26869e-30 3.10104 -4.39278e-15 -5.51702e-15 0.549067 3.33425e-16 8.85445e-16)
(3.93634e-15 2.8196e-30 2.0502e-30 2.88831 7.46556e-15 -4.29005e-15 0.535925 -1.13331e-15 -1.86842e-15)
(7.87268e-15 -4.10039e-30 7.82473e-31 2.88831 -2.93456e-15 -6.05283e-15 0.535925 1.22883e-16 1.09833e-15)
(-2.2034e-15 0 -1.95701e-30 2.69187 8.40974e-15 -2.19709e-15 0.52343 -1.68474e-15 -1.7766e-15)
(8.02836e-15 1.95701e-30 4.54872e-30 2.69187 -2.50198e-15 -5.19265e-15 0.52343 -4.95284e-17 1.1779e-15)
(0 5.60419e-30 0 2.51037 7.13751e-15 -2.02984e-15 0.511549 -1.62433e-15 -1.78495e-15)
(0 -5.60419e-30 0 2.51037 -3.66161e-15 -4.35745e-15 0.511549 -2.53736e-16 8.58749e-16)
(0 3.56631e-30 1.78316e-30 2.34259 5.04454e-15 -1.45044e-15 0.500249 -1.31185e-15 -1.7274e-15)
(0 -3.56631e-30 -1.78316e-30 2.34259 -2.04137e-15 -4.69442e-15 0.500249 -5.33568e-16 9.40116e-16)
(1.9164e-15 1.70211e-30 0 2.18736 4.26612e-15 -1.64001e-15 0.489495 -8.56952e-16 -1.61016e-15)
(6.55691e-15 0 2.11765e-30 2.18736 -9.33825e-16 -5.04705e-15 0.489495 -6.95883e-16 1.09152e-15)
(4.30743e-15 8.00602e-31 1.62475e-30 2.04363 5.25084e-15 -7.18825e-16 0.479251 -1.07905e-15 -1.59229e-15)
(0 -3.24949e-30 -1.62475e-30 2.04363 -2.07074e-15 -4.87241e-15 0.479251 -7.72228e-16 1.19518e-15)
(-2.18833e-15 -1.24162e-30 -3.1018e-30 1.91043 4.69824e-15 -1.15353e-15 0.469482 -1.41852e-15 -1.31737e-15)
(1.75066e-14 1.5509e-30 6.0688e-30 1.91043 -3.88215e-16 -3.02471e-15 0.469482 -1.00375e-15 1.11317e-15)
(5.55578e-15 -1.82285e-30 0 1.78688 3.26323e-15 -1.63422e-15 0.460156 -9.03233e-16 -1.39244e-15)
(8.88879e-15 0 1.76422e-30 1.78688 9.18275e-16 -2.61711e-15 0.460156 -8.9843e-16 3.7205e-16)
(-2.25536e-15 -3.92022e-30 0 1.67218 3.07371e-15 -2.85341e-16 0.451239 -7.92301e-16 -1.27824e-15)
(0 2.82624e-30 0 1.67218 3.0002e-16 -4.38825e-15 0.451239 -9.40923e-16 1.00455e-15)
(0 -1.34889e-30 -2.69778e-30 1.5656 2.9675e-15 -1.0417e-15 0.4427 -8.85519e-16 -9.7641e-16)
(1.83029e-14 1.34889e-30 4.05064e-30 1.5656 9.80684e-16 -4.16836e-15 0.4427 -9.0278e-16 1.39686e-15)
(5.21909e-15 -2.87065e-30 0 1.46647 2.71186e-15 -2.44079e-15 0.43451 -8.07445e-16 -8.95269e-16)
(9.27886e-15 1.28758e-30 6.56005e-31 1.46647 1.51211e-15 -2.64321e-15 0.43451 -6.90772e-16 9.73916e-16)
(0 -1.22906e-30 0 1.37418 2.62379e-15 -1.20977e-15 0.426639 -8.15266e-16 -9.82859e-16)
(9.40383e-15 1.22906e-30 7.38476e-31 1.37418 9.77491e-16 -3.17689e-15 0.426639 -7.42633e-16 5.98818e-16)
(0 1.1732e-30 8.75812e-46 1.28818 2.09075e-15 -3.9443e-31 0.419061 -8.29652e-16 -7.17473e-16)
(-9.52645e-15 1.1732e-30 -1.21404e-30 1.28818 7.89972e-16 -3.65956e-15 0.419061 -7.89991e-16 1.41134e-15)
(2.41171e-15 -1.45334e-30 0 1.20798 1.75506e-15 -1.93813e-15 0.41175 -5.36406e-16 -9.21275e-16)
(9.64682e-15 1.11987e-30 3.30857e-32 1.20798 4.67021e-17 -2.77916e-15 0.41175 -8.58248e-16 9.81695e-16)
(2.44126e-15 7.57097e-31 0 1.13311 2.40721e-15 -8.18213e-16 0.404681 -6.74122e-16 -6.81674e-16)
(0 0 -1.06897e-30 1.13311 -1.11772e-15 -1.39965e-15 0.404681 -1.11655e-15 2.37537e-16)
(-1.72581e-16 -1.8248e-30 0 1.06317 2.85735e-15 1.1118e-15 0.39783 -1.06987e-15 -8.12678e-16)
(1.74646e-14 2.04077e-30 0 1.06317 -5.71459e-16 2.11553e-16 0.39783 -1.33335e-15 -4.48887e-17)
(-4.69209e-15 1.46732e-31 7.70841e-32 0.997762 3.00181e-15 -4.93038e-32 0.391174 -1.08779e-15 -5.8626e-17)
(-9.99527e-15 9.74009e-31 -9.74009e-31 0.997762 -8.8258e-16 6.48002e-16 0.391174 -1.57997e-15 9.31503e-17)
(0 -9.29739e-31 9.29739e-31 0.936552 1.94793e-15 -2.60283e-15 0.384692 -1.29116e-15 -6.1592e-17)
(0 9.29739e-31 -9.29739e-31 0.936552 -9.38064e-17 6.96861e-16 0.384692 -1.25525e-15 1.60542e-16)
(-5.10886e-15 4.40905e-31 -8.87481e-31 0.87922 -4.42979e-17 1.15913e-16 0.378362 -3.53465e-16 -2.41492e-18)
(-3.99686e-15 0 0 0.87922 1.07343e-16 5.14595e-16 0.378362 -1.62638e-15 1.27072e-16)
(-2.58155e-15 3.15292e-45 0 0.825478 2.71704e-30 2.46965e-15 0.372163 -3.9443e-31 2.28947e-16)
(-1.03262e-14 -4.39008e-31 -4.91358e-32 0.825478 -1.29291e-15 3.50127e-16 0.372163 -1.37234e-15 1.64506e-16)
(0 -8.0864e-31 5.50279e-31 0.775059 9.92214e-16 1.08751e-15 0.366076 -8.93969e-16 2.59011e-16)
(0 -2.62743e-45 0 0.775059 2.36691e-30 2.91756e-16 0.366076 0 3.74749e-16)
(-5.2689e-15 6.03654e-31 -5.00666e-32 0.72772 3.67179e-16 1.04674e-15 0.360078 -9.16148e-17 7.98211e-16)
(0 0 0 0.72772 -9.01385e-16 1.37837e-15 0.360078 -9.50938e-16 3.41231e-16)
(2.66026e-15 1.39515e-30 7.33867e-31 0.683236 -1.52284e-16 2.45932e-30 0.35415 -1.61984e-15 0)
(0 -1.4736e-30 0 0.683236 -2.09585e-15 1.16935e-15 0.35415 -1.24729e-15 4.50716e-16)
(-2.20385e-15 -1.28586e-30 1.40663e-30 0.641402 -1.41111e-15 1.88326e-15 0.348271 -2.09934e-15 2.97218e-16)
(1.07426e-14 -6.65617e-45 2.26368e-31 0.641402 -1.47911e-30 -3.67281e-16 0.348271 -4.50653e-46 1.00575e-16)
(2.71063e-15 -2.71923e-31 1.16681e-30 0.602025 -3.881e-16 3.261e-30 0.342419 -8.83581e-16 0)
(2.1685e-14 -2.69305e-30 0 0.602025 1.36193e-15 -1.05926e-15 0.342419 -4.37658e-16 7.02239e-16)
(5.77211e-15 0 1.28167e-30 0.56493 5.74512e-17 -1.08903e-16 0.336571 -3.59208e-16 8.3716e-16)
(1.09408e-14 -1.95138e-30 0 0.56493 -2.48688e-16 7.35636e-16 0.336571 -1.50196e-15 5.40324e-16)
(-2.75937e-15 2.00536e-31 1.84601e-31 0.529952 -2.9105e-16 -4.93038e-31 0.330705 -1.29762e-15 0)
(0 0 0 0.529952 -5.08e-17 1.40565e-15 0.330705 -1.59942e-17 9.12892e-16)
(5.25933e-15 0 0 0.496938 3.86849e-16 -3.52419e-15 0.324793 -1.25849e-15 3.79426e-16)
(2.22651e-14 -9.80909e-45 1.16781e-30 0.496938 -4.62746e-30 7.43946e-16 0.324793 -3.9443e-31 6.76626e-16)
(-2.8065e-15 3.09829e-31 0 0.465747 8.08361e-17 -1.546e-15 0.318809 -5.80281e-16 -1.09042e-15)
(1.1226e-14 -2.10878e-31 0 0.465747 1.14699e-15 2.41564e-15 0.318809 -2.35066e-15 9.60416e-16)
(-2.82947e-15 0 2.12812e-30 0.436244 0 1.89896e-17 0.312723 0 -1.1533e-15)
(-1.611e-14 2.99555e-30 -7.48112e-31 0.436244 3.02515e-16 -4.16001e-31 0.312723 -1.65901e-16 0)
(0 2.02222e-30 0 0.408302 7.70205e-16 5.69861e-16 0.306499 -2.92087e-16 -4.42801e-16)
(1.14081e-14 -1.9016e-30 -1.0157e-30 0.408302 3.50165e-15 -1.73349e-15 0.306499 -1.32794e-15 -2.66584e-17)
(0 -9.69533e-31 -9.69533e-31 0.381803 1.30105e-15 2.0795e-15 0.300099 -9.2911e-16 -3.23408e-16)
(0 9.69533e-31 0 0.381803 2.67259e-15 5.3408e-16 0.300099 -1.91016e-15 -1.5374e-16)
(-2.89593e-15 3.69492e-31 0 0.356633 1.99884e-15 2.66399e-15 0.29348 -1.14346e-15 -2.37522e-16)
(-1.57516e-14 0 -1.85093e-30 0.356633 -7.34798e-17 1.57662e-15 0.29348 -2.63636e-15 -2.50229e-16)
(0 4.41701e-31 1.76681e-30 0.332681 1.71159e-15 1.45876e-15 0.286589 -2.20906e-15 -5.48209e-17)
(-1.1669e-14 7.14499e-31 -1.76681e-30 0.332681 4.52217e-16 3.69752e-15 0.286589 -9.3128e-16 4.92187e-16)
(2.93814e-15 -2.46389e-31 0 0.30984 2.59762e-16 4.27883e-16 0.279367 -7.42014e-16 -9.37554e-17)
(-1.17525e-14 3.98636e-31 -1.0272e-30 0.30984 -5.28935e-16 -4.1088e-30 0.279367 -1.98921e-15 3.9443e-31)
(2.95858e-15 -2.97134e-31 9.73509e-32 0.288007 -1.59545e-17 -1.32762e-16 0.271743 -5.54205e-16 1.34312e-16)
(1.90844e-14 -8.0215e-31 0 0.288007 -1.70787e-15 -3.14145e-15 0.271743 -1.26302e-15 -3.84254e-16)
(9.41741e-15 -2.62271e-31 1.94099e-30 0.267075 3.01261e-17 -2.38308e-16 0.263632 -2.09126e-15 1.19469e-16)
(0 0 0 0.267075 -1.56785e-29 6.02848e-16 0.263632 0 5.11156e-16)
(6.30108e-15 -2.44378e-31 0 0.246939 -2.31126e-16 -4.22968e-18 0.25493 -1.42209e-15 -5.04257e-17)
(-3.30301e-15 0 0 0.246939 6.31318e-16 7.80942e-16 0.25493 -6.8427e-16 -2.6989e-16)
(6.30577e-15 0 2.80033e-30 0.227489 2.81758e-16 1.67226e-15 0.24551 -2.68183e-16 -1.28375e-16)
(0 0 0 0.227489 5.59628e-16 1.51706e-15 0.24551 -6.40982e-16 -2.10403e-16)
(0 0 0 0.208607 5.26243e-16 2.14366e-15 0.235215 -1.17221e-15 -3.07473e-16)
(0 -6.68262e-31 0 0.208607 4.08837e-17 1.27235e-15 0.235215 -5.89453e-16 -3.40495e-16)
(0 0 0 0.190166 -5.96137e-16 3.27072e-15 0.223844 -1.48902e-15 7.22276e-17)
(0 0 0 0.190166 -7.77679e-16 2.20373e-15 0.223844 -1.37729e-15 -3.5064e-16)
(0 0 5.11196e-31 0.172023 3.53504e-16 1.61026e-15 0.211145 -1.27439e-15 2.96287e-16)
(-2.74222e-15 1.59014e-45 -2.43558e-30 0.172023 9.24638e-31 2.89872e-15 0.211145 7.88861e-31 8.50398e-16)
(1.14099e-14 0 5.82009e-32 0.154013 1.48643e-15 4.39106e-32 0.196791 -2.23688e-15 -2.09691e-16)
(7.11428e-15 -7.09936e-32 -2.32488e-30 0.154013 1.83584e-15 1.19659e-15 0.196791 -2.70802e-15 -2.75762e-16)
(4.99722e-15 -1.99916e-31 0 0.135945 2.97901e-30 -1.91382e-15 0.18036 -1.44055e-15 2.11219e-16)
(-4.99722e-15 0 -2.21921e-30 0.135945 9.65925e-16 -9.14165e-16 0.18036 -1.70567e-15 -1.12187e-16)
(-3.11846e-15 8.22314e-32 0 0.117591 -2.0457e-16 1.08714e-15 0.16131 -2.14839e-15 4.70709e-16)
(1.24738e-14 -3.70009e-31 0 0.117591 -7.76535e-31 8.28583e-16 0.16131 -1.3331e-15 -3.96639e-16)
(-3.13275e-15 1.88832e-31 9.5327e-32 0.0986875 -6.2259e-16 -1.44305e-15 0.138957 -2.27658e-15 -2.85811e-16)
(0 0 0 0.0986875 -3.40193e-16 -1.86176e-30 0.138957 -2.04038e-15 -4.93038e-32)
(4.34633e-15 -7.94059e-32 1.93016e-30 0.0789396 -1.30094e-15 -2.90944e-15 0.112481 -1.03847e-15 -3.16971e-16)
(2.08222e-14 -3.0716e-30 0 0.0789396 -1.51204e-15 -3.77309e-15 0.112481 -1.20698e-15 -1.44087e-16)
(-3.15824e-15 5.66222e-31 1.61933e-32 0.0580581 1.34197e-16 -4.93038e-32 0.0809923 -5.7094e-16 -1.16685e-16)
(1.2633e-14 0 0 0.0580581 7.39557e-31 6.82753e-16 0.0809923 -7.88861e-31 -7.66373e-16)
(-7.92042e-15 8.79343e-31 -1.75869e-30 0.0358235 9.83843e-16 -5.94249e-17 0.0436764 -1.5475e-15 -2.63486e-16)
(3.96021e-15 0 0 0.0358235 1.28659e-15 2.59486e-30 0.0436764 -2.36407e-15 0)
(1.84078e-18 0 0 4.35868e-11 1.14686e-15 1.7526e-15 4e-11 -1.90858e-15 -9.37213e-16)
(0 4.19688e-31 -1.67875e-30 4.39545e-11 9.44288e-16 1.53829e-15 4.03411e-11 -2.1393e-15 -2.89257e-16)
(1.15363e-17 -1.92118e-33 -3.07389e-32 13.3705 1.87059e-15 -2.48217e-14 -0.0613706 8.57879e-15 -1.93552e-16)
(-1.15363e-17 1.92118e-33 3.07389e-32 13.3705 4.43551e-16 -3.02437e-17 -0.0613706 7.6393e-18 -1.67169e-16)
(-2.20239e-17 -4.89029e-33 3.91223e-32 13.3642 4.56981e-15 -7.52308e-15 -0.186976 1.95226e-15 -1.41571e-15)
(0 0 -3.91223e-32 13.3642 1.03188e-15 -4.67406e-17 -0.186976 -4.31183e-17 -7.02156e-16)
(-3.00923e-17 -9.33603e-33 1.12032e-31 13.3576 4.52976e-15 -3.68186e-15 -0.275433 7.99586e-15 -1.63803e-15)
(4.20458e-17 9.33603e-33 -1.12032e-31 13.3576 1.04154e-15 -4.88549e-17 -0.275433 -8.14286e-17 -7.68148e-16)
(0 -1.78234e-32 0 13.3507 5.16401e-15 -3.68977e-15 -0.288395 6.55207e-15 -1.90655e-15)
(-8.02694e-17 1.78234e-32 0 13.3507 1.28451e-15 -5.85621e-17 -0.288395 -1.34768e-16 -8.38735e-16)
(4.14188e-17 0 0 13.3435 5.23046e-15 -3.68227e-15 -0.30196 6.38946e-15 -2.20822e-15)
(-1.65675e-16 0 0 13.3435 1.42817e-15 -7.04843e-17 -0.30196 -1.91937e-16 -9.14034e-16)
(0 -3.248e-32 2.2736e-31 13.3359 5.24565e-15 -3.66265e-15 -0.316154 6.49569e-15 -2.54513e-15)
(-2.41606e-16 3.248e-32 -2.2736e-31 13.3359 1.60609e-15 -9.16851e-17 -0.316154 -2.52826e-16 -9.95196e-16)
(0 0 0 13.328 5.30899e-15 -3.62961e-15 -0.331006 6.57807e-15 -2.9215e-15)
(-1.39629e-16 0 0 13.328 1.75722e-15 -2.84689e-16 -0.331006 -3.17959e-16 -1.0825e-15)
(0 -2.95946e-32 1.77568e-31 13.3196 5.37042e-15 -3.58248e-15 -0.346544 6.63534e-15 -3.34126e-15)
(-5.37642e-16 0 -1.18378e-31 13.3196 2.05808e-15 -5.23839e-16 -0.346544 -3.86285e-16 -1.17341e-15)
(-8.68771e-18 -2.25996e-31 3.95493e-31 13.3108 5.36689e-15 -3.53196e-15 -0.362799 6.69984e-15 -3.80852e-15)
(0 1.69497e-31 -3.38994e-31 13.3108 2.40234e-15 -6.42158e-16 -0.362799 -4.61526e-16 -1.26958e-15)
(1.45695e-16 -1.61793e-31 2.15724e-31 13.3015 5.36107e-15 -3.47011e-15 -0.3798 6.77286e-15 -4.32784e-15)
(-5.82781e-16 2.15724e-31 -3.23586e-31 13.3015 2.39182e-15 -7.61259e-16 -0.3798 -5.39987e-16 -1.37115e-15)
(2.31844e-16 1.02959e-31 -1.02959e-31 13.2916 5.33082e-15 -3.38793e-15 -0.397579 6.85387e-15 -4.90452e-15)
(-6.78328e-16 -1.02959e-31 1.02959e-31 13.2916 2.35324e-15 -8.8469e-16 -0.397579 -6.19742e-16 -1.47808e-15)
(0 -9.82798e-32 2.45699e-31 13.281 5.49224e-15 -3.29341e-15 -0.416164 6.93983e-15 -5.54423e-15)
(-7.78361e-16 1.9656e-31 -3.93119e-31 13.281 2.6015e-15 -1.00031e-15 -0.416164 -7.05061e-16 -1.59016e-15)
(-2.20772e-16 0 1.87626e-31 13.2694 5.78685e-15 -3.16905e-15 -0.435584 7.02065e-15 -5.90259e-15)
(8.83089e-16 0 -9.38128e-32 13.2694 2.79491e-15 -1.11824e-15 -0.435584 -7.93669e-16 -1.70791e-15)
(1.55109e-16 -2.68647e-31 2.68647e-31 13.2567 5.62239e-15 -3.01029e-15 -0.455862 7.10053e-15 -6.05929e-15)
(-1.39602e-15 2.68647e-31 -2.68647e-31 13.2567 2.71103e-15 -1.28338e-15 -0.455862 -8.81104e-16 -1.83105e-15)
(0 -1.70957e-31 3.41915e-31 13.2423 5.21395e-15 -2.86043e-15 -0.477018 7.18898e-15 -6.05864e-15)
(-1.10752e-15 1.70957e-31 -3.41915e-31 13.2423 2.79529e-15 -1.44448e-15 -0.477018 -9.6875e-16 -1.95839e-15)
(6.1384e-16 0 0 13.2258 5.01817e-15 -2.7093e-15 -0.499058 7.28214e-15 -6.04512e-15)
(0 0 0 13.2258 3.30756e-15 -1.56357e-15 -0.499058 -1.06626e-15 -2.09065e-15)
(-3.38368e-16 0 0 13.2062 4.73279e-15 -2.53426e-15 -0.521976 7.3783e-15 -6.01804e-15)
(1.35347e-15 0 7.7885e-32 13.2062 3.62221e-15 -1.71687e-15 -0.521976 -1.17144e-15 -2.22716e-15)
(-7.29378e-17 0 1.4869e-31 13.1824 4.83843e-15 -2.3593e-15 -0.545744 7.48372e-15 -5.97722e-15)
(-2.1548e-15 0 -1.4869e-31 13.1824 3.39535e-15 -1.84674e-15 -0.545744 -1.27391e-15 -2.36629e-15)
(1.04495e-15 2.83864e-31 -2.83864e-31 13.1528 5.07442e-15 -2.13318e-15 -0.570302 7.57828e-15 -5.9215e-15)
(0 -1.41932e-31 2.83864e-31 13.1528 3.6784e-15 -1.95402e-15 -0.570302 -1.36295e-15 -2.50863e-15)
(4.41819e-16 -2.70962e-31 4.06443e-31 13.1154 4.45267e-15 -1.90332e-15 -0.595548 7.66786e-15 -5.85069e-15)
(0 2.70962e-31 -5.41924e-31 13.1154 4.42448e-15 -2.09413e-15 -0.595548 -1.46594e-15 -2.6523e-15)
(1.06199e-15 2.58646e-31 -2.58646e-31 13.0673 3.97673e-15 -1.72076e-15 -0.621322 7.78125e-15 -5.76244e-15)
(-1.91827e-15 0 2.58646e-31 13.0673 4.61566e-15 -2.16699e-15 -0.621322 -1.57505e-15 -2.79449e-15)
(5.19061e-16 0 -1.23445e-31 13.005 4.19752e-15 -1.49961e-15 -0.647395 7.88197e-15 -5.65305e-15)
(-5.55947e-16 0 1.23445e-31 13.005 4.62946e-15 -2.18453e-15 -0.647395 -1.66984e-15 -2.9361e-15)
(1.12074e-15 0 -1.17834e-31 12.9242 4.55599e-15 -1.21739e-15 -0.673447 7.98406e-15 -5.73711e-15)
(0 0 1.17834e-31 12.9242 4.73221e-15 -2.30536e-15 -0.673447 -1.77847e-15 -3.07622e-15)
(1.01312e-15 0 -3.37436e-31 12.8196 4.64273e-15 -1.41569e-14 -0.699062 8.0675e-15 -6.02853e-15)
(-1.01312e-15 0 2.24957e-31 12.8196 4.66154e-15 -2.42041e-15 -0.699062 -1.87565e-15 -3.20674e-15)
(0 0 0 12.6856 4.53241e-15 -3.17798e-14 -0.723721 8.15493e-15 -5.95972e-15)
(0 0 0 12.6856 4.32072e-15 -2.31182e-15 -0.723721 -1.95916e-15 -3.68767e-15)
(-9.23115e-16 -4.09945e-31 1.22984e-30 12.5159 4.2848e-15 -3.61892e-14 -0.746814 8.23445e-15 -5.73632e-15)
(0 2.04973e-31 -8.19891e-31 12.5159 4.6061e-15 -2.19744e-15 -0.746814 -2.03932e-15 -4.30863e-15)
(7.44567e-16 3.91313e-31 -1.56525e-30 12.3046 3.46991e-15 -3.56102e-14 -0.76767 8.30504e-15 -5.47359e-15)
(0 -3.91313e-31 1.56525e-30 12.3046 6.04232e-15 -2.13464e-15 -0.76767 -2.11554e-15 -4.93479e-15)
(0 -3.73527e-31 3.73527e-31 12.0468 2.57314e-15 -3.45383e-14 -0.785603 8.39147e-15 -5.17914e-15)
(1.49917e-15 2.96594e-31 0 12.0468 6.74234e-15 -2.11117e-15 -0.785603 -1.68096e-15 -5.55337e-15)
(-4.4985e-17 0 2.1393e-30 11.7392 3.04561e-15 -3.31266e-14 -0.79998 8.45084e-15 -4.85696e-15)
(-8.02878e-16 0 -1.4262e-30 11.7392 5.49624e-15 -1.88292e-15 -0.79998 -1.22972e-15 -6.15325e-15)
(1.80388e-15 0 -2.72275e-30 11.3808 4.04913e-15 -3.09888e-14 -0.810296 8.4601e-15 -4.49258e-15)
(3.60777e-15 8.79132e-31 2.72275e-30 11.3808 4.15811e-15 -1.52893e-15 -0.810296 -7.74645e-16 -6.73136e-15)
(1.91469e-15 0 0 10.9739 3.66702e-15 -2.82893e-14 -0.816233 8.46709e-15 -4.10246e-15)
(0 0 0 10.9739 3.87764e-15 -1.40229e-15 -0.816233 -7.73321e-16 -7.26142e-15)
(0 0 3.10109e-30 10.5235 3.12333e-15 -2.53338e-14 -0.817705 8.4717e-15 -3.69209e-15)
(0 0 -4.34152e-30 10.5235 3.27377e-15 -1.14853e-15 -0.817705 -7.10677e-16 -7.73787e-15)
(0 5.92027e-31 -2.36811e-30 10.0374 2.94677e-15 -2.20993e-14 -0.814862 8.44524e-15 -3.26663e-15)
(0 -5.92027e-31 2.36811e-30 10.0374 2.37028e-15 -7.97348e-16 -0.814862 -7.52389e-16 -8.15259e-15)
(1.1284e-15 0 -1.13024e-30 9.52512 1.86261e-15 -1.90368e-14 -0.808065 8.39264e-15 -2.84207e-15)
(0 0 1.13024e-30 9.52512 3.01653e-15 -8.01776e-16 -0.808065 -8.04692e-16 -8.49867e-15)
(0 -2.88361e-44 4.31547e-30 8.99721 -1.03883e-28 -1.61365e-14 -0.797827 8.35524e-15 -2.41031e-15)
(0 0 -4.31547e-30 8.99721 4.45288e-15 -1.11647e-15 -0.797827 -5.48588e-16 -8.77803e-15)
(1.24306e-15 0 1.02983e-30 8.46397 -2.75206e-17 -1.33102e-14 -0.784752 8.33372e-15 -1.99263e-15)
(0 -5.14915e-31 0 8.46397 4.88005e-15 -9.12707e-16 -0.784752 -4.59397e-16 -8.96492e-15)
(1.29964e-15 -9.83023e-31 7.86418e-30 7.9348 6.94773e-16 -1.09912e-14 -0.769471 8.26209e-15 -1.58489e-15)
(2.98497e-15 9.63774e-31 -5.89814e-30 7.9348 4.42962e-15 -4.43156e-16 -0.769471 -4.07238e-16 -9.08826e-15)
(-7.57589e-16 -9.38343e-31 -9.38343e-31 7.41763 1.4645e-15 -9.19123e-15 -0.752589 8.16115e-15 -1.18054e-15)
(5.42149e-15 9.58452e-31 1.87669e-30 7.41763 3.80508e-15 -7.33877e-16 -0.752589 -3.7295e-16 -9.15959e-15)
(2.82017e-15 0 8.95694e-31 6.91865 2.14731e-15 -6.94827e-15 -0.734649 8.03268e-15 -7.85826e-16)
(-2.01692e-15 0 -8.95694e-31 6.91865 3.39741e-15 -6.76891e-16 -0.734649 -3.57199e-16 -9.15161e-15)
(2.92726e-15 0 -1.70997e-30 6.44233 1.80948e-15 -4.95406e-15 -0.716116 7.85834e-15 -4.76416e-16)
(0 -4.27492e-31 1.70997e-30 6.44233 2.88311e-15 -4.90754e-17 -0.716116 -2.90703e-16 -9.10108e-15)
(-2.15957e-15 0 4.89674e-30 5.99157 1.10095e-15 -2.97504e-15 -0.697371 7.71279e-15 -1.41915e-16)
(6.06369e-15 9.60174e-31 -1.63225e-30 5.99157 2.01791e-15 -1.36679e-16 -0.697371 -1.82989e-16 -9.01419e-15)
(1.5669e-15 0 0 5.56793 1.33547e-16 -1.31145e-15 -0.678711 7.60942e-15 1.05897e-16)
(0 1.23646e-29 0 5.56793 9.13787e-17 -4.72887e-17 -0.678711 -5.6477e-18 -8.81809e-15)
(-3.23309e-15 0 6.48097e-31 5.17194 -9.96817e-16 -5.77003e-16 -0.660362 7.47359e-15 3.736e-17)
(0 -7.43621e-31 0 5.17194 1.11574e-15 3.65434e-16 -0.660362 -2.89933e-16 -8.63248e-15)
(4.8616e-15 0 -7.00649e-46 4.80332 -8.01953e-16 0 -0.642486 7.32519e-15 1.91236e-30)
(3.46263e-15 5.02997e-30 4.25893e-30 4.80332 1.10166e-15 1.65768e-16 -0.642486 -7.47273e-17 -8.4414e-15)
(-1.52573e-15 0 4.06536e-30 4.46123 -3.89893e-17 1.32682e-15 -0.625195 7.15849e-15 1.04052e-16)
(-6.84731e-15 -6.43048e-31 -1.35512e-30 4.46123 8.1032e-16 -7.37347e-16 -0.625195 -1.57528e-16 -8.15356e-15)
(1.75752e-15 0 -3.98187e-30 4.14449 -1.86275e-16 1.82958e-15 -0.608561 6.91035e-15 2.77114e-16)
(7.03007e-15 0 3.88058e-30 4.14449 4.93038e-32 -1.23002e-15 -0.608561 3.97233e-45 -7.78721e-15)
(1.80196e-15 0 3.57858e-30 3.85165 -6.24985e-16 1.77208e-15 -0.592623 6.67663e-15 2.67472e-16)
(-7.20783e-15 1.56736e-30 -3.7042e-30 3.85165 -3.98903e-16 -1.37487e-15 -0.592623 -3.11103e-17 -7.43547e-15)
(1.84519e-15 -5.89307e-31 -2.5085e-30 3.58118 -5.79607e-16 2.01673e-15 -0.577398 6.46992e-15 2.85769e-16)
(0 5.89307e-31 2.35723e-30 3.58118 5.71643e-16 -1.75836e-15 -0.577398 -3.85631e-16 -7.11542e-15)
(-6.30792e-15 5.62522e-31 5.93287e-30 3.3315 -2.45484e-16 1.9191e-15 -0.562883 6.2801e-15 3.75407e-16)
(0 -1.12504e-30 -4.50018e-30 3.3315 1.46553e-15 -1.5681e-15 -0.562883 -1.2544e-16 -6.78582e-15)
(-2.41823e-15 5.36954e-31 5.36954e-30 3.10104 6.84372e-16 2.14121e-15 -0.549067 6.0938e-15 2.79411e-16)
(0 0 -5.36954e-30 3.10104 -3.50123e-45 -9.95305e-16 -0.549067 9.86076e-32 -6.50751e-15)
(-4.27648e-15 0 1.90799e-31 2.88831 8.10927e-16 3.22692e-15 -0.535925 5.74785e-15 4.93572e-16)
(2.30832e-15 3.93755e-30 1.0251e-30 2.88831 -4.85171e-16 -9.69649e-16 -0.535925 -4.55764e-17 -6.20122e-15)
(0 4.89253e-31 4.89253e-30 2.69187 -2.60833e-16 3.06893e-15 -0.52343 5.31428e-15 7.24328e-16)
(-8.02836e-15 -4.89253e-31 -4.89253e-30 2.69187 -1.31747e-15 -9.59349e-16 -0.52343 4.95284e-17 -5.84671e-15)
(0 4.67016e-31 2.80209e-30 2.51037 -2.41854e-16 2.49222e-15 -0.511549 4.94745e-15 4.78019e-16)
(8.18024e-15 -4.67016e-31 -9.34031e-31 2.51037 -1.0163e-15 -7.89808e-16 -0.511549 2.53736e-16 -5.59825e-15)
(-6.1719e-15 4.45789e-31 1.21797e-30 2.34259 2.55799e-16 3.0559e-15 -0.500249 4.60389e-15 5.51456e-16)
(-6.32084e-15 -4.45789e-31 -8.91578e-31 2.34259 -2.07763e-15 -1.68464e-15 -0.500249 5.33568e-16 -5.31523e-15)
(-5.95114e-15 -8.51054e-31 6.07343e-30 2.18736 6.22547e-16 2.85449e-15 -0.489495 4.37771e-15 7.73949e-16)
(0 0 -5.10633e-30 2.18736 -1.19308e-15 -3.24213e-15 -0.489495 6.95883e-16 -4.90634e-15)
(2.47813e-15 0 -2.99871e-31 2.04363 8.98512e-16 3.13842e-15 -0.479251 4.04834e-15 5.11894e-16)
(8.61486e-15 8.57345e-31 0 2.04363 -3.54987e-30 -4.57116e-15 -0.479251 7.72228e-16 -4.37446e-15)
(-1.30399e-15 -7.75449e-31 3.05598e-30 1.91043 7.81203e-16 2.82841e-15 -0.469482 3.64711e-15 9.87242e-16)
(0 0 -4.65269e-30 1.91043 -6.9113e-16 -3.67906e-15 -0.469482 1.00375e-15 -3.7856e-15)
(4.44439e-15 0 -1.75471e-30 1.78688 1.00358e-15 1.90117e-15 -0.460156 3.3708e-15 4.04146e-16)
(8.88879e-15 0 1.48041e-30 1.78688 -4.08905e-16 -2.06704e-15 -0.460156 8.9843e-16 -3.55019e-15)
(-2.25536e-15 3.43276e-30 -4.14378e-30 1.67218 -2.51874e-29 3.3059e-15 -0.451239 3.09196e-15 5.89494e-16)
(-9.02145e-15 0 4.23936e-30 1.67218 -3.45697e-16 -2.43981e-15 -0.451239 9.40923e-16 -3.17292e-15)
(0 0 -1.34889e-30 1.5656 -1.87356e-15 3.75992e-15 -0.4427 2.99619e-15 9.7641e-16)
(1.52654e-14 0 2.69778e-30 1.5656 7.43018e-16 -2.97225e-15 -0.4427 9.0278e-16 -2.61541e-15)
(2.31971e-15 0 -1.28758e-30 1.46647 -2.07369e-15 2.42391e-15 -0.43451 2.93661e-15 8.95269e-16)
(9.27886e-15 3.83456e-31 1.28758e-30 1.46647 -2.5638e-30 -1.9811e-15 -0.43451 6.90772e-16 -2.15567e-15)
(2.7676e-15 6.1453e-31 -2.45812e-30 1.37418 -2.19735e-15 2.29202e-15 -0.426639 2.9013e-15 5.28887e-16)
(0 6.1453e-31 1.22906e-30 1.37418 -1.61134e-15 -1.07129e-15 -0.426639 7.42633e-16 -1.92914e-15)
(4.76323e-15 5.86599e-31 0 1.28818 -2.30769e-15 1.87718e-15 -0.419061 2.86988e-15 7.17473e-16)
(2.64181e-15 0 -1.1732e-30 1.28818 -1.49129e-15 -1.74889e-15 -0.419061 7.89991e-16 -1.48492e-15)
(0 0 1.11987e-30 1.20798 -2.06663e-15 1.75351e-15 -0.41175 2.93926e-15 3.01565e-16)
(-2.52173e-15 -5.59937e-31 1.11987e-30 1.20798 -1.91987e-15 -4.42533e-15 -0.41175 8.58248e-16 -1.0413e-15)
(4.88252e-15 0 0 1.13311 -7.05203e-16 1.46881e-15 -0.404681 2.92143e-15 6.81674e-16)
(9.76503e-15 0 0 1.13311 -1.52467e-15 -4.69643e-15 -0.404681 1.11655e-15 -2.37537e-16)
(0 0 7.77877e-62 1.06317 1.23286e-15 9.72346e-61 -0.39783 2.62616e-15 2.46519e-30)
(-9.88116e-15 -2.55097e-31 0 1.06317 -1.88014e-15 -1.02834e-15 -0.39783 1.33335e-15 4.48887e-17)
(-6.88536e-15 -4.87005e-31 1.94802e-30 0.997762 1.64518e-15 3.7777e-15 -0.391174 2.14511e-15 5.8626e-17)
(-9.99527e-15 0 9.74009e-31 0.997762 -1.30675e-15 3.99243e-16 -0.391174 1.57997e-15 -9.31503e-17)
(-2.52686e-15 9.48314e-31 0 0.936552 -4.57797e-30 2.86722e-15 -0.384692 1.70833e-15 6.1592e-17)
(0 0 0 0.936552 -7.73814e-16 -5.2178e-16 -0.384692 1.76482e-15 -1.60542e-16)
(3.99686e-15 0 0 0.87922 -3.33178e-15 1.20446e-15 -0.378362 1.94199e-15 2.41492e-18)
(-1.02177e-14 0 8.75812e-47 0.87922 -1.64801e-15 1.2326e-32 -0.378362 1.75518e-15 -1.27072e-16)
(0 0 0 0.825478 -1.97053e-15 2.21668e-16 -0.372163 2.44729e-15 -2.28947e-16)
(0 0 0 0.825478 -3.9781e-16 7.39739e-16 -0.372163 2.10758e-15 -2.53021e-16)
(-3.64179e-15 -2.0216e-31 0 0.775059 -2.11439e-16 1.39099e-15 -0.366076 2.24567e-15 -6.1299e-16)
(0 -5.51761e-45 1.61728e-30 0.775059 -4.96736e-30 9.37678e-17 -0.366076 2.13192e-15 -3.74749e-16)
(2.63445e-15 0 0 0.72772 -3.63926e-16 9.57565e-16 -0.360078 2.26651e-15 -9.78595e-16)
(0 0 0 0.72772 -1.09387e-15 -7.37638e-16 -0.360078 2.26253e-15 -3.41231e-16)
(8.63878e-15 0 0 0.683236 -8.34496e-16 -2.6223e-15 -0.35415 2.18514e-15 -1.10758e-15)
(-3.31826e-15 0 -1.74054e-30 0.683236 -4.45615e-16 -9.96616e-17 -0.35415 2.63539e-15 -5.4002e-16)
(3.16744e-15 0 2.10195e-45 0.641402 -9.94717e-16 5.91646e-31 -0.348271 2.53446e-15 -2.97218e-16)
(-3.16744e-15 -2.18953e-47 0 0.641402 -5.92926e-30 1.25231e-15 -0.348271 2.92491e-15 -5.08364e-16)
(-3.02348e-15 1.67837e-31 1.34269e-30 0.602025 -2.48994e-16 9.51538e-16 -0.342419 2.843e-15 -1.20217e-15)
(0 -2.51755e-31 0 0.602025 -6.14832e-16 1.1995e-15 -0.342419 2.86334e-15 -7.02239e-16)
(2.7352e-15 0 0 0.56493 2.89811e-16 4.68469e-16 -0.336571 2.70689e-15 -8.3716e-16)
(-2.88606e-15 0 0 0.56493 -1.2198e-15 -7.60652e-17 -0.336571 2.70841e-15 -5.40324e-16)
(2.75937e-15 0 0 0.529952 5.98322e-16 -6.15582e-16 -0.330705 2.74263e-15 -1.33019e-15)
(0 0 0 0.529952 -5.0294e-16 -9.27769e-16 -0.330705 3.32256e-15 -9.12892e-16)
(-5.25933e-15 -2.18964e-31 0 0.496938 0 -3.77803e-15 -0.324793 2.60614e-15 -3.79426e-16)
(5.25933e-15 2.18964e-31 0 0.496938 3.7141e-17 -6.36526e-16 -0.324793 3.23865e-15 -6.76626e-16)
(4.72393e-15 -3.48352e-32 1.34725e-30 0.465747 -2.23503e-15 -5.97619e-18 -0.318809 2.81283e-15 2.06503e-18)
(-2.74723e-14 5.22529e-32 -1.11473e-30 0.465747 -9.20893e-16 -1.24247e-15 -0.318809 2.73054e-15 -9.60416e-16)
(2.39605e-15 -2.66015e-31 -1.75162e-46 0.436244 -2.0463e-15 -2.36269e-45 -0.312723 3.35838e-15 2.44092e-30)
(-2.26357e-14 1.33008e-31 0 0.436244 -9.41599e-16 -2.62777e-15 -0.312723 3.64536e-15 -1.07814e-15)
(0 2.53925e-31 0 0.408302 -1.92755e-15 1.65474e-15 -0.306499 3.60148e-15 4.42801e-16)
(0 -1.75162e-46 0 0.408302 -4.14152e-30 -1.57482e-15 -0.306499 2.92383e-15 2.66584e-17)
(7.24058e-15 -2.42383e-31 -1.93907e-30 0.381803 -1.82537e-15 -1.56084e-15 -0.300099 3.78642e-15 3.23408e-16)
(-1.14967e-14 4.82491e-30 -1.93907e-30 0.381803 -2.07333e-16 -1.09861e-15 -0.300099 1.91016e-15 1.5374e-16)
(2.89593e-15 0 0 0.356633 -4.45905e-16 -2.02408e-15 -0.29348 3.80593e-15 2.37522e-16)
(-1.15837e-14 2.18466e-31 -8.75812e-47 0.356633 -2.59838e-15 5.64692e-46 -0.29348 2.24281e-15 -1.47911e-31)
(0 0 0 0.332681 1.24756e-15 -1.11722e-15 -0.286589 2.43609e-15 5.48209e-17)
(0 0 0 0.332681 -6.51469e-16 1.0874e-15 -0.286589 1.01215e-15 -4.92187e-16)
(2.93814e-15 0 0 0.30984 0 -7.43179e-45 -0.279367 2.51743e-15 0)
(-3.79766e-15 -1.19284e-30 0 0.30984 7.23838e-16 -2.92715e-16 -0.279367 3.3064e-16 -1.85044e-15)
(6.66473e-16 -2.09857e-31 0 0.288007 -1.05146e-15 2.1412e-15 -0.271743 2.69528e-15 -8.35799e-16)
(-1.54594e-14 0 0 0.288007 -6.16298e-33 0 -0.271743 2.70805e-15 4.93038e-32)
(-2.97856e-15 7.00649e-46 -1.53668e-30 0.267075 0 -1.24337e-15 -0.263632 -4.73317e-30 -8.45977e-16)
(-2.38285e-14 -3.84169e-31 1.53668e-30 0.267075 -1.04382e-15 -2.9696e-16 -0.263632 3.51938e-15 -5.11156e-16)
(2.99806e-15 -3.30902e-31 0 0.246939 9.92908e-16 -1.88723e-15 -0.25493 7.98619e-16 5.04257e-17)
(0 0 0 0.246939 1.95377e-16 -2.19205e-15 -0.25493 2.83631e-15 2.6989e-16)
(0 4.37906e-46 0 0.227489 -9.86076e-32 -2.13517e-15 -0.24551 2.53142e-15 1.28375e-16)
(-2.41365e-14 4.41019e-31 0 0.227489 -2.08303e-16 -1.63738e-15 -0.24551 2.68499e-15 2.10403e-16)
(0 0 1.96057e-31 0.208607 8.86854e-17 -1.00388e-15 -0.235215 1.27168e-15 3.07473e-16)
(0 0 0 0.208607 -3.66245e-16 -1.52048e-15 -0.235215 7.15222e-16 3.40495e-16)
(3.05342e-15 0 0 0.190166 2.12047e-46 -2.26487e-15 -0.223844 1.56501e-15 -7.22276e-17)
(0 0 8.75812e-46 0.190166 -7.33369e-16 -2.27144e-45 -0.223844 2.42275e-15 1.2819e-30)
(2.74222e-15 -6.08895e-31 -2.43558e-30 0.172023 2.05801e-16 -3.19418e-15 -0.211145 2.03596e-15 -2.96287e-16)
(1.22829e-14 -1.91099e-30 2.43558e-30 0.172023 1.04043e-16 -2.6948e-15 -0.211145 7.72296e-16 -8.50398e-16)
(8.32253e-15 -2.73691e-48 0 0.154013 -1.77494e-30 -5.25487e-46 -0.196791 2.12571e-15 6.04943e-31)
(7.11428e-15 2.74924e-31 -2.89199e-30 0.154013 1.95903e-15 -9.68021e-16 -0.196791 2.80765e-15 2.75762e-16)
(4.99722e-15 2.77401e-31 -2.21921e-30 0.135945 -9.49583e-16 2.89924e-15 -0.18036 2.01144e-15 -2.11219e-16)
(-1.74104e-14 7.10525e-32 2.21921e-30 0.135945 1.35585e-30 9.35148e-16 -0.18036 1.70567e-15 1.12187e-16)
(0 -3.50325e-46 -2.11834e-30 0.117591 -2.46519e-32 -1.73801e-15 -0.16131 -8.80851e-31 -4.70709e-16)
(0 -5.29586e-31 2.11834e-30 0.117591 -5.60841e-16 -1.33123e-16 -0.16131 1.75935e-15 3.96639e-16)
(-4.55328e-15 0 0 0.0986875 6.28593e-17 9.86076e-32 -0.138957 1.64694e-15 4.23408e-31)
(4.55328e-15 0 -8.11698e-32 0.0986875 -8.79531e-16 2.25813e-15 -0.138957 2.04038e-15 -4.19232e-16)
(-4.34633e-15 0 1.93016e-30 0.0789396 -1.45339e-15 3.11457e-15 -0.112481 3.14914e-15 3.16971e-16)
(1.25843e-14 -1.45914e-30 0 0.0789396 -1.37551e-15 2.28955e-15 -0.112481 1.22846e-15 1.44087e-16)
(-3.15824e-15 0 0 0.0580581 0 -3.05495e-16 -0.0809923 -4.15361e-46 1.16685e-16)
(0 0 4.92644e-46 0.0580581 -1.07986e-16 1.2326e-32 -0.0809923 8.0074e-16 1.08468e-30)
(0 -8.86845e-31 -1.75869e-30 0.0358235 1.34441e-15 -8.63183e-16 -0.0436764 1.17781e-15 2.63486e-16)
(0 8.79343e-31 1.75869e-30 0.0358235 8.05655e-16 3.11212e-16 -0.0436764 9.17139e-16 -5.62105e-16)
(-1.84078e-18 0 1.67875e-30 4.22803e-11 1.3991e-15 -1.28365e-15 -3.88063e-11 2.55267e-15 9.37213e-16)
(1.47263e-17 4.19688e-31 1.67875e-30 4.2561e-11 8.78135e-16 -1.74169e-15 -3.90656e-11 1.92967e-15 2.89257e-16)
(3.68157e-18 1.07927e-31 0 -2.03225e-13 3.46703e-16 4.19374e-16 1.88294e-13 -1.66596e-15 1.8258e-16)
(-7.56042e-15 2.09844e-31 0 -8.32253e-13 7.02727e-16 0 7.63833e-13 -1.39483e-15 4.93038e-32)
(0 0 0 -0.0358235 -3.20717e-16 -2.50248e-15 0.0436764 -1.53618e-15 1.08717e-15)
(0 -1.69822e-31 1.75869e-30 -0.0358235 3.01664e-45 -3.06719e-15 0.0436764 -1.22369e-15 1.04922e-15)
(0 0 0 -0.0580581 -2.17822e-16 -3.20918e-15 0.0809923 -1.34639e-15 -1.08152e-16)
(0 0 0 -0.0580581 -8.18021e-16 -4.46989e-15 0.0809923 -1.22048e-15 -7.65345e-16)
(7.49239e-15 -4.07282e-32 0 -0.0789396 -3.76404e-17 -2.16748e-15 0.112481 -1.00588e-15 -1.2698e-15)
(-4.34633e-15 0 0 -0.0789396 -5.71564e-16 -1.37363e-15 0.112481 -6.1852e-16 -7.34273e-16)
(-6.2655e-15 7.01327e-32 -4.44863e-33 -0.0986875 -9.38735e-16 -6.85836e-16 0.138957 -2.12068e-15 1.55751e-15)
(0 0 -6.84228e-48 -0.0986875 -9.20677e-16 -6.07716e-62 0.138957 -2.15192e-15 -4.93038e-32)
(1.65163e-15 3.35526e-31 -1.05917e-30 -0.117591 -9.19911e-16 -1.35626e-15 0.16131 -9.40359e-16 1.03031e-15)
(-1.72439e-14 2.3579e-31 1.05917e-30 -0.117591 -1.68309e-15 -8.84912e-16 0.16131 -2.73129e-15 -1.72213e-16)
(1.89392e-15 2.44883e-32 1.10961e-30 -0.135945 4.42136e-16 -2.04316e-15 0.18036 -3.08042e-15 3.29041e-16)
(-1.74104e-14 2.21299e-30 -3.32269e-31 -0.135945 3.61968e-29 -5.46421e-30 0.18036 7.88861e-31 0)
(3.08736e-15 -1.36964e-31 0 -0.154013 8.08575e-16 -4.12515e-16 0.196791 -1.7643e-15 -8.67917e-16)
(1.23494e-14 0 0 -0.154013 5.03728e-16 -1.25775e-15 0.196791 -2.10112e-15 1.93613e-17)
(-3.28498e-16 6.74375e-45 6.08895e-31 -0.172023 -7.64209e-31 4.32446e-16 0.211145 -3.39501e-15 -6.59464e-16)
(1.22829e-14 -2.71852e-43 0 -0.172023 -3.06656e-29 -1.23558e-15 0.211145 3.9443e-31 5.53096e-16)
(0 -5.1246e-46 0 -0.190166 2.07449e-29 -7.06866e-16 0.223844 -3.9443e-31 -1.70769e-16)
(2.44274e-14 3.18944e-31 0 -0.190166 2.01414e-15 -2.25771e-16 0.223844 -2.53906e-15 3.48069e-16)
(-3.03552e-15 4.11245e-31 0 -0.208607 6.37039e-16 5.55269e-16 0.235215 -1.27841e-15 -5.25855e-16)
(0 0 0 -0.208607 -2.95823e-31 -3.27845e-32 0.235215 -1.25179e-15 -1.36167e-16)
(-3.01706e-15 0 1.24554e-31 -0.227489 4.85508e-16 9.75408e-16 0.24551 -2.7287e-15 -1.73365e-17)
(1.20682e-14 -8.96727e-32 0 -0.227489 -1.17836e-15 -5.39959e-16 0.24551 -1.3388e-15 -4.44846e-16)
(0 -1.75162e-46 0 -0.246939 -1.1819e-44 -3.11411e-30 0.25493 -1.79739e-15 0)
(-1.52953e-14 1.21452e-30 -7.33416e-31 -0.246939 -9.88566e-16 1.24248e-15 0.25493 -7.51613e-16 -5.81328e-16)
(6.92058e-15 0 0 -0.267075 -3.58107e-16 -1.36459e-15 0.263632 -1.79051e-15 -7.62459e-17)
(-6.92058e-15 0 0 -0.267075 -1.46293e-15 -1.97215e-31 0.263632 -2.14949e-15 0)
(7.25011e-15 -5.9914e-31 8.81727e-31 -0.288007 -5.21536e-16 -6.32036e-16 0.271743 -1.82567e-15 3.02453e-16)
(-7.25011e-15 -1.4119e-42 -8.04924e-31 -0.288007 7.94754e-29 -8.63303e-16 0.271743 8.26844e-47 5.23651e-16)
(0 -8.43251e-31 0 -0.30984 -8.35302e-16 -1.40564e-15 0.279367 -8.7085e-16 2.6509e-16)
(0 0 -3.7303e-44 -0.30984 1.25741e-15 -4.19994e-30 0.279367 -2.03217e-15 9.86076e-32)
(3.97849e-15 0 0 -0.332681 -2.19311e-16 -1.74183e-15 0.286589 -4.11249e-16 -3.07388e-16)
(1.93595e-14 -2.09284e-30 -3.07314e-31 -0.332681 7.0055e-16 -4.60309e-16 0.286589 -3.05458e-16 6.11408e-16)
(4.16793e-15 0 0 -0.356633 -1.06673e-15 1.10768e-15 0.29348 -1.5192e-15 -4.27714e-16)
(-4.16793e-15 -3.43661e-31 0 -0.356633 -9.86076e-31 -4.82842e-16 0.29348 -2.47634e-15 2.00962e-16)
(-1.4922e-15 2.24733e-43 -5.60519e-45 -0.381803 2.52962e-29 -3.92405e-31 0.300099 -2.69911e-46 -3.08149e-33)
(-4.36639e-15 -1.4543e-30 4.84767e-31 -0.381803 3.31324e-16 -1.98419e-15 0.300099 -2.54281e-15 3.28149e-16)
(4.5743e-15 8.45577e-31 2.53925e-31 -0.408302 1.14318e-15 -4.67214e-16 0.306499 -2.49434e-15 3.76001e-16)
(1.82419e-14 6.85106e-31 -2.53925e-31 -0.408302 2.86712e-16 -6.74064e-17 0.306499 -2.07134e-15 -1.00847e-16)
(8.05499e-15 2.61327e-31 8.43741e-32 -0.436244 0 0 0.312723 -1.88306e-15 4.93038e-32)
(8.92182e-15 -1.61157e-31 0 -0.436244 -4.48303e-16 2.03667e-15 0.312723 -1.59078e-15 4.47013e-16)
(2.21379e-15 -2.07525e-31 0 -0.465747 -5.18149e-16 -1.68207e-15 0.318809 -1.31037e-15 -5.41989e-16)
(1.74317e-14 -1.62426e-30 3.2777e-30 -0.465747 -2.29065e-16 3.53839e-16 0.318809 -5.03381e-16 1.22267e-16)
(2.78313e-15 -8.34496e-32 -2.91952e-31 -0.496938 -3.25178e-16 -7.0789e-16 0.324793 -1.35163e-15 -4.75767e-16)
(0 0 8.88073e-44 -0.496938 2.09964e-16 9.99732e-30 0.324793 -5.05457e-16 4.05164e-47)
(-5.51873e-15 1.41658e-31 0 -0.529952 6.85323e-16 1.81204e-15 0.330705 -1.60027e-15 -5.42132e-16)
(0 0 0 -0.529952 1.44799e-15 -2.62061e-15 0.330705 -5.22137e-16 8.92537e-16)
(-5.47039e-15 3.20417e-31 1.9563e-31 -0.56493 9.54195e-16 2.07402e-30 0.336571 -1.91336e-15 0)
(-5.77211e-15 0 0 -0.56493 5.53594e-16 -1.40831e-15 0.336571 -1.20158e-15 -1.26117e-16)
(5.7341e-15 -4.12724e-31 0 -0.602025 -1.31828e-16 -2.55429e-15 0.342419 -2.8316e-16 -2.83698e-16)
(1.08425e-14 5.89679e-31 1.73411e-44 -0.602025 1.39068e-17 1.94434e-30 0.342419 -1.11264e-15 1.18101e-46)
(-2.68565e-15 -1.71481e-31 0 -0.641402 -1.06003e-30 -1.63853e-15 0.348271 0 -3.15868e-16)
(1.07426e-14 0 0 -0.641402 0 -6.68093e-16 0.348271 -9.26025e-16 -5.75233e-18)
(2.66026e-15 -6.96925e-31 0 -0.683236 4.53305e-16 1.74452e-16 0.35415 -1.1849e-16 -5.37041e-16)
(1.0641e-14 1.84201e-31 3.2172e-32 -0.683236 2.68157e-16 -2.56619e-16 0.35415 -1.13531e-15 6.70777e-17)
(-2.63445e-15 0 0 -0.72772 1.09939e-15 1.29706e-15 0.360078 -1.34632e-15 -7.66618e-17)
(0 -7.00649e-46 -1.92971e-31 -0.72772 4.93038e-32 -1.2079e-16 0.360078 -7.68804e-16 -3.33403e-17)
(-2.60822e-15 7.62774e-31 0 -0.775059 -4.93433e-16 -9.86076e-32 0.366076 -7.67413e-16 2.46519e-32)
(0 -2.39566e-31 -2.0216e-31 -0.775059 -4.17842e-16 4.13675e-16 0.366076 -5.3158e-16 2.62196e-16)
(2.58155e-15 -1.73865e-30 1.05893e-31 -0.825478 -9.12145e-30 -1.02171e-16 0.372163 -1.97215e-31 -5.0459e-16)
(1.03262e-14 2.11786e-31 1.05893e-31 -0.825478 -1.56511e-15 -1.4359e-15 0.372163 -9.18029e-16 7.19576e-18)
(0 0 4.95925e-31 -0.87922 1.3317e-15 0 0.378362 -3.73387e-16 -2.25531e-17)
(1.02177e-14 0 -1.10935e-31 -0.87922 -9.04396e-30 -9.56142e-16 0.378362 0 -4.72135e-16)
(4.62045e-15 0 0 -0.936552 4.83096e-16 -1.4213e-15 0.384692 -5.97282e-16 -9.5638e-17)
(2.02149e-14 -1.16217e-31 0 -0.936552 1.36731e-15 6.72147e-17 0.384692 -5.99883e-16 -3.89873e-16)
(2.19327e-15 -4.55775e-31 1.21751e-31 -0.997762 -2.55978e-16 -4.28575e-16 0.391174 -5.06151e-17 -1.14307e-16)
(-2.19327e-15 -2.53599e-31 0 -0.997762 -2.4658e-30 -5.20382e-16 0.391174 -9.13685e-16 -3.03118e-16)
(0 -6.83133e-45 9.63393e-46 -1.06317 7.78538e-30 -1.03294e-30 0.39783 0 0)
(7.58345e-15 -3.32583e-32 0 -1.06317 5.36224e-16 -2.27576e-16 0.39783 -5.01829e-16 -2.934e-16)
(4.88252e-15 0 0 -1.13311 5.98294e-16 -1.0671e-15 0.404681 -4.93412e-16 -9.86916e-17)
(0 0 -4.56817e-33 -1.13311 -1.88095e-16 -1.17544e-44 0.404681 -4.8935e-16 -3.29171e-17)
(0 0 0 -1.20798 -3.256e-16 -4.49714e-16 0.41175 -6.44629e-17 -1.13914e-16)
(0 1.39984e-31 0 -1.20798 -7.62689e-30 -4.12539e-16 0.41175 0 -1.43938e-16)
(4.76323e-15 -6.82619e-31 0 -1.28818 2.57502e-16 -2.41652e-16 0.419061 -4.22717e-17 -8.66992e-17)
(9.52645e-15 0 0 -1.28818 9.33078e-16 -2.2246e-16 0.419061 -9.47496e-16 -2.33865e-16)
(-2.35096e-15 3.09944e-32 0 -1.37418 -2.13231e-16 4.06159e-18 0.426639 -3.70242e-16 -5.85972e-17)
(0 -9.59595e-32 0 -1.37418 -1.15278e-44 1.97426e-16 0.426639 -6.91461e-16 -1.88474e-16)
(-2.31971e-15 -9.69821e-31 0 -1.46647 -3.98264e-17 -2.49532e-16 0.43451 -5.95712e-18 -5.71514e-17)
(-2.89938e-15 0 0 -1.46647 -1.14423e-15 -4.60095e-32 0.43451 -7.65286e-16 -4.95898e-17)
(2.28786e-15 -8.91519e-32 0 -1.5656 2.21892e-16 -2.61566e-16 0.4427 -5.34737e-17 -1.05209e-16)
(9.15144e-15 -3.62694e-31 0 -1.5656 1.40326e-15 -2.61151e-16 0.4427 -2.62674e-16 -2.51147e-16)
(0 8.832e-32 4.416e-32 -1.67218 8.71236e-16 3.71378e-16 0.451239 -2.11111e-16 -9.7417e-17)
(0 -8.832e-32 -4.416e-32 -1.67218 -5.91646e-31 4.52646e-16 0.451239 -5.61759e-16 -2.58778e-16)
(2.2222e-15 -4.05059e-32 0 -1.78688 9.24802e-16 1.89419e-17 0.460156 -3.9565e-16 -1.05806e-16)
(-8.88879e-15 0 -4.62627e-32 -1.78688 -1.37748e-15 5.60415e-16 0.460156 -6.10688e-16 -2.12811e-16)
(-2.18833e-15 5.3543e-32 1.45397e-31 -1.91043 4.72189e-16 4.10675e-17 0.469482 -1.7355e-16 -1.29701e-16)
(-8.7533e-15 2.32194e-31 -1.01288e-31 -1.91043 -8.82529e-16 -1.26341e-31 0.469482 -1.52408e-16 -1.10423e-16)
(-1.8293e-15 1.01547e-31 0 -2.04363 6.55364e-16 3.28059e-16 0.479251 -3.5881e-16 -1.00793e-16)
(1.04442e-14 8.75812e-44 0 -2.04363 -9.82424e-30 -7.19035e-16 0.479251 5.66097e-46 -1.72063e-16)
(2.11833e-15 5.27539e-31 0 -2.18736 0 1.34651e-16 0.489495 -2.69407e-16 -3.06314e-17)
(0 5.31909e-32 0 -2.18736 6.36173e-16 -1.66403e-16 0.489495 -6.13923e-16 -1.69619e-16)
(0 0 0 -2.34259 -2.15381e-16 7.4777e-16 0.500249 -4.4589e-16 -2.2474e-17)
(8.32849e-15 -1.35636e-31 0 -2.34259 -6.40949e-31 3.66655e-16 0.500249 -4.88681e-16 -1.62802e-16)
(-4.14831e-15 1.24628e-33 8.20746e-31 -2.51037 1.2371e-15 4.52915e-17 0.511549 -5.34707e-16 4.66945e-18)
(2.10325e-15 -5.8377e-32 -5.8377e-32 -2.51037 -6.81561e-16 1.36474e-16 0.511549 -4.196e-16 -1.63972e-16)
(-2.2034e-15 -6.11566e-32 -2.01875e-44 -2.69187 2.4802e-15 -1.13642e-30 0.52343 -3.2046e-16 1.23211e-48)
(1.60567e-14 -3.74847e-44 -6.11566e-32 -2.69187 -4.19276e-30 -1.90426e-16 0.52343 -9.86076e-32 -1.10642e-16)
(0 -2.56275e-31 0 -2.88831 2.2919e-15 -8.47752e-16 0.535925 -8.9718e-17 -8.95109e-18)
(0 4.60093e-30 0 -2.88831 1.19685e-16 2.84378e-17 0.535925 -1.12431e-17 -8.63316e-17)
(1.92825e-15 9.162e-31 0 -3.10104 5.79825e-32 -1.78335e-16 0.549067 -1.92593e-34 -9.13315e-17)
(1.5426e-14 7.55092e-32 -1.22231e-32 -3.10104 2.19415e-15 -2.03378e-31 0.549067 -2.42238e-16 -4.40382e-17)
(0 -7.69073e-32 0 -3.3315 -1.02437e-15 2.38114e-16 0.562883 -9.98566e-17 -1.41758e-16)
(0 1.01078e-31 0 -3.3315 1.70897e-15 9.36707e-17 0.562883 -1.59061e-16 -5.81928e-17)
(2.654e-15 1.84158e-32 0 -3.58118 -1.09072e-15 2.99583e-16 0.577398 -1.18148e-16 -1.64855e-16)
(4.72676e-15 -2.30198e-32 0 -3.58118 6.85381e-16 -4.93038e-32 0.577398 -1.64837e-16 -2.8598e-17)
(-1.80196e-15 9.64636e-33 0 -3.85165 -8.5575e-16 2.33569e-16 0.592623 -1.32723e-16 -1.45462e-16)
(0 -1.7086e-30 0 -3.85165 1.41772e-16 -5.39261e-16 0.592623 -1.91488e-16 -8.0131e-17)
(-1.75752e-15 0 0 -4.14449 4.37712e-16 3.18545e-16 0.608561 -1.61188e-16 -1.42749e-16)
(7.03007e-15 5.05284e-33 0 -4.14449 -3.15853e-31 2.17161e-16 0.608561 -1.69333e-16 -1.00477e-16)
(3.23756e-15 1.81829e-32 4.23475e-32 -4.46123 1.61497e-46 2.95627e-16 0.625195 -1.31022e-16 -1.55048e-16)
(0 -7.94015e-33 -4.23475e-32 -4.46123 -3.8171e-16 -6.11667e-17 0.625195 -1.82299e-16 -7.71106e-17)
(-1.66485e-15 -3.6407e-30 1.62359e-32 -4.80332 -6.1277e-30 -2.39357e-31 0.642486 2.46519e-32 -1.16992e-16)
(0 2.21819e-32 0 -4.80332 3.0867e-16 -4.45038e-16 0.642486 -2.111e-16 -1.16768e-16)
(1.61654e-15 -4.89546e-30 0 -5.17194 3.19261e-16 -2.13419e-16 0.660362 -2.06716e-17 -1.27271e-16)
(6.46618e-15 -2.32382e-32 0 -5.17194 1.10934e-30 -1.38089e-17 0.660362 -1.69114e-16 -1.32159e-16)
(0 -6.08616e-33 4.86893e-32 -5.56793 -7.92417e-16 8.98702e-17 0.678711 -1.4511e-16 -1.24994e-16)
(0 6.08616e-33 -4.86893e-32 -5.56793 -3.53579e-16 -3.44693e-17 0.678711 -1.85639e-16 -1.24324e-16)
(0 -6.99682e-30 1.53046e-32 -5.99157 -5.1016e-30 -2.59417e-31 0.69737 0 -1.10281e-16)
(1.83775e-15 7.65115e-32 -5.10077e-32 -5.99157 4.14838e-16 1.00505e-17 0.69737 -1.90951e-16 -1.3625e-16)
(0 0 0 -6.44233 1.40089e-15 -5.38061e-18 0.716116 -1.64204e-16 -9.62141e-17)
(5.85453e-15 -1.03314e-32 0 -6.44233 -1.83458e-31 -3.12867e-16 0.716116 -7.44458e-17 -1.46936e-16)
(-6.06841e-16 -2.79904e-32 2.7064e-32 -6.91865 1.17154e-15 -5.03468e-31 0.734649 -1.11614e-16 -6.50056e-17)
(1.32976e-14 2.79904e-32 0 -6.91865 -8.72915e-16 -3.54631e-16 0.734649 -7.52381e-17 -1.80009e-16)
(-1.35537e-15 0 0 -7.41763 4.24816e-16 -4.28775e-16 0.752589 -7.29338e-17 -6.66207e-17)
(1.0843e-14 0 0 -7.41763 -2.10536e-16 8.93139e-17 0.752589 -6.86091e-17 -1.52988e-16)
(2.21357e-15 -1.53597e-32 6.14389e-32 -7.9348 -9.27202e-16 -4.52585e-16 0.769471 -5.98967e-17 -8.13847e-17)
(0 1.31992e-32 -3.07195e-32 -7.9348 -2.71171e-31 -2.89889e-16 0.769471 -9.51105e-17 -1.37202e-16)
(0 -3.95418e-30 -6.43644e-32 -8.46397 -2.69539e-16 -3.31052e-16 0.784752 -1.26019e-17 -7.29954e-17)
(-6.13174e-15 0 0 -8.46397 -8.27606e-18 -4.08804e-16 0.784752 -3.65139e-17 -1.41526e-16)
(1.2147e-15 -1.93728e-32 3.37146e-32 -8.99721 4.19082e-31 -2.65055e-16 0.797827 0 -6.55575e-17)
(0 3.37146e-32 -3.37146e-32 -8.99721 2.99681e-17 -3.8445e-16 0.797827 -1.02913e-16 -1.50548e-16)
(-1.44138e-16 -5.28751e-32 3.53199e-32 -9.52512 8.49006e-17 -2.55369e-16 0.808064 -3.10299e-17 -5.07984e-17)
(5.78612e-15 3.53199e-32 -3.53199e-32 -9.52512 3.41444e-16 -4.70281e-16 0.808064 -3.86116e-17 -1.57762e-16)
(1.07091e-15 -2.06769e-32 3.70017e-32 -10.0374 1.8318e-30 -4.22328e-16 0.814862 0 -4.70491e-17)
(0 0 0 -10.0374 9.72774e-17 -3.17133e-16 0.814862 -9.38228e-18 -1.47974e-16)
(-1.3966e-15 2.90727e-32 -7.75271e-32 -10.5235 1.38904e-15 -4.42018e-16 0.817705 -9.78709e-17 -4.45746e-17)
(-1.3966e-15 0 3.87636e-32 -10.5235 -7.0496e-17 -2.59098e-16 0.817705 -5.1857e-17 -1.37974e-16)
(-1.91469e-15 1.74621e-32 -2.03047e-32 -10.9739 7.89325e-16 -4.6119e-16 0.816233 -6.81325e-17 -4.3465e-17)
(0 -6.14678e-33 2.03047e-32 -10.9739 -2.86235e-43 -2.70057e-16 0.816233 -4.42922e-17 -1.38285e-16)
(-6.30831e-16 0 6.38145e-32 -11.3808 9.97836e-16 -5.82852e-16 0.810296 -7.08715e-17 -4.60511e-17)
(1.53277e-15 -5.60519e-45 -6.38145e-32 -11.3808 7.0315e-31 -2.20478e-16 0.810296 0 -1.37788e-16)
(8.02878e-16 2.93735e-30 2.22843e-32 -11.7392 0 -6.11729e-16 0.79998 -3.95046e-17 -5.05321e-17)
(3.39145e-15 -2.92992e-32 -2.22843e-32 -11.7392 3.49924e-16 -1.88366e-16 0.79998 -4.97776e-17 -1.32449e-16)
(7.95346e-16 0 0 -12.0468 -1.41641e-17 -5.22377e-16 0.785603 -4.12403e-17 -4.89854e-17)
(-3.18139e-15 5.83636e-33 0 -12.0468 -4.83526e-16 -2.46044e-16 0.785603 -2.7271e-17 -1.25383e-16)
(-7.44567e-16 3.42148e-31 0 -12.3046 0 -4.08253e-16 0.76767 -4.57776e-17 -4.48171e-17)
(2.97827e-15 -3.42388e-45 -2.4457e-32 -12.3046 -3.85533e-31 -2.58431e-16 0.76767 0 -1.19263e-16)
(-6.95641e-16 0 0 -12.5159 3.08059e-17 -3.76734e-16 0.746814 -4.97595e-17 -3.99204e-17)
(0 -6.4054e-33 0 -12.5159 4.18223e-16 -1.43129e-16 0.746814 -3.09861e-17 -1.09776e-16)
(0 0 -2.68416e-32 -12.6856 -4.41892e-44 -4.96268e-16 0.723721 -4.32699e-17 -3.73705e-17)
(0 -1.30167e-44 2.68416e-32 -12.6856 4.88508e-31 -5.7362e-17 0.723721 6.80127e-49 -9.6967e-17)
(2.02624e-15 0 -2.81197e-32 -12.8196 -5.15186e-16 -5.42334e-16 0.699061 -5.0014e-17 -3.65442e-17)
(3.87934e-16 7.02992e-33 1.40598e-32 -12.8196 8.50941e-16 -1.86794e-16 0.699061 -1.6808e-17 -8.71447e-17)
(-1.03167e-15 1.02941e-32 -5.89172e-32 -12.9242 3.78812e-16 -4.7733e-16 0.673447 -3.88302e-17 -3.27031e-17)
(2.24147e-15 0 1.47293e-32 -12.9242 1.99589e-16 -2.14918e-16 0.673447 -8.10373e-18 -8.30617e-17)
(-5.55947e-16 1.22341e-30 -1.54306e-32 -13.005 -1.97215e-31 -4.32128e-16 0.647395 -3.55273e-17 -3.09344e-17)
(2.07624e-15 0 0 -13.005 1.2326e-31 -1.27191e-16 0.647395 0 -7.52557e-17)
(0 0 0 -13.0673 2.07408e-16 -3.79041e-16 0.621322 -3.27934e-17 -2.90485e-17)
(3.83653e-15 0 0 -13.0673 8.11767e-17 -1.41298e-16 0.621322 -1.77707e-17 -6.82247e-17)
(-4.41819e-16 0 0 -13.1154 4.94491e-16 -3.67727e-16 0.595548 -2.21642e-17 -2.62839e-17)
(0 -2.11689e-33 -8.46755e-33 -13.1154 -3.42493e-16 -1.23217e-16 0.595548 -2.09577e-17 -6.25719e-17)
(-8.11499e-16 0 0 -13.1528 -1.2326e-31 -3.94817e-16 0.570302 -1.68976e-17 -2.49425e-17)
(1.623e-15 -4.2039e-45 0 -13.1528 -3.9443e-31 -9.41158e-17 0.570302 -9.55987e-46 -5.61727e-17)
(-3.71289e-16 0 0 -13.1824 -4.00066e-17 -3.62653e-16 0.545744 -1.98714e-17 -2.35533e-17)
(1.48516e-15 -1.02341e-32 0 -13.1824 3.94075e-16 -1.23835e-16 0.545744 -7.97549e-18 -4.97768e-17)
(-3.50763e-16 0 -1.94713e-32 -13.2062 3.20659e-16 -3.43167e-16 0.521976 -1.60156e-17 -2.12061e-17)
(0 1.21695e-33 0 -13.2062 4.12466e-16 -1.73633e-16 0.521976 -1.21808e-17 -4.40756e-17)
(-3.0692e-16 0 0 -13.2258 1.4164e-16 -3.44635e-16 0.499058 -1.40294e-17 -1.94121e-17)
(-1.22768e-15 -1.2749e-33 0 -13.2258 9.98163e-17 -1.82146e-16 0.499058 -4.12051e-18 -3.99046e-17)
(-5.53758e-16 1.50665e-33 0 -13.2423 -8.55935e-32 -3.30632e-16 0.477017 -1.08566e-17 -1.80281e-17)
(1.10752e-15 -1.2876e-33 0 -13.2423 3.91694e-17 -1.48531e-16 0.477017 -2.42483e-18 -3.62954e-17)
(0 -5.59681e-33 -1.11936e-32 -13.2567 4.5226e-17 -3.23243e-16 0.455862 -8.41991e-18 -1.6908e-17)
(-9.92731e-16 5.82819e-33 1.11936e-32 -13.2567 -3.02508e-17 -1.50441e-16 0.455862 -2.35024e-18 -3.24081e-17)
(-6.43267e-16 1.27768e-30 -1.17266e-32 -13.2694 7.97821e-17 -3.11289e-16 0.435584 -2.53249e-18 -1.55829e-17)
(8.83089e-16 -6.2949e-46 0 -13.2694 7.08788e-32 -1.62783e-16 0.435584 1.89316e-48 -2.93904e-17)
(-3.8918e-16 2.80511e-32 0 -13.281 0 -2.94959e-16 0.416164 -9.09062e-19 -1.42867e-17)
(7.78361e-16 -2.94656e-33 0 -13.281 -2.93759e-17 -1.39984e-16 0.416164 -4.02028e-18 -2.65783e-17)
(-3.39164e-16 0 0 -13.2916 -7.09082e-17 -2.85326e-16 0.397579 -7.35679e-19 -1.32311e-17)
(6.78328e-16 -2.19569e-45 0 -13.2916 8.24127e-32 -1.25358e-16 0.397579 0 -2.37711e-17)
(2.42883e-16 0 6.74137e-33 -13.3015 -1.74815e-16 -2.63074e-16 0.3798 -1.93064e-18 -1.23611e-17)
(1.74834e-15 -1.68534e-33 0 -13.3015 3.93012e-16 -1.31189e-16 0.3798 -4.79981e-18 -2.13531e-17)
(-1.2288e-16 4.41398e-34 7.06237e-33 -13.3108 6.98965e-17 -2.46073e-16 0.362799 -1.07724e-18 -1.12532e-17)
(4.91522e-16 0 -7.06237e-33 -13.3108 1.69959e-16 -1.38514e-16 0.362799 -1.53529e-18 -1.92417e-17)
(-2.34372e-16 -9.2483e-34 0 -13.3196 1.19978e-16 -2.44294e-16 0.346544 3.65551e-19 -1.03258e-17)
(-4.0436e-16 1.62438e-30 0 -13.3196 9.51244e-33 -1.36831e-16 0.346544 -1.92593e-34 -1.73512e-17)
(0 6.67499e-35 3.87547e-33 -13.328 0 -2.36549e-16 0.331006 0 -9.46013e-18)
(4.60741e-16 -1.95927e-33 -3.87547e-33 -13.328 1.41988e-18 -1.3503e-16 0.331006 -1.72269e-20 -1.56948e-17)
(-6.04016e-17 2.5375e-34 4.06e-33 -13.3359 -6.28203e-17 -2.25338e-16 0.316154 -2.57651e-19 -8.68505e-18)
(2.41606e-16 -3.80625e-34 -4.06e-33 -13.3359 1.41042e-16 -1.3587e-16 0.316154 6.56791e-19 -1.42304e-17)
(1.1804e-16 -1.32916e-34 -4.25333e-33 -13.3435 -2.11161e-17 -2.12809e-16 0.30196 -1.71348e-19 -7.90088e-18)
(8.9054e-17 1.32916e-34 0 -13.3435 3.26847e-17 -1.35387e-16 0.30196 9.6625e-19 -1.29468e-17)
(0 -2.08868e-34 -2.22792e-33 -13.3507 1.6168e-17 -2.03152e-16 0.288395 -2.37994e-19 -7.17704e-18)
(0 5.48151e-32 2.22792e-33 -13.3507 -1.13217e-17 -1.27063e-16 0.288395 3.86297e-19 -1.18134e-17)
(-5.9767e-18 1.78119e-31 2.33401e-33 -13.3576 1.78685e-17 -1.94762e-16 0.275433 1.65262e-19 -6.52941e-18)
(2.39068e-17 6.68528e-36 -2.33401e-33 -13.3576 0 -1.1744e-16 0.275433 4.81725e-20 -1.07411e-17)
(4.40478e-17 -5.34553e-51 1.89567e-29 -13.3642 -2.91087e-33 -3.9317e-16 0.186976 -2.40741e-35 -5.95982e-18)
(-4.40478e-17 -4.51301e-34 -4.89029e-33 -13.3642 3.14293e-17 -6.03819e-16 0.186976 -1.39413e-20 -9.77659e-18)
(1.15363e-17 -1.07593e-31 3.20196e-34 -13.3705 -9.91864e-18 -1.11943e-15 0.0613706 -3.88399e-20 -1.92335e-18)
(0 0 -3.20196e-34 -13.3705 2.29565e-17 -7.10424e-16 0.0613706 -7.52305e-20 -2.98476e-18)
(0 0 0 0 2.78437e-17 1.4394e-16 0 1.32992e-15 -1.8258e-16)
(1.47263e-17 4.19688e-31 3.50325e-46 -8.03396e-13 8.47318e-16 2.46519e-32 -5.54223e-13 1.24924e-15 -3.95224e-16)
(0 -4.39672e-31 3.51737e-30 -0.0358235 -6.77394e-16 2.11489e-15 -0.0436764 1.2123e-15 -1.08717e-15)
(1.26762e-14 4.39672e-31 -3.51737e-30 -0.0358235 2.14228e-16 1.67693e-15 -0.0436764 1.22369e-15 -1.04922e-15)
(0 -2.18953e-47 -1.84243e-30 -0.0580581 0 3.91645e-16 -0.0809923 0 1.08152e-16)
(-1.67817e-14 0 8.11482e-31 -0.0580581 -4.9948e-17 6.4984e-16 -0.0809923 1.8551e-15 5.43434e-16)
(6.29213e-15 -7.21287e-31 -4.01933e-31 -0.0789396 -9.02416e-47 2.07896e-15 -0.112481 1.29936e-15 1.2698e-15)
(8.23794e-15 -1.53009e-31 0 -0.0789396 -1.42399e-16 2.75619e-15 -0.112481 1.68611e-15 7.34273e-16)
(1.42053e-15 -4.2847e-31 1.01103e-30 -0.0986875 -1.75793e-15 3.60112e-15 -0.138957 1.81819e-15 -1.57353e-15)
(0 0 -1.01103e-30 -0.0986875 -6.55387e-16 1.24371e-15 -0.138957 1.10246e-15 -3.14615e-16)
(4.77009e-15 -4.96303e-32 -1.05917e-30 -0.117591 0 -3.59821e-16 -0.16131 -1.98521e-31 -1.03031e-15)
(-1.24738e-14 3.92062e-31 1.05917e-30 -0.117591 -4.77932e-16 1.31551e-15 -0.16131 2.44977e-15 1.72213e-16)
(0 1.46802e-32 0 -0.135945 3.72034e-16 -7.07551e-16 -0.18036 1.34816e-15 -3.29041e-16)
(-1.24132e-14 0 0 -0.135945 3.97475e-16 4.38226e-16 -0.18036 3.98658e-15 -5.98562e-16)
(0 0 5.8122e-31 -0.154013 -1.05734e-15 -1.02976e-15 -0.196791 2.75123e-15 8.67917e-16)
(0 4.42147e-31 -1.07477e-32 -0.154013 0 -1.42041e-44 -0.196791 2.10112e-15 -1.93613e-17)
(0 0 0 -0.172023 0 9.86076e-32 -0.211145 3.9443e-31 0)
(-1.22829e-14 1.07826e-30 -1.21779e-30 -0.172023 -8.06177e-16 1.72804e-15 -0.211145 1.59627e-15 -5.53096e-16)
(6.10685e-15 5.65371e-31 6.37888e-31 -0.190166 8.15283e-16 8.95636e-16 -0.223844 2.27676e-15 1.70769e-16)
(1.22137e-14 -1.77914e-30 -6.37888e-31 -0.190166 1.33897e-15 -9.26437e-16 -0.223844 8.08531e-16 -3.48069e-16)
(-3.03552e-15 0 4.92196e-32 -0.208607 -1.40553e-15 -2.54236e-16 -0.235215 1.83408e-15 1.7119e-16)
(-1.21421e-14 7.81748e-31 -5.60519e-45 -0.208607 7.60122e-16 -1.97215e-31 -0.235215 1.25179e-15 -1.58512e-29)
(-1.23399e-14 0 2.08005e-46 -0.227489 4.93038e-32 -4.05063e-46 -0.24551 3.44696e-31 3.68004e-31)
(-5.76246e-15 0 0 -0.227489 -1.51373e-30 -2.61849e-16 -0.24551 1.50034e-15 4.44846e-16)
(0 0 0 -0.246939 1.58612e-15 8.51441e-16 -0.25493 1.79739e-15 -3.50618e-16)
(-2.39845e-14 1.23736e-30 8.93328e-45 -0.246939 -1.39264e-15 5.73233e-45 -0.25493 1.16438e-15 1.59838e-29)
(2.97856e-15 -4.51221e-32 -3.84169e-31 -0.267075 2.99748e-16 1.58031e-15 -0.263632 1.46537e-15 7.62459e-17)
(0 0 3.84169e-31 -0.267075 1.36317e-16 2.30406e-15 -0.263632 2.23327e-16 -6.2216e-16)
(5.91716e-15 -2.11168e-31 0 -0.288007 -5.13649e-16 1.44446e-15 -0.271743 1.06485e-15 -4.36902e-16)
(0 0 0 -0.288007 3.8941e-16 5.53653e-16 -0.271743 2.95062e-15 -5.23651e-16)
(5.87627e-15 -9.89995e-31 0 -0.30984 0 -2.44161e-16 -0.279367 4.33873e-30 -2.6509e-16)
(-1.17525e-14 8.09184e-31 0 -0.30984 -4.82689e-16 9.86076e-32 -0.279367 1.13176e-15 -4.72872e-16)
(-3.97849e-15 2.7073e-32 -8.75812e-47 -0.332681 5.33257e-16 -3.80431e-46 -0.286589 2.32514e-16 1.76084e-31)
(3.97849e-15 0 -4.41701e-31 -0.332681 -6.9058e-16 9.95631e-16 -0.286589 1.45329e-15 -7.32454e-16)
(5.79186e-15 1.1837e-31 0 -0.356633 0 -2.84487e-16 -0.29348 2.27275e-15 4.27714e-16)
(-1.15837e-14 2.8026e-45 0 -0.356633 0 2.73154e-16 -0.29348 5.05074e-30 -7.12779e-16)
(2.87419e-15 0 2.43987e-32 -0.381803 -8.5104e-16 4.08889e-45 -0.300099 2.73708e-15 -2.19764e-17)
(0 0 -4.84767e-31 -0.381803 7.19555e-16 -6.63481e-17 -0.300099 3.31168e-16 -3.28149e-16)
(7.42633e-15 7.00649e-46 -2.53925e-31 -0.408302 3.82911e-44 1.18473e-15 -0.306499 -4.02265e-30 -3.76001e-16)
(6.83382e-15 3.57627e-31 3.85357e-45 -0.408302 9.72887e-16 1.43031e-44 -0.306499 1.80073e-15 3.26218e-30)
(5.65893e-15 0 0 -0.436244 1.86758e-15 -1.90689e-15 -0.312723 1.88306e-15 -3.0399e-16)
(0 0 2.66015e-31 -0.436244 7.20542e-16 1.34479e-15 -0.312723 6.77302e-16 -4.47013e-16)
(2.8065e-15 1.25958e-31 0 -0.465747 3.03125e-16 3.68197e-44 -0.318809 7.22612e-16 -2.30123e-45)
(-5.02029e-15 0 -1.11473e-30 -0.465747 5.37833e-16 6.92931e-16 -0.318809 3.73105e-16 -1.12031e-15)
(-2.78313e-15 2.10001e-31 0 -0.496938 -5.48567e-16 6.98107e-16 -0.324793 4.39727e-16 4.75767e-16)
(0 0 2.91952e-31 -0.496938 1.95491e-16 1.76528e-16 -0.324793 7.67583e-16 -1.17001e-15)
(-2.75039e-15 -2.60059e-31 -1.1534e-31 -0.529952 -5.33381e-16 1.39659e-16 -0.330705 2.36724e-16 4.39711e-17)
(-5.5277e-15 4.0045e-31 -3.05853e-31 -0.529952 4.4103e-16 -1.55083e-15 -0.330705 1.10586e-15 -8.92537e-16)
(-1.50858e-16 -1.99685e-44 3.20417e-31 -0.56493 0 1.87475e-16 -0.336571 -3.57646e-29 -2.44616e-16)
(-1.09408e-14 -3.20417e-31 0 -0.56493 6.80903e-16 -6.89783e-16 -0.336571 1.20158e-15 1.26117e-16)
(2.71063e-15 1.60762e-30 -8.75812e-46 -0.602025 3.9443e-31 9.86076e-32 -0.342419 8.38369e-16 -5.66994e-30)
(0 -7.9923e-31 3.35673e-31 -0.602025 6.6013e-16 7.45396e-16 -0.342419 1.89375e-16 -2.30016e-16)
(2.68565e-15 -3.63434e-32 1.75828e-31 -0.641402 -1.12477e-15 6.97318e-16 -0.348271 8.05169e-16 3.15868e-16)
(-1.07426e-14 1.0189e-31 -1.75828e-31 -0.641402 1.06104e-16 3.15846e-16 -0.348271 7.42477e-16 5.75233e-18)
(2.66026e-15 -1.84201e-31 -3.94115e-45 -0.683236 -1.8682e-15 2.29798e-45 -0.35415 1.18772e-15 7.09975e-30)
(0 0 1.84201e-31 -0.683236 -3.33298e-45 9.79388e-16 -0.35415 4.16932e-30 -1.25034e-16)
(-8.41814e-16 3.89473e-59 1.92971e-31 -0.72772 4.38534e-45 1.31747e-15 -0.360078 5.91646e-30 7.66618e-17)
(-3.47626e-15 0 0 -0.72772 1.19693e-15 9.19823e-16 -0.360078 7.68804e-16 3.33403e-17)
(-2.60822e-15 0 0 -0.775059 2.69308e-15 -1.17843e-15 -0.366076 7.67413e-16 -1.21409e-16)
(-3.64179e-15 0 0 -0.775059 -1.27848e-16 -3.07086e-16 -0.366076 3.57752e-16 -3.12671e-16)
(5.16309e-15 1.51203e-31 -3.95046e-31 -0.825478 6.51594e-16 -4.93038e-32 -0.372163 9.60371e-16 3.74709e-30)
(0 -8.75812e-47 0 -0.825478 0 -2.03395e-15 -0.372163 7.59694e-31 -7.19576e-18)
(2.55443e-15 1.10935e-31 4.4374e-31 -0.87922 3.52408e-16 1.43725e-15 -0.378362 8.2999e-16 2.25531e-17)
(-3.99686e-15 1.10935e-31 0 -0.87922 1.57141e-15 -9.86076e-32 -0.378362 1.01826e-15 0)
(0 0 0 -0.936552 4.09202e-18 9.84471e-16 -0.384692 5.97282e-16 9.5638e-17)
(0 2.83763e-44 0 -0.936552 -1.60756e-30 7.49215e-16 -0.384692 5.99883e-16 3.57699e-16)
(0 -2.43502e-31 0 -0.997762 -4.62611e-16 1.47227e-15 -0.391174 7.20787e-16 1.14307e-16)
(-1.21885e-14 0 1.42776e-31 -0.997762 9.26928e-45 9.99217e-16 -0.391174 -2.89665e-46 2.65243e-16)
(-2.29771e-15 6.37742e-32 -2.55097e-31 -1.06317 3.27892e-16 5.55561e-16 -0.39783 7.87738e-16 -1.05196e-16)
(2.29771e-15 3.1183e-31 2.55097e-31 -1.06317 -1.93754e-43 1.69004e-15 -0.39783 5.61742e-16 2.934e-16)
(2.44126e-15 1.35751e-44 -1.36962e-32 -1.13311 -1.52842e-30 0 -0.404681 4.93412e-16 3.84216e-31)
(2.40712e-15 -6.68109e-32 0 -1.13311 -1.07585e-15 5.55055e-16 -0.404681 4.8935e-16 3.29171e-17)
(-2.41171e-15 -1.32947e-31 -1.39984e-31 -1.20798 -8.98008e-16 5.25184e-16 -0.41175 5.85188e-16 1.13914e-16)
(-9.64682e-15 1.39984e-31 1.39984e-31 -1.20798 -2.28993e-15 -7.53064e-16 -0.41175 7.80996e-16 1.43938e-16)
(7.40503e-15 -1.4665e-31 -7.33248e-32 -1.28818 -1.70562e-16 5.78745e-16 -0.419061 7.05539e-16 8.66992e-17)
(-1.21683e-14 -1.75162e-45 -1.75162e-46 -1.28818 2.58598e-44 2.34017e-45 -0.419061 -2.95823e-30 -2.95823e-31)
(4.1664e-16 -3.29503e-31 -1.53633e-31 -1.37418 2.46519e-32 1.80546e-16 -0.426639 5.93579e-16 5.85972e-17)
(-2.7676e-15 1.53633e-31 1.53633e-31 -1.37418 7.7723e-16 9.92427e-16 -0.426639 6.91461e-16 1.66894e-16)
(0 0 0 -1.46647 -5.11681e-17 -6.97909e-17 -0.43451 7.03131e-16 5.71514e-17)
(0 -1.91446e-30 0 -1.46647 -7.05904e-17 -7.90577e-17 -0.43451 1.05587e-17 4.95898e-17)
(-2.28786e-15 0 0 -1.5656 -2.70553e-30 -1.13521e-17 -0.4427 6.95881e-16 1.05209e-16)
(9.15144e-15 3.50325e-46 -2.75752e-32 -1.5656 0 -1.17239e-15 -0.4427 1.97215e-31 2.01472e-16)
(7.69279e-15 -3.07201e-31 -1.7664e-31 -1.67218 -6.63881e-16 -3.78515e-16 -0.451239 9.04798e-17 9.7417e-17)
(-1.22035e-14 2.31853e-31 -2.10195e-45 -1.67218 6.99717e-16 1.8665e-44 -0.451239 1.44089e-16 -2.13983e-30)
(2.2222e-15 -7.37665e-32 0 -1.78688 1.01515e-15 -2.6987e-16 -0.460156 1.55982e-16 1.05806e-16)
(-8.88879e-15 3.00937e-31 5.93527e-32 -1.78688 1.32471e-15 5.90028e-16 -0.460156 2.35247e-16 1.05891e-16)
(0 0 0 -1.91043 1.23104e-15 9.18707e-18 -0.469482 3.67366e-16 1.29701e-16)
(0 -2.49318e-31 9.69311e-32 -1.91043 -1.97215e-30 2.74756e-16 -0.469482 4.49131e-16 1.10423e-16)
(2.15371e-15 3.11657e-31 0 -2.04363 1.44943e-16 5.158e-16 -0.479251 2.89297e-16 1.00793e-16)
(-8.61486e-15 1.25102e-31 -2.97776e-45 -2.04363 -1.12102e-15 8.81078e-45 -0.479251 4.11662e-16 -5.22904e-30)
(8.06946e-15 -1.06382e-31 -5.31909e-32 -2.18736 -7.19212e-16 5.44778e-16 -0.489495 4.29435e-16 3.06314e-17)
(0 7.00649e-46 0 -2.18736 -8.31193e-45 2.49149e-16 -0.489495 1.25678e-30 1.61598e-16)
(0 -1.11447e-31 0 -2.34259 -7.0768e-16 -9.93053e-17 -0.500249 7.64343e-17 2.2474e-17)
(8.32849e-15 -2.97228e-32 -3.96325e-32 -2.34259 8.90136e-16 -3.1609e-16 -0.500249 4.35138e-16 9.14068e-17)
(4.14831e-15 -8.75812e-46 0 -2.51037 9.86076e-32 1.7217e-16 -0.511549 7.29696e-30 -3.81863e-17)
(-1.02835e-14 3.56715e-32 0 -2.51037 8.80563e-16 5.07875e-44 -0.511549 9.07841e-17 3.40196e-30)
(-1.96308e-16 1.22313e-31 6.11566e-32 -2.69187 2.13453e-15 1.39111e-16 -0.52343 3.2046e-16 -6.39747e-17)
(1.60567e-14 -6.48704e-32 0 -2.69187 2.75347e-15 9.72498e-16 -0.52343 4.08081e-16 1.10642e-16)
(1.96817e-15 3.20343e-32 -6.40686e-32 -2.88831 1.0952e-15 -8.07858e-16 -0.535925 8.9718e-17 8.95109e-18)
(5.56436e-15 1.64462e-31 6.40686e-32 -2.88831 1.56389e-43 6.85029e-16 -0.535925 2.96268e-16 8.63316e-17)
(4.34647e-15 1.34239e-31 6.71193e-32 -3.10104 -4.93924e-16 -1.29445e-15 -0.549067 -9.77134e-19 9.13315e-17)
(-2.41823e-15 -1.34239e-31 -6.71193e-32 -3.10104 -6.56446e-16 2.77945e-16 -0.549067 2.42238e-16 4.40382e-17)
(2.53337e-15 7.00649e-46 7.03152e-32 -3.3315 9.89132e-44 -1.08968e-15 -0.562883 2.22485e-30 1.41758e-16)
(-2.53337e-15 -7.03152e-32 -7.03152e-32 -3.3315 -8.28861e-16 9.86057e-17 -0.562883 1.59061e-16 5.81928e-17)
(0 0 -2.10195e-45 -3.58118 4.80854e-16 -4.93038e-32 -0.577398 3.92873e-17 2.98288e-30)
(-7.38077e-15 0 -1.47327e-31 -3.58118 -1.08821e-15 -5.78576e-17 -0.577398 1.64837e-16 2.8598e-17)
(0 0 0 -3.85165 2.99741e-16 4.49068e-17 -0.592623 1.32723e-16 5.26968e-17)
(0 0 0 -3.85165 0 -3.73089e-16 -0.592623 3.04424e-30 8.0131e-17)
(-1.75752e-15 2.02178e-33 6.40619e-33 -4.14449 -3.96543e-16 -4.5199e-16 -0.608561 1.46619e-16 9.65877e-17)
(0 0 8.08454e-32 -4.14449 1.23206e-16 -1.62935e-16 -0.608561 7.75634e-17 1.00477e-16)
(3.42366e-15 0 0 -4.46123 5.46994e-16 0 -0.625195 1.31022e-16 -1.14206e-46)
(-6.84731e-15 8.88566e-32 0 -4.46123 -2.11234e-16 -1.8871e-16 -0.625195 2.22296e-17 7.71106e-17)
(3.32969e-15 2.49869e-30 -1.77914e-31 -4.80332 1.77494e-30 5.23307e-16 -0.642486 2.15169e-16 1.1534e-16)
(0 -9.66918e-31 1.77456e-31 -4.80332 -3.90762e-17 -3.5819e-16 -0.642486 2.65059e-18 1.16768e-16)
(1.61654e-15 -4.64763e-32 -1.36848e-32 -5.17194 -3.60596e-16 9.43518e-17 -0.660362 2.16171e-16 2.86619e-17)
(-9.81515e-15 1.46698e-45 0 -5.17194 0 -9.45522e-17 -0.660362 2.65151e-30 1.32159e-16)
(1.5669e-15 0 -8.75812e-46 -5.56793 1.14505e-16 4.93038e-32 -0.678711 1.4511e-16 0)
(0 0 9.73786e-32 -5.56793 4.47463e-18 -3.91545e-17 -0.678711 4.16698e-17 1.24324e-16)
(3.67549e-15 0 0 -5.99157 8.26782e-16 5.41147e-16 -0.69737 2.53888e-16 4.91514e-17)
(-6.06369e-15 0 0 -5.99157 1.25914e-43 -3.92831e-16 -0.69737 1.34846e-29 1.3625e-16)
(1.46363e-15 -4.50243e-33 -2.54394e-33 -6.44233 1.12917e-15 8.16435e-16 -0.716116 1.54751e-16 7.78831e-17)
(0 5.34364e-32 1.06873e-31 -6.44233 2.30321e-15 -4.73426e-16 -0.716116 7.44458e-17 5.79123e-17)
(1.41008e-15 0 0 -6.91865 9.38073e-16 5.575e-16 -0.734649 1.11614e-16 6.50056e-17)
(3.62341e-15 0 -4.90454e-45 -6.91865 9.84706e-16 0 -0.734649 7.52381e-17 -2.76805e-30)
(-3.46833e-15 -7.33081e-33 1.24241e-31 -7.41763 5.7147e-16 1.0361e-16 -0.752589 7.29338e-17 1.6553e-17)
(0 1.46616e-32 0 -7.41763 -1.91763e-16 7.39849e-16 -0.752589 6.86091e-17 9.28515e-17)
(1.29964e-15 0 -6.67136e-31 -7.9348 4.71613e-16 1.01713e-16 -0.769471 5.98967e-17 4.98186e-18)
(-5.19855e-15 0 1.04422e-31 -7.9348 -7.91036e-44 5.14343e-16 -0.769471 -7.02579e-30 5.97703e-17)
(0 5.22631e-32 0 -8.46397 -1.11784e-30 6.69103e-16 -0.784752 9.41488e-17 5.90847e-17)
(-4.97225e-15 4.53327e-32 5.55668e-32 -8.46397 -2.1705e-16 1.21021e-16 -0.784752 3.65139e-17 4.14259e-17)
(1.2147e-15 -3.37146e-32 -1.34858e-31 -8.99721 -1.51473e-15 7.66243e-16 -0.797827 1.39595e-16 6.55575e-17)
(-1.07018e-14 -1.75162e-46 4.81696e-46 -8.99721 -1.2326e-32 -2.25686e-44 -0.797827 6.86562e-31 9.07177e-31)
(2.25679e-15 -2.04708e-33 0 -9.52512 -2.9104e-16 6.83825e-16 -0.808064 8.65259e-17 5.07984e-17)
(4.51358e-15 1.02997e-29 -1.59726e-30 -9.52512 1.43976e-15 4.78906e-16 -0.808064 3.86116e-17 2.04014e-17)
(2.40404e-15 -9.25043e-33 -7.40034e-32 -10.0374 4.54393e-16 5.74653e-16 -0.814862 1.48992e-16 4.70491e-17)
(0 5.20821e-33 0 -10.0374 1.12638e-43 8.0387e-16 -0.814862 9.38228e-18 7.04474e-17)
(2.02755e-15 -1.03417e-32 0 -10.5235 -1.29445e-17 5.33537e-16 -0.817705 2.5696e-17 4.45746e-17)
(-1.3966e-15 0 7.75271e-32 -10.5235 -7.98904e-16 5.02522e-16 -0.817705 5.1857e-17 6.0537e-17)
(0 0 -4.06093e-32 -10.9739 6.16298e-33 4.19022e-16 -0.816233 7.06087e-31 4.3465e-17)
(3.82937e-15 0 -6.65141e-32 -10.9739 -2.27891e-16 2.75582e-16 -0.816233 4.42922e-17 1.84643e-17)
(9.01941e-16 -2.59364e-31 0 -11.3808 4.97152e-16 3.81787e-16 -0.810296 1.75829e-17 4.60511e-17)
(-3.60777e-15 3.08276e-32 1.06657e-31 -11.3808 -4.27006e-16 3.88691e-16 -0.810296 6.1953e-17 2.22896e-17)
(0 0 -4.45687e-32 -11.7392 4.97627e-16 5.28966e-16 -0.79998 3.95046e-17 5.05321e-17)
(0 -1.96182e-44 4.45687e-32 -11.7392 1.97215e-31 5.57006e-16 -0.79998 3.07313e-29 3.24617e-17)
(0 1.16727e-32 0 -12.0468 -1.82519e-16 7.01612e-16 -0.785603 3.02558e-17 4.89854e-17)
(-4.02249e-15 1.51384e-32 4.5997e-32 -12.0468 3.9443e-31 6.54541e-16 -0.785603 2.7271e-17 4.25221e-17)
(7.44567e-16 3.22048e-32 0 -12.3046 -3.52369e-16 7.03498e-16 -0.76767 1.34905e-17 4.48171e-17)
(-2.97827e-15 -4.27998e-32 4.29646e-32 -12.3046 -1.46888e-16 7.6834e-16 -0.76767 4.34071e-17 4.18646e-17)
(-6.95641e-16 9.63393e-46 0 -12.5159 2.7015e-45 6.28486e-16 -0.746814 1.74369e-30 3.99204e-17)
(-2.78256e-15 6.4054e-33 3.18342e-32 -12.5159 -1.55869e-16 9.05082e-16 -0.746814 3.09861e-17 5.24286e-17)
(-9.67069e-16 2.68416e-32 5.36831e-32 -12.6856 4.85061e-16 6.15294e-16 -0.723721 2.00964e-17 3.73705e-17)
(2.59451e-15 -6.71039e-33 -2.39398e-32 -12.6856 1.55376e-16 8.62338e-16 -0.723721 3.53142e-17 5.38409e-17)
(0 1.05449e-32 -2.81197e-32 -12.8196 4.89216e-16 7.19407e-16 -0.699061 3.39624e-17 3.65442e-17)
(2.41417e-15 1.86607e-32 3.66315e-33 -12.8196 3.45127e-31 7.0155e-16 -0.699061 1.6808e-17 4.30877e-17)
(5.90056e-16 7.6489e-33 -2.94586e-32 -12.9242 1.9115e-16 6.9511e-16 -0.673447 1.87456e-17 3.27031e-17)
(-1.71079e-15 6.12976e-30 2.82107e-32 -12.9242 -1.8725e-16 6.83845e-16 -0.673447 8.10373e-18 3.22419e-17)
(5.19061e-16 1.83806e-32 -3.08613e-32 -13.005 4.87781e-17 5.82162e-16 -0.647395 1.18908e-18 3.09344e-17)
(0 -2.3146e-32 3.08613e-32 -13.005 -4.45508e-16 7.3509e-16 -0.647395 2.31637e-17 3.74924e-17)
(-1.02853e-16 1.07071e-32 -3.23308e-32 -13.0673 3.74759e-16 5.79771e-16 -0.621322 2.2583e-17 2.90485e-17)
(2.50068e-15 2.15827e-30 1.34771e-32 -13.0673 -8.65461e-17 6.85009e-16 -0.621322 1.77707e-17 3.42609e-17)
(-4.41819e-16 1.33669e-33 0 -13.1154 2.15544e-16 5.51092e-16 -0.595548 1.25324e-17 2.62839e-17)
(-1.76728e-15 0 1.82996e-32 -13.1154 -1.26334e-16 6.66594e-16 -0.595548 2.09577e-17 2.96062e-17)
(8.11499e-16 -2.81583e-33 0 -13.1528 1.94048e-16 5.23657e-16 -0.570302 6.75248e-18 2.49425e-17)
(0 0 0 -13.1528 4.18919e-16 6.97593e-16 -0.570302 1.99438e-17 2.96184e-17)
(-3.71289e-16 3.74353e-33 0 -13.1824 9.14358e-17 5.48374e-16 -0.545744 9.63742e-18 2.35533e-17)
(-2.1548e-15 8.40779e-45 2.9817e-32 -13.1824 -4.93038e-31 7.20767e-16 -0.545744 1.80412e-17 2.95453e-17)
(0 -2.18953e-46 0 -13.2062 -6.47142e-45 5.56866e-16 -0.521976 3.63616e-31 2.12061e-17)
(0 0 1.94713e-32 -13.2062 3.10763e-16 6.8281e-16 -0.521976 1.21808e-17 2.88205e-17)
(-7.3493e-16 7.64941e-33 0 -13.2258 1.77535e-17 5.16458e-16 -0.499058 3.27385e-19 1.94121e-17)
(-1.22768e-15 2.28734e-33 8.79875e-33 -13.2258 4.93038e-32 6.0334e-16 -0.499058 4.12051e-18 2.40542e-17)
(-7.69924e-16 1.06848e-32 2.13697e-32 -13.2423 3.65078e-16 4.72541e-16 -0.477017 9.75211e-18 1.76015e-17)
(3.84962e-16 -9.34924e-33 0 -13.2423 4.11561e-17 5.74779e-16 -0.477017 4.74437e-18 2.05315e-17)
(-1.5511e-16 6.99601e-33 2.22215e-32 -13.2567 4.54961e-16 4.69054e-16 -0.455862 8.41991e-18 1.57139e-17)
(-9.92731e-16 -1.53603e-33 6.91453e-33 -13.2567 -1.82835e-31 5.60196e-16 -0.455862 2.76707e-18 1.9952e-17)
(-4.41545e-16 1.46582e-33 0 -13.2694 3.08332e-16 4.74687e-16 -0.435584 2.53249e-18 1.55829e-17)
(-8.83089e-16 0 1.81884e-32 -13.2694 -2.28401e-16 5.25968e-16 -0.435584 8.19152e-18 1.77497e-17)
(-1.9459e-16 2.30343e-33 0 -13.281 1.12067e-16 4.48203e-16 -0.416164 9.09062e-19 1.42867e-17)
(-7.78361e-16 0 5.85352e-33 -13.281 6.16298e-33 5.07014e-16 -0.416164 6.562e-18 1.60335e-17)
(4.01426e-16 4.02185e-34 -5.714e-35 -13.2916 1.16824e-16 4.16793e-16 -0.397579 7.35679e-19 1.28194e-17)
(4.46484e-16 0 -4.84756e-33 -13.2916 1.87567e-17 4.82289e-16 -0.397579 7.89107e-18 1.50386e-17)
(-4.85767e-16 8.42671e-34 1.34827e-32 -13.3015 1.53744e-16 4.05265e-16 -0.3798 1.93064e-18 1.15734e-17)
(8.25664e-16 -4.21336e-34 -4.52773e-33 -13.3015 6.29004e-17 4.55375e-16 -0.3798 4.79981e-18 1.31967e-17)
(0 0 0 -13.3108 1.03577e-16 3.98611e-16 -0.362799 1.07724e-18 1.10519e-17)
(-2.54449e-16 0 7.06237e-33 -13.3108 1.05184e-16 4.3867e-16 -0.362799 1.53529e-18 1.22349e-17)
(0 4.62415e-34 0 -13.3196 1.88732e-19 3.85249e-16 -0.346544 -3.65551e-19 1.01989e-17)
(-5.37642e-16 2.19993e-30 3.43972e-33 -13.3196 4.34287e-17 4.15458e-16 -0.346544 1.07101e-18 1.11548e-17)
(0 9.68868e-34 0 -13.328 -4.13115e-17 3.71609e-16 -0.331006 -4.80984e-19 9.40618e-18)
(-3.21112e-16 -9.68868e-34 3.16421e-33 -13.328 4.59344e-17 3.91889e-16 -0.331006 9.287e-19 9.99471e-18)
(8.58754e-17 4.10537e-47 -8.11457e-33 -13.3359 1.54074e-33 3.59992e-16 -0.316154 1.44782e-31 8.64591e-18)
(0 1.05097e-45 0 -13.3359 3.41008e-44 3.72787e-16 -0.316154 9.59536e-31 9.046e-18)
(0 2.12666e-33 -8.50666e-33 -13.3435 2.25724e-17 3.49093e-16 -0.30196 1.71348e-19 7.90088e-18)
(-1.65675e-16 -2.02512e-33 1.11184e-32 -13.3435 -5.9024e-17 3.53704e-16 -0.30196 -6.70302e-19 8.24201e-18)
(0 8.35471e-34 0 -13.3507 1.67664e-17 3.32952e-16 -0.288395 2.37994e-19 7.17704e-18)
(0 -8.35471e-34 0 -13.3507 -7.41093e-17 3.35961e-16 -0.288395 -3.86297e-19 7.41771e-18)
(0 0 -4.66801e-33 -13.3576 1.204e-17 3.15425e-16 -0.275433 -1.65262e-19 6.52941e-18)
(8.40914e-17 1.45875e-34 4.66801e-33 -13.3576 -5.74677e-17 3.19401e-16 -0.275433 -4.81725e-20 6.77791e-18)
(0 3.82054e-35 1.30961e-29 -13.3642 -5.15758e-18 6.30133e-16 -0.186976 -2.01673e-19 5.95982e-18)
(0 -3.82054e-35 -4.55801e-29 -13.3642 -4.42618e-17 6.35126e-16 -0.186976 1.39413e-20 6.10669e-18)
(0 -1.25077e-35 0 -13.3705 -3.65608e-18 1.50126e-15 -0.0613706 3.88399e-20 1.92335e-18)
(0 1.25077e-35 7.73822e-30 -13.3705 -1.30853e-17 1.95572e-15 -0.0613706 7.52305e-20 2.98476e-18)
)
;

boundaryField
{
    walls
    {
        type            extrapolatedCalculated;
        value           nonuniform List<tensor> 8((-1.15363e-17 -1.76287e-26 1.23724e-27 13.3735 -3.73744e-12 9.97987e-14 0.0613706 -3.05377e-42 1.93552e-16) (1.15363e-17 -1.92118e-33 -3.07389e-32 13.3735 -1.44797e-15 -1.54432e-14 -0.0613706 8.57879e-15 -1.93552e-16) (0 9.18067e-30 -1.24083e-27 13.3735 -3.01734e-15 7.28686e-14 0.0613706 -7.6393e-18 1.67169e-16) (-1.15363e-17 1.92118e-33 3.07389e-32 13.3735 -3.12083e-16 -1.15217e-17 -0.0613706 7.6393e-18 -1.67169e-16) (1.15363e-17 -1.07593e-31 3.20196e-34 -13.3735 1.56687e-17 -3.31505e-16 0.0613706 -3.88399e-20 -1.92335e-18) (0 -1.25077e-35 0 -13.3735 1.25883e-18 1.16975e-15 -0.0613706 3.88399e-20 1.92335e-18) (0 0 -3.20196e-34 -13.3735 2.55873e-17 -3.27437e-16 0.0613706 -7.52305e-20 -2.98476e-18) (0 1.25077e-35 7.73822e-30 -13.3735 7.20027e-18 1.62828e-15 -0.0613706 7.52305e-20 2.98476e-18));
    }
    inlet
    {
        type            cyclic;
    }
    outlet
    {
        type            cyclic;
    }
    sides
    {
        type            empty;
    }
}


// ************************************************************************* //
