/*--------------------------------*- C++ -*----------------------------------*\
| =========                 |                                                 |
| \\      /  F ield         | OpenFOAM: The Open Source CFD Toolbox           |
|  \\    /   O peration     | Version:  2106                                  |
|   \\  /    A nd           | Website:  www.openfoam.com                      |
|    \\/     M anipulation  |                                                 |
\*---------------------------------------------------------------------------*/
FoamFile
{
    version     2.0;
    format      ascii;
    arch        "LSB;label=32;scalar=64";
    class       volScalarField;
    location    "10020";
    object      nut;
}
// * * * * * * * * * * * * * * * * * * * * * * * * * * * * * * * * * * * * * //

dimensions      [0 2 -1 0 0 0 0];

internalField   nonuniform List<scalar> 
2000
(
6.91354e-15
6.91354e-15
5.97567e-15
5.97567e-15
8.20378e-15
8.20378e-15
2.89279e-14
2.89279e-14
1.17758e-13
1.17758e-13
3.90833e-13
3.90833e-13
1.07483e-12
1.07483e-12
2.56464e-12
2.56464e-12
5.49701e-12
5.49701e-12
1.08432e-11
1.08432e-11
2.0024e-11
2.0024e-11
3.50503e-11
3.50503e-11
5.86953e-11
5.86953e-11
9.47015e-11
9.47015e-11
1.4803e-10
1.4803e-10
2.25156e-10
2.25156e-10
3.34427e-10
3.34427e-10
4.86474e-10
4.86474e-10
6.94707e-10
6.94707e-10
9.75897e-10
9.75897e-10
1.35085e-09
1.35085e-09
1.84518e-09
1.84518e-09
2.49028e-09
2.49028e-09
3.32431e-09
3.32431e-09
4.3935e-09
4.3935e-09
5.75356e-09
5.75356e-09
7.47128e-09
7.47128e-09
9.62648e-09
9.62648e-09
1.23142e-08
1.23142e-08
1.56469e-08
1.56469e-08
1.9758e-08
1.9758e-08
2.48042e-08
2.48042e-08
3.09698e-08
3.09698e-08
3.84707e-08
3.84707e-08
4.75594e-08
4.75594e-08
5.85298e-08
5.85298e-08
7.17238e-08
7.17238e-08
8.75382e-08
8.75382e-08
1.06432e-07
1.06432e-07
1.28936e-07
1.28936e-07
1.5566e-07
1.5566e-07
1.87309e-07
1.87309e-07
2.24688e-07
2.24688e-07
2.68722e-07
2.68722e-07
3.20469e-07
3.20469e-07
3.81134e-07
3.81134e-07
4.52091e-07
4.52091e-07
5.34901e-07
5.34901e-07
6.31336e-07
6.31336e-07
7.43402e-07
7.43402e-07
8.73365e-07
8.73365e-07
1.02378e-06
1.02378e-06
1.19752e-06
1.19752e-06
1.39783e-06
1.39783e-06
1.6283e-06
1.6283e-06
1.89299e-06
1.89299e-06
2.19641e-06
2.19641e-06
2.54358e-06
2.54358e-06
2.94005e-06
2.94005e-06
3.39199e-06
3.39199e-06
3.90619e-06
3.90619e-06
4.49014e-06
4.49014e-06
5.15204e-06
5.15204e-06
5.90086e-06
5.90086e-06
6.74639e-06
6.74639e-06
7.69925e-06
7.69925e-06
8.77095e-06
8.77095e-06
9.97389e-06
9.97389e-06
1.13214e-05
1.13214e-05
1.28277e-05
1.28277e-05
1.45081e-05
1.45081e-05
1.63786e-05
1.63786e-05
1.84562e-05
1.84562e-05
2.07588e-05
2.07588e-05
2.33052e-05
2.33052e-05
2.61147e-05
2.61147e-05
2.92075e-05
2.92075e-05
3.26043e-05
3.26043e-05
3.63263e-05
3.63263e-05
4.03952e-05
4.03952e-05
4.48328e-05
4.48328e-05
4.9661e-05
4.9661e-05
5.4902e-05
5.4902e-05
6.05775e-05
6.05775e-05
6.67091e-05
6.67091e-05
7.33182e-05
7.33182e-05
8.04255e-05
8.04255e-05
8.80509e-05
8.80509e-05
9.6214e-05
9.6214e-05
0.000104933
0.000104933
0.000114226
0.000114226
0.00012411
0.00012411
0.000134601
0.000134601
0.000145712
0.000145712
0.000157459
0.000157459
0.000169853
0.000169853
0.000182907
0.000182907
0.000196632
0.000196632
0.000211037
0.000211037
0.000226132
0.000226132
0.000241925
0.000241925
0.000258424
0.000258424
0.000275635
0.000275635
0.000293566
0.000293566
0.00031222
0.00031222
0.000331605
0.000331605
0.000351725
0.000351725
0.000372584
0.000372584
0.000394187
0.000394187
0.000416538
0.000416538
0.00043964
0.00043964
0.000463497
0.000463497
0.000488112
0.000488112
0.000513489
0.000513489
0.000539632
0.000539632
0.000566542
0.000566542
0.000594225
0.000594225
0.000622682
0.000622682
0.000651916
0.000651916
0.000681932
0.000681932
0.000712732
0.000712732
0.00074432
0.00074432
0.000776698
0.000776698
0.00080987
0.00080987
0.000843839
0.000843839
0.000878608
0.000878608
0.00091418
0.00091418
0.000950559
0.000950559
0.000987748
0.000987748
0.00102575
0.00102575
0.00106457
0.00106457
0.0011042
0.0011042
0.00114466
0.00114466
0.00118595
0.00118595
0.00122806
0.00122806
0.001271
0.001271
0.00131477
0.00131477
0.00135938
0.00135938
0.00140483
0.00140483
0.00145111
0.00145111
0.00149824
0.00149824
0.00154621
0.00154621
0.00159502
0.00159502
0.00164468
0.00164468
0.00169518
0.00169518
0.00174653
0.00174653
0.00179873
0.00179873
0.00185177
0.00185177
0.00190566
0.00190566
0.0019604
0.0019604
0.00201598
0.00201598
0.0020724
0.0020724
0.00212967
0.00212967
0.00218777
0.00218777
0.0022467
0.0022467
0.00230647
0.00230647
0.00236707
0.00236707
0.00242848
0.00242848
0.00249072
0.00249072
0.00255376
0.00255376
0.00261761
0.00261761
0.00268226
0.00268226
0.0027477
0.0027477
0.00281391
0.00281391
0.0028809
0.0028809
0.00294864
0.00294864
0.00301714
0.00301714
0.00308637
0.00308637
0.00315633
0.00315633
0.003227
0.003227
0.00329836
0.00329836
0.00337039
0.00337039
0.00344309
0.00344309
0.00351644
0.00351644
0.0035904
0.0035904
0.00366497
0.00366497
0.00374012
0.00374012
0.00381582
0.00381582
0.00389206
0.00389206
0.0039688
0.0039688
0.00404602
0.00404602
0.00412368
0.00412368
0.00420177
0.00420177
0.00428024
0.00428024
0.00435906
0.00435906
0.0044382
0.0044382
0.00451761
0.00451761
0.00459727
0.00459727
0.00467711
0.00467711
0.00475711
0.00475711
0.00483722
0.00483722
0.00491738
0.00491738
0.00499755
0.00499755
0.00507768
0.00507768
0.00515771
0.00515771
0.00523758
0.00523758
0.00531723
0.00531723
0.0053966
0.0053966
0.00547563
0.00547563
0.00555425
0.00555425
0.00563237
0.00563237
0.00570994
0.00570994
0.00578688
0.00578688
0.00586309
0.00586309
0.00593851
0.00593851
0.00601304
0.00601304
0.00608659
0.00608659
0.00615907
0.00615907
0.00623039
0.00623039
0.00630043
0.00630043
0.0063691
0.0063691
0.0064363
0.0064363
0.00650189
0.00650189
0.00656579
0.00656579
0.00662785
0.00662785
0.00668797
0.00668797
0.00674601
0.00674601
0.00680186
0.00680186
0.00685537
0.00685537
0.00690641
0.00690641
0.00695486
0.00695486
0.00700056
0.00700056
0.0070434
0.0070434
0.00708322
0.00708322
0.0071199
0.0071199
0.00715329
0.00715329
0.00718329
0.00718329
0.00720975
0.00720975
0.00723258
0.00723258
0.00725167
0.00725167
0.00726695
0.00726695
0.00727835
0.00727835
0.00728584
0.00728584
0.00728941
0.00728941
0.0072891
0.0072891
0.007285
0.007285
0.00727725
0.00727725
0.00726605
0.00726605
0.00725169
0.00725169
0.00723452
0.00723452
0.00721502
0.00721502
0.00719374
0.00719374
0.00717134
0.00717134
0.00714861
0.00714861
0.00712639
0.00712639
0.00710562
0.00710562
0.00708726
0.00708726
0.00707229
0.00707229
0.0070616
0.0070616
0.00705597
0.00705597
6.91354e-15
6.91354e-15
5.97567e-15
5.97567e-15
8.20378e-15
8.20378e-15
2.89279e-14
2.89279e-14
1.17758e-13
1.17758e-13
3.90833e-13
3.90833e-13
1.07483e-12
1.07483e-12
2.56464e-12
2.56464e-12
5.49701e-12
5.49701e-12
1.08432e-11
1.08432e-11
2.0024e-11
2.0024e-11
3.50503e-11
3.50503e-11
5.86953e-11
5.86953e-11
9.47015e-11
9.47015e-11
1.4803e-10
1.4803e-10
2.25156e-10
2.25156e-10
3.34427e-10
3.34427e-10
4.86474e-10
4.86474e-10
6.94707e-10
6.94707e-10
9.75897e-10
9.75897e-10
1.35085e-09
1.35085e-09
1.84518e-09
1.84518e-09
2.49028e-09
2.49028e-09
3.32431e-09
3.32431e-09
4.3935e-09
4.3935e-09
5.75356e-09
5.75356e-09
7.47128e-09
7.47128e-09
9.62648e-09
9.62648e-09
1.23142e-08
1.23142e-08
1.56469e-08
1.56469e-08
1.9758e-08
1.9758e-08
2.48042e-08
2.48042e-08
3.09698e-08
3.09698e-08
3.84707e-08
3.84707e-08
4.75594e-08
4.75594e-08
5.85298e-08
5.85298e-08
7.17238e-08
7.17238e-08
8.75382e-08
8.75382e-08
1.06432e-07
1.06432e-07
1.28936e-07
1.28936e-07
1.5566e-07
1.5566e-07
1.87309e-07
1.87309e-07
2.24688e-07
2.24688e-07
2.68722e-07
2.68722e-07
3.20469e-07
3.20469e-07
3.81134e-07
3.81134e-07
4.52091e-07
4.52091e-07
5.34901e-07
5.34901e-07
6.31336e-07
6.31336e-07
7.43402e-07
7.43402e-07
8.73365e-07
8.73365e-07
1.02378e-06
1.02378e-06
1.19752e-06
1.19752e-06
1.39783e-06
1.39783e-06
1.6283e-06
1.6283e-06
1.89299e-06
1.89299e-06
2.19641e-06
2.19641e-06
2.54358e-06
2.54358e-06
2.94005e-06
2.94005e-06
3.39199e-06
3.39199e-06
3.90619e-06
3.90619e-06
4.49014e-06
4.49014e-06
5.15204e-06
5.15204e-06
5.90086e-06
5.90086e-06
6.74639e-06
6.74639e-06
7.69925e-06
7.69925e-06
8.77095e-06
8.77095e-06
9.97389e-06
9.97389e-06
1.13214e-05
1.13214e-05
1.28277e-05
1.28277e-05
1.45081e-05
1.45081e-05
1.63786e-05
1.63786e-05
1.84562e-05
1.84562e-05
2.07588e-05
2.07588e-05
2.33052e-05
2.33052e-05
2.61147e-05
2.61147e-05
2.92075e-05
2.92075e-05
3.26043e-05
3.26043e-05
3.63263e-05
3.63263e-05
4.03952e-05
4.03952e-05
4.48328e-05
4.48328e-05
4.9661e-05
4.9661e-05
5.4902e-05
5.4902e-05
6.05775e-05
6.05775e-05
6.67091e-05
6.67091e-05
7.33182e-05
7.33182e-05
8.04255e-05
8.04255e-05
8.80509e-05
8.80509e-05
9.6214e-05
9.6214e-05
0.000104933
0.000104933
0.000114226
0.000114226
0.00012411
0.00012411
0.000134601
0.000134601
0.000145712
0.000145712
0.000157459
0.000157459
0.000169853
0.000169853
0.000182907
0.000182907
0.000196632
0.000196632
0.000211037
0.000211037
0.000226132
0.000226132
0.000241925
0.000241925
0.000258424
0.000258424
0.000275635
0.000275635
0.000293566
0.000293566
0.00031222
0.00031222
0.000331605
0.000331605
0.000351725
0.000351725
0.000372584
0.000372584
0.000394187
0.000394187
0.000416538
0.000416538
0.00043964
0.00043964
0.000463497
0.000463497
0.000488112
0.000488112
0.000513489
0.000513489
0.000539632
0.000539632
0.000566542
0.000566542
0.000594225
0.000594225
0.000622682
0.000622682
0.000651916
0.000651916
0.000681932
0.000681932
0.000712732
0.000712732
0.00074432
0.00074432
0.000776698
0.000776698
0.00080987
0.00080987
0.000843839
0.000843839
0.000878608
0.000878608
0.00091418
0.00091418
0.000950559
0.000950559
0.000987748
0.000987748
0.00102575
0.00102575
0.00106457
0.00106457
0.0011042
0.0011042
0.00114466
0.00114466
0.00118595
0.00118595
0.00122806
0.00122806
0.001271
0.001271
0.00131477
0.00131477
0.00135938
0.00135938
0.00140483
0.00140483
0.00145111
0.00145111
0.00149824
0.00149824
0.00154621
0.00154621
0.00159502
0.00159502
0.00164468
0.00164468
0.00169518
0.00169518
0.00174653
0.00174653
0.00179873
0.00179873
0.00185177
0.00185177
0.00190566
0.00190566
0.0019604
0.0019604
0.00201598
0.00201598
0.0020724
0.0020724
0.00212967
0.00212967
0.00218777
0.00218777
0.0022467
0.0022467
0.00230647
0.00230647
0.00236707
0.00236707
0.00242848
0.00242848
0.00249072
0.00249072
0.00255376
0.00255376
0.00261761
0.00261761
0.00268226
0.00268226
0.0027477
0.0027477
0.00281391
0.00281391
0.0028809
0.0028809
0.00294864
0.00294864
0.00301714
0.00301714
0.00308637
0.00308637
0.00315633
0.00315633
0.003227
0.003227
0.00329836
0.00329836
0.00337039
0.00337039
0.00344309
0.00344309
0.00351644
0.00351644
0.0035904
0.0035904
0.00366497
0.00366497
0.00374012
0.00374012
0.00381582
0.00381582
0.00389206
0.00389206
0.0039688
0.0039688
0.00404602
0.00404602
0.00412368
0.00412368
0.00420177
0.00420177
0.00428024
0.00428024
0.00435906
0.00435906
0.0044382
0.0044382
0.00451761
0.00451761
0.00459727
0.00459727
0.00467711
0.00467711
0.00475711
0.00475711
0.00483722
0.00483722
0.00491738
0.00491738
0.00499755
0.00499755
0.00507768
0.00507768
0.00515771
0.00515771
0.00523758
0.00523758
0.00531723
0.00531723
0.0053966
0.0053966
0.00547563
0.00547563
0.00555425
0.00555425
0.00563237
0.00563237
0.00570994
0.00570994
0.00578688
0.00578688
0.00586309
0.00586309
0.00593851
0.00593851
0.00601304
0.00601304
0.00608659
0.00608659
0.00615907
0.00615907
0.00623039
0.00623039
0.00630043
0.00630043
0.0063691
0.0063691
0.0064363
0.0064363
0.00650189
0.00650189
0.00656579
0.00656579
0.00662785
0.00662785
0.00668797
0.00668797
0.00674601
0.00674601
0.00680186
0.00680186
0.00685537
0.00685537
0.00690641
0.00690641
0.00695486
0.00695486
0.00700056
0.00700056
0.0070434
0.0070434
0.00708322
0.00708322
0.0071199
0.0071199
0.00715329
0.00715329
0.00718329
0.00718329
0.00720975
0.00720975
0.00723258
0.00723258
0.00725167
0.00725167
0.00726695
0.00726695
0.00727835
0.00727835
0.00728584
0.00728584
0.00728941
0.00728941
0.0072891
0.0072891
0.007285
0.007285
0.00727725
0.00727725
0.00726605
0.00726605
0.00725169
0.00725169
0.00723452
0.00723452
0.00721502
0.00721502
0.00719374
0.00719374
0.00717134
0.00717134
0.00714861
0.00714861
0.00712639
0.00712639
0.00710562
0.00710562
0.00708726
0.00708726
0.00707229
0.00707229
0.0070616
0.0070616
0.00705597
0.00705597
0.00705597
0.00705597
0.0070616
0.0070616
0.00707229
0.00707229
0.00708726
0.00708726
0.00710562
0.00710562
0.00712639
0.00712639
0.00714861
0.00714861
0.00717134
0.00717134
0.00719373
0.00719373
0.00721502
0.00721502
0.00723452
0.00723452
0.00725168
0.00725168
0.00726605
0.00726605
0.00727725
0.00727725
0.007285
0.007285
0.0072891
0.0072891
0.0072894
0.0072894
0.00728583
0.00728583
0.00727835
0.00727835
0.00726695
0.00726695
0.00725167
0.00725167
0.00723258
0.00723258
0.00720975
0.00720975
0.00718328
0.00718328
0.00715329
0.00715329
0.00711989
0.00711989
0.00708322
0.00708322
0.0070434
0.0070434
0.00700056
0.00700056
0.00695485
0.00695485
0.00690641
0.00690641
0.00685536
0.00685536
0.00680185
0.00680185
0.00674601
0.00674601
0.00668796
0.00668796
0.00662785
0.00662785
0.00656578
0.00656578
0.00650189
0.00650189
0.00643629
0.00643629
0.0063691
0.0063691
0.00630043
0.00630043
0.00623039
0.00623039
0.00615907
0.00615907
0.00608659
0.00608659
0.00601304
0.00601304
0.00593851
0.00593851
0.00586309
0.00586309
0.00578688
0.00578688
0.00570994
0.00570994
0.00563237
0.00563237
0.00555424
0.00555424
0.00547563
0.00547563
0.0053966
0.0053966
0.00531723
0.00531723
0.00523758
0.00523758
0.00515771
0.00515771
0.00507768
0.00507768
0.00499755
0.00499755
0.00491738
0.00491738
0.00483722
0.00483722
0.00475711
0.00475711
0.00467711
0.00467711
0.00459726
0.00459726
0.00451761
0.00451761
0.0044382
0.0044382
0.00435906
0.00435906
0.00428024
0.00428024
0.00420177
0.00420177
0.00412368
0.00412368
0.00404602
0.00404602
0.0039688
0.0039688
0.00389205
0.00389205
0.00381582
0.00381582
0.00374011
0.00374011
0.00366497
0.00366497
0.0035904
0.0035904
0.00351644
0.00351644
0.00344309
0.00344309
0.00337039
0.00337039
0.00329836
0.00329836
0.00322699
0.00322699
0.00315633
0.00315633
0.00308637
0.00308637
0.00301714
0.00301714
0.00294864
0.00294864
0.0028809
0.0028809
0.00281391
0.00281391
0.00274769
0.00274769
0.00268226
0.00268226
0.00261761
0.00261761
0.00255376
0.00255376
0.00249072
0.00249072
0.00242848
0.00242848
0.00236707
0.00236707
0.00230647
0.00230647
0.0022467
0.0022467
0.00218777
0.00218777
0.00212967
0.00212967
0.0020724
0.0020724
0.00201598
0.00201598
0.0019604
0.0019604
0.00190566
0.00190566
0.00185177
0.00185177
0.00179873
0.00179873
0.00174653
0.00174653
0.00169518
0.00169518
0.00164468
0.00164468
0.00159502
0.00159502
0.0015462
0.0015462
0.00149824
0.00149824
0.00145111
0.00145111
0.00140482
0.00140482
0.00135938
0.00135938
0.00131477
0.00131477
0.001271
0.001271
0.00122806
0.00122806
0.00118595
0.00118595
0.00114466
0.00114466
0.0011042
0.0011042
0.00106457
0.00106457
0.00102575
0.00102575
0.000987748
0.000987748
0.000950559
0.000950559
0.00091418
0.00091418
0.000878608
0.000878608
0.000843838
0.000843838
0.00080987
0.00080987
0.000776698
0.000776698
0.00074432
0.00074432
0.000712732
0.000712732
0.000681932
0.000681932
0.000651916
0.000651916
0.000622681
0.000622681
0.000594225
0.000594225
0.000566542
0.000566542
0.000539632
0.000539632
0.000513489
0.000513489
0.000488112
0.000488112
0.000463497
0.000463497
0.00043964
0.00043964
0.000416538
0.000416538
0.000394187
0.000394187
0.000372584
0.000372584
0.000351725
0.000351725
0.000331605
0.000331605
0.00031222
0.00031222
0.000293565
0.000293565
0.000275635
0.000275635
0.000258424
0.000258424
0.000241925
0.000241925
0.000226132
0.000226132
0.000211037
0.000211037
0.000196632
0.000196632
0.000182907
0.000182907
0.000169853
0.000169853
0.000157459
0.000157459
0.000145712
0.000145712
0.000134601
0.000134601
0.00012411
0.00012411
0.000114226
0.000114226
0.000104933
0.000104933
9.6214e-05
9.6214e-05
8.80509e-05
8.80509e-05
8.04255e-05
8.04255e-05
7.33182e-05
7.33182e-05
6.67091e-05
6.67091e-05
6.05775e-05
6.05775e-05
5.4902e-05
5.4902e-05
4.9661e-05
4.9661e-05
4.48328e-05
4.48328e-05
4.03952e-05
4.03952e-05
3.63263e-05
3.63263e-05
3.26043e-05
3.26043e-05
2.92075e-05
2.92075e-05
2.61147e-05
2.61147e-05
2.33052e-05
2.33052e-05
2.07588e-05
2.07588e-05
1.84562e-05
1.84562e-05
1.63786e-05
1.63786e-05
1.45081e-05
1.45081e-05
1.28277e-05
1.28277e-05
1.13214e-05
1.13214e-05
9.97389e-06
9.97389e-06
8.77095e-06
8.77095e-06
7.69925e-06
7.69925e-06
6.74639e-06
6.74639e-06
5.90086e-06
5.90086e-06
5.15204e-06
5.15204e-06
4.49014e-06
4.49014e-06
3.90619e-06
3.90619e-06
3.39199e-06
3.39199e-06
2.94005e-06
2.94005e-06
2.54358e-06
2.54358e-06
2.19641e-06
2.19641e-06
1.89299e-06
1.89299e-06
1.6283e-06
1.6283e-06
1.39783e-06
1.39783e-06
1.19752e-06
1.19752e-06
1.02378e-06
1.02378e-06
8.73365e-07
8.73365e-07
7.43403e-07
7.43403e-07
6.31337e-07
6.31337e-07
5.34901e-07
5.34901e-07
4.52091e-07
4.52091e-07
3.81134e-07
3.81134e-07
3.20469e-07
3.20469e-07
2.68722e-07
2.68722e-07
2.24688e-07
2.24688e-07
1.87309e-07
1.87309e-07
1.5566e-07
1.5566e-07
1.28936e-07
1.28936e-07
1.06432e-07
1.06432e-07
8.75383e-08
8.75383e-08
7.17239e-08
7.17239e-08
5.85298e-08
5.85298e-08
4.75594e-08
4.75594e-08
3.84707e-08
3.84707e-08
3.09698e-08
3.09698e-08
2.48042e-08
2.48042e-08
1.9758e-08
1.9758e-08
1.56469e-08
1.56469e-08
1.23142e-08
1.23142e-08
9.62648e-09
9.62648e-09
7.47128e-09
7.47128e-09
5.75356e-09
5.75356e-09
4.3935e-09
4.3935e-09
3.32431e-09
3.32431e-09
2.49028e-09
2.49028e-09
1.84518e-09
1.84518e-09
1.35085e-09
1.35085e-09
9.75898e-10
9.75898e-10
6.94707e-10
6.94707e-10
4.86474e-10
4.86474e-10
3.34427e-10
3.34427e-10
2.25157e-10
2.25157e-10
1.4803e-10
1.4803e-10
9.47015e-11
9.47015e-11
5.86953e-11
5.86953e-11
3.50503e-11
3.50503e-11
2.00239e-11
2.00239e-11
1.08432e-11
1.08432e-11
5.49701e-12
5.49701e-12
2.56464e-12
2.56464e-12
1.07484e-12
1.07484e-12
3.90833e-13
3.90833e-13
1.17758e-13
1.17758e-13
2.8928e-14
2.8928e-14
8.20384e-15
8.20384e-15
5.97573e-15
5.97573e-15
6.91361e-15
6.91361e-15
0.00705597
0.00705597
0.0070616
0.0070616
0.00707229
0.00707229
0.00708726
0.00708726
0.00710562
0.00710562
0.00712639
0.00712639
0.00714861
0.00714861
0.00717134
0.00717134
0.00719373
0.00719373
0.00721502
0.00721502
0.00723452
0.00723452
0.00725168
0.00725168
0.00726605
0.00726605
0.00727725
0.00727725
0.007285
0.007285
0.0072891
0.0072891
0.0072894
0.0072894
0.00728583
0.00728583
0.00727835
0.00727835
0.00726695
0.00726695
0.00725167
0.00725167
0.00723258
0.00723258
0.00720975
0.00720975
0.00718328
0.00718328
0.00715329
0.00715329
0.00711989
0.00711989
0.00708322
0.00708322
0.0070434
0.0070434
0.00700056
0.00700056
0.00695485
0.00695485
0.00690641
0.00690641
0.00685536
0.00685536
0.00680185
0.00680185
0.00674601
0.00674601
0.00668796
0.00668796
0.00662785
0.00662785
0.00656578
0.00656578
0.00650189
0.00650189
0.00643629
0.00643629
0.0063691
0.0063691
0.00630043
0.00630043
0.00623039
0.00623039
0.00615907
0.00615907
0.00608659
0.00608659
0.00601304
0.00601304
0.00593851
0.00593851
0.00586309
0.00586309
0.00578688
0.00578688
0.00570994
0.00570994
0.00563237
0.00563237
0.00555424
0.00555424
0.00547563
0.00547563
0.0053966
0.0053966
0.00531723
0.00531723
0.00523758
0.00523758
0.00515771
0.00515771
0.00507768
0.00507768
0.00499755
0.00499755
0.00491738
0.00491738
0.00483722
0.00483722
0.00475711
0.00475711
0.00467711
0.00467711
0.00459726
0.00459726
0.00451761
0.00451761
0.0044382
0.0044382
0.00435906
0.00435906
0.00428024
0.00428024
0.00420177
0.00420177
0.00412368
0.00412368
0.00404602
0.00404602
0.0039688
0.0039688
0.00389205
0.00389205
0.00381582
0.00381582
0.00374011
0.00374011
0.00366497
0.00366497
0.0035904
0.0035904
0.00351644
0.00351644
0.00344309
0.00344309
0.00337039
0.00337039
0.00329836
0.00329836
0.00322699
0.00322699
0.00315633
0.00315633
0.00308637
0.00308637
0.00301714
0.00301714
0.00294864
0.00294864
0.0028809
0.0028809
0.00281391
0.00281391
0.00274769
0.00274769
0.00268226
0.00268226
0.00261761
0.00261761
0.00255376
0.00255376
0.00249072
0.00249072
0.00242848
0.00242848
0.00236707
0.00236707
0.00230647
0.00230647
0.0022467
0.0022467
0.00218777
0.00218777
0.00212967
0.00212967
0.0020724
0.0020724
0.00201598
0.00201598
0.0019604
0.0019604
0.00190566
0.00190566
0.00185177
0.00185177
0.00179873
0.00179873
0.00174653
0.00174653
0.00169518
0.00169518
0.00164468
0.00164468
0.00159502
0.00159502
0.0015462
0.0015462
0.00149824
0.00149824
0.00145111
0.00145111
0.00140482
0.00140482
0.00135938
0.00135938
0.00131477
0.00131477
0.001271
0.001271
0.00122806
0.00122806
0.00118595
0.00118595
0.00114466
0.00114466
0.0011042
0.0011042
0.00106457
0.00106457
0.00102575
0.00102575
0.000987748
0.000987748
0.000950559
0.000950559
0.00091418
0.00091418
0.000878608
0.000878608
0.000843838
0.000843838
0.00080987
0.00080987
0.000776698
0.000776698
0.00074432
0.00074432
0.000712732
0.000712732
0.000681932
0.000681932
0.000651916
0.000651916
0.000622681
0.000622681
0.000594225
0.000594225
0.000566542
0.000566542
0.000539632
0.000539632
0.000513489
0.000513489
0.000488112
0.000488112
0.000463497
0.000463497
0.00043964
0.00043964
0.000416538
0.000416538
0.000394187
0.000394187
0.000372584
0.000372584
0.000351725
0.000351725
0.000331605
0.000331605
0.00031222
0.00031222
0.000293565
0.000293565
0.000275635
0.000275635
0.000258424
0.000258424
0.000241925
0.000241925
0.000226132
0.000226132
0.000211037
0.000211037
0.000196632
0.000196632
0.000182907
0.000182907
0.000169853
0.000169853
0.000157459
0.000157459
0.000145712
0.000145712
0.000134601
0.000134601
0.00012411
0.00012411
0.000114226
0.000114226
0.000104933
0.000104933
9.6214e-05
9.6214e-05
8.80509e-05
8.80509e-05
8.04255e-05
8.04255e-05
7.33182e-05
7.33182e-05
6.67091e-05
6.67091e-05
6.05775e-05
6.05775e-05
5.4902e-05
5.4902e-05
4.9661e-05
4.9661e-05
4.48328e-05
4.48328e-05
4.03952e-05
4.03952e-05
3.63263e-05
3.63263e-05
3.26043e-05
3.26043e-05
2.92075e-05
2.92075e-05
2.61147e-05
2.61147e-05
2.33052e-05
2.33052e-05
2.07588e-05
2.07588e-05
1.84562e-05
1.84562e-05
1.63786e-05
1.63786e-05
1.45081e-05
1.45081e-05
1.28277e-05
1.28277e-05
1.13214e-05
1.13214e-05
9.97389e-06
9.97389e-06
8.77095e-06
8.77095e-06
7.69925e-06
7.69925e-06
6.74639e-06
6.74639e-06
5.90086e-06
5.90086e-06
5.15204e-06
5.15204e-06
4.49014e-06
4.49014e-06
3.90619e-06
3.90619e-06
3.39199e-06
3.39199e-06
2.94005e-06
2.94005e-06
2.54358e-06
2.54358e-06
2.19641e-06
2.19641e-06
1.89299e-06
1.89299e-06
1.6283e-06
1.6283e-06
1.39783e-06
1.39783e-06
1.19752e-06
1.19752e-06
1.02378e-06
1.02378e-06
8.73365e-07
8.73365e-07
7.43403e-07
7.43403e-07
6.31337e-07
6.31337e-07
5.34901e-07
5.34901e-07
4.52091e-07
4.52091e-07
3.81134e-07
3.81134e-07
3.20469e-07
3.20469e-07
2.68722e-07
2.68722e-07
2.24688e-07
2.24688e-07
1.87309e-07
1.87309e-07
1.5566e-07
1.5566e-07
1.28936e-07
1.28936e-07
1.06432e-07
1.06432e-07
8.75383e-08
8.75383e-08
7.17239e-08
7.17239e-08
5.85298e-08
5.85298e-08
4.75594e-08
4.75594e-08
3.84707e-08
3.84707e-08
3.09698e-08
3.09698e-08
2.48042e-08
2.48042e-08
1.9758e-08
1.9758e-08
1.56469e-08
1.56469e-08
1.23142e-08
1.23142e-08
9.62648e-09
9.62648e-09
7.47128e-09
7.47128e-09
5.75356e-09
5.75356e-09
4.3935e-09
4.3935e-09
3.32431e-09
3.32431e-09
2.49028e-09
2.49028e-09
1.84518e-09
1.84518e-09
1.35085e-09
1.35085e-09
9.75898e-10
9.75898e-10
6.94707e-10
6.94707e-10
4.86474e-10
4.86474e-10
3.34427e-10
3.34427e-10
2.25157e-10
2.25157e-10
1.4803e-10
1.4803e-10
9.47015e-11
9.47015e-11
5.86953e-11
5.86953e-11
3.50503e-11
3.50503e-11
2.00239e-11
2.00239e-11
1.08432e-11
1.08432e-11
5.49701e-12
5.49701e-12
2.56464e-12
2.56464e-12
1.07484e-12
1.07484e-12
3.90833e-13
3.90833e-13
1.17758e-13
1.17758e-13
2.8928e-14
2.8928e-14
8.20384e-15
8.20384e-15
5.97573e-15
5.97573e-15
6.91361e-15
6.91361e-15
)
;

boundaryField
{
    walls
    {
        type            nutUWallFunction;
        blending        stepwise;
        Cmu             0.09;
        kappa           0.41;
        E               9.8;
        value           uniform 0;
    }
    inlet
    {
        type            cyclic;
    }
    outlet
    {
        type            cyclic;
    }
    sides
    {
        type            empty;
    }
}


// ************************************************************************* //
