/*--------------------------------*- C++ -*----------------------------------*\
| =========                 |                                                 |
| \\      /  F ield         | OpenFOAM: The Open Source CFD Toolbox           |
|  \\    /   O peration     | Version:  2106                                  |
|   \\  /    A nd           | Website:  www.openfoam.com                      |
|    \\/     M anipulation  |                                                 |
\*---------------------------------------------------------------------------*/
FoamFile
{
    version     2.0;
    format      ascii;
    arch        "LSB;label=32;scalar=64";
    class       volSymmTensorField;
    location    "10020";
    object      turbulenceProperties:R;
}
// * * * * * * * * * * * * * * * * * * * * * * * * * * * * * * * * * * * * * //

dimensions      [0 2 -2 0 0 0 0];

internalField   nonuniform List<symmTensor> 
800
(
(2.04313e-07 -7.70449e-12 -3.53637e-14 2.04313e-07 -6.6406e-26 2.04313e-07)
(2.04313e-07 -7.70449e-12 -3.53637e-14 2.04313e-07 -4.19914e-26 2.04313e-07)
(3.29496e-08 -7.27602e-12 -1.01798e-13 3.29496e-08 -5.33882e-26 3.29496e-08)
(3.29496e-08 -7.27602e-12 -1.01798e-13 3.29496e-08 -3.46967e-26 3.29496e-08)
(3.54246e-08 -2.37801e-11 -4.90343e-13 3.54246e-08 -9.31175e-26 3.54246e-08)
(3.54246e-08 -2.37801e-11 -4.90343e-13 3.54246e-08 -2.4352e-26 3.54246e-08)
(1.08624e-07 -1.59865e-10 -3.45333e-12 1.08624e-07 -6.22445e-25 1.08624e-07)
(1.08624e-07 -1.59865e-10 -3.45333e-12 1.08624e-07 -1.67735e-25 1.08624e-07)
(2.93632e-07 -7.89001e-10 -1.78549e-11 2.93632e-07 -3.59683e-24 2.93632e-07)
(2.93632e-07 -7.89001e-10 -1.78549e-11 2.93632e-07 -8.51667e-25 2.93632e-07)
(6.63369e-07 -2.90535e-09 -6.8877e-11 6.63369e-07 -1.40995e-23 6.63369e-07)
(6.63369e-07 -2.90535e-09 -6.8877e-11 6.63369e-07 -3.23426e-24 6.63369e-07)
(1.31815e-06 -8.72023e-09 -2.16571e-10 1.31815e-06 -4.50162e-23 1.31815e-06)
(1.31815e-06 -8.72023e-09 -2.16571e-10 1.31815e-06 -9.94185e-24 1.31815e-06)
(2.38995e-06 -2.26231e-08 -5.88598e-10 2.38995e-06 -1.23793e-22 2.38995e-06)
(2.38995e-06 -2.26231e-08 -5.88598e-10 2.38995e-06 -2.62823e-23 2.38995e-06)
(4.0489e-06 -5.26722e-08 -1.43563e-09 4.0489e-06 -3.05072e-22 4.0489e-06)
(4.0489e-06 -5.26722e-08 -1.43563e-09 4.0489e-06 -6.22389e-23 4.0489e-06)
(6.5114e-06 -1.12843e-07 -3.22204e-09 6.5114e-06 -6.9112e-22 6.5114e-06)
(6.5114e-06 -1.12843e-07 -3.22204e-09 6.5114e-06 -1.35334e-22 6.5114e-06)
(1.00498e-05 -2.26345e-07 -6.77044e-09 1.00498e-05 -1.46486e-21 1.00498e-05)
(1.00498e-05 -2.26345e-07 -6.77044e-09 1.00498e-05 -2.74722e-22 1.00498e-05)
(1.50039e-05 -4.30409e-07 -1.3487e-08 1.50039e-05 -2.21706e-21 1.50039e-05)
(1.50039e-05 -4.30409e-07 -1.3487e-08 1.50039e-05 -5.27313e-22 1.50039e-05)
(2.17945e-05 -7.83087e-07 -2.57057e-08 2.17945e-05 -2.06918e-21 2.17945e-05)
(2.17945e-05 -7.83087e-07 -2.57057e-08 2.17945e-05 -9.67077e-22 2.17945e-05)
(3.09388e-05 -1.37272e-06 -4.72044e-08 3.09388e-05 -5.48711e-22 3.09388e-05)
(3.09388e-05 -1.37272e-06 -4.72044e-08 3.09388e-05 -1.70292e-21 3.09388e-05)
(4.30686e-05 -2.33091e-06 -8.39646e-08 4.30686e-05 -2.66962e-22 4.30686e-05)
(4.30686e-05 -2.33091e-06 -8.39646e-08 4.30686e-05 -2.89886e-21 4.30686e-05)
(5.89501e-05 -3.84984e-06 -1.45269e-07 5.89501e-05 1.66517e-22 5.89501e-05)
(5.89501e-05 -3.84984e-06 -1.45269e-07 5.89501e-05 -4.77865e-21 5.89501e-05)
(7.95056e-05 -6.20493e-06 -2.45251e-07 7.95056e-05 5.06578e-22 7.95056e-05)
(7.95056e-05 -6.20493e-06 -2.45251e-07 7.95056e-05 -7.63446e-21 7.95056e-05)
(0.000105836 -9.78354e-06 -4.05033e-07 0.000105836 2.21623e-21 0.000105836)
(0.000105836 -9.78354e-06 -4.05033e-07 0.000105836 -1.18559e-20 0.000105836)
(0.000139245 -1.51198e-05 -6.55589e-07 0.000139245 5.04913e-21 0.000139245)
(0.000139245 -1.51198e-05 -6.55589e-07 0.000139245 -1.80175e-20 0.000139245)
(0.000181254 -2.29348e-05 -1.04143e-06 0.000181254 1.02684e-20 0.000181254)
(0.000181254 -2.29348e-05 -1.04143e-06 0.000181254 -2.65608e-20 0.000181254)
(0.000233616 -3.41787e-05 -1.62512e-06 0.000233616 1.92139e-20 0.000233616)
(0.000233616 -3.41787e-05 -1.62512e-06 0.000233616 -3.79936e-20 0.000233616)
(0.000298317 -5.00695e-05 -2.49248e-06 0.000298317 1.35011e-21 0.000298317)
(0.000298317 -5.00695e-05 -2.49248e-06 0.000298317 -5.36792e-20 0.000298317)
(0.000377549 -7.21177e-05 -3.75788e-06 0.000377549 -8.45362e-20 0.000377549)
(0.000377549 -7.21177e-05 -3.75788e-06 0.000377549 -7.28285e-20 0.000377549)
(0.00047366 -0.000102123 -5.5688e-06 0.00047366 -1.76783e-19 0.00047366)
(0.00047366 -0.000102123 -5.5688e-06 0.00047366 -1.99584e-19 0.00047366)
(0.000589064 -0.000142123 -8.1082e-06 0.000589064 -2.34208e-19 0.000589064)
(0.000589064 -0.000142123 -8.1082e-06 0.000589064 -4.66025e-19 0.000589064)
(0.000726098 -0.000194284 -1.15928e-05 0.000726098 -2.97084e-19 0.000726098)
(0.000726098 -0.000194284 -1.15928e-05 0.000726098 -6.93357e-19 0.000726098)
(0.000886839 -0.000260709 -1.62653e-05 0.000886839 -3.60045e-19 0.000886839)
(0.000886839 -0.000260709 -1.62653e-05 0.000886839 -9.02805e-19 0.000886839)
(0.00107287 -0.000343193 -2.23805e-05 0.00107287 -4.28384e-19 0.00107287)
(0.00107287 -0.000343193 -2.23805e-05 0.00107287 -1.13879e-18 0.00107287)
(0.00128506 -0.000442929 -3.0184e-05 0.00128506 -4.72272e-19 0.00128506)
(0.00128506 -0.000442929 -3.0184e-05 0.00128506 -1.38891e-18 0.00128506)
(0.0015233 -0.000560239 -3.98882e-05 0.0015233 -4.59565e-19 0.0015233)
(0.0015233 -0.000560239 -3.98882e-05 0.0015233 -1.62648e-18 0.0015233)
(0.00178638 -0.000694402 -5.16493e-05 0.00178638 -4.07883e-19 0.00178638)
(0.00178638 -0.000694402 -5.16493e-05 0.00178638 -1.82511e-18 0.00178638)
(0.00207197 -0.000843609 -6.55508e-05 0.00207197 -2.93629e-19 0.00207197)
(0.00207197 -0.000843609 -6.55508e-05 0.00207197 -1.95746e-18 0.00207197)
(0.00237663 -0.0010051 -8.15971e-05 0.00237663 -1.18099e-19 0.00237663)
(0.00237663 -0.0010051 -8.15971e-05 0.00237663 -2.04852e-18 0.00237663)
(0.00269613 -0.00117545 -9.97196e-05 0.00269613 1.30885e-19 0.00269613)
(0.00269613 -0.00117545 -9.97196e-05 0.00269613 -2.11878e-18 0.00269613)
(0.00302568 -0.00135091 -0.000119792 0.00302568 4.45338e-19 0.00302568)
(0.00302568 -0.00135091 -0.000119792 0.00302568 -2.07293e-18 0.00302568)
(0.0033603 -0.00152777 -0.00014165 0.0033603 8.07971e-19 0.0033603)
(0.0033603 -0.00152777 -0.00014165 0.0033603 -1.76024e-18 0.0033603)
(0.00369516 -0.00170267 -0.000165115 0.00369516 1.25306e-18 0.00369516)
(0.00369516 -0.00170267 -0.000165115 0.00369516 -1.41321e-18 0.00369516)
(0.00402586 -0.00187277 -0.00019001 0.00402586 1.68886e-18 0.00402586)
(0.00402586 -0.00187277 -0.00019001 0.00402586 -9.51674e-19 0.00402586)
(0.00434858 -0.00203584 -0.000216174 0.00434858 1.91224e-18 0.00434858)
(0.00434858 -0.00203584 -0.000216174 0.00434858 -6.01683e-19 0.00434858)
(0.00466019 -0.0021903 -0.000243469 0.00466019 2.34818e-18 0.00466019)
(0.00466019 -0.0021903 -0.000243469 0.00466019 1.25985e-19 0.00466019)
(0.00495828 -0.00233508 -0.000271785 0.00495828 2.87118e-18 0.00495828)
(0.00495828 -0.00233508 -0.000271785 0.00495828 1.05392e-18 0.00495828)
(0.00524112 -0.00246964 -0.00030104 0.00524112 3.11087e-18 0.00524112)
(0.00524112 -0.00246964 -0.00030104 0.00524112 1.94225e-18 0.00524112)
(0.00550758 -0.00259375 -0.000331174 0.00550758 3.92337e-18 0.00550758)
(0.00550758 -0.00259375 -0.000331174 0.00550758 2.33818e-18 0.00550758)
(0.00575704 -0.0027075 -0.000362152 0.00575704 4.55672e-18 0.00575704)
(0.00575704 -0.0027075 -0.000362152 0.00575704 3.23892e-18 0.00575704)
(0.0059893 -0.00281116 -0.000393954 0.0059893 4.76698e-18 0.0059893)
(0.0059893 -0.00281116 -0.000393954 0.0059893 4.49092e-18 0.0059893)
(0.00620448 -0.00290511 -0.000426576 0.00620448 5.15058e-18 0.00620448)
(0.00620448 -0.00290511 -0.000426576 0.00620448 5.1385e-18 0.00620448)
(0.00640295 -0.00298985 -0.000460025 0.00640295 5.83348e-18 0.00640295)
(0.00640295 -0.00298985 -0.000460025 0.00640295 4.96709e-18 0.00640295)
(0.00658525 -0.00306587 -0.000494314 0.00658525 5.80878e-18 0.00658525)
(0.00658525 -0.00306587 -0.000494314 0.00658525 4.81237e-18 0.00658525)
(0.00675205 -0.0031337 -0.000529464 0.00675205 5.95153e-18 0.00675205)
(0.00675205 -0.0031337 -0.000529464 0.00675205 4.75132e-18 0.00675205)
(0.00690408 -0.00319384 -0.000565498 0.00690408 7.39319e-18 0.00690408)
(0.00690408 -0.00319384 -0.000565498 0.00690408 5.33872e-18 0.00690408)
(0.0070421 -0.00324679 -0.000602441 0.0070421 6.09648e-18 0.0070421)
(0.0070421 -0.00324679 -0.000602441 0.0070421 6.66595e-18 0.0070421)
(0.0071669 -0.003293 -0.00064032 0.0071669 4.7487e-18 0.0071669)
(0.0071669 -0.003293 -0.00064032 0.0071669 6.41284e-18 0.0071669)
(0.00727923 -0.0033329 -0.000679158 0.00727923 4.85146e-18 0.00727923)
(0.00727923 -0.0033329 -0.000679158 0.00727923 6.12204e-18 0.00727923)
(0.00737984 -0.00336687 -0.00071898 0.00737984 3.97008e-18 0.00737984)
(0.00737984 -0.00336687 -0.00071898 0.00737984 7.51389e-18 0.00737984)
(0.00746945 -0.00339526 -0.000759804 0.00746945 3.87584e-18 0.00746945)
(0.00746945 -0.00339526 -0.000759804 0.00746945 8.9143e-18 0.00746945)
(0.00754871 -0.0034184 -0.000801648 0.00754871 3.00733e-18 0.00754871)
(0.00754871 -0.0034184 -0.000801648 0.00754871 9.44185e-18 0.00754871)
(0.00761825 -0.00343655 -0.000844522 0.00761825 4.62671e-18 0.00761825)
(0.00761825 -0.00343655 -0.000844522 0.00761825 7.24655e-18 0.00761825)
(0.00767865 -0.00344997 -0.000888433 0.00767865 4.89912e-18 0.00767865)
(0.00767865 -0.00344997 -0.000888433 0.00767865 6.78754e-18 0.00767865)
(0.00773042 -0.00345889 -0.000933381 0.00773042 2.22909e-18 0.00773042)
(0.00773042 -0.00345889 -0.000933381 0.00773042 1.10233e-17 0.00773042)
(0.00777405 -0.00346347 -0.000979356 0.00777405 4.26345e-18 0.00777405)
(0.00777405 -0.00346347 -0.000979356 0.00777405 1.12185e-17 0.00777405)
(0.00780996 -0.0034639 -0.00102634 0.00780996 7.67256e-18 0.00780996)
(0.00780996 -0.0034639 -0.00102634 0.00780996 7.8751e-18 0.00780996)
(0.00783854 -0.0034603 -0.00107431 0.00783854 5.09923e-18 0.00783854)
(0.00783854 -0.0034603 -0.00107431 0.00783854 9.86969e-18 0.00783854)
(0.00786011 -0.0034528 -0.00112324 0.00786011 2.22377e-18 0.00786011)
(0.00786011 -0.0034528 -0.00112324 0.00786011 1.19264e-17 0.00786011)
(0.00787496 -0.00344148 -0.00117306 0.00787496 7.04982e-18 0.00787496)
(0.00787496 -0.00344148 -0.00117306 0.00787496 1.03628e-17 0.00787496)
(0.00788334 -0.00342642 -0.00122371 0.00788334 4.51267e-18 0.00788334)
(0.00788334 -0.00342642 -0.00122371 0.00788334 7.60876e-18 0.00788334)
(0.00788543 -0.00340768 -0.00127513 0.00788543 -1.3441e-19 0.00788543)
(0.00788543 -0.00340768 -0.00127513 0.00788543 3.59561e-18 0.00788543)
(0.00788139 -0.0033853 -0.00132721 0.00788139 3.69075e-18 0.00788139)
(0.00788139 -0.0033853 -0.00132721 0.00788139 3.16208e-18 0.00788139)
(0.0078713 -0.0033593 -0.00137984 0.0078713 1.39673e-17 0.0078713)
(0.0078713 -0.0033593 -0.00137984 0.0078713 2.00287e-18 0.0078713)
(0.00785523 -0.00332968 -0.00143289 0.00785523 8.99627e-19 0.00785523)
(0.00785523 -0.00332968 -0.00143289 0.00785523 4.21042e-18 0.00785523)
(0.00783318 -0.00329645 -0.00148619 0.00783318 -9.86225e-18 0.00783318)
(0.00783318 -0.00329645 -0.00148619 0.00783318 4.0821e-18 0.00783318)
(0.00780509 -0.00325958 -0.00153956 0.00780509 -8.13954e-19 0.00780509)
(0.00780509 -0.00325958 -0.00153956 0.00780509 -1.22701e-18 0.00780509)
(0.00777089 -0.00321903 -0.00159279 0.00777089 -4.22493e-18 0.00777089)
(0.00777089 -0.00321903 -0.00159279 0.00777089 -1.89074e-18 0.00777089)
(0.0077304 -0.00317477 -0.00164562 0.0077304 7.52687e-18 0.0077304)
(0.0077304 -0.00317477 -0.00164562 0.0077304 3.62151e-19 0.0077304)
(0.00768343 -0.00312673 -0.00169777 0.00768343 1.05339e-18 0.00768343)
(0.00768343 -0.00312673 -0.00169777 0.00768343 1.79044e-18 0.00768343)
(0.00762973 -0.00307485 -0.00174891 0.00762973 4.5129e-18 0.00762973)
(0.00762973 -0.00307485 -0.00174891 0.00762973 7.64553e-18 0.00762973)
(0.00756895 -0.00301905 -0.00179867 0.00756895 2.50164e-18 0.00756895)
(0.00756895 -0.00301905 -0.00179867 0.00756895 4.0953e-18 0.00756895)
(0.00750073 -0.00295923 -0.00184664 0.00750073 7.24583e-18 0.00750073)
(0.00750073 -0.00295923 -0.00184664 0.00750073 -7.7598e-18 0.00750073)
(0.00742463 -0.00289529 -0.00189233 0.00742463 2.78651e-17 0.00742463)
(0.00742463 -0.00289529 -0.00189233 0.00742463 -4.33442e-18 0.00742463)
(0.00734014 -0.00282711 -0.00193519 0.00734014 1.29067e-17 0.00734014)
(0.00734014 -0.00282711 -0.00193519 0.00734014 -3.94439e-19 0.00734014)
(0.00724669 -0.00275459 -0.00197463 0.00724669 -1.19906e-19 0.00724669)
(0.00724669 -0.00275459 -0.00197463 0.00724669 1.04755e-18 0.00724669)
(0.00714368 -0.00267757 -0.00200996 0.00714368 -1.82159e-18 0.00714368)
(0.00714368 -0.00267757 -0.00200996 0.00714368 2.00763e-17 0.00714368)
(0.00703043 -0.00259592 -0.0020404 0.00703043 -7.8216e-18 0.00703043)
(0.00703043 -0.00259592 -0.0020404 0.00703043 9.3561e-18 0.00703043)
(0.00690622 -0.00250947 -0.00206509 0.00690622 -1.06993e-17 0.00690622)
(0.00690622 -0.00250947 -0.00206509 0.00690622 7.45697e-18 0.00690622)
(0.00677032 -0.00241807 -0.00208305 0.00677032 5.45346e-18 0.00677032)
(0.00677032 -0.00241807 -0.00208305 0.00677032 -2.01062e-17 0.00677032)
(0.00662198 -0.00232152 -0.0020932 0.00662198 2.35367e-18 0.00662198)
(0.00662198 -0.00232152 -0.0020932 0.00662198 1.49044e-17 0.00662198)
(0.00646047 -0.00221964 -0.0020943 0.00646047 5.2944e-18 0.00646047)
(0.00646047 -0.00221964 -0.0020943 0.00646047 3.39449e-17 0.00646047)
(0.00628515 -0.00211223 -0.002085 0.00628515 1.8424e-17 0.00628515)
(0.00628515 -0.00211223 -0.002085 0.00628515 -4.76777e-18 0.00628515)
(0.0060955 -0.00199907 -0.00206376 0.0060955 1.15466e-17 0.0060955)
(0.0060955 -0.00199907 -0.00206376 0.0060955 -7.82591e-19 0.0060955)
(0.00589121 -0.00187993 -0.00202885 0.00589121 -1.1603e-17 0.00589121)
(0.00589121 -0.00187993 -0.00202885 0.00589121 -7.23978e-18 0.00589121)
(0.00567232 -0.00175457 -0.00197836 0.00567232 -8.17076e-18 0.00567232)
(0.00567232 -0.00175457 -0.00197836 0.00567232 -5.74374e-18 0.00567232)
(0.00543937 -0.00162274 -0.00191013 0.00543937 -1.52037e-17 0.00543937)
(0.00543937 -0.00162274 -0.00191013 0.00543937 -7.05227e-18 0.00543937)
(0.00519363 -0.00148418 -0.00182173 0.00519363 -2.89786e-18 0.00519363)
(0.00519363 -0.00148418 -0.00182173 0.00519363 -2.50097e-17 0.00519363)
(0.00493736 -0.00133863 -0.00171044 0.00493736 1.94422e-17 0.00493736)
(0.00493736 -0.00133863 -0.00171044 0.00493736 1.31368e-17 0.00493736)
(0.00467427 -0.00118581 -0.00157323 0.00467427 2.92591e-17 0.00467427)
(0.00467427 -0.00118581 -0.00157323 0.00467427 2.2852e-17 0.00467427)
(0.00440995 -0.00102545 -0.00140669 0.00440995 9.25455e-18 0.00440995)
(0.00440995 -0.00102545 -0.00140669 0.00440995 4.39959e-18 0.00440995)
(0.00415251 -0.000857303 -0.00120712 0.00415251 3.23126e-17 0.00415251)
(0.00415251 -0.000857303 -0.00120712 0.00415251 1.77249e-17 0.00415251)
(0.00391319 -0.000681159 -0.000970586 0.00391319 3.4066e-17 0.00391319)
(0.00391319 -0.000681159 -0.000970586 0.00391319 4.29723e-17 0.00391319)
(0.00370669 -0.000496843 -0.000693106 0.00370669 4.88593e-18 0.00370669)
(0.00370669 -0.000496843 -0.000693106 0.00370669 -5.84278e-18 0.00370669)
(0.00355086 -0.000304185 -0.000370866 0.00355086 1.36448e-17 0.00355086)
(0.00355086 -0.000304185 -0.000370866 0.00355086 2.00738e-17 0.00355086)
(0.00346479 -3.6831e-13 -3.38002e-13 0.00346479 1.31805e-18 0.00346479)
(0.00346479 -3.71418e-13 -3.40884e-13 0.00346479 5.07858e-18 0.00346479)
(2.04313e-07 -7.70449e-12 3.53637e-14 2.04313e-07 9.35969e-27 2.04313e-07)
(2.04313e-07 -7.70449e-12 3.53637e-14 2.04313e-07 1.30254e-29 2.04313e-07)
(3.29496e-08 -7.27602e-12 1.01798e-13 3.29496e-08 3.03298e-27 3.29496e-08)
(3.29496e-08 -7.27602e-12 1.01798e-13 3.29496e-08 4.89229e-29 3.29496e-08)
(3.54246e-08 -2.37801e-11 4.90343e-13 3.54246e-08 -7.68006e-27 3.54246e-08)
(3.54246e-08 -2.37801e-11 4.90343e-13 3.54246e-08 2.31939e-28 3.54246e-08)
(1.08624e-07 -1.59865e-10 3.45333e-12 1.08624e-07 -3.4274e-26 1.08624e-07)
(1.08624e-07 -1.59865e-10 3.45333e-12 1.08624e-07 2.31499e-27 1.08624e-07)
(2.93632e-07 -7.89001e-10 1.78549e-11 2.93632e-07 -1.60076e-25 2.93632e-07)
(2.93632e-07 -7.89001e-10 1.78549e-11 2.93632e-07 1.5517e-26 2.93632e-07)
(6.63369e-07 -2.90535e-09 6.8877e-11 6.63369e-07 -6.17204e-25 6.63369e-07)
(6.63369e-07 -2.90535e-09 6.8877e-11 6.63369e-07 7.50548e-26 6.63369e-07)
(1.31815e-06 -8.72023e-09 2.16571e-10 1.31815e-06 -1.92912e-24 1.31815e-06)
(1.31815e-06 -8.72023e-09 2.16571e-10 1.31815e-06 3.94301e-25 1.31815e-06)
(2.38995e-06 -2.26231e-08 5.88598e-10 2.38995e-06 -5.18521e-24 2.38995e-06)
(2.38995e-06 -2.26231e-08 5.88598e-10 2.38995e-06 1.54583e-24 2.38995e-06)
(4.0489e-06 -5.26722e-08 1.43563e-09 4.0489e-06 -1.25356e-23 4.0489e-06)
(4.0489e-06 -5.26722e-08 1.43563e-09 4.0489e-06 4.36739e-24 4.0489e-06)
(6.5114e-06 -1.12843e-07 3.22204e-09 6.5114e-06 -2.8019e-23 6.5114e-06)
(6.5114e-06 -1.12843e-07 3.22204e-09 6.5114e-06 1.10391e-23 6.5114e-06)
(1.00498e-05 -2.26345e-07 6.77044e-09 1.00498e-05 -5.90221e-23 1.00498e-05)
(1.00498e-05 -2.26345e-07 6.77044e-09 1.00498e-05 2.56192e-23 1.00498e-05)
(1.50039e-05 -4.30409e-07 1.3487e-08 1.50039e-05 -1.18173e-22 1.50039e-05)
(1.50039e-05 -4.30409e-07 1.3487e-08 1.50039e-05 5.52677e-23 1.50039e-05)
(2.17945e-05 -7.83087e-07 2.57057e-08 2.17945e-05 -2.273e-22 2.17945e-05)
(2.17945e-05 -7.83087e-07 2.57057e-08 2.17945e-05 1.1283e-22 2.17945e-05)
(3.09388e-05 -1.37272e-06 4.72044e-08 3.09388e-05 -4.23543e-22 3.09388e-05)
(3.09388e-05 -1.37272e-06 4.72044e-08 3.09388e-05 2.24132e-22 3.09388e-05)
(4.30686e-05 -2.33091e-06 8.39646e-08 4.30686e-05 -7.61911e-22 4.30686e-05)
(4.30686e-05 -2.33091e-06 8.39646e-08 4.30686e-05 4.24777e-22 4.30686e-05)
(5.89501e-05 -3.84984e-06 1.45269e-07 5.89501e-05 -1.33109e-21 5.89501e-05)
(5.89501e-05 -3.84984e-06 1.45269e-07 5.89501e-05 7.65507e-22 5.89501e-05)
(7.95056e-05 -6.20493e-06 2.45251e-07 7.95056e-05 -2.27598e-21 7.95056e-05)
(7.95056e-05 -6.20493e-06 2.45251e-07 7.95056e-05 1.35707e-21 7.95056e-05)
(0.000105836 -9.78354e-06 4.05033e-07 0.000105836 -3.80318e-21 0.000105836)
(0.000105836 -9.78354e-06 4.05033e-07 0.000105836 2.31605e-21 0.000105836)
(0.000139245 -1.51198e-05 6.55589e-07 0.000139245 -6.2594e-21 0.000139245)
(0.000139245 -1.51198e-05 6.55589e-07 0.000139245 3.81302e-21 0.000139245)
(0.000181254 -2.29348e-05 1.04143e-06 0.000181254 -1.00804e-20 0.000181254)
(0.000181254 -2.29348e-05 1.04143e-06 0.000181254 6.22546e-21 0.000181254)
(0.000233616 -3.41787e-05 1.62512e-06 0.000233616 -1.58517e-20 0.000233616)
(0.000233616 -3.41787e-05 1.62512e-06 0.000233616 9.78765e-21 0.000233616)
(0.000298317 -5.00695e-05 2.49248e-06 0.000298317 -2.45722e-20 0.000298317)
(0.000298317 -5.00695e-05 2.49248e-06 0.000298317 1.48394e-20 0.000298317)
(0.000377549 -7.21177e-05 3.75788e-06 0.000377549 -3.77584e-20 0.000377549)
(0.000377549 -7.21177e-05 3.75788e-06 0.000377549 2.2788e-20 0.000377549)
(0.00047366 -0.000102123 5.5688e-06 0.00047366 4.85085e-20 0.00047366)
(0.00047366 -0.000102123 5.5688e-06 0.00047366 3.42229e-20 0.00047366)
(0.000589064 -0.000142123 8.1082e-06 0.000589064 2.64681e-19 0.000589064)
(0.000589064 -0.000142123 8.1082e-06 0.000589064 4.78498e-20 0.000589064)
(0.000726098 -0.000194284 1.15928e-05 0.000726098 4.3394e-19 0.000726098)
(0.000726098 -0.000194284 1.15928e-05 0.000726098 6.57669e-20 0.000726098)
(0.000886839 -0.000260709 1.62653e-05 0.000886839 5.78538e-19 0.000886839)
(0.000886839 -0.000260709 1.62653e-05 0.000886839 9.00524e-20 0.000886839)
(0.00107287 -0.000343193 2.23805e-05 0.00107287 7.44879e-19 0.00107287)
(0.00107287 -0.000343193 2.23805e-05 0.00107287 1.08031e-19 0.00107287)
(0.00128506 -0.000442929 3.0184e-05 0.00128506 9.31038e-19 0.00128506)
(0.00128506 -0.000442929 3.0184e-05 0.00128506 1.17442e-19 0.00128506)
(0.0015233 -0.000560239 3.98882e-05 0.0015233 1.10901e-18 0.0015233)
(0.0015233 -0.000560239 3.98882e-05 0.0015233 1.13397e-19 0.0015233)
(0.00178638 -0.000694402 5.16493e-05 0.00178638 1.2543e-18 0.00178638)
(0.00178638 -0.000694402 5.16493e-05 0.00178638 1.37667e-19 0.00178638)
(0.00207197 -0.000843609 6.55508e-05 0.00207197 1.35174e-18 0.00207197)
(0.00207197 -0.000843609 6.55508e-05 0.00207197 1.49042e-19 0.00207197)
(0.00237663 -0.0010051 8.15971e-05 0.00237663 1.36727e-18 0.00237663)
(0.00237663 -0.0010051 8.15971e-05 0.00237663 1.55184e-19 0.00237663)
(0.00269613 -0.00117545 9.97196e-05 0.00269613 1.31355e-18 0.00269613)
(0.00269613 -0.00117545 9.97196e-05 0.00269613 1.98247e-19 0.00269613)
(0.00302568 -0.00135091 0.000119792 0.00302568 1.16834e-18 0.00302568)
(0.00302568 -0.00135091 0.000119792 0.00302568 2.50005e-19 0.00302568)
(0.0033603 -0.00152777 0.00014165 0.0033603 8.98275e-19 0.0033603)
(0.0033603 -0.00152777 0.00014165 0.0033603 2.47669e-19 0.0033603)
(0.00369516 -0.00170267 0.000165115 0.00369516 5.8563e-19 0.00369516)
(0.00369516 -0.00170267 0.000165115 0.00369516 1.8248e-19 0.00369516)
(0.00402586 -0.00187277 0.00019001 0.00402586 2.60069e-19 0.00402586)
(0.00402586 -0.00187277 0.00019001 0.00402586 2.79446e-19 0.00402586)
(0.00434858 -0.00203584 0.000216174 0.00434858 -3.19092e-19 0.00434858)
(0.00434858 -0.00203584 0.000216174 0.00434858 3.04285e-19 0.00434858)
(0.00466019 -0.0021903 0.000243469 0.00466019 -9.87411e-19 0.00466019)
(0.00466019 -0.0021903 0.000243469 0.00466019 1.15519e-19 0.00466019)
(0.00495828 -0.00233508 0.000271785 0.00495828 -1.84644e-18 0.00495828)
(0.00495828 -0.00233508 0.000271785 0.00495828 1.24584e-19 0.00495828)
(0.00524112 -0.00246964 0.00030104 0.00524112 -2.79344e-18 0.00524112)
(0.00524112 -0.00246964 0.00030104 0.00524112 2.34797e-20 0.00524112)
(0.00550758 -0.00259375 0.000331174 0.00550758 -3.45867e-18 0.00550758)
(0.00550758 -0.00259375 0.000331174 0.00550758 -3.78644e-20 0.00550758)
(0.00575704 -0.0027075 0.000362152 0.00575704 -4.12901e-18 0.00575704)
(0.00575704 -0.0027075 0.000362152 0.00575704 -5.13171e-20 0.00575704)
(0.0059893 -0.00281116 0.000393954 0.0059893 -5.34684e-18 0.0059893)
(0.0059893 -0.00281116 0.000393954 0.0059893 5.63887e-19 0.0059893)
(0.00620448 -0.00290511 0.000426576 0.00620448 -6.12633e-18 0.00620448)
(0.00620448 -0.00290511 0.000426576 0.00620448 8.6219e-19 0.00620448)
(0.00640295 -0.00298985 0.000460025 0.00640295 -6.55833e-18 0.00640295)
(0.00640295 -0.00298985 0.000460025 0.00640295 1.0914e-18 0.00640295)
(0.00658525 -0.00306587 0.000494314 0.00658525 -7.26547e-18 0.00658525)
(0.00658525 -0.00306587 0.000494314 0.00658525 1.83549e-18 0.00658525)
(0.00675205 -0.0031337 0.000529464 0.00675205 -7.71239e-18 0.00675205)
(0.00675205 -0.0031337 0.000529464 0.00675205 1.59299e-18 0.00675205)
(0.00690408 -0.00319384 0.000565498 0.00690408 -8.48145e-18 0.00690408)
(0.00690408 -0.00319384 0.000565498 0.00690408 1.02509e-18 0.00690408)
(0.0070421 -0.00324679 0.000602441 0.0070421 -1.00887e-17 0.0070421)
(0.0070421 -0.00324679 0.000602441 0.0070421 1.14123e-18 0.0070421)
(0.0071669 -0.003293 0.00064032 0.0071669 -1.02553e-17 0.0071669)
(0.0071669 -0.003293 0.00064032 0.0071669 1.113e-18 0.0071669)
(0.00727923 -0.0033329 0.000679158 0.00727923 -9.87727e-18 0.00727923)
(0.00727923 -0.0033329 0.000679158 0.00727923 7.11716e-19 0.00727923)
(0.00737984 -0.00336687 0.00071898 0.00737984 -1.1009e-17 0.00737984)
(0.00737984 -0.00336687 0.00071898 0.00737984 1.65436e-18 0.00737984)
(0.00746945 -0.00339526 0.000759804 0.00746945 -1.1226e-17 0.00746945)
(0.00746945 -0.00339526 0.000759804 0.00746945 3.95234e-18 0.00746945)
(0.00754871 -0.0034184 0.000801648 0.00754871 -1.20214e-17 0.00754871)
(0.00754871 -0.0034184 0.000801648 0.00754871 6.35451e-18 0.00754871)
(0.00761825 -0.00343655 0.000844522 0.00761825 -1.16484e-17 0.00761825)
(0.00761825 -0.00343655 0.000844522 0.00761825 4.81244e-18 0.00761825)
(0.00767865 -0.00344997 0.000888433 0.00767865 -1.01787e-17 0.00767865)
(0.00767865 -0.00344997 0.000888433 0.00767865 2.25627e-18 0.00767865)
(0.00773042 -0.00345889 0.000933381 0.00773042 -1.32339e-17 0.00773042)
(0.00773042 -0.00345889 0.000933381 0.00773042 3.10043e-18 0.00773042)
(0.00777405 -0.00346347 0.000979356 0.00777405 -1.49461e-17 0.00777405)
(0.00777405 -0.00346347 0.000979356 0.00777405 4.57814e-18 0.00777405)
(0.00780996 -0.0034639 0.00102634 0.00780996 -1.26619e-17 0.00780996)
(0.00780996 -0.0034639 0.00102634 0.00780996 3.04785e-18 0.00780996)
(0.00783854 -0.0034603 0.00107431 0.00783854 -1.30772e-17 0.00783854)
(0.00783854 -0.0034603 0.00107431 0.00783854 8.2758e-19 0.00783854)
(0.00786011 -0.0034528 0.00112324 0.00786011 -1.27238e-17 0.00786011)
(0.00786011 -0.0034528 0.00112324 0.00786011 2.57018e-18 0.00786011)
(0.00787496 -0.00344148 0.00117306 0.00787496 -1.33695e-17 0.00787496)
(0.00787496 -0.00344148 0.00117306 0.00787496 1.01625e-17 0.00787496)
(0.00788334 -0.00342642 0.00122371 0.00788334 -1.32756e-17 0.00788334)
(0.00788334 -0.00342642 0.00122371 0.00788334 1.08252e-17 0.00788334)
(0.00788543 -0.00340768 0.00127513 0.00788543 -8.41741e-18 0.00788543)
(0.00788543 -0.00340768 0.00127513 0.00788543 -9.77625e-19 0.00788543)
(0.00788139 -0.0033853 0.00132721 0.00788139 -2.00954e-17 0.00788139)
(0.00788139 -0.0033853 0.00132721 0.00788139 -6.71527e-18 0.00788139)
(0.0078713 -0.0033593 0.00137984 0.0078713 -1.64119e-17 0.0078713)
(0.0078713 -0.0033593 0.00137984 0.0078713 -4.45861e-18 0.0078713)
(0.00785523 -0.00332968 0.00143289 0.00785523 -1.19159e-17 0.00785523)
(0.00785523 -0.00332968 0.00143289 0.00785523 -6.647e-18 0.00785523)
(0.00783318 -0.00329645 0.00148619 0.00783318 -1.06582e-17 0.00783318)
(0.00783318 -0.00329645 0.00148619 0.00783318 -1.13704e-17 0.00783318)
(0.00780509 -0.00325958 0.00153956 0.00780509 -1.52943e-17 0.00780509)
(0.00780509 -0.00325958 0.00153956 0.00780509 -9.36033e-18 0.00780509)
(0.00777089 -0.00321903 0.00159279 0.00777089 -1.42615e-17 0.00777089)
(0.00777089 -0.00321903 0.00159279 0.00777089 -6.74528e-18 0.00777089)
(0.0077304 -0.00317477 0.00164562 0.0077304 2.03136e-18 0.0077304)
(0.0077304 -0.00317477 0.00164562 0.0077304 -1.17827e-17 0.0077304)
(0.00768343 -0.00312673 0.00169777 0.00768343 -1.23551e-17 0.00768343)
(0.00768343 -0.00312673 0.00169777 0.00768343 -2.03633e-17 0.00768343)
(0.00762973 -0.00307485 0.00174891 0.00762973 -1.93806e-17 0.00762973)
(0.00762973 -0.00307485 0.00174891 0.00762973 -2.07511e-17 0.00762973)
(0.00756895 -0.00301905 0.00179867 0.00756895 -1.69695e-17 0.00756895)
(0.00756895 -0.00301905 0.00179867 0.00756895 -1.40676e-17 0.00756895)
(0.00750073 -0.00295923 0.00184664 0.00750073 -1.18773e-17 0.00750073)
(0.00750073 -0.00295923 0.00184664 0.00750073 -1.33724e-17 0.00750073)
(0.00742463 -0.00289529 0.00189233 0.00742463 6.82772e-18 0.00742463)
(0.00742463 -0.00289529 0.00189233 0.00742463 -1.51606e-17 0.00742463)
(0.00734014 -0.00282711 0.00193519 0.00734014 -1.70378e-17 0.00734014)
(0.00734014 -0.00282711 0.00193519 0.00734014 -9.03269e-18 0.00734014)
(0.00724669 -0.00275459 0.00197463 0.00724669 -2.12059e-17 0.00724669)
(0.00724669 -0.00275459 0.00197463 0.00724669 -6.4254e-18 0.00724669)
(0.00714368 -0.00267757 0.00200996 0.00714368 -3.44693e-17 0.00714368)
(0.00714368 -0.00267757 0.00200996 0.00714368 -8.8466e-18 0.00714368)
(0.00703043 -0.00259592 0.0020404 0.00703043 -1.5132e-17 0.00703043)
(0.00703043 -0.00259592 0.0020404 0.00703043 -5.51781e-18 0.00703043)
(0.00690622 -0.00250947 0.00206509 0.00690622 -1.25382e-17 0.00690622)
(0.00690622 -0.00250947 0.00206509 0.00690622 -1.57817e-17 0.00690622)
(0.00677032 -0.00241807 0.00208305 0.00677032 -9.58608e-18 0.00677032)
(0.00677032 -0.00241807 0.00208305 0.00677032 -1.52605e-17 0.00677032)
(0.00662198 -0.00232152 0.0020932 0.00662198 -1.88622e-17 0.00662198)
(0.00662198 -0.00232152 0.0020932 0.00662198 -2.84159e-19 0.00662198)
(0.00646047 -0.00221964 0.0020943 0.00646047 -3.72744e-17 0.00646047)
(0.00646047 -0.00221964 0.0020943 0.00646047 -2.08707e-17 0.00646047)
(0.00628515 -0.00211223 0.002085 0.00628515 9.83349e-18 0.00628515)
(0.00628515 -0.00211223 0.002085 0.00628515 -2.54853e-17 0.00628515)
(0.0060955 -0.00199907 0.00206376 0.0060955 8.81274e-18 0.0060955)
(0.0060955 -0.00199907 0.00206376 0.0060955 -5.21556e-18 0.0060955)
(0.00589121 -0.00187993 0.00202885 0.00589121 -3.27449e-18 0.00589121)
(0.00589121 -0.00187993 0.00202885 0.00589121 -8.65729e-18 0.00589121)
(0.00567232 -0.00175457 0.00197836 0.00567232 -2.2525e-18 0.00567232)
(0.00567232 -0.00175457 0.00197836 0.00567232 6.77297e-18 0.00567232)
(0.00543937 -0.00162274 0.00191013 0.00543937 5.97208e-18 0.00543937)
(0.00543937 -0.00162274 0.00191013 0.00543937 -2.0674e-17 0.00543937)
(0.00519363 -0.00148418 0.00182173 0.00519363 9.99295e-18 0.00519363)
(0.00519363 -0.00148418 0.00182173 0.00519363 1.65871e-17 0.00519363)
(0.00493736 -0.00133863 0.00171044 0.00493736 -1.84759e-17 0.00493736)
(0.00493736 -0.00133863 0.00171044 0.00493736 -1.59894e-17 0.00493736)
(0.00467427 -0.00118581 0.00157323 0.00467427 -4.28343e-17 0.00467427)
(0.00467427 -0.00118581 0.00157323 0.00467427 -2.3035e-17 0.00467427)
(0.00440995 -0.00102545 0.00140669 0.00440995 1.51562e-17 0.00440995)
(0.00440995 -0.00102545 0.00140669 0.00440995 -1.41814e-17 0.00440995)
(0.00415251 -0.000857303 0.00120712 0.00415251 -1.4307e-17 0.00415251)
(0.00415251 -0.000857303 0.00120712 0.00415251 -3.73414e-17 0.00415251)
(0.00391319 -0.000681159 0.000970586 0.00391319 -5.40486e-17 0.00391319)
(0.00391319 -0.000681159 0.000970586 0.00391319 -3.03564e-17 0.00391319)
(0.00370669 -0.000496843 0.000693106 0.00370669 2.61433e-18 0.00370669)
(0.00370669 -0.000496843 0.000693106 0.00370669 -6.85248e-18 0.00370669)
(0.00355086 -0.000304185 0.000370866 0.00355086 -2.67154e-18 0.00355086)
(0.00355086 -0.000304185 0.000370866 0.00355086 -1.04302e-17 0.00355086)
(0.00346479 -3.57271e-13 3.27915e-13 0.00346479 -1.07233e-17 0.00346479)
(0.00346479 -3.59642e-13 3.30107e-13 0.00346479 -1.5884e-18 0.00346479)
(0.00346479 1.71726e-15 -1.59109e-15 0.00346479 1.05337e-17 0.00346479)
(0.00346479 7.03258e-15 -6.45443e-15 0.00346479 1.17864e-17 0.00346479)
(0.00355086 0.000304185 -0.000370866 0.00355086 3.42932e-17 0.00355086)
(0.00355086 0.000304185 -0.000370866 0.00355086 3.64348e-17 0.00355086)
(0.00370669 0.000496843 -0.000693106 0.00370669 3.89851e-17 0.00370669)
(0.00370669 0.000496843 -0.000693106 0.00370669 4.86964e-17 0.00370669)
(0.00391319 0.000681159 -0.000970586 0.00391319 2.73824e-17 0.00391319)
(0.00391319 0.000681159 -0.000970586 0.00391319 1.719e-17 0.00391319)
(0.00415251 0.000857303 -0.00120712 0.00415251 2.43803e-17 0.00415251)
(0.00415251 0.000857303 -0.00120712 0.00415251 1.86939e-17 0.00415251)
(0.00440995 0.00102545 -0.00140669 0.00440995 2.00275e-17 0.00440995)
(0.00440995 0.00102545 -0.00140669 0.00440995 3.15348e-17 0.00440995)
(0.00467427 0.00118581 -0.00157323 0.00467427 4.46914e-17 0.00467427)
(0.00467427 0.00118581 -0.00157323 0.00467427 4.07816e-32 0.00467427)
(0.00493736 0.00133863 -0.00171044 0.00493736 1.89201e-17 0.00493736)
(0.00493736 0.00133863 -0.00171044 0.00493736 2.91941e-17 0.00493736)
(0.00519363 0.00148418 -0.00182173 0.00519363 2.55606e-17 0.00519363)
(0.00519363 0.00148418 -0.00182173 0.00519363 1.06604e-17 0.00519363)
(0.00543937 0.00162274 -0.00191013 0.00543937 6.03189e-18 0.00543937)
(0.00543937 0.00162274 -0.00191013 0.00543937 2.35931e-17 0.00543937)
(0.00567232 0.00175457 -0.00197836 0.00567232 6.08228e-18 0.00567232)
(0.00567232 0.00175457 -0.00197836 0.00567232 1.05286e-17 0.00567232)
(0.00589121 0.00187993 -0.00202885 0.00589121 1.44888e-17 0.00589121)
(0.00589121 0.00187993 -0.00202885 0.00589121 1.55257e-17 0.00589121)
(0.0060955 0.00199907 -0.00206376 0.0060955 1.45506e-17 0.0060955)
(0.0060955 0.00199907 -0.00206376 0.0060955 -3.97377e-18 0.0060955)
(0.00628515 0.00211223 -0.002085 0.00628515 2.49529e-17 0.00628515)
(0.00628515 0.00211223 -0.002085 0.00628515 1.69998e-17 0.00628515)
(0.00646047 0.00221964 -0.0020943 0.00646047 1.89413e-17 0.00646047)
(0.00646047 0.00221964 -0.0020943 0.00646047 6.6534e-18 0.00646047)
(0.00662198 0.00232152 -0.0020932 0.00662198 1.70569e-17 0.00662198)
(0.00662198 0.00232152 -0.0020932 0.00662198 1.52263e-17 0.00662198)
(0.00677032 0.00241807 -0.00208305 0.00677032 1.56495e-17 0.00677032)
(0.00677032 0.00241807 -0.00208305 0.00677032 5.56593e-18 0.00677032)
(0.00690622 0.00250947 -0.00206509 0.00690622 2.89569e-18 0.00690622)
(0.00690622 0.00250947 -0.00206509 0.00690622 2.08225e-17 0.00690622)
(0.00703043 0.00259592 -0.0020404 0.00703043 2.668e-33 0.00703043)
(0.00703043 0.00259592 -0.0020404 0.00703043 3.07795e-17 0.00703043)
(0.00714368 0.00267757 -0.00200996 0.00714368 1.94213e-17 0.00714368)
(0.00714368 0.00267757 -0.00200996 0.00714368 1.40255e-17 0.00714368)
(0.00724669 0.00275459 -0.00197463 0.00724669 1.18903e-17 0.00724669)
(0.00724669 0.00275459 -0.00197463 0.00724669 -2.81552e-18 0.00724669)
(0.00734014 0.00282711 -0.00193519 0.00734014 1.81643e-17 0.00734014)
(0.00734014 0.00282711 -0.00193519 0.00734014 9.07731e-19 0.00734014)
(0.00742463 0.00289529 -0.00189233 0.00742463 1.19993e-17 0.00742463)
(0.00742463 0.00289529 -0.00189233 0.00742463 2.94492e-18 0.00742463)
(0.00750073 0.00295923 -0.00184664 0.00750073 -1.18253e-18 0.00750073)
(0.00750073 0.00295923 -0.00184664 0.00750073 1.7549e-17 0.00750073)
(0.00756895 0.00301905 -0.00179867 0.00756895 1.02252e-17 0.00756895)
(0.00756895 0.00301905 -0.00179867 0.00756895 1.39476e-17 0.00756895)
(0.00762973 0.00307485 -0.00174891 0.00762973 1.44923e-17 0.00762973)
(0.00762973 0.00307485 -0.00174891 0.00762973 5.68284e-18 0.00762973)
(0.00768343 0.00312673 -0.00169777 0.00768343 7.98759e-18 0.00768343)
(0.00768343 0.00312673 -0.00169777 0.00768343 7.77108e-18 0.00768343)
(0.0077304 0.00317477 -0.00164562 0.0077304 -2.60041e-19 0.0077304)
(0.0077304 0.00317477 -0.00164562 0.0077304 6.46781e-18 0.0077304)
(0.00777089 0.00321903 -0.00159279 0.00777089 2.17908e-19 0.00777089)
(0.00777089 0.00321903 -0.00159279 0.00777089 3.93507e-18 0.00777089)
(0.00780509 0.00325958 -0.00153956 0.00780509 3.22742e-18 0.00780509)
(0.00780509 0.00325958 -0.00153956 0.00780509 4.95862e-19 0.00780509)
(0.00783318 0.00329645 -0.00148619 0.00783318 4.08009e-19 0.00783318)
(0.00783318 0.00329645 -0.00148619 0.00783318 9.40012e-18 0.00783318)
(0.00785523 0.00332968 -0.00143289 0.00785523 1.41405e-18 0.00785523)
(0.00785523 0.00332968 -0.00143289 0.00785523 3.62099e-18 0.00785523)
(0.0078713 0.0033593 -0.00137984 0.0078713 7.24041e-18 0.0078713)
(0.0078713 0.0033593 -0.00137984 0.0078713 1.91062e-18 0.0078713)
(0.00788139 0.0033853 -0.00132721 0.00788139 1.62584e-18 0.00788139)
(0.00788139 0.0033853 -0.00132721 0.00788139 4.86563e-18 0.00788139)
(0.00788543 0.00340768 -0.00127513 0.00788543 3.31079e-33 0.00788543)
(0.00788543 0.00340768 -0.00127513 0.00788543 2.3379e-18 0.00788543)
(0.00788334 0.00342642 -0.00122371 0.00788334 4.71884e-18 0.00788334)
(0.00788334 0.00342642 -0.00122371 0.00788334 1.47974e-18 0.00788334)
(0.00787496 0.00344148 -0.00117306 0.00787496 1.46486e-18 0.00787496)
(0.00787496 0.00344148 -0.00117306 0.00787496 1.1753e-18 0.00787496)
(0.00786011 0.0034528 -0.00112324 0.00786011 7.61017e-19 0.00786011)
(0.00786011 0.0034528 -0.00112324 0.00786011 3.1359e-18 0.00786011)
(0.00783854 0.0034603 -0.00107431 0.00783854 9.22073e-19 0.00783854)
(0.00783854 0.0034603 -0.00107431 0.00783854 1.24402e-18 0.00783854)
(0.00780996 0.0034639 -0.00102634 0.00780996 6.03484e-19 0.00780996)
(0.00780996 0.0034639 -0.00102634 0.00780996 1.80766e-18 0.00780996)
(0.00777405 0.00346347 -0.000979356 0.00777405 6.9694e-19 0.00777405)
(0.00777405 0.00346347 -0.000979356 0.00777405 1.15882e-18 0.00777405)
(0.00773042 0.00345889 -0.000933381 0.00773042 -3.31512e-19 0.00773042)
(0.00773042 0.00345889 -0.000933381 0.00773042 2.25698e-19 0.00773042)
(0.00767865 0.00344997 -0.000888433 0.00767865 7.27319e-19 0.00767865)
(0.00767865 0.00344997 -0.000888433 0.00767865 9.7063e-20 0.00767865)
(0.00761825 0.00343655 -0.000844522 0.00761825 2.38314e-19 0.00761825)
(0.00761825 0.00343655 -0.000844522 0.00761825 2.74157e-19 0.00761825)
(0.00754871 0.0034184 -0.000801648 0.00754871 5.14368e-20 0.00754871)
(0.00754871 0.0034184 -0.000801648 0.00754871 1.20274e-18 0.00754871)
(0.00746945 0.00339526 -0.000759804 0.00746945 2.09171e-19 0.00746945)
(0.00746945 0.00339526 -0.000759804 0.00746945 1.21124e-18 0.00746945)
(0.00737984 0.00336687 -0.00071898 0.00737984 -4.33875e-19 0.00737984)
(0.00737984 0.00336687 -0.00071898 0.00737984 1.75382e-19 0.00737984)
(0.00727923 0.0033329 -0.000679158 0.00727923 6.49772e-19 0.00727923)
(0.00727923 0.0033329 -0.000679158 0.00727923 3.75893e-19 0.00727923)
(0.0071669 0.003293 -0.00064032 0.0071669 3.92023e-19 0.0071669)
(0.0071669 0.003293 -0.00064032 0.0071669 2.32951e-19 0.0071669)
(0.0070421 0.00324679 -0.000602441 0.0070421 1.05382e-18 0.0070421)
(0.0070421 0.00324679 -0.000602441 0.0070421 -1.93289e-20 0.0070421)
(0.00690408 0.00319384 -0.000565498 0.00690408 1.83672e-19 0.00690408)
(0.00690408 0.00319384 -0.000565498 0.00690408 2.49487e-19 0.00690408)
(0.00675205 0.0031337 -0.000529464 0.00675205 -1.30049e-19 0.00675205)
(0.00675205 0.0031337 -0.000529464 0.00675205 6.15079e-20 0.00675205)
(0.00658525 0.00306587 -0.000494314 0.00658525 -1.55328e-19 0.00658525)
(0.00658525 0.00306587 -0.000494314 0.00658525 1.41118e-19 0.00658525)
(0.00640295 0.00298985 -0.000460025 0.00640295 -7.82821e-20 0.00640295)
(0.00640295 0.00298985 -0.000460025 0.00640295 5.67245e-19 0.00640295)
(0.00620448 0.00290511 -0.000426576 0.00620448 -1.10301e-19 0.00620448)
(0.00620448 0.00290511 -0.000426576 0.00620448 -3.35255e-20 0.00620448)
(0.0059893 0.00281116 -0.000393954 0.0059893 -1.03722e-19 0.0059893)
(0.0059893 0.00281116 -0.000393954 0.0059893 1.53415e-19 0.0059893)
(0.00575704 0.0027075 -0.000362152 0.00575704 1.21024e-34 0.00575704)
(0.00575704 0.0027075 -0.000362152 0.00575704 3.69847e-19 0.00575704)
(0.00550758 0.00259375 -0.000331174 0.00550758 1.17398e-19 0.00550758)
(0.00550758 0.00259375 -0.000331174 0.00550758 9.17366e-20 0.00550758)
(0.00524112 0.00246964 -0.00030104 0.00524112 2.45015e-20 0.00524112)
(0.00524112 0.00246964 -0.00030104 0.00524112 9.76284e-20 0.00524112)
(0.00495828 0.00233508 -0.000271785 0.00495828 1.01102e-34 0.00495828)
(0.00495828 0.00233508 -0.000271785 0.00495828 7.05022e-20 0.00495828)
(0.00466019 0.0021903 -0.000243469 0.00466019 5.76561e-20 0.00466019)
(0.00466019 0.0021903 -0.000243469 0.00466019 1.31681e-19 0.00466019)
(0.00434858 0.00203584 -0.000216174 0.00434858 3.2843e-20 0.00434858)
(0.00434858 0.00203584 -0.000216174 0.00434858 1.26491e-19 0.00434858)
(0.00402586 0.00187277 -0.00019001 0.00402586 1.26669e-19 0.00402586)
(0.00402586 0.00187277 -0.00019001 0.00402586 -5.22746e-21 0.00402586)
(0.00369516 0.00170267 -0.000165115 0.00369516 1.0997e-19 0.00369516)
(0.00369516 0.00170267 -0.000165115 0.00369516 8.26142e-20 0.00369516)
(0.0033603 0.00152777 -0.00014165 0.0033603 6.20306e-20 0.0033603)
(0.0033603 0.00152777 -0.00014165 0.0033603 8.03811e-20 0.0033603)
(0.00302568 0.00135091 -0.000119792 0.00302568 3.97975e-20 0.00302568)
(0.00302568 0.00135091 -0.000119792 0.00302568 7.31764e-20 0.00302568)
(0.00269613 0.00117545 -9.97196e-05 0.00269613 3.53432e-20 0.00269613)
(0.00269613 0.00117545 -9.97196e-05 0.00269613 6.28001e-20 0.00269613)
(0.00237663 0.0010051 -8.15971e-05 0.00237663 4.22903e-20 0.00237663)
(0.00237663 0.0010051 -8.15971e-05 0.00237663 3.2696e-20 0.00237663)
(0.00207197 0.000843609 -6.55508e-05 0.00207197 4.32798e-20 0.00207197)
(0.00207197 0.000843609 -6.55508e-05 0.00207197 2.49275e-20 0.00207197)
(0.00178638 0.000694402 -5.16493e-05 0.00178638 3.34943e-20 0.00178638)
(0.00178638 0.000694402 -5.16493e-05 0.00178638 1.98913e-20 0.00178638)
(0.0015233 0.000560239 -3.98882e-05 0.0015233 3.21807e-20 0.0015233)
(0.0015233 0.000560239 -3.98882e-05 0.0015233 1.08534e-20 0.0015233)
(0.00128506 0.000442929 -3.0184e-05 0.00128506 2.45716e-20 0.00128506)
(0.00128506 0.000442929 -3.0184e-05 0.00128506 8.98536e-21 0.00128506)
(0.00107287 0.000343193 -2.23805e-05 0.00107287 1.60565e-20 0.00107287)
(0.00107287 0.000343193 -2.23805e-05 0.00107287 7.78628e-21 0.00107287)
(0.000886839 0.000260709 -1.62653e-05 0.000886839 9.61995e-21 0.000886839)
(0.000886839 0.000260709 -1.62653e-05 0.000886839 5.4756e-21 0.000886839)
(0.000726098 0.000194284 -1.15928e-05 0.000726098 6.62043e-21 0.000726098)
(0.000726098 0.000194284 -1.15928e-05 0.000726098 2.70277e-21 0.000726098)
(0.000589064 0.000142123 -8.1082e-06 0.000589064 6.04471e-21 0.000589064)
(0.000589064 0.000142123 -8.1082e-06 0.000589064 6.42655e-22 0.000589064)
(0.00047366 0.000102123 -5.5688e-06 0.00047366 4.71871e-21 0.00047366)
(0.00047366 0.000102123 -5.5688e-06 0.00047366 1.62191e-21 0.00047366)
(0.000377549 7.21178e-05 -3.75788e-06 0.000377549 2.88021e-21 0.000377549)
(0.000377549 7.21178e-05 -3.75788e-06 0.000377549 1.24448e-21 0.000377549)
(0.000298317 5.00695e-05 -2.49248e-06 0.000298317 1.80048e-21 0.000298317)
(0.000298317 5.00695e-05 -2.49248e-06 0.000298317 4.89687e-22 0.000298317)
(0.000233616 3.41787e-05 -1.62512e-06 0.000233616 1.07719e-21 0.000233616)
(0.000233616 3.41787e-05 -1.62512e-06 0.000233616 4.16058e-22 0.000233616)
(0.000181254 2.29348e-05 -1.04143e-06 0.000181254 6.818e-22 0.000181254)
(0.000181254 2.29348e-05 -1.04143e-06 0.000181254 2.52117e-22 0.000181254)
(0.000139245 1.51198e-05 -6.55589e-07 0.000139245 4.73286e-22 0.000139245)
(0.000139245 1.51198e-05 -6.55589e-07 0.000139245 1.08191e-22 0.000139245)
(0.000105836 9.78354e-06 -4.05033e-07 0.000105836 2.83897e-22 0.000105836)
(0.000105836 9.78354e-06 -4.05033e-07 0.000105836 9.78252e-23 0.000105836)
(7.95056e-05 6.20493e-06 -2.45251e-07 7.95056e-05 1.68762e-22 7.95056e-05)
(7.95056e-05 6.20493e-06 -2.45251e-07 7.95056e-05 8.73049e-23 7.95056e-05)
(5.89501e-05 3.84984e-06 -1.45269e-07 5.89501e-05 1.04402e-22 5.89501e-05)
(5.89501e-05 3.84984e-06 -1.45269e-07 5.89501e-05 5.42196e-23 5.89501e-05)
(4.30686e-05 2.33091e-06 -8.39646e-08 4.30686e-05 6.01089e-23 4.30686e-05)
(4.30686e-05 2.33091e-06 -8.39646e-08 4.30686e-05 2.65712e-23 4.30686e-05)
(3.09388e-05 1.37272e-06 -4.72044e-08 3.09388e-05 3.43436e-23 3.09388e-05)
(3.09388e-05 1.37272e-06 -4.72044e-08 3.09388e-05 1.58215e-23 3.09388e-05)
(2.17945e-05 7.83087e-07 -2.57057e-08 2.17945e-05 1.852e-23 2.17945e-05)
(2.17945e-05 7.83087e-07 -2.57057e-08 2.17945e-05 9.60655e-24 2.17945e-05)
(1.50039e-05 4.30409e-07 -1.3487e-08 1.50039e-05 9.58848e-24 1.50039e-05)
(1.50039e-05 4.30409e-07 -1.3487e-08 1.50039e-05 4.66689e-24 1.50039e-05)
(1.00498e-05 2.26345e-07 -6.77044e-09 1.00498e-05 4.8714e-24 1.00498e-05)
(1.00498e-05 2.26345e-07 -6.77044e-09 1.00498e-05 2.13474e-24 1.00498e-05)
(6.5114e-06 1.12843e-07 -3.22204e-09 6.5114e-06 2.24817e-24 6.5114e-06)
(6.5114e-06 1.12843e-07 -3.22204e-09 6.5114e-06 1.15367e-24 6.5114e-06)
(4.0489e-06 5.26722e-08 -1.43563e-09 4.0489e-06 9.77998e-25 4.0489e-06)
(4.0489e-06 5.26722e-08 -1.43563e-09 4.0489e-06 5.54189e-25 4.0489e-06)
(2.38995e-06 2.26231e-08 -5.88598e-10 2.38995e-06 4.14307e-25 2.38995e-06)
(2.38995e-06 2.26231e-08 -5.88598e-10 2.38995e-06 2.32405e-25 2.38995e-06)
(1.31815e-06 8.72023e-09 -2.16571e-10 1.31815e-06 1.5477e-25 1.31815e-06)
(1.31815e-06 8.72023e-09 -2.16571e-10 1.31815e-06 8.83586e-26 1.31815e-06)
(6.63368e-07 2.90534e-09 -6.8877e-11 6.63368e-07 4.91481e-26 6.63368e-07)
(6.63368e-07 2.90534e-09 -6.8877e-11 6.63368e-07 2.94573e-26 6.63368e-07)
(2.93632e-07 7.89001e-10 -1.78549e-11 2.93632e-07 1.25935e-26 2.93632e-07)
(2.93632e-07 7.89001e-10 -1.78549e-11 2.93632e-07 7.94832e-27 2.93632e-07)
(1.08624e-07 1.59866e-10 -3.45333e-12 1.08624e-07 2.43546e-27 1.08624e-07)
(1.08624e-07 1.59866e-10 -3.45333e-12 1.08624e-07 1.51687e-27 1.08624e-07)
(3.54246e-08 2.37801e-11 -4.90343e-13 3.54246e-08 3.46433e-28 3.54246e-08)
(3.54246e-08 2.37801e-11 -4.90343e-13 3.54246e-08 2.08988e-28 3.54246e-08)
(3.29497e-08 7.27603e-12 -1.01798e-13 3.29497e-08 2.14058e-28 3.29497e-08)
(3.29497e-08 7.27603e-12 -1.01798e-13 3.29497e-08 3.28752e-28 3.29497e-08)
(2.04313e-07 7.7045e-12 -3.53638e-14 2.04313e-07 6.45077e-28 2.04313e-07)
(2.04313e-07 7.7045e-12 -3.53638e-14 2.04313e-07 4.09413e-28 2.04313e-07)
(0.00346479 -0 -0 0.00346479 -1.24542e-17 0.00346479)
(0.00346479 6.78874e-15 4.68322e-15 0.00346479 -1.05561e-17 0.00346479)
(0.00355086 0.000304185 0.000370866 0.00355086 -2.82518e-17 0.00355086)
(0.00355086 0.000304185 0.000370866 0.00355086 -2.46298e-17 0.00355086)
(0.00370669 0.000496843 0.000693106 0.00370669 -3.35158e-18 0.00370669)
(0.00370669 0.000496843 0.000693106 0.00370669 -2.14365e-17 0.00370669)
(0.00391319 0.000681159 0.000970586 0.00391319 -2.9151e-17 0.00391319)
(0.00391319 0.000681159 0.000970586 0.00391319 -3.8332e-17 0.00391319)
(0.00415251 0.000857303 0.00120712 0.00415251 -4.70778e-17 0.00415251)
(0.00415251 0.000857303 0.00120712 0.00415251 -2.03812e-17 0.00415251)
(0.00440995 0.00102545 0.00140669 0.00440995 3.13779e-18 0.00440995)
(0.00440995 0.00102545 0.00140669 0.00440995 -3.28349e-17 0.00440995)
(0.00467427 0.00118581 0.00157323 0.00467427 -5.58785e-18 0.00467427)
(0.00467427 0.00118581 0.00157323 0.00467427 -3.85962e-17 0.00467427)
(0.00493736 0.00133863 0.00171044 0.00493736 -1.49625e-17 0.00493736)
(0.00493736 0.00133863 0.00171044 0.00493736 -1.82622e-17 0.00493736)
(0.00519363 0.00148418 0.00182173 0.00519363 -4.25385e-33 0.00519363)
(0.00519363 0.00148418 0.00182173 0.00519363 -2.86816e-17 0.00519363)
(0.00543937 0.00162274 0.00191013 0.00543937 -2.7071e-17 0.00543937)
(0.00543937 0.00162274 0.00191013 0.00543937 1.00612e-18 0.00543937)
(0.00567232 0.00175457 0.00197836 0.00567232 -1.32879e-17 0.00567232)
(0.00567232 0.00175457 0.00197836 0.00567232 -1.05286e-17 0.00567232)
(0.00589121 0.00187993 0.00202885 0.00589121 -2.8485e-33 0.00589121)
(0.00589121 0.00187993 0.00202885 0.00589121 -1.02346e-17 0.00589121)
(0.0060955 0.00199907 0.00206376 0.0060955 -2.14433e-17 0.0060955)
(0.0060955 0.00199907 0.00206376 0.0060955 -9.42613e-18 0.0060955)
(0.00628515 0.00211223 0.002085 0.00628515 -2.40875e-17 0.00628515)
(0.00628515 0.00211223 0.002085 0.00628515 -1.99885e-17 0.00628515)
(0.00646047 0.00221964 0.0020943 0.00646047 -1.93391e-17 0.00646047)
(0.00646047 0.00221964 0.0020943 0.00646047 -2.70072e-17 0.00646047)
(0.00662198 0.00232152 0.0020932 0.00662198 1.82941e-18 0.00662198)
(0.00662198 0.00232152 0.0020932 0.00662198 -8.47984e-18 0.00662198)
(0.00677032 0.00241807 0.00208305 0.00677032 -1.69001e-18 0.00677032)
(0.00677032 0.00241807 0.00208305 0.00677032 -1.77998e-17 0.00677032)
(0.00690622 0.00250947 0.00206509 0.00690622 -1.39906e-17 0.00690622)
(0.00690622 0.00250947 0.00206509 0.00690622 -1.92207e-18 0.00690622)
(0.00703043 0.00259592 0.0020404 0.00703043 -1.86097e-17 0.00703043)
(0.00703043 0.00259592 0.0020404 0.00703043 -1.80054e-18 0.00703043)
(0.00714368 0.00267757 0.00200996 0.00714368 -7.76925e-18 0.00714368)
(0.00714368 0.00267757 0.00200996 0.00714368 -1.18088e-17 0.00714368)
(0.00724669 0.00275459 0.00197463 0.00724669 1.50446e-19 0.00724669)
(0.00724669 0.00275459 0.00197463 0.00724669 -1.27682e-17 0.00724669)
(0.00734014 0.00282711 0.00193519 0.00734014 -4.3863e-18 0.00734014)
(0.00734014 0.00282711 0.00193519 0.00734014 -6.47091e-18 0.00734014)
(0.00742463 0.00289529 0.00189233 0.00742463 -6.62931e-18 0.00742463)
(0.00742463 0.00289529 0.00189233 0.00742463 -5.50062e-18 0.00742463)
(0.00750073 0.00295923 0.00184664 0.00750073 -2.10171e-18 0.00750073)
(0.00750073 0.00295923 0.00184664 0.00750073 2.48467e-18 0.00750073)
(0.00756895 0.00301905 0.00179867 0.00756895 -1.00189e-18 0.00756895)
(0.00756895 0.00301905 0.00179867 0.00756895 -2.73509e-18 0.00756895)
(0.00762973 0.00307485 0.00174891 0.00762973 -4.28199e-18 0.00762973)
(0.00762973 0.00307485 0.00174891 0.00762973 -4.77436e-18 0.00762973)
(0.00768343 0.00312673 0.00169777 0.00768343 -7.32439e-18 0.00768343)
(0.00768343 0.00312673 0.00169777 0.00768343 -5.15916e-18 0.00768343)
(0.0077304 0.00317477 0.00164562 0.0077304 -5.51893e-18 0.0077304)
(0.0077304 0.00317477 0.00164562 0.0077304 -4.55089e-18 0.0077304)
(0.00777089 0.00321903 0.00159279 0.00777089 -5.82777e-18 0.00777089)
(0.00777089 0.00321903 0.00159279 0.00777089 -7.46955e-18 0.00777089)
(0.00780509 0.00325958 0.00153956 0.00780509 1.72858e-18 0.00780509)
(0.00780509 0.00325958 0.00153956 0.00780509 -2.13079e-19 0.00780509)
(0.00783318 0.00329645 0.00148619 0.00783318 -3.83513e-18 0.00783318)
(0.00783318 0.00329645 0.00148619 0.00783318 8.12234e-18 0.00783318)
(0.00785523 0.00332968 0.00143289 0.00785523 -8.58622e-18 0.00785523)
(0.00785523 0.00332968 0.00143289 0.00785523 -3.85623e-18 0.00785523)
(0.0078713 0.0033593 0.00137984 0.0078713 -5.67355e-18 0.0078713)
(0.0078713 0.0033593 0.00137984 0.0078713 -4.83905e-18 0.0078713)
(0.00788139 0.0033853 0.00132721 0.00788139 -7.44081e-18 0.00788139)
(0.00788139 0.0033853 0.00132721 0.00788139 -3.39024e-18 0.00788139)
(0.00788543 0.00340768 0.00127513 0.00788543 -4.30556e-18 0.00788543)
(0.00788543 0.00340768 0.00127513 0.00788543 -7.21745e-18 0.00788543)
(0.00788334 0.00342642 0.00122371 0.00788334 -1.49203e-18 0.00788334)
(0.00788334 0.00342642 0.00122371 0.00788334 -3.15817e-18 0.00788334)
(0.00787496 0.00344148 0.00117306 0.00787496 -3.1634e-18 0.00787496)
(0.00787496 0.00344148 0.00117306 0.00787496 -7.95783e-20 0.00787496)
(0.00786011 0.0034528 0.00112324 0.00786011 -3.44234e-18 0.00786011)
(0.00786011 0.0034528 0.00112324 0.00786011 7.92912e-33 0.00786011)
(0.00783854 0.0034603 0.00107431 0.00783854 -1.94931e-18 0.00783854)
(0.00783854 0.0034603 0.00107431 0.00783854 -4.24018e-18 0.00783854)
(0.00780996 0.0034639 0.00102634 0.00780996 -1.49599e-18 0.00780996)
(0.00780996 0.0034639 0.00102634 0.00780996 1.61799e-19 0.00780996)
(0.00777405 0.00346347 0.000979356 0.00777405 -1.51434e-18 0.00777405)
(0.00777405 0.00346347 0.000979356 0.00777405 2.59359e-18 0.00777405)
(0.00773042 0.00345889 0.000933381 0.00773042 5.95796e-19 0.00773042)
(0.00773042 0.00345889 0.000933381 0.00773042 -2.98046e-19 0.00773042)
(0.00767865 0.00344997 0.000888433 0.00767865 2.19887e-19 0.00767865)
(0.00767865 0.00344997 0.000888433 0.00767865 -1.59338e-18 0.00767865)
(0.00761825 0.00343655 0.000844522 0.00761825 -6.77358e-19 0.00761825)
(0.00761825 0.00343655 0.000844522 0.00761825 -1.30216e-18 0.00761825)
(0.00754871 0.0034184 0.000801648 0.00754871 -1.34669e-18 0.00754871)
(0.00754871 0.0034184 0.000801648 0.00754871 -6.88591e-19 0.00754871)
(0.00746945 0.00339526 0.000759804 0.00746945 -1.51219e-18 0.00746945)
(0.00746945 0.00339526 0.000759804 0.00746945 -3.86735e-19 0.00746945)
(0.00737984 0.00336687 0.00071898 0.00737984 3.28712e-20 0.00737984)
(0.00737984 0.00336687 0.00071898 0.00737984 -1.71101e-19 0.00737984)
(0.00727923 0.0033329 0.000679158 0.00727923 -2.28581e-19 0.00727923)
(0.00727923 0.0033329 0.000679158 0.00727923 -1.20529e-19 0.00727923)
(0.0071669 0.003293 0.00064032 0.0071669 -5.622e-19 0.0071669)
(0.0071669 0.003293 0.00064032 0.0071669 -1.68888e-18 0.0071669)
(0.0070421 0.00324679 0.000602441 0.0070421 8.07272e-19 0.0070421)
(0.0070421 0.00324679 0.000602441 0.0070421 -1.10309e-18 0.0070421)
(0.00690408 0.00319384 0.000565498 0.00690408 1.33419e-18 0.00690408)
(0.00690408 0.00319384 0.000565498 0.00690408 -5.35749e-19 0.00690408)
(0.00675205 0.0031337 0.000529464 0.00675205 1.02498e-18 0.00675205)
(0.00675205 0.0031337 0.000529464 0.00675205 -2.42368e-19 0.00675205)
(0.00658525 0.00306587 0.000494314 0.00658525 -3.36341e-20 0.00658525)
(0.00658525 0.00306587 0.000494314 0.00658525 -9.15861e-20 0.00658525)
(0.00640295 0.00298985 0.000460025 0.00640295 -1.37886e-19 0.00640295)
(0.00640295 0.00298985 0.000460025 0.00640295 2.89611e-19 0.00640295)
(0.00620448 0.00290511 0.000426576 0.00620448 2.14052e-19 0.00620448)
(0.00620448 0.00290511 0.000426576 0.00620448 5.9842e-20 0.00620448)
(0.0059893 0.00281116 0.000393954 0.0059893 -8.25607e-20 0.0059893)
(0.0059893 0.00281116 0.000393954 0.0059893 1.04904e-19 0.0059893)
(0.00575704 0.0027075 0.000362152 0.00575704 -4.16259e-19 0.00575704)
(0.00575704 0.0027075 0.000362152 0.00575704 2.00408e-19 0.00575704)
(0.00550758 0.00259375 0.000331174 0.00550758 -1.55728e-19 0.00550758)
(0.00550758 0.00259375 0.000331174 0.00550758 4.74183e-20 0.00550758)
(0.00524112 0.00246964 0.00030104 0.00524112 -6.43631e-20 0.00524112)
(0.00524112 0.00246964 0.00030104 0.00524112 -1.11565e-21 0.00524112)
(0.00495828 0.00233508 0.000271785 0.00495828 -3.09847e-19 0.00495828)
(0.00495828 0.00233508 0.000271785 0.00495828 1.53097e-19 0.00495828)
(0.00466019 0.0021903 0.000243469 0.00466019 -3.30189e-19 0.00466019)
(0.00466019 0.0021903 0.000243469 0.00466019 1.35647e-19 0.00466019)
(0.00434858 0.00203584 0.000216174 0.00434858 -1.9689e-19 0.00434858)
(0.00434858 0.00203584 0.000216174 0.00434858 -2.21392e-20 0.00434858)
(0.00402586 0.00187277 0.00019001 0.00402586 -4.4573e-20 0.00402586)
(0.00402586 0.00187277 0.00019001 0.00402586 -2.04116e-19 0.00402586)
(0.00369516 0.00170267 0.000165115 0.00369516 -3.46785e-20 0.00369516)
(0.00369516 0.00170267 0.000165115 0.00369516 -1.10369e-19 0.00369516)
(0.0033603 0.00152777 0.00014165 0.0033603 -1.37769e-19 0.0033603)
(0.0033603 0.00152777 0.00014165 0.0033603 -2.84355e-20 0.0033603)
(0.00302568 0.00135091 0.000119792 0.00302568 -1.3601e-19 0.00302568)
(0.00302568 0.00135091 0.000119792 0.00302568 -1.03086e-34 0.00302568)
(0.00269613 0.00117545 9.97196e-05 0.00269613 -9.50656e-20 0.00269613)
(0.00269613 0.00117545 9.97196e-05 0.00269613 -6.38645e-20 0.00269613)
(0.00237663 0.0010051 8.15971e-05 0.00237663 -7.2463e-20 0.00237663)
(0.00237663 0.0010051 8.15971e-05 0.00237663 -8.14359e-20 0.00237663)
(0.00207197 0.000843609 6.55508e-05 0.00207197 -4.48305e-20 0.00207197)
(0.00207197 0.000843609 6.55508e-05 0.00207197 -4.44415e-20 0.00207197)
(0.00178638 0.000694402 5.16493e-05 0.00178638 -2.65147e-20 0.00178638)
(0.00178638 0.000694402 5.16493e-05 0.00178638 -2.02409e-20 0.00178638)
(0.0015233 0.000560239 3.98882e-05 0.0015233 -1.96597e-20 0.0015233)
(0.0015233 0.000560239 3.98882e-05 0.0015233 -2.21837e-20 0.0015233)
(0.00128506 0.000442929 3.0184e-05 0.00128506 -2.14489e-20 0.00128506)
(0.00128506 0.000442929 3.0184e-05 0.00128506 -2.10163e-20 0.00128506)
(0.00107287 0.000343193 2.23805e-05 0.00107287 -2.08497e-20 0.00107287)
(0.00107287 0.000343193 2.23805e-05 0.00107287 -1.94237e-20 0.00107287)
(0.000886839 0.000260709 1.62653e-05 0.000886839 -1.51915e-20 0.000886839)
(0.000886839 0.000260709 1.62653e-05 0.000886839 -1.71992e-20 0.000886839)
(0.000726098 0.000194284 1.15928e-05 0.000726098 -9.75595e-21 0.000726098)
(0.000726098 0.000194284 1.15928e-05 0.000726098 -1.45305e-20 0.000726098)
(0.000589064 0.000142123 8.1082e-06 0.000589064 -7.1186e-21 0.000589064)
(0.000589064 0.000142123 8.1082e-06 0.000589064 -1.00568e-20 0.000589064)
(0.00047366 0.000102123 5.5688e-06 0.00047366 -6.00142e-21 0.00047366)
(0.00047366 0.000102123 5.5688e-06 0.00047366 -5.72252e-21 0.00047366)
(0.000377549 7.21178e-05 3.75788e-06 0.000377549 -3.98336e-21 0.000377549)
(0.000377549 7.21178e-05 3.75788e-06 0.000377549 -3.86112e-21 0.000377549)
(0.000298317 5.00695e-05 2.49248e-06 0.000298317 -2.24591e-21 0.000298317)
(0.000298317 5.00695e-05 2.49248e-06 0.000298317 -2.91929e-21 0.000298317)
(0.000233616 3.41787e-05 1.62512e-06 0.000233616 -1.57551e-21 0.000233616)
(0.000233616 3.41787e-05 1.62512e-06 0.000233616 -1.83818e-21 0.000233616)
(0.000181254 2.29348e-05 1.04143e-06 0.000181254 -9.85605e-22 0.000181254)
(0.000181254 2.29348e-05 1.04143e-06 0.000181254 -1.20232e-21 0.000181254)
(0.000139245 1.51198e-05 6.55589e-07 0.000139245 -6.09731e-22 0.000139245)
(0.000139245 1.51198e-05 6.55589e-07 0.000139245 -8.24843e-22 0.000139245)
(0.000105836 9.78354e-06 4.05033e-07 0.000105836 -4.14138e-22 0.000105836)
(0.000105836 9.78354e-06 4.05033e-07 0.000105836 -5.48319e-22 0.000105836)
(7.95056e-05 6.20493e-06 2.45251e-07 7.95056e-05 -2.61644e-22 7.95056e-05)
(7.95056e-05 6.20493e-06 2.45251e-07 7.95056e-05 -3.26542e-22 7.95056e-05)
(5.89501e-05 3.84984e-06 1.45269e-07 5.89501e-05 -1.50429e-22 5.89501e-05)
(5.89501e-05 3.84984e-06 1.45269e-07 5.89501e-05 -1.76824e-22 5.89501e-05)
(4.30686e-05 2.33091e-06 8.39646e-08 4.30686e-05 -8.48933e-23 4.30686e-05)
(4.30686e-05 2.33091e-06 8.39646e-08 4.30686e-05 -1.02008e-22 4.30686e-05)
(3.09388e-05 1.37272e-06 4.72044e-08 3.09388e-05 -4.94423e-23 3.09388e-05)
(3.09388e-05 1.37272e-06 4.72044e-08 3.09388e-05 -5.82946e-23 3.09388e-05)
(2.17945e-05 7.83087e-07 2.57057e-08 2.17945e-05 -2.81628e-23 2.17945e-05)
(2.17945e-05 7.83087e-07 2.57057e-08 2.17945e-05 -3.15231e-23 2.17945e-05)
(1.50039e-05 4.30409e-07 1.3487e-08 1.50039e-05 -1.45548e-23 1.50039e-05)
(1.50039e-05 4.30409e-07 1.3487e-08 1.50039e-05 -1.66439e-23 1.50039e-05)
(1.00498e-05 2.26345e-07 6.77044e-09 1.00498e-05 -7.11018e-24 1.00498e-05)
(1.00498e-05 2.26345e-07 6.77044e-09 1.00498e-05 -8.34737e-24 1.00498e-05)
(6.5114e-06 1.12843e-07 3.22204e-09 6.5114e-06 -3.45445e-24 6.5114e-06)
(6.5114e-06 1.12843e-07 3.22204e-09 6.5114e-06 -3.9039e-24 6.5114e-06)
(4.0489e-06 5.26722e-08 1.43563e-09 4.0489e-06 -1.58161e-24 4.0489e-06)
(4.0489e-06 5.26722e-08 1.43563e-09 4.0489e-06 -1.74194e-24 4.0489e-06)
(2.38995e-06 2.26231e-08 5.88598e-10 2.38995e-06 -6.53716e-25 2.38995e-06)
(2.38995e-06 2.26231e-08 5.88598e-10 2.38995e-06 -7.07465e-25 2.38995e-06)
(1.31815e-06 8.72023e-09 2.16571e-10 1.31815e-06 -2.42822e-25 1.31815e-06)
(1.31815e-06 8.72023e-09 2.16571e-10 1.31815e-06 -2.57013e-25 1.31815e-06)
(6.63368e-07 2.90534e-09 6.8877e-11 6.63368e-07 -7.84275e-26 6.63368e-07)
(6.63368e-07 2.90534e-09 6.8877e-11 6.63368e-07 -8.1215e-26 6.63368e-07)
(2.93632e-07 7.89001e-10 1.78549e-11 2.93632e-07 -2.0652e-26 2.93632e-07)
(2.93632e-07 7.89001e-10 1.78549e-11 2.93632e-07 -2.08749e-26 2.93632e-07)
(1.08624e-07 1.59866e-10 3.45333e-12 1.08624e-07 -3.98972e-27 1.08624e-07)
(1.08624e-07 1.59866e-10 3.45333e-12 1.08624e-07 -4.01828e-27 1.08624e-07)
(3.54246e-08 2.37801e-11 4.90343e-13 3.54246e-08 -5.61245e-28 3.54246e-08)
(3.54246e-08 2.37801e-11 4.90343e-13 3.54246e-08 -5.68532e-28 3.54246e-08)
(3.29497e-08 7.27603e-12 1.01798e-13 3.29497e-08 -3.42961e-28 3.29497e-08)
(3.29497e-08 7.27603e-12 1.01798e-13 3.29497e-08 -3.45797e-28 3.29497e-08)
(2.04313e-07 7.7045e-12 3.53638e-14 2.04313e-07 -8.65097e-28 2.04313e-07)
(2.04313e-07 7.7045e-12 3.53638e-14 2.04313e-07 -1.12699e-27 2.04313e-07)
)
;

boundaryField
{
    walls
    {
        type            kqRWallFunction;
        value           nonuniform List<symmTensor> 8((2.04313e-07 -0 -0 2.04313e-07 -0 2.04313e-07) (2.04313e-07 -0 0 2.04313e-07 0 2.04313e-07) (2.04313e-07 -0 -0 2.04313e-07 -0 2.04313e-07) (2.04313e-07 -0 0 2.04313e-07 0 2.04313e-07) (2.04313e-07 0 -0 2.04313e-07 0 2.04313e-07) (2.04313e-07 0 0 2.04313e-07 -0 2.04313e-07) (2.04313e-07 0 -0 2.04313e-07 0 2.04313e-07) (2.04313e-07 0 0 2.04313e-07 -0 2.04313e-07));
    }
    inlet
    {
        type            cyclic;
    }
    outlet
    {
        type            cyclic;
    }
    sides
    {
        type            empty;
    }
}


// ************************************************************************* //
