/*--------------------------------*- C++ -*----------------------------------*\
| =========                 |                                                 |
| \\      /  F ield         | OpenFOAM: The Open Source CFD Toolbox           |
|  \\    /   O peration     | Version:  2106                                  |
|   \\  /    A nd           | Website:  www.openfoam.com                      |
|    \\/     M anipulation  |                                                 |
\*---------------------------------------------------------------------------*/
FoamFile
{
    version     2.0;
    format      ascii;
    arch        "LSB;label=32;scalar=64";
    class       volScalarField;
    location    "10020";
    object      alphat;
}
// * * * * * * * * * * * * * * * * * * * * * * * * * * * * * * * * * * * * * //

dimensions      [0 2 -1 0 0 0 0];

internalField   nonuniform List<scalar> 
2000
(
5.06303e-13
5.06303e-13
5.05164e-13
5.05164e-13
2.05176e-12
2.05176e-12
1.35909e-11
1.35909e-11
6.22541e-11
6.22541e-11
2.11471e-10
2.11471e-10
5.84973e-10
5.84973e-10
1.39815e-09
1.39815e-09
2.99792e-09
2.99792e-09
5.91242e-09
5.91242e-09
1.09119e-08
1.09119e-08
1.90818e-08
1.90818e-08
3.19097e-08
3.19097e-08
5.13862e-08
5.13862e-08
8.01198e-08
8.01198e-08
1.21466e-07
1.21466e-07
1.79667e-07
1.79667e-07
2.60002e-07
2.60002e-07
3.68932e-07
3.68932e-07
5.14254e-07
5.14254e-07
7.05225e-07
7.05225e-07
9.5267e-07
9.5267e-07
1.26905e-06
1.26905e-06
1.66847e-06
1.66847e-06
2.16664e-06
2.16664e-06
2.78074e-06
2.78074e-06
3.5292e-06
3.5292e-06
4.43148e-06
4.43148e-06
5.50764e-06
5.50764e-06
6.77796e-06
6.77796e-06
8.26252e-06
8.26252e-06
9.98074e-06
9.98074e-06
1.19509e-05
1.19509e-05
1.419e-05
1.419e-05
1.6713e-05
1.6713e-05
1.95331e-05
1.95331e-05
2.26614e-05
2.26614e-05
2.61068e-05
2.61068e-05
2.98763e-05
2.98763e-05
3.3975e-05
3.3975e-05
3.84062e-05
3.84062e-05
4.31717e-05
4.31717e-05
4.82722e-05
4.82722e-05
5.37074e-05
5.37074e-05
5.94761e-05
5.94761e-05
6.55767e-05
6.55767e-05
7.2007e-05
7.2007e-05
7.87649e-05
7.87649e-05
8.58478e-05
8.58478e-05
9.32537e-05
9.32537e-05
0.00010098
0.00010098
0.000109025
0.000109025
0.000117387
0.000117387
0.000126064
0.000126064
0.000135055
0.000135055
0.000144358
0.000144358
0.000153974
0.000153974
0.000163902
0.000163902
0.000174142
0.000174142
0.000184693
0.000184693
0.000195557
0.000195557
0.000206734
0.000206734
0.000218225
0.000218225
0.000230031
0.000230031
0.000242154
0.000242154
0.000254596
0.000254596
0.000267357
0.000267357
0.000280441
0.000280441
0.000293849
0.000293849
0.000307584
0.000307584
0.000321649
0.000321649
0.000336046
0.000336046
0.000350778
0.000350778
0.000365848
0.000365848
0.00038126
0.00038126
0.000397016
0.000397016
0.00041312
0.00041312
0.000429576
0.000429576
0.000446387
0.000446387
0.000463557
0.000463557
0.00048109
0.00048109
0.000498989
0.000498989
0.000517259
0.000517259
0.000535905
0.000535905
0.000554929
0.000554929
0.000574337
0.000574337
0.000594133
0.000594133
0.000614321
0.000614321
0.000634906
0.000634906
0.000655893
0.000655893
0.000677285
0.000677285
0.000699088
0.000699088
0.000721307
0.000721307
0.000743946
0.000743946
0.000767011
0.000767011
0.000790505
0.000790505
0.000814435
0.000814435
0.000838805
0.000838805
0.000863621
0.000863621
0.000888886
0.000888886
0.000914607
0.000914607
0.000940789
0.000940789
0.000967437
0.000967437
0.000994556
0.000994556
0.00102215
0.00102215
0.00105023
0.00105023
0.00107879
0.00107879
0.00110785
0.00110785
0.0011374
0.0011374
0.00116745
0.00116745
0.00119802
0.00119802
0.00122909
0.00122909
0.00126069
0.00126069
0.00129281
0.00129281
0.00132545
0.00132545
0.00135864
0.00135864
0.00139236
0.00139236
0.00142662
0.00142662
0.00146144
0.00146144
0.00149681
0.00149681
0.00153273
0.00153273
0.00156923
0.00156923
0.00160629
0.00160629
0.00164393
0.00164393
0.00168214
0.00168214
0.00172094
0.00172094
0.00176033
0.00176033
0.0018003
0.0018003
0.00184088
0.00184088
0.00188205
0.00188205
0.00192384
0.00192384
0.00196623
0.00196623
0.00200923
0.00200923
0.00205285
0.00205285
0.00209708
0.00209708
0.00214195
0.00214195
0.00218743
0.00218743
0.00223355
0.00223355
0.0022803
0.0022803
0.00232768
0.00232768
0.0023757
0.0023757
0.00242435
0.00242435
0.00247365
0.00247365
0.00252359
0.00252359
0.00257417
0.00257417
0.0026254
0.0026254
0.00267727
0.00267727
0.00272978
0.00272978
0.00278294
0.00278294
0.00283674
0.00283674
0.00289119
0.00289119
0.00294627
0.00294627
0.003002
0.003002
0.00305837
0.00305837
0.00311537
0.00311537
0.003173
0.003173
0.00323126
0.00323126
0.00329015
0.00329015
0.00334965
0.00334965
0.00340977
0.00340977
0.0034705
0.0034705
0.00353183
0.00353183
0.00359375
0.00359375
0.00365627
0.00365627
0.00371936
0.00371936
0.00378302
0.00378302
0.00384724
0.00384724
0.003912
0.003912
0.00397731
0.00397731
0.00404314
0.00404314
0.00410948
0.00410948
0.00417631
0.00417631
0.00424363
0.00424363
0.0043114
0.0043114
0.00437963
0.00437963
0.00444828
0.00444828
0.00451735
0.00451735
0.0045868
0.0045868
0.00465661
0.00465661
0.00472677
0.00472677
0.00479724
0.00479724
0.004868
0.004868
0.00493903
0.00493903
0.00501029
0.00501029
0.00508175
0.00508175
0.00515338
0.00515338
0.00522515
0.00522515
0.00529702
0.00529702
0.00536895
0.00536895
0.00544091
0.00544091
0.00551284
0.00551284
0.00558472
0.00558472
0.00565649
0.00565649
0.00572811
0.00572811
0.00579953
0.00579953
0.00587068
0.00587068
0.00594153
0.00594153
0.00601202
0.00601202
0.00608207
0.00608207
0.00615164
0.00615164
0.00622066
0.00622066
0.00628906
0.00628906
0.00635677
0.00635677
0.00642371
0.00642371
0.00648982
0.00648982
0.00655501
0.00655501
0.0066192
0.0066192
0.0066823
0.0066823
0.00674424
0.00674424
0.0068049
0.0068049
0.00686421
0.00686421
0.00692206
0.00692206
0.00697835
0.00697835
0.00703298
0.00703298
0.00708583
0.00708583
0.00713681
0.00713681
0.00718578
0.00718578
0.00723265
0.00723265
0.00727728
0.00727728
0.00731957
0.00731957
0.00735938
0.00735938
0.00739659
0.00739659
0.00743109
0.00743109
0.00746275
0.00746275
0.00749144
0.00749144
0.00751707
0.00751707
0.0075395
0.0075395
0.00755865
0.00755865
0.00757442
0.00757442
0.00758672
0.00758672
0.0075955
0.0075955
0.00760071
0.00760071
0.00760234
0.00760234
0.0076004
0.0076004
0.00759495
0.00759495
0.00758609
0.00758609
0.00757397
0.00757397
0.00755881
0.00755881
0.0075409
0.0075409
0.00752062
0.00752062
0.00749841
0.00749841
0.00747484
0.00747484
0.00745055
0.00745055
0.00742629
0.00742629
0.00740289
0.00740289
0.00738123
0.00738123
0.00736225
0.00736225
0.00734686
0.00734686
0.00733592
0.00733592
0.00733017
0.00733017
5.06303e-13
5.06303e-13
5.05164e-13
5.05164e-13
2.05176e-12
2.05176e-12
1.35909e-11
1.35909e-11
6.22541e-11
6.22541e-11
2.11471e-10
2.11471e-10
5.84973e-10
5.84973e-10
1.39815e-09
1.39815e-09
2.99792e-09
2.99792e-09
5.91242e-09
5.91242e-09
1.09119e-08
1.09119e-08
1.90818e-08
1.90818e-08
3.19097e-08
3.19097e-08
5.13862e-08
5.13862e-08
8.01198e-08
8.01198e-08
1.21466e-07
1.21466e-07
1.79667e-07
1.79667e-07
2.60002e-07
2.60002e-07
3.68932e-07
3.68932e-07
5.14254e-07
5.14254e-07
7.05225e-07
7.05225e-07
9.5267e-07
9.5267e-07
1.26905e-06
1.26905e-06
1.66847e-06
1.66847e-06
2.16664e-06
2.16664e-06
2.78074e-06
2.78074e-06
3.5292e-06
3.5292e-06
4.43148e-06
4.43148e-06
5.50764e-06
5.50764e-06
6.77796e-06
6.77796e-06
8.26252e-06
8.26252e-06
9.98074e-06
9.98074e-06
1.19509e-05
1.19509e-05
1.419e-05
1.419e-05
1.6713e-05
1.6713e-05
1.95331e-05
1.95331e-05
2.26614e-05
2.26614e-05
2.61068e-05
2.61068e-05
2.98763e-05
2.98763e-05
3.3975e-05
3.3975e-05
3.84062e-05
3.84062e-05
4.31717e-05
4.31717e-05
4.82722e-05
4.82722e-05
5.37074e-05
5.37074e-05
5.94761e-05
5.94761e-05
6.55767e-05
6.55767e-05
7.2007e-05
7.2007e-05
7.87649e-05
7.87649e-05
8.58478e-05
8.58478e-05
9.32537e-05
9.32537e-05
0.00010098
0.00010098
0.000109025
0.000109025
0.000117387
0.000117387
0.000126064
0.000126064
0.000135055
0.000135055
0.000144358
0.000144358
0.000153974
0.000153974
0.000163902
0.000163902
0.000174142
0.000174142
0.000184693
0.000184693
0.000195557
0.000195557
0.000206734
0.000206734
0.000218225
0.000218225
0.000230031
0.000230031
0.000242154
0.000242154
0.000254596
0.000254596
0.000267357
0.000267357
0.000280441
0.000280441
0.000293849
0.000293849
0.000307584
0.000307584
0.000321649
0.000321649
0.000336046
0.000336046
0.000350778
0.000350778
0.000365848
0.000365848
0.00038126
0.00038126
0.000397016
0.000397016
0.00041312
0.00041312
0.000429576
0.000429576
0.000446387
0.000446387
0.000463557
0.000463557
0.00048109
0.00048109
0.000498989
0.000498989
0.000517259
0.000517259
0.000535905
0.000535905
0.000554929
0.000554929
0.000574337
0.000574337
0.000594133
0.000594133
0.000614321
0.000614321
0.000634906
0.000634906
0.000655893
0.000655893
0.000677285
0.000677285
0.000699088
0.000699088
0.000721307
0.000721307
0.000743946
0.000743946
0.000767011
0.000767011
0.000790505
0.000790505
0.000814435
0.000814435
0.000838805
0.000838805
0.000863621
0.000863621
0.000888886
0.000888886
0.000914607
0.000914607
0.000940789
0.000940789
0.000967437
0.000967437
0.000994556
0.000994556
0.00102215
0.00102215
0.00105023
0.00105023
0.00107879
0.00107879
0.00110785
0.00110785
0.0011374
0.0011374
0.00116745
0.00116745
0.00119802
0.00119802
0.00122909
0.00122909
0.00126069
0.00126069
0.00129281
0.00129281
0.00132545
0.00132545
0.00135864
0.00135864
0.00139236
0.00139236
0.00142662
0.00142662
0.00146144
0.00146144
0.00149681
0.00149681
0.00153273
0.00153273
0.00156923
0.00156923
0.00160629
0.00160629
0.00164393
0.00164393
0.00168214
0.00168214
0.00172094
0.00172094
0.00176033
0.00176033
0.0018003
0.0018003
0.00184088
0.00184088
0.00188205
0.00188205
0.00192384
0.00192384
0.00196623
0.00196623
0.00200923
0.00200923
0.00205285
0.00205285
0.00209708
0.00209708
0.00214195
0.00214195
0.00218743
0.00218743
0.00223355
0.00223355
0.0022803
0.0022803
0.00232768
0.00232768
0.0023757
0.0023757
0.00242435
0.00242435
0.00247365
0.00247365
0.00252359
0.00252359
0.00257417
0.00257417
0.0026254
0.0026254
0.00267727
0.00267727
0.00272978
0.00272978
0.00278294
0.00278294
0.00283674
0.00283674
0.00289119
0.00289119
0.00294627
0.00294627
0.003002
0.003002
0.00305837
0.00305837
0.00311537
0.00311537
0.003173
0.003173
0.00323126
0.00323126
0.00329015
0.00329015
0.00334965
0.00334965
0.00340977
0.00340977
0.0034705
0.0034705
0.00353183
0.00353183
0.00359375
0.00359375
0.00365627
0.00365627
0.00371936
0.00371936
0.00378302
0.00378302
0.00384724
0.00384724
0.003912
0.003912
0.00397731
0.00397731
0.00404314
0.00404314
0.00410948
0.00410948
0.00417631
0.00417631
0.00424363
0.00424363
0.0043114
0.0043114
0.00437963
0.00437963
0.00444828
0.00444828
0.00451735
0.00451735
0.0045868
0.0045868
0.00465661
0.00465661
0.00472677
0.00472677
0.00479724
0.00479724
0.004868
0.004868
0.00493903
0.00493903
0.00501029
0.00501029
0.00508175
0.00508175
0.00515338
0.00515338
0.00522515
0.00522515
0.00529702
0.00529702
0.00536895
0.00536895
0.00544091
0.00544091
0.00551284
0.00551284
0.00558472
0.00558472
0.00565649
0.00565649
0.00572811
0.00572811
0.00579953
0.00579953
0.00587068
0.00587068
0.00594153
0.00594153
0.00601202
0.00601202
0.00608207
0.00608207
0.00615164
0.00615164
0.00622066
0.00622066
0.00628906
0.00628906
0.00635677
0.00635677
0.00642371
0.00642371
0.00648982
0.00648982
0.00655501
0.00655501
0.0066192
0.0066192
0.0066823
0.0066823
0.00674424
0.00674424
0.0068049
0.0068049
0.00686421
0.00686421
0.00692206
0.00692206
0.00697835
0.00697835
0.00703298
0.00703298
0.00708583
0.00708583
0.00713681
0.00713681
0.00718578
0.00718578
0.00723265
0.00723265
0.00727728
0.00727728
0.00731957
0.00731957
0.00735938
0.00735938
0.00739659
0.00739659
0.00743109
0.00743109
0.00746275
0.00746275
0.00749144
0.00749144
0.00751707
0.00751707
0.0075395
0.0075395
0.00755865
0.00755865
0.00757442
0.00757442
0.00758672
0.00758672
0.0075955
0.0075955
0.00760071
0.00760071
0.00760234
0.00760234
0.0076004
0.0076004
0.00759495
0.00759495
0.00758609
0.00758609
0.00757397
0.00757397
0.00755881
0.00755881
0.0075409
0.0075409
0.00752062
0.00752062
0.00749841
0.00749841
0.00747484
0.00747484
0.00745055
0.00745055
0.00742629
0.00742629
0.00740289
0.00740289
0.00738123
0.00738123
0.00736225
0.00736225
0.00734686
0.00734686
0.00733592
0.00733592
0.00733017
0.00733017
0.00733017
0.00733017
0.00733592
0.00733592
0.00734686
0.00734686
0.00736225
0.00736225
0.00738123
0.00738123
0.00740289
0.00740289
0.00742629
0.00742629
0.00745055
0.00745055
0.00747484
0.00747484
0.00749841
0.00749841
0.00752062
0.00752062
0.0075409
0.0075409
0.00755881
0.00755881
0.00757397
0.00757397
0.00758609
0.00758609
0.00759495
0.00759495
0.0076004
0.0076004
0.00760234
0.00760234
0.00760071
0.00760071
0.0075955
0.0075955
0.00758672
0.00758672
0.00757441
0.00757441
0.00755865
0.00755865
0.0075395
0.0075395
0.00751706
0.00751706
0.00749144
0.00749144
0.00746275
0.00746275
0.00743109
0.00743109
0.00739659
0.00739659
0.00735938
0.00735938
0.00731957
0.00731957
0.00727728
0.00727728
0.00723265
0.00723265
0.00718578
0.00718578
0.00713681
0.00713681
0.00708583
0.00708583
0.00703298
0.00703298
0.00697835
0.00697835
0.00692206
0.00692206
0.00686421
0.00686421
0.0068049
0.0068049
0.00674423
0.00674423
0.0066823
0.0066823
0.0066192
0.0066192
0.00655501
0.00655501
0.00648982
0.00648982
0.00642371
0.00642371
0.00635676
0.00635676
0.00628906
0.00628906
0.00622066
0.00622066
0.00615164
0.00615164
0.00608207
0.00608207
0.00601202
0.00601202
0.00594153
0.00594153
0.00587068
0.00587068
0.00579953
0.00579953
0.00572811
0.00572811
0.00565649
0.00565649
0.00558472
0.00558472
0.00551284
0.00551284
0.00544091
0.00544091
0.00536895
0.00536895
0.00529702
0.00529702
0.00522515
0.00522515
0.00515338
0.00515338
0.00508175
0.00508175
0.00501029
0.00501029
0.00493903
0.00493903
0.004868
0.004868
0.00479724
0.00479724
0.00472677
0.00472677
0.00465661
0.00465661
0.0045868
0.0045868
0.00451735
0.00451735
0.00444828
0.00444828
0.00437963
0.00437963
0.0043114
0.0043114
0.00424362
0.00424362
0.00417631
0.00417631
0.00410947
0.00410947
0.00404314
0.00404314
0.00397731
0.00397731
0.003912
0.003912
0.00384724
0.00384724
0.00378302
0.00378302
0.00371936
0.00371936
0.00365627
0.00365627
0.00359375
0.00359375
0.00353183
0.00353183
0.0034705
0.0034705
0.00340977
0.00340977
0.00334965
0.00334965
0.00329014
0.00329014
0.00323126
0.00323126
0.003173
0.003173
0.00311537
0.00311537
0.00305837
0.00305837
0.003002
0.003002
0.00294627
0.00294627
0.00289119
0.00289119
0.00283674
0.00283674
0.00278294
0.00278294
0.00272978
0.00272978
0.00267727
0.00267727
0.0026254
0.0026254
0.00257417
0.00257417
0.00252359
0.00252359
0.00247365
0.00247365
0.00242435
0.00242435
0.0023757
0.0023757
0.00232768
0.00232768
0.0022803
0.0022803
0.00223355
0.00223355
0.00218743
0.00218743
0.00214194
0.00214194
0.00209708
0.00209708
0.00205285
0.00205285
0.00200923
0.00200923
0.00196622
0.00196622
0.00192384
0.00192384
0.00188205
0.00188205
0.00184088
0.00184088
0.0018003
0.0018003
0.00176032
0.00176032
0.00172094
0.00172094
0.00168214
0.00168214
0.00164393
0.00164393
0.00160629
0.00160629
0.00156923
0.00156923
0.00153273
0.00153273
0.00149681
0.00149681
0.00146144
0.00146144
0.00142662
0.00142662
0.00139236
0.00139236
0.00135864
0.00135864
0.00132545
0.00132545
0.00129281
0.00129281
0.00126069
0.00126069
0.00122909
0.00122909
0.00119802
0.00119802
0.00116745
0.00116745
0.0011374
0.0011374
0.00110785
0.00110785
0.00107879
0.00107879
0.00105023
0.00105023
0.00102215
0.00102215
0.000994555
0.000994555
0.000967437
0.000967437
0.000940789
0.000940789
0.000914607
0.000914607
0.000888886
0.000888886
0.000863621
0.000863621
0.000838805
0.000838805
0.000814435
0.000814435
0.000790505
0.000790505
0.000767011
0.000767011
0.000743946
0.000743946
0.000721307
0.000721307
0.000699088
0.000699088
0.000677285
0.000677285
0.000655893
0.000655893
0.000634906
0.000634906
0.000614321
0.000614321
0.000594133
0.000594133
0.000574337
0.000574337
0.000554929
0.000554929
0.000535905
0.000535905
0.000517259
0.000517259
0.000498989
0.000498989
0.00048109
0.00048109
0.000463557
0.000463557
0.000446387
0.000446387
0.000429576
0.000429576
0.00041312
0.00041312
0.000397016
0.000397016
0.00038126
0.00038126
0.000365848
0.000365848
0.000350778
0.000350778
0.000336046
0.000336046
0.000321649
0.000321649
0.000307584
0.000307584
0.000293849
0.000293849
0.000280441
0.000280441
0.000267357
0.000267357
0.000254596
0.000254596
0.000242154
0.000242154
0.000230031
0.000230031
0.000218225
0.000218225
0.000206734
0.000206734
0.000195557
0.000195557
0.000184693
0.000184693
0.000174142
0.000174142
0.000163902
0.000163902
0.000153974
0.000153974
0.000144358
0.000144358
0.000135055
0.000135055
0.000126064
0.000126064
0.000117387
0.000117387
0.000109025
0.000109025
0.00010098
0.00010098
9.32536e-05
9.32536e-05
8.58478e-05
8.58478e-05
7.87649e-05
7.87649e-05
7.2007e-05
7.2007e-05
6.55767e-05
6.55767e-05
5.94761e-05
5.94761e-05
5.37074e-05
5.37074e-05
4.82722e-05
4.82722e-05
4.31717e-05
4.31717e-05
3.84062e-05
3.84062e-05
3.3975e-05
3.3975e-05
2.98763e-05
2.98763e-05
2.61068e-05
2.61068e-05
2.26614e-05
2.26614e-05
1.95331e-05
1.95331e-05
1.6713e-05
1.6713e-05
1.419e-05
1.419e-05
1.19509e-05
1.19509e-05
9.98073e-06
9.98073e-06
8.26252e-06
8.26252e-06
6.77796e-06
6.77796e-06
5.50764e-06
5.50764e-06
4.43148e-06
4.43148e-06
3.5292e-06
3.5292e-06
2.78073e-06
2.78073e-06
2.16664e-06
2.16664e-06
1.66847e-06
1.66847e-06
1.26905e-06
1.26905e-06
9.5267e-07
9.5267e-07
7.05225e-07
7.05225e-07
5.14254e-07
5.14254e-07
3.68932e-07
3.68932e-07
2.60002e-07
2.60002e-07
1.79668e-07
1.79668e-07
1.21466e-07
1.21466e-07
8.01198e-08
8.01198e-08
5.13862e-08
5.13862e-08
3.19097e-08
3.19097e-08
1.90818e-08
1.90818e-08
1.09119e-08
1.09119e-08
5.91242e-09
5.91242e-09
2.99791e-09
2.99791e-09
1.39815e-09
1.39815e-09
5.84973e-10
5.84973e-10
2.11471e-10
2.11471e-10
6.22542e-11
6.22542e-11
1.3591e-11
1.3591e-11
2.05177e-12
2.05177e-12
5.05169e-13
5.05169e-13
5.06308e-13
5.06308e-13
0.00733017
0.00733017
0.00733592
0.00733592
0.00734686
0.00734686
0.00736225
0.00736225
0.00738123
0.00738123
0.00740289
0.00740289
0.00742629
0.00742629
0.00745055
0.00745055
0.00747484
0.00747484
0.00749841
0.00749841
0.00752062
0.00752062
0.0075409
0.0075409
0.00755881
0.00755881
0.00757397
0.00757397
0.00758609
0.00758609
0.00759495
0.00759495
0.0076004
0.0076004
0.00760234
0.00760234
0.00760071
0.00760071
0.0075955
0.0075955
0.00758672
0.00758672
0.00757441
0.00757441
0.00755865
0.00755865
0.0075395
0.0075395
0.00751706
0.00751706
0.00749144
0.00749144
0.00746275
0.00746275
0.00743109
0.00743109
0.00739659
0.00739659
0.00735938
0.00735938
0.00731957
0.00731957
0.00727728
0.00727728
0.00723265
0.00723265
0.00718578
0.00718578
0.00713681
0.00713681
0.00708583
0.00708583
0.00703298
0.00703298
0.00697835
0.00697835
0.00692206
0.00692206
0.00686421
0.00686421
0.0068049
0.0068049
0.00674423
0.00674423
0.0066823
0.0066823
0.0066192
0.0066192
0.00655501
0.00655501
0.00648982
0.00648982
0.00642371
0.00642371
0.00635676
0.00635676
0.00628906
0.00628906
0.00622066
0.00622066
0.00615164
0.00615164
0.00608207
0.00608207
0.00601202
0.00601202
0.00594153
0.00594153
0.00587068
0.00587068
0.00579953
0.00579953
0.00572811
0.00572811
0.00565649
0.00565649
0.00558472
0.00558472
0.00551284
0.00551284
0.00544091
0.00544091
0.00536895
0.00536895
0.00529702
0.00529702
0.00522515
0.00522515
0.00515338
0.00515338
0.00508175
0.00508175
0.00501029
0.00501029
0.00493903
0.00493903
0.004868
0.004868
0.00479724
0.00479724
0.00472677
0.00472677
0.00465661
0.00465661
0.0045868
0.0045868
0.00451735
0.00451735
0.00444828
0.00444828
0.00437963
0.00437963
0.0043114
0.0043114
0.00424362
0.00424362
0.00417631
0.00417631
0.00410947
0.00410947
0.00404314
0.00404314
0.00397731
0.00397731
0.003912
0.003912
0.00384724
0.00384724
0.00378302
0.00378302
0.00371936
0.00371936
0.00365627
0.00365627
0.00359375
0.00359375
0.00353183
0.00353183
0.0034705
0.0034705
0.00340977
0.00340977
0.00334965
0.00334965
0.00329014
0.00329014
0.00323126
0.00323126
0.003173
0.003173
0.00311537
0.00311537
0.00305837
0.00305837
0.003002
0.003002
0.00294627
0.00294627
0.00289119
0.00289119
0.00283674
0.00283674
0.00278294
0.00278294
0.00272978
0.00272978
0.00267727
0.00267727
0.0026254
0.0026254
0.00257417
0.00257417
0.00252359
0.00252359
0.00247365
0.00247365
0.00242435
0.00242435
0.0023757
0.0023757
0.00232768
0.00232768
0.0022803
0.0022803
0.00223355
0.00223355
0.00218743
0.00218743
0.00214194
0.00214194
0.00209708
0.00209708
0.00205285
0.00205285
0.00200923
0.00200923
0.00196622
0.00196622
0.00192384
0.00192384
0.00188205
0.00188205
0.00184088
0.00184088
0.0018003
0.0018003
0.00176032
0.00176032
0.00172094
0.00172094
0.00168214
0.00168214
0.00164393
0.00164393
0.00160629
0.00160629
0.00156923
0.00156923
0.00153273
0.00153273
0.00149681
0.00149681
0.00146144
0.00146144
0.00142662
0.00142662
0.00139236
0.00139236
0.00135864
0.00135864
0.00132545
0.00132545
0.00129281
0.00129281
0.00126069
0.00126069
0.00122909
0.00122909
0.00119802
0.00119802
0.00116745
0.00116745
0.0011374
0.0011374
0.00110785
0.00110785
0.00107879
0.00107879
0.00105023
0.00105023
0.00102215
0.00102215
0.000994555
0.000994555
0.000967437
0.000967437
0.000940789
0.000940789
0.000914607
0.000914607
0.000888886
0.000888886
0.000863621
0.000863621
0.000838805
0.000838805
0.000814435
0.000814435
0.000790505
0.000790505
0.000767011
0.000767011
0.000743946
0.000743946
0.000721307
0.000721307
0.000699088
0.000699088
0.000677285
0.000677285
0.000655893
0.000655893
0.000634906
0.000634906
0.000614321
0.000614321
0.000594133
0.000594133
0.000574337
0.000574337
0.000554929
0.000554929
0.000535905
0.000535905
0.000517259
0.000517259
0.000498989
0.000498989
0.00048109
0.00048109
0.000463557
0.000463557
0.000446387
0.000446387
0.000429576
0.000429576
0.00041312
0.00041312
0.000397016
0.000397016
0.00038126
0.00038126
0.000365848
0.000365848
0.000350778
0.000350778
0.000336046
0.000336046
0.000321649
0.000321649
0.000307584
0.000307584
0.000293849
0.000293849
0.000280441
0.000280441
0.000267357
0.000267357
0.000254596
0.000254596
0.000242154
0.000242154
0.000230031
0.000230031
0.000218225
0.000218225
0.000206734
0.000206734
0.000195557
0.000195557
0.000184693
0.000184693
0.000174142
0.000174142
0.000163902
0.000163902
0.000153974
0.000153974
0.000144358
0.000144358
0.000135055
0.000135055
0.000126064
0.000126064
0.000117387
0.000117387
0.000109025
0.000109025
0.00010098
0.00010098
9.32536e-05
9.32536e-05
8.58478e-05
8.58478e-05
7.87649e-05
7.87649e-05
7.2007e-05
7.2007e-05
6.55767e-05
6.55767e-05
5.94761e-05
5.94761e-05
5.37074e-05
5.37074e-05
4.82722e-05
4.82722e-05
4.31717e-05
4.31717e-05
3.84062e-05
3.84062e-05
3.3975e-05
3.3975e-05
2.98763e-05
2.98763e-05
2.61068e-05
2.61068e-05
2.26614e-05
2.26614e-05
1.95331e-05
1.95331e-05
1.6713e-05
1.6713e-05
1.419e-05
1.419e-05
1.19509e-05
1.19509e-05
9.98073e-06
9.98073e-06
8.26252e-06
8.26252e-06
6.77796e-06
6.77796e-06
5.50764e-06
5.50764e-06
4.43148e-06
4.43148e-06
3.5292e-06
3.5292e-06
2.78073e-06
2.78073e-06
2.16664e-06
2.16664e-06
1.66847e-06
1.66847e-06
1.26905e-06
1.26905e-06
9.5267e-07
9.5267e-07
7.05225e-07
7.05225e-07
5.14254e-07
5.14254e-07
3.68932e-07
3.68932e-07
2.60002e-07
2.60002e-07
1.79668e-07
1.79668e-07
1.21466e-07
1.21466e-07
8.01198e-08
8.01198e-08
5.13862e-08
5.13862e-08
3.19097e-08
3.19097e-08
1.90818e-08
1.90818e-08
1.09119e-08
1.09119e-08
5.91242e-09
5.91242e-09
2.99791e-09
2.99791e-09
1.39815e-09
1.39815e-09
5.84973e-10
5.84973e-10
2.11471e-10
2.11471e-10
6.22542e-11
6.22542e-11
1.3591e-11
1.3591e-11
2.05177e-12
2.05177e-12
5.05169e-13
5.05169e-13
5.06308e-13
5.06308e-13
)
;

boundaryField
{
    walls
    {
        type            alphatJayatillekeWallFunction;
        Prt             0.85;
        kappa           0.41;
        E               9.8;
        value           uniform 0;
    }
    inlet
    {
        type            cyclic;
    }
    outlet
    {
        type            cyclic;
    }
    sides
    {
        type            empty;
    }
}


// ************************************************************************* //
