/*--------------------------------*- C++ -*----------------------------------*\
| =========                 |                                                 |
| \\      /  F ield         | OpenFOAM: The Open Source CFD Toolbox           |
|  \\    /   O peration     | Version:  2106                                  |
|   \\  /    A nd           | Website:  www.openfoam.com                      |
|    \\/     M anipulation  |                                                 |
\*---------------------------------------------------------------------------*/
FoamFile
{
    version     2.0;
    format      ascii;
    arch        "LSB;label=32;scalar=64";
    class       volScalarField;
    location    "10020";
    object      k;
}
// * * * * * * * * * * * * * * * * * * * * * * * * * * * * * * * * * * * * * //

dimensions      [0 2 -2 0 0 0 0];

internalField   nonuniform List<scalar> 
2000
(
3.41789e-07
3.41789e-07
5.91875e-08
5.91875e-08
8.11761e-08
8.11761e-08
2.52489e-07
2.52489e-07
6.52682e-07
6.52682e-07
1.40196e-06
1.40196e-06
2.64664e-06
2.64664e-06
4.558e-06
4.558e-06
7.3332e-06
7.3332e-06
1.11968e-05
1.11968e-05
1.64027e-05
1.64027e-05
2.32358e-05
2.32358e-05
3.20138e-05
3.20138e-05
4.30894e-05
4.30894e-05
5.68511e-05
5.68511e-05
7.37247e-05
7.37247e-05
9.41736e-05
9.41736e-05
0.000118698
0.000118698
0.000147834
0.000147834
0.00018215
0.00018215
0.000222239
0.000222239
0.000268715
0.000268715
0.000322202
0.000322202
0.000383317
0.000383317
0.00045266
0.00045266
0.000530789
0.000530789
0.000618201
0.000618201
0.000715311
0.000715311
0.000822424
0.000822424
0.000939715
0.000939715
0.00106721
0.00106721
0.00120477
0.00120477
0.00135209
0.00135209
0.00150868
0.00150868
0.0016739
0.0016739
0.00184694
0.00184694
0.00202687
0.00202687
0.00221269
0.00221269
0.00240328
0.00240328
0.00259754
0.00259754
0.00279432
0.00279432
0.00299254
0.00299254
0.00319114
0.00319114
0.00338913
0.00338913
0.00358563
0.00358563
0.00377983
0.00377983
0.00397104
0.00397104
0.00415864
0.00415864
0.00434214
0.00434214
0.00452112
0.00452112
0.00469526
0.00469526
0.00486432
0.00486432
0.0050281
0.0050281
0.00518651
0.00518651
0.00533947
0.00533947
0.00548698
0.00548698
0.00562906
0.00562906
0.00576577
0.00576577
0.00589718
0.00589718
0.00602341
0.00602341
0.00614457
0.00614457
0.0062608
0.0062608
0.00637224
0.00637224
0.00647905
0.00647905
0.00658137
0.00658137
0.00667936
0.00667936
0.00677318
0.00677318
0.00686299
0.00686299
0.00694893
0.00694893
0.00703117
0.00703117
0.00710984
0.00710984
0.00718508
0.00718508
0.00725705
0.00725705
0.00732587
0.00732587
0.00739167
0.00739167
0.00745457
0.00745457
0.0075147
0.0075147
0.00757217
0.00757217
0.00762708
0.00762708
0.00767954
0.00767954
0.00772965
0.00772965
0.0077775
0.0077775
0.00782319
0.00782319
0.00786679
0.00786679
0.0079084
0.0079084
0.00794808
0.00794808
0.00798592
0.00798592
0.00802198
0.00802198
0.00805633
0.00805633
0.00808903
0.00808903
0.00812013
0.00812013
0.00814971
0.00814971
0.00817781
0.00817781
0.00820448
0.00820448
0.00822977
0.00822977
0.00825373
0.00825373
0.00827639
0.00827639
0.00829781
0.00829781
0.00831801
0.00831801
0.00833705
0.00833705
0.00835494
0.00835494
0.00837173
0.00837173
0.00838744
0.00838744
0.00840211
0.00840211
0.00841576
0.00841576
0.00842842
0.00842842
0.00844011
0.00844011
0.00845086
0.00845086
0.00846069
0.00846069
0.00846962
0.00846962
0.00847767
0.00847767
0.00848485
0.00848485
0.0084912
0.0084912
0.00849672
0.00849672
0.00850142
0.00850142
0.00850533
0.00850533
0.00850846
0.00850846
0.00851081
0.00851081
0.0085124
0.0085124
0.00851325
0.00851325
0.00851336
0.00851336
0.00851274
0.00851274
0.0085114
0.0085114
0.00850935
0.00850935
0.0085066
0.0085066
0.00850315
0.00850315
0.00849902
0.00849902
0.00849419
0.00849419
0.00848869
0.00848869
0.00848252
0.00848252
0.00847568
0.00847568
0.00846817
0.00846817
0.00846
0.00846
0.00845117
0.00845117
0.00844168
0.00844168
0.00843154
0.00843154
0.00842074
0.00842074
0.0084093
0.0084093
0.0083972
0.0083972
0.00838445
0.00838445
0.00837104
0.00837104
0.00835699
0.00835699
0.00834229
0.00834229
0.00832693
0.00832693
0.00831092
0.00831092
0.00829425
0.00829425
0.00827692
0.00827692
0.00825894
0.00825894
0.00824029
0.00824029
0.00822097
0.00822097
0.00820099
0.00820099
0.00818033
0.00818033
0.008159
0.008159
0.00813699
0.00813699
0.00811429
0.00811429
0.0080909
0.0080909
0.00806682
0.00806682
0.00804205
0.00804205
0.00801656
0.00801656
0.00799037
0.00799037
0.00796346
0.00796346
0.00793583
0.00793583
0.00790748
0.00790748
0.00787839
0.00787839
0.00784855
0.00784855
0.00781797
0.00781797
0.00778663
0.00778663
0.00775453
0.00775453
0.00772166
0.00772166
0.00768801
0.00768801
0.00765358
0.00765358
0.00761834
0.00761834
0.0075823
0.0075823
0.00754545
0.00754545
0.00750778
0.00750778
0.00746928
0.00746928
0.00742993
0.00742993
0.00738973
0.00738973
0.00734868
0.00734868
0.00730675
0.00730675
0.00726394
0.00726394
0.00722024
0.00722024
0.00717563
0.00717563
0.00713012
0.00713012
0.00708367
0.00708367
0.0070363
0.0070363
0.00698797
0.00698797
0.00693869
0.00693869
0.00688844
0.00688844
0.00683721
0.00683721
0.00678499
0.00678499
0.00673176
0.00673176
0.00667752
0.00667752
0.00662225
0.00662225
0.00656595
0.00656595
0.00650859
0.00650859
0.00645018
0.00645018
0.00639069
0.00639069
0.00633013
0.00633013
0.00626847
0.00626847
0.00620571
0.00620571
0.00614185
0.00614185
0.00607686
0.00607686
0.00601075
0.00601075
0.00594351
0.00594351
0.00587513
0.00587513
0.00580561
0.00580561
0.00573495
0.00573495
0.00566313
0.00566313
0.00559018
0.00559018
0.00551608
0.00551608
0.00544084
0.00544084
0.00536447
0.00536447
0.00528698
0.00528698
0.00520838
0.00520838
0.00512869
0.00512869
0.00504793
0.00504793
0.00496613
0.00496613
0.00488332
0.00488332
0.00479953
0.00479953
0.00471482
0.00471482
0.00462923
0.00462923
0.00454282
0.00454282
0.00445567
0.00445567
0.00436785
0.00436785
0.00427945
0.00427945
0.00419059
0.00419059
0.00410137
0.00410137
0.00401195
0.00401195
0.00392246
0.00392246
0.0038331
0.0038331
0.00374404
0.00374404
0.00365553
0.00365553
0.00356781
0.00356781
0.00348115
0.00348115
0.00339588
0.00339588
0.00331234
0.00331234
0.00323093
0.00323093
0.00315207
0.00315207
0.00307625
0.00307625
0.00300397
0.00300397
0.00293581
0.00293581
0.00287239
0.00287239
0.00281435
0.00281435
0.00276241
0.00276241
0.00271728
0.00271728
0.00267971
0.00267971
0.00265046
0.00265046
0.00263026
0.00263026
0.00261983
0.00261983
3.41789e-07
3.41789e-07
5.91875e-08
5.91875e-08
8.11761e-08
8.11761e-08
2.52489e-07
2.52489e-07
6.52682e-07
6.52682e-07
1.40196e-06
1.40196e-06
2.64664e-06
2.64664e-06
4.558e-06
4.558e-06
7.3332e-06
7.3332e-06
1.11968e-05
1.11968e-05
1.64027e-05
1.64027e-05
2.32358e-05
2.32358e-05
3.20138e-05
3.20138e-05
4.30894e-05
4.30894e-05
5.68511e-05
5.68511e-05
7.37247e-05
7.37247e-05
9.41736e-05
9.41736e-05
0.000118698
0.000118698
0.000147834
0.000147834
0.00018215
0.00018215
0.000222239
0.000222239
0.000268715
0.000268715
0.000322202
0.000322202
0.000383317
0.000383317
0.00045266
0.00045266
0.000530789
0.000530789
0.000618201
0.000618201
0.000715311
0.000715311
0.000822424
0.000822424
0.000939715
0.000939715
0.00106721
0.00106721
0.00120477
0.00120477
0.00135209
0.00135209
0.00150868
0.00150868
0.0016739
0.0016739
0.00184694
0.00184694
0.00202687
0.00202687
0.00221269
0.00221269
0.00240328
0.00240328
0.00259754
0.00259754
0.00279432
0.00279432
0.00299254
0.00299254
0.00319114
0.00319114
0.00338913
0.00338913
0.00358563
0.00358563
0.00377983
0.00377983
0.00397104
0.00397104
0.00415864
0.00415864
0.00434214
0.00434214
0.00452112
0.00452112
0.00469526
0.00469526
0.00486432
0.00486432
0.0050281
0.0050281
0.00518651
0.00518651
0.00533947
0.00533947
0.00548698
0.00548698
0.00562906
0.00562906
0.00576577
0.00576577
0.00589718
0.00589718
0.00602341
0.00602341
0.00614457
0.00614457
0.0062608
0.0062608
0.00637224
0.00637224
0.00647905
0.00647905
0.00658137
0.00658137
0.00667936
0.00667936
0.00677318
0.00677318
0.00686299
0.00686299
0.00694893
0.00694893
0.00703117
0.00703117
0.00710984
0.00710984
0.00718508
0.00718508
0.00725705
0.00725705
0.00732587
0.00732587
0.00739167
0.00739167
0.00745457
0.00745457
0.0075147
0.0075147
0.00757217
0.00757217
0.00762708
0.00762708
0.00767954
0.00767954
0.00772965
0.00772965
0.0077775
0.0077775
0.00782319
0.00782319
0.00786679
0.00786679
0.0079084
0.0079084
0.00794808
0.00794808
0.00798592
0.00798592
0.00802198
0.00802198
0.00805633
0.00805633
0.00808903
0.00808903
0.00812013
0.00812013
0.00814971
0.00814971
0.00817781
0.00817781
0.00820448
0.00820448
0.00822977
0.00822977
0.00825373
0.00825373
0.00827639
0.00827639
0.00829781
0.00829781
0.00831801
0.00831801
0.00833705
0.00833705
0.00835494
0.00835494
0.00837173
0.00837173
0.00838744
0.00838744
0.00840211
0.00840211
0.00841576
0.00841576
0.00842842
0.00842842
0.00844011
0.00844011
0.00845086
0.00845086
0.00846069
0.00846069
0.00846962
0.00846962
0.00847767
0.00847767
0.00848485
0.00848485
0.0084912
0.0084912
0.00849672
0.00849672
0.00850142
0.00850142
0.00850533
0.00850533
0.00850846
0.00850846
0.00851081
0.00851081
0.0085124
0.0085124
0.00851325
0.00851325
0.00851336
0.00851336
0.00851274
0.00851274
0.0085114
0.0085114
0.00850935
0.00850935
0.0085066
0.0085066
0.00850315
0.00850315
0.00849902
0.00849902
0.00849419
0.00849419
0.00848869
0.00848869
0.00848252
0.00848252
0.00847568
0.00847568
0.00846817
0.00846817
0.00846
0.00846
0.00845117
0.00845117
0.00844168
0.00844168
0.00843154
0.00843154
0.00842074
0.00842074
0.0084093
0.0084093
0.0083972
0.0083972
0.00838445
0.00838445
0.00837104
0.00837104
0.00835699
0.00835699
0.00834229
0.00834229
0.00832693
0.00832693
0.00831092
0.00831092
0.00829425
0.00829425
0.00827692
0.00827692
0.00825894
0.00825894
0.00824029
0.00824029
0.00822097
0.00822097
0.00820099
0.00820099
0.00818033
0.00818033
0.008159
0.008159
0.00813699
0.00813699
0.00811429
0.00811429
0.0080909
0.0080909
0.00806682
0.00806682
0.00804205
0.00804205
0.00801656
0.00801656
0.00799037
0.00799037
0.00796346
0.00796346
0.00793583
0.00793583
0.00790748
0.00790748
0.00787839
0.00787839
0.00784855
0.00784855
0.00781797
0.00781797
0.00778663
0.00778663
0.00775453
0.00775453
0.00772166
0.00772166
0.00768801
0.00768801
0.00765358
0.00765358
0.00761834
0.00761834
0.0075823
0.0075823
0.00754545
0.00754545
0.00750778
0.00750778
0.00746928
0.00746928
0.00742993
0.00742993
0.00738973
0.00738973
0.00734868
0.00734868
0.00730675
0.00730675
0.00726394
0.00726394
0.00722024
0.00722024
0.00717563
0.00717563
0.00713012
0.00713012
0.00708367
0.00708367
0.0070363
0.0070363
0.00698797
0.00698797
0.00693869
0.00693869
0.00688844
0.00688844
0.00683721
0.00683721
0.00678499
0.00678499
0.00673176
0.00673176
0.00667752
0.00667752
0.00662225
0.00662225
0.00656595
0.00656595
0.00650859
0.00650859
0.00645018
0.00645018
0.00639069
0.00639069
0.00633013
0.00633013
0.00626847
0.00626847
0.00620571
0.00620571
0.00614185
0.00614185
0.00607686
0.00607686
0.00601075
0.00601075
0.00594351
0.00594351
0.00587513
0.00587513
0.00580561
0.00580561
0.00573495
0.00573495
0.00566313
0.00566313
0.00559018
0.00559018
0.00551608
0.00551608
0.00544084
0.00544084
0.00536447
0.00536447
0.00528698
0.00528698
0.00520838
0.00520838
0.00512869
0.00512869
0.00504793
0.00504793
0.00496613
0.00496613
0.00488332
0.00488332
0.00479953
0.00479953
0.00471482
0.00471482
0.00462923
0.00462923
0.00454282
0.00454282
0.00445567
0.00445567
0.00436785
0.00436785
0.00427945
0.00427945
0.00419059
0.00419059
0.00410137
0.00410137
0.00401195
0.00401195
0.00392246
0.00392246
0.0038331
0.0038331
0.00374404
0.00374404
0.00365553
0.00365553
0.00356781
0.00356781
0.00348115
0.00348115
0.00339588
0.00339588
0.00331234
0.00331234
0.00323093
0.00323093
0.00315207
0.00315207
0.00307625
0.00307625
0.00300397
0.00300397
0.00293581
0.00293581
0.00287239
0.00287239
0.00281435
0.00281435
0.00276241
0.00276241
0.00271728
0.00271728
0.00267971
0.00267971
0.00265046
0.00265046
0.00263026
0.00263026
0.00261983
0.00261983
0.00261983
0.00261983
0.00263026
0.00263026
0.00265046
0.00265046
0.00267971
0.00267971
0.00271728
0.00271728
0.00276241
0.00276241
0.00281435
0.00281435
0.00287239
0.00287239
0.00293581
0.00293581
0.00300397
0.00300397
0.00307624
0.00307624
0.00315207
0.00315207
0.00323093
0.00323093
0.00331234
0.00331234
0.00339588
0.00339588
0.00348115
0.00348115
0.00356781
0.00356781
0.00365553
0.00365553
0.00374404
0.00374404
0.00383309
0.00383309
0.00392246
0.00392246
0.00401195
0.00401195
0.00410137
0.00410137
0.00419059
0.00419059
0.00427945
0.00427945
0.00436785
0.00436785
0.00445567
0.00445567
0.00454282
0.00454282
0.00462923
0.00462923
0.00471482
0.00471482
0.00479953
0.00479953
0.00488332
0.00488332
0.00496613
0.00496613
0.00504793
0.00504793
0.00512869
0.00512869
0.00520838
0.00520838
0.00528698
0.00528698
0.00536447
0.00536447
0.00544084
0.00544084
0.00551608
0.00551608
0.00559018
0.00559018
0.00566313
0.00566313
0.00573494
0.00573494
0.00580561
0.00580561
0.00587513
0.00587513
0.00594351
0.00594351
0.00601075
0.00601075
0.00607686
0.00607686
0.00614184
0.00614184
0.00620571
0.00620571
0.00626847
0.00626847
0.00633013
0.00633013
0.00639069
0.00639069
0.00645018
0.00645018
0.00650859
0.00650859
0.00656595
0.00656595
0.00662225
0.00662225
0.00667752
0.00667752
0.00673176
0.00673176
0.00678499
0.00678499
0.00683721
0.00683721
0.00688844
0.00688844
0.00693869
0.00693869
0.00698797
0.00698797
0.0070363
0.0070363
0.00708367
0.00708367
0.00713012
0.00713012
0.00717563
0.00717563
0.00722024
0.00722024
0.00726394
0.00726394
0.00730675
0.00730675
0.00734868
0.00734868
0.00738973
0.00738973
0.00742993
0.00742993
0.00746928
0.00746928
0.00750778
0.00750778
0.00754545
0.00754545
0.0075823
0.0075823
0.00761834
0.00761834
0.00765357
0.00765357
0.00768801
0.00768801
0.00772166
0.00772166
0.00775453
0.00775453
0.00778663
0.00778663
0.00781797
0.00781797
0.00784855
0.00784855
0.00787838
0.00787838
0.00790748
0.00790748
0.00793583
0.00793583
0.00796346
0.00796346
0.00799037
0.00799037
0.00801656
0.00801656
0.00804204
0.00804204
0.00806682
0.00806682
0.0080909
0.0080909
0.00811429
0.00811429
0.00813698
0.00813698
0.008159
0.008159
0.00818033
0.00818033
0.00820099
0.00820099
0.00822097
0.00822097
0.00824028
0.00824028
0.00825893
0.00825893
0.00827692
0.00827692
0.00829425
0.00829425
0.00831092
0.00831092
0.00832693
0.00832693
0.00834229
0.00834229
0.00835699
0.00835699
0.00837104
0.00837104
0.00838445
0.00838445
0.0083972
0.0083972
0.0084093
0.0084093
0.00842074
0.00842074
0.00843154
0.00843154
0.00844168
0.00844168
0.00845117
0.00845117
0.00846
0.00846
0.00846817
0.00846817
0.00847568
0.00847568
0.00848252
0.00848252
0.00848869
0.00848869
0.00849419
0.00849419
0.00849902
0.00849902
0.00850315
0.00850315
0.0085066
0.0085066
0.00850935
0.00850935
0.0085114
0.0085114
0.00851274
0.00851274
0.00851336
0.00851336
0.00851325
0.00851325
0.0085124
0.0085124
0.00851081
0.00851081
0.00850845
0.00850845
0.00850533
0.00850533
0.00850142
0.00850142
0.00849672
0.00849672
0.0084912
0.0084912
0.00848485
0.00848485
0.00847767
0.00847767
0.00846962
0.00846962
0.00846069
0.00846069
0.00845086
0.00845086
0.00844011
0.00844011
0.00842841
0.00842841
0.00841576
0.00841576
0.00840211
0.00840211
0.00838744
0.00838744
0.00837173
0.00837173
0.00835494
0.00835494
0.00833705
0.00833705
0.00831801
0.00831801
0.00829781
0.00829781
0.00827639
0.00827639
0.00825373
0.00825373
0.00822977
0.00822977
0.00820448
0.00820448
0.00817781
0.00817781
0.00814971
0.00814971
0.00812013
0.00812013
0.00808903
0.00808903
0.00805633
0.00805633
0.00802198
0.00802198
0.00798592
0.00798592
0.00794808
0.00794808
0.0079084
0.0079084
0.00786679
0.00786679
0.00782318
0.00782318
0.0077775
0.0077775
0.00772964
0.00772964
0.00767954
0.00767954
0.00762708
0.00762708
0.00757216
0.00757216
0.0075147
0.0075147
0.00745457
0.00745457
0.00739167
0.00739167
0.00732587
0.00732587
0.00725705
0.00725705
0.00718508
0.00718508
0.00710983
0.00710983
0.00703116
0.00703116
0.00694893
0.00694893
0.00686299
0.00686299
0.00677318
0.00677318
0.00667936
0.00667936
0.00658136
0.00658136
0.00647904
0.00647904
0.00637224
0.00637224
0.0062608
0.0062608
0.00614457
0.00614457
0.00602341
0.00602341
0.00589718
0.00589718
0.00576577
0.00576577
0.00562906
0.00562906
0.00548698
0.00548698
0.00533947
0.00533947
0.00518651
0.00518651
0.0050281
0.0050281
0.00486431
0.00486431
0.00469526
0.00469526
0.00452112
0.00452112
0.00434214
0.00434214
0.00415864
0.00415864
0.00397104
0.00397104
0.00377983
0.00377983
0.00358563
0.00358563
0.00338913
0.00338913
0.00319114
0.00319114
0.00299254
0.00299254
0.00279432
0.00279432
0.00259754
0.00259754
0.00240328
0.00240328
0.00221269
0.00221269
0.00202687
0.00202687
0.00184694
0.00184694
0.0016739
0.0016739
0.00150868
0.00150868
0.00135209
0.00135209
0.00120477
0.00120477
0.00106721
0.00106721
0.000939715
0.000939715
0.000822424
0.000822424
0.000715311
0.000715311
0.000618201
0.000618201
0.000530789
0.000530789
0.00045266
0.00045266
0.000383317
0.000383317
0.000322202
0.000322202
0.000268715
0.000268715
0.000222239
0.000222239
0.00018215
0.00018215
0.000147834
0.000147834
0.000118698
0.000118698
9.41736e-05
9.41736e-05
7.37247e-05
7.37247e-05
5.68511e-05
5.68511e-05
4.30894e-05
4.30894e-05
3.20138e-05
3.20138e-05
2.32358e-05
2.32358e-05
1.64027e-05
1.64027e-05
1.11968e-05
1.11968e-05
7.33319e-06
7.33319e-06
4.558e-06
4.558e-06
2.64664e-06
2.64664e-06
1.40196e-06
1.40196e-06
6.52683e-07
6.52683e-07
2.5249e-07
2.5249e-07
8.11764e-08
8.11764e-08
5.91879e-08
5.91879e-08
3.41791e-07
3.41791e-07
0.00261983
0.00261983
0.00263026
0.00263026
0.00265046
0.00265046
0.00267971
0.00267971
0.00271728
0.00271728
0.00276241
0.00276241
0.00281435
0.00281435
0.00287239
0.00287239
0.00293581
0.00293581
0.00300397
0.00300397
0.00307624
0.00307624
0.00315207
0.00315207
0.00323093
0.00323093
0.00331234
0.00331234
0.00339588
0.00339588
0.00348115
0.00348115
0.00356781
0.00356781
0.00365553
0.00365553
0.00374404
0.00374404
0.00383309
0.00383309
0.00392246
0.00392246
0.00401195
0.00401195
0.00410137
0.00410137
0.00419059
0.00419059
0.00427945
0.00427945
0.00436785
0.00436785
0.00445567
0.00445567
0.00454282
0.00454282
0.00462923
0.00462923
0.00471482
0.00471482
0.00479953
0.00479953
0.00488332
0.00488332
0.00496613
0.00496613
0.00504793
0.00504793
0.00512869
0.00512869
0.00520838
0.00520838
0.00528698
0.00528698
0.00536447
0.00536447
0.00544084
0.00544084
0.00551608
0.00551608
0.00559018
0.00559018
0.00566313
0.00566313
0.00573494
0.00573494
0.00580561
0.00580561
0.00587513
0.00587513
0.00594351
0.00594351
0.00601075
0.00601075
0.00607686
0.00607686
0.00614184
0.00614184
0.00620571
0.00620571
0.00626847
0.00626847
0.00633013
0.00633013
0.00639069
0.00639069
0.00645018
0.00645018
0.00650859
0.00650859
0.00656595
0.00656595
0.00662225
0.00662225
0.00667752
0.00667752
0.00673176
0.00673176
0.00678499
0.00678499
0.00683721
0.00683721
0.00688844
0.00688844
0.00693869
0.00693869
0.00698797
0.00698797
0.0070363
0.0070363
0.00708367
0.00708367
0.00713012
0.00713012
0.00717563
0.00717563
0.00722024
0.00722024
0.00726394
0.00726394
0.00730675
0.00730675
0.00734868
0.00734868
0.00738973
0.00738973
0.00742993
0.00742993
0.00746928
0.00746928
0.00750778
0.00750778
0.00754545
0.00754545
0.0075823
0.0075823
0.00761834
0.00761834
0.00765357
0.00765357
0.00768801
0.00768801
0.00772166
0.00772166
0.00775453
0.00775453
0.00778663
0.00778663
0.00781797
0.00781797
0.00784855
0.00784855
0.00787838
0.00787838
0.00790748
0.00790748
0.00793583
0.00793583
0.00796346
0.00796346
0.00799037
0.00799037
0.00801656
0.00801656
0.00804204
0.00804204
0.00806682
0.00806682
0.0080909
0.0080909
0.00811429
0.00811429
0.00813698
0.00813698
0.008159
0.008159
0.00818033
0.00818033
0.00820099
0.00820099
0.00822097
0.00822097
0.00824028
0.00824028
0.00825893
0.00825893
0.00827692
0.00827692
0.00829425
0.00829425
0.00831092
0.00831092
0.00832693
0.00832693
0.00834229
0.00834229
0.00835699
0.00835699
0.00837104
0.00837104
0.00838445
0.00838445
0.0083972
0.0083972
0.0084093
0.0084093
0.00842074
0.00842074
0.00843154
0.00843154
0.00844168
0.00844168
0.00845117
0.00845117
0.00846
0.00846
0.00846817
0.00846817
0.00847568
0.00847568
0.00848252
0.00848252
0.00848869
0.00848869
0.00849419
0.00849419
0.00849902
0.00849902
0.00850315
0.00850315
0.0085066
0.0085066
0.00850935
0.00850935
0.0085114
0.0085114
0.00851274
0.00851274
0.00851336
0.00851336
0.00851325
0.00851325
0.0085124
0.0085124
0.00851081
0.00851081
0.00850845
0.00850845
0.00850533
0.00850533
0.00850142
0.00850142
0.00849672
0.00849672
0.0084912
0.0084912
0.00848485
0.00848485
0.00847767
0.00847767
0.00846962
0.00846962
0.00846069
0.00846069
0.00845086
0.00845086
0.00844011
0.00844011
0.00842841
0.00842841
0.00841576
0.00841576
0.00840211
0.00840211
0.00838744
0.00838744
0.00837173
0.00837173
0.00835494
0.00835494
0.00833705
0.00833705
0.00831801
0.00831801
0.00829781
0.00829781
0.00827639
0.00827639
0.00825373
0.00825373
0.00822977
0.00822977
0.00820448
0.00820448
0.00817781
0.00817781
0.00814971
0.00814971
0.00812013
0.00812013
0.00808903
0.00808903
0.00805633
0.00805633
0.00802198
0.00802198
0.00798592
0.00798592
0.00794808
0.00794808
0.0079084
0.0079084
0.00786679
0.00786679
0.00782318
0.00782318
0.0077775
0.0077775
0.00772964
0.00772964
0.00767954
0.00767954
0.00762708
0.00762708
0.00757216
0.00757216
0.0075147
0.0075147
0.00745457
0.00745457
0.00739167
0.00739167
0.00732587
0.00732587
0.00725705
0.00725705
0.00718508
0.00718508
0.00710983
0.00710983
0.00703116
0.00703116
0.00694893
0.00694893
0.00686299
0.00686299
0.00677318
0.00677318
0.00667936
0.00667936
0.00658136
0.00658136
0.00647904
0.00647904
0.00637224
0.00637224
0.0062608
0.0062608
0.00614457
0.00614457
0.00602341
0.00602341
0.00589718
0.00589718
0.00576577
0.00576577
0.00562906
0.00562906
0.00548698
0.00548698
0.00533947
0.00533947
0.00518651
0.00518651
0.0050281
0.0050281
0.00486431
0.00486431
0.00469526
0.00469526
0.00452112
0.00452112
0.00434214
0.00434214
0.00415864
0.00415864
0.00397104
0.00397104
0.00377983
0.00377983
0.00358563
0.00358563
0.00338913
0.00338913
0.00319114
0.00319114
0.00299254
0.00299254
0.00279432
0.00279432
0.00259754
0.00259754
0.00240328
0.00240328
0.00221269
0.00221269
0.00202687
0.00202687
0.00184694
0.00184694
0.0016739
0.0016739
0.00150868
0.00150868
0.00135209
0.00135209
0.00120477
0.00120477
0.00106721
0.00106721
0.000939715
0.000939715
0.000822424
0.000822424
0.000715311
0.000715311
0.000618201
0.000618201
0.000530789
0.000530789
0.00045266
0.00045266
0.000383317
0.000383317
0.000322202
0.000322202
0.000268715
0.000268715
0.000222239
0.000222239
0.00018215
0.00018215
0.000147834
0.000147834
0.000118698
0.000118698
9.41736e-05
9.41736e-05
7.37247e-05
7.37247e-05
5.68511e-05
5.68511e-05
4.30894e-05
4.30894e-05
3.20138e-05
3.20138e-05
2.32358e-05
2.32358e-05
1.64027e-05
1.64027e-05
1.11968e-05
1.11968e-05
7.33319e-06
7.33319e-06
4.558e-06
4.558e-06
2.64664e-06
2.64664e-06
1.40196e-06
1.40196e-06
6.52683e-07
6.52683e-07
2.5249e-07
2.5249e-07
8.11764e-08
8.11764e-08
5.91879e-08
5.91879e-08
3.41791e-07
3.41791e-07
)
;

boundaryField
{
    walls
    {
        type            kqRWallFunction;
        value           nonuniform List<scalar> 8(3.41789e-07 3.41789e-07 3.41789e-07 3.41789e-07 3.41791e-07 3.41791e-07 3.41791e-07 3.41791e-07);
    }
    inlet
    {
        type            cyclic;
    }
    outlet
    {
        type            cyclic;
    }
    sides
    {
        type            empty;
    }
}


// ************************************************************************* //
