/*--------------------------------*- C++ -*----------------------------------*\
| =========                 |                                                 |
| \\      /  F ield         | OpenFOAM: The Open Source CFD Toolbox           |
|  \\    /   O peration     | Version:  2106                                  |
|   \\  /    A nd           | Website:  www.openfoam.com                      |
|    \\/     M anipulation  |                                                 |
\*---------------------------------------------------------------------------*/
FoamFile
{
    version     2.0;
    format      ascii;
    arch        "LSB;label=32;scalar=64";
    class       volVectorField;
    location    "10020";
    object      U;
}
// * * * * * * * * * * * * * * * * * * * * * * * * * * * * * * * * * * * * * //

dimensions      [0 1 -1 0 0 0 0];

internalField   nonuniform List<vector> 
2000
(
(0.00324053 -1.85961e-16 -1.71084e-17)
(0.00324053 4.8861e-19 -4.61933e-18)
(0.00978086 -2.88637e-15 -9.45098e-17)
(0.00978086 -1.47146e-18 -5.53678e-17)
(0.016442 -1.85877e-15 -1.00574e-16)
(0.016442 -1.87435e-18 -5.74718e-17)
(0.0232262 -1.85592e-15 -1.06627e-16)
(0.0232262 -2.91892e-18 -5.96592e-17)
(0.0301356 -1.83466e-15 -1.13035e-16)
(0.0301356 -3.99238e-18 -6.19328e-17)
(0.0371726 -1.84041e-15 -1.19805e-16)
(0.0371726 -5.12223e-18 -6.42971e-17)
(0.0443396 -1.8419e-15 -1.26891e-16)
(0.0443396 -6.27404e-18 -6.67549e-17)
(0.0516387 -1.84e-15 -1.3429e-16)
(0.0516387 -7.4298e-18 -6.93111e-17)
(0.0590725 -1.83797e-15 -1.42008e-16)
(0.0590725 -8.64248e-18 -7.1967e-17)
(0.0666433 -1.83606e-15 -1.50055e-16)
(0.0666433 -9.85516e-18 -7.47254e-17)
(0.0743534 -1.83405e-15 -1.5844e-16)
(0.0743534 -1.11003e-17 -7.75937e-17)
(0.0822053 -1.83188e-15 -1.67173e-16)
(0.0822053 -1.23559e-17 -8.05737e-17)
(0.0902011 -1.82956e-15 -1.76262e-16)
(0.0902011 -1.36774e-17 -8.36688e-17)
(0.098343 -1.82711e-15 -1.85717e-16)
(0.098343 -1.50762e-17 -8.68812e-17)
(0.106633 -1.82474e-15 -1.95544e-16)
(0.106633 -1.63628e-17 -9.0211e-17)
(0.115073 -1.82242e-15 -2.05748e-16)
(0.115073 -1.76363e-17 -9.36599e-17)
(0.123664 -1.82015e-15 -2.16331e-16)
(0.123664 -1.89433e-17 -9.72318e-17)
(0.132407 -1.8178e-15 -2.27291e-16)
(0.132407 -2.01807e-17 -1.00926e-16)
(0.141303 -1.81533e-15 -2.38622e-16)
(0.141303 -2.15471e-17 -1.04728e-16)
(0.150352 -1.8129e-15 -2.5031e-16)
(0.150352 -2.29306e-17 -1.08644e-16)
(0.159551 -1.8104e-15 -2.62336e-16)
(0.159551 -2.41675e-17 -1.12665e-16)
(0.1689 -1.80781e-15 -2.74672e-16)
(0.1689 -2.55113e-17 -1.16772e-16)
(0.178394 -1.80519e-15 -2.87279e-16)
(0.178394 -2.69052e-17 -1.20955e-16)
(0.188028 -1.80242e-15 -3.0011e-16)
(0.188028 -2.83843e-17 -1.25197e-16)
(0.197797 -1.79946e-15 -3.13105e-16)
(0.197797 -3.01657e-17 -1.29472e-16)
(0.207691 -1.79656e-15 -3.26194e-16)
(0.207691 -3.17295e-17 -1.33755e-16)
(0.217701 -1.79381e-15 -3.39298e-16)
(0.217701 -3.31927e-17 -1.38014e-16)
(0.227814 -1.79086e-15 -3.52328e-16)
(0.227814 -3.49445e-17 -1.4222e-16)
(0.238015 -1.78766e-15 -3.65188e-16)
(0.238015 -3.64934e-17 -1.46333e-16)
(0.248289 -1.78431e-15 -3.7778e-16)
(0.248289 -3.83046e-17 -1.50323e-16)
(0.258618 -1.78051e-15 -3.90005e-16)
(0.258618 -4.04085e-17 -1.54159e-16)
(0.268982 -1.77703e-15 -3.94156e-16)
(0.268982 -4.20802e-17 -1.57796e-16)
(0.279361 -1.77414e-15 -3.95973e-16)
(0.279361 -4.349e-17 -1.61209e-16)
(0.289734 -1.77141e-15 -3.97002e-16)
(0.289734 -4.49094e-17 -1.64376e-16)
(0.300079 -1.76872e-15 -3.97236e-16)
(0.300079 -4.60941e-17 -1.67292e-16)
(0.310376 -1.76582e-15 -3.9669e-16)
(0.310376 -4.73323e-17 -1.69929e-16)
(0.320603 -1.76258e-15 -3.95365e-16)
(0.320603 -4.88706e-17 -1.72313e-16)
(0.330744 -1.75948e-15 -3.93308e-16)
(0.330744 -5.01866e-17 -1.74428e-16)
(0.340778 -1.7561e-15 -3.90554e-16)
(0.340778 -5.19193e-17 -1.76274e-16)
(0.350692 -1.75227e-15 -3.87166e-16)
(0.350692 -5.38287e-17 -1.77911e-16)
(0.360472 -1.74901e-15 -3.83209e-16)
(0.360472 -5.54481e-17 -1.79325e-16)
(0.370104 -1.7459e-15 -3.78749e-16)
(0.370104 -5.73153e-17 -1.8053e-16)
(0.379582 -1.74245e-15 -3.73884e-16)
(0.379582 -5.87845e-17 -1.81557e-16)
(0.388895 -1.73945e-15 -3.68698e-16)
(0.388895 -6.02506e-17 -1.8244e-16)
(0.39804 -1.73649e-15 -3.63233e-16)
(0.39804 -6.12524e-17 -1.83209e-16)
(0.407012 -1.73321e-15 -3.57551e-16)
(0.407012 -6.263e-17 -1.83877e-16)
(0.415808 -1.73086e-15 -3.51707e-16)
(0.415808 -6.42988e-17 -1.84488e-16)
(0.424428 -1.72885e-15 -3.45773e-16)
(0.424428 -6.5171e-17 -1.85119e-16)
(0.432873 -1.72605e-15 -3.39801e-16)
(0.432873 -6.61454e-17 -1.8568e-16)
(0.441143 -1.72338e-15 -3.33816e-16)
(0.441143 -6.75417e-17 -1.86185e-16)
(0.44924 -1.72122e-15 -3.2785e-16)
(0.44924 -6.86552e-17 -1.86736e-16)
(0.457168 -1.7187e-15 -3.21979e-16)
(0.457168 -6.95062e-17 -1.87378e-16)
(0.46493 -1.71578e-15 -3.16135e-16)
(0.46493 -7.04807e-17 -1.88017e-16)
(0.472529 -1.71285e-15 -3.10449e-16)
(0.472529 -7.17485e-17 -1.88718e-16)
(0.47997 -1.71002e-15 -3.0487e-16)
(0.47997 -7.35279e-17 -1.89489e-16)
(0.487258 -1.70777e-15 -3.04435e-16)
(0.487258 -7.48287e-17 -1.90316e-16)
(0.494396 -1.70693e-15 -3.05548e-16)
(0.494396 -7.47701e-17 -1.91246e-16)
(0.50139 -1.70588e-15 -3.06781e-16)
(0.50139 -7.4348e-17 -1.92214e-16)
(0.508244 -1.70359e-15 -3.08126e-16)
(0.508244 -7.54588e-17 -1.93307e-16)
(0.514963 -1.70129e-15 -3.0955e-16)
(0.514963 -7.64817e-17 -1.94466e-16)
(0.521552 -1.69891e-15 -3.11099e-16)
(0.521552 -7.66237e-17 -1.9571e-16)
(0.528014 -1.69662e-15 -3.1269e-16)
(0.528014 -7.65812e-17 -1.97184e-16)
(0.534355 -1.69483e-15 -3.14414e-16)
(0.534355 -7.74299e-17 -1.98793e-16)
(0.540579 -1.69297e-15 -3.16215e-16)
(0.540579 -7.95011e-17 -2.00393e-16)
(0.54669 -1.69096e-15 -3.18249e-16)
(0.54669 -8.00804e-17 -2.022e-16)
(0.552693 -1.68864e-15 -3.20339e-16)
(0.552693 -8.00413e-17 -2.04063e-16)
(0.558591 -1.68624e-15 -3.22597e-16)
(0.558591 -8.03073e-17 -2.06052e-16)
(0.564388 -1.68426e-15 -3.24937e-16)
(0.564388 -8.0271e-17 -2.08184e-16)
(0.570088 -1.68206e-15 -3.27401e-16)
(0.570088 -8.09656e-17 -2.10519e-16)
(0.575694 -1.67923e-15 -3.30106e-16)
(0.575694 -8.26901e-17 -2.12987e-16)
(0.58121 -1.67637e-15 -3.32885e-16)
(0.58121 -8.51087e-17 -2.15621e-16)
(0.58664 -1.67374e-15 -3.35746e-16)
(0.58664 -8.65139e-17 -2.18337e-16)
(0.591986 -1.67046e-15 -3.38812e-16)
(0.591986 -8.88882e-17 -2.21086e-16)
(0.597251 -1.66793e-15 -3.41913e-16)
(0.597251 -9.18707e-17 -2.23876e-16)
(0.602439 -1.6664e-15 -3.45307e-16)
(0.602439 -9.27481e-17 -2.27069e-16)
(0.607552 -1.66624e-15 -3.48819e-16)
(0.607552 -9.37668e-17 -2.30383e-16)
(0.612592 -1.66609e-15 -3.52372e-16)
(0.612592 -9.34696e-17 -2.33624e-16)
(0.617564 -1.66569e-15 -3.56285e-16)
(0.617564 -9.34074e-17 -2.37044e-16)
(0.622468 -1.66585e-15 -3.60171e-16)
(0.622468 -9.37019e-17 -2.40691e-16)
(0.627307 -1.66607e-15 -3.64255e-16)
(0.627307 -9.30435e-17 -2.44374e-16)
(0.632084 -1.66586e-15 -3.67466e-16)
(0.632084 -9.38265e-17 -2.48419e-16)
(0.6368 -1.6648e-15 -3.70496e-16)
(0.6368 -9.33526e-17 -2.52554e-16)
(0.641458 -1.66357e-15 -3.73614e-16)
(0.641458 -9.45277e-17 -2.56657e-16)
(0.64606 -1.66238e-15 -3.76653e-16)
(0.64606 -9.6065e-17 -2.61119e-16)
(0.650607 -1.66165e-15 -3.79732e-16)
(0.650607 -9.60216e-17 -2.66032e-16)
(0.655102 -1.66035e-15 -3.83099e-16)
(0.655102 -9.6839e-17 -2.71027e-16)
(0.659546 -1.66153e-15 -3.86596e-16)
(0.659546 -9.85084e-17 -2.75832e-16)
(0.663941 -1.66374e-15 -3.89868e-16)
(0.663941 -1.00827e-16 -2.81106e-16)
(0.668289 -1.66351e-15 -3.93289e-16)
(0.668289 -1.01613e-16 -2.86813e-16)
(0.672591 -1.66215e-15 -3.96838e-16)
(0.672591 -1.04692e-16 -2.9227e-16)
(0.676848 -1.6617e-15 -4.00187e-16)
(0.676848 -1.094e-16 -2.98276e-16)
(0.681062 -1.66033e-15 -4.03556e-16)
(0.681062 -1.12512e-16 -3.04361e-16)
(0.685234 -1.65593e-15 -4.07119e-16)
(0.685234 -1.1668e-16 -3.10431e-16)
(0.689366 -1.65211e-15 -4.10507e-16)
(0.689366 -1.20293e-16 -3.16986e-16)
(0.693459 -1.65004e-15 -4.13697e-16)
(0.693459 -1.2428e-16 -3.24044e-16)
(0.697514 -1.64878e-15 -4.17056e-16)
(0.697514 -1.29506e-16 -3.31193e-16)
(0.701532 -1.6462e-15 -4.20732e-16)
(0.701532 -1.35252e-16 -3.38492e-16)
(0.705515 -1.64319e-15 -4.24509e-16)
(0.705515 -1.39776e-16 -3.46144e-16)
(0.709463 -1.63982e-15 -4.28464e-16)
(0.709463 -1.43972e-16 -3.54097e-16)
(0.713378 -1.63627e-15 -4.32806e-16)
(0.713378 -1.48662e-16 -3.57507e-16)
(0.71726 -1.63457e-15 -4.37479e-16)
(0.71726 -1.5044e-16 -3.58797e-16)
(0.72111 -1.63393e-15 -4.42376e-16)
(0.72111 -1.49105e-16 -3.59809e-16)
(0.724931 -1.63433e-15 -4.47168e-16)
(0.724931 -1.52357e-16 -3.60374e-16)
(0.728721 -1.634e-15 -4.51588e-16)
(0.728721 -1.56241e-16 -3.60731e-16)
(0.732483 -1.63287e-15 -4.56009e-16)
(0.732483 -1.59766e-16 -3.61426e-16)
(0.736216 -1.63253e-15 -4.60842e-16)
(0.736216 -1.64784e-16 -3.62032e-16)
(0.739922 -1.63097e-15 -4.65664e-16)
(0.739922 -1.69606e-16 -3.62993e-16)
(0.743602 -1.6272e-15 -4.70555e-16)
(0.743602 -1.76472e-16 -3.63274e-16)
(0.747257 -1.62421e-15 -4.74677e-16)
(0.747257 -1.79606e-16 -3.63676e-16)
(0.750886 -1.61981e-15 -4.79195e-16)
(0.750886 -1.82584e-16 -3.63687e-16)
(0.754491 -1.61382e-15 -4.8368e-16)
(0.754491 -1.87104e-16 -3.6432e-16)
(0.758072 -1.61073e-15 -4.88071e-16)
(0.758072 -1.92731e-16 -3.65183e-16)
(0.761631 -1.60764e-15 -4.92492e-16)
(0.761631 -1.95837e-16 -3.65963e-16)
(0.765167 -1.60345e-15 -4.96593e-16)
(0.765167 -2.00571e-16 -3.66278e-16)
(0.768681 -1.59722e-15 -5.00065e-16)
(0.768681 -2.07497e-16 -3.66464e-16)
(0.772174 -1.59103e-15 -5.03401e-16)
(0.772174 -2.12166e-16 -3.67268e-16)
(0.775647 -1.58586e-15 -5.07075e-16)
(0.775647 -2.19385e-16 -3.68171e-16)
(0.779099 -1.57725e-15 -5.10535e-16)
(0.779099 -2.2911e-16 -3.68585e-16)
(0.782532 -1.56877e-15 -5.13084e-16)
(0.782532 -2.3918e-16 -3.69232e-16)
(0.785946 -1.5623e-15 -5.1568e-16)
(0.785946 -2.45247e-16 -3.69402e-16)
(0.789342 -1.55778e-15 -5.18164e-16)
(0.789342 -2.52166e-16 -3.70914e-16)
(0.792719 -1.55286e-15 -5.21008e-16)
(0.792719 -2.61491e-16 -3.70947e-16)
(0.796079 -1.54688e-15 -5.21964e-16)
(0.796079 -2.6719e-16 -3.71223e-16)
(0.799422 -1.54173e-15 -5.23065e-16)
(0.799422 -2.73403e-16 -3.69688e-16)
(0.802748 -1.53441e-15 -5.22791e-16)
(0.802748 -2.79131e-16 -3.69939e-16)
(0.806058 -1.5236e-15 -5.23116e-16)
(0.806058 -2.91932e-16 -3.70051e-16)
(0.809352 -1.51012e-15 -5.2422e-16)
(0.809352 -3.03139e-16 -3.71216e-16)
(0.81263 -1.50133e-15 -5.26094e-16)
(0.81263 -3.08593e-16 -3.71146e-16)
(0.815893 -1.49666e-15 -5.25266e-16)
(0.815893 -3.1857e-16 -3.72479e-16)
(0.819142 -1.4879e-15 -5.2388e-16)
(0.819142 -3.2571e-16 -3.74785e-16)
(0.822376 -1.47574e-15 -5.23306e-16)
(0.822376 -3.35912e-16 -3.77783e-16)
(0.825596 -1.45904e-15 -5.23799e-16)
(0.825596 -3.48888e-16 -3.80814e-16)
(0.828802 -1.44235e-15 -5.23747e-16)
(0.828802 -3.63113e-16 -3.84384e-16)
(0.831994 -1.43026e-15 -5.25227e-16)
(0.831994 -3.74677e-16 -3.89176e-16)
(0.835174 -1.42102e-15 -5.289e-16)
(0.835174 -3.77967e-16 -3.93775e-16)
(0.838341 -1.41577e-15 -5.3185e-16)
(0.838341 -3.80763e-16 -3.96473e-16)
(0.841495 -1.41134e-15 -5.3317e-16)
(0.841495 -3.81859e-16 -3.98559e-16)
(0.844637 -1.4048e-15 -5.34249e-16)
(0.844637 -3.81187e-16 -3.99789e-16)
(0.847767 -1.39796e-15 -5.35341e-16)
(0.847767 -3.80388e-16 -3.99536e-16)
(0.850886 -1.39111e-15 -5.35141e-16)
(0.850886 -3.85884e-16 -3.97063e-16)
(0.853992 -1.38488e-15 -5.32828e-16)
(0.853992 -3.88668e-16 -3.96379e-16)
(0.857088 -1.37637e-15 -5.32187e-16)
(0.857088 -3.89118e-16 -3.95954e-16)
(0.860173 -1.36552e-15 -5.32647e-16)
(0.860173 -3.95003e-16 -3.95156e-16)
(0.863246 -1.35413e-15 -5.31904e-16)
(0.863246 -3.99354e-16 -3.92467e-16)
(0.866309 -1.34682e-15 -5.28963e-16)
(0.866309 -4.05822e-16 -3.90784e-16)
(0.869362 -1.33842e-15 -5.27839e-16)
(0.869362 -4.1573e-16 -3.90048e-16)
(0.872405 -1.32874e-15 -5.27905e-16)
(0.872405 -4.26798e-16 -3.87351e-16)
(0.875438 -1.32344e-15 -5.25524e-16)
(0.875438 -4.33267e-16 -3.83981e-16)
(0.878461 -1.31058e-15 -5.23699e-16)
(0.878461 -4.39079e-16 -3.80564e-16)
(0.881474 -1.28879e-15 -5.23187e-16)
(0.881474 -4.46148e-16 -3.74763e-16)
(0.884478 -1.26983e-15 -5.20838e-16)
(0.884478 -4.52801e-16 -3.69329e-16)
(0.887472 -1.26247e-15 -5.18894e-16)
(0.887472 -4.63114e-16 -3.64841e-16)
(0.890458 -1.2639e-15 -5.1324e-16)
(0.890458 -4.73569e-16 -3.5924e-16)
(0.893434 -1.26091e-15 -5.03752e-16)
(0.893434 -4.80412e-16 -3.52163e-16)
(0.896402 -1.24553e-15 -4.96416e-16)
(0.896402 -4.86545e-16 -3.54259e-16)
(0.89936 -1.22745e-15 -4.91783e-16)
(0.89936 -5.00241e-16 -3.54051e-16)
(0.902311 -1.21246e-15 -4.87218e-16)
(0.902311 -5.05796e-16 -3.54167e-16)
(0.905252 -1.20235e-15 -4.82957e-16)
(0.905252 -5.09983e-16 -3.57009e-16)
(0.908186 -1.19268e-15 -4.72946e-16)
(0.908186 -5.17426e-16 -3.628e-16)
(0.911111 -1.18338e-15 -4.60768e-16)
(0.911111 -5.17048e-16 -3.66359e-16)
(0.914028 -1.17429e-15 -4.56657e-16)
(0.914028 -5.29366e-16 -3.67025e-16)
(0.916937 -1.15894e-15 -4.55352e-16)
(0.916937 -5.38979e-16 -3.6785e-16)
(0.919838 -1.13661e-15 -4.55327e-16)
(0.919838 -5.55528e-16 -3.65402e-16)
(0.922731 -1.11614e-15 -4.54114e-16)
(0.922731 -5.66682e-16 -3.62131e-16)
(0.925616 -1.11061e-15 -4.53415e-16)
(0.925616 -5.63836e-16 -3.63665e-16)
(0.928493 -1.10613e-15 -4.52102e-16)
(0.928493 -5.71856e-16 -3.67842e-16)
(0.931363 -1.09355e-15 -4.48366e-16)
(0.931363 -5.76032e-16 -3.74964e-16)
(0.934225 -1.07992e-15 -4.45632e-16)
(0.934225 -5.77588e-16 -3.78538e-16)
(0.937079 -1.06663e-15 -4.42616e-16)
(0.937079 -5.83425e-16 -3.76895e-16)
(0.939926 -1.05166e-15 -4.38529e-16)
(0.939926 -5.89268e-16 -3.83708e-16)
(0.942765 -1.0412e-15 -4.36292e-16)
(0.942765 -5.99365e-16 -3.84092e-16)
(0.945597 -1.02417e-15 -4.34785e-16)
(0.945597 -6.06947e-16 -3.82907e-16)
(0.948421 -1.01222e-15 -4.3229e-16)
(0.948421 -6.08413e-16 -3.87496e-16)
(0.951237 -1.00412e-15 -4.27306e-16)
(0.951237 -6.10437e-16 -3.91498e-16)
(0.954046 -9.92128e-16 -4.25129e-16)
(0.954046 -6.09599e-16 -3.96151e-16)
(0.956847 -9.85792e-16 -4.26189e-16)
(0.956847 -6.07934e-16 -3.97852e-16)
(0.959641 -9.71605e-16 -4.2514e-16)
(0.959641 -6.14047e-16 -3.99107e-16)
(0.962427 -9.60294e-16 -4.20763e-16)
(0.962427 -6.02596e-16 -3.96424e-16)
(0.965205 -9.5345e-16 -4.14726e-16)
(0.965205 -5.94125e-16 -3.9765e-16)
(0.967976 -9.38947e-16 -4.08344e-16)
(0.967976 -5.9032e-16 -4.04996e-16)
(0.970739 -9.05664e-16 -3.99643e-16)
(0.970739 -6.00121e-16 -4.09983e-16)
(0.973493 -8.66068e-16 -4.11939e-16)
(0.973493 -6.29924e-16 -4.17461e-16)
(0.97624 -8.42719e-16 -4.20949e-16)
(0.97624 -6.47895e-16 -4.20406e-16)
(0.978979 -8.30177e-16 -4.29292e-16)
(0.978979 -6.57262e-16 -4.08582e-16)
(0.98171 -8.33291e-16 -4.27687e-16)
(0.98171 -6.47296e-16 -4.09524e-16)
(0.984433 -8.1808e-16 -4.15359e-16)
(0.984433 -6.61377e-16 -4.26582e-16)
(0.987147 -8.03419e-16 -4.35691e-16)
(0.987147 -6.67398e-16 -4.3188e-16)
(0.989853 -8.08698e-16 -4.41107e-16)
(0.989853 -6.73675e-16 -4.45778e-16)
(0.99255 -7.99151e-16 -4.44135e-16)
(0.99255 -7.00909e-16 -4.64405e-16)
(0.995238 -7.85055e-16 -4.50252e-16)
(0.995238 -7.07881e-16 -4.79222e-16)
(0.997918 -7.69183e-16 -4.53692e-16)
(0.997918 -7.1703e-16 -4.85568e-16)
(1.00059 -7.53878e-16 -4.58338e-16)
(1.00059 -7.07317e-16 -4.86863e-16)
(1.00325 -7.48078e-16 -4.64718e-16)
(1.00325 -6.87951e-16 -4.98721e-16)
(1.0059 -7.46834e-16 -4.63472e-16)
(1.0059 -6.84434e-16 -5.22084e-16)
(1.00854 -7.35341e-16 -4.63445e-16)
(1.00854 -6.98521e-16 -5.3571e-16)
(1.01117 -7.06863e-16 -4.60897e-16)
(1.01117 -7.04518e-16 -5.49043e-16)
(1.01379 -6.86778e-16 -4.68571e-16)
(1.01379 -7.06637e-16 -5.50796e-16)
(1.0164 -7.02781e-16 -4.88552e-16)
(1.0164 -7.05844e-16 -5.42156e-16)
(1.019 -7.00203e-16 -4.72896e-16)
(1.019 -6.8976e-16 -5.4648e-16)
(1.02159 -6.85801e-16 -4.79062e-16)
(1.02159 -6.89783e-16 -5.38242e-16)
(1.02417 -6.81166e-16 -4.84633e-16)
(1.02417 -6.64311e-16 -5.25391e-16)
(1.02674 -6.65038e-16 -4.82223e-16)
(1.02674 -6.45144e-16 -5.10233e-16)
(1.02929 -6.49531e-16 -4.72006e-16)
(1.02929 -6.36936e-16 -5.16257e-16)
(1.03183 -6.28045e-16 -5.01664e-16)
(1.03183 -6.37046e-16 -5.13236e-16)
(1.03435 -6.04246e-16 -4.92528e-16)
(1.03435 -6.07639e-16 -4.93493e-16)
(1.03687 -5.79353e-16 -4.90959e-16)
(1.03687 -5.81455e-16 -4.93051e-16)
(1.03937 -5.52484e-16 -4.93872e-16)
(1.03937 -5.99646e-16 -4.82719e-16)
(1.04185 -5.49577e-16 -4.95857e-16)
(1.04185 -5.55366e-16 -4.69903e-16)
(1.04432 -5.51357e-16 -4.71106e-16)
(1.04432 -5.1945e-16 -4.68138e-16)
(1.04677 -5.28516e-16 -4.48697e-16)
(1.04677 -5.21025e-16 -4.88109e-16)
(1.04921 -5.037e-16 -4.38479e-16)
(1.04921 -4.89258e-16 -4.95268e-16)
(1.05163 -4.84936e-16 -4.61544e-16)
(1.05163 -4.85613e-16 -4.99556e-16)
(1.05403 -4.11003e-16 -4.60153e-16)
(1.05403 -5.07506e-16 -4.88655e-16)
(1.05642 -5.12651e-16 -4.79159e-16)
(1.05642 -4.98661e-16 -4.99441e-16)
(1.05878 -5.19057e-16 -5.0088e-16)
(1.05878 -5.17342e-16 -5.12613e-16)
(1.06112 -5.14336e-16 -4.9251e-16)
(1.06112 -5.24979e-16 -4.99774e-16)
(1.06345 -5.0557e-16 -4.99424e-16)
(1.06345 -4.88546e-16 -4.48115e-16)
(1.06575 -5.11613e-16 -4.63822e-16)
(1.06575 -4.9554e-16 -4.42711e-16)
(1.06802 -5.16906e-16 -4.64294e-16)
(1.06802 -5.14292e-16 -4.29812e-16)
(1.07028 -4.87013e-16 -4.73691e-16)
(1.07028 -5.12592e-16 -4.28085e-16)
(1.0725 -5.19467e-16 -4.90561e-16)
(1.0725 -5.20035e-16 -4.38158e-16)
(1.0747 -4.90455e-16 -4.85107e-16)
(1.0747 -5.19887e-16 -4.62427e-16)
(1.07688 -5.00169e-16 -4.85979e-16)
(1.07688 -5.27543e-16 -4.40574e-16)
(1.07902 -5.40243e-16 -4.73131e-16)
(1.07902 -5.05508e-16 -4.09352e-16)
(1.08113 -5.44055e-16 -4.46625e-16)
(1.08113 -5.18704e-16 -4.12358e-16)
(1.08321 -5.34913e-16 -4.62364e-16)
(1.08321 -5.54256e-16 -3.88396e-16)
(1.08525 -4.9284e-16 -5.16067e-16)
(1.08525 -5.50214e-16 -3.74428e-16)
(1.08726 -4.71085e-16 -5.5021e-16)
(1.08726 -5.07019e-16 -3.57231e-16)
(1.08922 -5.25599e-16 -5.71079e-16)
(1.08922 -4.93604e-16 -3.48103e-16)
(1.09115 -5.09472e-16 -5.43498e-16)
(1.09115 -5.01535e-16 -2.93037e-16)
(1.09303 -4.61725e-16 -5.08966e-16)
(1.09303 -4.56254e-16 -2.91093e-16)
(1.09487 -4.36084e-16 -4.85187e-16)
(1.09487 -4.64662e-16 -3.33397e-16)
(1.09665 -4.14555e-16 -4.80996e-16)
(1.09665 -4.75921e-16 -3.62493e-16)
(1.09839 -3.53402e-16 -5.10516e-16)
(1.09839 -4.6181e-16 -3.799e-16)
(1.10006 -4.44e-16 -4.91874e-16)
(1.10006 -4.61558e-16 -3.66744e-16)
(1.10168 -4.18795e-16 -4.7779e-16)
(1.10168 -4.80563e-16 -4.66597e-16)
(1.10323 -4.58319e-16 -4.22964e-16)
(1.10323 -5.12198e-16 -4.62093e-16)
(1.10472 -4.73062e-16 -3.64231e-16)
(1.10472 -4.75646e-16 -3.50841e-16)
(1.10613 -4.77438e-16 -3.38152e-16)
(1.10613 -4.33667e-16 -3.29223e-16)
(1.10747 -4.99566e-16 -4.01148e-16)
(1.10747 -4.58469e-16 -3.46295e-16)
(1.10872 -5.43392e-16 -3.46062e-16)
(1.10872 -4.32135e-16 -3.44506e-16)
(1.10987 -4.99091e-16 -2.85845e-16)
(1.10987 -3.79841e-16 -2.64602e-16)
(1.11094 -4.33003e-16 -1.94864e-16)
(1.11094 -3.49075e-16 -2.29788e-16)
(1.1119 -3.64707e-16 -2.19228e-16)
(1.1119 -3.70985e-16 -2.08819e-16)
(1.11274 -3.50775e-16 -1.86913e-16)
(1.11274 -3.46544e-16 -2.05106e-16)
(1.11347 -3.21427e-16 -2.09586e-16)
(1.11347 -3.48426e-16 -1.86556e-16)
(1.11407 -2.35647e-16 -2.22341e-16)
(1.11407 -3.50389e-16 -2.16259e-16)
(1.11454 -2.99125e-16 -1.51105e-16)
(1.11454 -2.82555e-16 -1.94109e-16)
(1.11485 -2.56111e-16 -1.05719e-16)
(1.11485 -2.59062e-16 -1.69199e-16)
(1.11502 -2.59785e-16 -9.58361e-17)
(1.11502 -2.7124e-16 -1.09516e-16)
(0.00324053 2.67275e-19 4.75646e-18)
(0.00324053 1.11229e-19 1.09455e-17)
(0.00978086 -7.00401e-19 2.593e-17)
(0.00978086 -2.56824e-19 4.34997e-17)
(0.016442 -8.6986e-19 2.68939e-17)
(0.016442 -3.08225e-19 4.51575e-17)
(0.0232262 -1.37947e-18 2.78857e-17)
(0.0232262 -4.97762e-19 4.68901e-17)
(0.0301356 -1.91665e-18 2.89055e-17)
(0.0301356 -6.922e-19 4.87013e-17)
(0.0371726 -2.46726e-18 2.99535e-17)
(0.0371726 -8.94447e-19 5.05946e-17)
(0.0443396 -3.02391e-18 3.10299e-17)
(0.0443396 -1.11277e-18 5.25748e-17)
(0.0516387 -3.57196e-18 3.21355e-17)
(0.0516387 -1.36695e-18 5.4645e-17)
(0.0590725 -4.13061e-18 3.3271e-17)
(0.0590725 -1.62299e-18 5.68092e-17)
(0.0666433 -4.68178e-18 3.44371e-17)
(0.0666433 -1.93606e-18 5.90722e-17)
(0.0743534 -5.20051e-18 3.56342e-17)
(0.0743534 -2.2986e-18 6.14356e-17)
(0.0822053 -5.75921e-18 3.68627e-17)
(0.0822053 -2.60405e-18 6.39042e-17)
(0.0902011 -6.44257e-18 3.81226e-17)
(0.0902011 -2.89768e-18 6.64817e-17)
(0.098343 -7.22255e-18 3.94128e-17)
(0.098343 -3.15204e-18 6.91745e-17)
(0.106633 -7.96741e-18 4.07311e-17)
(0.106633 -3.43152e-18 7.19847e-17)
(0.115073 -8.6957e-18 4.20781e-17)
(0.115073 -3.69347e-18 7.49108e-17)
(0.123664 -9.34236e-18 4.34513e-17)
(0.123664 -4.08367e-18 7.79544e-17)
(0.132407 -9.92798e-18 4.48502e-17)
(0.132407 -4.5427e-18 8.11117e-17)
(0.141303 -1.05154e-17 4.62729e-17)
(0.141303 -4.98907e-18 8.43841e-17)
(0.150352 -1.11205e-17 4.77162e-17)
(0.150352 -5.49075e-18 8.77628e-17)
(0.159551 -1.18745e-17 4.91706e-17)
(0.159551 -5.8438e-18 9.12482e-17)
(0.1689 -1.26875e-17 5.06321e-17)
(0.1689 -6.14716e-18 9.48295e-17)
(0.178394 -1.35233e-17 5.20938e-17)
(0.178394 -6.4565e-18 9.84929e-17)
(0.188028 -1.42905e-17 5.3545e-17)
(0.188028 -6.85246e-18 1.02227e-16)
(0.197797 -1.50511e-17 5.49749e-17)
(0.197797 -7.27163e-18 1.0601e-16)
(0.207691 -1.60113e-17 5.63679e-17)
(0.207691 -7.64227e-18 1.09822e-16)
(0.217701 -1.68899e-17 5.77093e-17)
(0.217701 -8.08479e-18 1.13646e-16)
(0.227814 -1.76425e-17 5.89898e-17)
(0.227814 -8.60979e-18 1.17445e-16)
(0.238015 -1.85341e-17 6.01895e-17)
(0.238015 -8.9931e-18 1.2119e-16)
(0.248289 -1.94354e-17 6.12914e-17)
(0.248289 -9.5263e-18 1.24846e-16)
(0.258618 -2.02189e-17 6.22795e-17)
(0.258618 -1.01285e-17 1.28386e-16)
(0.268982 -2.11863e-17 6.31344e-17)
(0.268982 -1.05793e-17 1.31797e-16)
(0.279361 -2.21673e-17 6.38467e-17)
(0.279361 -1.12345e-17 1.35042e-16)
(0.289734 -2.29593e-17 6.4405e-17)
(0.289734 -1.2152e-17 1.38102e-16)
(0.300079 -2.37249e-17 6.48095e-17)
(0.300079 -1.27452e-17 1.40941e-16)
(0.310376 -2.44729e-17 6.506e-17)
(0.310376 -1.3345e-17 1.43563e-16)
(0.320603 -2.51654e-17 6.51548e-17)
(0.320603 -1.40234e-17 1.45957e-16)
(0.330744 -2.58402e-17 6.51066e-17)
(0.330744 -1.45039e-17 1.48136e-16)
(0.340778 -2.66153e-17 6.49322e-17)
(0.340778 -1.54497e-17 1.50116e-16)
(0.350692 -2.76993e-17 6.46377e-17)
(0.350692 -1.58885e-17 1.51884e-16)
(0.360472 -2.88409e-17 6.4225e-17)
(0.360472 -1.57106e-17 1.53474e-16)
(0.370104 -2.96153e-17 6.3717e-17)
(0.370104 -1.66771e-17 1.5491e-16)
(0.379582 -2.99288e-17 6.312e-17)
(0.379582 -1.79198e-17 1.56177e-16)
(0.388895 -3.05573e-17 6.24714e-17)
(0.388895 -1.8939e-17 1.5728e-16)
(0.39804 -3.18835e-17 6.17469e-17)
(0.39804 -1.92717e-17 1.5825e-16)
(0.407012 -3.31234e-17 6.09519e-17)
(0.407012 -1.89751e-17 1.59139e-16)
(0.415808 -3.41851e-17 6.00862e-17)
(0.415808 -1.9919e-17 1.59946e-16)
(0.424428 -3.48099e-17 5.91788e-17)
(0.424428 -2.07445e-17 1.60656e-16)
(0.432873 -3.54047e-17 5.82603e-17)
(0.432873 -2.09742e-17 1.61332e-16)
(0.441143 -3.61764e-17 5.7306e-17)
(0.441143 -2.21788e-17 1.62023e-16)
(0.44924 -3.65593e-17 5.63241e-17)
(0.44924 -2.36029e-17 1.62679e-16)
(0.457168 -3.69582e-17 5.53088e-17)
(0.457168 -2.3985e-17 1.63283e-16)
(0.46493 -3.76102e-17 5.42612e-17)
(0.46493 -2.51184e-17 1.63937e-16)
(0.472529 -3.80103e-17 5.31733e-17)
(0.472529 -2.62638e-17 1.64614e-16)
(0.47997 -3.81601e-17 5.2064e-17)
(0.47997 -2.645e-17 1.65288e-16)
(0.487258 -3.83067e-17 5.09378e-17)
(0.487258 -2.76366e-17 1.66004e-16)
(0.494396 -3.87731e-17 4.97985e-17)
(0.494396 -2.76003e-17 1.66722e-16)
(0.50139 -3.9432e-17 4.86383e-17)
(0.50139 -2.64426e-17 1.67535e-16)
(0.508244 -4.04281e-17 4.74341e-17)
(0.508244 -2.57326e-17 1.68399e-16)
(0.514963 -4.1292e-17 5.20078e-17)
(0.514963 -2.56228e-17 1.69339e-16)
(0.521552 -4.05605e-17 5.75601e-17)
(0.521552 -2.6654e-17 1.70212e-16)
(0.528014 -3.98129e-17 6.32024e-17)
(0.528014 -2.6863e-17 1.71017e-16)
(0.534355 -4.12415e-17 6.87335e-17)
(0.534355 -2.57622e-17 1.71941e-16)
(0.540579 -4.32298e-17 7.40951e-17)
(0.540579 -2.51338e-17 1.73008e-16)
(0.54669 -4.39342e-17 7.93112e-17)
(0.54669 -2.62191e-17 1.7404e-16)
(0.552693 -4.43463e-17 8.45395e-17)
(0.552693 -2.66416e-17 1.75045e-16)
(0.558591 -4.49169e-17 8.97711e-17)
(0.558591 -2.6638e-17 1.76067e-16)
(0.564388 -4.57021e-17 9.49349e-17)
(0.564388 -2.7926e-17 1.77188e-16)
(0.570088 -4.5772e-17 9.99131e-17)
(0.570088 -2.91641e-17 1.78259e-16)
(0.575694 -4.49566e-17 1.04841e-16)
(0.575694 -2.88143e-17 1.79197e-16)
(0.58121 -4.47674e-17 1.09964e-16)
(0.58121 -2.86308e-17 1.80109e-16)
(0.58664 -4.48343e-17 1.15087e-16)
(0.58664 -3.01449e-17 1.81193e-16)
(0.591986 -4.48601e-17 1.20072e-16)
(0.591986 -3.01621e-17 1.82375e-16)
(0.597251 -4.60998e-17 1.24985e-16)
(0.597251 -2.99078e-17 1.83598e-16)
(0.602439 -4.70246e-17 1.29734e-16)
(0.602439 -3.01708e-17 1.84794e-16)
(0.607552 -4.6355e-17 1.3446e-16)
(0.607552 -3.1215e-17 1.85906e-16)
(0.612592 -4.59273e-17 1.39518e-16)
(0.612592 -2.96885e-17 1.86839e-16)
(0.617564 -4.6565e-17 1.44711e-16)
(0.617564 -3.04648e-17 1.87901e-16)
(0.622468 -4.67601e-17 1.49691e-16)
(0.622468 -3.28856e-17 1.88967e-16)
(0.627307 -4.68058e-17 1.54564e-16)
(0.627307 -3.09484e-17 1.89828e-16)
(0.632084 -4.64103e-17 1.59573e-16)
(0.632084 -3.11869e-17 1.9033e-16)
(0.6368 -4.57596e-17 1.64765e-16)
(0.6368 -2.98545e-17 1.90902e-16)
(0.641458 -4.68688e-17 1.69784e-16)
(0.641458 -2.77897e-17 1.91728e-16)
(0.64606 -4.70708e-17 1.74395e-16)
(0.64606 -2.82083e-17 1.92393e-16)
(0.650607 -4.57125e-17 1.78854e-16)
(0.650607 -2.92591e-17 1.934e-16)
(0.655102 -4.44016e-17 1.83656e-16)
(0.655102 -2.88607e-17 1.94343e-16)
(0.659546 -4.31498e-17 1.8852e-16)
(0.659546 -2.89781e-17 1.9541e-16)
(0.663941 -4.33163e-17 1.93069e-16)
(0.663941 -2.81068e-17 1.96281e-16)
(0.668289 -4.39734e-17 1.97466e-16)
(0.668289 -2.69813e-17 1.97143e-16)
(0.672591 -4.31376e-17 2.01998e-16)
(0.672591 -2.79411e-17 1.97927e-16)
(0.676848 -4.21081e-17 2.06605e-16)
(0.676848 -2.9143e-17 1.9832e-16)
(0.681062 -4.22596e-17 2.11176e-16)
(0.681062 -2.82532e-17 1.98858e-16)
(0.685234 -4.23057e-17 2.15828e-16)
(0.685234 -2.69123e-17 1.99412e-16)
(0.689366 -4.33583e-17 2.20514e-16)
(0.689366 -2.78045e-17 1.99599e-16)
(0.693459 -4.42718e-17 2.24913e-16)
(0.693459 -2.47748e-17 1.99876e-16)
(0.697514 -4.30081e-17 2.29217e-16)
(0.697514 -2.11445e-17 2.00256e-16)
(0.701532 -4.19173e-17 2.33629e-16)
(0.701532 -2.38663e-17 2.00552e-16)
(0.705515 -4.20071e-17 2.378e-16)
(0.705515 -2.43742e-17 2.00841e-16)
(0.709463 -4.31226e-17 2.41766e-16)
(0.709463 -2.22406e-17 2.01061e-16)
(0.713378 -4.4011e-17 2.45223e-16)
(0.713378 -2.25533e-17 2.01469e-16)
(0.71726 -4.49411e-17 2.48383e-16)
(0.71726 -1.8894e-17 2.02037e-16)
(0.72111 -4.5945e-17 2.52093e-16)
(0.72111 -1.70517e-17 2.02345e-16)
(0.724931 -4.58101e-17 2.55649e-16)
(0.724931 -2.09442e-17 2.0245e-16)
(0.728721 -4.53748e-17 2.58595e-16)
(0.728721 -2.05639e-17 2.02127e-16)
(0.732483 -4.59088e-17 2.61539e-16)
(0.732483 -1.71891e-17 2.02139e-16)
(0.736216 -4.78106e-17 2.64697e-16)
(0.736216 -1.74727e-17 2.02225e-16)
(0.739922 -4.92529e-17 2.67706e-16)
(0.739922 -1.72256e-17 2.02495e-16)
(0.743602 -4.9686e-17 2.70567e-16)
(0.743602 -1.51508e-17 2.02816e-16)
(0.747257 -5.08239e-17 2.73415e-16)
(0.747257 -1.15638e-17 2.02595e-16)
(0.750886 -5.45685e-17 2.76154e-16)
(0.750886 -9.22606e-18 2.02275e-16)
(0.754491 -5.5153e-17 2.78604e-16)
(0.754491 -7.06258e-18 2.01366e-16)
(0.758072 -5.20726e-17 2.80918e-16)
(0.758072 -4.92e-18 2.01124e-16)
(0.761631 -5.0924e-17 2.83369e-16)
(0.761631 -5.20056e-18 2.0067e-16)
(0.765167 -5.11767e-17 2.85781e-16)
(0.765167 -5.18744e-18 1.99983e-16)
(0.768681 -5.08154e-17 2.883e-16)
(0.768681 -5.72361e-18 1.98516e-16)
(0.772174 -4.88704e-17 2.90659e-16)
(0.772174 -3.48534e-18 1.96235e-16)
(0.775647 -4.7686e-17 2.9355e-16)
(0.775647 6.05274e-18 1.94589e-16)
(0.779099 -4.8827e-17 2.95696e-16)
(0.779099 9.71156e-18 1.92764e-16)
(0.782532 -5.09719e-17 2.97537e-16)
(0.782532 9.9687e-18 1.90315e-16)
(0.785946 -5.10584e-17 2.98676e-16)
(0.785946 9.53352e-18 1.87737e-16)
(0.789342 -5.09518e-17 3.00897e-16)
(0.789342 1.03346e-17 1.84421e-16)
(0.792719 -5.05442e-17 3.03942e-16)
(0.792719 1.34641e-17 1.82039e-16)
(0.796079 -5.0129e-17 3.06386e-16)
(0.796079 1.61624e-17 1.78679e-16)
(0.799422 -5.23605e-17 3.06353e-16)
(0.799422 1.76947e-17 1.75985e-16)
(0.802748 -5.41736e-17 3.06981e-16)
(0.802748 1.96313e-17 1.72192e-16)
(0.806058 -5.2116e-17 3.07312e-16)
(0.806058 2.25692e-17 1.69041e-16)
(0.809352 -5.0349e-17 3.0826e-16)
(0.809352 2.20838e-17 1.65723e-16)
(0.81263 -4.89322e-17 3.09962e-16)
(0.81263 2.57706e-17 1.63175e-16)
(0.815893 -4.59251e-17 3.1236e-16)
(0.815893 3.01744e-17 1.58989e-16)
(0.819142 -4.57506e-17 3.13739e-16)
(0.819142 3.18176e-17 1.55536e-16)
(0.822376 -4.91331e-17 3.13545e-16)
(0.822376 3.30812e-17 1.52829e-16)
(0.825596 -5.12858e-17 3.15609e-16)
(0.825596 3.95522e-17 1.50478e-16)
(0.828802 -5.18051e-17 3.17975e-16)
(0.828802 4.25165e-17 1.47974e-16)
(0.831994 -5.47596e-17 3.19998e-16)
(0.831994 3.8135e-17 1.45341e-16)
(0.835174 -5.49688e-17 3.22751e-16)
(0.835174 3.49445e-17 1.45131e-16)
(0.838341 -5.46754e-17 3.25589e-16)
(0.838341 3.6397e-17 1.44118e-16)
(0.841495 -5.4091e-17 3.2807e-16)
(0.841495 3.71502e-17 1.41652e-16)
(0.844637 -5.21715e-17 3.30524e-16)
(0.844637 3.30107e-17 1.3905e-16)
(0.847767 -5.20744e-17 3.33157e-16)
(0.847767 2.79381e-17 1.36899e-16)
(0.850886 -5.66305e-17 3.35038e-16)
(0.850886 1.91822e-17 1.33265e-16)
(0.853992 -6.34018e-17 3.35427e-16)
(0.853992 1.79266e-17 1.27399e-16)
(0.857088 -6.4243e-17 3.37596e-16)
(0.857088 1.59671e-17 1.21587e-16)
(0.860173 -6.09561e-17 3.40973e-16)
(0.860173 8.15883e-18 1.15795e-16)
(0.863246 -5.63442e-17 3.45015e-16)
(0.863246 6.3065e-18 1.11228e-16)
(0.866309 -5.45724e-17 3.48171e-16)
(0.866309 2.74081e-18 1.03259e-16)
(0.869362 -5.26464e-17 3.52053e-16)
(0.869362 -6.16188e-19 9.6427e-17)
(0.872405 -5.65494e-17 3.57748e-16)
(0.872405 -1.71779e-18 9.12606e-17)
(0.875438 -6.5032e-17 3.62862e-16)
(0.875438 -5.31228e-18 8.41457e-17)
(0.878461 -6.72642e-17 3.67037e-16)
(0.878461 -6.71279e-18 7.57639e-17)
(0.881474 -7.18995e-17 3.72095e-16)
(0.881474 -1.7324e-17 6.8535e-17)
(0.884478 -8.12782e-17 3.72541e-16)
(0.884478 -2.38249e-17 5.94232e-17)
(0.887472 -8.03211e-17 3.72483e-16)
(0.887472 -1.40168e-17 5.72732e-17)
(0.890458 -7.16877e-17 3.74732e-16)
(0.890458 -1.66741e-17 5.8383e-17)
(0.893434 -6.48677e-17 3.75945e-16)
(0.893434 -1.83289e-17 6.14492e-17)
(0.896402 -6.15159e-17 3.7878e-16)
(0.896402 -1.77319e-17 5.95903e-17)
(0.89936 -6.30886e-17 3.77796e-16)
(0.89936 -1.83126e-17 5.98798e-17)
(0.902311 -6.92301e-17 3.7757e-16)
(0.902311 -1.01476e-17 6.4602e-17)
(0.905252 -7.50543e-17 3.78636e-16)
(0.905252 -9.48207e-18 6.77804e-17)
(0.908186 -7.57254e-17 3.80242e-16)
(0.908186 -1.99497e-17 7.18695e-17)
(0.911111 -7.48173e-17 3.80518e-16)
(0.911111 -1.3765e-17 8.12259e-17)
(0.914028 -7.2494e-17 3.78674e-16)
(0.914028 -5.10387e-18 9.01211e-17)
(0.916937 -6.66261e-17 3.77304e-16)
(0.916937 -1.24198e-17 9.23817e-17)
(0.919838 -5.86302e-17 3.72982e-16)
(0.919838 -1.66514e-17 9.71599e-17)
(0.922731 -5.4736e-17 3.70781e-16)
(0.922731 -1.11869e-17 1.04845e-16)
(0.925616 -5.60708e-17 3.71549e-16)
(0.925616 -1.85093e-17 1.10206e-16)
(0.928493 -5.99579e-17 3.73381e-16)
(0.928493 -2.13325e-17 1.21878e-16)
(0.931363 -6.21604e-17 3.78727e-16)
(0.931363 -2.20036e-17 1.34775e-16)
(0.934225 -6.05634e-17 3.80241e-16)
(0.934225 -3.76327e-17 1.41158e-16)
(0.937079 -5.93512e-17 3.77305e-16)
(0.937079 -3.25237e-17 1.51435e-16)
(0.939926 -6.03662e-17 3.81987e-16)
(0.939926 -2.35328e-17 1.5335e-16)
(0.942765 -6.30098e-17 3.77668e-16)
(0.942765 -3.15293e-17 1.58482e-16)
(0.945597 -7.0014e-17 3.70678e-16)
(0.945597 -3.12678e-17 1.67382e-16)
(0.948421 -7.5435e-17 3.66809e-16)
(0.948421 -2.61312e-17 1.78582e-16)
(0.951237 -8.01855e-17 3.63892e-16)
(0.951237 -3.42749e-17 1.86642e-16)
(0.954046 -9.26066e-17 3.625e-16)
(0.954046 -4.03322e-17 1.88861e-16)
(0.956847 -1.01617e-16 3.57336e-16)
(0.956847 -5.2616e-17 1.91418e-16)
(0.959641 -1.0123e-16 3.51732e-16)
(0.959641 -5.32561e-17 1.96441e-16)
(0.962427 -9.93483e-17 3.45417e-16)
(0.962427 -5.54941e-17 2.04268e-16)
(0.965205 -1.05256e-16 3.41345e-16)
(0.965205 -5.91761e-17 2.16823e-16)
(0.967976 -1.13057e-16 3.40152e-16)
(0.967976 -5.22611e-17 2.29635e-16)
(0.970739 -1.15594e-16 3.35376e-16)
(0.970739 -5.63006e-17 2.39772e-16)
(0.973493 -1.2112e-16 3.29148e-16)
(0.973493 -6.44274e-17 2.43204e-16)
(0.97624 -1.13567e-16 3.22641e-16)
(0.97624 -6.73513e-17 2.41297e-16)
(0.978979 -1.01699e-16 3.04174e-16)
(0.978979 -5.84227e-17 2.52526e-16)
(0.98171 -9.96577e-17 2.95862e-16)
(0.98171 -5.26803e-17 2.77419e-16)
(0.984433 -1.10513e-16 3.06448e-16)
(0.984433 -7.15263e-17 2.78414e-16)
(0.987147 -1.26649e-16 3.04466e-16)
(0.987147 -8.93462e-17 2.74778e-16)
(0.989853 -1.331e-16 3.07963e-16)
(0.989853 -8.10313e-17 2.71017e-16)
(0.99255 -1.3556e-16 3.0421e-16)
(0.99255 -8.87048e-17 2.80556e-16)
(0.995238 -1.32126e-16 2.995e-16)
(0.995238 -1.16312e-16 2.96423e-16)
(0.997918 -1.2649e-16 2.97226e-16)
(0.997918 -1.27242e-16 3.04468e-16)
(1.00059 -1.22167e-16 2.97544e-16)
(1.00059 -1.43113e-16 3.10832e-16)
(1.00325 -1.24575e-16 3.00811e-16)
(1.00325 -1.49562e-16 3.08054e-16)
(1.0059 -1.27441e-16 3.07904e-16)
(1.0059 -1.45945e-16 3.04284e-16)
(1.00854 -1.29861e-16 3.08356e-16)
(1.00854 -1.51033e-16 3.26372e-16)
(1.01117 -1.25892e-16 3.27656e-16)
(1.01117 -1.3964e-16 3.22442e-16)
(1.01379 -1.37939e-16 3.43456e-16)
(1.01379 -1.31724e-16 3.03702e-16)
(1.0164 -1.4766e-16 3.37922e-16)
(1.0164 -1.17239e-16 3.02368e-16)
(1.019 -1.43055e-16 3.37914e-16)
(1.019 -8.78237e-17 2.8572e-16)
(1.02159 -1.46861e-16 3.14977e-16)
(1.02159 -8.62607e-17 2.95063e-16)
(1.02417 -1.47677e-16 3.0481e-16)
(1.02417 -1.00333e-16 2.91549e-16)
(1.02674 -1.495e-16 2.89466e-16)
(1.02674 -8.5889e-17 3.04831e-16)
(1.02929 -1.63836e-16 2.94448e-16)
(1.02929 -9.65605e-17 2.93684e-16)
(1.03183 -1.60438e-16 2.70125e-16)
(1.03183 -1.49157e-16 2.90447e-16)
(1.03435 -1.43724e-16 2.84085e-16)
(1.03435 -1.61183e-16 2.99841e-16)
(1.03687 -1.57789e-16 2.88695e-16)
(1.03687 -1.32969e-16 2.69312e-16)
(1.03937 -1.69163e-16 2.85832e-16)
(1.03937 -1.50357e-16 2.75024e-16)
(1.04185 -1.58344e-16 2.79142e-16)
(1.04185 -1.57325e-16 2.97929e-16)
(1.04432 -1.53514e-16 2.7747e-16)
(1.04432 -1.69504e-16 3.15372e-16)
(1.04677 -1.65543e-16 2.99961e-16)
(1.04677 -2.05899e-16 3.04293e-16)
(1.04921 -1.83769e-16 3.07139e-16)
(1.04921 -2.12394e-16 2.77741e-16)
(1.05163 -2.09274e-16 2.91751e-16)
(1.05163 -1.99455e-16 2.55761e-16)
(1.05403 -2.33032e-16 3.17598e-16)
(1.05403 -2.13409e-16 2.77476e-16)
(1.05642 -2.41376e-16 2.99662e-16)
(1.05642 -1.89329e-16 2.93551e-16)
(1.05878 -2.32902e-16 3.06655e-16)
(1.05878 -1.68385e-16 3.00949e-16)
(1.06112 -2.01056e-16 3.36542e-16)
(1.06112 -1.79391e-16 2.93788e-16)
(1.06345 -1.67897e-16 3.09619e-16)
(1.06345 -1.78004e-16 2.83198e-16)
(1.06575 -1.9729e-16 3.02168e-16)
(1.06575 -1.89607e-16 2.43724e-16)
(1.06802 -2.0809e-16 3.57909e-16)
(1.06802 -2.12764e-16 2.59801e-16)
(1.07028 -1.48923e-16 3.36956e-16)
(1.07028 -2.04242e-16 3.04262e-16)
(1.0725 -1.89567e-16 2.92007e-16)
(1.0725 -1.82437e-16 2.96982e-16)
(1.0747 -2.00928e-16 3.45163e-16)
(1.0747 -2.09277e-16 3.06201e-16)
(1.07688 -2.31522e-16 3.81968e-16)
(1.07688 -2.43156e-16 3.37696e-16)
(1.07902 -2.47287e-16 3.7683e-16)
(1.07902 -2.07281e-16 3.33137e-16)
(1.08113 -2.76392e-16 3.79575e-16)
(1.08113 -2.06095e-16 2.90133e-16)
(1.08321 -2.8979e-16 3.77387e-16)
(1.08321 -2.45894e-16 3.35656e-16)
(1.08525 -2.74569e-16 3.57253e-16)
(1.08525 -2.27334e-16 3.86268e-16)
(1.08726 -2.64913e-16 4.05382e-16)
(1.08726 -2.48502e-16 3.78579e-16)
(1.08922 -2.46536e-16 3.71098e-16)
(1.08922 -2.3583e-16 4.18412e-16)
(1.09115 -1.97141e-16 3.44728e-16)
(1.09115 -1.69848e-16 4.26332e-16)
(1.09303 -1.1346e-16 3.00027e-16)
(1.09303 -1.89562e-16 4.02449e-16)
(1.09487 -1.16846e-16 2.74251e-16)
(1.09487 -2.13714e-16 3.34041e-16)
(1.09665 -1.4115e-16 3.17446e-16)
(1.09665 -1.83255e-16 2.75713e-16)
(1.09839 -9.32939e-17 2.87182e-16)
(1.09839 -2.00987e-16 2.72838e-16)
(1.10006 -1.11538e-16 2.66465e-16)
(1.10006 -1.9492e-16 2.83684e-16)
(1.10168 -9.89863e-17 3.97438e-16)
(1.10168 -1.2363e-16 1.94949e-16)
(1.10323 -9.91547e-17 4.40843e-16)
(1.10323 -1.28092e-16 1.6043e-16)
(1.10472 -1.57985e-16 3.92998e-16)
(1.10472 -1.44752e-16 1.40387e-16)
(1.10613 -2.21118e-16 4.1613e-16)
(1.10613 -1.26727e-16 1.39977e-16)
(1.10747 -1.95836e-16 3.56963e-16)
(1.10747 -1.72796e-16 1.44244e-16)
(1.10872 -2.25323e-16 3.12358e-16)
(1.10872 -1.93255e-16 1.09386e-16)
(1.10987 -2.38055e-16 2.39525e-16)
(1.10987 -2.43933e-16 1.46473e-16)
(1.11094 -2.47721e-16 1.62029e-16)
(1.11094 -1.75669e-16 1.11613e-16)
(1.1119 -1.84436e-16 9.41743e-17)
(1.1119 -1.55913e-16 1.32471e-16)
(1.11274 -1.66463e-16 9.97041e-17)
(1.11274 -2.56872e-16 1.29839e-16)
(1.11347 -1.62537e-16 1.35978e-16)
(1.11347 -2.6788e-16 1.25364e-16)
(1.11407 -1.62711e-16 1.85626e-16)
(1.11407 -1.93054e-16 1.34708e-16)
(1.11454 -1.59898e-16 1.44535e-16)
(1.11454 -1.17619e-16 1.02815e-16)
(1.11485 -1.43601e-16 1.28618e-16)
(1.11485 -2.07982e-16 9.02574e-17)
(1.11502 -1.43907e-16 8.70981e-17)
(1.11502 -1.22724e-16 9.46218e-17)
(1.11502 -1.87449e-16 -1.12748e-16)
(1.11502 -2.50201e-16 -1.38628e-16)
(1.11485 -2.57357e-16 -8.59979e-17)
(1.11485 -2.39272e-16 -6.45475e-17)
(1.11454 -2.10957e-16 -5.74143e-17)
(1.11454 -2.10903e-16 -8.31074e-17)
(1.11407 -1.87139e-16 -9.88232e-17)
(1.11407 -2.15828e-16 -6.87823e-17)
(1.11347 -1.70054e-16 -4.88364e-17)
(1.11347 -1.34931e-16 -9.87404e-17)
(1.11274 -1.90066e-16 -6.13133e-17)
(1.11274 -1.50336e-16 -1.20792e-16)
(1.1119 -1.71914e-16 -6.96798e-17)
(1.1119 -2.02684e-16 -1.56421e-16)
(1.11094 -1.79894e-16 -6.09238e-17)
(1.11094 -1.77641e-16 -9.30409e-17)
(1.10987 -1.93895e-16 -5.23744e-17)
(1.10987 -1.83568e-16 -9.97728e-17)
(1.10872 -1.73907e-16 -7.3006e-17)
(1.10872 -2.01891e-16 -1.63082e-16)
(1.10747 -1.62224e-16 -9.93529e-17)
(1.10747 -1.98058e-16 -1.0171e-16)
(1.10613 -1.6427e-16 -1.74687e-16)
(1.10613 -1.74987e-16 -1.10255e-16)
(1.10472 -1.96304e-16 -9.49775e-17)
(1.10472 -1.65012e-16 -7.70111e-17)
(1.10323 -1.95839e-16 -3.8183e-17)
(1.10323 -1.78844e-16 -3.7527e-17)
(1.10168 -1.79571e-16 -8.87364e-17)
(1.10168 -1.76928e-16 -5.16277e-17)
(1.10006 -1.12274e-16 -5.20384e-17)
(1.10006 -1.79238e-16 -6.30271e-17)
(1.09839 -1.65296e-16 -6.557e-17)
(1.09839 -1.74054e-16 -8.12064e-17)
(1.09665 -1.52994e-16 -6.07052e-17)
(1.09665 -1.39311e-16 -5.95044e-17)
(1.09487 -1.62268e-16 -7.51341e-17)
(1.09487 -1.47117e-16 -4.94884e-17)
(1.09303 -9.87375e-17 -3.46056e-17)
(1.09303 -1.09632e-16 -6.96652e-17)
(1.09115 -9.16827e-17 -3.80057e-17)
(1.09115 -1.32832e-16 -5.21091e-17)
(1.08922 -1.04791e-16 -4.80091e-17)
(1.08922 -1.39303e-16 -4.16977e-17)
(1.08726 -1.08432e-16 -4.69247e-17)
(1.08726 -6.7478e-17 -4.02305e-17)
(1.08525 -1.09531e-16 -5.39643e-17)
(1.08525 -5.32115e-17 -5.4454e-17)
(1.08321 -1.02632e-16 -3.66567e-17)
(1.08321 -8.94883e-17 -6.04362e-17)
(1.08113 -6.95086e-17 -2.45325e-17)
(1.08113 -1.11059e-16 -3.68907e-17)
(1.07902 -7.57948e-17 -6.98067e-17)
(1.07902 -8.62796e-17 -3.23075e-17)
(1.07688 -1.29263e-16 -8.7516e-17)
(1.07688 -1.11709e-16 -6.2637e-17)
(1.0747 -6.5904e-17 -4.44546e-17)
(1.0747 -1.33966e-16 -5.84496e-17)
(1.0725 -1.19388e-16 -3.66775e-17)
(1.0725 -1.20673e-16 -7.86512e-17)
(1.07028 -1.15892e-16 -1.05016e-16)
(1.07028 -1.2792e-16 -7.13249e-17)
(1.06802 -1.04159e-16 -7.69359e-17)
(1.06802 -1.20188e-16 -2.46917e-17)
(1.06575 -9.00217e-17 -8.89563e-17)
(1.06575 -1.24584e-16 -3.2303e-17)
(1.06345 -1.30537e-16 -1.15574e-16)
(1.06345 -1.33917e-16 -5.66611e-17)
(1.06112 -1.37697e-16 -7.909e-17)
(1.06112 -1.52371e-16 -7.87159e-17)
(1.05878 -1.65613e-16 -6.22691e-17)
(1.05878 -1.54561e-16 -6.66388e-17)
(1.05642 -1.57275e-16 -8.20052e-17)
(1.05642 -1.50838e-16 -8.37434e-17)
(1.05403 -1.47556e-16 -8.30138e-17)
(1.05403 -1.5958e-16 -8.61774e-17)
(1.05163 -1.64025e-16 -9.47817e-17)
(1.05163 -1.53337e-16 -8.99776e-17)
(1.04921 -1.55576e-16 -9.32433e-17)
(1.04921 -1.55648e-16 -8.33168e-17)
(1.04677 -1.43373e-16 -9.13576e-17)
(1.04677 -1.74322e-16 -7.88281e-17)
(1.04432 -1.56859e-16 -8.85478e-17)
(1.04432 -1.41225e-16 -5.50357e-17)
(1.04185 -1.49698e-16 -5.02091e-17)
(1.04185 -1.36838e-16 -4.67683e-17)
(1.03937 -1.29562e-16 -3.85204e-17)
(1.03937 -1.47347e-16 -3.75566e-17)
(1.03687 -1.37651e-16 -3.56324e-17)
(1.03687 -1.23739e-16 -1.1798e-17)
(1.03435 -1.32292e-16 -2.37774e-17)
(1.03435 -1.06867e-16 -1.56687e-17)
(1.03183 -1.21629e-16 -4.20381e-17)
(1.03183 -1.01917e-16 -4.35822e-17)
(1.02929 -1.01681e-16 -3.74422e-17)
(1.02929 -1.16737e-16 -5.20746e-17)
(1.02674 -1.02207e-16 -2.52594e-17)
(1.02674 -1.04997e-16 -3.22833e-17)
(1.02417 -1.04882e-16 -1.97146e-17)
(1.02417 -1.07654e-16 -3.85957e-17)
(1.02159 -9.96271e-17 -2.98305e-17)
(1.02159 -1.25417e-16 -2.70418e-17)
(1.019 -9.31679e-17 -4.28733e-17)
(1.019 -8.5658e-17 -3.30424e-17)
(1.0164 -9.47342e-17 -3.17223e-17)
(1.0164 -6.07879e-17 -3.38909e-17)
(1.01379 -8.10916e-17 -5.8251e-18)
(1.01379 -8.41633e-17 -4.17512e-17)
(1.01117 -7.35021e-17 -1.58412e-17)
(1.01117 -7.95345e-17 -5.3536e-17)
(1.00854 -7.54401e-17 -1.15222e-17)
(1.00854 -6.15102e-17 -5.39833e-17)
(1.0059 -6.90138e-17 -1.41424e-17)
(1.0059 -6.11966e-17 -5.59791e-17)
(1.00325 -5.64654e-17 -2.31818e-17)
(1.00325 -4.286e-17 -3.4846e-17)
(1.00059 -5.07074e-17 -1.45245e-17)
(1.00059 -4.27057e-17 -3.48031e-17)
(0.997918 -5.23046e-17 -9.14487e-18)
(0.997918 -6.68178e-17 -2.74734e-17)
(0.995238 -5.14715e-17 -5.6274e-18)
(0.995238 -4.56266e-17 -2.54764e-17)
(0.99255 -5.17426e-17 -1.48749e-17)
(0.99255 -6.02022e-17 -1.89496e-17)
(0.989853 -5.30333e-17 -2.52228e-17)
(0.989853 -6.30257e-17 -1.00436e-17)
(0.987147 -4.82747e-17 -2.27748e-17)
(0.987147 -7.87485e-17 -2.52125e-18)
(0.984433 -6.36562e-17 -2.68849e-17)
(0.984433 -6.54721e-17 -3.25154e-18)
(0.98171 -7.03333e-17 -2.64929e-17)
(0.98171 -4.73612e-17 -1.15672e-17)
(0.978979 -5.9637e-17 -3.2339e-17)
(0.978979 -3.97932e-17 -7.59604e-18)
(0.97624 -4.72449e-17 -3.00271e-17)
(0.97624 -2.32607e-17 -9.67168e-18)
(0.973493 -5.7882e-17 -2.30916e-17)
(0.973493 -3.75945e-17 -1.56177e-17)
(0.970739 -5.23668e-17 -1.33676e-17)
(0.970739 -3.25263e-17 -2.34833e-17)
(0.967976 -3.59143e-17 -1.92384e-17)
(0.967976 -5.09725e-17 -1.9346e-17)
(0.965205 -3.47733e-17 -1.1167e-17)
(0.965205 -3.89292e-17 -1.73541e-17)
(0.962427 -4.53581e-17 -4.35911e-18)
(0.962427 -4.5795e-17 -1.71777e-17)
(0.959641 -5.45246e-17 -3.7478e-18)
(0.959641 -5.57305e-17 -1.57694e-17)
(0.956847 -6.19459e-17 -2.55491e-18)
(0.956847 -5.94724e-17 -1.69946e-17)
(0.954046 -5.47807e-17 -3.12154e-18)
(0.954046 -5.43254e-17 -1.25532e-17)
(0.951237 -5.46379e-17 -3.0094e-18)
(0.951237 -4.72458e-17 -7.58649e-18)
(0.948421 -6.03746e-17 -2.98543e-18)
(0.948421 -6.135e-17 -1.01913e-17)
(0.945597 -5.86311e-17 -5.05857e-18)
(0.945597 -7.20442e-17 -1.49704e-17)
(0.942765 -4.21407e-17 -4.36628e-18)
(0.942765 -5.7626e-17 -1.28682e-17)
(0.939926 -5.19477e-17 -4.23317e-18)
(0.939926 -7.32769e-17 -1.15817e-17)
(0.937079 -4.57694e-17 -1.08717e-17)
(0.937079 -6.31018e-17 -9.45511e-18)
(0.934225 -4.83174e-17 -1.11671e-17)
(0.934225 -5.61525e-17 -9.37597e-18)
(0.931363 -5.87095e-17 -1.29717e-17)
(0.931363 -5.79892e-17 -1.00375e-17)
(0.928493 -4.97254e-17 -1.08752e-17)
(0.928493 -3.84244e-17 -1.07394e-17)
(0.925616 -4.76731e-17 -7.013e-18)
(0.925616 -3.90122e-17 -9.01743e-18)
(0.922731 -3.63959e-17 -6.63059e-18)
(0.922731 -4.5798e-17 -7.59699e-18)
(0.919838 -2.97443e-17 -6.10933e-18)
(0.919838 -4.37091e-17 -1.14145e-17)
(0.916937 -4.02444e-17 -6.10134e-18)
(0.916937 -4.53454e-17 -1.83379e-17)
(0.914028 -1.29224e-17 -6.53528e-18)
(0.914028 -4.84795e-17 -2.06749e-17)
(0.911111 -4.53825e-18 -1.03098e-17)
(0.911111 -4.28175e-17 -2.49616e-17)
(0.908186 -3.11001e-18 -1.55196e-17)
(0.908186 -3.45335e-17 -2.75974e-17)
(0.905252 -9.50246e-18 -1.71608e-17)
(0.905252 -5.08276e-17 -2.94519e-17)
(0.902311 -9.99134e-18 -1.54916e-17)
(0.902311 -3.76577e-17 -3.05966e-17)
(0.89936 -9.22308e-18 -1.46418e-17)
(0.89936 -3.37685e-17 -2.89417e-17)
(0.896402 -5.37249e-18 -1.64375e-17)
(0.896402 -3.16204e-17 -2.96077e-17)
(0.893434 -4.51876e-18 -1.6121e-17)
(0.893434 -3.05862e-17 -2.97513e-17)
(0.890458 -2.01491e-18 -1.70038e-17)
(0.890458 -2.76242e-17 -2.67121e-17)
(0.887472 -1.29589e-17 -1.71962e-17)
(0.887472 -1.88462e-17 -2.67509e-17)
(0.884478 -1.55611e-17 -1.37743e-17)
(0.884478 -2.03615e-17 -2.7506e-17)
(0.881474 -1.17875e-17 -1.0663e-17)
(0.881474 -2.16158e-17 -2.85701e-17)
(0.878461 -5.79487e-18 -1.02773e-17)
(0.878461 -2.39837e-17 -2.74526e-17)
(0.875438 -5.992e-18 -1.01446e-17)
(0.875438 -2.11527e-17 -2.5846e-17)
(0.872405 -1.28177e-17 -8.9178e-18)
(0.872405 -2.10726e-17 -2.57873e-17)
(0.869362 -8.54537e-18 -9.15033e-18)
(0.869362 -1.90598e-17 -2.62613e-17)
(0.866309 -1.15809e-17 -9.49767e-18)
(0.866309 -2.66152e-17 -2.7364e-17)
(0.863246 -1.17437e-17 -7.76785e-18)
(0.863246 -2.34813e-17 -2.738e-17)
(0.860173 -1.31076e-17 -6.70135e-18)
(0.860173 -1.65425e-17 -2.7142e-17)
(0.857088 -1.01951e-17 -6.39597e-18)
(0.857088 -1.48714e-17 -2.68143e-17)
(0.853992 -6.14217e-18 -6.14748e-18)
(0.853992 -2.14016e-17 -2.55395e-17)
(0.850886 -5.19368e-18 -5.77852e-18)
(0.850886 -2.05352e-17 -2.4353e-17)
(0.847767 -6.37267e-18 -6.32668e-18)
(0.847767 -1.97793e-17 -2.36999e-17)
(0.844637 -3.17085e-18 -6.8278e-18)
(0.844637 -2.19011e-17 -2.34441e-17)
(0.841495 -3.3616e-19 -7.84659e-18)
(0.841495 -1.71495e-17 -2.35599e-17)
(0.838341 4.85472e-19 -8.04626e-18)
(0.838341 -1.88691e-17 -2.35337e-17)
(0.835174 1.22603e-18 -6.98054e-18)
(0.835174 -2.3151e-17 -2.34682e-17)
(0.831994 3.03926e-18 -6.57268e-18)
(0.831994 -1.98706e-17 -2.27939e-17)
(0.828802 9.18441e-20 -6.85482e-18)
(0.828802 -2.42513e-17 -2.11198e-17)
(0.825596 1.8613e-19 -8.22007e-18)
(0.825596 -1.78432e-17 -2.12474e-17)
(0.822376 -2.73019e-18 -8.87309e-18)
(0.822376 -1.63933e-17 -2.07688e-17)
(0.819142 -2.1735e-18 -8.54587e-18)
(0.819142 -1.96512e-17 -1.95373e-17)
(0.815893 -4.33678e-18 -9.13134e-18)
(0.815893 -1.7468e-17 -1.96432e-17)
(0.81263 -2.62159e-18 -8.9594e-18)
(0.81263 -1.89889e-17 -2.03005e-17)
(0.809352 -6.53399e-18 -9.51572e-18)
(0.809352 -1.94122e-17 -1.98483e-17)
(0.806058 -6.37974e-18 -1.07534e-17)
(0.806058 -7.79589e-18 -1.76668e-17)
(0.802748 -7.02401e-18 -1.0364e-17)
(0.802748 -2.10206e-17 -1.67419e-17)
(0.799422 -8.10059e-18 -9.27511e-18)
(0.799422 -1.50429e-17 -1.5993e-17)
(0.796079 -4.00506e-18 -9.45632e-18)
(0.796079 -1.16505e-17 -1.48113e-17)
(0.792719 -4.41712e-18 -9.90159e-18)
(0.792719 -1.2188e-17 -1.38017e-17)
(0.789342 -3.42558e-18 -1.01185e-17)
(0.789342 -1.19241e-17 -1.25803e-17)
(0.785946 -4.75831e-18 -9.90402e-18)
(0.785946 -1.73424e-17 -1.22939e-17)
(0.782532 -5.8059e-18 -1.03493e-17)
(0.782532 -1.47516e-17 -1.20161e-17)
(0.779099 -5.61154e-18 -1.09308e-17)
(0.779099 -1.62743e-17 -1.09958e-17)
(0.775647 -6.86045e-18 -1.08536e-17)
(0.775647 -1.52124e-17 -9.87033e-18)
(0.772174 -6.38451e-18 -1.01507e-17)
(0.772174 -1.20744e-17 -9.23605e-18)
(0.768681 -4.01e-18 -9.9598e-18)
(0.768681 -1.21157e-17 -9.23263e-18)
(0.765167 -5.92369e-19 -1.03988e-17)
(0.765167 -1.34223e-17 -9.39352e-18)
(0.761631 -5.33355e-19 -1.13001e-17)
(0.761631 -6.6104e-18 -8.80512e-18)
(0.758072 -5.94052e-18 -1.101e-17)
(0.758072 -1.21529e-17 -8.17994e-18)
(0.754491 -5.0478e-18 -9.98689e-18)
(0.754491 -1.13421e-17 -7.93706e-18)
(0.750886 -5.08054e-18 -9.55037e-18)
(0.750886 -1.03466e-17 -7.85757e-18)
(0.747257 -6.11226e-18 -9.57181e-18)
(0.747257 -7.68971e-18 -7.61195e-18)
(0.743602 -7.2594e-18 -9.06076e-18)
(0.743602 -8.95732e-18 -7.5268e-18)
(0.739922 -7.64388e-18 -8.67687e-18)
(0.739922 -8.57227e-18 -7.66495e-18)
(0.736216 -8.33812e-18 -8.70853e-18)
(0.736216 -7.36279e-18 -7.41977e-18)
(0.732483 -4.00852e-18 -8.26679e-18)
(0.732483 -1.07287e-17 -7.28731e-18)
(0.728721 -1.61063e-18 -8.116e-18)
(0.728721 -1.20513e-17 -7.28919e-18)
(0.724931 -1.25485e-18 -8.42613e-18)
(0.724931 -1.21512e-17 -7.1758e-18)
(0.72111 -2.36249e-18 -8.7371e-18)
(0.72111 -1.34117e-17 -7.61526e-18)
(0.71726 1.23617e-18 -9.20976e-18)
(0.71726 -1.45244e-17 -7.76483e-18)
(0.713378 -4.72328e-19 -9.527e-18)
(0.713378 -7.40585e-18 -7.11295e-18)
(0.709463 -7.71766e-19 -9.17983e-18)
(0.709463 -1.27887e-17 -6.96823e-18)
(0.705515 -9.37887e-19 -8.99982e-18)
(0.705515 -1.232e-17 -6.78313e-18)
(0.701532 -3.03448e-18 -8.88872e-18)
(0.701532 -1.18256e-17 -6.69108e-18)
(0.697514 -3.57313e-18 -8.90434e-18)
(0.697514 -1.20051e-17 -6.69499e-18)
(0.693459 -4.05976e-18 -8.9836e-18)
(0.693459 -1.11084e-17 -6.66345e-18)
(0.689366 -4.35776e-18 -9.14459e-18)
(0.689366 -1.18096e-17 -6.46578e-18)
(0.685234 -3.5381e-18 -9.14169e-18)
(0.685234 -1.36129e-17 -6.16359e-18)
(0.681062 -3.23051e-18 -8.97e-18)
(0.681062 -1.18242e-17 -6.01966e-18)
(0.676848 -3.81309e-18 -8.92486e-18)
(0.676848 -1.17451e-17 -5.9624e-18)
(0.672591 -4.45238e-18 -8.92703e-18)
(0.672591 -1.2779e-17 -5.85375e-18)
(0.668289 -4.6574e-18 -8.99152e-18)
(0.668289 -1.27609e-17 -5.78725e-18)
(0.663941 -5.09946e-18 -9.02116e-18)
(0.663941 -1.30104e-17 -5.80137e-18)
(0.659546 -6.27728e-18 -8.9974e-18)
(0.659546 -1.33439e-17 -5.63564e-18)
(0.655102 -6.73114e-18 -8.87685e-18)
(0.655102 -8.24362e-18 -5.38631e-18)
(0.650607 -6.16353e-18 -8.59545e-18)
(0.650607 -1.1443e-17 -5.31201e-18)
(0.64606 -6.21243e-18 -8.24474e-18)
(0.64606 -7.76427e-18 -5.33025e-18)
(0.641458 -6.78658e-18 -8.01134e-18)
(0.641458 -5.51034e-18 -5.27755e-18)
(0.6368 -7.57674e-18 -7.87088e-18)
(0.6368 -6.37477e-18 -5.32322e-18)
(0.632084 -5.89688e-18 -7.71636e-18)
(0.632084 -6.07662e-18 -5.20021e-18)
(0.627307 -4.38912e-18 -7.50358e-18)
(0.627307 -7.95359e-18 -5.06513e-18)
(0.622468 -4.94161e-18 -7.38613e-18)
(0.622468 -9.30139e-18 -4.99684e-18)
(0.617564 -2.66767e-18 -7.36107e-18)
(0.617564 -9.13151e-18 -4.77643e-18)
(0.612592 -1.60054e-18 -7.37655e-18)
(0.612592 -9.56322e-18 -4.7671e-18)
(0.607552 -1.56893e-18 -7.55438e-18)
(0.607552 -9.56176e-18 -4.71419e-18)
(0.602439 -1.36337e-18 -7.6801e-18)
(0.602439 -6.95044e-18 -4.57797e-18)
(0.597251 -9.49199e-19 -7.73331e-18)
(0.597251 -9.91184e-18 -4.47169e-18)
(0.591986 -1.0102e-18 -7.65203e-18)
(0.591986 -6.78594e-18 -4.48429e-18)
(0.58664 -3.03543e-18 -7.65624e-18)
(0.58664 -7.1812e-18 -4.41209e-18)
(0.58121 -1.80971e-18 -7.66139e-18)
(0.58121 -6.65839e-18 -4.30612e-18)
(0.575694 -1.85196e-18 -7.65508e-18)
(0.575694 -6.73447e-18 -4.25712e-18)
(0.570088 -1.67747e-18 -7.57563e-18)
(0.570088 -5.40266e-18 -4.33659e-18)
(0.564388 -2.01201e-18 -7.4849e-18)
(0.564388 -5.52427e-18 -4.25918e-18)
(0.558591 -2.05525e-18 -7.4819e-18)
(0.558591 -5.03283e-18 -4.16798e-18)
(0.552693 -2.48423e-18 -7.56367e-18)
(0.552693 -4.16482e-18 -4.19805e-18)
(0.54669 -2.88832e-18 -7.49658e-18)
(0.54669 -4.36187e-18 -4.33983e-18)
(0.540579 -2.59997e-18 -7.46304e-18)
(0.540579 -4.2365e-18 -4.44661e-18)
(0.534355 -2.85827e-18 -7.5424e-18)
(0.534355 -3.51483e-18 -4.4947e-18)
(0.528014 -2.81885e-18 -7.63601e-18)
(0.528014 -4.43565e-18 -4.51446e-18)
(0.521552 -2.21223e-18 -7.62247e-18)
(0.521552 -4.58218e-18 -4.55301e-18)
(0.514963 -1.84259e-18 -7.59891e-18)
(0.514963 -4.21752e-18 -4.63529e-18)
(0.508244 -2.76209e-18 -7.68241e-18)
(0.508244 -4.25424e-18 -4.69311e-18)
(0.50139 -2.49869e-18 -7.76644e-18)
(0.50139 -3.75846e-18 -4.67933e-18)
(0.494396 -2.36709e-18 -7.78803e-18)
(0.494396 -3.18473e-18 -4.672e-18)
(0.487258 -1.81341e-18 -7.78512e-18)
(0.487258 -2.56921e-18 -4.69182e-18)
(0.47997 -9.84911e-19 -7.82158e-18)
(0.47997 -2.06082e-18 -4.80376e-18)
(0.472529 -3.48604e-18 -7.89537e-18)
(0.472529 -2.12181e-18 -4.88025e-18)
(0.46493 -2.21753e-18 -7.93212e-18)
(0.46493 -1.87024e-18 -4.92097e-18)
(0.457168 -2.10908e-18 -7.92237e-18)
(0.457168 -1.83791e-18 -4.98941e-18)
(0.44924 -2.20782e-18 -7.94714e-18)
(0.44924 -1.30418e-18 -5.03319e-18)
(0.441143 -2.91274e-18 -7.93156e-18)
(0.441143 -7.9338e-19 -5.12804e-18)
(0.432873 -2.98049e-18 -7.85328e-18)
(0.432873 -7.8089e-19 -5.21637e-18)
(0.424428 -2.79078e-18 -7.8259e-18)
(0.424428 -4.59451e-19 -5.23619e-18)
(0.415808 -2.52849e-18 -7.84317e-18)
(0.415808 4.87384e-20 -5.23313e-18)
(0.407012 -3.26984e-18 -7.83602e-18)
(0.407012 5.08354e-20 -5.26789e-18)
(0.39804 -2.55967e-18 -7.79158e-18)
(0.39804 -7.7546e-20 -5.3189e-18)
(0.388895 -2.74425e-18 -7.76877e-18)
(0.388895 -2.47797e-19 -5.34766e-18)
(0.379582 -2.45816e-18 -7.73421e-18)
(0.379582 -1.22398e-19 -5.3617e-18)
(0.370104 -2.1218e-18 -7.71952e-18)
(0.370104 4.35978e-19 -5.36164e-18)
(0.360472 -1.93273e-18 -7.68332e-18)
(0.360472 5.9451e-19 -5.37339e-18)
(0.350692 -1.82157e-18 -7.61101e-18)
(0.350692 4.8363e-19 -5.41307e-18)
(0.340778 -2.09989e-18 -7.54027e-18)
(0.340778 1.14783e-18 -5.40895e-18)
(0.330744 -2.22797e-18 -7.46035e-18)
(0.330744 1.23299e-18 -5.39078e-18)
(0.320603 -1.92069e-18 -7.36314e-18)
(0.320603 9.81298e-19 -5.36207e-18)
(0.310376 -1.76765e-18 -7.25445e-18)
(0.310376 1.01278e-18 -5.33255e-18)
(0.300079 -1.78354e-18 -7.14481e-18)
(0.300079 1.04866e-18 -5.29345e-18)
(0.289734 -1.25194e-18 -7.01288e-18)
(0.289734 1.06238e-18 -5.25717e-18)
(0.279361 -2.06294e-18 -6.85724e-18)
(0.279361 6.9342e-19 -5.17915e-18)
(0.268982 -1.42142e-18 -6.69859e-18)
(0.268982 6.04213e-19 -5.07352e-18)
(0.258618 -1.19981e-18 -6.54787e-18)
(0.258618 5.82335e-19 -4.97177e-18)
(0.248289 -7.29102e-19 -6.40096e-18)
(0.248289 3.49228e-19 -4.85311e-18)
(0.238015 -6.38832e-19 -6.23784e-18)
(0.238015 1.86767e-19 -4.73467e-18)
(0.227814 -6.00883e-19 -6.06732e-18)
(0.227814 2.4439e-19 -4.61244e-18)
(0.217701 -5.62191e-19 -5.89909e-18)
(0.217701 2.98068e-19 -4.48446e-18)
(0.207691 -5.09533e-19 -5.73278e-18)
(0.207691 2.11674e-19 -4.35595e-18)
(0.197797 -5.28789e-19 -5.55932e-18)
(0.197797 1.19643e-19 -4.22007e-18)
(0.188028 -5.1983e-19 -5.38077e-18)
(0.188028 6.91484e-20 -4.07841e-18)
(0.178394 -4.00543e-19 -5.20289e-18)
(0.178394 1.03328e-20 -3.94251e-18)
(0.1689 -2.14178e-19 -5.03049e-18)
(0.1689 -7.51033e-21 -3.81259e-18)
(0.159551 -4.98357e-19 -4.86683e-18)
(0.159551 3.15024e-20 -3.68626e-18)
(0.150352 -2.60773e-19 -4.70354e-18)
(0.150352 -3.09787e-20 -3.55226e-18)
(0.141303 -2.36025e-19 -4.53986e-18)
(0.141303 -2.07027e-20 -3.42744e-18)
(0.132407 -2.10344e-19 -4.38299e-18)
(0.132407 -9.17837e-21 -3.30905e-18)
(0.123664 -1.78073e-19 -4.23254e-18)
(0.123664 -1.18719e-19 -3.18603e-18)
(0.115073 -1.60795e-19 -4.08406e-18)
(0.115073 -1.09798e-19 -3.06834e-18)
(0.106633 -1.52163e-19 -3.94068e-18)
(0.106633 -9.83196e-20 -2.95682e-18)
(0.098343 -2.27162e-19 -3.80174e-18)
(0.098343 -6.25764e-20 -2.84916e-18)
(0.0902011 -1.97955e-19 -3.66531e-18)
(0.0902011 -3.01715e-20 -2.7437e-18)
(0.0822053 -1.81821e-19 -3.53203e-18)
(0.0822053 -8.76345e-21 -2.64265e-18)
(0.0743534 -1.59456e-19 -3.40431e-18)
(0.0743534 6.53004e-21 -2.54631e-18)
(0.0666433 -1.42462e-19 -3.28261e-18)
(0.0666433 7.11076e-21 -2.45297e-18)
(0.0590725 -1.28397e-19 -3.16428e-18)
(0.0590725 4.17513e-20 -2.36415e-18)
(0.0516387 -1.08329e-19 -3.04911e-18)
(0.0516387 4.61605e-20 -2.27771e-18)
(0.0443396 -6.73864e-20 -2.9381e-18)
(0.0443396 3.1101e-20 -2.19488e-18)
(0.0371726 -2.7543e-20 -2.83174e-18)
(0.0371726 1.42197e-20 -2.11597e-18)
(0.0301356 -1.95612e-20 -2.72927e-18)
(0.0301356 5.82862e-21 -2.03932e-18)
(0.0232262 -7.43084e-21 -2.6305e-18)
(0.0232262 5.58056e-21 -1.9654e-18)
(0.016442 -2.18405e-21 -2.53528e-18)
(0.016442 -2.48341e-21 -1.89424e-18)
(0.00978087 -4.30762e-22 -2.44343e-18)
(0.00978087 2.85888e-21 -1.82553e-18)
(0.00324054 -3.38257e-21 -6.15024e-19)
(0.00324054 -4.21007e-22 -2.10613e-19)
(1.11502 -1.83603e-16 1.80073e-16)
(1.11502 -1.31028e-16 7.7131e-17)
(1.11485 -1.96223e-16 1.50462e-16)
(1.11485 -1.35266e-16 8.02148e-17)
(1.11454 -1.84579e-16 1.00072e-16)
(1.11454 -1.661e-16 7.19682e-17)
(1.11407 -1.73769e-16 6.63154e-17)
(1.11407 -2.00975e-16 1.12091e-16)
(1.11347 -1.38104e-16 1.08603e-16)
(1.11347 -1.46877e-16 1.29331e-16)
(1.11274 -1.68063e-16 7.75477e-17)
(1.11274 -1.78773e-16 1.15706e-16)
(1.1119 -1.81998e-16 1.35772e-16)
(1.1119 -1.38377e-16 2.65918e-17)
(1.11094 -1.94667e-16 7.95463e-17)
(1.11094 -1.74959e-16 6.04711e-17)
(1.10987 -1.9824e-16 6.71715e-17)
(1.10987 -1.84353e-16 7.88134e-17)
(1.10872 -1.9026e-16 1.23746e-16)
(1.10872 -1.70617e-16 4.89591e-17)
(1.10747 -1.93045e-16 1.41242e-16)
(1.10747 -1.62656e-16 8.54911e-17)
(1.10613 -1.34878e-16 1.10627e-16)
(1.10613 -1.4508e-16 1.21153e-16)
(1.10472 -1.41725e-16 5.7928e-17)
(1.10472 -1.21051e-16 6.08076e-17)
(1.10323 -1.43871e-16 4.14171e-17)
(1.10323 -1.77669e-16 4.53009e-17)
(1.10168 -1.09201e-16 4.2253e-17)
(1.10168 -1.61508e-16 4.61795e-17)
(1.10006 -1.46334e-16 6.38407e-17)
(1.10006 -1.58638e-16 5.81355e-17)
(1.09839 -1.50952e-16 5.54082e-17)
(1.09839 -1.50502e-16 5.57072e-17)
(1.09665 -1.34746e-16 5.3716e-17)
(1.09665 -1.56274e-16 5.32489e-17)
(1.09487 -1.33232e-16 6.84933e-17)
(1.09487 -1.58864e-16 7.10343e-17)
(1.09303 -1.28536e-16 1.05037e-16)
(1.09303 -8.20438e-17 4.55213e-17)
(1.09115 -1.33438e-16 6.44522e-17)
(1.09115 -7.0213e-17 7.27248e-17)
(1.08922 -9.58636e-17 4.4552e-17)
(1.08922 -1.17617e-16 6.78853e-17)
(1.08726 -9.56211e-17 3.93887e-17)
(1.08726 -1.14926e-16 7.80686e-17)
(1.08525 -5.38684e-17 4.79716e-17)
(1.08525 -1.28166e-16 7.12756e-17)
(1.08321 -1.06309e-16 4.02819e-17)
(1.08321 -1.23255e-16 3.88459e-17)
(1.08113 -1.19618e-16 3.7617e-17)
(1.08113 -9.90024e-17 4.64214e-17)
(1.07902 -1.23139e-16 5.89306e-17)
(1.07902 -1.00974e-16 2.99701e-17)
(1.07688 -1.30519e-16 7.34748e-17)
(1.07688 -1.17883e-16 3.3852e-17)
(1.0747 -1.32559e-16 4.74896e-17)
(1.0747 -1.48355e-16 3.84625e-17)
(1.0725 -1.47214e-16 7.59886e-17)
(1.0725 -1.1479e-16 2.98364e-17)
(1.07028 -5.67429e-17 4.17672e-17)
(1.07028 -8.48396e-17 4.94015e-17)
(1.06802 -1.05083e-16 4.2629e-17)
(1.06802 -1.22884e-16 4.81647e-17)
(1.06575 -9.35044e-17 3.75117e-17)
(1.06575 -1.48281e-16 3.1064e-17)
(1.06345 -4.70091e-17 4.69782e-17)
(1.06345 -1.44155e-16 3.70255e-17)
(1.06112 -9.77128e-17 6.80629e-17)
(1.06112 -1.17827e-16 3.2787e-17)
(1.05878 -7.14464e-17 5.77322e-17)
(1.05878 -1.07785e-16 6.91012e-17)
(1.05642 -7.69416e-17 9.18333e-17)
(1.05642 -7.24091e-17 3.21665e-17)
(1.05403 -6.27546e-17 9.37516e-17)
(1.05403 -9.63807e-17 7.40553e-17)
(1.05163 -5.78911e-17 1.07574e-16)
(1.05163 -9.60787e-17 7.32844e-17)
(1.04921 -6.68367e-17 1.21847e-16)
(1.04921 -9.62866e-17 5.51656e-17)
(1.04677 -8.53729e-17 1.23472e-16)
(1.04677 -1.09145e-16 6.04727e-17)
(1.04432 -9.77216e-17 1.09686e-16)
(1.04432 -7.50177e-17 5.80425e-17)
(1.04185 -1.27919e-16 8.14543e-17)
(1.04185 -7.03699e-17 3.03702e-17)
(1.03937 -1.22836e-16 5.4904e-17)
(1.03937 -1.06701e-16 1.84498e-17)
(1.03687 -1.23496e-16 4.73826e-17)
(1.03687 -1.14769e-16 1.93849e-17)
(1.03435 -1.1417e-16 5.19898e-17)
(1.03435 -9.22466e-17 3.5596e-17)
(1.03183 -9.25252e-17 7.35863e-17)
(1.03183 -1.10999e-16 4.06907e-17)
(1.02929 -8.58931e-17 7.09296e-17)
(1.02929 -8.04691e-17 4.87283e-17)
(1.02674 -1.00747e-16 5.07185e-17)
(1.02674 -6.08301e-17 6.07833e-17)
(1.02417 -8.58783e-17 6.46524e-17)
(1.02417 -1.15042e-16 3.78547e-17)
(1.02159 -5.48147e-17 6.56487e-17)
(1.02159 -1.20442e-16 3.69134e-17)
(1.019 -4.3707e-17 9.58073e-17)
(1.019 -7.86652e-17 3.31065e-17)
(1.0164 -6.67806e-17 9.5427e-17)
(1.0164 -8.72522e-17 3.96737e-17)
(1.01379 -8.35874e-17 8.19439e-17)
(1.01379 -9.80377e-17 4.18964e-17)
(1.01117 -1.12503e-16 7.83047e-17)
(1.01117 -8.86536e-17 5.53282e-17)
(1.00854 -1.18815e-16 7.61353e-17)
(1.00854 -8.28339e-17 6.28901e-17)
(1.0059 -1.02767e-16 8.23031e-17)
(1.0059 -9.34556e-17 4.63965e-17)
(1.00325 -1.02492e-16 7.38282e-17)
(1.00325 -5.81323e-17 5.02333e-17)
(1.00059 -1.04481e-16 6.04752e-17)
(1.00059 -5.81789e-17 5.2294e-17)
(0.997918 -9.3019e-17 5.22375e-17)
(0.997918 -6.62255e-17 5.51142e-17)
(0.995238 -7.78864e-17 5.02888e-17)
(0.995238 -6.39754e-17 4.35927e-17)
(0.99255 -7.50673e-17 5.51366e-17)
(0.99255 -7.90787e-17 3.50893e-17)
(0.989853 -7.31589e-17 4.83307e-17)
(0.989853 -7.19989e-17 2.92132e-17)
(0.987147 -6.30852e-17 4.07694e-17)
(0.987147 -8.00629e-17 2.80817e-17)
(0.984433 -6.19857e-17 4.28045e-17)
(0.984433 -6.60861e-17 3.19207e-17)
(0.98171 -6.55518e-17 4.13988e-17)
(0.98171 -5.25164e-17 2.99265e-17)
(0.978979 -6.5707e-17 4.00668e-17)
(0.978979 -5.19602e-17 2.41379e-17)
(0.97624 -6.0396e-17 3.68278e-17)
(0.97624 -6.60221e-17 2.08418e-17)
(0.973493 -6.38507e-17 3.19704e-17)
(0.973493 -7.32917e-17 1.98436e-17)
(0.970739 -7.92705e-17 2.69186e-17)
(0.970739 -7.91651e-17 2.33885e-17)
(0.967976 -7.00465e-17 1.27129e-17)
(0.967976 -8.69741e-17 2.70535e-17)
(0.965205 -6.18169e-17 1.69107e-17)
(0.965205 -7.97383e-17 1.85216e-17)
(0.962427 -6.87036e-17 2.03783e-17)
(0.962427 -7.32825e-17 1.29352e-17)
(0.959641 -7.14066e-17 2.58328e-17)
(0.959641 -5.97282e-17 1.39629e-17)
(0.956847 -6.73976e-17 2.71862e-17)
(0.956847 -7.27237e-17 1.8141e-17)
(0.954046 -7.01858e-17 2.30614e-17)
(0.954046 -6.56102e-17 1.89143e-17)
(0.951237 -6.96675e-17 1.77747e-17)
(0.951237 -5.10041e-17 1.53271e-17)
(0.948421 -7.08105e-17 1.53908e-17)
(0.948421 -6.45257e-17 1.68506e-17)
(0.945597 -6.97106e-17 1.52733e-17)
(0.945597 -6.5562e-17 2.04195e-17)
(0.942765 -7.26012e-17 1.24969e-17)
(0.942765 -6.50973e-17 2.20899e-17)
(0.939926 -7.17166e-17 1.73884e-17)
(0.939926 -6.55455e-17 1.47747e-17)
(0.937079 -6.82484e-17 1.74726e-17)
(0.937079 -6.76029e-17 1.1054e-17)
(0.934225 -7.77957e-17 1.15546e-17)
(0.934225 -6.4747e-17 1.10702e-17)
(0.931363 -6.12855e-17 9.64431e-18)
(0.931363 -6.42229e-17 8.98882e-18)
(0.928493 -5.38815e-17 8.3791e-18)
(0.928493 -6.77227e-17 7.43442e-18)
(0.925616 -5.68058e-17 6.91046e-18)
(0.925616 -5.66686e-17 8.61977e-18)
(0.922731 -5.07917e-17 4.09121e-18)
(0.922731 -7.36921e-17 8.50203e-18)
(0.919838 -5.19988e-17 6.43462e-18)
(0.919838 -8.07948e-17 1.10305e-17)
(0.916937 -5.15307e-17 1.29474e-17)
(0.916937 -6.85598e-17 1.11781e-17)
(0.914028 -4.60562e-17 1.41745e-17)
(0.914028 -6.97501e-17 1.35763e-17)
(0.911111 -4.62363e-17 1.77367e-17)
(0.911111 -7.28076e-17 1.411e-17)
(0.908186 -4.71301e-17 1.95641e-17)
(0.908186 -7.3342e-17 1.41205e-17)
(0.905252 -4.72585e-17 2.06728e-17)
(0.905252 -6.73895e-17 1.36851e-17)
(0.902311 -4.43981e-17 1.92564e-17)
(0.902311 -7.54233e-17 1.24415e-17)
(0.89936 -3.61278e-17 1.668e-17)
(0.89936 -6.77465e-17 1.52198e-17)
(0.896402 -4.27549e-17 1.76863e-17)
(0.896402 -5.25081e-17 1.55104e-17)
(0.893434 -5.0612e-17 1.62477e-17)
(0.893434 -6.48178e-17 1.86256e-17)
(0.890458 -4.32358e-17 1.16604e-17)
(0.890458 -5.7152e-17 1.97596e-17)
(0.887472 -3.57893e-17 1.1742e-17)
(0.887472 -5.47033e-17 1.81142e-17)
(0.884478 -3.57244e-17 1.17593e-17)
(0.884478 -4.93897e-17 1.82222e-17)
(0.881474 -2.82951e-17 1.04733e-17)
(0.881474 -4.49241e-17 1.75684e-17)
(0.878461 -2.19848e-17 1.11097e-17)
(0.878461 -3.70945e-17 1.7146e-17)
(0.875438 -2.51777e-17 1.13561e-17)
(0.875438 -3.99805e-17 1.70708e-17)
(0.872405 -2.0371e-17 1.36664e-17)
(0.872405 -3.74655e-17 1.69982e-17)
(0.869362 -2.19663e-17 1.59483e-17)
(0.869362 -2.96089e-17 1.85204e-17)
(0.866309 -2.9189e-17 1.90928e-17)
(0.866309 -3.13749e-17 1.79373e-17)
(0.863246 -1.41944e-17 2.05453e-17)
(0.863246 -3.70963e-17 1.60834e-17)
(0.860173 -2.38755e-17 1.94248e-17)
(0.860173 -2.74726e-17 1.38847e-17)
(0.857088 -2.34368e-17 1.95221e-17)
(0.857088 -3.20833e-17 1.38689e-17)
(0.853992 -2.27083e-17 1.91436e-17)
(0.853992 -2.53362e-17 1.45906e-17)
(0.850886 -1.84176e-17 1.83067e-17)
(0.850886 -1.89684e-17 1.37491e-17)
(0.847767 -1.88938e-17 1.84156e-17)
(0.847767 -1.98831e-17 1.34177e-17)
(0.844637 -1.98324e-17 1.8201e-17)
(0.844637 -1.91142e-17 1.32108e-17)
(0.841495 -1.53075e-17 1.86668e-17)
(0.841495 -2.35863e-17 1.30611e-17)
(0.838341 -1.4689e-17 1.9577e-17)
(0.838341 -2.78813e-17 1.381e-17)
(0.835174 -1.50354e-17 2.00028e-17)
(0.835174 -1.93975e-17 1.3568e-17)
(0.831994 -2.19469e-17 2.03875e-17)
(0.831994 -2.38258e-17 1.34268e-17)
(0.828802 -2.67973e-17 1.9578e-17)
(0.828802 -1.96299e-17 1.26878e-17)
(0.825596 -2.98662e-17 2.0752e-17)
(0.825596 -1.46591e-17 1.18293e-17)
(0.822376 -2.99662e-17 2.08297e-17)
(0.822376 -2.14816e-17 1.20986e-17)
(0.819142 -3.15607e-17 1.96025e-17)
(0.819142 -1.93361e-17 1.17738e-17)
(0.815893 -2.99986e-17 2.01306e-17)
(0.815893 -1.70759e-17 9.84478e-18)
(0.81263 -2.97343e-17 2.14806e-17)
(0.81263 -1.90123e-17 9.53543e-18)
(0.809352 -2.87959e-17 2.14639e-17)
(0.809352 -1.80646e-17 9.69083e-18)
(0.806058 -2.68461e-17 2.0997e-17)
(0.806058 -1.8356e-17 9.8583e-18)
(0.802748 -2.40502e-17 2.02971e-17)
(0.802748 -1.35151e-17 1.00796e-17)
(0.799422 -2.15465e-17 1.97197e-17)
(0.799422 -1.24998e-17 8.76577e-18)
(0.796079 -1.85631e-17 1.99809e-17)
(0.796079 -1.26541e-17 8.60087e-18)
(0.792719 -2.24868e-17 1.99424e-17)
(0.792719 -1.73264e-17 9.22453e-18)
(0.789342 -2.07751e-17 1.91351e-17)
(0.789342 -1.59275e-17 9.82351e-18)
(0.785946 -2.21489e-17 1.79539e-17)
(0.785946 -1.76095e-17 9.56574e-18)
(0.782532 -2.17378e-17 1.70873e-17)
(0.782532 -1.73741e-17 9.84965e-18)
(0.779099 -1.56224e-17 1.68989e-17)
(0.779099 -1.82316e-17 1.00539e-17)
(0.775647 -1.05443e-17 1.6527e-17)
(0.775647 -1.48854e-17 1.03315e-17)
(0.772174 -6.84759e-18 1.62135e-17)
(0.772174 -1.68364e-17 1.00757e-17)
(0.768681 -7.15779e-18 1.63682e-17)
(0.768681 -1.6595e-17 9.89607e-18)
(0.765167 -4.33075e-18 1.69196e-17)
(0.765167 -1.92419e-17 9.67352e-18)
(0.761631 -3.3146e-18 1.7259e-17)
(0.761631 -2.10578e-17 9.66478e-18)
(0.758072 -4.45587e-18 1.73025e-17)
(0.758072 -2.00016e-17 9.1695e-18)
(0.754491 -3.87985e-19 1.78043e-17)
(0.754491 -1.61652e-17 8.3786e-18)
(0.750886 -9.8173e-18 1.76706e-17)
(0.750886 -1.64234e-17 8.05942e-18)
(0.747257 -1.11202e-17 1.73164e-17)
(0.747257 -1.57014e-17 7.9367e-18)
(0.743602 -1.23941e-17 1.65178e-17)
(0.743602 -1.20871e-17 7.88426e-18)
(0.739922 -1.25099e-17 1.61089e-17)
(0.739922 -1.53974e-17 7.94185e-18)
(0.736216 -1.29735e-17 1.56621e-17)
(0.736216 -1.94599e-17 7.85175e-18)
(0.732483 -1.32921e-17 1.47094e-17)
(0.732483 -1.60449e-17 7.82804e-18)
(0.728721 -1.34e-17 1.44355e-17)
(0.728721 -1.54822e-17 7.96251e-18)
(0.724931 -1.35565e-17 1.41562e-17)
(0.724931 -1.57367e-17 8.27492e-18)
(0.72111 -1.38492e-17 1.40917e-17)
(0.72111 -1.61776e-17 8.53609e-18)
(0.71726 -1.40751e-17 1.43082e-17)
(0.71726 -1.53884e-17 8.76195e-18)
(0.713378 -1.34649e-17 1.41509e-17)
(0.713378 -1.52746e-17 9.08029e-18)
(0.709463 -1.42345e-17 1.40688e-17)
(0.709463 -1.49884e-17 9.24059e-18)
(0.705515 -1.44925e-17 1.40089e-17)
(0.705515 -1.37784e-17 9.40794e-18)
(0.701532 -1.51937e-17 1.38151e-17)
(0.701532 -1.57415e-17 9.45142e-18)
(0.697514 -1.61596e-17 1.39133e-17)
(0.697514 -1.67364e-17 9.45835e-18)
(0.693459 -1.5531e-17 1.41412e-17)
(0.693459 -1.69228e-17 9.52194e-18)
(0.689366 -1.53952e-17 1.46504e-17)
(0.689366 -1.70047e-17 9.51556e-18)
(0.685234 -1.52705e-17 1.49427e-17)
(0.685234 -1.81506e-17 9.48635e-18)
(0.681062 -1.5408e-17 1.52124e-17)
(0.681062 -1.7631e-17 9.43497e-18)
(0.676848 -1.52007e-17 1.5727e-17)
(0.676848 -1.49497e-17 9.36212e-18)
(0.672591 -1.48171e-17 1.60788e-17)
(0.672591 -1.5359e-17 9.39393e-18)
(0.668289 -1.31582e-17 1.64088e-17)
(0.668289 -1.57253e-17 9.33044e-18)
(0.663941 -1.29616e-17 1.65873e-17)
(0.663941 -1.31874e-17 9.30663e-18)
(0.659546 -1.04256e-17 1.673e-17)
(0.659546 -1.17399e-17 9.29099e-18)
(0.655102 -9.99613e-18 1.68191e-17)
(0.655102 -9.26757e-18 9.30236e-18)
(0.650607 -9.45384e-18 1.68141e-17)
(0.650607 -5.94005e-18 9.17254e-18)
(0.64606 -1.26076e-17 1.65039e-17)
(0.64606 -7.56497e-18 9.01985e-18)
(0.641458 -1.29325e-17 1.65082e-17)
(0.641458 -5.1956e-18 8.79915e-18)
(0.6368 -1.3616e-17 1.64975e-17)
(0.6368 -3.70847e-18 8.62143e-18)
(0.632084 -1.1374e-17 1.60426e-17)
(0.632084 -7.01748e-18 8.48918e-18)
(0.627307 -9.88498e-18 1.58408e-17)
(0.627307 -7.51417e-18 8.30028e-18)
(0.622468 -9.51185e-18 1.56933e-17)
(0.622468 -8.75897e-18 8.15105e-18)
(0.617564 -8.45554e-18 1.5518e-17)
(0.617564 -8.29321e-18 7.95594e-18)
(0.612592 -7.38579e-18 1.5526e-17)
(0.612592 -7.35285e-18 7.79922e-18)
(0.607552 -7.9513e-18 1.54388e-17)
(0.607552 -5.78206e-18 7.69948e-18)
(0.602439 -9.5851e-18 1.52365e-17)
(0.602439 -3.82881e-18 7.60291e-18)
(0.597251 -9.93654e-18 1.49744e-17)
(0.597251 -3.4121e-18 7.46262e-18)
(0.591986 -9.95397e-18 1.47196e-17)
(0.591986 -3.25662e-18 7.25367e-18)
(0.58664 -1.03039e-17 1.44718e-17)
(0.58664 -3.30058e-18 7.07652e-18)
(0.58121 -9.50527e-18 1.43228e-17)
(0.58121 -3.05703e-18 6.86347e-18)
(0.575694 -8.33937e-18 1.42651e-17)
(0.575694 -2.12491e-18 6.6811e-18)
(0.570088 -7.36491e-18 1.40567e-17)
(0.570088 -5.0608e-18 6.4926e-18)
(0.564388 -5.7887e-18 1.39095e-17)
(0.564388 -4.34952e-18 6.3156e-18)
(0.558591 -3.91064e-18 1.39034e-17)
(0.558591 -4.79441e-18 6.17693e-18)
(0.552693 -2.00193e-18 1.39623e-17)
(0.552693 -4.70007e-18 6.02549e-18)
(0.54669 -1.36654e-18 1.40608e-17)
(0.54669 -3.10871e-18 5.94038e-18)
(0.540579 -2.11756e-18 1.40744e-17)
(0.540579 -2.17826e-18 5.88342e-18)
(0.534355 -2.38807e-18 1.40443e-17)
(0.534355 -2.9375e-18 5.75099e-18)
(0.528014 -2.43681e-18 1.40254e-17)
(0.528014 -3.17321e-18 5.62398e-18)
(0.521552 -3.14044e-18 1.39957e-17)
(0.521552 -3.3528e-18 5.6183e-18)
(0.514963 -3.50917e-18 1.40084e-17)
(0.514963 -2.77768e-18 5.61275e-18)
(0.508244 -3.33141e-18 1.40219e-17)
(0.508244 -1.51932e-18 5.53583e-18)
(0.50139 -3.12825e-18 1.39836e-17)
(0.50139 -1.56869e-18 5.47437e-18)
(0.494396 -2.84144e-18 1.39307e-17)
(0.494396 -2.1534e-18 5.41803e-18)
(0.487258 -2.42918e-18 1.39026e-17)
(0.487258 -2.11263e-18 5.39488e-18)
(0.47997 -2.12622e-18 1.39712e-17)
(0.47997 -1.9179e-18 5.35272e-18)
(0.472529 -2.20555e-18 1.40191e-17)
(0.472529 -2.30986e-18 5.30385e-18)
(0.46493 -2.09221e-18 1.40357e-17)
(0.46493 -2.25067e-18 5.27052e-18)
(0.457168 -2.34063e-18 1.40541e-17)
(0.457168 -2.12849e-18 5.25715e-18)
(0.44924 -2.29808e-18 1.40515e-17)
(0.44924 -1.07965e-18 5.26988e-18)
(0.441143 -1.69108e-18 1.41055e-17)
(0.441143 -1.26389e-18 5.26836e-18)
(0.432873 -1.88318e-18 1.41341e-17)
(0.432873 -9.08333e-19 5.28688e-18)
(0.424428 -1.76453e-18 1.41065e-17)
(0.424428 -1.39112e-18 5.30113e-18)
(0.415808 -1.41811e-18 1.40752e-17)
(0.415808 -1.29206e-18 5.25339e-18)
(0.407012 -1.36444e-18 1.40724e-17)
(0.407012 -1.06106e-18 5.22972e-18)
(0.39804 -1.14156e-18 1.40835e-17)
(0.39804 -8.62078e-19 5.24569e-18)
(0.388895 -1.15774e-18 1.40701e-17)
(0.388895 -7.03423e-19 5.24719e-18)
(0.379582 -1.77019e-18 1.40326e-17)
(0.379582 -6.33125e-19 5.22945e-18)
(0.370104 -2.52526e-18 1.39599e-17)
(0.370104 -4.68345e-19 5.20593e-18)
(0.360472 -2.76897e-18 1.38717e-17)
(0.360472 -1.12612e-19 5.20069e-18)
(0.350692 -2.64623e-18 1.37885e-17)
(0.350692 -2.2335e-19 5.17827e-18)
(0.340778 -2.22435e-18 1.36569e-17)
(0.340778 5.15718e-19 5.14123e-18)
(0.330744 -1.78326e-18 1.35127e-17)
(0.330744 6.15029e-20 5.08697e-18)
(0.320603 -1.84386e-18 1.33395e-17)
(0.320603 2.41828e-19 5.02924e-18)
(0.310376 -1.84629e-18 1.31551e-17)
(0.310376 1.4894e-19 4.97269e-18)
(0.300079 -1.71737e-18 1.29563e-17)
(0.300079 5.23648e-20 4.90747e-18)
(0.289734 -1.73369e-18 1.27494e-17)
(0.289734 -2.89884e-20 4.82628e-18)
(0.279361 -1.49296e-18 1.24899e-17)
(0.279361 -6.0657e-20 4.74743e-18)
(0.268982 -1.20232e-18 1.22073e-17)
(0.268982 4.12665e-20 4.65957e-18)
(0.258618 -1.09844e-18 1.19218e-17)
(0.258618 4.02266e-20 4.557e-18)
(0.248289 -1.05481e-18 1.1615e-17)
(0.248289 -5.29724e-20 4.4483e-18)
(0.238015 -1.07473e-18 1.13006e-17)
(0.238015 -2.10485e-19 4.34033e-18)
(0.227814 -1.01357e-18 1.09769e-17)
(0.227814 -8.05344e-20 4.23307e-18)
(0.217701 -7.71985e-19 1.06472e-17)
(0.217701 4.10251e-20 4.11795e-18)
(0.207691 -7.28954e-19 1.03175e-17)
(0.207691 1.06092e-20 3.99293e-18)
(0.197797 -6.80556e-19 9.97955e-18)
(0.197797 -2.49197e-19 3.87315e-18)
(0.188028 -5.62652e-19 9.63707e-18)
(0.188028 -1.69508e-19 3.75641e-18)
(0.178394 -4.6567e-19 9.30349e-18)
(0.178394 -1.77425e-19 3.63419e-18)
(0.1689 -3.99006e-19 8.98251e-18)
(0.1689 -1.37997e-19 3.51908e-18)
(0.159551 -4.12865e-19 8.67033e-18)
(0.159551 -2.68285e-19 3.39849e-18)
(0.150352 -4.21855e-19 8.35432e-18)
(0.150352 -3.24249e-19 3.28346e-18)
(0.141303 -3.16256e-19 8.05229e-18)
(0.141303 -2.08458e-19 3.17476e-18)
(0.132407 -2.84524e-19 7.7666e-18)
(0.132407 -3.23555e-20 3.06043e-18)
(0.123664 -3.10655e-19 7.48258e-18)
(0.123664 -1.63626e-19 2.95121e-18)
(0.115073 -2.66469e-19 7.20915e-18)
(0.115073 -6.77333e-20 2.84574e-18)
(0.106633 -2.4981e-19 6.94756e-18)
(0.106633 -6.06021e-20 2.74503e-18)
(0.098343 -2.322e-19 6.69519e-18)
(0.098343 -6.08111e-20 2.64654e-18)
(0.0902011 -1.80937e-19 6.44858e-18)
(0.0902011 4.57736e-20 2.55228e-18)
(0.0822053 -1.35944e-19 6.21126e-18)
(0.0822053 6.66539e-20 2.46096e-18)
(0.0743534 -1.2482e-19 5.98418e-18)
(0.0743534 4.66621e-20 2.37174e-18)
(0.0666433 -1.27995e-19 5.76485e-18)
(0.0666433 4.74755e-20 2.28508e-18)
(0.0590725 -1.25725e-19 5.55411e-18)
(0.0590725 8.89891e-21 2.20225e-18)
(0.0516387 -9.20279e-20 5.34997e-18)
(0.0516387 1.82533e-20 2.12291e-18)
(0.0443396 -3.64517e-20 5.15447e-18)
(0.0443396 5.13234e-21 2.04573e-18)
(0.0371726 -8.35618e-21 4.96757e-18)
(0.0371726 8.82275e-21 1.97165e-18)
(0.0301356 -7.35976e-21 4.78706e-18)
(0.0301356 3.56149e-21 1.90014e-18)
(0.0232262 -1.09382e-20 4.61296e-18)
(0.0232262 -2.61651e-21 1.83113e-18)
(0.016442 -1.13668e-20 4.44539e-18)
(0.016442 -3.39097e-21 1.76451e-18)
(0.00978087 -1.01129e-20 4.28384e-18)
(0.00978087 5.05641e-21 1.70049e-18)
(0.00324054 8.13587e-22 6.9247e-19)
(0.00324054 1.43568e-22 1.41803e-19)
)
;

boundaryField
{
    walls
    {
        type            fixedValue;
        value           uniform (0 0 0);
    }
    inlet
    {
        type            cyclic;
    }
    outlet
    {
        type            cyclic;
    }
    sides
    {
        type            empty;
    }
}


// ************************************************************************* //
