/*--------------------------------*- C++ -*----------------------------------*\
| =========                 |                                                 |
| \\      /  F ield         | OpenFOAM: The Open Source CFD Toolbox           |
|  \\    /   O peration     | Version:  2106                                  |
|   \\  /    A nd           | Website:  www.openfoam.com                      |
|    \\/     M anipulation  |                                                 |
\*---------------------------------------------------------------------------*/
FoamFile
{
    version     2.0;
    format      ascii;
    arch        "LSB;label=32;scalar=64";
    class       volScalarField;
    location    "10090";
    object      k;
}
// * * * * * * * * * * * * * * * * * * * * * * * * * * * * * * * * * * * * * //

dimensions      [0 2 -2 0 0 0 0];

internalField   nonuniform List<scalar> 
2000
(
3.42171e-07
3.42171e-07
5.92392e-08
5.92392e-08
8.11608e-08
8.11608e-08
2.52377e-07
2.52377e-07
6.52372e-07
6.52372e-07
1.40128e-06
1.40128e-06
2.64536e-06
2.64536e-06
4.55579e-06
4.55579e-06
7.32963e-06
7.32963e-06
1.11914e-05
1.11914e-05
1.63947e-05
1.63947e-05
2.32244e-05
2.32244e-05
3.1998e-05
3.1998e-05
4.30681e-05
4.30681e-05
5.68228e-05
5.68228e-05
7.36879e-05
7.36879e-05
9.41263e-05
9.41263e-05
0.000118638
0.000118638
0.000147759
0.000147759
0.000182056
0.000182056
0.000222123
0.000222123
0.000268574
0.000268574
0.000322031
0.000322031
0.000383112
0.000383112
0.000452415
0.000452415
0.000530497
0.000530497
0.000617856
0.000617856
0.000714906
0.000714906
0.00082195
0.00082195
0.000939165
0.000939165
0.00106658
0.00106658
0.00120404
0.00120404
0.00135126
0.00135126
0.00150773
0.00150773
0.00167282
0.00167282
0.00184573
0.00184573
0.00202552
0.00202552
0.00221118
0.00221118
0.00240161
0.00240161
0.0025957
0.0025957
0.0027923
0.0027923
0.00299033
0.00299033
0.00318873
0.00318873
0.00338652
0.00338652
0.00358281
0.00358281
0.0037768
0.0037768
0.00396778
0.00396778
0.00415515
0.00415515
0.0043384
0.0043384
0.00451714
0.00451714
0.00469102
0.00469102
0.00485981
0.00485981
0.00502333
0.00502333
0.00518145
0.00518145
0.00533413
0.00533413
0.00548134
0.00548134
0.00562311
0.00562311
0.00575949
0.00575949
0.00589058
0.00589058
0.00601647
0.00601647
0.00613728
0.00613728
0.00625315
0.00625315
0.00636422
0.00636422
0.00647065
0.00647065
0.00657258
0.00657258
0.00667017
0.00667017
0.00676358
0.00676358
0.00685297
0.00685297
0.00693848
0.00693848
0.00702028
0.00702028
0.00709849
0.00709849
0.00717328
0.00717328
0.00724478
0.00724478
0.00731311
0.00731311
0.00737842
0.00737842
0.00744082
0.00744082
0.00750044
0.00750044
0.00755738
0.00755738
0.00761177
0.00761177
0.00766369
0.00766369
0.00771325
0.00771325
0.00776055
0.00776055
0.00780567
0.00780567
0.00784871
0.00784871
0.00788973
0.00788973
0.00792883
0.00792883
0.00796607
0.00796607
0.00800153
0.00800153
0.00803527
0.00803527
0.00806735
0.00806735
0.00809784
0.00809784
0.00812679
0.00812679
0.00815426
0.00815426
0.00818029
0.00818029
0.00820493
0.00820493
0.00822824
0.00822824
0.00825026
0.00825026
0.00827102
0.00827102
0.00829056
0.00829056
0.00830893
0.00830893
0.00832616
0.00832616
0.00834227
0.00834227
0.00835731
0.00835731
0.00837131
0.00837131
0.00838428
0.00838428
0.00839626
0.00839626
0.00840727
0.00840727
0.00841734
0.00841734
0.00842649
0.00842649
0.00843474
0.00843474
0.00844211
0.00844211
0.00844862
0.00844862
0.00845428
0.00845428
0.00845912
0.00845912
0.00846315
0.00846315
0.00846639
0.00846639
0.00846884
0.00846884
0.00847052
0.00847052
0.00847145
0.00847145
0.00847163
0.00847163
0.00847108
0.00847108
0.0084698
0.0084698
0.00846781
0.00846781
0.00846512
0.00846512
0.00846172
0.00846172
0.00845764
0.00845764
0.00845287
0.00845287
0.00844742
0.00844742
0.0084413
0.0084413
0.00843451
0.00843451
0.00842706
0.00842706
0.00841895
0.00841895
0.00841019
0.00841019
0.00840077
0.00840077
0.00839071
0.00839071
0.00838
0.00838
0.00836864
0.00836864
0.00835664
0.00835664
0.008344
0.008344
0.00833072
0.00833072
0.00831679
0.00831679
0.00830223
0.00830223
0.00828702
0.00828702
0.00827117
0.00827117
0.00825467
0.00825467
0.00823754
0.00823754
0.00821975
0.00821975
0.00820132
0.00820132
0.00818223
0.00818223
0.00816249
0.00816249
0.0081421
0.0081421
0.00812104
0.00812104
0.00809933
0.00809933
0.00807694
0.00807694
0.00805389
0.00805389
0.00803015
0.00803015
0.00800574
0.00800574
0.00798065
0.00798065
0.00795486
0.00795486
0.00792838
0.00792838
0.0079012
0.0079012
0.00787331
0.00787331
0.00784471
0.00784471
0.00781539
0.00781539
0.00778534
0.00778534
0.00775456
0.00775456
0.00772304
0.00772304
0.00769077
0.00769077
0.00765775
0.00765775
0.00762397
0.00762397
0.00758941
0.00758941
0.00755408
0.00755408
0.00751795
0.00751795
0.00748103
0.00748103
0.00744331
0.00744331
0.00740477
0.00740477
0.00736541
0.00736541
0.00732521
0.00732521
0.00728417
0.00728417
0.00724228
0.00724228
0.00719952
0.00719952
0.00715589
0.00715589
0.00711138
0.00711138
0.00706597
0.00706597
0.00701965
0.00701965
0.00697241
0.00697241
0.00692425
0.00692425
0.00687515
0.00687515
0.0068251
0.0068251
0.00677408
0.00677408
0.0067221
0.0067221
0.00666912
0.00666912
0.00661515
0.00661515
0.00656018
0.00656018
0.00650418
0.00650418
0.00644715
0.00644715
0.00638909
0.00638909
0.00632997
0.00632997
0.00626978
0.00626978
0.00620853
0.00620853
0.0061462
0.0061462
0.00608277
0.00608277
0.00601825
0.00601825
0.00595262
0.00595262
0.00588587
0.00588587
0.00581801
0.00581801
0.00574903
0.00574903
0.00567891
0.00567891
0.00560768
0.00560768
0.00553531
0.00553531
0.00546182
0.00546182
0.0053872
0.0053872
0.00531148
0.00531148
0.00523465
0.00523465
0.00515673
0.00515673
0.00507773
0.00507773
0.00499769
0.00499769
0.00491661
0.00491661
0.00483454
0.00483454
0.00475152
0.00475152
0.00466758
0.00466758
0.00458277
0.00458277
0.00449716
0.00449716
0.00441082
0.00441082
0.00432381
0.00432381
0.00423625
0.00423625
0.00414822
0.00414822
0.00405985
0.00405985
0.00397128
0.00397128
0.00388265
0.00388265
0.00379414
0.00379414
0.00370594
0.00370594
0.00361828
0.00361828
0.0035314
0.0035314
0.00344558
0.00344558
0.00336114
0.00336114
0.00327841
0.00327841
0.00319779
0.00319779
0.00311969
0.00311969
0.0030446
0.0030446
0.00297303
0.00297303
0.00290554
0.00290554
0.00284273
0.00284273
0.00278526
0.00278526
0.00273382
0.00273382
0.00268912
0.00268912
0.00265192
0.00265192
0.00262295
0.00262295
0.00260295
0.00260295
0.00259263
0.00259263
3.42171e-07
3.42171e-07
5.92392e-08
5.92392e-08
8.11608e-08
8.11608e-08
2.52377e-07
2.52377e-07
6.52372e-07
6.52372e-07
1.40128e-06
1.40128e-06
2.64536e-06
2.64536e-06
4.55579e-06
4.55579e-06
7.32963e-06
7.32963e-06
1.11914e-05
1.11914e-05
1.63947e-05
1.63947e-05
2.32244e-05
2.32244e-05
3.1998e-05
3.1998e-05
4.30681e-05
4.30681e-05
5.68228e-05
5.68228e-05
7.36879e-05
7.36879e-05
9.41263e-05
9.41263e-05
0.000118638
0.000118638
0.000147759
0.000147759
0.000182056
0.000182056
0.000222123
0.000222123
0.000268574
0.000268574
0.000322031
0.000322031
0.000383112
0.000383112
0.000452415
0.000452415
0.000530497
0.000530497
0.000617856
0.000617856
0.000714906
0.000714906
0.00082195
0.00082195
0.000939165
0.000939165
0.00106658
0.00106658
0.00120404
0.00120404
0.00135126
0.00135126
0.00150773
0.00150773
0.00167282
0.00167282
0.00184573
0.00184573
0.00202552
0.00202552
0.00221118
0.00221118
0.00240161
0.00240161
0.0025957
0.0025957
0.0027923
0.0027923
0.00299033
0.00299033
0.00318873
0.00318873
0.00338652
0.00338652
0.00358281
0.00358281
0.0037768
0.0037768
0.00396778
0.00396778
0.00415515
0.00415515
0.0043384
0.0043384
0.00451714
0.00451714
0.00469102
0.00469102
0.00485981
0.00485981
0.00502333
0.00502333
0.00518145
0.00518145
0.00533413
0.00533413
0.00548134
0.00548134
0.00562311
0.00562311
0.00575949
0.00575949
0.00589058
0.00589058
0.00601647
0.00601647
0.00613728
0.00613728
0.00625315
0.00625315
0.00636422
0.00636422
0.00647065
0.00647065
0.00657258
0.00657258
0.00667017
0.00667017
0.00676358
0.00676358
0.00685297
0.00685297
0.00693848
0.00693848
0.00702028
0.00702028
0.00709849
0.00709849
0.00717328
0.00717328
0.00724478
0.00724478
0.00731311
0.00731311
0.00737842
0.00737842
0.00744082
0.00744082
0.00750044
0.00750044
0.00755738
0.00755738
0.00761177
0.00761177
0.00766369
0.00766369
0.00771325
0.00771325
0.00776055
0.00776055
0.00780567
0.00780567
0.00784871
0.00784871
0.00788973
0.00788973
0.00792883
0.00792883
0.00796607
0.00796607
0.00800153
0.00800153
0.00803527
0.00803527
0.00806735
0.00806735
0.00809784
0.00809784
0.00812679
0.00812679
0.00815426
0.00815426
0.00818029
0.00818029
0.00820493
0.00820493
0.00822824
0.00822824
0.00825026
0.00825026
0.00827102
0.00827102
0.00829056
0.00829056
0.00830893
0.00830893
0.00832616
0.00832616
0.00834227
0.00834227
0.00835731
0.00835731
0.00837131
0.00837131
0.00838428
0.00838428
0.00839626
0.00839626
0.00840727
0.00840727
0.00841734
0.00841734
0.00842649
0.00842649
0.00843474
0.00843474
0.00844211
0.00844211
0.00844862
0.00844862
0.00845428
0.00845428
0.00845912
0.00845912
0.00846315
0.00846315
0.00846639
0.00846639
0.00846884
0.00846884
0.00847052
0.00847052
0.00847145
0.00847145
0.00847163
0.00847163
0.00847108
0.00847108
0.0084698
0.0084698
0.00846781
0.00846781
0.00846512
0.00846512
0.00846172
0.00846172
0.00845764
0.00845764
0.00845287
0.00845287
0.00844742
0.00844742
0.0084413
0.0084413
0.00843451
0.00843451
0.00842706
0.00842706
0.00841895
0.00841895
0.00841019
0.00841019
0.00840077
0.00840077
0.00839071
0.00839071
0.00838
0.00838
0.00836864
0.00836864
0.00835664
0.00835664
0.008344
0.008344
0.00833072
0.00833072
0.00831679
0.00831679
0.00830223
0.00830223
0.00828702
0.00828702
0.00827117
0.00827117
0.00825467
0.00825467
0.00823754
0.00823754
0.00821975
0.00821975
0.00820132
0.00820132
0.00818223
0.00818223
0.00816249
0.00816249
0.0081421
0.0081421
0.00812104
0.00812104
0.00809933
0.00809933
0.00807694
0.00807694
0.00805389
0.00805389
0.00803015
0.00803015
0.00800574
0.00800574
0.00798065
0.00798065
0.00795486
0.00795486
0.00792838
0.00792838
0.0079012
0.0079012
0.00787331
0.00787331
0.00784471
0.00784471
0.00781539
0.00781539
0.00778534
0.00778534
0.00775456
0.00775456
0.00772304
0.00772304
0.00769077
0.00769077
0.00765775
0.00765775
0.00762397
0.00762397
0.00758941
0.00758941
0.00755408
0.00755408
0.00751795
0.00751795
0.00748103
0.00748103
0.00744331
0.00744331
0.00740477
0.00740477
0.00736541
0.00736541
0.00732521
0.00732521
0.00728417
0.00728417
0.00724228
0.00724228
0.00719952
0.00719952
0.00715589
0.00715589
0.00711138
0.00711138
0.00706597
0.00706597
0.00701965
0.00701965
0.00697241
0.00697241
0.00692425
0.00692425
0.00687515
0.00687515
0.0068251
0.0068251
0.00677408
0.00677408
0.0067221
0.0067221
0.00666912
0.00666912
0.00661515
0.00661515
0.00656018
0.00656018
0.00650418
0.00650418
0.00644715
0.00644715
0.00638909
0.00638909
0.00632997
0.00632997
0.00626978
0.00626978
0.00620853
0.00620853
0.0061462
0.0061462
0.00608277
0.00608277
0.00601825
0.00601825
0.00595262
0.00595262
0.00588587
0.00588587
0.00581801
0.00581801
0.00574903
0.00574903
0.00567891
0.00567891
0.00560768
0.00560768
0.00553531
0.00553531
0.00546182
0.00546182
0.0053872
0.0053872
0.00531148
0.00531148
0.00523465
0.00523465
0.00515673
0.00515673
0.00507773
0.00507773
0.00499769
0.00499769
0.00491661
0.00491661
0.00483454
0.00483454
0.00475152
0.00475152
0.00466758
0.00466758
0.00458277
0.00458277
0.00449716
0.00449716
0.00441082
0.00441082
0.00432381
0.00432381
0.00423625
0.00423625
0.00414822
0.00414822
0.00405985
0.00405985
0.00397128
0.00397128
0.00388265
0.00388265
0.00379414
0.00379414
0.00370594
0.00370594
0.00361828
0.00361828
0.0035314
0.0035314
0.00344558
0.00344558
0.00336114
0.00336114
0.00327841
0.00327841
0.00319779
0.00319779
0.00311969
0.00311969
0.0030446
0.0030446
0.00297303
0.00297303
0.00290554
0.00290554
0.00284273
0.00284273
0.00278526
0.00278526
0.00273382
0.00273382
0.00268912
0.00268912
0.00265192
0.00265192
0.00262295
0.00262295
0.00260295
0.00260295
0.00259263
0.00259263
0.00259263
0.00259263
0.00260295
0.00260295
0.00262295
0.00262295
0.00265192
0.00265192
0.00268912
0.00268912
0.00273382
0.00273382
0.00278526
0.00278526
0.00284273
0.00284273
0.00290553
0.00290553
0.00297303
0.00297303
0.0030446
0.0030446
0.00311969
0.00311969
0.00319779
0.00319779
0.00327841
0.00327841
0.00336114
0.00336114
0.00344558
0.00344558
0.0035314
0.0035314
0.00361828
0.00361828
0.00370594
0.00370594
0.00379414
0.00379414
0.00388265
0.00388265
0.00397128
0.00397128
0.00405985
0.00405985
0.00414822
0.00414822
0.00423625
0.00423625
0.00432381
0.00432381
0.00441082
0.00441082
0.00449716
0.00449716
0.00458277
0.00458277
0.00466757
0.00466757
0.00475152
0.00475152
0.00483454
0.00483454
0.00491661
0.00491661
0.00499769
0.00499769
0.00507773
0.00507773
0.00515673
0.00515673
0.00523465
0.00523465
0.00531148
0.00531148
0.0053872
0.0053872
0.00546182
0.00546182
0.00553531
0.00553531
0.00560768
0.00560768
0.00567891
0.00567891
0.00574903
0.00574903
0.00581801
0.00581801
0.00588587
0.00588587
0.00595262
0.00595262
0.00601825
0.00601825
0.00608277
0.00608277
0.0061462
0.0061462
0.00620853
0.00620853
0.00626978
0.00626978
0.00632997
0.00632997
0.00638908
0.00638908
0.00644715
0.00644715
0.00650418
0.00650418
0.00656017
0.00656017
0.00661515
0.00661515
0.00666912
0.00666912
0.0067221
0.0067221
0.00677408
0.00677408
0.0068251
0.0068251
0.00687515
0.00687515
0.00692425
0.00692425
0.00697241
0.00697241
0.00701965
0.00701965
0.00706596
0.00706596
0.00711138
0.00711138
0.00715589
0.00715589
0.00719952
0.00719952
0.00724228
0.00724228
0.00728417
0.00728417
0.00732521
0.00732521
0.00736541
0.00736541
0.00740477
0.00740477
0.00744331
0.00744331
0.00748103
0.00748103
0.00751795
0.00751795
0.00755408
0.00755408
0.00758941
0.00758941
0.00762397
0.00762397
0.00765775
0.00765775
0.00769077
0.00769077
0.00772304
0.00772304
0.00775456
0.00775456
0.00778534
0.00778534
0.00781539
0.00781539
0.00784471
0.00784471
0.00787331
0.00787331
0.0079012
0.0079012
0.00792838
0.00792838
0.00795486
0.00795486
0.00798065
0.00798065
0.00800574
0.00800574
0.00803015
0.00803015
0.00805389
0.00805389
0.00807694
0.00807694
0.00809933
0.00809933
0.00812104
0.00812104
0.0081421
0.0081421
0.00816249
0.00816249
0.00818223
0.00818223
0.00820132
0.00820132
0.00821975
0.00821975
0.00823754
0.00823754
0.00825467
0.00825467
0.00827117
0.00827117
0.00828702
0.00828702
0.00830223
0.00830223
0.00831679
0.00831679
0.00833072
0.00833072
0.008344
0.008344
0.00835664
0.00835664
0.00836864
0.00836864
0.00838
0.00838
0.00839071
0.00839071
0.00840077
0.00840077
0.00841019
0.00841019
0.00841895
0.00841895
0.00842706
0.00842706
0.00843451
0.00843451
0.0084413
0.0084413
0.00844742
0.00844742
0.00845287
0.00845287
0.00845764
0.00845764
0.00846172
0.00846172
0.00846512
0.00846512
0.00846781
0.00846781
0.0084698
0.0084698
0.00847108
0.00847108
0.00847163
0.00847163
0.00847145
0.00847145
0.00847052
0.00847052
0.00846884
0.00846884
0.00846639
0.00846639
0.00846315
0.00846315
0.00845912
0.00845912
0.00845428
0.00845428
0.00844862
0.00844862
0.00844211
0.00844211
0.00843474
0.00843474
0.00842649
0.00842649
0.00841734
0.00841734
0.00840727
0.00840727
0.00839626
0.00839626
0.00838428
0.00838428
0.00837131
0.00837131
0.00835731
0.00835731
0.00834227
0.00834227
0.00832616
0.00832616
0.00830893
0.00830893
0.00829056
0.00829056
0.00827102
0.00827102
0.00825026
0.00825026
0.00822824
0.00822824
0.00820493
0.00820493
0.00818029
0.00818029
0.00815425
0.00815425
0.00812679
0.00812679
0.00809784
0.00809784
0.00806735
0.00806735
0.00803527
0.00803527
0.00800153
0.00800153
0.00796607
0.00796607
0.00792883
0.00792883
0.00788973
0.00788973
0.0078487
0.0078487
0.00780567
0.00780567
0.00776055
0.00776055
0.00771325
0.00771325
0.00766369
0.00766369
0.00761177
0.00761177
0.00755738
0.00755738
0.00750044
0.00750044
0.00744082
0.00744082
0.00737842
0.00737842
0.00731311
0.00731311
0.00724478
0.00724478
0.00717328
0.00717328
0.00709849
0.00709849
0.00702028
0.00702028
0.00693848
0.00693848
0.00685297
0.00685297
0.00676358
0.00676358
0.00667017
0.00667017
0.00657258
0.00657258
0.00647065
0.00647065
0.00636422
0.00636422
0.00625315
0.00625315
0.00613728
0.00613728
0.00601647
0.00601647
0.00589058
0.00589058
0.00575949
0.00575949
0.00562311
0.00562311
0.00548134
0.00548134
0.00533413
0.00533413
0.00518145
0.00518145
0.00502333
0.00502333
0.00485981
0.00485981
0.00469102
0.00469102
0.00451714
0.00451714
0.0043384
0.0043384
0.00415515
0.00415515
0.00396777
0.00396777
0.0037768
0.0037768
0.00358281
0.00358281
0.00338652
0.00338652
0.00318873
0.00318873
0.00299033
0.00299033
0.0027923
0.0027923
0.0025957
0.0025957
0.00240161
0.00240161
0.00221118
0.00221118
0.00202552
0.00202552
0.00184573
0.00184573
0.00167282
0.00167282
0.00150773
0.00150773
0.00135126
0.00135126
0.00120404
0.00120404
0.00106658
0.00106658
0.000939165
0.000939165
0.00082195
0.00082195
0.000714905
0.000714905
0.000617856
0.000617856
0.000530497
0.000530497
0.000452415
0.000452415
0.000383112
0.000383112
0.000322031
0.000322031
0.000268574
0.000268574
0.000222123
0.000222123
0.000182056
0.000182056
0.000147759
0.000147759
0.000118638
0.000118638
9.41263e-05
9.41263e-05
7.36879e-05
7.36879e-05
5.68228e-05
5.68228e-05
4.30681e-05
4.30681e-05
3.19981e-05
3.19981e-05
2.32244e-05
2.32244e-05
1.63947e-05
1.63947e-05
1.11914e-05
1.11914e-05
7.32962e-06
7.32962e-06
4.55579e-06
4.55579e-06
2.64536e-06
2.64536e-06
1.40128e-06
1.40128e-06
6.52373e-07
6.52373e-07
2.52378e-07
2.52378e-07
8.11611e-08
8.11611e-08
5.92396e-08
5.92396e-08
3.42173e-07
3.42173e-07
0.00259263
0.00259263
0.00260295
0.00260295
0.00262295
0.00262295
0.00265192
0.00265192
0.00268912
0.00268912
0.00273382
0.00273382
0.00278526
0.00278526
0.00284273
0.00284273
0.00290553
0.00290553
0.00297303
0.00297303
0.0030446
0.0030446
0.00311969
0.00311969
0.00319779
0.00319779
0.00327841
0.00327841
0.00336114
0.00336114
0.00344558
0.00344558
0.0035314
0.0035314
0.00361828
0.00361828
0.00370594
0.00370594
0.00379414
0.00379414
0.00388265
0.00388265
0.00397128
0.00397128
0.00405985
0.00405985
0.00414822
0.00414822
0.00423625
0.00423625
0.00432381
0.00432381
0.00441082
0.00441082
0.00449716
0.00449716
0.00458277
0.00458277
0.00466757
0.00466757
0.00475152
0.00475152
0.00483454
0.00483454
0.00491661
0.00491661
0.00499769
0.00499769
0.00507773
0.00507773
0.00515673
0.00515673
0.00523465
0.00523465
0.00531148
0.00531148
0.0053872
0.0053872
0.00546182
0.00546182
0.00553531
0.00553531
0.00560768
0.00560768
0.00567891
0.00567891
0.00574903
0.00574903
0.00581801
0.00581801
0.00588587
0.00588587
0.00595262
0.00595262
0.00601825
0.00601825
0.00608277
0.00608277
0.0061462
0.0061462
0.00620853
0.00620853
0.00626978
0.00626978
0.00632997
0.00632997
0.00638908
0.00638908
0.00644715
0.00644715
0.00650418
0.00650418
0.00656017
0.00656017
0.00661515
0.00661515
0.00666912
0.00666912
0.0067221
0.0067221
0.00677408
0.00677408
0.0068251
0.0068251
0.00687515
0.00687515
0.00692425
0.00692425
0.00697241
0.00697241
0.00701965
0.00701965
0.00706596
0.00706596
0.00711138
0.00711138
0.00715589
0.00715589
0.00719952
0.00719952
0.00724228
0.00724228
0.00728417
0.00728417
0.00732521
0.00732521
0.00736541
0.00736541
0.00740477
0.00740477
0.00744331
0.00744331
0.00748103
0.00748103
0.00751795
0.00751795
0.00755408
0.00755408
0.00758941
0.00758941
0.00762397
0.00762397
0.00765775
0.00765775
0.00769077
0.00769077
0.00772304
0.00772304
0.00775456
0.00775456
0.00778534
0.00778534
0.00781539
0.00781539
0.00784471
0.00784471
0.00787331
0.00787331
0.0079012
0.0079012
0.00792838
0.00792838
0.00795486
0.00795486
0.00798065
0.00798065
0.00800574
0.00800574
0.00803015
0.00803015
0.00805389
0.00805389
0.00807694
0.00807694
0.00809933
0.00809933
0.00812104
0.00812104
0.0081421
0.0081421
0.00816249
0.00816249
0.00818223
0.00818223
0.00820132
0.00820132
0.00821975
0.00821975
0.00823754
0.00823754
0.00825467
0.00825467
0.00827117
0.00827117
0.00828702
0.00828702
0.00830223
0.00830223
0.00831679
0.00831679
0.00833072
0.00833072
0.008344
0.008344
0.00835664
0.00835664
0.00836864
0.00836864
0.00838
0.00838
0.00839071
0.00839071
0.00840077
0.00840077
0.00841019
0.00841019
0.00841895
0.00841895
0.00842706
0.00842706
0.00843451
0.00843451
0.0084413
0.0084413
0.00844742
0.00844742
0.00845287
0.00845287
0.00845764
0.00845764
0.00846172
0.00846172
0.00846512
0.00846512
0.00846781
0.00846781
0.0084698
0.0084698
0.00847108
0.00847108
0.00847163
0.00847163
0.00847145
0.00847145
0.00847052
0.00847052
0.00846884
0.00846884
0.00846639
0.00846639
0.00846315
0.00846315
0.00845912
0.00845912
0.00845428
0.00845428
0.00844862
0.00844862
0.00844211
0.00844211
0.00843474
0.00843474
0.00842649
0.00842649
0.00841734
0.00841734
0.00840727
0.00840727
0.00839626
0.00839626
0.00838428
0.00838428
0.00837131
0.00837131
0.00835731
0.00835731
0.00834227
0.00834227
0.00832616
0.00832616
0.00830893
0.00830893
0.00829056
0.00829056
0.00827102
0.00827102
0.00825026
0.00825026
0.00822824
0.00822824
0.00820493
0.00820493
0.00818029
0.00818029
0.00815425
0.00815425
0.00812679
0.00812679
0.00809784
0.00809784
0.00806735
0.00806735
0.00803527
0.00803527
0.00800153
0.00800153
0.00796607
0.00796607
0.00792883
0.00792883
0.00788973
0.00788973
0.0078487
0.0078487
0.00780567
0.00780567
0.00776055
0.00776055
0.00771325
0.00771325
0.00766369
0.00766369
0.00761177
0.00761177
0.00755738
0.00755738
0.00750044
0.00750044
0.00744082
0.00744082
0.00737842
0.00737842
0.00731311
0.00731311
0.00724478
0.00724478
0.00717328
0.00717328
0.00709849
0.00709849
0.00702028
0.00702028
0.00693848
0.00693848
0.00685297
0.00685297
0.00676358
0.00676358
0.00667017
0.00667017
0.00657258
0.00657258
0.00647065
0.00647065
0.00636422
0.00636422
0.00625315
0.00625315
0.00613728
0.00613728
0.00601647
0.00601647
0.00589058
0.00589058
0.00575949
0.00575949
0.00562311
0.00562311
0.00548134
0.00548134
0.00533413
0.00533413
0.00518145
0.00518145
0.00502333
0.00502333
0.00485981
0.00485981
0.00469102
0.00469102
0.00451714
0.00451714
0.0043384
0.0043384
0.00415515
0.00415515
0.00396777
0.00396777
0.0037768
0.0037768
0.00358281
0.00358281
0.00338652
0.00338652
0.00318873
0.00318873
0.00299033
0.00299033
0.0027923
0.0027923
0.0025957
0.0025957
0.00240161
0.00240161
0.00221118
0.00221118
0.00202552
0.00202552
0.00184573
0.00184573
0.00167282
0.00167282
0.00150773
0.00150773
0.00135126
0.00135126
0.00120404
0.00120404
0.00106658
0.00106658
0.000939165
0.000939165
0.00082195
0.00082195
0.000714905
0.000714905
0.000617856
0.000617856
0.000530497
0.000530497
0.000452415
0.000452415
0.000383112
0.000383112
0.000322031
0.000322031
0.000268574
0.000268574
0.000222123
0.000222123
0.000182056
0.000182056
0.000147759
0.000147759
0.000118638
0.000118638
9.41263e-05
9.41263e-05
7.36879e-05
7.36879e-05
5.68228e-05
5.68228e-05
4.30681e-05
4.30681e-05
3.19981e-05
3.19981e-05
2.32244e-05
2.32244e-05
1.63947e-05
1.63947e-05
1.11914e-05
1.11914e-05
7.32962e-06
7.32962e-06
4.55579e-06
4.55579e-06
2.64536e-06
2.64536e-06
1.40128e-06
1.40128e-06
6.52373e-07
6.52373e-07
2.52378e-07
2.52378e-07
8.11611e-08
8.11611e-08
5.92396e-08
5.92396e-08
3.42173e-07
3.42173e-07
)
;

boundaryField
{
    walls
    {
        type            kqRWallFunction;
        value           nonuniform List<scalar> 8(3.42171e-07 3.42171e-07 3.42171e-07 3.42171e-07 3.42173e-07 3.42173e-07 3.42173e-07 3.42173e-07);
    }
    inlet
    {
        type            cyclic;
    }
    outlet
    {
        type            cyclic;
    }
    sides
    {
        type            empty;
    }
}


// ************************************************************************* //
