/*--------------------------------*- C++ -*----------------------------------*\
| =========                 |                                                 |
| \\      /  F ield         | OpenFOAM: The Open Source CFD Toolbox           |
|  \\    /   O peration     | Version:  2106                                  |
|   \\  /    A nd           | Website:  www.openfoam.com                      |
|    \\/     M anipulation  |                                                 |
\*---------------------------------------------------------------------------*/
FoamFile
{
    version     2.0;
    format      ascii;
    arch        "LSB;label=32;scalar=64";
    class       surfaceScalarField;
    location    "10090";
    object      phi;
}
// * * * * * * * * * * * * * * * * * * * * * * * * * * * * * * * * * * * * * //

dimensions      [0 3 -1 0 0 0 0];

oriented        oriented;

internalField   nonuniform List<scalar> 
3996
(
3.0002e-08
-4.96405e-18
-3.55273e-22
-7.96078e-22
7.31165e-24
9.2245e-08
-4.95834e-18
-1.98865e-21
-4.18413e-21
-3.14752e-22
1.57962e-07
-4.95251e-18
-2.04793e-21
-7.62825e-21
-3.32581e-22
2.27305e-07
-4.94655e-18
-2.11475e-21
-1.11028e-20
-3.51335e-22
3.0043e-07
-4.94035e-18
-2.18225e-21
-1.47681e-20
-3.71057e-22
3.77501e-07
-4.934e-18
-2.25068e-21
-1.847e-20
-3.91787e-22
4.58689e-07
-4.92751e-18
-2.32113e-21
-2.22097e-20
-4.13574e-22
5.44169e-07
-4.9207e-18
-2.39388e-21
-2.61493e-20
-4.36465e-22
6.34126e-07
-4.91366e-18
-2.46891e-21
-3.01462e-20
-4.60508e-22
7.28749e-07
-4.90653e-18
-2.54627e-21
-3.42928e-20
-4.85755e-22
8.28236e-07
-4.89958e-18
-2.62604e-21
-3.85314e-20
-5.12251e-22
9.32791e-07
-4.8917e-18
-2.70827e-21
-4.29461e-20
-5.40047e-22
1.04262e-06
-4.88391e-18
-2.79302e-21
-4.75813e-20
-5.69193e-22
1.15795e-06
-4.87563e-18
-2.88034e-21
-5.19843e-20
-5.99728e-22
1.279e-06
-4.86711e-18
-2.97023e-21
-5.65871e-20
-6.31689e-22
1.40599e-06
-4.85892e-18
-3.0627e-21
-6.12238e-20
-6.65117e-22
1.53916e-06
-4.85038e-18
-3.15766e-21
-6.58502e-20
-7.00042e-22
1.67874e-06
-4.84156e-18
-3.25503e-21
-7.08449e-20
-7.36478e-22
1.82496e-06
-4.83226e-18
-3.35466e-21
-7.56517e-20
-7.74424e-22
1.97807e-06
-4.82222e-18
-3.45631e-21
-8.0979e-20
-8.13874e-22
2.13828e-06
-4.81188e-18
-3.5597e-21
-8.7189e-20
-8.54734e-22
2.30581e-06
-4.8015e-18
-3.66442e-21
-9.28283e-20
-8.96892e-22
2.48087e-06
-4.79077e-18
-3.76994e-21
-9.88257e-20
-9.4026e-22
2.66366e-06
-4.77975e-18
-3.87564e-21
-1.04885e-19
-9.84683e-22
2.85434e-06
-4.76891e-18
-3.98076e-21
-1.10969e-19
-1.02996e-21
3.05305e-06
-4.75736e-18
-4.08442e-21
-1.17748e-19
-1.07585e-21
3.25992e-06
-4.74615e-18
-4.18569e-21
-1.23467e-19
-1.12206e-21
3.47502e-06
-4.73465e-18
-4.28347e-21
-1.29105e-19
-1.16826e-21
3.69839e-06
-4.723e-18
-4.37667e-21
-1.34655e-19
-1.21413e-21
3.93004e-06
-4.70934e-18
-4.46415e-21
-1.41589e-19
-1.25929e-21
4.16992e-06
-4.69646e-18
-4.54489e-21
-1.4725e-19
-1.30334e-21
4.41798e-06
-4.68345e-18
-4.61779e-21
-1.53617e-19
-1.34592e-21
4.67409e-06
-4.66996e-18
-4.68192e-21
-1.60602e-19
-1.38666e-21
4.93811e-06
-4.65662e-18
-4.73658e-21
-1.68172e-19
-1.42521e-21
5.20989e-06
-4.64334e-18
-4.78119e-21
-1.76358e-19
-1.46129e-21
5.48923e-06
-4.63023e-18
-4.81545e-21
-1.82642e-19
-1.49459e-21
5.77595e-06
-4.61839e-18
-4.83923e-21
-1.88279e-19
-1.52503e-21
6.06986e-06
-4.604e-18
-4.85258e-21
-1.94798e-19
-1.55249e-21
6.37075e-06
-4.59096e-18
-4.85595e-21
-2.00275e-19
-1.5769e-21
6.67847e-06
-4.57895e-18
-4.84967e-21
-2.06131e-19
-1.59831e-21
6.99284e-06
-4.56494e-18
-4.83428e-21
-2.12418e-19
-1.61673e-21
7.31374e-06
-4.55417e-18
-4.8105e-21
-2.18803e-19
-1.6323e-21
7.64104e-06
-4.5427e-18
-4.77883e-21
-2.25507e-19
-1.64507e-21
7.97467e-06
-4.52951e-18
-4.74003e-21
-2.31098e-19
-1.65529e-21
8.31457e-06
-4.51654e-18
-4.69499e-21
-2.38051e-19
-1.66316e-21
8.66069e-06
-4.50203e-18
-4.64425e-21
-2.44913e-19
-1.66894e-21
9.01305e-06
-4.48977e-18
-4.58859e-21
-2.50723e-19
-1.67267e-21
9.37166e-06
-4.47665e-18
-4.52832e-21
-2.56607e-19
-1.67448e-21
9.73656e-06
-4.46566e-18
-4.46402e-21
-2.63046e-19
-1.67471e-21
1.01078e-05
-4.45325e-18
-4.3962e-21
-2.70503e-19
-1.67332e-21
1.04855e-05
-4.44098e-18
-4.32527e-21
-2.77084e-19
-1.67008e-21
1.08698e-05
-4.42625e-18
-4.25163e-21
-2.83951e-19
-1.66545e-21
1.12607e-05
-4.41338e-18
-4.17567e-21
-2.89227e-19
-1.65947e-21
1.16585e-05
-4.40102e-18
-4.0977e-21
-2.96599e-19
-1.65181e-21
1.20631e-05
-4.38879e-18
-4.01778e-21
-3.00565e-19
-1.6426e-21
1.2475e-05
-4.38154e-18
-3.9364e-21
-3.04758e-19
-1.6321e-21
1.2894e-05
-4.37459e-18
-3.8533e-21
-3.07827e-19
-1.61985e-21
1.33206e-05
-4.36562e-18
-3.76846e-21
-3.12109e-19
-1.60628e-21
1.37548e-05
-4.35777e-18
-3.68246e-21
-3.16519e-19
-1.59118e-21
1.41968e-05
-4.34569e-18
-3.59559e-21
-3.24627e-19
-1.57452e-21
1.46469e-05
-4.33617e-18
-3.50778e-21
-3.29303e-19
-1.55638e-21
1.51053e-05
-4.3283e-18
-3.41851e-21
-3.32961e-19
-1.53711e-21
1.55721e-05
-4.32057e-18
-3.32794e-21
-3.31696e-19
-1.51661e-21
1.60476e-05
-4.31325e-18
-3.23719e-21
-3.35014e-19
-1.49521e-21
1.6532e-05
-4.30701e-18
-3.14587e-21
-3.38312e-19
-1.4718e-21
1.70256e-05
-4.30091e-18
-3.05419e-21
-3.37361e-19
-1.44581e-21
1.75285e-05
-4.29131e-18
-2.96217e-21
-3.41011e-19
-1.41769e-21
1.80411e-05
-4.28687e-18
-2.87037e-21
-3.42738e-19
-1.38719e-21
1.85636e-05
-4.28376e-18
-2.77767e-21
-3.38636e-19
-1.35365e-21
1.90961e-05
-4.2807e-18
-2.68419e-21
-3.42416e-19
-1.3191e-21
1.96391e-05
-4.27525e-18
-2.58941e-21
-3.46262e-19
-1.28267e-21
2.01926e-05
-4.277e-18
-2.49439e-21
-3.45108e-19
-1.24393e-21
2.07571e-05
-4.27144e-18
-2.39867e-21
-3.4943e-19
-1.20211e-21
2.13327e-05
-4.27088e-18
-2.30324e-21
-3.49117e-19
-1.15652e-21
2.19197e-05
-4.26504e-18
-2.20882e-21
-3.55453e-19
-1.10867e-21
2.25185e-05
-4.25821e-18
-2.11443e-21
-3.60466e-19
-1.05668e-21
2.31292e-05
-4.25423e-18
-2.01981e-21
-3.653e-19
-1.00156e-21
2.37522e-05
-4.24387e-18
-1.92302e-21
-3.67939e-19
-9.4392e-22
2.43878e-05
-4.24548e-18
-1.82812e-21
-3.62029e-19
-8.82172e-22
2.50363e-05
-4.23986e-18
-1.73127e-21
-3.67039e-19
-8.1998e-22
2.56979e-05
-4.23232e-18
-1.63401e-21
-3.69996e-19
-7.56661e-22
2.6373e-05
-4.22269e-18
-1.53694e-21
-3.72527e-19
-6.91238e-22
2.70619e-05
-4.21477e-18
-1.44001e-21
-3.78035e-19
-6.23188e-22
2.77649e-05
-4.21219e-18
-1.34274e-21
-3.76221e-19
-5.51905e-22
2.84823e-05
-4.21181e-18
-1.24533e-21
-3.75603e-19
-4.79302e-22
2.92145e-05
-4.2166e-18
-1.14475e-21
-3.7394e-19
-4.08522e-22
2.99618e-05
-4.21821e-18
-1.04256e-21
-3.73182e-19
-3.36172e-22
3.07245e-05
-4.21428e-18
-9.38925e-22
-3.73898e-19
-2.60762e-22
3.15031e-05
-4.21188e-18
-8.34164e-22
-3.73541e-19
-1.83492e-22
3.22978e-05
-4.21127e-18
-7.30863e-22
-3.76039e-19
-1.02612e-22
3.3109e-05
-4.20509e-18
-6.26582e-22
-3.82105e-19
-1.87266e-23
3.3937e-05
-4.20149e-18
-5.20901e-22
-3.83031e-19
7.06992e-23
3.47824e-05
-4.17951e-18
-4.15586e-22
-3.85704e-19
1.62417e-22
3.56454e-05
-4.17969e-18
-3.19257e-22
-3.91354e-19
2.61658e-22
3.65264e-05
-4.16656e-18
-2.25047e-22
-3.91887e-19
3.73782e-22
3.74258e-05
-4.16401e-18
-1.42408e-22
-4.00378e-19
4.92824e-22
3.83441e-05
-4.15466e-18
-6.28407e-23
-4.0955e-19
6.25409e-22
3.92817e-05
-4.14587e-18
1.1767e-23
-4.08514e-19
7.72786e-22
4.02389e-05
-4.13606e-18
7.81893e-23
-4.16826e-19
9.25198e-22
4.12162e-05
-4.11657e-18
1.35315e-22
-4.22947e-19
1.08586e-21
4.22141e-05
-4.10959e-18
1.73281e-22
-4.3784e-19
1.25469e-21
4.3233e-05
-4.08867e-18
1.97541e-22
-4.4748e-19
1.43125e-21
4.42733e-05
-4.08507e-18
2.08763e-22
-4.47639e-19
1.60934e-21
4.53356e-05
-4.09032e-18
2.08655e-22
-4.47422e-19
1.78859e-21
4.64202e-05
-4.10045e-18
2.04831e-22
-4.39008e-19
1.96684e-21
4.75277e-05
-4.10488e-18
1.92628e-22
-4.44805e-19
2.13626e-21
4.86587e-05
-4.10941e-18
1.77417e-22
-4.48408e-19
2.31403e-21
4.98134e-05
-4.1097e-18
1.64461e-22
-4.53434e-19
2.487e-21
5.09926e-05
-4.1046e-18
1.59276e-22
-4.58312e-19
2.66016e-21
5.21967e-05
-4.09387e-18
1.60397e-22
-4.64121e-19
2.83147e-21
5.34263e-05
-4.08765e-18
1.55778e-22
-4.75815e-19
3.00342e-21
5.46819e-05
-4.08109e-18
1.62507e-22
-4.88213e-19
3.17842e-21
5.5964e-05
-4.07856e-18
1.65198e-22
-4.99491e-19
3.35683e-21
5.72733e-05
-4.07104e-18
1.84294e-22
-5.12939e-19
3.52947e-21
5.86103e-05
-4.06136e-18
1.98681e-22
-5.26119e-19
3.69012e-21
5.99756e-05
-4.05293e-18
1.99084e-22
-5.42439e-19
3.85256e-21
6.13698e-05
-4.04736e-18
1.97799e-22
-5.5401e-19
4.0131e-21
6.27935e-05
-4.0245e-18
1.91526e-22
-5.5962e-19
4.18438e-21
6.42474e-05
-4.01528e-18
1.6912e-22
-5.71825e-19
4.34892e-21
6.5732e-05
-3.99676e-18
1.67716e-22
-5.91443e-19
4.49268e-21
6.72482e-05
-3.97905e-18
1.70503e-22
-6.08043e-19
4.62772e-21
6.87964e-05
-3.97305e-18
1.80918e-22
-6.21638e-19
4.7322e-21
7.03775e-05
-3.95197e-18
2.01249e-22
-6.47852e-19
4.82995e-21
7.1992e-05
-3.91828e-18
2.06122e-22
-6.66015e-19
4.96256e-21
7.36408e-05
-3.90739e-18
1.46117e-22
-6.82106e-19
5.12889e-21
7.53245e-05
-3.87477e-18
6.43162e-23
-7.13726e-19
5.3202e-21
7.70438e-05
-3.83717e-18
-7.58e-23
-7.61509e-19
5.52837e-21
7.87996e-05
-3.85168e-18
-2.8177e-22
-7.48964e-19
5.77674e-21
8.05926e-05
-3.85823e-18
-4.77978e-22
-7.28969e-19
5.98058e-21
8.24236e-05
-3.86283e-18
-6.68858e-22
-7.37094e-19
6.14937e-21
8.42933e-05
-3.85781e-18
-8.86771e-22
-7.40637e-19
6.3736e-21
8.62027e-05
-3.83406e-18
-1.10797e-21
-7.26669e-19
6.58352e-21
8.81524e-05
-3.82764e-18
-1.34907e-21
-7.25075e-19
6.71313e-21
9.01435e-05
-3.79356e-18
-1.56548e-21
-7.52258e-19
6.80315e-21
9.21767e-05
-3.78047e-18
-1.79254e-21
-7.66495e-19
6.95063e-21
9.4253e-05
-3.76483e-18
-1.99202e-21
-7.57379e-19
7.09561e-21
9.63732e-05
-3.7601e-18
-2.19925e-21
-7.73334e-19
7.14872e-21
9.85382e-05
-3.75907e-18
-2.32215e-21
-7.81666e-19
7.18628e-21
0.000100749
-3.73205e-18
-2.36415e-21
-8.06581e-19
7.18612e-21
0.000103007
-3.71852e-18
-2.47799e-21
-8.16793e-19
7.19832e-21
0.000105312
-3.68862e-18
-2.60036e-21
-8.48306e-19
7.14292e-21
0.000107666
-3.65919e-18
-2.74307e-21
-8.78923e-19
7.06395e-21
0.00011007
-3.63857e-18
-2.96581e-21
-9.1125e-19
7.01236e-21
0.000112525
-3.6116e-18
-3.13206e-21
-9.31405e-19
6.96307e-21
0.000115031
-3.58545e-18
-3.28979e-21
-9.68465e-19
6.86376e-21
0.000117591
-3.54878e-18
-3.4665e-21
-9.99906e-19
6.78833e-21
0.000120204
-3.53209e-18
-3.64085e-21
-1.02264e-18
6.65808e-21
0.000122873
-3.50825e-18
-3.77926e-21
-1.05252e-18
6.35602e-21
0.000125598
-3.45638e-18
-3.9434e-21
-1.10298e-18
5.98899e-21
0.000128381
-3.42717e-18
-4.22736e-21
-1.13307e-18
5.66679e-21
0.000131222
-3.35105e-18
-4.56959e-21
-1.1383e-18
5.39365e-21
0.000134123
-3.33586e-18
-5.12709e-21
-1.18993e-18
5.08613e-21
0.000137086
-3.34214e-18
-5.71342e-21
-1.19887e-18
4.74126e-21
0.00014011
-3.31634e-18
-6.11255e-21
-1.22861e-18
4.21701e-21
0.000143199
-3.28809e-18
-6.50247e-21
-1.25821e-18
3.69951e-21
0.000146352
-3.25976e-18
-6.87154e-21
-1.28717e-18
3.20936e-21
0.000149572
-3.2103e-18
-7.19445e-21
-1.31164e-18
2.72276e-21
0.00015286
-3.18368e-18
-7.62686e-21
-1.35773e-18
2.08808e-21
0.000156217
-3.15605e-18
-8.01566e-21
-1.3786e-18
1.4879e-21
0.000159644
-3.12779e-18
-8.43603e-21
-1.39152e-18
9.87426e-22
0.000163144
-3.08942e-18
-9.00427e-21
-1.41201e-18
5.66969e-22
0.000166716
-3.04644e-18
-9.45678e-21
-1.43107e-18
2.34858e-22
0.000170365
-3.01901e-18
-9.85912e-21
-1.43568e-18
1.34393e-22
0.000174089
-2.98092e-18
-1.00733e-20
-1.48896e-18
-1.67312e-22
0.000177892
-2.93288e-18
-1.02863e-20
-1.46536e-18
-3.61066e-22
0.000181774
-2.89633e-18
-1.0783e-20
-1.51468e-18
-8.1764e-22
0.000185738
-2.8936e-18
-1.13779e-20
-1.52665e-18
-1.39906e-21
0.000189785
-2.84407e-18
-1.1856e-20
-1.51813e-18
-1.91045e-21
0.000193917
-2.81817e-18
-1.23754e-20
-1.54078e-18
-2.44177e-21
0.000198135
-2.78237e-18
-1.26959e-20
-1.56878e-18
-3.00095e-21
0.000202442
-2.74758e-18
-1.30544e-20
-1.59332e-18
-3.44084e-21
0.000206838
-2.68966e-18
-1.33966e-20
-1.57149e-18
-3.81582e-21
0.000211327
-2.66807e-18
-1.39183e-20
-1.5922e-18
-4.31705e-21
0.000215909
-2.60571e-18
-1.42683e-20
-1.5891e-18
-4.78675e-21
0.000220587
-2.58684e-18
-1.49165e-20
-1.58351e-18
-5.43818e-21
0.000225362
-2.52037e-18
-1.5667e-20
-1.58818e-18
-6.15767e-21
0.000230237
-2.49928e-18
-1.65189e-20
-1.57814e-18
-7.03812e-21
0.000235214
-2.46993e-18
-1.70309e-20
-1.56672e-18
-8.19041e-21
0.000240294
-2.4604e-18
-1.72121e-20
-1.57982e-18
-9.5435e-21
0.00024548
-2.38552e-18
-1.68353e-20
-1.62913e-18
-1.12517e-20
0.000250773
-2.30537e-18
-1.61892e-20
-1.64227e-18
-1.18678e-20
0.000256177
-2.28038e-18
-1.6525e-20
-1.70971e-18
-1.22625e-20
0.000261693
-2.24461e-18
-1.69682e-20
-1.77015e-18
-1.23561e-20
0.000267324
-2.21169e-18
-1.73552e-20
-1.76721e-18
-1.22363e-20
0.000273071
-2.17243e-18
-1.72977e-20
-1.81315e-18
-1.31391e-20
0.000278937
-2.17048e-18
-1.67173e-20
-1.87508e-18
-1.41168e-20
0.000284925
-2.09777e-18
-1.6944e-20
-1.83138e-18
-1.41573e-20
0.000291036
-2.09699e-18
-1.71105e-20
-1.86146e-18
-1.51713e-20
0.000297274
-2.04582e-18
-1.68785e-20
-1.84894e-18
-1.59235e-20
0.00030364
-2.01739e-18
-1.77014e-20
-1.84124e-18
-1.71592e-20
0.000310138
-2.01071e-18
-1.9213e-20
-1.84265e-18
-1.73894e-20
0.000316769
-1.98078e-18
-2.07098e-20
-1.84857e-18
-1.78516e-20
0.000323538
-1.96571e-18
-2.19077e-20
-1.87108e-18
-1.83731e-20
0.000330445
-1.93522e-18
-2.32061e-20
-1.8963e-18
-1.9423e-20
0.000337494
-1.97713e-18
-2.3598e-20
-1.86491e-18
-2.02147e-20
0.000344688
-1.96152e-18
-2.30741e-20
-1.88164e-18
-2.13646e-20
0.000352029
-1.92951e-18
-2.28037e-20
-1.85885e-18
-2.11357e-20
0.00035952
-1.86458e-18
-2.31336e-20
-1.86891e-18
-2.16382e-20
0.000367164
-1.82781e-18
-2.2902e-20
-1.84553e-18
-2.1183e-20
0.000374964
-1.81055e-18
-2.36814e-20
-1.76105e-18
-2.12666e-20
0.000382923
-1.7724e-18
-2.40793e-20
-1.74254e-18
-2.13201e-20
0.000391045
-1.72843e-18
-2.25708e-20
-1.66699e-18
-1.99408e-20
0.000399331
-1.66569e-18
-2.00299e-20
-1.65218e-18
-2.00407e-20
0.000407785
-1.60568e-18
-1.87989e-20
-1.51073e-18
-2.00374e-20
0.00041641
-1.56794e-18
-1.87754e-20
-1.50224e-18
-1.95603e-20
0.00042521
-1.52372e-18
-1.79382e-20
-1.43539e-18
-1.83584e-20
0.000434187
-1.4588e-18
-1.82901e-20
-1.40365e-18
-1.80824e-20
0.000443345
-1.44779e-18
-2.09773e-20
-1.41089e-18
-1.94249e-20
0.000452687
-1.30229e-18
-2.01462e-20
-1.35444e-18
-2.04549e-20
0.000462216
-1.27241e-18
-2.33399e-20
-1.32385e-18
-2.13115e-20
0.000471936
-1.25181e-18
-2.62956e-20
-1.28212e-18
-2.01153e-20
0.00048185
-1.19222e-18
-2.9816e-20
-1.26804e-18
-1.71735e-20
0.000491961
-1.30582e-18
-3.35171e-20
-1.31493e-18
-1.57968e-20
0.000502273
-1.29718e-18
-3.60769e-20
-1.21841e-18
-1.29639e-20
0.000512789
-1.30038e-18
-3.63114e-20
-1.25982e-18
-1.60514e-20
0.000523513
-1.39427e-18
-3.54244e-20
-1.3498e-18
-1.64997e-20
0.000534448
-1.27245e-18
-3.22246e-20
-1.20856e-18
-1.14902e-20
0.000545597
-1.28242e-18
-3.54467e-20
-1.25426e-18
-1.4848e-20
0.000556964
-1.28781e-18
-3.90421e-20
-1.26235e-18
-2.1272e-20
0.000568552
-1.37055e-18
-4.45853e-20
-1.30259e-18
-3.04784e-20
0.000580366
-1.20308e-18
-4.024e-20
-1.37428e-18
-3.53169e-20
0.000592407
-1.2605e-18
-4.46376e-20
-1.26912e-18
-3.81805e-20
0.00060468
-1.32629e-18
-4.57248e-20
-1.3089e-18
-3.78501e-20
0.000617188
-1.35147e-18
-4.56293e-20
-1.16633e-18
-3.3179e-20
0.000629934
-1.37519e-18
-4.52864e-20
-1.20923e-18
-3.68279e-20
0.000642921
-1.1997e-18
-4.47921e-20
-1.29703e-18
-3.78016e-20
0.000656152
-1.22678e-18
-5.66318e-20
-1.25869e-18
-3.85969e-20
0.000669631
-1.16378e-18
-5.93202e-20
-1.25027e-18
-3.59594e-20
0.00068336
-1.24581e-18
-7.05399e-20
-1.29829e-18
-2.64114e-20
0.000697342
-1.19574e-18
-6.34962e-20
-1.2927e-18
-1.15586e-20
0.000711579
-1.06924e-18
-5.22836e-20
-1.17173e-18
-2.48533e-21
0.000726074
-9.99115e-19
-4.98691e-20
-1.20114e-18
1.02144e-21
0.000740829
-1.15894e-18
-5.39957e-20
-1.06834e-18
5.11292e-22
0.000755846
-1.17281e-18
-5.26217e-20
-1.16983e-18
-1.14686e-20
0.000771126
-1.1178e-18
-3.84602e-20
-1.21179e-18
-1.46209e-20
0.000786671
-1.24705e-18
-3.50189e-20
-1.24048e-18
-2.62766e-20
0.000802481
-1.18727e-18
-2.20757e-20
-1.28742e-18
-2.61871e-20
0.000818557
-1.11524e-18
-4.47169e-21
-1.21337e-18
-1.60868e-20
0.000834898
-1.21721e-18
-7.88048e-21
-1.08937e-18
-5.21143e-21
0.000851505
-1.22082e-18
-2.79854e-20
-1.13399e-18
-3.15769e-21
0.000868374
-1.23978e-18
-2.80906e-20
-1.01457e-18
-1.05443e-20
0.000885505
-1.23448e-18
-2.08541e-20
-1.05504e-18
-2.15363e-20
0.000902895
-1.03405e-18
-6.89623e-21
-1.0059e-18
-2.66207e-20
0.00092054
-9.9623e-19
-1.16078e-20
-9.67104e-19
-2.31843e-20
0.000938435
-9.2801e-19
-9.26548e-21
-9.38557e-19
-2.23997e-20
0.000956576
-8.1821e-19
-7.07723e-21
-1.0374e-18
-1.70765e-20
0.000974955
-1.05162e-18
-2.52955e-20
-8.81667e-19
7.22061e-22
0.000993566
-8.85113e-19
-2.73423e-21
-1.04353e-18
-2.24031e-21
0.0010124
-9.56418e-19
7.27314e-22
-8.66073e-19
2.27784e-20
0.00103145
2.83226e-20
-7.97358e-19
2.03424e-20
-9.18481e-19
3.0002e-08
-2.87619e-22
-5.67382e-23
9.2245e-08
-1.92676e-21
-7.06989e-22
1.57962e-07
-3.64342e-21
-1.37491e-21
2.27305e-07
-5.4147e-21
-2.0653e-21
3.0043e-07
-7.31646e-21
-2.74698e-21
3.77501e-07
-9.14435e-21
-3.47445e-21
4.58689e-07
-1.09682e-20
-4.32889e-21
5.44169e-07
-1.2802e-20
-5.33563e-21
6.34126e-07
-1.4562e-20
-6.35212e-21
7.28749e-07
-1.65407e-20
-7.2904e-21
8.28236e-07
-1.85519e-20
-8.36936e-21
9.32791e-07
-2.06522e-20
-9.55206e-21
1.04262e-06
-2.31668e-20
-1.06259e-20
1.15795e-06
-2.55447e-20
-1.15455e-20
1.279e-06
-2.76109e-20
-1.28396e-20
1.40599e-06
-2.97624e-20
-1.43311e-20
1.53916e-06
-3.21682e-20
-1.57811e-20
1.67874e-06
-3.45529e-20
-1.74571e-20
1.82496e-06
-3.69022e-20
-1.93149e-20
1.97807e-06
-3.98675e-20
-2.02446e-20
2.13828e-06
-4.26808e-20
-2.10111e-20
2.30581e-06
-4.56121e-20
-2.20309e-20
2.48087e-06
-4.86545e-20
-2.3714e-20
2.66366e-06
-5.16636e-20
-2.53678e-20
2.85434e-06
-5.47947e-20
-2.72736e-20
3.05305e-06
-5.82152e-20
-2.94863e-20
3.25992e-06
-6.10626e-20
-3.09187e-20
3.47502e-06
-6.46644e-20
-3.31609e-20
3.69839e-06
-6.78869e-20
-3.48958e-20
3.93004e-06
-7.16783e-20
-3.74513e-20
4.16992e-06
-7.53266e-20
-3.95736e-20
4.41798e-06
-7.88915e-20
-4.17709e-20
4.67409e-06
-8.26903e-20
-4.41977e-20
4.93811e-06
-8.6473e-20
-4.73211e-20
5.20989e-06
-9.04038e-20
-5.00501e-20
5.48923e-06
-9.36588e-20
-5.23786e-20
5.77595e-06
-9.73593e-20
-5.4407e-20
6.06986e-06
-1.01312e-19
-5.72076e-20
6.37075e-06
-1.04799e-19
-5.95235e-20
6.67847e-06
-1.08703e-19
-6.08692e-20
6.99284e-06
-1.11691e-19
-6.37965e-20
7.31374e-06
-1.1526e-19
-6.6499e-20
7.64104e-06
-1.18863e-19
-7.00805e-20
7.97467e-06
-1.23682e-19
-7.24634e-20
8.31457e-06
-1.2753e-19
-7.64712e-20
8.66069e-06
-1.32082e-19
-7.86514e-20
9.01305e-06
-1.3502e-19
-8.09862e-20
9.37166e-06
-1.37088e-19
-8.61728e-20
9.73656e-06
-1.41502e-19
-8.90649e-20
1.01078e-05
-1.45132e-19
-8.98656e-20
1.04855e-05
-1.48793e-19
-9.33408e-20
1.08698e-05
-1.5075e-19
-9.76172e-20
1.12607e-05
-1.5471e-19
-9.81413e-20
1.16585e-05
-1.56393e-19
-1.00902e-19
1.20631e-05
-1.59045e-19
-1.03393e-19
1.2475e-05
-1.61831e-19
-1.03814e-19
1.2894e-05
-1.63103e-19
-1.06538e-19
1.33206e-05
-1.66312e-19
-1.0783e-19
1.37548e-05
-1.7296e-19
-1.08471e-19
1.41968e-05
-1.76028e-19
-1.12002e-19
1.46469e-05
-1.77263e-19
-1.14592e-19
1.51053e-05
-1.79389e-19
-1.17824e-19
1.55721e-05
-1.86953e-19
-1.19321e-19
1.60476e-05
-1.8875e-19
-1.20478e-19
1.6532e-05
-1.90352e-19
-1.22415e-19
1.70256e-05
-1.92175e-19
-1.22559e-19
1.75285e-05
-1.94865e-19
-1.26349e-19
1.80411e-05
-1.96235e-19
-1.27254e-19
1.85636e-05
-2.00135e-19
-1.31567e-19
1.90961e-05
-2.00388e-19
-1.34276e-19
1.96391e-05
-2.02525e-19
-1.39495e-19
2.01926e-05
-2.07362e-19
-1.39544e-19
2.07571e-05
-2.08224e-19
-1.39016e-19
2.13327e-05
-2.17697e-19
-1.42747e-19
2.19197e-05
-2.17473e-19
-1.45427e-19
2.25185e-05
-2.16343e-19
-1.45682e-19
2.31292e-05
-2.12359e-19
-1.48489e-19
2.37522e-05
-2.18442e-19
-1.49356e-19
2.43878e-05
-2.19925e-19
-1.51126e-19
2.50363e-05
-2.20178e-19
-1.53362e-19
2.56979e-05
-2.19744e-19
-1.53587e-19
2.6373e-05
-2.19304e-19
-1.52789e-19
2.70619e-05
-2.19072e-19
-1.52214e-19
2.77649e-05
-2.20687e-19
-1.53052e-19
2.84823e-05
-2.12492e-19
-1.63615e-19
2.92145e-05
-2.12843e-19
-1.63528e-19
2.99618e-05
-2.07247e-19
-1.63482e-19
3.07245e-05
-1.97914e-19
-1.69476e-19
3.15031e-05
-2.01819e-19
-1.69445e-19
3.22978e-05
-2.03747e-19
-1.70179e-19
3.3109e-05
-1.99589e-19
-1.67045e-19
3.3937e-05
-2.0197e-19
-1.69045e-19
3.47824e-05
-2.04828e-19
-1.65143e-19
3.56454e-05
-2.08454e-19
-1.56248e-19
3.65264e-05
-2.13699e-19
-1.53905e-19
3.74258e-05
-2.08586e-19
-1.479e-19
3.83441e-05
-2.02053e-19
-1.43403e-19
3.92817e-05
-2.01251e-19
-1.44467e-19
4.02389e-05
-1.99596e-19
-1.46883e-19
4.12162e-05
-2.04353e-19
-1.43707e-19
4.22141e-05
-2.11607e-19
-1.43591e-19
4.3233e-05
-2.04081e-19
-1.49524e-19
4.42733e-05
-2.06198e-19
-1.46306e-19
4.53356e-05
-2.01551e-19
-1.4223e-19
4.64202e-05
-2.10181e-19
-1.44271e-19
4.75277e-05
-2.09232e-19
-1.392e-19
4.86587e-05
-2.06777e-19
-1.42792e-19
4.98134e-05
-2.0228e-19
-1.3122e-19
5.09926e-05
-2.03404e-19
-1.26473e-19
5.21967e-05
-2.13878e-19
-1.21657e-19
5.34263e-05
-2.03767e-19
-1.12775e-19
5.46819e-05
-2.0637e-19
-1.03099e-19
5.5964e-05
-1.8697e-19
-1.02288e-19
5.72733e-05
-1.86688e-19
-1.05057e-19
5.86103e-05
-1.88117e-19
-9.71925e-20
5.99756e-05
-1.75409e-19
-9.83751e-20
6.13698e-05
-1.75754e-19
-8.21531e-20
6.27935e-05
-1.80982e-19
-7.59483e-20
6.42474e-05
-1.70862e-19
-7.95798e-20
6.5732e-05
-1.63873e-19
-7.37804e-20
6.72482e-05
-1.51733e-19
-7.84885e-20
6.87964e-05
-1.46921e-19
-6.71065e-20
7.03775e-05
-1.38964e-19
-4.95508e-20
7.1992e-05
-1.48655e-19
-2.91127e-20
7.36408e-05
-1.45e-19
-1.56396e-20
7.53245e-05
-1.40464e-19
-2.77547e-20
7.70438e-05
-1.2814e-19
-3.74823e-20
7.87996e-05
-1.19852e-19
-3.07446e-20
8.05926e-05
-1.1425e-19
-1.81444e-20
8.24236e-05
-1.26265e-19
9.98363e-21
8.42933e-05
-1.21445e-19
1.87834e-20
8.62027e-05
-1.23199e-19
2.17747e-20
8.81524e-05
-1.26571e-19
2.1963e-20
9.01435e-05
-1.29764e-19
2.81732e-20
9.21767e-05
-1.38735e-19
2.55699e-20
9.4253e-05
-1.60125e-19
1.79758e-20
9.63732e-05
-1.48146e-19
2.35871e-20
9.85382e-05
-1.37486e-19
2.19767e-20
0.000100749
-1.58082e-19
2.82746e-20
0.000103007
-1.64823e-19
2.65629e-20
0.000105312
-1.60328e-19
1.96131e-20
0.000107666
-1.77509e-19
2.59257e-20
0.00011007
-1.56022e-19
2.91696e-20
0.000112525
-1.48114e-19
3.16655e-20
0.000115031
-1.51012e-19
4.00685e-20
0.000117591
-1.37384e-19
3.24865e-20
0.000120204
-1.30487e-19
1.08334e-20
0.000122873
-1.36739e-19
1.83537e-20
0.000125598
-1.49809e-19
1.94918e-20
0.000128381
-1.75077e-19
2.47172e-20
0.000131222
-1.86424e-19
4.48339e-20
0.000134123
-1.92221e-19
3.27379e-20
0.000137086
-1.698e-19
2.2541e-20
0.00014011
-1.65239e-19
2.6335e-20
0.000143199
-1.63527e-19
2.28171e-20
0.000146352
-1.6493e-19
2.83176e-20
0.000149572
-1.71175e-19
1.9189e-20
0.00015286
-1.58305e-19
1.09865e-20
0.000156217
-1.64308e-19
1.52025e-20
0.000159644
-1.97159e-19
3.64036e-20
0.000163144
-1.73449e-19
4.30823e-20
0.000166716
-1.62016e-19
4.99249e-20
0.000170365
-1.38111e-19
1.99777e-20
0.000174089
-1.25737e-19
1.1482e-20
0.000177892
-1.42221e-19
2.03403e-20
0.000181774
-1.44745e-19
-1.04822e-20
0.000185738
-1.55093e-19
-2.11041e-20
0.000189785
-1.47836e-19
-3.35006e-20
0.000193917
-1.32961e-19
-3.6744e-20
0.000198135
-1.43854e-19
-4.08475e-20
0.000202442
-1.49512e-19
-6.0173e-20
0.000206838
-1.50797e-19
-2.82166e-20
0.000211327
-1.27617e-19
-2.21803e-20
0.000215909
-1.33926e-19
-3.27353e-20
0.000220587
-1.79493e-19
-3.55154e-20
0.000225362
-1.79696e-19
-6.05384e-20
0.000230237
-1.8121e-19
-8.37282e-20
0.000235214
-1.71051e-19
-9.45637e-20
0.000240294
-1.70916e-19
-1.28338e-19
0.00024548
-1.46339e-19
-5.21859e-20
0.000250773
-2.02165e-19
-3.73641e-21
0.000256177
-2.07037e-19
-2.50691e-20
0.000261693
-1.87106e-19
-4.74661e-20
0.000267324
-1.42693e-19
-6.96987e-20
0.000273071
-7.87264e-20
-1.13002e-19
0.000278937
-1.53782e-19
-1.31397e-19
0.000284925
-1.09585e-19
-1.39687e-19
0.000291036
-1.16909e-19
-1.1889e-19
0.000297274
-1.68283e-19
-1.63581e-19
0.00030364
-2.16174e-19
-1.3958e-19
0.000310138
-2.37765e-19
-2.03854e-19
0.000316769
-2.27989e-19
-2.40627e-19
0.000323538
-2.69699e-19
-2.85211e-19
0.000330445
-2.42617e-19
-2.77915e-19
0.000337494
-2.84602e-19
-2.75043e-19
0.000344688
-2.90712e-19
-2.56712e-19
0.000352029
-2.86577e-19
-2.81458e-19
0.00035952
-2.18385e-19
-2.23384e-19
0.000367164
-2.53538e-19
-2.37398e-19
0.000374964
-2.6592e-19
-2.37291e-19
0.000382923
-2.44845e-19
-2.55227e-19
0.000391045
-2.58017e-19
-2.7545e-19
0.000399331
-3.05407e-19
-3.00443e-19
0.000407785
-3.29269e-19
-2.16738e-19
0.00041641
-3.03135e-19
-2.45831e-19
0.00042521
-3.44778e-19
-2.24989e-19
0.000434187
-3.87971e-19
-2.48641e-19
0.000443345
-2.62761e-19
-2.91671e-19
0.000452687
-2.69608e-19
-2.98446e-19
0.000462216
-2.78478e-19
-2.89143e-19
0.000471936
-3.23647e-19
-2.58322e-19
0.00048185
-3.48556e-19
-3.08476e-19
0.000491961
-5.2792e-19
-3.2867e-19
0.000502273
-4.99408e-19
-4.02744e-19
0.000512789
-4.67791e-19
-4.13572e-19
0.000523513
-4.83483e-19
-4.477e-19
0.000534448
-4.79104e-19
-4.94567e-19
0.000545597
-4.25592e-19
-5.29356e-19
0.000556964
-4.37931e-19
-5.48394e-19
0.000568552
-3.67028e-19
-4.39369e-19
0.000580366
-4.74962e-19
-5.0715e-19
0.000592407
-5.07921e-19
-4.72378e-19
0.00060468
-5.51027e-19
-4.85484e-19
0.000617188
-5.5671e-19
-4.99052e-19
0.000629934
-5.99391e-19
-5.05907e-19
0.000642921
-6.85541e-19
-5.78337e-19
0.000656152
-5.77178e-19
-5.59598e-19
0.000669631
-6.51082e-19
-5.09095e-19
0.00068336
-4.53617e-19
-3.77124e-19
0.000697342
-3.7256e-19
-4.44569e-19
0.000711579
-3.92678e-19
-4.4637e-19
0.000726074
-3.71591e-19
-4.86663e-19
0.000740829
-4.52358e-19
-4.97254e-19
0.000755846
-3.06384e-19
-4.64613e-19
0.000771126
-3.06089e-19
-5.36346e-19
0.000786671
-3.13324e-19
-4.09611e-19
0.000802481
-2.61263e-19
-4.38591e-19
0.000818557
-4.12587e-19
-4.10751e-19
0.000834898
-7.04472e-19
-3.35791e-19
0.000851505
-5.69871e-19
-5.20199e-19
0.000868374
-5.95696e-19
-6.09368e-19
0.000885505
-5.87382e-19
-6.73523e-19
0.000902895
-6.21993e-19
-5.51261e-19
0.00092054
-6.20259e-19
-6.51497e-19
0.000938435
-6.00465e-19
-6.46368e-19
0.000956576
-6.29413e-19
-5.5864e-19
0.000974955
-5.27942e-19
-5.62076e-19
0.000993566
-5.34857e-19
-5.39525e-19
0.0010124
-4.37443e-19
-5.23279e-19
0.00103145
-6.18828e-19
-6.18977e-19
0.00103145
-9.41424e-19
9.39397e-21
-7.76716e-19
1.15239e-20
0.0010124
-8.14238e-19
-1.54632e-21
-6.71091e-19
1.48008e-20
0.000993566
-6.4333e-19
1.13158e-20
-6.59815e-19
9.15808e-21
0.000974955
-6.36167e-19
-4.42914e-23
-6.55884e-19
5.6306e-21
0.000956576
-6.63501e-19
4.71885e-21
-6.19998e-19
3.74434e-21
0.000938435
-6.83785e-19
3.01587e-21
-6.922e-19
3.85425e-21
0.00092054
-8.13855e-19
-1.6454e-21
-7.2102e-19
3.78854e-21
0.000902895
-6.78015e-19
1.3136e-20
-7.80523e-19
5.66507e-21
0.000885505
-6.93908e-19
6.70912e-21
-8.5292e-19
7.0192e-21
0.000868374
-8.00518e-19
-1.49578e-20
-7.20134e-19
2.0302e-20
0.000851505
-6.91926e-19
-1.78006e-20
-8.10673e-19
1.8456e-20
0.000834898
-8.66822e-19
-2.52901e-20
-5.93579e-19
2.37106e-20
0.000818557
-8.19045e-19
-1.85795e-20
-6.2054e-19
1.46653e-20
0.000802481
-8.20268e-19
-1.47049e-20
-6.72e-19
1.43889e-20
0.000786671
-6.0867e-19
-2.36197e-21
-5.9778e-19
7.07585e-21
0.000771126
-6.60638e-19
1.22241e-21
-5.72649e-19
-3.03646e-21
0.000755846
-4.56258e-19
6.99047e-21
-5.9325e-19
-7.72384e-21
0.000740829
-4.3087e-19
-3.26168e-22
-4.95567e-19
4.8345e-22
0.000726074
-4.27658e-19
-7.23074e-21
-5.32261e-19
1.35548e-20
0.000711579
-4.95094e-19
1.68241e-21
-5.18587e-19
1.77697e-20
0.000697342
-5.53382e-19
8.7284e-21
-4.90825e-19
1.474e-20
0.00068336
-5.25131e-19
1.35125e-20
-4.89782e-19
9.76502e-21
0.000669631
-3.92049e-19
1.54015e-20
-4.85823e-19
3.92242e-21
0.000656152
-3.32518e-19
1.5831e-20
-3.4432e-19
7.13012e-21
0.000642921
-3.39345e-19
9.21235e-21
-3.89528e-19
4.41835e-21
0.000629934
-3.98738e-19
2.26081e-21
-3.30511e-19
3.63113e-21
0.000617188
-3.69327e-19
-1.02072e-22
-4.29624e-19
-2.23797e-21
0.00060468
-4.28585e-19
-2.07787e-21
-4.52433e-19
-4.27299e-21
0.000592407
-4.87634e-19
-7.33124e-22
-4.79946e-19
-8.34936e-21
0.000580366
-4.68092e-19
2.67227e-21
-4.54706e-19
-1.20725e-20
0.000568552
-4.3987e-19
-1.89565e-21
-4.38422e-19
-1.15608e-20
0.000556964
-4.13854e-19
-2.6026e-22
-4.45103e-19
-1.24437e-20
0.000545597
-3.84005e-19
-2.2872e-21
-4.55495e-19
-1.07669e-20
0.000534448
-3.88949e-19
-1.02122e-20
-4.50735e-19
-7.69558e-21
0.000523513
-4.13512e-19
-7.97661e-21
-3.71741e-19
-6.51406e-21
0.000512789
-3.81361e-19
-5.3895e-21
-4.67453e-19
-8.22732e-21
0.000502273
-3.54352e-19
-6.69688e-21
-3.05419e-19
-3.94659e-21
0.000491961
-4.7315e-19
-6.29042e-21
-3.23062e-19
-4.21652e-21
0.00048185
-4.64926e-19
-3.92327e-21
-3.64264e-19
-2.06023e-21
0.000471936
-4.4942e-19
-7.03351e-22
-3.16185e-19
2.72692e-22
0.000462216
-3.58053e-19
2.16897e-21
-4.13315e-19
-1.54353e-21
0.000452687
-3.70919e-19
7.83065e-22
-4.3585e-19
-1.42145e-21
0.000443345
-3.53293e-19
3.00479e-22
-4.16633e-19
-8.89398e-22
0.000434187
-3.52404e-19
5.41124e-22
-4.30257e-19
-1.11631e-21
0.00042521
-3.21237e-19
1.4632e-21
-3.09783e-19
5.64243e-22
0.00041641
-3.20521e-19
1.31379e-21
-3.41235e-19
-1.68739e-21
0.000407785
-2.64219e-19
4.42684e-22
-3.00032e-19
-2.51405e-21
0.000399331
-2.89585e-19
-4.60732e-22
-3.23467e-19
-1.5838e-21
0.000391045
-2.75515e-19
-1.34971e-22
-3.48584e-19
-1.09769e-21
0.000382923
-2.74896e-19
-7.64544e-22
-3.17118e-19
1.0857e-22
0.000374964
-2.86131e-19
9.96838e-23
-2.46109e-19
3.36578e-21
0.000367164
-2.45718e-19
2.22895e-21
-2.12924e-19
3.27806e-21
0.00035952
-2.54299e-19
2.07697e-21
-1.94743e-19
3.36536e-21
0.000352029
-2.35846e-19
2.90336e-21
-1.77432e-19
2.26377e-21
0.000344688
-1.80282e-19
2.99096e-21
-2.29414e-19
-1.31413e-21
0.000337494
-2.09164e-19
2.35944e-21
-2.01866e-19
-3.07979e-21
0.000330445
-1.31979e-19
2.88146e-21
-1.66021e-19
-4.44308e-21
0.000323538
-1.59815e-19
1.80893e-21
-6.21917e-20
-4.019e-21
0.000316769
-1.52008e-19
9.71248e-22
-8.42784e-20
-3.76267e-21
0.000310138
-1.23552e-19
3.70383e-22
-1.35951e-19
-3.19702e-21
0.00030364
-1.30383e-19
-6.94041e-23
-1.61982e-19
-2.62833e-21
0.000297274
-1.68258e-19
6.08177e-23
-1.54353e-19
-1.54776e-21
0.000291036
-1.19002e-19
5.26892e-22
-1.59839e-19
-6.32108e-22
0.000284925
-1.18032e-19
2.81311e-22
-1.62806e-19
-5.5229e-22
0.000278937
-1.64677e-19
4.99214e-22
-1.54701e-19
-2.35057e-22
0.000273071
-1.59242e-19
5.29894e-22
-1.57904e-19
-4.33871e-22
0.000267324
-1.55238e-19
3.99483e-22
-1.50205e-19
-4.57069e-22
0.000261693
-1.39116e-19
6.80356e-22
-1.22981e-19
-5.08122e-22
0.000256177
-1.35256e-19
9.81079e-22
-1.60501e-19
-1.01214e-21
0.000250773
-9.5273e-20
1.1485e-21
-1.71158e-19
-9.0616e-22
0.00024548
-7.79994e-20
1.03378e-21
-1.24848e-19
1.90757e-22
0.000240294
-1.1552e-19
9.63275e-22
-1.14885e-19
8.18503e-22
0.000235214
-1.21702e-19
1.30583e-21
-1.05178e-19
1.23111e-21
0.000230237
-9.79218e-20
1.5723e-21
-1.07235e-19
1.25934e-21
0.000225362
-1.05422e-19
1.5384e-21
-1.01566e-19
1.20455e-21
0.000220587
-1.08278e-19
1.60643e-21
-9.69442e-20
9.81841e-22
0.000215909
-9.96743e-20
1.48104e-21
-1.09178e-19
8.24566e-22
0.000211327
-1.03528e-19
1.18172e-21
-1.10494e-19
8.52369e-22
0.000206838
-6.5175e-20
9.87888e-22
-1.37106e-19
6.98537e-22
0.000202442
-6.8102e-20
7.25805e-22
-1.46304e-19
6.80831e-22
0.000198135
-8.02182e-20
6.27462e-22
-1.50636e-19
6.53318e-22
0.000193917
-8.25505e-20
6.54969e-22
-1.27258e-19
6.73357e-22
0.000189785
-8.89672e-20
7.05936e-22
-1.16462e-19
6.28706e-22
0.000185738
-9.59975e-20
8.82894e-22
-8.77722e-20
5.93493e-22
0.000181774
-7.00145e-20
9.77319e-22
-1.04303e-19
4.14358e-22
0.000177892
-6.61111e-20
9.85892e-22
-1.10089e-19
2.45844e-22
0.000174089
-4.30502e-20
1.01225e-21
-1.1834e-19
3.72516e-23
0.000170365
-4.52474e-20
1.05724e-21
-9.95139e-20
-1.22101e-22
0.000166717
-3.16322e-20
9.92415e-22
-1.06287e-19
-3.26592e-22
0.000163143
-1.20959e-21
1.03736e-21
-1.10096e-19
-4.91372e-22
0.000159644
2.36138e-21
1.06308e-21
-1.15748e-19
-4.90636e-22
0.000156217
-3.15651e-20
1.02066e-21
-8.52994e-20
-3.93302e-22
0.00015286
-6.0941e-21
1.00221e-21
-9.79702e-20
-4.30108e-22
0.000149572
-1.50069e-20
8.50424e-22
-9.63025e-20
-5.51565e-22
0.000146352
-7.65692e-21
8.30766e-22
-8.81037e-20
-6.11384e-22
0.000143199
-1.63284e-21
8.30037e-22
-4.21407e-20
-7.60371e-22
0.00014011
-3.52049e-20
7.72774e-22
-4.62272e-20
-1.01225e-21
0.000137086
-1.852e-20
7.48297e-22
-5.42976e-20
-1.2046e-21
0.000134123
-2.56975e-20
6.65184e-22
-6.67803e-20
-1.26632e-21
0.000131222
-1.71763e-20
6.05431e-22
-6.35014e-20
-1.2111e-21
0.000128381
-3.42394e-20
4.82859e-22
-4.83994e-20
-1.17885e-21
0.000125598
-3.58782e-20
5.24158e-22
-5.706e-20
-1.13947e-21
0.000122873
-2.97486e-20
5.50084e-22
-6.42156e-20
-1.11916e-21
0.000120204
-2.48498e-20
5.54086e-22
-6.44046e-20
-1.05827e-21
0.000117591
-3.83647e-20
5.30172e-22
-6.49518e-20
-1.02794e-21
0.000115031
-2.3329e-20
5.53484e-22
-7.70332e-20
-1.03221e-21
0.000112525
-3.84824e-20
4.57225e-22
-7.08976e-20
-9.20288e-22
0.00011007
-2.92107e-20
3.76786e-22
-6.80971e-20
-7.88118e-22
0.000107666
-2.28665e-20
3.40105e-22
-6.31105e-20
-6.53609e-22
0.000105312
-3.64344e-20
2.69222e-22
-5.53755e-20
-5.39049e-22
0.000103007
-4.10305e-20
2.17557e-22
-6.01954e-20
-4.89013e-22
0.000100749
-4.79565e-20
1.73417e-22
-4.85585e-20
-3.95245e-22
9.85382e-05
-4.58326e-20
1.44234e-22
-3.92317e-20
-3.20599e-22
9.63732e-05
-6.49238e-20
8.24973e-23
-4.66349e-20
-2.34159e-22
9.42529e-05
-6.45413e-20
9.78281e-23
-4.4971e-20
-1.11824e-22
9.21767e-05
-5.67023e-20
1.15827e-22
-4.52572e-20
-5.72025e-23
9.01435e-05
-5.79146e-20
1.30988e-22
-4.76188e-20
4.76891e-25
8.81524e-05
-5.28487e-20
1.06647e-22
-5.22551e-20
8.31422e-23
8.62027e-05
-4.09675e-20
9.14135e-23
-4.54644e-20
1.60221e-22
8.42933e-05
-3.92537e-20
4.07431e-23
-5.62469e-20
2.07519e-22
8.24236e-05
-4.00691e-20
-3.09206e-25
-5.82821e-20
2.61332e-22
8.05926e-05
-3.81093e-20
-3.93613e-23
-5.65102e-20
2.85283e-22
7.87996e-05
-6.05153e-20
-8.29091e-23
-3.88111e-20
2.88718e-22
7.70438e-05
-5.53357e-20
-8.14576e-23
-4.3845e-20
2.65996e-22
7.53245e-05
-6.05161e-20
-8.68998e-23
-4.7882e-20
2.63305e-22
7.36408e-05
-4.46728e-20
-9.30544e-23
-6.38584e-20
2.58514e-22
7.1992e-05
-4.09148e-20
-1.45596e-22
-5.48465e-20
2.62395e-22
7.03775e-05
-4.02804e-20
-1.80536e-22
-5.57383e-20
2.62323e-22
6.87964e-05
-3.05796e-20
-1.9317e-22
-6.09625e-20
2.83292e-22
6.72482e-05
-2.68969e-20
-2.20478e-22
-6.55681e-20
3.2006e-22
6.5732e-05
-2.38197e-20
-2.47415e-22
-4.77115e-20
3.60491e-22
6.42474e-05
-2.4496e-20
-2.59494e-22
-4.87655e-20
3.60409e-22
6.27935e-05
-2.379e-20
-2.58221e-22
-4.90729e-20
3.3944e-22
6.13698e-05
-1.74564e-20
-2.4082e-22
-4.95356e-20
3.21412e-22
5.99756e-05
-1.95071e-20
-2.42917e-22
-4.52177e-20
2.96805e-22
5.86103e-05
-1.38794e-20
-2.32201e-22
-3.93407e-20
2.73209e-22
5.72733e-05
-1.66693e-20
-2.25726e-22
-4.45658e-20
2.47448e-22
5.5964e-05
-2.42771e-20
-2.20079e-22
-3.32408e-20
2.37299e-22
5.46819e-05
-2.57033e-20
-1.93123e-22
-3.17721e-20
2.11236e-22
5.34263e-05
-2.46981e-20
-1.61103e-22
-3.44847e-20
1.80062e-22
5.21968e-05
-1.47191e-20
-1.33923e-22
-3.95909e-20
1.65228e-22
5.09926e-05
-2.56369e-20
-1.11078e-22
-3.7674e-20
1.64045e-22
4.98134e-05
-2.31868e-20
-7.75159e-23
-2.93403e-20
1.68777e-22
4.86587e-05
-2.38829e-20
-4.51263e-23
-2.91599e-20
1.66098e-22
4.75277e-05
-2.207e-20
-2.69315e-23
-2.92499e-20
1.68018e-22
4.64202e-05
-1.8353e-20
-1.58595e-23
-2.90823e-20
1.68815e-22
4.53356e-05
-1.66266e-20
-1.95967e-24
-2.39749e-20
1.61855e-22
4.42733e-05
-9.3937e-21
6.78656e-24
-2.82408e-20
1.58023e-22
4.3233e-05
-1.0728e-20
9.71479e-24
-3.61074e-20
1.56997e-22
4.22141e-05
-8.67363e-21
1.07864e-23
-3.39546e-20
1.51343e-22
4.12162e-05
-2.76823e-21
1.16405e-23
-3.26682e-20
1.43695e-22
4.02389e-05
-5.04649e-21
1.02076e-23
-3.34168e-20
1.36699e-22
3.92817e-05
2.68373e-22
1.07642e-23
-3.65356e-20
1.29286e-22
3.83441e-05
-1.08259e-20
1.42898e-24
-3.1377e-20
1.23451e-22
3.74258e-05
-4.76358e-21
1.02886e-24
-3.23619e-20
1.1686e-22
3.65264e-05
-3.23195e-21
-1.56066e-24
-2.81394e-20
1.11704e-22
3.56454e-05
-3.99418e-21
-2.92011e-24
-2.24259e-20
1.04071e-22
3.47824e-05
-1.44645e-20
-5.12284e-24
-2.29046e-20
9.25277e-23
3.39371e-05
-1.31719e-20
-2.94303e-24
-2.62989e-20
8.09805e-23
3.31089e-05
-1.18566e-20
2.41997e-24
-2.60715e-20
6.83997e-23
3.22978e-05
-7.73505e-21
8.40239e-24
-3.07743e-20
5.74064e-23
3.15031e-05
-1.25621e-20
1.15587e-23
-3.07854e-20
4.95497e-23
3.07245e-05
-1.33899e-20
1.40265e-23
-2.57192e-20
4.2904e-23
2.99618e-05
-1.25921e-20
1.90175e-23
-2.24021e-20
3.444e-23
2.92145e-05
-9.92887e-21
2.36901e-23
-2.33144e-20
2.76959e-23
2.84823e-05
-1.05767e-20
2.73416e-23
-1.60526e-20
2.31398e-23
2.77649e-05
-9.69794e-21
2.82565e-23
-1.66237e-20
1.95619e-23
2.70619e-05
-1.00388e-20
3.03783e-23
-1.68035e-20
1.67767e-23
2.6373e-05
-1.32375e-20
3.20029e-23
-1.93234e-20
1.5459e-23
2.56979e-05
-1.30419e-20
3.29051e-23
-1.92863e-20
1.77222e-23
2.50363e-05
-8.75625e-21
3.37579e-23
-1.7213e-20
1.95797e-23
2.43878e-05
-9.13394e-21
3.33087e-23
-2.02925e-20
2.10664e-23
2.37522e-05
-4.19226e-21
3.33727e-23
-2.01019e-20
2.19731e-23
2.31292e-05
-8.47992e-21
3.33571e-23
-1.96614e-20
2.21196e-23
2.25185e-05
-7.97924e-21
3.38682e-23
-2.1161e-20
2.35983e-23
2.19197e-05
-7.95224e-21
3.42785e-23
-2.03736e-20
2.49838e-23
2.13327e-05
-4.92334e-21
3.37609e-23
-1.7526e-20
2.56562e-23
2.0757e-05
-6.50263e-21
3.26027e-23
-1.72351e-20
2.64851e-23
2.01926e-05
-7.67313e-21
3.17693e-23
-1.55601e-20
2.65506e-23
1.9639e-05
-1.14046e-20
3.06711e-23
-1.00454e-20
2.54244e-23
1.90961e-05
-1.16621e-20
2.98751e-23
-5.18382e-21
2.35178e-23
1.85636e-05
-1.51278e-20
2.81979e-23
-1.76565e-21
2.20624e-23
1.80411e-05
-1.78422e-20
2.75633e-23
-3.93787e-22
1.97927e-23
1.75285e-05
-1.62432e-20
2.71259e-23
3.18017e-22
1.81837e-23
1.70256e-05
-1.99151e-20
2.71799e-23
2.48868e-21
1.68157e-23
1.6532e-05
-2.05899e-20
2.80313e-23
5.26839e-21
1.50696e-23
1.60476e-05
-1.9533e-20
2.82599e-23
4.0186e-21
1.27888e-23
1.55721e-05
-1.83656e-20
2.78284e-23
2.24866e-21
1.19269e-23
1.51053e-05
-1.72814e-20
2.76014e-23
5.22166e-21
1.15539e-23
1.46469e-05
-1.52489e-20
2.75179e-23
4.62559e-21
1.05926e-23
1.41968e-05
-1.21862e-20
2.69004e-23
6.73685e-22
9.71929e-24
1.37548e-05
-1.43916e-20
2.58568e-23
1.04938e-21
9.38827e-24
1.33206e-05
-1.28461e-20
2.50238e-23
1.99049e-21
9.34023e-24
1.2894e-05
-1.18466e-20
2.41792e-23
2.2709e-21
9.04822e-24
1.24749e-05
-9.1798e-21
2.32708e-23
1.26855e-21
8.65939e-24
1.20631e-05
-9.08137e-21
2.2305e-23
3.13966e-21
8.23454e-24
1.16585e-05
-8.96412e-21
2.13875e-23
3.0157e-21
7.76065e-24
1.12607e-05
-8.28637e-21
2.05626e-23
3.74967e-21
7.30675e-24
1.08698e-05
-1.06257e-20
1.97765e-23
4.53279e-21
6.82525e-24
1.04855e-05
-1.06965e-20
1.93835e-23
3.70186e-21
6.06568e-24
1.01078e-05
-9.68749e-21
1.92772e-23
3.65174e-21
5.21118e-24
9.73656e-06
-1.02436e-20
1.90436e-23
3.09664e-21
4.45129e-24
9.37167e-06
-9.6001e-21
1.8919e-23
1.10486e-21
3.95255e-24
9.01305e-06
-1.0164e-20
1.86987e-23
2.32567e-21
3.62884e-24
8.6607e-06
-7.94892e-21
1.85128e-23
1.71065e-21
3.08151e-24
8.31456e-06
-6.27298e-21
1.82363e-23
-1.17336e-21
2.56984e-24
7.97467e-06
-5.16627e-21
1.77712e-23
1.26965e-22
2.19541e-24
7.64104e-06
-6.22296e-21
1.73756e-23
-2.01007e-22
1.75885e-24
7.31375e-06
-6.07103e-21
1.6977e-23
7.06251e-22
1.54436e-24
6.99284e-06
-6.22002e-21
1.64394e-23
1.01504e-21
1.21415e-24
6.67847e-06
-6.85397e-21
1.59224e-23
7.67471e-22
8.09766e-25
6.37075e-06
-6.59481e-21
1.54795e-23
8.52646e-22
5.40022e-25
6.06986e-06
-6.13475e-21
1.51157e-23
1.50554e-21
3.20326e-25
5.77595e-06
-5.38628e-21
1.46801e-23
1.81029e-21
1.16274e-25
5.48924e-06
-4.5576e-21
1.4153e-23
6.06995e-22
-7.23484e-26
5.20989e-06
-3.05412e-21
1.36046e-23
8.88514e-22
-1.67964e-25
4.93811e-06
-4.03925e-21
1.29627e-23
1.89902e-21
-2.42175e-25
4.67409e-06
-4.29135e-21
1.23374e-23
1.77744e-21
-3.07895e-25
4.41797e-06
-2.9044e-21
1.17767e-23
1.89731e-21
-3.36195e-25
4.16992e-06
-1.77702e-21
1.12446e-23
1.61534e-21
-3.62356e-25
3.93004e-06
-2.41286e-21
1.06627e-23
1.41026e-21
-3.42321e-25
3.69839e-06
-2.52862e-21
1.01246e-23
1.5906e-21
-3.10526e-25
3.47502e-06
-1.73999e-21
9.60213e-24
1.09652e-21
-2.95124e-25
3.25992e-06
-1.51722e-21
9.07127e-24
1.00914e-21
-2.47504e-25
3.05306e-06
-1.48541e-21
8.54684e-24
9.58053e-22
-1.89089e-25
2.85434e-06
-1.48964e-21
8.05406e-24
5.18379e-22
-1.39701e-25
2.66366e-06
-1.62018e-21
7.57244e-24
6.15777e-22
-7.16146e-26
2.48087e-06
-1.35974e-21
7.10779e-24
5.19096e-22
-1.34307e-26
2.30581e-06
-1.21476e-21
6.67364e-24
6.14279e-22
2.31488e-26
2.13827e-06
-1.0359e-21
6.2727e-24
2.14695e-22
4.772e-26
1.97807e-06
-1.62858e-21
5.8919e-24
9.51071e-22
8.01802e-26
1.82496e-06
-1.14484e-21
5.54988e-24
5.18108e-22
6.56723e-26
1.67874e-06
-9.29911e-22
5.23752e-24
5.19154e-22
5.20049e-26
1.53916e-06
-9.86903e-22
4.94559e-24
6.31049e-22
5.32001e-26
1.40599e-06
-6.17946e-22
4.67156e-24
4.62125e-22
5.29473e-26
1.279e-06
-8.98489e-22
4.41701e-24
3.15891e-22
4.46783e-26
1.15795e-06
-8.35205e-22
4.18812e-24
1.89816e-22
3.49947e-26
1.04262e-06
-6.97145e-22
3.97119e-24
2.34149e-22
2.99525e-26
9.32794e-07
-5.46021e-22
3.76873e-24
6.8069e-23
2.25452e-26
8.28236e-07
-5.0905e-22
3.57764e-24
3.80047e-23
2.01779e-26
7.2875e-07
-4.9444e-22
3.39678e-24
1.53128e-22
1.98514e-26
6.34124e-07
-4.02751e-22
3.22518e-24
7.08877e-23
1.78472e-26
5.44168e-07
-3.38517e-22
3.06074e-24
1.26991e-22
1.86664e-26
4.5869e-07
-1.15796e-22
2.90323e-24
7.2844e-23
1.69425e-26
3.77501e-07
-8.48004e-23
2.75086e-24
2.82387e-23
1.49848e-26
3.00429e-07
-7.96089e-23
2.60639e-24
5.27876e-23
1.35857e-26
2.27305e-07
-4.66938e-23
2.46846e-24
6.29794e-23
1.18847e-26
1.57962e-07
-2.58285e-23
2.33655e-24
3.14502e-23
1.00074e-26
9.22451e-08
-8.81901e-24
2.21166e-24
6.30365e-24
8.21146e-27
3.00021e-08
4.31939e-25
-6.98375e-25
0.00103145
-7.52035e-19
-4.52381e-19
0.0010124
-5.05319e-19
-5.18265e-19
0.000993566
-5.6766e-19
-5.82288e-19
0.000974955
-5.12825e-19
-5.97836e-19
0.000956576
-6.27629e-19
-5.72029e-19
0.000938435
-6.43497e-19
-6.36756e-19
0.00092054
-6.01633e-19
-6.54926e-19
0.000902895
-6.47323e-19
-6.9255e-19
0.000885505
-7.92453e-19
-5.96687e-19
0.000868374
-7.35081e-19
-6.40086e-19
0.000851505
-7.0084e-19
-6.63959e-19
0.000834898
-7.45607e-19
-6.09733e-19
0.000818557
-7.31908e-19
-5.57427e-19
0.000802481
-6.04536e-19
-6.69881e-19
0.000786671
-4.66229e-19
-6.04316e-19
0.000771126
-5.1477e-19
-5.54261e-19
0.000755846
-5.69881e-19
-5.33374e-19
0.000740829
-6.14872e-19
-4.58891e-19
0.000726074
-4.19772e-19
-5.94928e-19
0.000711579
-4.58889e-19
-5.76264e-19
0.000697342
-4.66643e-19
-4.86366e-19
0.00068336
-4.52807e-19
-4.92417e-19
0.000669631
-3.71868e-19
-4.05646e-19
0.000656152
-4.83517e-19
-4.54588e-19
0.000642921
-5.19059e-19
-4.63362e-19
0.000629934
-5.07033e-19
-4.62074e-19
0.000617188
-4.56348e-19
-4.62195e-19
0.00060468
-4.06365e-19
-4.7525e-19
0.000592407
-3.71634e-19
-4.47819e-19
0.000580366
-4.90722e-19
-3.58585e-19
0.000568552
-3.11495e-19
-4.70744e-19
0.000556964
-3.2434e-19
-4.38162e-19
0.000545597
-4.29037e-19
-3.5649e-19
0.000534448
-2.18597e-19
-3.47276e-19
0.000523513
-2.41078e-19
-3.34206e-19
0.000512789
-2.87825e-19
-2.99287e-19
0.000502273
-1.9108e-19
-2.7026e-19
0.000491961
-2.65857e-19
-1.8696e-19
0.00048185
-2.40242e-19
-1.92081e-19
0.000471936
-2.32476e-19
-2.59389e-19
0.000462216
-3.00359e-19
-2.84458e-19
0.000452687
-3.09793e-19
-2.70024e-19
0.000443345
-2.88389e-19
-3.2044e-19
0.000434187
-2.8351e-19
-3.34885e-19
0.00042521
-2.9035e-19
-3.27325e-19
0.00041641
-2.94818e-19
-3.20083e-19
0.000407785
-2.29048e-19
-2.63698e-19
0.000399331
-2.41161e-19
-2.82145e-19
0.000391045
-3.16762e-19
-2.8491e-19
0.000382923
-2.53683e-19
-1.75389e-19
0.000374964
-1.76552e-19
-2.35143e-19
0.000367164
-2.26957e-19
-1.82034e-19
0.00035952
-1.98276e-19
-1.89983e-19
0.000352029
-2.26955e-19
-2.89087e-19
0.000344688
-2.28789e-19
-2.90338e-19
0.000337494
-2.17774e-19
-3.063e-19
0.000330445
-2.53455e-19
-2.13253e-19
0.000323538
-3.17201e-19
-1.25301e-19
0.000316769
-3.15254e-19
-1.35497e-19
0.000310138
-2.49714e-19
-2.03299e-19
0.00030364
-1.92565e-19
-1.95996e-19
0.000297274
-1.88508e-19
-1.72288e-19
0.000291036
-1.7282e-19
-2.04356e-19
0.000284925
-1.15677e-19
-1.665e-19
0.000278937
-1.53357e-19
-1.88043e-19
0.000273071
-1.53765e-19
-1.84135e-19
0.000267324
-1.26036e-19
-1.9866e-19
0.000261693
-1.18736e-19
-2.19147e-19
0.000256177
-1.40017e-19
-2.21694e-19
0.000250773
-1.4398e-19
-1.74558e-19
0.00024548
-1.41968e-19
-1.7933e-19
0.000240294
-1.42027e-19
-1.75242e-19
0.000235214
-1.35197e-19
-1.64458e-19
0.000230237
-1.20878e-19
-1.50704e-19
0.000225362
-1.04502e-19
-1.72362e-19
0.000220587
-1.23503e-19
-1.59596e-19
0.000215909
-1.32796e-19
-1.33918e-19
0.000211327
-1.28306e-19
-1.41028e-19
0.000206838
-1.1545e-19
-1.51815e-19
0.000202442
-1.19819e-19
-1.68876e-19
0.000198135
-1.27296e-19
-1.49843e-19
0.000193917
-1.20692e-19
-1.23718e-19
0.000189785
-9.60769e-20
-1.11437e-19
0.000185738
-1.09599e-19
-9.89481e-20
0.000181774
-1.02075e-19
-1.06345e-19
0.000177892
-1.09637e-19
-1.17143e-19
0.000174089
-9.49441e-20
-1.24101e-19
0.000170365
-1.33027e-19
-1.17483e-19
0.000166717
-1.20758e-19
-1.17789e-19
0.000163143
-1.02583e-19
-1.06975e-19
0.000159644
-1.11411e-19
-1.1587e-19
0.000156217
-1.32018e-19
-1.00141e-19
0.00015286
-1.237e-19
-1.20758e-19
0.000149572
-9.71832e-20
-1.19608e-19
0.000146352
-8.45992e-20
-1.27562e-19
0.000143199
-8.5969e-20
-1.13458e-19
0.00014011
-1.01659e-19
-1.27416e-19
0.000137086
-9.8173e-20
-1.10093e-19
0.000134123
-9.223e-20
-9.31705e-20
0.000131222
-9.6985e-20
-1.06569e-19
0.000128381
-7.10933e-20
-1.00494e-19
0.000125598
-7.08909e-20
-1.25934e-19
0.000122873
-5.72533e-20
-1.25514e-19
0.000120204
-5.67715e-20
-1.25058e-19
0.000117591
-4.84968e-20
-1.31332e-19
0.000115031
-5.62964e-20
-1.07931e-19
0.000112525
-5.64991e-20
-9.52835e-20
0.00011007
-3.81845e-20
-9.72086e-20
0.000107666
-4.47133e-20
-9.49395e-20
0.000105312
-4.30204e-20
-9.61692e-20
0.000103007
-4.06368e-20
-8.36873e-20
0.000100749
-3.79341e-20
-8.09311e-20
9.85382e-05
-5.23805e-20
-6.66313e-20
9.63732e-05
-3.93513e-20
-5.48692e-20
9.42529e-05
-4.04471e-20
-6.55971e-20
9.21767e-05
-4.12466e-20
-5.41075e-20
9.01435e-05
-7.11218e-20
-3.79674e-20
8.81524e-05
-6.57734e-20
-3.38359e-20
8.62027e-05
-8.18986e-20
-4.40752e-20
8.42933e-05
-8.12901e-20
-4.45745e-20
8.24236e-05
-7.69914e-20
-4.76448e-20
8.05926e-05
-6.98055e-20
-4.93984e-20
7.87996e-05
-6.10974e-20
-4.92958e-20
7.70438e-05
-5.98349e-20
-4.75654e-20
7.53245e-05
-6.23978e-20
-4.63317e-20
7.36408e-05
-8.0986e-20
-3.82191e-20
7.1992e-05
-6.74427e-20
-3.07528e-20
7.03775e-05
-5.14838e-20
-2.63262e-20
6.87964e-05
-5.42171e-20
-2.45498e-20
6.72482e-05
-5.25842e-20
-1.75665e-20
6.5732e-05
-3.75817e-20
-2.4596e-20
6.42474e-05
-2.3762e-20
-3.91824e-20
6.27935e-05
-2.63423e-21
-3.25205e-20
6.13698e-05
-1.44566e-20
-3.76382e-20
5.99756e-05
-7.99494e-21
-3.50823e-20
5.86103e-05
-6.89664e-21
-4.19668e-20
5.72733e-05
-8.27105e-21
-3.94308e-20
5.5964e-05
6.43619e-21
-4.37608e-20
5.46819e-05
9.32249e-21
-4.1696e-20
5.34263e-05
2.60274e-21
-3.17184e-20
5.21968e-05
1.06507e-21
-3.09289e-20
5.09926e-05
-8.58014e-22
-2.06199e-20
4.98134e-05
1.64602e-21
-2.39197e-20
4.86587e-05
-1.43188e-20
-2.24278e-20
4.75277e-05
-2.16639e-20
-2.24919e-20
4.64202e-05
-1.35634e-20
-3.23489e-20
4.53356e-05
-1.70703e-20
-2.28592e-20
4.42733e-05
-1.49232e-20
-1.8902e-20
4.3233e-05
-1.86042e-20
-2.88317e-20
4.22141e-05
-1.75386e-20
-2.85773e-20
4.12162e-05
-1.46866e-20
-2.68542e-20
4.02389e-05
-1.32672e-20
-2.75831e-20
3.92817e-05
-2.84364e-20
-2.8508e-20
3.83441e-05
-2.38798e-20
-2.83363e-20
3.74258e-05
-2.82242e-20
-2.95394e-20
3.65264e-05
-2.47775e-20
-3.08716e-20
3.56454e-05
-2.59317e-20
-3.15382e-20
3.47824e-05
-2.69602e-20
-3.23339e-20
3.39371e-05
-1.83835e-20
-4.08834e-20
3.31089e-05
-1.40734e-20
-3.98827e-20
3.22978e-05
-1.63746e-20
-4.02121e-20
3.15031e-05
-2.30903e-20
-3.73141e-20
3.07245e-05
-1.59982e-20
-3.5691e-20
2.99618e-05
-1.48457e-20
-2.78157e-20
2.92145e-05
-1.49459e-20
-2.30416e-20
2.84823e-05
-2.37244e-20
-1.572e-20
2.77649e-05
-1.72181e-20
-1.64129e-20
2.70619e-05
-2.01956e-20
-1.08925e-20
2.6373e-05
-2.81648e-20
-2.80126e-21
2.56979e-05
-2.70626e-20
-6.17064e-21
2.50363e-05
-2.59135e-20
-4.44384e-21
2.43878e-05
-2.32814e-20
-9.58072e-21
2.37522e-05
-1.64743e-20
-1.4147e-20
2.31292e-05
-1.57472e-20
-1.01769e-20
2.25185e-05
-1.31882e-20
-1.13234e-20
2.19197e-05
-1.53596e-20
-9.87435e-21
2.13327e-05
-1.37915e-20
-4.24947e-21
2.0757e-05
-1.2762e-20
-6.53778e-21
2.01926e-05
-1.47963e-20
-7.48783e-21
1.9639e-05
-1.52724e-20
-7.00128e-21
1.90961e-05
-1.91425e-20
-2.70429e-21
1.85636e-05
-1.59578e-20
-5.61242e-21
1.80411e-05
-1.59392e-20
-3.66994e-21
1.75285e-05
-9.01637e-21
-4.80895e-21
1.70256e-05
-5.1768e-21
-5.00683e-21
1.6532e-05
-8.67209e-21
-7.36064e-21
1.60476e-05
-1.29264e-20
-2.8168e-21
1.55721e-05
-1.11478e-20
-1.67076e-21
1.51053e-05
-9.88614e-21
-1.35597e-21
1.46469e-05
-1.26326e-20
-1.58382e-21
1.41968e-05
-1.21794e-20
-2.78258e-21
1.37548e-05
-1.15352e-20
2.63182e-22
1.33206e-05
-9.86644e-21
1.16659e-22
1.2894e-05
-9.72184e-21
1.60383e-22
1.24749e-05
-7.83116e-21
-1.36789e-21
1.20631e-05
-7.98474e-21
-1.46572e-21
1.16585e-05
-7.73211e-21
-1.9375e-21
1.12607e-05
-7.23545e-21
-1.21815e-21
1.08698e-05
-6.44356e-21
-2.67725e-21
1.04855e-05
-4.7272e-21
-2.46627e-21
1.01078e-05
-6.22512e-21
-1.4287e-21
9.73656e-06
-6.20211e-21
-1.06591e-21
9.37167e-06
-7.51856e-21
-8.05603e-22
9.01305e-06
-7.55699e-21
-2.75955e-22
8.6607e-06
-6.0789e-21
9.83715e-22
8.31456e-06
-6.872e-21
5.85428e-22
7.97467e-06
-4.63263e-21
4.85231e-22
7.64104e-06
-5.63333e-21
2.03507e-21
7.31375e-06
-7.59062e-21
1.64051e-21
6.99284e-06
-7.64395e-21
1.916e-21
6.67847e-06
-7.35221e-21
2.68314e-21
6.37075e-06
-5.4361e-21
2.01155e-21
6.06986e-06
-5.7784e-21
2.50147e-21
5.77595e-06
-6.45799e-21
2.2929e-21
5.48924e-06
-5.57526e-21
1.96285e-21
5.20989e-06
-5.28175e-21
1.86162e-21
4.93811e-06
-5.81743e-21
1.90538e-21
4.67409e-06
-5.26587e-21
1.72002e-21
4.41797e-06
-3.976e-21
1.37513e-21
4.16992e-06
-4.62378e-21
2.16553e-21
3.93004e-06
-4.3466e-21
2.51662e-21
3.69839e-06
-3.9635e-21
2.13831e-21
3.47502e-06
-3.24798e-21
2.14291e-21
3.25992e-06
-2.96972e-21
2.06772e-21
3.05306e-06
-2.23148e-21
1.51798e-21
2.85434e-06
-2.03205e-21
1.41593e-21
2.66366e-06
-2.1838e-21
1.30989e-21
2.48087e-06
-1.79404e-21
9.47003e-22
2.30581e-06
-1.31812e-21
6.28584e-22
2.13827e-06
-1.17971e-21
4.57523e-22
1.97807e-06
-1.12826e-21
1.75822e-23
1.82496e-06
-4.92518e-22
-1.75917e-22
1.67874e-06
-5.55812e-22
2.3028e-22
1.53916e-06
-8.81088e-22
3.98717e-22
1.40599e-06
-6.71869e-22
1.49592e-22
1.279e-06
-6.39463e-22
9.56422e-23
1.15795e-06
-6.51598e-22
3.61516e-22
1.04262e-06
-4.62895e-22
4.34214e-22
9.32794e-07
-3.64285e-22
4.33654e-22
8.28236e-07
-3.66832e-22
4.01141e-22
7.2875e-07
-3.68419e-22
3.38951e-22
6.34124e-07
-3.21751e-22
2.90192e-22
5.44168e-07
-2.60376e-22
1.77794e-22
4.5869e-07
-1.39606e-22
1.49138e-22
3.77501e-07
-5.98091e-23
1.38145e-22
3.00429e-07
-7.67312e-23
1.09657e-22
2.27305e-07
-8.18749e-23
8.05426e-23
1.57962e-07
-1.70019e-23
2.29283e-23
9.22451e-08
-1.54413e-23
1.55775e-23
3.00021e-08
)
;

boundaryField
{
    walls
    {
        type            calculated;
        value           uniform 0;
    }
    inlet
    {
        type            cyclic;
        value           nonuniform List<scalar> 
1000
(
-3.0002e-08
-9.2245e-08
-1.57962e-07
-2.27305e-07
-3.0043e-07
-3.77501e-07
-4.58689e-07
-5.44169e-07
-6.34126e-07
-7.28749e-07
-8.28236e-07
-9.32791e-07
-1.04262e-06
-1.15795e-06
-1.279e-06
-1.40599e-06
-1.53916e-06
-1.67874e-06
-1.82496e-06
-1.97807e-06
-2.13828e-06
-2.30581e-06
-2.48087e-06
-2.66366e-06
-2.85434e-06
-3.05305e-06
-3.25992e-06
-3.47502e-06
-3.69839e-06
-3.93004e-06
-4.16992e-06
-4.41798e-06
-4.67409e-06
-4.93811e-06
-5.20989e-06
-5.48923e-06
-5.77595e-06
-6.06986e-06
-6.37075e-06
-6.67847e-06
-6.99284e-06
-7.31374e-06
-7.64104e-06
-7.97467e-06
-8.31457e-06
-8.66069e-06
-9.01305e-06
-9.37166e-06
-9.73656e-06
-1.01078e-05
-1.04855e-05
-1.08698e-05
-1.12607e-05
-1.16585e-05
-1.20631e-05
-1.2475e-05
-1.2894e-05
-1.33206e-05
-1.37548e-05
-1.41968e-05
-1.46469e-05
-1.51053e-05
-1.55721e-05
-1.60476e-05
-1.6532e-05
-1.70256e-05
-1.75285e-05
-1.80411e-05
-1.85636e-05
-1.90961e-05
-1.96391e-05
-2.01926e-05
-2.07571e-05
-2.13327e-05
-2.19197e-05
-2.25185e-05
-2.31292e-05
-2.37522e-05
-2.43878e-05
-2.50363e-05
-2.56979e-05
-2.6373e-05
-2.70619e-05
-2.77649e-05
-2.84823e-05
-2.92145e-05
-2.99618e-05
-3.07245e-05
-3.15031e-05
-3.22978e-05
-3.3109e-05
-3.3937e-05
-3.47824e-05
-3.56454e-05
-3.65264e-05
-3.74258e-05
-3.83441e-05
-3.92817e-05
-4.02389e-05
-4.12162e-05
-4.22141e-05
-4.3233e-05
-4.42733e-05
-4.53356e-05
-4.64202e-05
-4.75277e-05
-4.86587e-05
-4.98134e-05
-5.09926e-05
-5.21967e-05
-5.34263e-05
-5.46819e-05
-5.5964e-05
-5.72733e-05
-5.86103e-05
-5.99756e-05
-6.13698e-05
-6.27935e-05
-6.42474e-05
-6.5732e-05
-6.72482e-05
-6.87964e-05
-7.03775e-05
-7.1992e-05
-7.36408e-05
-7.53245e-05
-7.70438e-05
-7.87996e-05
-8.05926e-05
-8.24236e-05
-8.42933e-05
-8.62027e-05
-8.81524e-05
-9.01435e-05
-9.21767e-05
-9.4253e-05
-9.63732e-05
-9.85382e-05
-0.000100749
-0.000103007
-0.000105312
-0.000107666
-0.00011007
-0.000112525
-0.000115031
-0.000117591
-0.000120204
-0.000122873
-0.000125598
-0.000128381
-0.000131222
-0.000134123
-0.000137086
-0.00014011
-0.000143199
-0.000146352
-0.000149572
-0.00015286
-0.000156217
-0.000159644
-0.000163144
-0.000166716
-0.000170365
-0.000174089
-0.000177892
-0.000181774
-0.000185738
-0.000189785
-0.000193917
-0.000198135
-0.000202442
-0.000206838
-0.000211327
-0.000215909
-0.000220587
-0.000225362
-0.000230237
-0.000235214
-0.000240294
-0.00024548
-0.000250773
-0.000256177
-0.000261693
-0.000267324
-0.000273071
-0.000278937
-0.000284925
-0.000291036
-0.000297274
-0.00030364
-0.000310138
-0.000316769
-0.000323538
-0.000330445
-0.000337494
-0.000344688
-0.000352029
-0.00035952
-0.000367164
-0.000374964
-0.000382923
-0.000391045
-0.000399331
-0.000407785
-0.00041641
-0.00042521
-0.000434187
-0.000443345
-0.000452687
-0.000462216
-0.000471936
-0.00048185
-0.000491961
-0.000502273
-0.000512789
-0.000523513
-0.000534448
-0.000545597
-0.000556964
-0.000568552
-0.000580366
-0.000592407
-0.00060468
-0.000617188
-0.000629934
-0.000642921
-0.000656152
-0.000669631
-0.00068336
-0.000697342
-0.000711579
-0.000726074
-0.000740829
-0.000755846
-0.000771126
-0.000786671
-0.000802481
-0.000818557
-0.000834898
-0.000851505
-0.000868374
-0.000885505
-0.000902895
-0.00092054
-0.000938435
-0.000956576
-0.000974955
-0.000993566
-0.0010124
-0.00103145
-3.0002e-08
-9.2245e-08
-1.57962e-07
-2.27305e-07
-3.0043e-07
-3.77501e-07
-4.58689e-07
-5.44169e-07
-6.34126e-07
-7.28749e-07
-8.28236e-07
-9.32791e-07
-1.04262e-06
-1.15795e-06
-1.279e-06
-1.40599e-06
-1.53916e-06
-1.67874e-06
-1.82496e-06
-1.97807e-06
-2.13828e-06
-2.30581e-06
-2.48087e-06
-2.66366e-06
-2.85434e-06
-3.05305e-06
-3.25992e-06
-3.47502e-06
-3.69839e-06
-3.93004e-06
-4.16992e-06
-4.41798e-06
-4.67409e-06
-4.93811e-06
-5.20989e-06
-5.48923e-06
-5.77595e-06
-6.06986e-06
-6.37075e-06
-6.67847e-06
-6.99284e-06
-7.31374e-06
-7.64104e-06
-7.97467e-06
-8.31457e-06
-8.66069e-06
-9.01305e-06
-9.37166e-06
-9.73656e-06
-1.01078e-05
-1.04855e-05
-1.08698e-05
-1.12607e-05
-1.16585e-05
-1.20631e-05
-1.2475e-05
-1.2894e-05
-1.33206e-05
-1.37548e-05
-1.41968e-05
-1.46469e-05
-1.51053e-05
-1.55721e-05
-1.60476e-05
-1.6532e-05
-1.70256e-05
-1.75285e-05
-1.80411e-05
-1.85636e-05
-1.90961e-05
-1.96391e-05
-2.01926e-05
-2.07571e-05
-2.13327e-05
-2.19197e-05
-2.25185e-05
-2.31292e-05
-2.37522e-05
-2.43878e-05
-2.50363e-05
-2.56979e-05
-2.6373e-05
-2.70619e-05
-2.77649e-05
-2.84823e-05
-2.92145e-05
-2.99618e-05
-3.07245e-05
-3.15031e-05
-3.22978e-05
-3.3109e-05
-3.3937e-05
-3.47824e-05
-3.56454e-05
-3.65264e-05
-3.74258e-05
-3.83441e-05
-3.92817e-05
-4.02389e-05
-4.12162e-05
-4.22141e-05
-4.3233e-05
-4.42733e-05
-4.53356e-05
-4.64202e-05
-4.75277e-05
-4.86587e-05
-4.98134e-05
-5.09926e-05
-5.21967e-05
-5.34263e-05
-5.46819e-05
-5.5964e-05
-5.72733e-05
-5.86103e-05
-5.99756e-05
-6.13698e-05
-6.27935e-05
-6.42474e-05
-6.5732e-05
-6.72482e-05
-6.87964e-05
-7.03775e-05
-7.1992e-05
-7.36408e-05
-7.53245e-05
-7.70438e-05
-7.87996e-05
-8.05926e-05
-8.24236e-05
-8.42933e-05
-8.62027e-05
-8.81524e-05
-9.01435e-05
-9.21767e-05
-9.4253e-05
-9.63732e-05
-9.85382e-05
-0.000100749
-0.000103007
-0.000105312
-0.000107666
-0.00011007
-0.000112525
-0.000115031
-0.000117591
-0.000120204
-0.000122873
-0.000125598
-0.000128381
-0.000131222
-0.000134123
-0.000137086
-0.00014011
-0.000143199
-0.000146352
-0.000149572
-0.00015286
-0.000156217
-0.000159644
-0.000163144
-0.000166716
-0.000170365
-0.000174089
-0.000177892
-0.000181774
-0.000185738
-0.000189785
-0.000193917
-0.000198135
-0.000202442
-0.000206838
-0.000211327
-0.000215909
-0.000220587
-0.000225362
-0.000230237
-0.000235214
-0.000240294
-0.00024548
-0.000250773
-0.000256177
-0.000261693
-0.000267324
-0.000273071
-0.000278937
-0.000284925
-0.000291036
-0.000297274
-0.00030364
-0.000310138
-0.000316769
-0.000323538
-0.000330445
-0.000337494
-0.000344688
-0.000352029
-0.00035952
-0.000367164
-0.000374964
-0.000382923
-0.000391045
-0.000399331
-0.000407785
-0.00041641
-0.00042521
-0.000434187
-0.000443345
-0.000452687
-0.000462216
-0.000471936
-0.00048185
-0.000491961
-0.000502273
-0.000512789
-0.000523513
-0.000534448
-0.000545597
-0.000556964
-0.000568552
-0.000580366
-0.000592407
-0.00060468
-0.000617188
-0.000629934
-0.000642921
-0.000656152
-0.000669631
-0.00068336
-0.000697342
-0.000711579
-0.000726074
-0.000740829
-0.000755846
-0.000771126
-0.000786671
-0.000802481
-0.000818557
-0.000834898
-0.000851505
-0.000868374
-0.000885505
-0.000902895
-0.00092054
-0.000938435
-0.000956576
-0.000974955
-0.000993566
-0.0010124
-0.00103145
-0.00103145
-0.0010124
-0.000993566
-0.000974955
-0.000956576
-0.000938435
-0.00092054
-0.000902895
-0.000885505
-0.000868374
-0.000851505
-0.000834898
-0.000818557
-0.000802481
-0.000786671
-0.000771126
-0.000755846
-0.000740829
-0.000726074
-0.000711579
-0.000697342
-0.00068336
-0.000669631
-0.000656152
-0.000642921
-0.000629934
-0.000617188
-0.00060468
-0.000592407
-0.000580366
-0.000568552
-0.000556964
-0.000545597
-0.000534448
-0.000523513
-0.000512789
-0.000502273
-0.000491961
-0.00048185
-0.000471936
-0.000462216
-0.000452687
-0.000443345
-0.000434187
-0.00042521
-0.00041641
-0.000407785
-0.000399331
-0.000391045
-0.000382923
-0.000374964
-0.000367164
-0.00035952
-0.000352029
-0.000344688
-0.000337494
-0.000330445
-0.000323538
-0.000316769
-0.000310138
-0.00030364
-0.000297274
-0.000291036
-0.000284925
-0.000278937
-0.000273071
-0.000267324
-0.000261693
-0.000256177
-0.000250773
-0.00024548
-0.000240294
-0.000235214
-0.000230237
-0.000225362
-0.000220587
-0.000215909
-0.000211327
-0.000206838
-0.000202442
-0.000198135
-0.000193917
-0.000189785
-0.000185738
-0.000181774
-0.000177892
-0.000174089
-0.000170365
-0.000166717
-0.000163143
-0.000159644
-0.000156217
-0.00015286
-0.000149572
-0.000146352
-0.000143199
-0.00014011
-0.000137086
-0.000134123
-0.000131222
-0.000128381
-0.000125598
-0.000122873
-0.000120204
-0.000117591
-0.000115031
-0.000112525
-0.00011007
-0.000107666
-0.000105312
-0.000103007
-0.000100749
-9.85382e-05
-9.63732e-05
-9.42529e-05
-9.21767e-05
-9.01435e-05
-8.81524e-05
-8.62027e-05
-8.42933e-05
-8.24236e-05
-8.05926e-05
-7.87996e-05
-7.70438e-05
-7.53245e-05
-7.36408e-05
-7.1992e-05
-7.03775e-05
-6.87964e-05
-6.72482e-05
-6.5732e-05
-6.42474e-05
-6.27935e-05
-6.13698e-05
-5.99756e-05
-5.86103e-05
-5.72733e-05
-5.5964e-05
-5.46819e-05
-5.34263e-05
-5.21968e-05
-5.09926e-05
-4.98134e-05
-4.86587e-05
-4.75277e-05
-4.64202e-05
-4.53356e-05
-4.42733e-05
-4.3233e-05
-4.22141e-05
-4.12162e-05
-4.02389e-05
-3.92817e-05
-3.83441e-05
-3.74258e-05
-3.65264e-05
-3.56454e-05
-3.47824e-05
-3.39371e-05
-3.31089e-05
-3.22978e-05
-3.15031e-05
-3.07245e-05
-2.99618e-05
-2.92145e-05
-2.84823e-05
-2.77649e-05
-2.70619e-05
-2.6373e-05
-2.56979e-05
-2.50363e-05
-2.43878e-05
-2.37522e-05
-2.31292e-05
-2.25185e-05
-2.19197e-05
-2.13327e-05
-2.0757e-05
-2.01926e-05
-1.9639e-05
-1.90961e-05
-1.85636e-05
-1.80411e-05
-1.75285e-05
-1.70256e-05
-1.6532e-05
-1.60476e-05
-1.55721e-05
-1.51053e-05
-1.46469e-05
-1.41968e-05
-1.37548e-05
-1.33206e-05
-1.2894e-05
-1.24749e-05
-1.20631e-05
-1.16585e-05
-1.12607e-05
-1.08698e-05
-1.04855e-05
-1.01078e-05
-9.73656e-06
-9.37167e-06
-9.01305e-06
-8.6607e-06
-8.31456e-06
-7.97467e-06
-7.64104e-06
-7.31375e-06
-6.99284e-06
-6.67847e-06
-6.37075e-06
-6.06986e-06
-5.77595e-06
-5.48924e-06
-5.20989e-06
-4.93811e-06
-4.67409e-06
-4.41797e-06
-4.16992e-06
-3.93004e-06
-3.69839e-06
-3.47502e-06
-3.25992e-06
-3.05306e-06
-2.85434e-06
-2.66366e-06
-2.48087e-06
-2.30581e-06
-2.13827e-06
-1.97807e-06
-1.82496e-06
-1.67874e-06
-1.53916e-06
-1.40599e-06
-1.279e-06
-1.15795e-06
-1.04262e-06
-9.32794e-07
-8.28236e-07
-7.2875e-07
-6.34124e-07
-5.44168e-07
-4.5869e-07
-3.77501e-07
-3.00429e-07
-2.27305e-07
-1.57962e-07
-9.22451e-08
-3.00021e-08
-0.00103145
-0.0010124
-0.000993566
-0.000974955
-0.000956576
-0.000938435
-0.00092054
-0.000902895
-0.000885505
-0.000868374
-0.000851505
-0.000834898
-0.000818557
-0.000802481
-0.000786671
-0.000771126
-0.000755846
-0.000740829
-0.000726074
-0.000711579
-0.000697342
-0.00068336
-0.000669631
-0.000656152
-0.000642921
-0.000629934
-0.000617188
-0.00060468
-0.000592407
-0.000580366
-0.000568552
-0.000556964
-0.000545597
-0.000534448
-0.000523513
-0.000512789
-0.000502273
-0.000491961
-0.00048185
-0.000471936
-0.000462216
-0.000452687
-0.000443345
-0.000434187
-0.00042521
-0.00041641
-0.000407785
-0.000399331
-0.000391045
-0.000382923
-0.000374964
-0.000367164
-0.00035952
-0.000352029
-0.000344688
-0.000337494
-0.000330445
-0.000323538
-0.000316769
-0.000310138
-0.00030364
-0.000297274
-0.000291036
-0.000284925
-0.000278937
-0.000273071
-0.000267324
-0.000261693
-0.000256177
-0.000250773
-0.00024548
-0.000240294
-0.000235214
-0.000230237
-0.000225362
-0.000220587
-0.000215909
-0.000211327
-0.000206838
-0.000202442
-0.000198135
-0.000193917
-0.000189785
-0.000185738
-0.000181774
-0.000177892
-0.000174089
-0.000170365
-0.000166717
-0.000163143
-0.000159644
-0.000156217
-0.00015286
-0.000149572
-0.000146352
-0.000143199
-0.00014011
-0.000137086
-0.000134123
-0.000131222
-0.000128381
-0.000125598
-0.000122873
-0.000120204
-0.000117591
-0.000115031
-0.000112525
-0.00011007
-0.000107666
-0.000105312
-0.000103007
-0.000100749
-9.85382e-05
-9.63732e-05
-9.42529e-05
-9.21767e-05
-9.01435e-05
-8.81524e-05
-8.62027e-05
-8.42933e-05
-8.24236e-05
-8.05926e-05
-7.87996e-05
-7.70438e-05
-7.53245e-05
-7.36408e-05
-7.1992e-05
-7.03775e-05
-6.87964e-05
-6.72482e-05
-6.5732e-05
-6.42474e-05
-6.27935e-05
-6.13698e-05
-5.99756e-05
-5.86103e-05
-5.72733e-05
-5.5964e-05
-5.46819e-05
-5.34263e-05
-5.21968e-05
-5.09926e-05
-4.98134e-05
-4.86587e-05
-4.75277e-05
-4.64202e-05
-4.53356e-05
-4.42733e-05
-4.3233e-05
-4.22141e-05
-4.12162e-05
-4.02389e-05
-3.92817e-05
-3.83441e-05
-3.74258e-05
-3.65264e-05
-3.56454e-05
-3.47824e-05
-3.39371e-05
-3.31089e-05
-3.22978e-05
-3.15031e-05
-3.07245e-05
-2.99618e-05
-2.92145e-05
-2.84823e-05
-2.77649e-05
-2.70619e-05
-2.6373e-05
-2.56979e-05
-2.50363e-05
-2.43878e-05
-2.37522e-05
-2.31292e-05
-2.25185e-05
-2.19197e-05
-2.13327e-05
-2.0757e-05
-2.01926e-05
-1.9639e-05
-1.90961e-05
-1.85636e-05
-1.80411e-05
-1.75285e-05
-1.70256e-05
-1.6532e-05
-1.60476e-05
-1.55721e-05
-1.51053e-05
-1.46469e-05
-1.41968e-05
-1.37548e-05
-1.33206e-05
-1.2894e-05
-1.24749e-05
-1.20631e-05
-1.16585e-05
-1.12607e-05
-1.08698e-05
-1.04855e-05
-1.01078e-05
-9.73656e-06
-9.37167e-06
-9.01305e-06
-8.6607e-06
-8.31456e-06
-7.97467e-06
-7.64104e-06
-7.31375e-06
-6.99284e-06
-6.67847e-06
-6.37075e-06
-6.06986e-06
-5.77595e-06
-5.48924e-06
-5.20989e-06
-4.93811e-06
-4.67409e-06
-4.41797e-06
-4.16992e-06
-3.93004e-06
-3.69839e-06
-3.47502e-06
-3.25992e-06
-3.05306e-06
-2.85434e-06
-2.66366e-06
-2.48087e-06
-2.30581e-06
-2.13827e-06
-1.97807e-06
-1.82496e-06
-1.67874e-06
-1.53916e-06
-1.40599e-06
-1.279e-06
-1.15795e-06
-1.04262e-06
-9.32794e-07
-8.28236e-07
-7.2875e-07
-6.34124e-07
-5.44168e-07
-4.5869e-07
-3.77501e-07
-3.00429e-07
-2.27305e-07
-1.57962e-07
-9.22451e-08
-3.00021e-08
)
;
    }
    outlet
    {
        type            cyclic;
        value           nonuniform List<scalar> 
1000
(
3.0002e-08
9.2245e-08
1.57962e-07
2.27305e-07
3.0043e-07
3.77501e-07
4.58689e-07
5.44169e-07
6.34126e-07
7.28749e-07
8.28236e-07
9.32791e-07
1.04262e-06
1.15795e-06
1.279e-06
1.40599e-06
1.53916e-06
1.67874e-06
1.82496e-06
1.97807e-06
2.13828e-06
2.30581e-06
2.48087e-06
2.66366e-06
2.85434e-06
3.05305e-06
3.25992e-06
3.47502e-06
3.69839e-06
3.93004e-06
4.16992e-06
4.41798e-06
4.67409e-06
4.93811e-06
5.20989e-06
5.48923e-06
5.77595e-06
6.06986e-06
6.37075e-06
6.67847e-06
6.99284e-06
7.31374e-06
7.64104e-06
7.97467e-06
8.31457e-06
8.66069e-06
9.01305e-06
9.37166e-06
9.73656e-06
1.01078e-05
1.04855e-05
1.08698e-05
1.12607e-05
1.16585e-05
1.20631e-05
1.2475e-05
1.2894e-05
1.33206e-05
1.37548e-05
1.41968e-05
1.46469e-05
1.51053e-05
1.55721e-05
1.60476e-05
1.6532e-05
1.70256e-05
1.75285e-05
1.80411e-05
1.85636e-05
1.90961e-05
1.96391e-05
2.01926e-05
2.07571e-05
2.13327e-05
2.19197e-05
2.25185e-05
2.31292e-05
2.37522e-05
2.43878e-05
2.50363e-05
2.56979e-05
2.6373e-05
2.70619e-05
2.77649e-05
2.84823e-05
2.92145e-05
2.99618e-05
3.07245e-05
3.15031e-05
3.22978e-05
3.3109e-05
3.3937e-05
3.47824e-05
3.56454e-05
3.65264e-05
3.74258e-05
3.83441e-05
3.92817e-05
4.02389e-05
4.12162e-05
4.22141e-05
4.3233e-05
4.42733e-05
4.53356e-05
4.64202e-05
4.75277e-05
4.86587e-05
4.98134e-05
5.09926e-05
5.21967e-05
5.34263e-05
5.46819e-05
5.5964e-05
5.72733e-05
5.86103e-05
5.99756e-05
6.13698e-05
6.27935e-05
6.42474e-05
6.5732e-05
6.72482e-05
6.87964e-05
7.03775e-05
7.1992e-05
7.36408e-05
7.53245e-05
7.70438e-05
7.87996e-05
8.05926e-05
8.24236e-05
8.42933e-05
8.62027e-05
8.81524e-05
9.01435e-05
9.21767e-05
9.4253e-05
9.63732e-05
9.85382e-05
0.000100749
0.000103007
0.000105312
0.000107666
0.00011007
0.000112525
0.000115031
0.000117591
0.000120204
0.000122873
0.000125598
0.000128381
0.000131222
0.000134123
0.000137086
0.00014011
0.000143199
0.000146352
0.000149572
0.00015286
0.000156217
0.000159644
0.000163144
0.000166716
0.000170365
0.000174089
0.000177892
0.000181774
0.000185738
0.000189785
0.000193917
0.000198135
0.000202442
0.000206838
0.000211327
0.000215909
0.000220587
0.000225362
0.000230237
0.000235214
0.000240294
0.00024548
0.000250773
0.000256177
0.000261693
0.000267324
0.000273071
0.000278937
0.000284925
0.000291036
0.000297274
0.00030364
0.000310138
0.000316769
0.000323538
0.000330445
0.000337494
0.000344688
0.000352029
0.00035952
0.000367164
0.000374964
0.000382923
0.000391045
0.000399331
0.000407785
0.00041641
0.00042521
0.000434187
0.000443345
0.000452687
0.000462216
0.000471936
0.00048185
0.000491961
0.000502273
0.000512789
0.000523513
0.000534448
0.000545597
0.000556964
0.000568552
0.000580366
0.000592407
0.00060468
0.000617188
0.000629934
0.000642921
0.000656152
0.000669631
0.00068336
0.000697342
0.000711579
0.000726074
0.000740829
0.000755846
0.000771126
0.000786671
0.000802481
0.000818557
0.000834898
0.000851505
0.000868374
0.000885505
0.000902895
0.00092054
0.000938435
0.000956576
0.000974955
0.000993566
0.0010124
0.00103145
3.0002e-08
9.2245e-08
1.57962e-07
2.27305e-07
3.0043e-07
3.77501e-07
4.58689e-07
5.44169e-07
6.34126e-07
7.28749e-07
8.28236e-07
9.32791e-07
1.04262e-06
1.15795e-06
1.279e-06
1.40599e-06
1.53916e-06
1.67874e-06
1.82496e-06
1.97807e-06
2.13828e-06
2.30581e-06
2.48087e-06
2.66366e-06
2.85434e-06
3.05305e-06
3.25992e-06
3.47502e-06
3.69839e-06
3.93004e-06
4.16992e-06
4.41798e-06
4.67409e-06
4.93811e-06
5.20989e-06
5.48923e-06
5.77595e-06
6.06986e-06
6.37075e-06
6.67847e-06
6.99284e-06
7.31374e-06
7.64104e-06
7.97467e-06
8.31457e-06
8.66069e-06
9.01305e-06
9.37166e-06
9.73656e-06
1.01078e-05
1.04855e-05
1.08698e-05
1.12607e-05
1.16585e-05
1.20631e-05
1.2475e-05
1.2894e-05
1.33206e-05
1.37548e-05
1.41968e-05
1.46469e-05
1.51053e-05
1.55721e-05
1.60476e-05
1.6532e-05
1.70256e-05
1.75285e-05
1.80411e-05
1.85636e-05
1.90961e-05
1.96391e-05
2.01926e-05
2.07571e-05
2.13327e-05
2.19197e-05
2.25185e-05
2.31292e-05
2.37522e-05
2.43878e-05
2.50363e-05
2.56979e-05
2.6373e-05
2.70619e-05
2.77649e-05
2.84823e-05
2.92145e-05
2.99618e-05
3.07245e-05
3.15031e-05
3.22978e-05
3.3109e-05
3.3937e-05
3.47824e-05
3.56454e-05
3.65264e-05
3.74258e-05
3.83441e-05
3.92817e-05
4.02389e-05
4.12162e-05
4.22141e-05
4.3233e-05
4.42733e-05
4.53356e-05
4.64202e-05
4.75277e-05
4.86587e-05
4.98134e-05
5.09926e-05
5.21967e-05
5.34263e-05
5.46819e-05
5.5964e-05
5.72733e-05
5.86103e-05
5.99756e-05
6.13698e-05
6.27935e-05
6.42474e-05
6.5732e-05
6.72482e-05
6.87964e-05
7.03775e-05
7.1992e-05
7.36408e-05
7.53245e-05
7.70438e-05
7.87996e-05
8.05926e-05
8.24236e-05
8.42933e-05
8.62027e-05
8.81524e-05
9.01435e-05
9.21767e-05
9.4253e-05
9.63732e-05
9.85382e-05
0.000100749
0.000103007
0.000105312
0.000107666
0.00011007
0.000112525
0.000115031
0.000117591
0.000120204
0.000122873
0.000125598
0.000128381
0.000131222
0.000134123
0.000137086
0.00014011
0.000143199
0.000146352
0.000149572
0.00015286
0.000156217
0.000159644
0.000163144
0.000166716
0.000170365
0.000174089
0.000177892
0.000181774
0.000185738
0.000189785
0.000193917
0.000198135
0.000202442
0.000206838
0.000211327
0.000215909
0.000220587
0.000225362
0.000230237
0.000235214
0.000240294
0.00024548
0.000250773
0.000256177
0.000261693
0.000267324
0.000273071
0.000278937
0.000284925
0.000291036
0.000297274
0.00030364
0.000310138
0.000316769
0.000323538
0.000330445
0.000337494
0.000344688
0.000352029
0.00035952
0.000367164
0.000374964
0.000382923
0.000391045
0.000399331
0.000407785
0.00041641
0.00042521
0.000434187
0.000443345
0.000452687
0.000462216
0.000471936
0.00048185
0.000491961
0.000502273
0.000512789
0.000523513
0.000534448
0.000545597
0.000556964
0.000568552
0.000580366
0.000592407
0.00060468
0.000617188
0.000629934
0.000642921
0.000656152
0.000669631
0.00068336
0.000697342
0.000711579
0.000726074
0.000740829
0.000755846
0.000771126
0.000786671
0.000802481
0.000818557
0.000834898
0.000851505
0.000868374
0.000885505
0.000902895
0.00092054
0.000938435
0.000956576
0.000974955
0.000993566
0.0010124
0.00103145
0.00103145
0.0010124
0.000993566
0.000974955
0.000956576
0.000938435
0.00092054
0.000902895
0.000885505
0.000868374
0.000851505
0.000834898
0.000818557
0.000802481
0.000786671
0.000771126
0.000755846
0.000740829
0.000726074
0.000711579
0.000697342
0.00068336
0.000669631
0.000656152
0.000642921
0.000629934
0.000617188
0.00060468
0.000592407
0.000580366
0.000568552
0.000556964
0.000545597
0.000534448
0.000523513
0.000512789
0.000502273
0.000491961
0.00048185
0.000471936
0.000462216
0.000452687
0.000443345
0.000434187
0.00042521
0.00041641
0.000407785
0.000399331
0.000391045
0.000382923
0.000374964
0.000367164
0.00035952
0.000352029
0.000344688
0.000337494
0.000330445
0.000323538
0.000316769
0.000310138
0.00030364
0.000297274
0.000291036
0.000284925
0.000278937
0.000273071
0.000267324
0.000261693
0.000256177
0.000250773
0.00024548
0.000240294
0.000235214
0.000230237
0.000225362
0.000220587
0.000215909
0.000211327
0.000206838
0.000202442
0.000198135
0.000193917
0.000189785
0.000185738
0.000181774
0.000177892
0.000174089
0.000170365
0.000166717
0.000163143
0.000159644
0.000156217
0.00015286
0.000149572
0.000146352
0.000143199
0.00014011
0.000137086
0.000134123
0.000131222
0.000128381
0.000125598
0.000122873
0.000120204
0.000117591
0.000115031
0.000112525
0.00011007
0.000107666
0.000105312
0.000103007
0.000100749
9.85382e-05
9.63732e-05
9.42529e-05
9.21767e-05
9.01435e-05
8.81524e-05
8.62027e-05
8.42933e-05
8.24236e-05
8.05926e-05
7.87996e-05
7.70438e-05
7.53245e-05
7.36408e-05
7.1992e-05
7.03775e-05
6.87964e-05
6.72482e-05
6.5732e-05
6.42474e-05
6.27935e-05
6.13698e-05
5.99756e-05
5.86103e-05
5.72733e-05
5.5964e-05
5.46819e-05
5.34263e-05
5.21968e-05
5.09926e-05
4.98134e-05
4.86587e-05
4.75277e-05
4.64202e-05
4.53356e-05
4.42733e-05
4.3233e-05
4.22141e-05
4.12162e-05
4.02389e-05
3.92817e-05
3.83441e-05
3.74258e-05
3.65264e-05
3.56454e-05
3.47824e-05
3.39371e-05
3.31089e-05
3.22978e-05
3.15031e-05
3.07245e-05
2.99618e-05
2.92145e-05
2.84823e-05
2.77649e-05
2.70619e-05
2.6373e-05
2.56979e-05
2.50363e-05
2.43878e-05
2.37522e-05
2.31292e-05
2.25185e-05
2.19197e-05
2.13327e-05
2.0757e-05
2.01926e-05
1.9639e-05
1.90961e-05
1.85636e-05
1.80411e-05
1.75285e-05
1.70256e-05
1.6532e-05
1.60476e-05
1.55721e-05
1.51053e-05
1.46469e-05
1.41968e-05
1.37548e-05
1.33206e-05
1.2894e-05
1.24749e-05
1.20631e-05
1.16585e-05
1.12607e-05
1.08698e-05
1.04855e-05
1.01078e-05
9.73656e-06
9.37167e-06
9.01305e-06
8.6607e-06
8.31456e-06
7.97467e-06
7.64104e-06
7.31375e-06
6.99284e-06
6.67847e-06
6.37075e-06
6.06986e-06
5.77595e-06
5.48924e-06
5.20989e-06
4.93811e-06
4.67409e-06
4.41797e-06
4.16992e-06
3.93004e-06
3.69839e-06
3.47502e-06
3.25992e-06
3.05306e-06
2.85434e-06
2.66366e-06
2.48087e-06
2.30581e-06
2.13827e-06
1.97807e-06
1.82496e-06
1.67874e-06
1.53916e-06
1.40599e-06
1.279e-06
1.15795e-06
1.04262e-06
9.32794e-07
8.28236e-07
7.2875e-07
6.34124e-07
5.44168e-07
4.5869e-07
3.77501e-07
3.00429e-07
2.27305e-07
1.57962e-07
9.22451e-08
3.00021e-08
0.00103145
0.0010124
0.000993566
0.000974955
0.000956576
0.000938435
0.00092054
0.000902895
0.000885505
0.000868374
0.000851505
0.000834898
0.000818557
0.000802481
0.000786671
0.000771126
0.000755846
0.000740829
0.000726074
0.000711579
0.000697342
0.00068336
0.000669631
0.000656152
0.000642921
0.000629934
0.000617188
0.00060468
0.000592407
0.000580366
0.000568552
0.000556964
0.000545597
0.000534448
0.000523513
0.000512789
0.000502273
0.000491961
0.00048185
0.000471936
0.000462216
0.000452687
0.000443345
0.000434187
0.00042521
0.00041641
0.000407785
0.000399331
0.000391045
0.000382923
0.000374964
0.000367164
0.00035952
0.000352029
0.000344688
0.000337494
0.000330445
0.000323538
0.000316769
0.000310138
0.00030364
0.000297274
0.000291036
0.000284925
0.000278937
0.000273071
0.000267324
0.000261693
0.000256177
0.000250773
0.00024548
0.000240294
0.000235214
0.000230237
0.000225362
0.000220587
0.000215909
0.000211327
0.000206838
0.000202442
0.000198135
0.000193917
0.000189785
0.000185738
0.000181774
0.000177892
0.000174089
0.000170365
0.000166717
0.000163143
0.000159644
0.000156217
0.00015286
0.000149572
0.000146352
0.000143199
0.00014011
0.000137086
0.000134123
0.000131222
0.000128381
0.000125598
0.000122873
0.000120204
0.000117591
0.000115031
0.000112525
0.00011007
0.000107666
0.000105312
0.000103007
0.000100749
9.85382e-05
9.63732e-05
9.42529e-05
9.21767e-05
9.01435e-05
8.81524e-05
8.62027e-05
8.42933e-05
8.24236e-05
8.05926e-05
7.87996e-05
7.70438e-05
7.53245e-05
7.36408e-05
7.1992e-05
7.03775e-05
6.87964e-05
6.72482e-05
6.5732e-05
6.42474e-05
6.27935e-05
6.13698e-05
5.99756e-05
5.86103e-05
5.72733e-05
5.5964e-05
5.46819e-05
5.34263e-05
5.21968e-05
5.09926e-05
4.98134e-05
4.86587e-05
4.75277e-05
4.64202e-05
4.53356e-05
4.42733e-05
4.3233e-05
4.22141e-05
4.12162e-05
4.02389e-05
3.92817e-05
3.83441e-05
3.74258e-05
3.65264e-05
3.56454e-05
3.47824e-05
3.39371e-05
3.31089e-05
3.22978e-05
3.15031e-05
3.07245e-05
2.99618e-05
2.92145e-05
2.84823e-05
2.77649e-05
2.70619e-05
2.6373e-05
2.56979e-05
2.50363e-05
2.43878e-05
2.37522e-05
2.31292e-05
2.25185e-05
2.19197e-05
2.13327e-05
2.0757e-05
2.01926e-05
1.9639e-05
1.90961e-05
1.85636e-05
1.80411e-05
1.75285e-05
1.70256e-05
1.6532e-05
1.60476e-05
1.55721e-05
1.51053e-05
1.46469e-05
1.41968e-05
1.37548e-05
1.33206e-05
1.2894e-05
1.24749e-05
1.20631e-05
1.16585e-05
1.12607e-05
1.08698e-05
1.04855e-05
1.01078e-05
9.73656e-06
9.37167e-06
9.01305e-06
8.6607e-06
8.31456e-06
7.97467e-06
7.64104e-06
7.31375e-06
6.99284e-06
6.67847e-06
6.37075e-06
6.06986e-06
5.77595e-06
5.48924e-06
5.20989e-06
4.93811e-06
4.67409e-06
4.41797e-06
4.16992e-06
3.93004e-06
3.69839e-06
3.47502e-06
3.25992e-06
3.05306e-06
2.85434e-06
2.66366e-06
2.48087e-06
2.30581e-06
2.13827e-06
1.97807e-06
1.82496e-06
1.67874e-06
1.53916e-06
1.40599e-06
1.279e-06
1.15795e-06
1.04262e-06
9.32794e-07
8.28236e-07
7.2875e-07
6.34124e-07
5.44168e-07
4.5869e-07
3.77501e-07
3.00429e-07
2.27305e-07
1.57962e-07
9.22451e-08
3.00021e-08
)
;
    }
    sides
    {
        type            empty;
        value           nonuniform List<scalar> 0();
    }
}


// ************************************************************************* //
