/*--------------------------------*- C++ -*----------------------------------*\
| =========                 |                                                 |
| \\      /  F ield         | OpenFOAM: The Open Source CFD Toolbox           |
|  \\    /   O peration     | Version:  2106                                  |
|   \\  /    A nd           | Website:  www.openfoam.com                      |
|    \\/     M anipulation  |                                                 |
\*---------------------------------------------------------------------------*/
FoamFile
{
    version     2.0;
    format      ascii;
    arch        "LSB;label=32;scalar=64";
    class       volScalarField;
    location    "10070";
    object      omega;
}
// * * * * * * * * * * * * * * * * * * * * * * * * * * * * * * * * * * * * * //

dimensions      [0 0 -1 0 0 0 0];

internalField   nonuniform List<scalar> 
2000
(
794195
794195
137841
137841
46545.9
46545.9
21856.2
21856.2
12334.3
12334.3
7799.49
7799.49
5322.81
5322.81
3835.33
3835.33
2877.76
2877.76
2227.98
2227.98
1768.47
1768.47
1432.58
1432.58
1180.31
1180.31
986.523
986.523
834.8
834.8
714.073
714.073
616.659
616.659
537.1
537.1
471.43
471.43
416.716
416.716
370.752
370.752
331.851
331.851
298.707
298.707
270.296
270.296
245.804
245.804
224.579
224.579
206.093
206.093
189.915
189.915
175.691
175.691
163.125
163.125
151.973
151.973
142.029
142.029
133.12
133.12
125.101
125.101
117.849
117.849
111.259
111.259
105.245
105.245
99.7315
99.7315
94.6564
94.6564
89.9665
89.9665
85.6171
85.6171
81.5703
81.5703
77.7938
77.7938
74.2604
74.2604
70.9467
70.9467
67.8326
67.8326
64.9009
64.9009
62.1364
62.1364
59.5261
59.5261
57.0583
57.0583
54.7228
54.7228
52.5104
52.5104
50.4127
50.4127
48.4223
48.4223
46.5323
46.5323
44.7365
44.7365
43.0291
43.0291
41.4048
41.4048
39.8588
39.8588
38.3865
38.3865
36.9835
36.9835
35.6461
35.6461
34.3704
34.3704
33.1531
33.1531
31.9909
31.9909
30.8809
30.8809
29.8201
29.8201
28.8059
28.8059
27.8359
27.8359
26.9077
26.9077
26.0191
26.0191
25.168
25.168
24.3525
24.3525
23.5708
23.5708
22.8212
22.8212
22.102
22.102
21.4117
21.4117
20.7489
20.7489
20.1122
20.1122
19.5004
19.5004
18.9123
18.9123
18.3467
18.3467
17.8025
17.8025
17.2788
17.2788
16.7746
16.7746
16.289
16.289
15.8211
15.8211
15.3701
15.3701
14.9353
14.9353
14.516
14.516
14.1114
14.1114
13.7209
13.7209
13.3439
13.3439
12.9799
12.9799
12.6282
12.6282
12.2884
12.2884
11.9599
11.9599
11.6423
11.6423
11.3351
11.3351
11.0379
11.0379
10.7504
10.7504
10.472
10.472
10.2025
10.2025
9.94144
9.94144
9.68857
9.68857
9.44354
9.44354
9.20606
9.20606
8.97583
8.97583
8.75259
8.75259
8.53606
8.53606
8.326
8.326
8.12217
8.12217
7.92433
7.92433
7.73229
7.73229
7.54581
7.54581
7.36471
7.36471
7.18879
7.18879
7.01788
7.01788
6.85178
6.85178
6.69035
6.69035
6.53342
6.53342
6.38083
6.38083
6.23243
6.23243
6.08809
6.08809
5.94768
5.94768
5.81105
5.81105
5.67808
5.67808
5.54866
5.54866
5.42267
5.42267
5.3
5.3
5.18055
5.18055
5.0642
5.0642
4.95086
4.95086
4.84044
4.84044
4.73285
4.73285
4.628
4.628
4.5258
4.5258
4.42617
4.42617
4.32903
4.32903
4.23432
4.23432
4.14195
4.14195
4.05186
4.05186
3.96398
3.96398
3.87824
3.87824
3.79459
3.79459
3.71295
3.71295
3.63327
3.63327
3.5555
3.5555
3.47958
3.47958
3.40546
3.40546
3.33308
3.33308
3.2624
3.2624
3.19337
3.19337
3.12594
3.12594
3.06007
3.06007
2.99572
2.99572
2.93284
2.93284
2.87139
2.87139
2.81134
2.81134
2.75265
2.75265
2.69527
2.69527
2.63918
2.63918
2.58434
2.58434
2.53071
2.53071
2.47827
2.47827
2.42698
2.42698
2.37682
2.37682
2.32775
2.32775
2.27974
2.27974
2.23277
2.23277
2.1868
2.1868
2.14183
2.14183
2.09781
2.09781
2.05472
2.05472
2.01254
2.01254
1.97125
1.97125
1.93082
1.93082
1.89123
1.89123
1.85246
1.85246
1.81449
1.81449
1.7773
1.7773
1.74087
1.74087
1.70518
1.70518
1.67021
1.67021
1.63595
1.63595
1.60237
1.60237
1.56945
1.56945
1.53719
1.53719
1.50557
1.50557
1.47456
1.47456
1.44416
1.44416
1.41435
1.41435
1.38511
1.38511
1.35643
1.35643
1.3283
1.3283
1.3007
1.3007
1.27362
1.27362
1.24705
1.24705
1.22097
1.22097
1.19537
1.19537
1.17024
1.17024
1.14557
1.14557
1.12135
1.12135
1.09756
1.09756
1.0742
1.0742
1.05126
1.05126
1.02872
1.02872
1.00658
1.00658
0.984824
0.984824
0.963448
0.963448
0.942442
0.942442
0.921799
0.921799
0.901509
0.901509
0.881567
0.881567
0.861965
0.861965
0.842698
0.842698
0.823759
0.823759
0.805143
0.805143
0.786847
0.786847
0.768865
0.768865
0.751195
0.751195
0.733834
0.733834
0.716781
0.716781
0.700036
0.700036
0.683598
0.683598
0.66747
0.66747
0.651654
0.651654
0.636156
0.636156
0.62098
0.62098
0.606136
0.606136
0.591633
0.591633
0.577484
0.577484
0.563703
0.563703
0.550309
0.550309
0.537321
0.537321
0.524765
0.524765
0.512669
0.512669
0.501065
0.501065
0.489991
0.489991
0.479488
0.479488
0.469604
0.469604
0.460392
0.460392
0.451911
0.451911
0.444223
0.444223
0.437399
0.437399
0.431512
0.431512
0.426641
0.426641
0.422866
0.422866
0.420268
0.420268
0.41893
0.41893
794195
794195
137841
137841
46545.9
46545.9
21856.2
21856.2
12334.3
12334.3
7799.49
7799.49
5322.81
5322.81
3835.33
3835.33
2877.76
2877.76
2227.98
2227.98
1768.47
1768.47
1432.58
1432.58
1180.31
1180.31
986.523
986.523
834.8
834.8
714.073
714.073
616.659
616.659
537.1
537.1
471.43
471.43
416.716
416.716
370.752
370.752
331.851
331.851
298.707
298.707
270.296
270.296
245.804
245.804
224.579
224.579
206.093
206.093
189.915
189.915
175.691
175.691
163.125
163.125
151.973
151.973
142.029
142.029
133.12
133.12
125.101
125.101
117.849
117.849
111.259
111.259
105.245
105.245
99.7315
99.7315
94.6564
94.6564
89.9665
89.9665
85.6171
85.6171
81.5703
81.5703
77.7938
77.7938
74.2604
74.2604
70.9467
70.9467
67.8326
67.8326
64.9009
64.9009
62.1364
62.1364
59.5261
59.5261
57.0583
57.0583
54.7228
54.7228
52.5104
52.5104
50.4127
50.4127
48.4223
48.4223
46.5323
46.5323
44.7365
44.7365
43.0291
43.0291
41.4048
41.4048
39.8588
39.8588
38.3865
38.3865
36.9835
36.9835
35.6461
35.6461
34.3704
34.3704
33.1531
33.1531
31.9909
31.9909
30.8809
30.8809
29.8201
29.8201
28.8059
28.8059
27.8359
27.8359
26.9077
26.9077
26.0191
26.0191
25.168
25.168
24.3525
24.3525
23.5708
23.5708
22.8212
22.8212
22.102
22.102
21.4117
21.4117
20.7489
20.7489
20.1122
20.1122
19.5004
19.5004
18.9123
18.9123
18.3467
18.3467
17.8025
17.8025
17.2788
17.2788
16.7746
16.7746
16.289
16.289
15.8211
15.8211
15.3701
15.3701
14.9353
14.9353
14.516
14.516
14.1114
14.1114
13.7209
13.7209
13.3439
13.3439
12.9799
12.9799
12.6282
12.6282
12.2884
12.2884
11.9599
11.9599
11.6423
11.6423
11.3351
11.3351
11.0379
11.0379
10.7504
10.7504
10.472
10.472
10.2025
10.2025
9.94144
9.94144
9.68857
9.68857
9.44354
9.44354
9.20606
9.20606
8.97583
8.97583
8.75259
8.75259
8.53606
8.53606
8.326
8.326
8.12217
8.12217
7.92433
7.92433
7.73229
7.73229
7.54581
7.54581
7.36471
7.36471
7.18879
7.18879
7.01788
7.01788
6.85178
6.85178
6.69035
6.69035
6.53342
6.53342
6.38083
6.38083
6.23243
6.23243
6.08809
6.08809
5.94768
5.94768
5.81105
5.81105
5.67808
5.67808
5.54866
5.54866
5.42267
5.42267
5.3
5.3
5.18055
5.18055
5.0642
5.0642
4.95086
4.95086
4.84044
4.84044
4.73285
4.73285
4.628
4.628
4.5258
4.5258
4.42617
4.42617
4.32903
4.32903
4.23432
4.23432
4.14195
4.14195
4.05186
4.05186
3.96398
3.96398
3.87824
3.87824
3.79459
3.79459
3.71295
3.71295
3.63327
3.63327
3.5555
3.5555
3.47958
3.47958
3.40546
3.40546
3.33308
3.33308
3.2624
3.2624
3.19337
3.19337
3.12594
3.12594
3.06007
3.06007
2.99572
2.99572
2.93284
2.93284
2.87139
2.87139
2.81134
2.81134
2.75265
2.75265
2.69527
2.69527
2.63918
2.63918
2.58434
2.58434
2.53071
2.53071
2.47827
2.47827
2.42698
2.42698
2.37682
2.37682
2.32775
2.32775
2.27974
2.27974
2.23277
2.23277
2.1868
2.1868
2.14183
2.14183
2.09781
2.09781
2.05472
2.05472
2.01254
2.01254
1.97125
1.97125
1.93082
1.93082
1.89123
1.89123
1.85246
1.85246
1.81449
1.81449
1.7773
1.7773
1.74087
1.74087
1.70518
1.70518
1.67021
1.67021
1.63595
1.63595
1.60237
1.60237
1.56945
1.56945
1.53719
1.53719
1.50557
1.50557
1.47456
1.47456
1.44416
1.44416
1.41435
1.41435
1.38511
1.38511
1.35643
1.35643
1.3283
1.3283
1.3007
1.3007
1.27362
1.27362
1.24705
1.24705
1.22097
1.22097
1.19537
1.19537
1.17024
1.17024
1.14557
1.14557
1.12135
1.12135
1.09756
1.09756
1.0742
1.0742
1.05126
1.05126
1.02872
1.02872
1.00658
1.00658
0.984824
0.984824
0.963448
0.963448
0.942442
0.942442
0.921799
0.921799
0.901509
0.901509
0.881567
0.881567
0.861965
0.861965
0.842698
0.842698
0.823759
0.823759
0.805143
0.805143
0.786847
0.786847
0.768865
0.768865
0.751195
0.751195
0.733834
0.733834
0.716781
0.716781
0.700036
0.700036
0.683598
0.683598
0.66747
0.66747
0.651654
0.651654
0.636156
0.636156
0.62098
0.62098
0.606136
0.606136
0.591633
0.591633
0.577484
0.577484
0.563703
0.563703
0.550309
0.550309
0.537321
0.537321
0.524765
0.524765
0.512669
0.512669
0.501065
0.501065
0.489991
0.489991
0.479488
0.479488
0.469604
0.469604
0.460392
0.460392
0.451911
0.451911
0.444223
0.444223
0.437399
0.437399
0.431512
0.431512
0.426641
0.426641
0.422866
0.422866
0.420268
0.420268
0.41893
0.41893
0.41893
0.41893
0.420268
0.420268
0.422866
0.422866
0.426641
0.426641
0.431512
0.431512
0.437399
0.437399
0.444223
0.444223
0.451911
0.451911
0.460392
0.460392
0.469604
0.469604
0.479488
0.479488
0.489991
0.489991
0.501065
0.501065
0.512669
0.512669
0.524765
0.524765
0.537321
0.537321
0.550309
0.550309
0.563703
0.563703
0.577484
0.577484
0.591633
0.591633
0.606136
0.606136
0.62098
0.62098
0.636156
0.636156
0.651654
0.651654
0.66747
0.66747
0.683598
0.683598
0.700036
0.700036
0.716781
0.716781
0.733834
0.733834
0.751195
0.751195
0.768865
0.768865
0.786847
0.786847
0.805143
0.805143
0.823759
0.823759
0.842698
0.842698
0.861965
0.861965
0.881567
0.881567
0.901509
0.901509
0.921799
0.921799
0.942442
0.942442
0.963448
0.963448
0.984824
0.984824
1.00658
1.00658
1.02872
1.02872
1.05126
1.05126
1.0742
1.0742
1.09756
1.09756
1.12135
1.12135
1.14557
1.14557
1.17024
1.17024
1.19537
1.19537
1.22097
1.22097
1.24705
1.24705
1.27362
1.27362
1.3007
1.3007
1.3283
1.3283
1.35643
1.35643
1.38511
1.38511
1.41435
1.41435
1.44416
1.44416
1.47456
1.47456
1.50557
1.50557
1.53719
1.53719
1.56945
1.56945
1.60237
1.60237
1.63595
1.63595
1.67021
1.67021
1.70518
1.70518
1.74087
1.74087
1.7773
1.7773
1.81449
1.81449
1.85246
1.85246
1.89123
1.89123
1.93082
1.93082
1.97125
1.97125
2.01254
2.01254
2.05472
2.05472
2.09781
2.09781
2.14183
2.14183
2.1868
2.1868
2.23277
2.23277
2.27974
2.27974
2.32775
2.32775
2.37682
2.37682
2.42698
2.42698
2.47827
2.47827
2.53071
2.53071
2.58434
2.58434
2.63918
2.63918
2.69527
2.69527
2.75265
2.75265
2.81134
2.81134
2.87139
2.87139
2.93284
2.93284
2.99572
2.99572
3.06007
3.06007
3.12594
3.12594
3.19337
3.19337
3.2624
3.2624
3.33308
3.33308
3.40546
3.40546
3.47958
3.47958
3.5555
3.5555
3.63327
3.63327
3.71295
3.71295
3.79459
3.79459
3.87824
3.87824
3.96398
3.96398
4.05186
4.05186
4.14195
4.14195
4.23432
4.23432
4.32903
4.32903
4.42617
4.42617
4.5258
4.5258
4.628
4.628
4.73285
4.73285
4.84044
4.84044
4.95086
4.95086
5.0642
5.0642
5.18055
5.18055
5.3
5.3
5.42267
5.42267
5.54866
5.54866
5.67808
5.67808
5.81105
5.81105
5.94768
5.94768
6.08809
6.08809
6.23243
6.23243
6.38083
6.38083
6.53342
6.53342
6.69035
6.69035
6.85178
6.85178
7.01787
7.01787
7.18879
7.18879
7.36471
7.36471
7.54581
7.54581
7.73229
7.73229
7.92433
7.92433
8.12217
8.12217
8.326
8.326
8.53606
8.53606
8.75259
8.75259
8.97583
8.97583
9.20606
9.20606
9.44354
9.44354
9.68857
9.68857
9.94144
9.94144
10.2025
10.2025
10.472
10.472
10.7504
10.7504
11.0379
11.0379
11.3351
11.3351
11.6423
11.6423
11.9599
11.9599
12.2884
12.2884
12.6282
12.6282
12.9799
12.9799
13.3439
13.3439
13.7209
13.7209
14.1114
14.1114
14.516
14.516
14.9353
14.9353
15.3701
15.3701
15.8211
15.8211
16.289
16.289
16.7746
16.7746
17.2788
17.2788
17.8025
17.8025
18.3467
18.3467
18.9123
18.9123
19.5004
19.5004
20.1122
20.1122
20.7489
20.7489
21.4117
21.4117
22.102
22.102
22.8212
22.8212
23.5708
23.5708
24.3525
24.3525
25.168
25.168
26.0191
26.0191
26.9077
26.9077
27.8359
27.8359
28.8059
28.8059
29.8201
29.8201
30.8809
30.8809
31.9909
31.9909
33.1531
33.1531
34.3704
34.3704
35.6461
35.6461
36.9835
36.9835
38.3865
38.3865
39.8588
39.8588
41.4048
41.4048
43.0291
43.0291
44.7365
44.7365
46.5323
46.5323
48.4223
48.4223
50.4127
50.4127
52.5104
52.5104
54.7228
54.7228
57.0583
57.0583
59.5261
59.5261
62.1364
62.1364
64.9009
64.9009
67.8326
67.8326
70.9467
70.9467
74.2604
74.2604
77.7938
77.7938
81.5703
81.5703
85.6171
85.6171
89.9665
89.9665
94.6564
94.6564
99.7315
99.7315
105.245
105.245
111.259
111.259
117.849
117.849
125.101
125.101
133.12
133.12
142.029
142.029
151.973
151.973
163.125
163.125
175.691
175.691
189.915
189.915
206.093
206.093
224.579
224.579
245.804
245.804
270.296
270.296
298.707
298.707
331.851
331.851
370.752
370.752
416.716
416.716
471.43
471.43
537.1
537.1
616.659
616.659
714.073
714.073
834.8
834.8
986.522
986.522
1180.31
1180.31
1432.58
1432.58
1768.47
1768.47
2227.98
2227.98
2877.77
2877.77
3835.33
3835.33
5322.81
5322.81
7799.49
7799.49
12334.3
12334.3
21856.2
21856.2
46545.9
46545.9
137840
137840
794191
794191
0.41893
0.41893
0.420268
0.420268
0.422866
0.422866
0.426641
0.426641
0.431512
0.431512
0.437399
0.437399
0.444223
0.444223
0.451911
0.451911
0.460392
0.460392
0.469604
0.469604
0.479488
0.479488
0.489991
0.489991
0.501065
0.501065
0.512669
0.512669
0.524765
0.524765
0.537321
0.537321
0.550309
0.550309
0.563703
0.563703
0.577484
0.577484
0.591633
0.591633
0.606136
0.606136
0.62098
0.62098
0.636156
0.636156
0.651654
0.651654
0.66747
0.66747
0.683598
0.683598
0.700036
0.700036
0.716781
0.716781
0.733834
0.733834
0.751195
0.751195
0.768865
0.768865
0.786847
0.786847
0.805143
0.805143
0.823759
0.823759
0.842698
0.842698
0.861965
0.861965
0.881567
0.881567
0.901509
0.901509
0.921799
0.921799
0.942442
0.942442
0.963448
0.963448
0.984824
0.984824
1.00658
1.00658
1.02872
1.02872
1.05126
1.05126
1.0742
1.0742
1.09756
1.09756
1.12135
1.12135
1.14557
1.14557
1.17024
1.17024
1.19537
1.19537
1.22097
1.22097
1.24705
1.24705
1.27362
1.27362
1.3007
1.3007
1.3283
1.3283
1.35643
1.35643
1.38511
1.38511
1.41435
1.41435
1.44416
1.44416
1.47456
1.47456
1.50557
1.50557
1.53719
1.53719
1.56945
1.56945
1.60237
1.60237
1.63595
1.63595
1.67021
1.67021
1.70518
1.70518
1.74087
1.74087
1.7773
1.7773
1.81449
1.81449
1.85246
1.85246
1.89123
1.89123
1.93082
1.93082
1.97125
1.97125
2.01254
2.01254
2.05472
2.05472
2.09781
2.09781
2.14183
2.14183
2.1868
2.1868
2.23277
2.23277
2.27974
2.27974
2.32775
2.32775
2.37682
2.37682
2.42698
2.42698
2.47827
2.47827
2.53071
2.53071
2.58434
2.58434
2.63918
2.63918
2.69527
2.69527
2.75265
2.75265
2.81134
2.81134
2.87139
2.87139
2.93284
2.93284
2.99572
2.99572
3.06007
3.06007
3.12594
3.12594
3.19337
3.19337
3.2624
3.2624
3.33308
3.33308
3.40546
3.40546
3.47958
3.47958
3.5555
3.5555
3.63327
3.63327
3.71295
3.71295
3.79459
3.79459
3.87824
3.87824
3.96398
3.96398
4.05186
4.05186
4.14195
4.14195
4.23432
4.23432
4.32903
4.32903
4.42617
4.42617
4.5258
4.5258
4.628
4.628
4.73285
4.73285
4.84044
4.84044
4.95086
4.95086
5.0642
5.0642
5.18055
5.18055
5.3
5.3
5.42267
5.42267
5.54866
5.54866
5.67808
5.67808
5.81105
5.81105
5.94768
5.94768
6.08809
6.08809
6.23243
6.23243
6.38083
6.38083
6.53342
6.53342
6.69035
6.69035
6.85178
6.85178
7.01787
7.01787
7.18879
7.18879
7.36471
7.36471
7.54581
7.54581
7.73229
7.73229
7.92433
7.92433
8.12217
8.12217
8.326
8.326
8.53606
8.53606
8.75259
8.75259
8.97583
8.97583
9.20606
9.20606
9.44354
9.44354
9.68857
9.68857
9.94144
9.94144
10.2025
10.2025
10.472
10.472
10.7504
10.7504
11.0379
11.0379
11.3351
11.3351
11.6423
11.6423
11.9599
11.9599
12.2884
12.2884
12.6282
12.6282
12.9799
12.9799
13.3439
13.3439
13.7209
13.7209
14.1114
14.1114
14.516
14.516
14.9353
14.9353
15.3701
15.3701
15.8211
15.8211
16.289
16.289
16.7746
16.7746
17.2788
17.2788
17.8025
17.8025
18.3467
18.3467
18.9123
18.9123
19.5004
19.5004
20.1122
20.1122
20.7489
20.7489
21.4117
21.4117
22.102
22.102
22.8212
22.8212
23.5708
23.5708
24.3525
24.3525
25.168
25.168
26.0191
26.0191
26.9077
26.9077
27.8359
27.8359
28.8059
28.8059
29.8201
29.8201
30.8809
30.8809
31.9909
31.9909
33.1531
33.1531
34.3704
34.3704
35.6461
35.6461
36.9835
36.9835
38.3865
38.3865
39.8588
39.8588
41.4048
41.4048
43.0291
43.0291
44.7365
44.7365
46.5323
46.5323
48.4223
48.4223
50.4127
50.4127
52.5104
52.5104
54.7228
54.7228
57.0583
57.0583
59.5261
59.5261
62.1364
62.1364
64.9009
64.9009
67.8326
67.8326
70.9467
70.9467
74.2604
74.2604
77.7938
77.7938
81.5703
81.5703
85.6171
85.6171
89.9665
89.9665
94.6564
94.6564
99.7315
99.7315
105.245
105.245
111.259
111.259
117.849
117.849
125.101
125.101
133.12
133.12
142.029
142.029
151.973
151.973
163.125
163.125
175.691
175.691
189.915
189.915
206.093
206.093
224.579
224.579
245.804
245.804
270.296
270.296
298.707
298.707
331.851
331.851
370.752
370.752
416.716
416.716
471.43
471.43
537.1
537.1
616.659
616.659
714.073
714.073
834.8
834.8
986.522
986.522
1180.31
1180.31
1432.58
1432.58
1768.47
1768.47
2227.98
2227.98
2877.77
2877.77
3835.33
3835.33
5322.81
5322.81
7799.49
7799.49
12334.3
12334.3
21856.2
21856.2
46545.9
46545.9
137840
137840
794191
794191
)
;

boundaryField
{
    walls
    {
        blending        binomial2;
        n               2;
        beta1           0.075;
        type            omegaWallFunction;
        value           nonuniform List<scalar> 8(794195 794195 794195 794195 794191 794191 794191 794191);
    }
    inlet
    {
        type            cyclic;
    }
    outlet
    {
        type            cyclic;
    }
    sides
    {
        type            empty;
    }
}


// ************************************************************************* //
