/*--------------------------------*- C++ -*----------------------------------*\
| =========                 |                                                 |
| \\      /  F ield         | OpenFOAM: The Open Source CFD Toolbox           |
|  \\    /   O peration     | Version:  2106                                  |
|   \\  /    A nd           | Website:  www.openfoam.com                      |
|    \\/     M anipulation  |                                                 |
\*---------------------------------------------------------------------------*/
FoamFile
{
    version     2.0;
    format      ascii;
    arch        "LSB;label=32;scalar=64";
    class       volVectorField;
    location    "10070";
    object      U;
}
// * * * * * * * * * * * * * * * * * * * * * * * * * * * * * * * * * * * * * //

dimensions      [0 1 -1 0 0 0 0];

internalField   nonuniform List<vector> 
2000
(
(0.00324201 -6.02961e-16 -9.56572e-18)
(0.00324201 -3.77725e-19 5.36263e-22)
(0.00978532 -2.16322e-15 -2.64329e-17)
(0.00978532 -1.47946e-19 2.88537e-21)
(0.0164495 -2.10274e-15 -2.79424e-17)
(0.0164495 -7.14217e-19 7.51226e-21)
(0.0232368 -2.01231e-15 -2.90523e-17)
(0.0232368 -1.10689e-18 1.25178e-20)
(0.0301494 -1.89128e-15 -3.02903e-17)
(0.0301494 -1.49517e-18 1.74783e-20)
(0.0371896 -1.95509e-15 -3.16215e-17)
(0.0371896 -1.92473e-18 2.20836e-20)
(0.0443598 -1.95873e-15 -3.3006e-17)
(0.0443598 -2.38139e-18 2.71905e-20)
(0.0516622 -1.95756e-15 -3.4442e-17)
(0.0516622 -2.81926e-18 3.28129e-20)
(0.0590993 -1.95678e-15 -3.59346e-17)
(0.0590993 -3.28307e-18 3.89284e-20)
(0.0666735 -1.95613e-15 -3.74861e-17)
(0.0666735 -3.82952e-18 4.42384e-20)
(0.074387 -1.95545e-15 -3.90983e-17)
(0.074387 -4.38083e-18 4.97508e-20)
(0.0822423 -1.95474e-15 -4.07735e-17)
(0.0822423 -4.93661e-18 5.49087e-20)
(0.0902416 -1.95396e-15 -4.25142e-17)
(0.0902416 -5.52482e-18 6.18262e-20)
(0.098387 -1.95306e-15 -4.43225e-17)
(0.098387 -6.1635e-18 6.90913e-20)
(0.106681 -1.95209e-15 -4.61997e-17)
(0.106681 -6.83286e-18 7.60971e-20)
(0.115124 -1.95117e-15 -4.81466e-17)
(0.115124 -7.55572e-18 7.99378e-20)
(0.123719 -1.9503e-15 -5.01638e-17)
(0.123719 -8.31631e-18 8.56369e-20)
(0.132466 -1.94947e-15 -5.22508e-17)
(0.132466 -8.91322e-18 9.33431e-20)
(0.141365 -1.94853e-15 -5.44058e-17)
(0.141365 -9.65252e-18 9.75347e-20)
(0.150417 -1.94745e-15 -5.66251e-17)
(0.150417 -1.05248e-17 1.01551e-19)
(0.15962 -1.94633e-15 -5.89048e-17)
(0.15962 -1.1268e-17 1.07896e-19)
(0.168972 -1.94513e-15 -6.12388e-17)
(0.168972 -1.21143e-17 1.17626e-19)
(0.17847 -1.94387e-15 -6.36191e-17)
(0.17847 -1.31668e-17 1.22069e-19)
(0.188108 -1.94246e-15 -6.60354e-17)
(0.188108 -1.42819e-17 1.28311e-19)
(0.19788 -1.94102e-15 -6.84734e-17)
(0.19788 -1.53697e-17 1.34992e-19)
(0.207778 -1.93969e-15 -7.0919e-17)
(0.207778 -1.64295e-17 1.39147e-19)
(0.217791 -1.9384e-15 -7.33558e-17)
(0.217791 -1.75822e-17 1.46472e-19)
(0.227908 -1.93704e-15 -7.57656e-17)
(0.227908 -1.88038e-17 1.49078e-19)
(0.238113 -1.93538e-15 -7.81285e-17)
(0.238113 -1.98908e-17 1.5092e-19)
(0.24839 -1.93345e-15 -8.04239e-17)
(0.24839 -2.13909e-17 1.53525e-19)
(0.258723 -1.9313e-15 -8.26312e-17)
(0.258723 -2.28277e-17 1.60405e-19)
(0.26909 -1.92951e-15 -8.47343e-17)
(0.26909 -2.38565e-17 1.62902e-19)
(0.279473 -1.92814e-15 -8.67208e-17)
(0.279473 -2.49343e-17 1.65668e-19)
(0.289849 -1.9266e-15 -8.85761e-17)
(0.289849 -2.59219e-17 1.66421e-19)
(0.300197 -1.92498e-15 -9.02891e-17)
(0.300197 -2.6731e-17 1.62593e-19)
(0.310498 -1.92338e-15 -9.18532e-17)
(0.310498 -2.77452e-17 1.59069e-19)
(0.320729 -1.9215e-15 -9.32656e-17)
(0.320729 -2.88746e-17 1.47031e-19)
(0.330873 -1.91927e-15 -9.45259e-17)
(0.330873 -3.00539e-17 1.45811e-19)
(0.340911 -1.91693e-15 -9.56367e-17)
(0.340911 -3.19405e-17 1.51641e-19)
(0.350828 -1.91425e-15 -9.6606e-17)
(0.350828 -3.40175e-17 1.55879e-19)
(0.360611 -1.91158e-15 -9.74451e-17)
(0.360611 -3.57481e-17 1.76302e-19)
(0.370248 -1.90964e-15 -9.81661e-17)
(0.370248 -3.72565e-17 1.84106e-19)
(0.379729 -1.90797e-15 -9.87875e-17)
(0.379729 -3.86193e-17 1.78423e-19)
(0.389046 -1.90636e-15 -9.9321e-17)
(0.389046 -3.99008e-17 1.64841e-19)
(0.398195 -1.90439e-15 -9.97795e-17)
(0.398195 -4.11015e-17 1.35483e-19)
(0.40717 -1.90231e-15 -1.00176e-16)
(0.40717 -4.29022e-17 1.45045e-19)
(0.415971 -1.90075e-15 -1.00528e-16)
(0.415971 -4.48051e-17 1.25776e-19)
(0.424595 -1.89907e-15 -1.0084e-16)
(0.424595 -4.63029e-17 1.45506e-19)
(0.433043 -1.89735e-15 -1.01119e-16)
(0.433043 -4.73864e-17 1.90808e-19)
(0.441317 -1.89579e-15 -1.01379e-16)
(0.441317 -4.92602e-17 1.7078e-19)
(0.449419 -1.89341e-15 -1.01626e-16)
(0.449419 -5.16598e-17 1.41002e-19)
(0.457351 -1.89073e-15 -1.01866e-16)
(0.457351 -5.32036e-17 1.1515e-19)
(0.465116 -1.88861e-15 -1.02105e-16)
(0.465116 -5.49601e-17 7.8784e-20)
(0.47272 -1.88624e-15 -1.02356e-16)
(0.47272 -5.75083e-17 4.49524e-20)
(0.480165 -1.88327e-15 -1.02621e-16)
(0.480165 -5.98042e-17 3.16034e-20)
(0.487457 -1.88056e-15 -1.02905e-16)
(0.487457 -6.15715e-17 1.05882e-20)
(0.4946 -1.87864e-15 -1.03219e-16)
(0.4946 -6.3481e-17 -3.14741e-20)
(0.501598 -1.87626e-15 -1.03563e-16)
(0.501598 -6.56503e-17 -6.94685e-20)
(0.508456 -1.87301e-15 -1.03933e-16)
(0.508456 -6.9131e-17 -1.41763e-19)
(0.515179 -1.86997e-15 -1.04327e-16)
(0.515179 -7.20418e-17 -1.41571e-19)
(0.521771 -1.86724e-15 -1.04765e-16)
(0.521771 -7.44173e-17 -1.67834e-19)
(0.528238 -1.86508e-15 -1.05235e-16)
(0.528238 -7.52503e-17 -2.37563e-19)
(0.534583 -1.86257e-15 -1.05748e-16)
(0.534583 -7.78414e-17 -3.66063e-19)
(0.540811 -1.86013e-15 -1.06288e-16)
(0.540811 -8.2601e-17 -4.28489e-19)
(0.546927 -1.85829e-15 -1.06869e-16)
(0.546927 -8.45894e-17 -4.69596e-19)
(0.552933 -1.85523e-15 -1.07476e-16)
(0.552933 -8.65678e-17 -4.93023e-19)
(0.558835 -1.85168e-15 -1.08115e-16)
(0.558835 -8.96511e-17 -4.76021e-19)
(0.564636 -1.84962e-15 -1.08793e-16)
(0.564636 -9.17915e-17 -3.9463e-19)
(0.57034 -1.84965e-15 -1.09534e-16)
(0.57034 -9.14923e-17 -3.16805e-19)
(0.575951 -1.85033e-15 -1.10344e-16)
(0.575951 -9.05667e-17 -1.95385e-19)
(0.581471 -1.84972e-15 -1.11223e-16)
(0.581471 -9.06109e-17 -1.98843e-19)
(0.586904 -1.84866e-15 -1.12153e-16)
(0.586904 -9.04527e-17 -2.1251e-19)
(0.592254 -1.84827e-15 -1.13147e-16)
(0.592254 -9.06989e-17 -7.90555e-20)
(0.597523 -1.84756e-15 -1.14191e-16)
(0.597523 -9.21896e-17 1.55893e-19)
(0.602715 -1.84642e-15 -1.15315e-16)
(0.602715 -9.28147e-17 2.74473e-19)
(0.607831 -1.84507e-15 -1.16488e-16)
(0.607831 -9.43365e-17 2.48749e-19)
(0.612876 -1.84325e-15 -1.1771e-16)
(0.612876 -9.50747e-17 3.35753e-19)
(0.617851 -1.84048e-15 -1.18989e-16)
(0.617851 -9.63646e-17 4.02996e-19)
(0.622758 -1.83704e-15 -1.20323e-16)
(0.622758 -9.9772e-17 4.19214e-19)
(0.627601 -1.83352e-15 -1.21709e-16)
(0.627601 -1.02309e-16 6.28826e-19)
(0.632381 -1.83067e-15 -1.23152e-16)
(0.632381 -1.03897e-16 8.51385e-19)
(0.637101 -1.82731e-15 -1.24656e-16)
(0.637101 -1.04507e-16 7.50802e-19)
(0.641763 -1.82152e-15 -1.26215e-16)
(0.641763 -1.04933e-16 9.65907e-19)
(0.646368 -1.81676e-15 -1.2784e-16)
(0.646368 -1.1183e-16 1.25091e-18)
(0.650918 -1.81562e-15 -1.29545e-16)
(0.650918 -1.12588e-16 1.28642e-18)
(0.655417 -1.81325e-15 -1.31321e-16)
(0.655417 -1.13645e-16 1.30842e-18)
(0.659864 -1.80977e-15 -1.33097e-16)
(0.659864 -1.17917e-16 1.53207e-18)
(0.664262 -1.80942e-15 -1.34897e-16)
(0.664262 -1.22433e-16 1.69728e-18)
(0.668612 -1.80697e-15 -1.36765e-16)
(0.668612 -1.24653e-16 1.72513e-18)
(0.672917 -1.80125e-15 -1.38662e-16)
(0.672917 -1.30098e-16 1.7585e-18)
(0.677177 -1.7977e-15 -1.40615e-16)
(0.677177 -1.33747e-16 1.68777e-18)
(0.681394 -1.79336e-15 -1.42633e-16)
(0.681394 -1.36798e-16 1.69453e-18)
(0.685569 -1.78705e-15 -1.44654e-16)
(0.685569 -1.39977e-16 1.62826e-18)
(0.689703 -1.78228e-15 -1.46767e-16)
(0.689703 -1.44139e-16 1.49623e-18)
(0.693799 -1.77449e-15 -1.48953e-16)
(0.693799 -1.48947e-16 1.54465e-18)
(0.697856 -1.77242e-15 -1.5121e-16)
(0.697856 -1.53188e-16 1.72635e-18)
(0.701877 -1.76929e-15 -1.53483e-16)
(0.701877 -1.54631e-16 1.8722e-18)
(0.705862 -1.76914e-15 -1.55826e-16)
(0.705862 -1.53645e-16 1.71646e-18)
(0.709812 -1.7677e-15 -1.58242e-16)
(0.709812 -1.54913e-16 1.71932e-18)
(0.713729 -1.76391e-15 -1.60749e-16)
(0.713729 -1.55778e-16 1.65336e-18)
(0.717613 -1.76048e-15 -1.63277e-16)
(0.717613 -1.56325e-16 1.48921e-18)
(0.721466 -1.75702e-15 -1.65909e-16)
(0.721466 -1.57525e-16 1.58433e-18)
(0.725288 -1.75377e-15 -1.68591e-16)
(0.725288 -1.59792e-16 1.51826e-18)
(0.72908 -1.75092e-15 -1.71366e-16)
(0.72908 -1.6067e-16 1.20173e-18)
(0.732843 -1.74818e-15 -1.74139e-16)
(0.732843 -1.60775e-16 1.00368e-18)
(0.736578 -1.7446e-15 -1.77023e-16)
(0.736578 -1.63304e-16 8.05692e-19)
(0.740286 -1.74023e-15 -1.79919e-16)
(0.740286 -1.63793e-16 6.50161e-19)
(0.743968 -1.73846e-15 -1.82844e-16)
(0.743968 -1.65394e-16 1.6378e-19)
(0.747623 -1.73645e-15 -1.85885e-16)
(0.747623 -1.66642e-16 -3.19063e-19)
(0.751254 -1.72891e-15 -1.89052e-16)
(0.751254 -1.69156e-16 -6.33603e-19)
(0.75486 -1.71763e-15 -1.92273e-16)
(0.75486 -1.73778e-16 -8.47652e-19)
(0.758442 -1.71083e-15 -1.95518e-16)
(0.758442 -1.79046e-16 -1.06414e-18)
(0.762001 -1.70422e-15 -1.98896e-16)
(0.762001 -1.83607e-16 -1.02925e-18)
(0.765538 -1.69519e-15 -2.02339e-16)
(0.765538 -1.89287e-16 -1.06808e-18)
(0.769053 -1.68732e-15 -2.05849e-16)
(0.769053 -1.95763e-16 -1.26727e-18)
(0.772547 -1.67965e-15 -2.09396e-16)
(0.772547 -2.00932e-16 -1.23298e-18)
(0.77602 -1.6701e-15 -2.12938e-16)
(0.77602 -2.05907e-16 -1.10528e-18)
(0.779473 -1.66181e-15 -2.16498e-16)
(0.779473 -2.13712e-16 -1.2268e-18)
(0.782906 -1.65577e-15 -2.20197e-16)
(0.782906 -2.2308e-16 -1.4875e-18)
(0.786321 -1.64295e-15 -2.24146e-16)
(0.786321 -2.31475e-16 -2.07664e-18)
(0.789716 -1.63078e-15 -2.28116e-16)
(0.789716 -2.39332e-16 -2.02023e-18)
(0.793094 -1.62335e-15 -2.32112e-16)
(0.793094 -2.50357e-16 -2.29404e-18)
(0.796453 -1.61589e-15 -2.36275e-16)
(0.796453 -2.62148e-16 -2.42077e-18)
(0.799796 -1.60964e-15 -2.40543e-16)
(0.799796 -2.74403e-16 -2.43188e-18)
(0.803121 -1.59685e-15 -2.44895e-16)
(0.803121 -2.84633e-16 -2.71876e-18)
(0.806431 -1.58187e-15 -2.49233e-16)
(0.806431 -2.96712e-16 -2.61086e-18)
(0.809724 -1.5713e-15 -2.53787e-16)
(0.809724 -3.07826e-16 -2.90754e-18)
(0.813001 -1.56075e-15 -2.58535e-16)
(0.813001 -3.17442e-16 -3.08842e-18)
(0.816264 -1.5481e-15 -2.63237e-16)
(0.816264 -3.33149e-16 -3.40577e-18)
(0.819511 -1.53395e-15 -2.67832e-16)
(0.819511 -3.43977e-16 -3.25896e-18)
(0.822744 -1.52262e-15 -2.72389e-16)
(0.822744 -3.57463e-16 -2.44088e-18)
(0.825963 -1.5124e-15 -2.76719e-16)
(0.825963 -3.64141e-16 -1.53975e-18)
(0.829168 -1.50659e-15 -2.80987e-16)
(0.829168 -3.63362e-16 -2.70928e-18)
(0.832359 -1.50147e-15 -2.85383e-16)
(0.832359 -3.62701e-16 -2.97517e-18)
(0.835537 -1.49062e-15 -2.8968e-16)
(0.835537 -3.61971e-16 -2.86162e-18)
(0.838703 -1.48259e-15 -2.94e-16)
(0.838703 -3.66704e-16 -2.97639e-18)
(0.841855 -1.47529e-15 -2.98176e-16)
(0.841855 -3.72007e-16 -3.3823e-18)
(0.844995 -1.46575e-15 -3.02368e-16)
(0.844995 -3.74709e-16 -3.3401e-18)
(0.848123 -1.45965e-15 -3.06362e-16)
(0.848123 -3.73466e-16 -3.5942e-18)
(0.85124 -1.4514e-15 -3.10557e-16)
(0.85124 -3.79869e-16 -4.16141e-18)
(0.854344 -1.44069e-15 -3.14741e-16)
(0.854344 -3.83793e-16 -4.90293e-18)
(0.857437 -1.42849e-15 -3.19178e-16)
(0.857437 -3.86939e-16 -4.52635e-18)
(0.86052 -1.41866e-15 -3.2369e-16)
(0.86052 -3.94435e-16 -3.74271e-18)
(0.863591 -1.41114e-15 -3.28243e-16)
(0.863591 -3.98788e-16 -4.32901e-18)
(0.866651 -1.40185e-15 -3.20455e-16)
(0.866651 -4.07622e-16 -3.95212e-18)
(0.869701 -1.39389e-15 -3.11341e-16)
(0.869701 -4.14313e-16 -3.43407e-18)
(0.872741 -1.38386e-15 -3.02608e-16)
(0.872741 -4.24709e-16 -2.88347e-18)
(0.875771 -1.37478e-15 -2.93859e-16)
(0.875771 -4.33765e-16 -2.47625e-18)
(0.878791 -1.36515e-15 -2.81722e-16)
(0.878791 -4.40771e-16 -3.01927e-18)
(0.881801 -1.34709e-15 -2.70097e-16)
(0.881801 -4.55755e-16 -1.92376e-18)
(0.884801 -1.33118e-15 -2.6084e-16)
(0.884801 -4.62155e-16 -2.04266e-18)
(0.887792 -1.32427e-15 -2.5007e-16)
(0.887792 -4.62036e-16 -2.5198e-18)
(0.890774 -1.31702e-15 -2.36025e-16)
(0.890774 -4.72974e-16 -2.98098e-18)
(0.893747 -1.30983e-15 -2.15393e-16)
(0.893747 -4.82997e-16 -3.02739e-18)
(0.896711 -1.29622e-15 -2.00516e-16)
(0.896711 -4.87682e-16 -4.20255e-19)
(0.899666 -1.28106e-15 -1.88202e-16)
(0.899666 -5.02853e-16 3.15861e-18)
(0.902612 -1.26955e-15 -1.73898e-16)
(0.902612 -5.1007e-16 4.75111e-18)
(0.90555 -1.2618e-15 -1.58767e-16)
(0.90555 -5.15175e-16 5.82416e-18)
(0.908479 -1.24767e-15 -1.45403e-16)
(0.908479 -5.30901e-16 6.02805e-18)
(0.9114 -1.22731e-15 -1.43493e-16)
(0.9114 -5.35461e-16 9.59929e-18)
(0.914312 -1.2153e-15 -1.33853e-16)
(0.914312 -5.46453e-16 1.07947e-17)
(0.917217 -1.19261e-15 -1.31395e-16)
(0.917217 -5.54533e-16 1.11178e-17)
(0.920113 -1.17042e-15 -1.31805e-16)
(0.920113 -5.61461e-16 1.08562e-17)
(0.923001 -1.15386e-15 -1.30682e-16)
(0.923001 -5.67008e-16 1.01703e-17)
(0.925882 -1.14484e-15 -1.30131e-16)
(0.925882 -5.67693e-16 8.03984e-18)
(0.928754 -1.14135e-15 -1.27997e-16)
(0.928754 -5.83188e-16 5.54758e-18)
(0.931619 -1.12868e-15 -1.24689e-16)
(0.931619 -5.92388e-16 1.40841e-18)
(0.934476 -1.11391e-15 -1.21297e-16)
(0.934476 -5.94196e-16 -3.70526e-18)
(0.937325 -1.09297e-15 -1.17005e-16)
(0.937325 -6.04763e-16 -7.12461e-18)
(0.940166 -1.07142e-15 -1.14217e-16)
(0.940166 -6.15699e-16 -1.19834e-17)
(0.943 -1.0633e-15 -1.12189e-16)
(0.943 -6.19571e-16 -1.75833e-17)
(0.945826 -1.04417e-15 -1.10312e-16)
(0.945826 -6.21933e-16 -2.43262e-17)
(0.948644 -1.03181e-15 -1.11006e-16)
(0.948644 -6.27483e-16 -3.15235e-17)
(0.951455 -1.02416e-15 -1.08279e-16)
(0.951455 -6.31218e-16 -3.76259e-17)
(0.954258 -1.00726e-15 -1.0862e-16)
(0.954258 -6.27695e-16 -4.28e-17)
(0.957054 -1.00206e-15 -1.08305e-16)
(0.957054 -6.27995e-16 -4.83768e-17)
(0.959841 -9.95155e-16 -1.0974e-16)
(0.959841 -6.31339e-16 -4.91608e-17)
(0.962622 -9.84879e-16 -1.08669e-16)
(0.962622 -6.26243e-16 -5.33532e-17)
(0.965394 -9.72975e-16 -1.10285e-16)
(0.965394 -6.29657e-16 -5.22552e-17)
(0.968158 -9.48929e-16 -1.09392e-16)
(0.968158 -6.26948e-16 -5.49439e-17)
(0.970915 -9.12798e-16 -1.06038e-16)
(0.970915 -6.20322e-16 -6.08731e-17)
(0.973664 -8.82517e-16 -1.02611e-16)
(0.973664 -6.23288e-16 -7.19312e-17)
(0.976404 -8.61181e-16 -1.02492e-16)
(0.976404 -6.33586e-16 -7.41009e-17)
(0.979137 -8.47957e-16 -1.02562e-16)
(0.979137 -6.67266e-16 -6.98199e-17)
(0.981861 -8.40256e-16 -1.00098e-16)
(0.981861 -6.9073e-16 -6.76971e-17)
(0.984577 -8.31106e-16 -9.49446e-17)
(0.984577 -6.97554e-16 -6.48832e-17)
(0.987285 -8.20929e-16 -9.58369e-17)
(0.987285 -6.92345e-16 -6.18458e-17)
(0.989984 -8.09869e-16 -9.61798e-17)
(0.989984 -7.03535e-16 -6.60627e-17)
(0.992674 -7.98706e-16 -9.69485e-17)
(0.992674 -7.16409e-16 -7.35246e-17)
(0.995356 -7.9239e-16 -9.80623e-17)
(0.995356 -7.10147e-16 -8.64426e-17)
(0.998029 -7.85707e-16 -9.3885e-17)
(0.998029 -7.19044e-16 -9.40336e-17)
(1.00069 -7.75127e-16 -9.46631e-17)
(1.00069 -7.22149e-16 -1.03224e-16)
(1.00335 -7.71819e-16 -1.02182e-16)
(1.00335 -7.20436e-16 -1.06329e-16)
(1.00599 -7.69838e-16 -1.0246e-16)
(1.00599 -7.22647e-16 -1.1499e-16)
(1.00862 -7.58211e-16 -1.08211e-16)
(1.00862 -7.31341e-16 -1.24973e-16)
(1.01125 -7.47227e-16 -1.04476e-16)
(1.01125 -7.23564e-16 -1.36956e-16)
(1.01386 -7.41393e-16 -1.03286e-16)
(1.01386 -7.24429e-16 -1.44955e-16)
(1.01647 -7.31963e-16 -1.06898e-16)
(1.01647 -7.30243e-16 -1.48291e-16)
(1.01906 -7.23257e-16 -1.12049e-16)
(1.01906 -6.94082e-16 -1.4757e-16)
(1.02164 -7.16736e-16 -1.27001e-16)
(1.02164 -6.8333e-16 -1.48793e-16)
(1.02421 -6.96143e-16 -1.32215e-16)
(1.02421 -6.76989e-16 -1.52974e-16)
(1.02677 -6.90843e-16 -1.34749e-16)
(1.02677 -6.62861e-16 -1.53296e-16)
(1.02931 -6.87994e-16 -1.19247e-16)
(1.02931 -6.58749e-16 -1.61049e-16)
(1.03185 -6.72209e-16 -1.15795e-16)
(1.03185 -6.64878e-16 -1.55002e-16)
(1.03437 -6.49705e-16 -1.0697e-16)
(1.03437 -6.0528e-16 -1.43162e-16)
(1.03687 -6.23149e-16 -1.02199e-16)
(1.03687 -6.15798e-16 -1.36708e-16)
(1.03936 -6.14835e-16 -9.72806e-17)
(1.03936 -6.41628e-16 -1.27723e-16)
(1.04184 -5.85854e-16 -1.09252e-16)
(1.04184 -6.13797e-16 -1.24374e-16)
(1.0443 -5.76306e-16 -1.09174e-16)
(1.0443 -5.93715e-16 -1.20051e-16)
(1.04675 -5.65452e-16 -1.07413e-16)
(1.04675 -5.96918e-16 -1.11258e-16)
(1.04918 -5.49184e-16 -1.051e-16)
(1.04918 -5.77011e-16 -1.05476e-16)
(1.05159 -5.39884e-16 -1.09579e-16)
(1.05159 -5.66006e-16 -1.05615e-16)
(1.05398 -5.12674e-16 -1.22816e-16)
(1.05398 -5.59644e-16 -1.13512e-16)
(1.05636 -5.49469e-16 -1.47642e-16)
(1.05636 -5.537e-16 -1.24169e-16)
(1.05872 -5.66839e-16 -1.64228e-16)
(1.05872 -5.76172e-16 -1.25834e-16)
(1.06105 -5.34616e-16 -1.86714e-16)
(1.06105 -5.34776e-16 -1.23935e-16)
(1.06337 -5.70465e-16 -1.74007e-16)
(1.06337 -5.06643e-16 -1.18036e-16)
(1.06566 -5.31839e-16 -1.52962e-16)
(1.06566 -5.43447e-16 -8.84642e-17)
(1.06793 -5.22989e-16 -1.55029e-16)
(1.06793 -5.2216e-16 -7.77771e-17)
(1.07018 -5.12789e-16 -1.59304e-16)
(1.07018 -5.05436e-16 -8.69804e-17)
(1.0724 -5.29357e-16 -1.39889e-16)
(1.0724 -5.28711e-16 -7.90758e-17)
(1.07459 -5.34485e-16 -1.42633e-16)
(1.07459 -5.18834e-16 -8.59771e-17)
(1.07676 -5.10973e-16 -1.53528e-16)
(1.07676 -4.86021e-16 -8.62944e-17)
(1.07889 -5.18938e-16 -1.71692e-16)
(1.07889 -4.62467e-16 -9.85183e-17)
(1.081 -5.00238e-16 -1.86382e-16)
(1.081 -4.92075e-16 -9.97624e-17)
(1.08307 -4.86643e-16 -1.82387e-16)
(1.08307 -5.20643e-16 -1.10753e-16)
(1.0851 -4.78641e-16 -1.88483e-16)
(1.0851 -5.00425e-16 -1.20387e-16)
(1.0871 -4.69352e-16 -1.69716e-16)
(1.0871 -4.50174e-16 -1.30229e-16)
(1.08906 -4.67679e-16 -1.62907e-16)
(1.08906 -4.83901e-16 -1.18957e-16)
(1.09098 -4.77689e-16 -1.48995e-16)
(1.09098 -5.00582e-16 -1.16797e-16)
(1.09286 -4.39301e-16 -1.45018e-16)
(1.09286 -4.47373e-16 -1.09934e-16)
(1.09469 -4.22574e-16 -1.5193e-16)
(1.09469 -4.67025e-16 -1.06173e-16)
(1.09647 -4.19335e-16 -1.19316e-16)
(1.09647 -4.58112e-16 -1.06191e-16)
(1.0982 -3.98199e-16 -1.14548e-16)
(1.0982 -4.60936e-16 -8.8908e-17)
(1.09987 -4.46305e-16 -8.24109e-17)
(1.09987 -4.79485e-16 -5.86348e-17)
(1.10148 -4.6544e-16 -9.57076e-17)
(1.10148 -5.00968e-16 -1.01826e-17)
(1.10303 -3.95572e-16 -1.22077e-16)
(1.10303 -5.0882e-16 2.77115e-17)
(1.10451 -4.28385e-16 -1.16656e-16)
(1.10451 -4.69285e-16 5.41767e-17)
(1.10592 -4.11094e-16 -1.52079e-16)
(1.10592 -4.53814e-16 5.12643e-17)
(1.10725 -4.81959e-16 -1.58885e-16)
(1.10725 -4.88936e-16 3.67535e-17)
(1.10849 -5.06875e-16 -1.41749e-16)
(1.10849 -4.59688e-16 5.01657e-17)
(1.10965 -5.42537e-16 -8.23723e-17)
(1.10965 -3.97101e-16 4.32849e-17)
(1.11071 -4.71564e-16 -5.51271e-17)
(1.11071 -3.95964e-16 4.86168e-17)
(1.11166 -4.14864e-16 -9.55514e-17)
(1.11166 -3.4971e-16 6.40144e-17)
(1.11251 -3.73355e-16 -8.8617e-17)
(1.11251 -3.19744e-16 3.32901e-17)
(1.11323 -3.28864e-16 -4.95498e-17)
(1.11323 -3.28951e-16 -1.63805e-17)
(1.11383 -3.03661e-16 -9.52859e-17)
(1.11383 -3.68488e-16 -2.4458e-17)
(1.1143 -3.30292e-16 -5.54099e-17)
(1.1143 -3.38501e-16 -4.66856e-17)
(1.11461 -3.24395e-16 -5.57236e-17)
(1.11461 -3.32956e-16 5.34244e-17)
(1.11478 -2.95565e-16 6.67636e-17)
(1.11478 -3.16616e-16 3.08413e-17)
(0.00324201 -1.63391e-19 2.65543e-18)
(0.00324201 -5.53982e-20 1.25499e-17)
(0.00978532 3.86798e-20 8.53766e-18)
(0.00978532 5.12139e-20 1.72506e-17)
(0.0164495 -1.95766e-19 8.86396e-18)
(0.0164495 -8.88294e-22 1.78933e-17)
(0.0232368 -3.15262e-19 9.20461e-18)
(0.0232368 -1.08699e-20 1.85583e-17)
(0.0301494 -4.2518e-19 9.56038e-18)
(0.0301494 -3.29261e-20 1.9246e-17)
(0.0371896 -5.33995e-19 9.93231e-18)
(0.0371896 -5.58621e-20 1.99556e-17)
(0.0443598 -6.34576e-19 1.03206e-17)
(0.0443598 -5.55511e-20 2.06885e-17)
(0.0516622 -7.23167e-19 1.07259e-17)
(0.0516622 -7.25166e-20 2.14459e-17)
(0.0590993 -8.08226e-19 1.11489e-17)
(0.0590993 -1.1557e-19 2.2227e-17)
(0.0666735 -9.35689e-19 1.15916e-17)
(0.0666735 -1.3636e-19 2.30307e-17)
(0.074387 -1.06823e-18 1.2052e-17)
(0.074387 -1.6229e-19 2.38616e-17)
(0.0822423 -1.2032e-18 1.25324e-17)
(0.0822423 -1.47807e-19 2.47179e-17)
(0.0902416 -1.41606e-18 1.30317e-17)
(0.0902416 -1.44899e-19 2.56e-17)
(0.098387 -1.65472e-18 1.35514e-17)
(0.098387 -1.98882e-19 2.65065e-17)
(0.106681 -1.86267e-18 1.40901e-17)
(0.106681 -2.7684e-19 2.74423e-17)
(0.115124 -2.04681e-18 1.46487e-17)
(0.115124 -2.69661e-19 2.84017e-17)
(0.123719 -2.22533e-18 1.52267e-17)
(0.123719 -3.05175e-19 2.93858e-17)
(0.132466 -2.40576e-18 1.58234e-17)
(0.132466 -3.56637e-19 3.0395e-17)
(0.141365 -2.5895e-18 1.64405e-17)
(0.141365 -3.85076e-19 3.14227e-17)
(0.150417 -2.74466e-18 1.7076e-17)
(0.150417 -4.54201e-19 3.24666e-17)
(0.15962 -2.94001e-18 1.77245e-17)
(0.15962 -4.06522e-19 3.35278e-17)
(0.168972 -3.19064e-18 1.83843e-17)
(0.168972 -3.18832e-19 3.46028e-17)
(0.17847 -3.47682e-18 1.90505e-17)
(0.17847 -2.7013e-19 3.56842e-17)
(0.188108 -3.64087e-18 1.97215e-17)
(0.188108 -3.75841e-19 3.6766e-17)
(0.19788 -3.7064e-18 2.03954e-17)
(0.19788 -5.72232e-19 3.78441e-17)
(0.207778 -3.82823e-18 2.10697e-17)
(0.207778 -7.06387e-19 3.89001e-17)
(0.217791 -3.95262e-18 2.17367e-17)
(0.217791 -6.80523e-19 3.99332e-17)
(0.227908 -4.02693e-18 2.23887e-17)
(0.227908 -7.41327e-19 4.09396e-17)
(0.238113 -4.07466e-18 2.30206e-17)
(0.238113 -8.90347e-19 4.18994e-17)
(0.24839 -4.13889e-18 2.36307e-17)
(0.24839 -1.02715e-18 4.27917e-17)
(0.258723 -4.40249e-18 2.42071e-17)
(0.258723 -1.19022e-18 4.36188e-17)
(0.26909 -4.89251e-18 2.4743e-17)
(0.26909 -1.17242e-18 4.43704e-17)
(0.279473 -5.28353e-18 2.52288e-17)
(0.279473 -1.02638e-18 4.50374e-17)
(0.289849 -5.61383e-18 2.56645e-17)
(0.289849 -9.70694e-19 4.56073e-17)
(0.300197 -5.92121e-18 2.60427e-17)
(0.300197 -1.04484e-18 4.60877e-17)
(0.310498 -6.2984e-18 2.63738e-17)
(0.310498 -1.29994e-18 4.6458e-17)
(0.320729 -6.63858e-18 2.6643e-17)
(0.320729 -1.40813e-18 4.67184e-17)
(0.330873 -6.80479e-18 2.68583e-17)
(0.330873 -1.22198e-18 4.68768e-17)
(0.340911 -6.91306e-18 2.70184e-17)
(0.340911 -1.24603e-18 4.69572e-17)
(0.350828 -7.24731e-18 2.71224e-17)
(0.350828 -1.16801e-18 4.69723e-17)
(0.360611 -7.79218e-18 2.71726e-17)
(0.360611 -4.52074e-19 4.6925e-17)
(0.370248 -8.25147e-18 2.71741e-17)
(0.370248 -5.88882e-19 4.6803e-17)
(0.379729 -8.2711e-18 2.71316e-17)
(0.379729 -9.33289e-19 4.66256e-17)
(0.389046 -8.00758e-18 2.70621e-17)
(0.389046 -1.30546e-18 4.63817e-17)
(0.398195 -8.0899e-18 2.69744e-17)
(0.398195 -1.56662e-18 4.60364e-17)
(0.40717 -8.56173e-18 2.68843e-17)
(0.40717 -1.31235e-18 4.56415e-17)
(0.415971 -9.11189e-18 2.67636e-17)
(0.415971 -2.09294e-18 4.52359e-17)
(0.424595 -9.13651e-18 2.6645e-17)
(0.424595 -2.76205e-18 4.48138e-17)
(0.433043 -9.38579e-18 2.65538e-17)
(0.433043 -2.76274e-18 4.43387e-17)
(0.441317 -1.0326e-17 2.64722e-17)
(0.441317 -3.05424e-18 4.38162e-17)
(0.449419 -1.09706e-17 2.63681e-17)
(0.449419 -3.28298e-18 4.336e-17)
(0.457351 -1.12764e-17 2.62624e-17)
(0.457351 -2.52935e-18 4.29132e-17)
(0.465116 -1.14827e-17 2.61543e-17)
(0.465116 -2.99452e-18 4.24411e-17)
(0.47272 -1.15695e-17 2.60441e-17)
(0.47272 -4.04117e-18 4.20136e-17)
(0.480165 -1.18084e-17 2.59399e-17)
(0.480165 -3.80016e-18 4.15771e-17)
(0.487457 -1.24941e-17 2.58197e-17)
(0.487457 -4.19952e-18 4.10796e-17)
(0.4946 -1.31575e-17 2.56725e-17)
(0.4946 -3.65602e-18 4.06334e-17)
(0.501598 -1.31176e-17 2.55081e-17)
(0.501598 -2.98097e-18 4.02096e-17)
(0.508456 -1.34096e-17 2.53494e-17)
(0.508456 -3.34511e-18 3.98429e-17)
(0.515179 -1.46034e-17 2.51822e-17)
(0.515179 -2.72582e-18 3.95235e-17)
(0.521771 -1.50793e-17 2.49612e-17)
(0.521771 -2.00012e-18 3.92278e-17)
(0.528238 -1.59457e-17 2.47719e-17)
(0.528238 -1.24702e-18 3.8856e-17)
(0.534583 -1.751e-17 2.45449e-17)
(0.534583 -9.10128e-19 3.85915e-17)
(0.540811 -1.83842e-17 2.43409e-17)
(0.540811 -1.01216e-18 3.84095e-17)
(0.546927 -1.82564e-17 2.41604e-17)
(0.546927 -1.39458e-18 3.82846e-17)
(0.552933 -1.76049e-17 2.40106e-17)
(0.552933 -1.34085e-18 3.82257e-17)
(0.558835 -1.75969e-17 2.38655e-17)
(0.558835 -1.25822e-18 3.81308e-17)
(0.564636 -1.86779e-17 2.36973e-17)
(0.564636 -1.32095e-18 3.81284e-17)
(0.57034 -1.99663e-17 2.34171e-17)
(0.57034 -2.26396e-18 3.83135e-17)
(0.575951 -2.09512e-17 2.31518e-17)
(0.575951 -2.8157e-18 3.83617e-17)
(0.581471 -2.13727e-17 2.29086e-17)
(0.581471 -3.06863e-18 3.81618e-17)
(0.586904 -2.11588e-17 2.26952e-17)
(0.586904 -4.27604e-18 3.79291e-17)
(0.592254 -2.17106e-17 2.24518e-17)
(0.592254 -4.61131e-18 3.77807e-17)
(0.597523 -2.32957e-17 2.22035e-17)
(0.597523 -4.81365e-18 3.76153e-17)
(0.602715 -2.46576e-17 2.1871e-17)
(0.602715 -3.17625e-18 3.87699e-17)
(0.607831 -2.45356e-17 2.14102e-17)
(0.607831 -2.78695e-18 4.01731e-17)
(0.612876 -2.43559e-17 2.1034e-17)
(0.612876 -1.22595e-18 4.15994e-17)
(0.617851 -2.55125e-17 2.07369e-17)
(0.617851 -2.34411e-18 4.29854e-17)
(0.622758 -2.60068e-17 2.03527e-17)
(0.622758 -4.98049e-18 4.44445e-17)
(0.627601 -2.55987e-17 1.9967e-17)
(0.627601 -3.43959e-18 4.6012e-17)
(0.632381 -2.57604e-17 1.97144e-17)
(0.632381 -3.58947e-18 4.74579e-17)
(0.637101 -2.59811e-17 1.9484e-17)
(0.637101 -2.93851e-18 4.88011e-17)
(0.641763 -2.76371e-17 1.92851e-17)
(0.641763 -1.24607e-18 5.01617e-17)
(0.646368 -2.91994e-17 1.88773e-17)
(0.646368 -9.23846e-19 5.15517e-17)
(0.650918 -2.93462e-17 1.84483e-17)
(0.650918 -1.16305e-18 5.29275e-17)
(0.655417 -2.8187e-17 1.81111e-17)
(0.655417 7.10803e-20 5.42382e-17)
(0.659864 -2.53332e-17 1.79228e-17)
(0.659864 -1.12425e-18 5.56302e-17)
(0.664262 -2.43962e-17 1.78142e-17)
(0.664262 -9.23564e-20 5.70554e-17)
(0.668612 -2.32812e-17 1.77065e-17)
(0.668612 3.30907e-18 5.85284e-17)
(0.672917 -2.35027e-17 1.76505e-17)
(0.672917 3.25305e-18 6.00862e-17)
(0.677177 -2.5654e-17 1.76053e-17)
(0.677177 1.63676e-18 6.15039e-17)
(0.681394 -2.4234e-17 1.76778e-17)
(0.681394 8.73187e-19 6.28757e-17)
(0.685569 -2.45347e-17 1.80806e-17)
(0.685569 -1.036e-18 6.40277e-17)
(0.689703 -2.79338e-17 1.83604e-17)
(0.689703 -4.54803e-18 6.50315e-17)
(0.693799 -3.13971e-17 1.86246e-17)
(0.693799 -2.88281e-18 6.60539e-17)
(0.697856 -3.45634e-17 1.8698e-17)
(0.697856 1.249e-18 6.72508e-17)
(0.701877 -3.65461e-17 1.86174e-17)
(0.701877 6.79908e-19 6.86941e-17)
(0.705862 -3.9118e-17 1.85176e-17)
(0.705862 2.2542e-18 6.99933e-17)
(0.709812 -4.16441e-17 1.82979e-17)
(0.709812 5.04119e-18 7.13188e-17)
(0.713729 -4.28578e-17 1.80001e-17)
(0.713729 4.18992e-18 7.25912e-17)
(0.717613 -4.4082e-17 1.76558e-17)
(0.717613 6.29633e-18 7.37259e-17)
(0.721466 -4.38162e-17 1.74412e-17)
(0.721466 7.18363e-18 7.47495e-17)
(0.725288 -4.22103e-17 1.70831e-17)
(0.725288 5.96486e-18 7.58619e-17)
(0.72908 -3.95659e-17 1.63156e-17)
(0.72908 8.63031e-18 7.70357e-17)
(0.732843 -3.75249e-17 1.57987e-17)
(0.732843 1.24914e-17 7.80638e-17)
(0.736578 -3.85081e-17 1.51924e-17)
(0.736578 1.29005e-17 7.89477e-17)
(0.740286 -3.88327e-17 1.45594e-17)
(0.740286 1.45973e-17 7.98026e-17)
(0.743968 -3.94692e-17 1.414e-17)
(0.743968 1.70419e-17 8.02024e-17)
(0.747623 -4.17803e-17 1.39565e-17)
(0.747623 1.88423e-17 7.99698e-17)
(0.751254 -4.24924e-17 1.39283e-17)
(0.751254 2.02131e-17 7.9365e-17)
(0.75486 -4.27995e-17 1.35876e-17)
(0.75486 2.23774e-17 7.87722e-17)
(0.758442 -4.29321e-17 1.32745e-17)
(0.758442 2.59223e-17 7.80422e-17)
(0.762001 -4.09712e-17 1.27497e-17)
(0.762001 2.67839e-17 7.73802e-17)
(0.765538 -4.01438e-17 1.21931e-17)
(0.765538 2.63153e-17 7.66671e-17)
(0.769053 -3.98444e-17 1.16652e-17)
(0.769053 2.77722e-17 7.56927e-17)
(0.772547 -3.67737e-17 1.0912e-17)
(0.772547 3.06478e-17 7.50045e-17)
(0.77602 -3.33987e-17 1.04984e-17)
(0.77602 3.30033e-17 7.43858e-17)
(0.779473 -3.45939e-17 1.02987e-17)
(0.779473 3.03803e-17 7.34477e-17)
(0.782906 -3.904e-17 9.85928e-18)
(0.782906 3.06558e-17 7.23943e-17)
(0.786321 -4.1719e-17 9.01858e-18)
(0.786321 3.30927e-17 7.09019e-17)
(0.789716 -4.15624e-17 8.37677e-18)
(0.789716 3.56881e-17 6.90268e-17)
(0.793094 -4.10646e-17 8.12688e-18)
(0.793094 3.76753e-17 6.668e-17)
(0.796453 -3.94128e-17 7.86599e-18)
(0.796453 3.494e-17 6.407e-17)
(0.799796 -3.89642e-17 7.86349e-18)
(0.799796 3.35518e-17 6.14193e-17)
(0.803121 -4.15845e-17 7.93376e-18)
(0.803121 3.87328e-17 5.84884e-17)
(0.806431 -4.25299e-17 7.55503e-18)
(0.806431 4.33879e-17 5.60704e-17)
(0.809724 -4.16426e-17 6.98813e-18)
(0.809724 4.30212e-17 5.33713e-17)
(0.813001 -4.0232e-17 6.59658e-18)
(0.813001 4.67475e-17 5.02508e-17)
(0.816264 -3.97896e-17 6.85791e-18)
(0.816264 4.91836e-17 4.65125e-17)
(0.819511 -3.94363e-17 6.80823e-18)
(0.819511 4.85063e-17 4.32917e-17)
(0.822744 -3.61689e-17 6.11938e-18)
(0.822744 4.52909e-17 4.14563e-17)
(0.825963 -3.2438e-17 6.46603e-18)
(0.825963 4.32541e-17 4.00042e-17)
(0.829168 -3.07226e-17 6.88817e-18)
(0.829168 4.11159e-17 3.75856e-17)
(0.832359 -3.10677e-17 7.52933e-18)
(0.832359 3.88274e-17 3.4904e-17)
(0.835537 -3.38676e-17 7.97327e-18)
(0.835537 4.02563e-17 3.29499e-17)
(0.838703 -3.60698e-17 8.74393e-18)
(0.838703 4.12878e-17 3.06983e-17)
(0.841855 -3.87028e-17 1.0655e-17)
(0.841855 4.46478e-17 2.76909e-17)
(0.844995 -3.70159e-17 1.23686e-17)
(0.844995 4.76513e-17 2.50439e-17)
(0.848123 -3.39763e-17 1.49159e-17)
(0.848123 4.5678e-17 2.22611e-17)
(0.85124 -3.66232e-17 1.70543e-17)
(0.85124 3.75535e-17 1.90143e-17)
(0.854344 -3.94516e-17 1.94231e-17)
(0.854344 3.49926e-17 1.49475e-17)
(0.857437 -3.84827e-17 2.16255e-17)
(0.857437 3.37998e-17 1.08685e-17)
(0.86052 -3.27448e-17 2.35662e-17)
(0.86052 3.1535e-17 7.81316e-18)
(0.863591 -3.01003e-17 2.51945e-17)
(0.863591 3.39221e-17 5.49279e-18)
(0.866651 -3.39569e-17 2.66295e-17)
(0.866651 3.01431e-17 3.59333e-18)
(0.869701 -3.87976e-17 2.76452e-17)
(0.869701 2.72892e-17 2.07349e-18)
(0.872741 -4.51172e-17 2.87691e-17)
(0.872741 2.58683e-17 1.37199e-18)
(0.875771 -4.99577e-17 2.94746e-17)
(0.875771 1.92686e-17 9.93003e-19)
(0.878791 -4.78571e-17 3.05501e-17)
(0.878791 1.57374e-17 -8.26589e-20)
(0.881801 -5.20779e-17 3.16532e-17)
(0.881801 9.15866e-18 1.29241e-19)
(0.884801 -5.86815e-17 3.07417e-17)
(0.884801 6.54711e-18 1.20513e-18)
(0.887792 -5.80595e-17 2.88587e-17)
(0.887792 1.47167e-17 2.97561e-18)
(0.890774 -5.63443e-17 2.67137e-17)
(0.890774 1.14e-17 3.39283e-18)
(0.893747 -5.42223e-17 2.56115e-17)
(0.893747 1.04624e-17 4.99911e-19)
(0.896711 -5.67648e-17 2.37945e-17)
(0.896711 -1.28749e-17 -3.68318e-47)
(0.899666 -6.26147e-17 2.00636e-17)
(0.899666 6.80952e-18 3.62132e-18)
(0.902612 -6.8476e-17 1.72525e-17)
(0.902612 1.0442e-17 -1.67195e-18)
(0.90555 -7.37533e-17 1.34517e-17)
(0.90555 1.35477e-17 -3.92845e-18)
(0.908479 -7.53817e-17 7.62514e-18)
(0.908479 1.38809e-17 -7.73949e-19)
(0.9114 -7.46505e-17 2.12298e-18)
(0.9114 1.38798e-17 -7.41373e-20)
(0.914312 -7.03453e-17 -2.24337e-18)
(0.914312 1.65082e-17 -3.43683e-18)
(0.917217 -6.55085e-17 -3.46995e-18)
(0.917217 -2.47139e-17 9.58919e-32)
(0.920113 -6.47793e-17 -5.7451e-18)
(0.920113 -8.2917e-18 4.2247e-18)
(0.923001 -6.20835e-17 -6.5768e-18)
(0.923001 -3.91339e-18 -1.27954e-18)
(0.925882 -5.94329e-17 -7.4078e-18)
(0.925882 -5.95159e-18 -3.31115e-18)
(0.928754 -5.82883e-17 -9.78799e-18)
(0.928754 -1.22497e-18 -2.47005e-18)
(0.931619 -5.98174e-17 -8.31875e-18)
(0.931619 -7.76554e-18 -1.24792e-18)
(0.934476 -6.20466e-17 -6.4136e-18)
(0.934476 -2.12603e-17 -1.15522e-18)
(0.937325 -6.39022e-17 -2.88302e-18)
(0.937325 -2.88334e-17 1.16407e-18)
(0.940166 -6.75523e-17 3.41256e-18)
(0.940166 -3.41076e-17 9.53987e-19)
(0.943 -7.17026e-17 8.93743e-18)
(0.943 -3.6626e-17 -1.50003e-32)
(0.945826 -7.24661e-17 1.30936e-17)
(0.945826 -4.04953e-17 -1.40304e-18)
(0.948644 -6.75477e-17 1.71461e-17)
(0.948644 -2.41887e-17 2.38808e-18)
(0.951455 -6.36476e-17 2.22486e-17)
(0.951455 -2.29569e-17 2.5186e-18)
(0.954258 -7.22968e-17 2.76986e-17)
(0.954258 -1.12995e-17 -3.48897e-19)
(0.957054 -8.62438e-17 2.7819e-17)
(0.957054 -3.33494e-17 5.43674e-20)
(0.959841 -9.06553e-17 2.21535e-17)
(0.959841 -1.86871e-17 4.89123e-18)
(0.962622 -9.21241e-17 1.77938e-17)
(0.962622 -1.55424e-17 2.3297e-18)
(0.965394 -9.38894e-17 9.95352e-18)
(0.965394 -1.64713e-17 7.08748e-19)
(0.968158 -9.75848e-17 5.57782e-18)
(0.968158 -2.73725e-17 2.64949e-18)
(0.970915 -8.72976e-17 8.31437e-18)
(0.970915 -4.35318e-17 8.39636e-19)
(0.973664 -7.99304e-17 1.28554e-17)
(0.973664 -5.03917e-17 0)
(0.976404 -8.17427e-17 8.96454e-18)
(0.976404 -2.132e-17 8.26397e-18)
(0.979137 -7.82226e-17 -1.16134e-18)
(0.979137 -2.45213e-17 1.35041e-17)
(0.981861 -7.95959e-17 -2.89752e-18)
(0.981861 -2.95401e-17 2.63805e-18)
(0.984577 -5.61889e-17 1.97196e-18)
(0.984577 -5.27826e-17 -3.63118e-18)
(0.987285 -5.68112e-17 8.06442e-19)
(0.987285 -6.59407e-17 -2.85428e-18)
(0.989984 -5.76638e-17 1.96663e-19)
(0.989984 -8.87708e-17 2.08481e-18)
(0.992674 -5.85523e-17 4.87094e-18)
(0.992674 -8.99669e-17 1.7604e-18)
(0.995356 -5.59333e-17 9.67552e-18)
(0.995356 -9.86224e-17 0)
(0.998029 -6.68232e-17 1.56236e-17)
(0.998029 -1.01893e-16 1.41987e-18)
(1.00069 -9.62816e-17 1.89466e-17)
(1.00069 -1.07213e-16 -1.38153e-32)
(1.00335 -1.05748e-16 1.31341e-17)
(1.00335 -9.99788e-17 2.19582e-18)
(1.00599 -1.01343e-16 1.31784e-17)
(1.00599 -1.00342e-16 0)
(1.00862 -9.9768e-17 9.13683e-18)
(1.00862 -1.05426e-16 5.05756e-18)
(1.01125 -9.43788e-17 1.47851e-17)
(1.01125 -1.18864e-16 7.06157e-18)
(1.01386 -1.00614e-16 2.54164e-17)
(1.01386 -1.0535e-16 7.40874e-32)
(1.01647 -1.19253e-16 2.76212e-17)
(1.01647 -9.84719e-17 4.7171e-19)
(1.01906 -1.49863e-16 2.48703e-17)
(1.01906 -6.51144e-17 6.34178e-18)
(1.02164 -1.66556e-16 6.36005e-18)
(1.02164 -7.06396e-17 1.24842e-17)
(1.02421 -1.64474e-16 5.6628e-18)
(1.02421 -1.17391e-16 4.61601e-18)
(1.02677 -1.58434e-16 5.9256e-18)
(1.02677 -1.29738e-16 2.87722e-18)
(1.02931 -1.59399e-16 2.4058e-17)
(1.02931 -1.4802e-16 -3.38551e-31)
(1.03185 -1.74374e-16 1.81677e-17)
(1.03185 -1.44823e-16 1.38447e-17)
(1.03437 -1.74543e-16 1.48783e-17)
(1.03437 -1.54267e-16 1.55214e-17)
(1.03687 -1.76416e-16 1.61181e-17)
(1.03687 -1.7919e-16 3.16236e-18)
(1.03936 -1.97051e-16 1.14281e-17)
(1.03936 -1.91784e-16 1.334e-17)
(1.04184 -2.07465e-16 -2.64368e-31)
(1.04184 -1.96717e-16 4.47645e-18)
(1.0443 -1.75679e-16 1.21851e-17)
(1.0443 -1.85233e-16 -3.67059e-18)
(1.04675 -1.92855e-16 1.6321e-17)
(1.04675 -2.21251e-16 2.26887e-18)
(1.04918 -2.05526e-16 1.80841e-17)
(1.04918 -2.33097e-16 1.36198e-18)
(1.05159 -2.24581e-16 2.39146e-17)
(1.05159 -2.55632e-16 -8.12094e-18)
(1.05398 -2.60766e-16 3.49495e-17)
(1.05398 -2.61434e-16 2.43124e-18)
(1.05636 -2.97267e-16 2.96424e-17)
(1.05636 -2.27325e-16 1.79863e-17)
(1.05872 -2.89429e-16 1.84804e-17)
(1.05872 -2.09284e-16 1.3489e-17)
(1.06105 -2.57671e-16 -2.07267e-18)
(1.06105 -1.98137e-16 2.25893e-31)
(1.06337 -2.16616e-16 -3.00801e-18)
(1.06337 -2.00786e-16 6.63172e-18)
(1.06566 -1.92857e-16 1.15884e-17)
(1.06566 -1.97982e-16 2.25458e-19)
(1.06793 -2.09262e-16 -1.18669e-18)
(1.06793 -2.18761e-16 3.24785e-18)
(1.07018 -2.0449e-16 1.04153e-46)
(1.07018 -1.91978e-16 1.47542e-17)
(1.0724 -2.01986e-16 9.28839e-18)
(1.0724 -1.70092e-16 2.37457e-17)
(1.07459 -2.2238e-16 -2.5934e-18)
(1.07459 -1.67845e-16 1.51257e-17)
(1.07676 -2.3192e-16 -6.13505e-18)
(1.07676 -1.84327e-16 2.49184e-17)
(1.07889 -2.24461e-16 -1.35858e-17)
(1.07889 -1.38929e-16 6.3206e-17)
(1.081 -1.89497e-16 -2.37309e-17)
(1.081 -1.72394e-16 8.81432e-17)
(1.08307 -1.67294e-16 -3.86491e-18)
(1.08307 -2.36597e-16 6.55023e-17)
(1.0851 -1.69753e-16 -1.11987e-17)
(1.0851 -2.07353e-16 7.20903e-17)
(1.0871 -1.7223e-16 2.50475e-18)
(1.0871 -1.89347e-16 3.90191e-17)
(1.08906 -1.98884e-16 -1.45048e-17)
(1.08906 -2.28196e-16 2.04895e-17)
(1.09098 -2.20149e-16 -1.88884e-17)
(1.09098 -1.85436e-16 5.77786e-17)
(1.09286 -2.05199e-16 -2.07029e-17)
(1.09286 -1.95202e-16 6.203e-17)
(1.09469 -2.01502e-16 -3.10899e-17)
(1.09469 -1.99007e-16 4.7657e-17)
(1.09647 -9.33382e-17 1.40888e-17)
(1.09647 -1.50526e-16 -2.48333e-17)
(1.0982 -1.36136e-16 -1.78585e-17)
(1.0982 -1.42448e-16 -1.02845e-17)
(1.09987 -1.25626e-16 -1.53224e-17)
(1.09987 -1.22683e-16 -1.69075e-17)
(1.10148 -1.29812e-16 -3.46032e-17)
(1.10148 -7.01813e-17 -9.42754e-18)
(1.10303 -1.29589e-16 -5.24486e-17)
(1.10303 -1.38519e-16 -3.74543e-17)
(1.10451 -1.64123e-16 -5.18339e-17)
(1.10451 -1.80967e-16 -4.73177e-17)
(1.10592 -2.09044e-16 1.31483e-17)
(1.10592 -1.70884e-16 -2.76645e-17)
(1.10725 -1.6081e-16 -3.40943e-17)
(1.10725 -2.01778e-16 -1.11405e-17)
(1.10849 -2.33445e-16 -4.09161e-17)
(1.10849 -2.504e-16 -6.3481e-17)
(1.10965 -2.62904e-16 -2.45371e-17)
(1.10965 -2.53169e-16 -6.63447e-17)
(1.11071 -2.65837e-16 -1.40182e-18)
(1.11071 -1.98584e-16 1.71937e-17)
(1.11166 -1.98927e-16 -5.29792e-17)
(1.11166 -1.83239e-16 3.93536e-17)
(1.11251 -2.08142e-16 -8.57663e-17)
(1.11251 -2.62668e-16 3.65006e-17)
(1.11323 -1.94853e-16 -1.66969e-17)
(1.11323 -2.87503e-16 7.7591e-18)
(1.11383 -1.58558e-16 -6.05507e-17)
(1.11383 -2.35628e-16 3.0636e-17)
(1.1143 -2.00213e-16 -6.58757e-17)
(1.1143 -2.23701e-16 -3.17034e-17)
(1.11461 -2.17901e-16 -1.17257e-16)
(1.11461 -2.28905e-16 -6.5933e-17)
(1.11478 -1.67757e-16 -7.97581e-17)
(1.11478 -1.65975e-16 -8.89418e-17)
(1.11478 -1.95309e-16 -2.43877e-17)
(1.11478 -2.76934e-16 4.71229e-17)
(1.11461 -2.69234e-16 -4.03233e-17)
(1.11461 -2.15397e-16 -1.06143e-17)
(1.1143 -2.28068e-16 -1.93692e-17)
(1.1143 -2.3671e-16 -2.89298e-17)
(1.11383 -2.438e-16 -1.53666e-17)
(1.11383 -2.34514e-16 2.1965e-17)
(1.11323 -2.18711e-16 2.2905e-18)
(1.11323 -1.97296e-16 -8.29733e-18)
(1.11251 -2.33718e-16 -4.85645e-17)
(1.11251 -1.86634e-16 -5.35827e-17)
(1.11166 -2.07446e-16 -4.07504e-17)
(1.11166 -1.70806e-16 -5.1274e-17)
(1.11071 -2.21824e-16 3.30982e-18)
(1.11071 -1.84961e-16 -8.25242e-18)
(1.10965 -2.23131e-16 4.11123e-17)
(1.10965 -2.51931e-16 -2.61737e-17)
(1.10849 -1.79282e-16 1.50063e-17)
(1.10849 -2.51052e-16 -5.32191e-17)
(1.10725 -2.50993e-16 7.58425e-18)
(1.10725 -2.52331e-16 -1.5096e-18)
(1.10592 -2.32905e-16 -3.71242e-17)
(1.10592 -2.41428e-16 -5.13746e-17)
(1.10451 -2.32203e-16 -2.73759e-17)
(1.10451 -2.44083e-16 -6.31062e-17)
(1.10303 -2.36181e-16 -3.10729e-17)
(1.10303 -1.41558e-16 2.04828e-17)
(1.10148 -1.89649e-16 2.29886e-17)
(1.10148 -1.85653e-16 4.88485e-17)
(1.09987 -1.87305e-16 -5.94476e-19)
(1.09987 -1.4308e-16 2.01749e-17)
(1.0982 -2.0404e-16 -4.47302e-17)
(1.0982 -1.59654e-16 -2.74444e-17)
(1.09647 -1.683e-16 6.33656e-18)
(1.09647 -1.39288e-16 -3.50842e-17)
(1.09469 -1.10678e-16 2.41637e-17)
(1.09469 -1.84347e-16 -3.29499e-17)
(1.09286 -1.19184e-16 2.82598e-17)
(1.09286 -1.52132e-16 -1.1013e-17)
(1.09098 -1.13609e-16 2.00275e-17)
(1.09098 -1.48192e-16 9.92233e-18)
(1.08906 -9.93548e-17 1.95078e-17)
(1.08906 -1.68392e-16 1.70624e-17)
(1.0871 -1.25992e-16 2.1264e-17)
(1.0871 -1.5684e-16 -2.51499e-17)
(1.0851 -1.28239e-16 -1.57673e-17)
(1.0851 -5.79944e-17 2.94035e-17)
(1.08307 -7.68005e-17 1.6404e-18)
(1.08307 -9.00564e-17 1.46573e-17)
(1.081 -7.02714e-17 -5.76343e-18)
(1.081 -1.02166e-16 -9.81642e-18)
(1.07889 -6.52036e-17 -4.71688e-17)
(1.07889 -9.99838e-17 -2.38546e-17)
(1.07676 -7.91759e-17 -7.02317e-17)
(1.07676 -1.27149e-16 1.46728e-17)
(1.07459 -7.10502e-17 -6.75316e-17)
(1.07459 -1.09084e-16 1.90353e-17)
(1.0724 -1.39556e-16 -1.74017e-17)
(1.0724 -8.9712e-17 1.0153e-17)
(1.07018 -1.30692e-16 -3.88707e-17)
(1.07018 -9.18342e-17 -8.86442e-18)
(1.06793 -1.18233e-16 -2.22285e-18)
(1.06793 -8.69751e-17 -1.11371e-17)
(1.06566 -9.22238e-17 1.08896e-17)
(1.06566 -9.97569e-17 1.55047e-18)
(1.06337 -9.78382e-17 -1.22858e-17)
(1.06337 -1.19772e-16 1.72721e-17)
(1.06105 -1.45568e-16 3.92276e-18)
(1.06105 -1.28453e-16 1.0088e-17)
(1.05872 -1.39639e-16 8.39823e-18)
(1.05872 -1.319e-16 6.17815e-18)
(1.05636 -1.28467e-16 2.78147e-17)
(1.05636 -1.22278e-16 3.80459e-19)
(1.05398 -1.40173e-16 1.59092e-17)
(1.05398 -1.29422e-16 -3.29345e-18)
(1.05159 -1.58844e-16 2.08458e-17)
(1.05159 -1.28011e-16 -1.61179e-17)
(1.04918 -1.33426e-16 3.16308e-17)
(1.04918 -1.14238e-16 -1.10342e-17)
(1.04675 -1.25103e-16 5.84239e-18)
(1.04675 -1.44498e-16 -1.07616e-18)
(1.0443 -1.20466e-16 -4.03967e-19)
(1.0443 -1.25683e-16 -9.54588e-18)
(1.04184 -1.06804e-16 1.8962e-18)
(1.04184 -1.14427e-16 -2.68471e-17)
(1.03936 -8.14123e-17 -8.78659e-18)
(1.03936 -1.11973e-16 -7.14556e-18)
(1.03687 -8.77383e-17 3.15156e-18)
(1.03687 -1.07808e-16 -2.49223e-31)
(1.03437 -9.2826e-17 4.27538e-19)
(1.03437 -1.08453e-16 4.49559e-19)
(1.03185 -7.71182e-17 -7.57895e-18)
(1.03185 -9.93502e-17 -2.49174e-17)
(1.02931 -7.84797e-17 -1.62914e-17)
(1.02931 -9.63075e-17 -2.79868e-17)
(1.02677 -7.25828e-17 -1.80198e-17)
(1.02677 -9.47358e-17 -2.34302e-17)
(1.02421 -7.18317e-17 -1.10342e-17)
(1.02421 -9.40933e-17 -4.25812e-17)
(1.02164 -7.90088e-17 -1.51561e-17)
(1.02164 -1.04106e-16 -2.63101e-17)
(1.01906 -9.10534e-17 -2.01227e-17)
(1.01906 -7.23559e-17 -2.56494e-17)
(1.01647 -7.87699e-17 -8.71936e-18)
(1.01647 -4.01671e-17 -3.12482e-17)
(1.01386 -6.76625e-17 9.72121e-18)
(1.01386 -7.37056e-17 -3.94623e-17)
(1.01125 -6.51773e-17 1.15768e-17)
(1.01125 -8.62392e-17 -5.3753e-17)
(1.00862 -6.61149e-17 1.30671e-17)
(1.00862 -2.78098e-17 -5.36837e-17)
(1.00599 -5.41343e-17 2.13214e-17)
(1.00599 -5.15413e-17 -4.87271e-17)
(1.00335 -3.46384e-17 1.44863e-17)
(1.00335 -3.82159e-17 -3.9665e-17)
(1.00069 -2.75648e-17 9.15102e-18)
(1.00069 -4.21512e-17 -3.48353e-17)
(0.998029 -2.62791e-17 -1.06139e-18)
(0.998029 -6.40145e-17 -2.52349e-17)
(0.995356 -4.45894e-17 -3.72263e-18)
(0.995356 -6.21545e-17 -9.66945e-18)
(0.992674 -5.48295e-17 -2.21652e-17)
(0.992674 -6.95966e-17 5.60835e-18)
(0.989984 -3.46178e-17 -3.30423e-17)
(0.989984 -6.06821e-17 1.66621e-17)
(0.987285 -6.32732e-17 -2.25506e-17)
(0.987285 -5.30794e-17 2.58654e-17)
(0.984577 -5.7142e-17 -1.50733e-17)
(0.984577 -3.05216e-17 2.70217e-17)
(0.981861 -4.73259e-17 -2.20585e-17)
(0.981861 -3.10638e-17 3.07762e-17)
(0.979137 -3.72425e-17 -2.60163e-17)
(0.979137 -1.23528e-17 3.91998e-17)
(0.976404 -3.43242e-17 -2.27338e-17)
(0.976404 -9.71583e-18 4.05974e-17)
(0.973664 -3.58684e-17 -1.89073e-17)
(0.973664 -2.4396e-17 3.57755e-17)
(0.970915 -2.89881e-17 -6.19768e-18)
(0.970915 -1.95814e-17 3.87389e-17)
(0.968158 -1.24843e-17 2.25523e-18)
(0.968158 -2.13558e-17 3.50998e-17)
(0.965394 -1.52377e-17 1.03422e-18)
(0.965394 -2.70219e-17 3.35937e-17)
(0.962622 -2.08546e-17 3.4689e-19)
(0.962622 -2.04143e-17 2.88181e-17)
(0.959841 -1.6098e-17 -3.97202e-19)
(0.959841 -4.12046e-17 3.0992e-17)
(0.957054 -3.38404e-17 -7.08497e-20)
(0.957054 -3.02016e-17 2.82387e-17)
(0.954258 -2.43808e-17 2.6968e-18)
(0.954258 -3.04798e-17 2.70985e-17)
(0.951455 -1.97626e-17 1.59833e-18)
(0.951455 -2.51204e-17 2.69548e-17)
(0.948644 -2.45567e-17 9.80696e-20)
(0.948644 -5.06799e-17 2.56134e-17)
(0.945826 -2.2088e-17 2.16936e-18)
(0.945826 -2.38502e-17 2.05942e-17)
(0.943 -1.89981e-17 -4.72719e-19)
(0.943 -1.66757e-17 2.05067e-17)
(0.940166 -2.04196e-17 -4.71334e-18)
(0.940166 -3.25183e-17 1.92945e-17)
(0.937325 -3.46584e-17 -6.81005e-18)
(0.937325 -2.9319e-17 2.00787e-17)
(0.934476 -3.49482e-17 -9.75271e-18)
(0.934476 -2.96748e-17 2.0471e-17)
(0.931619 -3.52131e-17 -1.4098e-17)
(0.931619 -3.71414e-17 1.98194e-17)
(0.928754 -3.91532e-17 -1.48117e-17)
(0.928754 -2.34194e-17 1.6802e-17)
(0.925882 -3.53418e-17 -1.47686e-17)
(0.925882 -2.51276e-17 1.70392e-17)
(0.923001 -2.99636e-17 -1.51413e-17)
(0.923001 -2.77194e-17 1.84181e-17)
(0.920113 -2.92733e-17 -1.36696e-17)
(0.920113 -2.75156e-17 1.73655e-17)
(0.917217 -2.45558e-17 -1.24945e-17)
(0.917217 -2.92094e-17 1.33179e-17)
(0.914312 -1.59914e-17 -1.07289e-17)
(0.914312 -3.37497e-17 1.11576e-17)
(0.9114 -9.28685e-18 -8.67864e-18)
(0.9114 -3.8283e-17 8.67044e-18)
(0.908479 -1.07487e-17 -9.28435e-18)
(0.908479 -3.2466e-17 7.7576e-18)
(0.90555 -1.07025e-17 -6.26069e-18)
(0.90555 -4.09249e-17 7.1527e-18)
(0.902612 -1.20591e-17 -2.63121e-18)
(0.902612 -3.33931e-17 3.97847e-18)
(0.899666 -5.80313e-18 -5.56117e-20)
(0.899666 -3.06942e-17 2.93679e-18)
(0.896711 -2.08656e-17 3.6439e-18)
(0.896711 -2.75506e-17 6.04187e-19)
(0.893747 -1.93483e-17 4.54191e-18)
(0.893747 -3.19641e-17 -8.61593e-19)
(0.890774 -1.87296e-17 4.54636e-18)
(0.890774 -2.69202e-17 1.79119e-32)
(0.887792 -2.04208e-17 5.39747e-18)
(0.887792 -2.44076e-17 -2.71328e-20)
(0.884801 -2.13266e-17 6.67182e-18)
(0.884801 -3.19057e-17 -4.5174e-19)
(0.881801 -1.44246e-17 7.73247e-18)
(0.881801 -2.5444e-17 -6.71105e-19)
(0.878791 -9.03632e-18 9.22508e-18)
(0.878791 -1.36425e-17 -3.36135e-18)
(0.875771 -1.23603e-17 9.45098e-18)
(0.875771 -1.95791e-17 -3.9337e-18)
(0.872741 -1.53261e-17 9.43795e-18)
(0.872741 -1.89936e-17 -4.70935e-18)
(0.869701 -1.40517e-17 8.96678e-18)
(0.869701 -1.83019e-17 -6.88209e-18)
(0.866651 -1.2263e-17 8.57897e-18)
(0.866651 -3.00354e-17 -7.78833e-18)
(0.863591 -9.37826e-18 7.59072e-18)
(0.863591 -3.30527e-17 -7.84225e-18)
(0.86052 -7.24307e-18 6.57516e-18)
(0.86052 -2.87861e-17 -8.1513e-18)
(0.857437 -5.71855e-18 5.19461e-18)
(0.857437 -2.36301e-17 -8.37378e-18)
(0.854344 -6.536e-18 4.95376e-18)
(0.854344 -2.60874e-17 -8.39621e-18)
(0.85124 -7.43479e-18 5.00332e-18)
(0.85124 -2.47829e-17 -7.89344e-18)
(0.848123 -8.38273e-18 4.45563e-18)
(0.848123 -2.8044e-17 -8.28071e-18)
(0.844995 -9.13426e-18 3.59182e-18)
(0.844995 -2.34474e-17 -7.69286e-18)
(0.841855 -7.89949e-18 2.81889e-18)
(0.841855 -1.55819e-17 -8.53349e-18)
(0.838703 -9.67928e-18 2.27137e-18)
(0.838703 -1.75253e-17 -8.17275e-18)
(0.835537 -9.55288e-18 1.74127e-18)
(0.835537 -2.34586e-17 -7.46719e-18)
(0.832359 -7.21551e-18 1.26883e-18)
(0.832359 -2.09145e-17 -8.18815e-18)
(0.829168 -4.9074e-18 2.45855e-19)
(0.829168 -2.32281e-17 -6.66066e-18)
(0.825963 -1.79929e-19 -1.44537e-18)
(0.825963 -1.78274e-17 -5.30152e-18)
(0.822744 1.31538e-18 -3.33923e-18)
(0.822744 -2.55434e-17 -3.52879e-18)
(0.819511 -8.12989e-20 -5.09111e-18)
(0.819511 -2.50448e-17 -9.6612e-19)
(0.816264 -2.71058e-18 -6.80786e-18)
(0.816264 -2.08328e-17 6.74532e-20)
(0.813001 -2.17852e-18 -8.20899e-18)
(0.813001 -2.26448e-17 -5.42448e-19)
(0.809724 -3.277e-18 -9.77323e-18)
(0.809724 -2.04301e-17 -1.13044e-18)
(0.806431 -4.52128e-18 -1.15413e-17)
(0.806431 -1.32522e-17 -2.00851e-19)
(0.803121 -4.46187e-18 -1.27158e-17)
(0.803121 -2.45011e-17 3.32892e-19)
(0.799796 -6.60131e-18 -1.36848e-17)
(0.799796 -2.04903e-17 2.07648e-19)
(0.796453 -8.05482e-18 -1.44255e-17)
(0.796453 -1.81976e-17 -9.75972e-19)
(0.793094 -4.50265e-18 -1.55562e-17)
(0.793094 -2.0572e-17 -7.6594e-19)
(0.789716 -1.17142e-18 -1.69883e-17)
(0.789716 -2.38625e-17 -1.66221e-19)
(0.786321 -1.00288e-18 -1.80953e-17)
(0.786321 -2.29742e-17 2.90095e-20)
(0.782906 4.12781e-19 -1.88977e-17)
(0.782906 -1.65503e-17 -2.82784e-19)
(0.779473 -2.39474e-18 -1.9273e-17)
(0.779473 -1.48655e-17 6.62844e-21)
(0.77602 -6.31047e-18 -1.85897e-17)
(0.77602 -1.88152e-17 -1.14619e-19)
(0.772547 -4.09394e-18 -1.76719e-17)
(0.772547 -1.31483e-17 -5.10304e-19)
(0.769053 -2.30146e-18 -1.65095e-17)
(0.769053 -1.02868e-17 8.70749e-20)
(0.765538 -5.85259e-19 -1.55313e-17)
(0.765538 -1.19074e-17 -1.65446e-20)
(0.762001 3.58918e-19 -1.51064e-17)
(0.762001 -1.44263e-17 3.37812e-20)
(0.758442 -5.03662e-18 -1.41233e-17)
(0.758442 -1.041e-17 -3.56091e-19)
(0.75486 -6.52047e-18 -1.28047e-17)
(0.75486 -9.97761e-18 -7.0592e-19)
(0.751254 -6.37661e-18 -1.16147e-17)
(0.751254 -8.58606e-18 -3.05037e-19)
(0.747623 -7.55804e-18 -1.06463e-17)
(0.747623 -6.56333e-18 -1.69277e-19)
(0.743968 -1.02291e-17 -9.27408e-18)
(0.743968 -4.416e-18 -5.6532e-19)
(0.740286 -1.17617e-17 -8.09923e-18)
(0.740286 -4.15831e-18 -3.77662e-19)
(0.736578 -1.03472e-17 -6.94021e-18)
(0.736578 -7.21798e-18 -3.38976e-19)
(0.732843 -5.83603e-18 -6.06857e-18)
(0.732843 -1.07289e-17 -2.57157e-19)
(0.72908 -3.18884e-18 -5.50896e-18)
(0.72908 -9.7826e-18 -4.11345e-20)
(0.725288 -3.09572e-18 -5.15209e-18)
(0.725288 -9.97712e-18 1.10961e-20)
(0.721466 -9.30904e-19 -4.94849e-18)
(0.721466 -8.73989e-18 2.04737e-20)
(0.717613 -5.26834e-18 -4.6856e-18)
(0.717613 -9.45559e-18 -2.70999e-20)
(0.713729 -2.43036e-18 -4.529e-18)
(0.713729 -1.0696e-17 -4.62849e-32)
(0.709812 -2.29936e-18 -4.43635e-18)
(0.709812 -8.69066e-18 -1.131e-19)
(0.705862 -2.38901e-18 -4.31966e-18)
(0.705862 -8.05597e-18 -1.17546e-19)
(0.701877 -7.04448e-19 -4.17976e-18)
(0.701877 -9.20219e-18 7.13108e-20)
(0.697856 -3.4962e-18 -4.07589e-18)
(0.697856 -9.77356e-18 4.04937e-19)
(0.693799 -2.77709e-18 -3.86859e-18)
(0.693799 -8.35386e-18 3.20852e-19)
(0.689703 -1.8852e-18 -3.85485e-18)
(0.689703 -9.09223e-18 4.8649e-19)
(0.685569 -3.194e-18 -3.63901e-18)
(0.685569 -7.64073e-18 2.93442e-19)
(0.681394 -2.30229e-18 -3.41439e-18)
(0.681394 -6.39464e-18 5.76254e-19)
(0.677177 -1.57906e-18 -3.40478e-18)
(0.677177 -6.34674e-18 1.17138e-18)
(0.672917 -1.69621e-18 -3.43321e-18)
(0.672917 -8.11421e-18 1.49796e-18)
(0.668612 -2.69361e-18 -3.36462e-18)
(0.668612 -7.12609e-18 1.61074e-18)
(0.664262 -2.14865e-18 -3.26381e-18)
(0.664262 -7.37308e-18 1.82372e-18)
(0.659864 -4.60808e-18 -3.11232e-18)
(0.659864 -7.82269e-18 1.89425e-18)
(0.655417 -4.37949e-18 -2.97051e-18)
(0.655417 -5.99885e-18 2.03248e-18)
(0.650918 -4.24327e-18 -2.75659e-18)
(0.650918 -7.35171e-18 2.05446e-18)
(0.646368 -4.14489e-18 -2.54366e-18)
(0.646368 -6.84873e-18 1.99849e-18)
(0.641763 -4.06091e-18 -2.40951e-18)
(0.641763 -5.35344e-18 2.16283e-18)
(0.637101 -3.0906e-18 -2.29189e-18)
(0.637101 -7.33501e-18 2.28196e-18)
(0.632381 -3.38976e-18 -2.15886e-18)
(0.632381 -6.60058e-18 2.26023e-18)
(0.627601 -3.07372e-18 -2.03264e-18)
(0.627601 -8.46963e-18 2.27098e-18)
(0.622758 -2.31694e-18 -1.97256e-18)
(0.622758 -7.99837e-18 2.25029e-18)
(0.617851 -5.16352e-19 -1.87509e-18)
(0.617851 -7.54364e-18 2.39415e-18)
(0.612876 1.06694e-18 -1.90226e-18)
(0.612876 -7.57677e-18 2.5458e-18)
(0.607831 2.29032e-19 -1.90335e-18)
(0.607831 -7.14201e-18 2.55133e-18)
(0.602715 -4.54605e-19 -1.81192e-18)
(0.602715 -5.18088e-18 2.57694e-18)
(0.597523 4.10707e-19 -1.69009e-18)
(0.597523 -5.83805e-18 2.49144e-18)
(0.592254 2.10545e-19 -1.56191e-18)
(0.592254 -5.28707e-18 2.40771e-18)
(0.586904 -9.35809e-19 -1.4613e-18)
(0.586904 -5.21144e-18 2.3623e-18)
(0.581471 -2.82003e-18 -1.27266e-18)
(0.581471 -4.5029e-18 2.34836e-18)
(0.575951 -3.05083e-18 -1.1333e-18)
(0.575951 -4.86017e-18 2.39396e-18)
(0.57034 -3.91118e-18 -9.41524e-19)
(0.57034 -3.46186e-18 2.24772e-18)
(0.564636 -4.41761e-18 -7.1312e-19)
(0.564636 -1.60395e-18 2.14502e-18)
(0.558835 -4.77424e-18 -4.97243e-19)
(0.558835 -7.97257e-19 2.23928e-18)
(0.552933 -5.46954e-18 -3.30202e-19)
(0.552933 -1.78579e-18 2.23943e-18)
(0.546927 -5.87551e-18 -9.42588e-20)
(0.546927 -5.50341e-19 2.20396e-18)
(0.540811 -5.73449e-18 1.0442e-19)
(0.540811 -6.69232e-19 2.26598e-18)
(0.534583 -5.68858e-18 2.48326e-19)
(0.534583 1.17885e-19 2.23856e-18)
(0.528238 -5.42906e-18 3.80305e-19)
(0.528238 -1.32126e-18 2.18802e-18)
(0.521771 -4.58422e-18 5.65439e-19)
(0.521771 6.00111e-19 2.06352e-18)
(0.515179 -3.5521e-18 7.32617e-19)
(0.515179 2.93343e-19 2.0908e-18)
(0.508456 -3.47727e-18 8.21932e-19)
(0.508456 -5.19608e-19 2.16463e-18)
(0.501598 -3.77516e-18 9.04549e-19)
(0.501598 -1.27722e-18 2.0877e-18)
(0.4946 -3.73669e-18 1.00646e-18)
(0.4946 5.20993e-20 1.9711e-18)
(0.487457 -2.7208e-18 1.0752e-18)
(0.487457 5.05837e-20 1.9478e-18)
(0.480165 -2.09091e-18 1.11884e-18)
(0.480165 1.31757e-19 1.92924e-18)
(0.47272 -2.02689e-18 1.14903e-18)
(0.47272 -2.82879e-19 1.8944e-18)
(0.465116 -2.58539e-18 1.19937e-18)
(0.465116 7.41587e-19 1.83539e-18)
(0.457351 -2.70128e-18 1.2574e-18)
(0.457351 8.84734e-19 1.78427e-18)
(0.449419 -2.8017e-18 1.2947e-18)
(0.449419 8.5227e-19 1.79843e-18)
(0.441317 -3.29366e-18 1.32568e-18)
(0.441317 6.65121e-19 1.79264e-18)
(0.433043 -3.41971e-18 1.34182e-18)
(0.433043 2.85893e-19 1.80076e-18)
(0.424595 -3.39513e-18 1.3435e-18)
(0.424595 6.36618e-19 1.82238e-18)
(0.415971 -2.60615e-18 1.318e-18)
(0.415971 1.53615e-18 1.80306e-18)
(0.40717 -2.37792e-18 1.29173e-18)
(0.40717 9.70042e-19 1.79511e-18)
(0.398195 -1.74017e-18 1.27369e-18)
(0.398195 1.46297e-18 1.77269e-18)
(0.389046 -1.31873e-18 1.24769e-18)
(0.389046 8.51402e-19 1.78609e-18)
(0.379729 -1.52475e-18 1.21826e-18)
(0.379729 7.42071e-19 1.77727e-18)
(0.370248 -1.52103e-18 1.18102e-18)
(0.370248 9.30848e-19 1.75191e-18)
(0.360611 -1.50489e-18 1.1414e-18)
(0.360611 -2.75671e-20 1.74492e-18)
(0.350828 -1.3509e-18 1.10249e-18)
(0.350828 2.95686e-19 1.73775e-18)
(0.340911 -1.40712e-18 1.06005e-18)
(0.340911 5.92772e-19 1.72556e-18)
(0.330873 -1.42034e-18 1.01765e-18)
(0.330873 1.58533e-19 1.70449e-18)
(0.320729 -1.15468e-18 9.79158e-19)
(0.320729 3.26925e-20 1.67785e-18)
(0.310498 -9.09554e-19 9.40514e-19)
(0.310498 2.25145e-19 1.65192e-18)
(0.300197 -6.58338e-19 9.05969e-19)
(0.300197 3.36186e-19 1.63923e-18)
(0.289849 -7.05183e-19 8.68873e-19)
(0.289849 1.98585e-19 1.62109e-18)
(0.279473 -6.18588e-19 8.38045e-19)
(0.279473 1.51317e-19 1.5915e-18)
(0.26909 -6.66096e-19 8.09668e-19)
(0.26909 2.43182e-19 1.5634e-18)
(0.258723 -6.6693e-19 7.86767e-19)
(0.258723 5.65554e-19 1.52204e-18)
(0.24839 -6.0205e-19 7.61848e-19)
(0.24839 6.84208e-19 1.48386e-18)
(0.238113 -6.13312e-19 7.38932e-19)
(0.238113 4.73091e-19 1.44496e-18)
(0.227908 -5.43866e-19 7.15357e-19)
(0.227908 4.29763e-19 1.40715e-18)
(0.217791 -4.44477e-19 6.91108e-19)
(0.217791 4.47605e-19 1.3605e-18)
(0.207778 -3.83869e-19 6.66385e-19)
(0.207778 4.23261e-19 1.32198e-18)
(0.19788 -4.06232e-19 6.44091e-19)
(0.19788 4.567e-19 1.28128e-18)
(0.188108 -3.84e-19 6.21543e-19)
(0.188108 2.87731e-19 1.23782e-18)
(0.17847 -2.71395e-19 5.98705e-19)
(0.17847 2.3526e-19 1.19817e-18)
(0.168972 -1.24738e-19 5.73888e-19)
(0.168972 2.46129e-19 1.1573e-18)
(0.15962 -1.94289e-19 5.47347e-19)
(0.15962 5.0288e-19 1.1211e-18)
(0.150417 -3.67904e-19 5.26741e-19)
(0.150417 3.08407e-19 1.07978e-18)
(0.141365 -3.3088e-19 5.07749e-19)
(0.141365 3.14561e-19 1.04109e-18)
(0.132466 -2.28298e-19 4.85398e-19)
(0.132466 2.39111e-19 1.00488e-18)
(0.123719 -1.57277e-19 4.63004e-19)
(0.123719 2.85846e-19 9.69797e-19)
(0.115124 -9.72272e-20 4.41616e-19)
(0.115124 1.34998e-19 9.34178e-19)
(0.106681 -8.86425e-20 4.21861e-19)
(0.106681 9.42199e-20 9.01384e-19)
(0.0983871 -4.98409e-20 4.0256e-19)
(0.0983871 1.32019e-19 8.70414e-19)
(0.0902416 -5.09253e-20 3.8481e-19)
(0.0902416 2.54718e-20 8.38239e-19)
(0.0822423 -2.17886e-20 3.68154e-19)
(0.0822423 5.16319e-20 8.07462e-19)
(0.074387 -4.78659e-20 3.51043e-19)
(0.074387 6.40269e-20 7.78073e-19)
(0.0666735 -6.46863e-20 3.35486e-19)
(0.0666735 9.11068e-20 7.49862e-19)
(0.0590993 -6.29061e-20 3.21431e-19)
(0.0590993 4.24172e-20 7.22507e-19)
(0.0516622 -4.24753e-20 3.07483e-19)
(0.0516622 2.90777e-20 6.95749e-19)
(0.0443598 -1.76764e-20 2.94455e-19)
(0.0443598 1.01958e-20 6.70099e-19)
(0.0371896 2.1838e-20 2.82037e-19)
(0.0371896 1.83492e-21 6.45737e-19)
(0.0301494 2.50246e-20 2.70491e-19)
(0.0301494 -8.63196e-21 6.21858e-19)
(0.0232368 1.52011e-20 2.59623e-19)
(0.0232368 6.93353e-21 5.99472e-19)
(0.0164495 1.64955e-21 2.49676e-19)
(0.0164495 4.70393e-22 5.77465e-19)
(0.00978533 3.92144e-21 2.40418e-19)
(0.00978533 7.75371e-21 5.56436e-19)
(0.00324202 -2.77701e-21 -4.25423e-19)
(0.00324202 1.09219e-22 4.64001e-20)
(1.11478 -1.99251e-16 8.45027e-18)
(1.11478 -1.93794e-16 -3.68075e-17)
(1.11461 -1.79783e-16 1.36103e-17)
(1.11461 -2.11025e-16 2.54967e-17)
(1.1143 -2.18607e-16 3.03092e-18)
(1.1143 -1.7756e-16 -3.88673e-17)
(1.11383 -1.72816e-16 -2.85881e-17)
(1.11383 -2.35263e-16 -3.552e-17)
(1.11323 -2.10372e-16 -1.90579e-17)
(1.11323 -1.77788e-16 4.16477e-17)
(1.11251 -2.5282e-16 4.07539e-17)
(1.11251 -1.8754e-16 5.3997e-17)
(1.11166 -1.68984e-16 -6.24982e-17)
(1.11166 -1.72699e-16 -2.25082e-19)
(1.11071 -2.01616e-16 -6.22776e-17)
(1.11071 -2.2541e-16 -1.1294e-17)
(1.10965 -2.0635e-16 -3.41125e-17)
(1.10965 -2.43487e-16 1.76237e-17)
(1.10849 -1.98287e-16 8.09731e-18)
(1.10849 -1.83787e-16 -4.52134e-17)
(1.10725 -1.96063e-16 6.50826e-17)
(1.10725 -1.99342e-16 -3.84598e-17)
(1.10592 -8.32135e-17 3.32585e-31)
(1.10592 -1.69892e-16 -8.01789e-18)
(1.10451 -1.83837e-16 -3.66547e-17)
(1.10451 -1.56085e-16 -4.27943e-18)
(1.10303 -1.66218e-16 4.8443e-18)
(1.10303 -1.8653e-16 1.37349e-17)
(1.10148 -1.59315e-16 3.66097e-18)
(1.10148 -1.61893e-16 -1.47419e-17)
(1.09987 -1.51618e-16 -1.57225e-20)
(1.09987 -1.45083e-16 1.38375e-17)
(1.0982 -1.61647e-16 3.77326e-17)
(1.0982 -1.54901e-16 2.49926e-17)
(1.09647 -1.53174e-16 2.43316e-17)
(1.09647 -1.6357e-16 -2.39351e-17)
(1.09469 -1.4048e-16 1.10588e-17)
(1.09469 -1.81332e-16 -1.54564e-17)
(1.09286 -1.27199e-16 -1.87753e-17)
(1.09286 -1.05071e-16 -6.58744e-18)
(1.09098 -1.14997e-16 -3.70236e-18)
(1.09098 -1.03608e-16 1.60065e-17)
(1.08906 -1.05155e-16 -9.92295e-18)
(1.08906 -1.31614e-16 3.46481e-17)
(1.0871 -1.06283e-16 -3.76149e-18)
(1.0871 -1.06775e-16 1.20106e-17)
(1.0851 -5.40494e-17 4.38192e-18)
(1.0851 -8.40546e-17 -6.27865e-18)
(1.08307 -1.37931e-16 1.01522e-17)
(1.08307 -1.11755e-16 -9.99536e-18)
(1.081 -1.08186e-16 -4.51887e-18)
(1.081 -8.00377e-17 4.55713e-18)
(1.07889 -1.36176e-16 -1.03029e-17)
(1.07889 -7.86533e-17 3.14811e-17)
(1.07676 -9.98663e-17 -2.30276e-17)
(1.07676 -9.59227e-17 4.32594e-17)
(1.07459 -9.95155e-17 -1.93469e-17)
(1.07459 -1.03268e-16 2.92857e-17)
(1.0724 -1.06382e-16 3.62978e-17)
(1.0724 -8.52677e-17 1.01047e-17)
(1.07018 -1.29275e-17 1.2614e-30)
(1.07018 -9.06678e-17 4.10049e-17)
(1.06793 -9.49761e-17 -3.41023e-17)
(1.06793 -1.09981e-16 2.46347e-17)
(1.06566 -8.81716e-17 -4.86929e-18)
(1.06566 -1.20983e-16 1.20799e-18)
(1.06337 -4.02145e-17 -1.69959e-17)
(1.06337 -9.98864e-17 1.10577e-17)
(1.06105 -6.63383e-17 -3.06449e-17)
(1.06105 -9.96001e-17 2.85144e-18)
(1.05872 -2.08492e-17 -3.15805e-17)
(1.05872 -8.88543e-17 2.73298e-18)
(1.05636 -7.35131e-17 -3.23428e-17)
(1.05636 -1.04196e-16 -3.40456e-18)
(1.05398 -8.55377e-17 -1.63269e-17)
(1.05398 -1.04744e-16 5.222e-18)
(1.05159 -1.00347e-16 -9.46426e-18)
(1.05159 -7.42998e-17 -3.92865e-19)
(1.04918 -6.82101e-17 5.91909e-18)
(1.04918 -1.06e-16 -1.14718e-17)
(1.04675 -7.6035e-17 2.79614e-17)
(1.04675 -9.78883e-17 -9.85723e-18)
(1.0443 -9.91629e-17 2.56277e-17)
(1.0443 -6.6507e-17 3.93332e-18)
(1.04184 -9.69672e-17 2.997e-17)
(1.04184 -5.70109e-17 -7.99918e-18)
(1.03936 -9.24813e-17 1.56239e-17)
(1.03936 -1.35003e-16 -1.1057e-17)
(1.03687 -8.21757e-17 1.03036e-17)
(1.03687 -1.20856e-16 -8.4824e-18)
(1.03437 -7.21537e-17 1.51379e-17)
(1.03437 -1.22869e-16 8.35311e-18)
(1.03185 -6.88081e-17 5.7339e-17)
(1.03185 -9.14123e-17 3.36779e-18)
(1.02931 -6.40045e-17 6.8689e-17)
(1.02931 -1.03775e-16 -8.26486e-18)
(1.02677 -5.94436e-17 6.08918e-17)
(1.02677 -8.40605e-17 7.60284e-18)
(1.02421 -9.53408e-17 7.42682e-17)
(1.02421 -7.75855e-17 2.11653e-31)
(1.02164 -7.44401e-17 5.05355e-17)
(1.02164 -6.31412e-17 8.84949e-18)
(1.01906 -4.91789e-17 5.56448e-17)
(1.01906 -6.60273e-17 -2.62437e-20)
(1.01647 -5.76965e-17 5.74776e-17)
(1.01647 -6.96653e-17 -6.86707e-19)
(1.01386 -7.37658e-17 5.41309e-17)
(1.01386 -7.73524e-17 2.5387e-18)
(1.01125 -8.56904e-17 4.85265e-17)
(1.01125 -5.60975e-17 -2.3998e-18)
(1.00862 -7.68708e-17 4.20741e-17)
(1.00862 -5.05185e-17 1.17467e-19)
(1.00599 -8.06091e-17 4.34039e-17)
(1.00599 -6.772e-17 -1.09869e-31)
(1.00335 -7.08251e-17 3.69723e-17)
(1.00335 -6.03587e-17 4.29596e-18)
(1.00069 -8.29171e-17 3.73228e-17)
(1.00069 -5.98643e-17 7.05769e-19)
(0.998029 -7.70684e-17 2.78059e-17)
(0.998029 -5.63981e-17 8.03302e-18)
(0.995356 -6.0165e-17 2.28636e-17)
(0.995356 -5.7267e-17 3.45121e-18)
(0.992674 -6.25376e-17 2.05733e-17)
(0.992674 -6.40315e-17 8.17071e-20)
(0.989984 -6.11493e-17 1.63799e-17)
(0.989984 -4.70486e-17 7.0134e-18)
(0.987285 -4.80558e-17 9.95477e-18)
(0.987285 -5.30103e-17 1.48411e-17)
(0.984577 -3.63705e-17 6.90336e-18)
(0.984577 -5.22883e-17 9.58785e-18)
(0.981861 -5.01814e-17 1.02817e-17)
(0.981861 -4.01056e-17 6.53654e-18)
(0.979137 -5.39391e-17 2.86671e-18)
(0.979137 -3.28337e-17 1.17597e-17)
(0.976404 -4.79886e-17 -5.87321e-18)
(0.976404 -4.04619e-17 1.21336e-17)
(0.973664 -4.77992e-17 -1.17344e-17)
(0.973664 -5.44779e-17 7.86477e-18)
(0.970915 -4.16947e-17 -1.50862e-17)
(0.970915 -5.7344e-17 1.94329e-18)
(0.968158 -4.6079e-17 -1.87743e-17)
(0.968158 -7.43096e-17 1.5789e-18)
(0.965394 -5.09718e-17 -1.89855e-17)
(0.965394 -6.80733e-17 -1.92687e-18)
(0.962622 -4.96381e-17 -2.01264e-17)
(0.962622 -5.76499e-17 3.77611e-18)
(0.959841 -4.58708e-17 -1.82082e-17)
(0.959841 -5.86019e-17 2.05479e-18)
(0.957054 -4.15967e-17 -1.69792e-17)
(0.957054 -6.49694e-17 -8.62186e-19)
(0.954258 -3.80569e-17 -1.6331e-17)
(0.954258 -6.03822e-17 -6.286e-19)
(0.951455 -3.6986e-17 -1.49881e-17)
(0.951455 -5.34246e-17 -1.49272e-18)
(0.948644 -3.67809e-17 -1.15813e-17)
(0.948644 -6.89721e-17 -2.34839e-18)
(0.945826 -4.62163e-17 -8.56014e-18)
(0.945826 -6.48862e-17 1.91214e-18)
(0.943 -4.23777e-17 -5.02464e-18)
(0.943 -5.25766e-17 4.3233e-18)
(0.940166 -4.00328e-17 -5.26513e-19)
(0.940166 -3.49787e-17 -4.6404e-31)
(0.937325 -4.30773e-17 1.06227e-18)
(0.937325 -4.83715e-17 -1.86773e-18)
(0.934476 -4.44128e-17 1.70117e-18)
(0.934476 -4.48535e-17 -1.36085e-18)
(0.931619 -4.31935e-17 5.79253e-19)
(0.931619 -4.40326e-17 -1.22542e-18)
(0.928754 -4.21562e-17 9.5612e-19)
(0.928754 -3.98587e-17 -4.52189e-19)
(0.925882 -3.49893e-17 5.92067e-19)
(0.925882 -4.28053e-17 7.59043e-19)
(0.923001 -4.94416e-17 -8.08366e-19)
(0.923001 -4.73287e-17 8.07072e-19)
(0.920113 -4.99432e-17 -6.58639e-19)
(0.920113 -5.83387e-17 2.83701e-18)
(0.917217 -4.949e-17 1.44338e-18)
(0.917217 -5.15785e-17 1.1844e-18)
(0.914312 -4.2228e-17 1.42896e-18)
(0.914312 -5.20103e-17 6.9476e-19)
(0.9114 -3.90207e-17 2.46017e-18)
(0.9114 -5.49466e-17 -1.37574e-18)
(0.908479 -4.60082e-17 3.02318e-18)
(0.908479 -5.47217e-17 -2.24054e-18)
(0.90555 -4.91204e-17 -1.82502e-18)
(0.90555 -4.35694e-17 1.95575e-19)
(0.902612 -4.25315e-17 -4.55327e-18)
(0.902612 -4.69396e-17 -7.65735e-19)
(0.899666 -3.71233e-17 -6.86777e-18)
(0.899666 -4.85333e-17 -2.68313e-19)
(0.896711 -3.64879e-17 -5.08421e-18)
(0.896711 -4.59688e-17 4.313e-19)
(0.893747 -4.05025e-17 -3.45096e-18)
(0.893747 -5.09398e-17 -1.13712e-18)
(0.890774 -5.60668e-17 -6.1969e-18)
(0.890774 -3.93115e-17 -1.17168e-19)
(0.887792 -5.11197e-17 -7.76164e-18)
(0.887792 -3.81638e-17 -1.17857e-19)
(0.884801 -4.53419e-17 -8.4877e-18)
(0.884801 -4.777e-17 -4.00418e-19)
(0.881801 -3.95192e-17 -8.80418e-18)
(0.881801 -5.20429e-17 5.85463e-19)
(0.878791 -3.30711e-17 -6.37605e-18)
(0.878791 -4.09565e-17 -8.63441e-19)
(0.875771 -3.04615e-17 -5.32282e-18)
(0.875771 -4.25138e-17 -2.67713e-19)
(0.872741 -2.87501e-17 -3.52216e-18)
(0.872741 -4.2239e-17 1.174e-18)
(0.869701 -2.79474e-17 -8.70009e-19)
(0.869701 -3.46125e-17 9.33214e-19)
(0.866651 -3.72865e-17 1.47179e-18)
(0.866651 -3.31653e-17 3.29977e-32)
(0.863591 -2.81312e-17 1.85276e-18)
(0.863591 -3.80211e-17 8.75733e-20)
(0.86052 -2.11308e-17 2.65352e-18)
(0.86052 -3.4586e-17 3.12653e-19)
(0.857437 -1.44622e-17 4.78464e-18)
(0.857437 -3.62067e-17 8.4478e-32)
(0.854344 -1.55434e-17 5.78926e-18)
(0.854344 -3.64109e-17 2.95799e-19)
(0.85124 -1.33441e-17 7.88921e-18)
(0.85124 -3.1975e-17 -3.33094e-19)
(0.848123 -1.24233e-17 9.65626e-18)
(0.848123 -2.72964e-17 -1.86051e-18)
(0.844995 -1.14849e-17 1.09712e-17)
(0.844995 -2.50961e-17 -1.36602e-18)
(0.841855 -1.138e-17 1.1668e-17)
(0.841855 -2.58432e-17 -1.32285e-18)
(0.838703 -1.20672e-17 1.23183e-17)
(0.838703 -2.41333e-17 -6.17339e-19)
(0.835537 -1.36998e-17 1.21609e-17)
(0.835537 -1.46064e-17 6.50729e-19)
(0.832359 -1.7753e-17 1.19381e-17)
(0.832359 -1.20525e-17 5.5245e-19)
(0.829168 -1.913e-17 1.12793e-17)
(0.829168 -1.45821e-17 1.16923e-18)
(0.825963 -2.80987e-17 1.12853e-17)
(0.825963 -1.05008e-17 3.44463e-19)
(0.822744 -2.39083e-17 1.08494e-17)
(0.822744 -1.1299e-17 3.59128e-19)
(0.819511 -2.84058e-17 1.00737e-17)
(0.819511 -1.02783e-17 7.88076e-19)
(0.816264 -2.16864e-17 9.56576e-18)
(0.816264 -1.14436e-17 -7.4157e-20)
(0.813001 -1.89147e-17 1.00623e-17)
(0.813001 -1.62365e-17 2.36736e-19)
(0.809724 -1.79361e-17 1.07269e-17)
(0.809724 -1.59219e-17 9.99991e-19)
(0.806431 -1.57577e-17 1.09433e-17)
(0.806431 -1.32001e-17 2.46819e-18)
(0.803121 -2.16617e-17 1.09314e-17)
(0.803121 -8.35853e-18 3.6969e-18)
(0.799796 -1.71198e-17 1.01917e-17)
(0.799796 -5.30837e-18 4.82088e-18)
(0.796453 -1.61932e-17 9.48388e-18)
(0.796453 -7.28818e-18 5.86426e-18)
(0.793094 -1.57553e-17 9.10226e-18)
(0.793094 -1.10459e-17 7.32834e-18)
(0.789716 -1.18714e-17 8.91531e-18)
(0.789716 -1.03198e-17 8.75085e-18)
(0.786321 -1.10013e-17 8.58314e-18)
(0.786321 -1.31117e-17 9.71342e-18)
(0.782906 -1.02701e-17 8.46621e-18)
(0.782906 -1.19538e-17 1.09325e-17)
(0.779473 -4.77911e-18 8.37687e-18)
(0.779473 -1.38666e-17 1.10548e-17)
(0.77602 -5.2353e-18 8.41563e-18)
(0.77602 -1.56356e-17 1.08731e-17)
(0.772547 1.1667e-19 8.27288e-18)
(0.772547 -1.32774e-17 1.04001e-17)
(0.769053 -3.7955e-18 8.28878e-18)
(0.769053 -1.34534e-17 9.86273e-18)
(0.765538 2.57343e-18 8.50503e-18)
(0.765538 -1.80407e-17 9.26064e-18)
(0.762001 4.05243e-18 8.60972e-18)
(0.762001 -1.87504e-17 9.10459e-18)
(0.758442 4.99093e-18 8.84382e-18)
(0.758442 -1.73412e-17 8.69703e-18)
(0.75486 2.96266e-19 9.06373e-18)
(0.75486 -1.35299e-17 7.84745e-18)
(0.751254 1.15573e-18 8.7277e-18)
(0.751254 -1.18442e-17 7.38938e-18)
(0.747623 -7.63104e-19 8.09945e-18)
(0.747623 -9.93937e-18 7.27215e-18)
(0.743968 -1.43828e-18 7.55549e-18)
(0.743968 -7.56257e-18 6.83755e-18)
(0.740286 -4.36334e-18 7.11927e-18)
(0.740286 -7.48411e-18 6.58531e-18)
(0.736578 -5.33537e-18 6.50411e-18)
(0.736578 -1.03751e-17 6.43491e-18)
(0.732843 -6.78538e-18 5.70352e-18)
(0.732843 -9.88363e-18 6.4357e-18)
(0.72908 -6.59866e-18 5.23852e-18)
(0.72908 -8.70594e-18 6.45837e-18)
(0.725288 -7.51409e-18 4.57404e-18)
(0.725288 -8.77402e-18 6.701e-18)
(0.721466 -6.72396e-18 4.20031e-18)
(0.721466 -8.82884e-18 6.8666e-18)
(0.717613 -7.10208e-18 3.84659e-18)
(0.717613 -7.39435e-18 7.03595e-18)
(0.713729 -6.23478e-18 3.51112e-18)
(0.713729 -8.87743e-18 7.24658e-18)
(0.709812 -6.41716e-18 3.19223e-18)
(0.709812 -1.06639e-17 7.32702e-18)
(0.705862 -9.00719e-18 3.02166e-18)
(0.705862 -7.65292e-18 7.08586e-18)
(0.701877 -1.11571e-17 2.58775e-18)
(0.701877 -7.88869e-18 6.89802e-18)
(0.697856 -1.33977e-17 2.35719e-18)
(0.697856 -9.09633e-18 6.84241e-18)
(0.693799 -1.31767e-17 2.13671e-18)
(0.693799 -9.37243e-18 6.7985e-18)
(0.689703 -1.09278e-17 1.95924e-18)
(0.689703 -9.51011e-18 6.99976e-18)
(0.685569 -1.30313e-17 1.57936e-18)
(0.685569 -1.04364e-17 6.67562e-18)
(0.681394 -1.20396e-17 9.83987e-19)
(0.681394 -1.14683e-17 6.26188e-18)
(0.677177 -1.15385e-17 6.7185e-19)
(0.677177 -1.28368e-17 5.9838e-18)
(0.672917 -1.02369e-17 3.05496e-19)
(0.672917 -1.30688e-17 5.92886e-18)
(0.668612 -1.01652e-17 -2.15914e-19)
(0.668612 -1.30624e-17 5.9133e-18)
(0.664262 -9.69183e-18 -5.83853e-19)
(0.664262 -1.25116e-17 5.94406e-18)
(0.659864 -8.1619e-18 -8.74928e-19)
(0.659864 -1.24441e-17 5.87307e-18)
(0.655417 -7.60041e-18 -9.42293e-19)
(0.655417 -1.11826e-17 5.75175e-18)
(0.650918 -7.43737e-18 -1.03905e-18)
(0.650918 -1.14308e-17 5.65772e-18)
(0.646368 -8.59612e-18 -1.21546e-18)
(0.646368 -1.07503e-17 5.43756e-18)
(0.641763 -7.69392e-18 -1.29352e-18)
(0.641763 -9.40302e-18 5.10627e-18)
(0.637101 -7.55988e-18 -1.273e-18)
(0.637101 -1.01702e-17 5.10253e-18)
(0.632381 -6.46755e-18 -1.33088e-18)
(0.632381 -9.9633e-18 5.10911e-18)
(0.627601 -5.58269e-18 -1.3333e-18)
(0.627601 -1.00168e-17 5.09426e-18)
(0.622758 -5.84206e-18 -1.35091e-18)
(0.622758 -1.08381e-17 4.91052e-18)
(0.617851 -4.54592e-18 -1.3579e-18)
(0.617851 -1.07152e-17 4.63694e-18)
(0.612876 -3.29109e-18 -1.30937e-18)
(0.612876 -1.06166e-17 4.49279e-18)
(0.607831 -3.13856e-18 -1.31269e-18)
(0.607831 -9.85728e-18 4.4611e-18)
(0.602715 -4.32121e-18 -1.30219e-18)
(0.602715 -8.1408e-18 4.46155e-18)
(0.597523 -4.2569e-18 -1.29009e-18)
(0.597523 -7.02433e-18 4.36058e-18)
(0.592254 -4.64734e-18 -1.29171e-18)
(0.592254 -6.42175e-18 4.25376e-18)
(0.586904 -4.98444e-18 -1.34405e-18)
(0.586904 -5.38043e-18 4.13565e-18)
(0.581471 -5.75053e-18 -1.33812e-18)
(0.581471 -4.31586e-18 3.91706e-18)
(0.575951 -5.21227e-18 -1.33413e-18)
(0.575951 -5.64859e-18 3.89037e-18)
(0.57034 -4.91171e-18 -1.30354e-18)
(0.57034 -5.39351e-18 3.77449e-18)
(0.564636 -4.37272e-18 -1.30665e-18)
(0.564636 -4.7053e-18 3.58329e-18)
(0.558835 -3.12537e-18 -1.23242e-18)
(0.558835 -5.53e-18 3.45173e-18)
(0.552933 -1.42903e-18 -1.13082e-18)
(0.552933 -5.95259e-18 3.34744e-18)
(0.546927 4.80332e-20 -9.92822e-19)
(0.546927 -5.0776e-18 3.12873e-18)
(0.540811 -9.27017e-19 -8.65052e-19)
(0.540811 -4.87628e-18 2.98136e-18)
(0.534583 -2.45124e-18 -7.82014e-19)
(0.534583 -4.36081e-18 2.96627e-18)
(0.528238 -3.5893e-18 -7.29438e-19)
(0.528238 -3.3367e-18 2.97226e-18)
(0.521771 -3.7428e-18 -6.83105e-19)
(0.521771 -2.8038e-18 2.82898e-18)
(0.515179 -3.38099e-18 -6.35172e-19)
(0.515179 -2.80808e-18 2.65988e-18)
(0.508456 -3.10525e-18 -5.63418e-19)
(0.508456 -2.19224e-18 2.5885e-18)
(0.501598 -3.16137e-18 -4.77328e-19)
(0.501598 -2.3617e-18 2.52919e-18)
(0.4946 -2.03566e-18 -3.87308e-19)
(0.4946 -2.83628e-18 2.44379e-18)
(0.487457 -2.16496e-18 -3.08819e-19)
(0.487457 -2.49652e-18 2.3768e-18)
(0.480165 -1.6549e-18 -2.15252e-19)
(0.480165 -2.20815e-18 2.31158e-18)
(0.47272 -2.08975e-18 -1.50274e-19)
(0.47272 -1.8472e-18 2.25577e-18)
(0.465116 -1.91838e-18 -1.03579e-19)
(0.465116 -1.898e-18 2.19412e-18)
(0.457351 -1.93633e-18 -5.23785e-20)
(0.457351 -2.11e-18 2.10754e-18)
(0.449419 -1.79608e-18 -1.98072e-20)
(0.449419 -1.14823e-18 2.04665e-18)
(0.441317 -1.78031e-18 2.23798e-20)
(0.441317 -1.48623e-19 1.9752e-18)
(0.433043 -2.15701e-18 8.58824e-21)
(0.433043 2.25085e-19 1.90893e-18)
(0.424595 -2.09016e-18 1.17569e-21)
(0.424595 -4.86488e-19 1.88376e-18)
(0.415971 -1.98985e-18 -1.78741e-20)
(0.415971 -1.59023e-19 1.93284e-18)
(0.40717 -1.69939e-18 -1.78712e-20)
(0.40717 -2.24483e-19 1.93875e-18)
(0.398195 -7.89252e-19 -4.05988e-21)
(0.398195 -5.90069e-19 1.89321e-18)
(0.389046 -1.36124e-18 2.86319e-21)
(0.389046 -1.67923e-19 1.83981e-18)
(0.379729 -1.06867e-18 1.74403e-20)
(0.379729 -6.07637e-19 1.79718e-18)
(0.370248 -9.43407e-19 2.85576e-20)
(0.370248 -2.5871e-19 1.78657e-18)
(0.360611 -1.04985e-18 3.57841e-20)
(0.360611 1.35411e-19 1.77553e-18)
(0.350828 -8.76973e-19 4.44414e-20)
(0.350828 1.16932e-19 1.72549e-18)
(0.340911 -9.03034e-19 4.93363e-20)
(0.340911 9.92916e-20 1.69409e-18)
(0.330873 -7.47961e-19 4.40981e-20)
(0.330873 -6.33949e-21 1.69441e-18)
(0.320729 -5.34217e-19 3.6039e-20)
(0.320729 -6.31426e-20 1.69038e-18)
(0.310498 -4.49126e-19 2.8194e-20)
(0.310498 -3.22741e-19 1.68185e-18)
(0.300197 -4.19786e-19 3.09548e-20)
(0.300197 -3.5645e-19 1.6563e-18)
(0.289849 -4.08388e-20 3.22211e-20)
(0.289849 -3.33594e-19 1.62111e-18)
(0.279473 -5.41401e-19 2.9788e-20)
(0.279473 -6.84258e-19 1.57796e-18)
(0.26909 -6.34135e-19 2.8751e-20)
(0.26909 -4.42199e-19 1.54178e-18)
(0.258723 -5.66882e-19 2.46725e-20)
(0.258723 -1.05454e-19 1.50491e-18)
(0.24839 -6.5876e-19 2.11645e-20)
(0.24839 1.35623e-19 1.47776e-18)
(0.238113 -6.69541e-19 1.4851e-20)
(0.238113 1.65669e-19 1.44317e-18)
(0.227908 -5.70035e-19 9.63268e-21)
(0.227908 1.92517e-19 1.40222e-18)
(0.217791 -3.24285e-19 4.65607e-21)
(0.217791 2.20973e-19 1.36595e-18)
(0.207778 -1.87013e-19 2.89626e-21)
(0.207778 -1.1555e-19 1.33378e-18)
(0.19788 -3.40133e-20 1.43201e-21)
(0.19788 2.49903e-21 1.2953e-18)
(0.188108 -1.44738e-19 -6.61376e-21)
(0.188108 5.25939e-20 1.25719e-18)
(0.17847 -2.04787e-20 -1.31097e-20)
(0.17847 3.5671e-20 1.22116e-18)
(0.168972 6.24379e-20 -1.44716e-20)
(0.168972 9.69022e-20 1.17982e-18)
(0.15962 6.34962e-20 -1.57308e-20)
(0.15962 7.70002e-20 1.14309e-18)
(0.150417 -1.16865e-19 -2.25494e-20)
(0.150417 8.11013e-20 1.10714e-18)
(0.141365 -4.72726e-20 -2.67208e-20)
(0.141365 1.07936e-19 1.06525e-18)
(0.132466 -1.54685e-20 -2.77416e-20)
(0.132466 -3.31885e-20 1.02906e-18)
(0.123719 -1.14458e-19 -3.03451e-20)
(0.123719 5.36922e-20 9.96736e-19)
(0.115124 -1.44041e-19 -3.31861e-20)
(0.115124 7.40483e-20 9.63399e-19)
(0.106681 -1.46593e-19 -3.32653e-20)
(0.106681 6.04029e-21 9.28621e-19)
(0.0983871 -1.54372e-19 -3.33082e-20)
(0.0983871 2.06445e-21 8.95543e-19)
(0.0902416 -1.17489e-19 -3.37841e-20)
(0.0902416 5.0212e-20 8.63729e-19)
(0.0822423 -7.77022e-20 -3.31392e-20)
(0.0822423 2.41911e-20 8.31554e-19)
(0.074387 -1.1829e-19 -3.10433e-20)
(0.074387 -7.65931e-21 8.01687e-19)
(0.0666735 -6.7201e-20 -2.85946e-20)
(0.0666735 3.92481e-21 7.73032e-19)
(0.0590993 -5.72973e-20 -2.58943e-20)
(0.0590993 -9.98788e-21 7.4388e-19)
(0.0516622 -5.00937e-20 -2.31772e-20)
(0.0516622 -4.22598e-20 7.16406e-19)
(0.0443598 -3.11311e-20 -2.06918e-20)
(0.0443598 -2.75541e-20 6.90452e-19)
(0.0371896 -1.57779e-20 -1.81868e-20)
(0.0371896 -2.91249e-20 6.6519e-19)
(0.0301494 -9.04542e-21 -1.61195e-20)
(0.0301494 -3.5954e-20 6.40587e-19)
(0.0232368 -1.32971e-20 -1.45277e-20)
(0.0232368 -2.05515e-20 6.17423e-19)
(0.0164495 -5.56221e-21 -1.34202e-20)
(0.0164495 -1.34306e-20 5.94762e-19)
(0.00978533 -8.3832e-22 -1.24795e-20)
(0.00978533 -8.61803e-21 5.73254e-19)
(0.00324202 -3.52476e-21 3.76935e-19)
(0.00324202 3.09207e-21 1.44288e-19)
)
;

boundaryField
{
    walls
    {
        type            fixedValue;
        value           uniform (0 0 0);
    }
    inlet
    {
        type            cyclic;
    }
    outlet
    {
        type            cyclic;
    }
    sides
    {
        type            empty;
    }
}


// ************************************************************************* //
