/*--------------------------------*- C++ -*----------------------------------*\
| =========                 |                                                 |
| \\      /  F ield         | OpenFOAM: The Open Source CFD Toolbox           |
|  \\    /   O peration     | Version:  2106                                  |
|   \\  /    A nd           | Website:  www.openfoam.com                      |
|    \\/     M anipulation  |                                                 |
\*---------------------------------------------------------------------------*/
FoamFile
{
    version     2.0;
    format      ascii;
    arch        "LSB;label=32;scalar=64";
    class       volScalarField;
    location    "10010";
    object      alphat;
}
// * * * * * * * * * * * * * * * * * * * * * * * * * * * * * * * * * * * * * //

dimensions      [0 2 -1 0 0 0 0];

internalField   nonuniform List<scalar> 
2000
(
8.12687e-15
8.12687e-15
7.02548e-15
7.02548e-15
9.6669e-15
9.6669e-15
3.41895e-14
3.41895e-14
1.39288e-13
1.39288e-13
4.62368e-13
4.62368e-13
1.27162e-12
1.27162e-12
3.03421e-12
3.03421e-12
6.50352e-12
6.50352e-12
1.28286e-11
1.28286e-11
2.36903e-11
2.36903e-11
4.14679e-11
4.14679e-11
6.94421e-11
6.94421e-11
1.12041e-10
1.12041e-10
1.75132e-10
1.75132e-10
2.66379e-10
2.66379e-10
3.95655e-10
3.95655e-10
5.75536e-10
5.75536e-10
8.2189e-10
8.2189e-10
1.15455e-09
1.15455e-09
1.59814e-09
1.59814e-09
2.18296e-09
2.18296e-09
2.94613e-09
2.94613e-09
3.93282e-09
3.93282e-09
5.19771e-09
5.19771e-09
6.80668e-09
6.80668e-09
8.83877e-09
8.83877e-09
1.13884e-08
1.13884e-08
1.45679e-08
1.45679e-08
1.85106e-08
1.85106e-08
2.33738e-08
2.33738e-08
2.93433e-08
2.93433e-08
3.6637e-08
3.6637e-08
4.55104e-08
4.55104e-08
5.62617e-08
5.62617e-08
6.9239e-08
6.9239e-08
8.48466e-08
8.48466e-08
1.03554e-07
1.03554e-07
1.25903e-07
1.25903e-07
1.52523e-07
1.52523e-07
1.84135e-07
1.84135e-07
2.21571e-07
2.21571e-07
2.65785e-07
2.65785e-07
3.17872e-07
3.17872e-07
3.79079e-07
3.79079e-07
4.50835e-07
4.50835e-07
5.34764e-07
5.34764e-07
6.32712e-07
6.32712e-07
7.46774e-07
7.46774e-07
8.79323e-07
8.79323e-07
1.03304e-06
1.03304e-06
1.21094e-06
1.21094e-06
1.41643e-06
1.41643e-06
1.65332e-06
1.65332e-06
1.9259e-06
1.9259e-06
2.23895e-06
2.23895e-06
2.59778e-06
2.59778e-06
3.00835e-06
3.00835e-06
3.47721e-06
3.47721e-06
4.01166e-06
4.01166e-06
4.61974e-06
4.61974e-06
5.31027e-06
5.31027e-06
6.09296e-06
6.09296e-06
6.97841e-06
6.97841e-06
7.97819e-06
7.97819e-06
9.10486e-06
9.10486e-06
1.0372e-05
1.0372e-05
1.17943e-05
1.17943e-05
1.33874e-05
1.33874e-05
1.51683e-05
1.51683e-05
1.71548e-05
1.71548e-05
1.93661e-05
1.93661e-05
2.18221e-05
2.18221e-05
2.45439e-05
2.45439e-05
2.75538e-05
2.75538e-05
3.08746e-05
3.08746e-05
3.453e-05
3.453e-05
3.85446e-05
3.85446e-05
4.29434e-05
4.29434e-05
4.77518e-05
4.77518e-05
5.29956e-05
5.29956e-05
5.87009e-05
5.87009e-05
6.48935e-05
6.48935e-05
7.15992e-05
7.15992e-05
7.88436e-05
7.88436e-05
8.66516e-05
8.66516e-05
9.50477e-05
9.50477e-05
0.000104056
0.000104056
0.000113698
0.000113698
0.000123997
0.000123997
0.000134973
0.000134973
0.000146647
0.000146647
0.000159036
0.000159036
0.000172158
0.000172158
0.000186029
0.000186029
0.000200666
0.000200666
0.00021608
0.00021608
0.000232286
0.000232286
0.000249295
0.000249295
0.000267117
0.000267117
0.000285764
0.000285764
0.000305243
0.000305243
0.000325562
0.000325562
0.00034673
0.00034673
0.000368754
0.000368754
0.000391638
0.000391638
0.00041539
0.00041539
0.000440014
0.000440014
0.000465516
0.000465516
0.000491901
0.000491901
0.000519172
0.000519172
0.000547335
0.000547335
0.000576392
0.000576392
0.000606349
0.000606349
0.000637209
0.000637209
0.000668977
0.000668977
0.000701655
0.000701655
0.000735247
0.000735247
0.000769758
0.000769758
0.000805192
0.000805192
0.000841551
0.000841551
0.00087884
0.00087884
0.000917063
0.000917063
0.000956223
0.000956223
0.000996325
0.000996325
0.00103737
0.00103737
0.00107937
0.00107937
0.00112231
0.00112231
0.00116622
0.00116622
0.00121108
0.00121108
0.00125691
0.00125691
0.00130371
0.00130371
0.00135148
0.00135148
0.00140022
0.00140022
0.00144994
0.00144994
0.00150063
0.00150063
0.00155232
0.00155232
0.00160499
0.00160499
0.00165865
0.00165865
0.0017133
0.0017133
0.00176894
0.00176894
0.00182558
0.00182558
0.00188322
0.00188322
0.00194185
0.00194185
0.00200149
0.00200149
0.00206212
0.00206212
0.00212376
0.00212376
0.00218639
0.00218639
0.00225003
0.00225003
0.00231466
0.00231466
0.00238029
0.00238029
0.00244692
0.00244692
0.00251454
0.00251454
0.00258315
0.00258315
0.00265274
0.00265274
0.00272332
0.00272332
0.00279487
0.00279487
0.0028674
0.0028674
0.00294089
0.00294089
0.00301534
0.00301534
0.00309073
0.00309073
0.00316707
0.00316707
0.00324434
0.00324434
0.00332253
0.00332253
0.00340163
0.00340163
0.00348163
0.00348163
0.00356251
0.00356251
0.00364427
0.00364427
0.00372687
0.00372687
0.00381032
0.00381032
0.00389458
0.00389458
0.00397964
0.00397964
0.00406548
0.00406548
0.00415208
0.00415208
0.00423942
0.00423942
0.00432747
0.00432747
0.0044162
0.0044162
0.00450558
0.00450558
0.00459559
0.00459559
0.0046862
0.0046862
0.00477738
0.00477738
0.00486908
0.00486908
0.00496127
0.00496127
0.00505392
0.00505392
0.00514698
0.00514698
0.00524041
0.00524041
0.00533416
0.00533416
0.0054282
0.0054282
0.00552246
0.00552246
0.00561691
0.00561691
0.00571147
0.00571147
0.00580611
0.00580611
0.00590075
0.00590075
0.00599534
0.00599534
0.00608981
0.00608981
0.00618409
0.00618409
0.00627812
0.00627812
0.00637181
0.00637181
0.00646509
0.00646509
0.00655789
0.00655789
0.00665011
0.00665011
0.00674166
0.00674166
0.00683247
0.00683247
0.00692243
0.00692243
0.00701144
0.00701144
0.00709941
0.00709941
0.00718622
0.00718622
0.00727177
0.00727177
0.00735594
0.00735594
0.00743861
0.00743861
0.00751965
0.00751965
0.00759895
0.00759895
0.00767637
0.00767637
0.00775178
0.00775178
0.00782503
0.00782503
0.00789598
0.00789598
0.00796449
0.00796449
0.00803039
0.00803039
0.00809355
0.00809355
0.0081538
0.0081538
0.00821098
0.00821098
0.00826493
0.00826493
0.00831549
0.00831549
0.0083625
0.0083625
0.0084058
0.0084058
0.00844523
0.00844523
0.00848065
0.00848065
0.00851191
0.00851191
0.00853888
0.00853888
0.00856145
0.00856145
0.00857952
0.00857952
0.00859302
0.00859302
0.00860191
0.00860191
0.00860618
0.00860618
0.00860589
0.00860589
0.00860113
0.00860113
0.00859206
0.00859206
0.00857894
0.00857894
0.00856208
0.00856208
0.00854193
0.00854193
0.00851902
0.00851902
0.00849401
0.00849401
0.0084677
0.0084677
0.00844098
0.00844098
0.00841487
0.00841487
0.00839045
0.00839045
0.00836888
0.00836888
0.00835128
0.00835128
0.00833872
0.00833872
0.0083321
0.0083321
8.12687e-15
8.12687e-15
7.02548e-15
7.02548e-15
9.6669e-15
9.6669e-15
3.41895e-14
3.41895e-14
1.39288e-13
1.39288e-13
4.62368e-13
4.62368e-13
1.27162e-12
1.27162e-12
3.03421e-12
3.03421e-12
6.50352e-12
6.50352e-12
1.28286e-11
1.28286e-11
2.36903e-11
2.36903e-11
4.14679e-11
4.14679e-11
6.94421e-11
6.94421e-11
1.12041e-10
1.12041e-10
1.75132e-10
1.75132e-10
2.66379e-10
2.66379e-10
3.95655e-10
3.95655e-10
5.75536e-10
5.75536e-10
8.2189e-10
8.2189e-10
1.15455e-09
1.15455e-09
1.59814e-09
1.59814e-09
2.18296e-09
2.18296e-09
2.94613e-09
2.94613e-09
3.93282e-09
3.93282e-09
5.19771e-09
5.19771e-09
6.80668e-09
6.80668e-09
8.83877e-09
8.83877e-09
1.13884e-08
1.13884e-08
1.45679e-08
1.45679e-08
1.85106e-08
1.85106e-08
2.33738e-08
2.33738e-08
2.93433e-08
2.93433e-08
3.6637e-08
3.6637e-08
4.55104e-08
4.55104e-08
5.62617e-08
5.62617e-08
6.9239e-08
6.9239e-08
8.48466e-08
8.48466e-08
1.03554e-07
1.03554e-07
1.25903e-07
1.25903e-07
1.52523e-07
1.52523e-07
1.84135e-07
1.84135e-07
2.21571e-07
2.21571e-07
2.65785e-07
2.65785e-07
3.17872e-07
3.17872e-07
3.79079e-07
3.79079e-07
4.50835e-07
4.50835e-07
5.34764e-07
5.34764e-07
6.32712e-07
6.32712e-07
7.46774e-07
7.46774e-07
8.79323e-07
8.79323e-07
1.03304e-06
1.03304e-06
1.21094e-06
1.21094e-06
1.41643e-06
1.41643e-06
1.65332e-06
1.65332e-06
1.9259e-06
1.9259e-06
2.23895e-06
2.23895e-06
2.59778e-06
2.59778e-06
3.00835e-06
3.00835e-06
3.47721e-06
3.47721e-06
4.01166e-06
4.01166e-06
4.61974e-06
4.61974e-06
5.31027e-06
5.31027e-06
6.09296e-06
6.09296e-06
6.97841e-06
6.97841e-06
7.97819e-06
7.97819e-06
9.10486e-06
9.10486e-06
1.0372e-05
1.0372e-05
1.17943e-05
1.17943e-05
1.33874e-05
1.33874e-05
1.51683e-05
1.51683e-05
1.71548e-05
1.71548e-05
1.93661e-05
1.93661e-05
2.18221e-05
2.18221e-05
2.45439e-05
2.45439e-05
2.75538e-05
2.75538e-05
3.08746e-05
3.08746e-05
3.453e-05
3.453e-05
3.85446e-05
3.85446e-05
4.29434e-05
4.29434e-05
4.77518e-05
4.77518e-05
5.29956e-05
5.29956e-05
5.87009e-05
5.87009e-05
6.48935e-05
6.48935e-05
7.15992e-05
7.15992e-05
7.88436e-05
7.88436e-05
8.66516e-05
8.66516e-05
9.50477e-05
9.50477e-05
0.000104056
0.000104056
0.000113698
0.000113698
0.000123997
0.000123997
0.000134973
0.000134973
0.000146647
0.000146647
0.000159036
0.000159036
0.000172158
0.000172158
0.000186029
0.000186029
0.000200666
0.000200666
0.00021608
0.00021608
0.000232286
0.000232286
0.000249295
0.000249295
0.000267117
0.000267117
0.000285764
0.000285764
0.000305243
0.000305243
0.000325562
0.000325562
0.00034673
0.00034673
0.000368754
0.000368754
0.000391638
0.000391638
0.00041539
0.00041539
0.000440014
0.000440014
0.000465516
0.000465516
0.000491901
0.000491901
0.000519172
0.000519172
0.000547335
0.000547335
0.000576392
0.000576392
0.000606349
0.000606349
0.000637209
0.000637209
0.000668977
0.000668977
0.000701655
0.000701655
0.000735247
0.000735247
0.000769758
0.000769758
0.000805192
0.000805192
0.000841551
0.000841551
0.00087884
0.00087884
0.000917063
0.000917063
0.000956223
0.000956223
0.000996325
0.000996325
0.00103737
0.00103737
0.00107937
0.00107937
0.00112231
0.00112231
0.00116622
0.00116622
0.00121108
0.00121108
0.00125691
0.00125691
0.00130371
0.00130371
0.00135148
0.00135148
0.00140022
0.00140022
0.00144994
0.00144994
0.00150063
0.00150063
0.00155232
0.00155232
0.00160499
0.00160499
0.00165865
0.00165865
0.0017133
0.0017133
0.00176894
0.00176894
0.00182558
0.00182558
0.00188322
0.00188322
0.00194185
0.00194185
0.00200149
0.00200149
0.00206212
0.00206212
0.00212376
0.00212376
0.00218639
0.00218639
0.00225003
0.00225003
0.00231466
0.00231466
0.00238029
0.00238029
0.00244692
0.00244692
0.00251454
0.00251454
0.00258315
0.00258315
0.00265274
0.00265274
0.00272332
0.00272332
0.00279487
0.00279487
0.0028674
0.0028674
0.00294089
0.00294089
0.00301534
0.00301534
0.00309073
0.00309073
0.00316707
0.00316707
0.00324434
0.00324434
0.00332253
0.00332253
0.00340163
0.00340163
0.00348163
0.00348163
0.00356251
0.00356251
0.00364427
0.00364427
0.00372687
0.00372687
0.00381032
0.00381032
0.00389458
0.00389458
0.00397964
0.00397964
0.00406548
0.00406548
0.00415208
0.00415208
0.00423942
0.00423942
0.00432747
0.00432747
0.0044162
0.0044162
0.00450558
0.00450558
0.00459559
0.00459559
0.0046862
0.0046862
0.00477738
0.00477738
0.00486908
0.00486908
0.00496127
0.00496127
0.00505392
0.00505392
0.00514698
0.00514698
0.00524041
0.00524041
0.00533416
0.00533416
0.0054282
0.0054282
0.00552246
0.00552246
0.00561691
0.00561691
0.00571147
0.00571147
0.00580611
0.00580611
0.00590075
0.00590075
0.00599534
0.00599534
0.00608981
0.00608981
0.00618409
0.00618409
0.00627812
0.00627812
0.00637181
0.00637181
0.00646509
0.00646509
0.00655789
0.00655789
0.00665011
0.00665011
0.00674166
0.00674166
0.00683247
0.00683247
0.00692243
0.00692243
0.00701144
0.00701144
0.00709941
0.00709941
0.00718622
0.00718622
0.00727177
0.00727177
0.00735594
0.00735594
0.00743861
0.00743861
0.00751965
0.00751965
0.00759895
0.00759895
0.00767637
0.00767637
0.00775178
0.00775178
0.00782503
0.00782503
0.00789598
0.00789598
0.00796449
0.00796449
0.00803039
0.00803039
0.00809355
0.00809355
0.0081538
0.0081538
0.00821098
0.00821098
0.00826493
0.00826493
0.00831549
0.00831549
0.0083625
0.0083625
0.0084058
0.0084058
0.00844523
0.00844523
0.00848065
0.00848065
0.00851191
0.00851191
0.00853888
0.00853888
0.00856145
0.00856145
0.00857952
0.00857952
0.00859302
0.00859302
0.00860191
0.00860191
0.00860618
0.00860618
0.00860589
0.00860589
0.00860113
0.00860113
0.00859206
0.00859206
0.00857894
0.00857894
0.00856208
0.00856208
0.00854193
0.00854193
0.00851902
0.00851902
0.00849401
0.00849401
0.0084677
0.0084677
0.00844098
0.00844098
0.00841487
0.00841487
0.00839045
0.00839045
0.00836888
0.00836888
0.00835128
0.00835128
0.00833872
0.00833872
0.0083321
0.0083321
0.0083321
0.0083321
0.00833872
0.00833872
0.00835128
0.00835128
0.00836888
0.00836888
0.00839045
0.00839045
0.00841487
0.00841487
0.00844098
0.00844098
0.0084677
0.0084677
0.00849401
0.00849401
0.00851901
0.00851901
0.00854192
0.00854192
0.00856208
0.00856208
0.00857893
0.00857893
0.00859206
0.00859206
0.00860113
0.00860113
0.00860589
0.00860589
0.00860618
0.00860618
0.0086019
0.0086019
0.00859301
0.00859301
0.00857951
0.00857951
0.00856144
0.00856144
0.00853887
0.00853887
0.0085119
0.0085119
0.00848064
0.00848064
0.00844523
0.00844523
0.00840579
0.00840579
0.00836249
0.00836249
0.00831548
0.00831548
0.00826492
0.00826492
0.00821097
0.00821097
0.00815379
0.00815379
0.00809355
0.00809355
0.00803039
0.00803039
0.00796448
0.00796448
0.00789598
0.00789598
0.00782502
0.00782502
0.00775178
0.00775178
0.00767637
0.00767637
0.00759895
0.00759895
0.00751965
0.00751965
0.0074386
0.0074386
0.00735593
0.00735593
0.00727177
0.00727177
0.00718622
0.00718622
0.00709941
0.00709941
0.00701144
0.00701144
0.00692243
0.00692243
0.00683247
0.00683247
0.00674166
0.00674166
0.0066501
0.0066501
0.00655788
0.00655788
0.00646509
0.00646509
0.00637181
0.00637181
0.00627811
0.00627811
0.00618409
0.00618409
0.00608981
0.00608981
0.00599534
0.00599534
0.00590075
0.00590075
0.00580611
0.00580611
0.00571147
0.00571147
0.00561691
0.00561691
0.00552246
0.00552246
0.0054282
0.0054282
0.00533416
0.00533416
0.0052404
0.0052404
0.00514697
0.00514697
0.00505391
0.00505391
0.00496127
0.00496127
0.00486908
0.00486908
0.00477737
0.00477737
0.0046862
0.0046862
0.00459559
0.00459559
0.00450558
0.00450558
0.00441619
0.00441619
0.00432746
0.00432746
0.00423942
0.00423942
0.00415208
0.00415208
0.00406548
0.00406548
0.00397964
0.00397964
0.00389458
0.00389458
0.00381031
0.00381031
0.00372687
0.00372687
0.00364427
0.00364427
0.00356251
0.00356251
0.00348163
0.00348163
0.00340163
0.00340163
0.00332253
0.00332253
0.00324434
0.00324434
0.00316707
0.00316707
0.00309073
0.00309073
0.00301533
0.00301533
0.00294089
0.00294089
0.0028674
0.0028674
0.00279487
0.00279487
0.00272332
0.00272332
0.00265274
0.00265274
0.00258315
0.00258315
0.00251454
0.00251454
0.00244692
0.00244692
0.00238029
0.00238029
0.00231466
0.00231466
0.00225003
0.00225003
0.00218639
0.00218639
0.00212376
0.00212376
0.00206212
0.00206212
0.00200149
0.00200149
0.00194185
0.00194185
0.00188322
0.00188322
0.00182558
0.00182558
0.00176894
0.00176894
0.0017133
0.0017133
0.00165865
0.00165865
0.00160499
0.00160499
0.00155232
0.00155232
0.00150063
0.00150063
0.00144993
0.00144993
0.00140022
0.00140022
0.00135147
0.00135147
0.00130371
0.00130371
0.00125691
0.00125691
0.00121108
0.00121108
0.00116622
0.00116622
0.00112231
0.00112231
0.00107937
0.00107937
0.00103737
0.00103737
0.000996324
0.000996324
0.000956223
0.000956223
0.000917063
0.000917063
0.00087884
0.00087884
0.000841551
0.000841551
0.000805192
0.000805192
0.000769758
0.000769758
0.000735247
0.000735247
0.000701654
0.000701654
0.000668976
0.000668976
0.000637209
0.000637209
0.000606349
0.000606349
0.000576392
0.000576392
0.000547335
0.000547335
0.000519172
0.000519172
0.000491901
0.000491901
0.000465516
0.000465516
0.000440014
0.000440014
0.00041539
0.00041539
0.000391638
0.000391638
0.000368754
0.000368754
0.00034673
0.00034673
0.000325562
0.000325562
0.000305243
0.000305243
0.000285764
0.000285764
0.000267117
0.000267117
0.000249295
0.000249295
0.000232286
0.000232286
0.00021608
0.00021608
0.000200666
0.000200666
0.000186029
0.000186029
0.000172158
0.000172158
0.000159036
0.000159036
0.000146647
0.000146647
0.000134973
0.000134973
0.000123997
0.000123997
0.000113698
0.000113698
0.000104056
0.000104056
9.50477e-05
9.50477e-05
8.66516e-05
8.66516e-05
7.88436e-05
7.88436e-05
7.15992e-05
7.15992e-05
6.48935e-05
6.48935e-05
5.87009e-05
5.87009e-05
5.29956e-05
5.29956e-05
4.77518e-05
4.77518e-05
4.29434e-05
4.29434e-05
3.85446e-05
3.85446e-05
3.453e-05
3.453e-05
3.08746e-05
3.08746e-05
2.75538e-05
2.75538e-05
2.45439e-05
2.45439e-05
2.18221e-05
2.18221e-05
1.93661e-05
1.93661e-05
1.71548e-05
1.71548e-05
1.51683e-05
1.51683e-05
1.33874e-05
1.33874e-05
1.17943e-05
1.17943e-05
1.0372e-05
1.0372e-05
9.10486e-06
9.10486e-06
7.97819e-06
7.97819e-06
6.97841e-06
6.97841e-06
6.09296e-06
6.09296e-06
5.31027e-06
5.31027e-06
4.61974e-06
4.61974e-06
4.01166e-06
4.01166e-06
3.47721e-06
3.47721e-06
3.00835e-06
3.00835e-06
2.59778e-06
2.59778e-06
2.23895e-06
2.23895e-06
1.9259e-06
1.9259e-06
1.65332e-06
1.65332e-06
1.41643e-06
1.41643e-06
1.21094e-06
1.21094e-06
1.03304e-06
1.03304e-06
8.79323e-07
8.79323e-07
7.46774e-07
7.46774e-07
6.32712e-07
6.32712e-07
5.34764e-07
5.34764e-07
4.50835e-07
4.50835e-07
3.79079e-07
3.79079e-07
3.17872e-07
3.17872e-07
2.65785e-07
2.65785e-07
2.21571e-07
2.21571e-07
1.84135e-07
1.84135e-07
1.52523e-07
1.52523e-07
1.25903e-07
1.25903e-07
1.03554e-07
1.03554e-07
8.48466e-08
8.48466e-08
6.9239e-08
6.9239e-08
5.62617e-08
5.62617e-08
4.55104e-08
4.55104e-08
3.6637e-08
3.6637e-08
2.93433e-08
2.93433e-08
2.33738e-08
2.33738e-08
1.85106e-08
1.85106e-08
1.45679e-08
1.45679e-08
1.13884e-08
1.13884e-08
8.83877e-09
8.83877e-09
6.80668e-09
6.80668e-09
5.19771e-09
5.19771e-09
3.93282e-09
3.93282e-09
2.94613e-09
2.94613e-09
2.18296e-09
2.18296e-09
1.59814e-09
1.59814e-09
1.15455e-09
1.15455e-09
8.2189e-10
8.2189e-10
5.75536e-10
5.75536e-10
3.95655e-10
3.95655e-10
2.66379e-10
2.66379e-10
1.75132e-10
1.75132e-10
1.12041e-10
1.12041e-10
6.94421e-11
6.94421e-11
4.14679e-11
4.14679e-11
2.36903e-11
2.36903e-11
1.28286e-11
1.28286e-11
6.50351e-12
6.50351e-12
3.03422e-12
3.03422e-12
1.27162e-12
1.27162e-12
4.62368e-13
4.62368e-13
1.39288e-13
1.39288e-13
3.41896e-14
3.41896e-14
9.66697e-15
9.66697e-15
7.02555e-15
7.02555e-15
8.12695e-15
8.12695e-15
0.0083321
0.0083321
0.00833872
0.00833872
0.00835128
0.00835128
0.00836888
0.00836888
0.00839045
0.00839045
0.00841487
0.00841487
0.00844098
0.00844098
0.0084677
0.0084677
0.00849401
0.00849401
0.00851901
0.00851901
0.00854192
0.00854192
0.00856208
0.00856208
0.00857893
0.00857893
0.00859206
0.00859206
0.00860113
0.00860113
0.00860589
0.00860589
0.00860618
0.00860618
0.0086019
0.0086019
0.00859301
0.00859301
0.00857951
0.00857951
0.00856144
0.00856144
0.00853887
0.00853887
0.0085119
0.0085119
0.00848064
0.00848064
0.00844523
0.00844523
0.00840579
0.00840579
0.00836249
0.00836249
0.00831548
0.00831548
0.00826492
0.00826492
0.00821097
0.00821097
0.00815379
0.00815379
0.00809355
0.00809355
0.00803039
0.00803039
0.00796448
0.00796448
0.00789598
0.00789598
0.00782502
0.00782502
0.00775178
0.00775178
0.00767637
0.00767637
0.00759895
0.00759895
0.00751965
0.00751965
0.0074386
0.0074386
0.00735593
0.00735593
0.00727177
0.00727177
0.00718622
0.00718622
0.00709941
0.00709941
0.00701144
0.00701144
0.00692243
0.00692243
0.00683247
0.00683247
0.00674166
0.00674166
0.0066501
0.0066501
0.00655788
0.00655788
0.00646509
0.00646509
0.00637181
0.00637181
0.00627811
0.00627811
0.00618409
0.00618409
0.00608981
0.00608981
0.00599534
0.00599534
0.00590075
0.00590075
0.00580611
0.00580611
0.00571147
0.00571147
0.00561691
0.00561691
0.00552246
0.00552246
0.0054282
0.0054282
0.00533416
0.00533416
0.0052404
0.0052404
0.00514697
0.00514697
0.00505391
0.00505391
0.00496127
0.00496127
0.00486908
0.00486908
0.00477737
0.00477737
0.0046862
0.0046862
0.00459559
0.00459559
0.00450558
0.00450558
0.00441619
0.00441619
0.00432746
0.00432746
0.00423942
0.00423942
0.00415208
0.00415208
0.00406548
0.00406548
0.00397964
0.00397964
0.00389458
0.00389458
0.00381031
0.00381031
0.00372687
0.00372687
0.00364427
0.00364427
0.00356251
0.00356251
0.00348163
0.00348163
0.00340163
0.00340163
0.00332253
0.00332253
0.00324434
0.00324434
0.00316707
0.00316707
0.00309073
0.00309073
0.00301533
0.00301533
0.00294089
0.00294089
0.0028674
0.0028674
0.00279487
0.00279487
0.00272332
0.00272332
0.00265274
0.00265274
0.00258315
0.00258315
0.00251454
0.00251454
0.00244692
0.00244692
0.00238029
0.00238029
0.00231466
0.00231466
0.00225003
0.00225003
0.00218639
0.00218639
0.00212376
0.00212376
0.00206212
0.00206212
0.00200149
0.00200149
0.00194185
0.00194185
0.00188322
0.00188322
0.00182558
0.00182558
0.00176894
0.00176894
0.0017133
0.0017133
0.00165865
0.00165865
0.00160499
0.00160499
0.00155232
0.00155232
0.00150063
0.00150063
0.00144993
0.00144993
0.00140022
0.00140022
0.00135147
0.00135147
0.00130371
0.00130371
0.00125691
0.00125691
0.00121108
0.00121108
0.00116622
0.00116622
0.00112231
0.00112231
0.00107937
0.00107937
0.00103737
0.00103737
0.000996324
0.000996324
0.000956223
0.000956223
0.000917063
0.000917063
0.00087884
0.00087884
0.000841551
0.000841551
0.000805192
0.000805192
0.000769758
0.000769758
0.000735247
0.000735247
0.000701654
0.000701654
0.000668976
0.000668976
0.000637209
0.000637209
0.000606349
0.000606349
0.000576392
0.000576392
0.000547335
0.000547335
0.000519172
0.000519172
0.000491901
0.000491901
0.000465516
0.000465516
0.000440014
0.000440014
0.00041539
0.00041539
0.000391638
0.000391638
0.000368754
0.000368754
0.00034673
0.00034673
0.000325562
0.000325562
0.000305243
0.000305243
0.000285764
0.000285764
0.000267117
0.000267117
0.000249295
0.000249295
0.000232286
0.000232286
0.00021608
0.00021608
0.000200666
0.000200666
0.000186029
0.000186029
0.000172158
0.000172158
0.000159036
0.000159036
0.000146647
0.000146647
0.000134973
0.000134973
0.000123997
0.000123997
0.000113698
0.000113698
0.000104056
0.000104056
9.50477e-05
9.50477e-05
8.66516e-05
8.66516e-05
7.88436e-05
7.88436e-05
7.15992e-05
7.15992e-05
6.48935e-05
6.48935e-05
5.87009e-05
5.87009e-05
5.29956e-05
5.29956e-05
4.77518e-05
4.77518e-05
4.29434e-05
4.29434e-05
3.85446e-05
3.85446e-05
3.453e-05
3.453e-05
3.08746e-05
3.08746e-05
2.75538e-05
2.75538e-05
2.45439e-05
2.45439e-05
2.18221e-05
2.18221e-05
1.93661e-05
1.93661e-05
1.71548e-05
1.71548e-05
1.51683e-05
1.51683e-05
1.33874e-05
1.33874e-05
1.17943e-05
1.17943e-05
1.0372e-05
1.0372e-05
9.10486e-06
9.10486e-06
7.97819e-06
7.97819e-06
6.97841e-06
6.97841e-06
6.09296e-06
6.09296e-06
5.31027e-06
5.31027e-06
4.61974e-06
4.61974e-06
4.01166e-06
4.01166e-06
3.47721e-06
3.47721e-06
3.00835e-06
3.00835e-06
2.59778e-06
2.59778e-06
2.23895e-06
2.23895e-06
1.9259e-06
1.9259e-06
1.65332e-06
1.65332e-06
1.41643e-06
1.41643e-06
1.21094e-06
1.21094e-06
1.03304e-06
1.03304e-06
8.79323e-07
8.79323e-07
7.46774e-07
7.46774e-07
6.32712e-07
6.32712e-07
5.34764e-07
5.34764e-07
4.50835e-07
4.50835e-07
3.79079e-07
3.79079e-07
3.17872e-07
3.17872e-07
2.65785e-07
2.65785e-07
2.21571e-07
2.21571e-07
1.84135e-07
1.84135e-07
1.52523e-07
1.52523e-07
1.25903e-07
1.25903e-07
1.03554e-07
1.03554e-07
8.48466e-08
8.48466e-08
6.9239e-08
6.9239e-08
5.62617e-08
5.62617e-08
4.55104e-08
4.55104e-08
3.6637e-08
3.6637e-08
2.93433e-08
2.93433e-08
2.33738e-08
2.33738e-08
1.85106e-08
1.85106e-08
1.45679e-08
1.45679e-08
1.13884e-08
1.13884e-08
8.83877e-09
8.83877e-09
6.80668e-09
6.80668e-09
5.19771e-09
5.19771e-09
3.93282e-09
3.93282e-09
2.94613e-09
2.94613e-09
2.18296e-09
2.18296e-09
1.59814e-09
1.59814e-09
1.15455e-09
1.15455e-09
8.2189e-10
8.2189e-10
5.75536e-10
5.75536e-10
3.95655e-10
3.95655e-10
2.66379e-10
2.66379e-10
1.75132e-10
1.75132e-10
1.12041e-10
1.12041e-10
6.94421e-11
6.94421e-11
4.14679e-11
4.14679e-11
2.36903e-11
2.36903e-11
1.28286e-11
1.28286e-11
6.50351e-12
6.50351e-12
3.03422e-12
3.03422e-12
1.27162e-12
1.27162e-12
4.62368e-13
4.62368e-13
1.39288e-13
1.39288e-13
3.41896e-14
3.41896e-14
9.66697e-15
9.66697e-15
7.02555e-15
7.02555e-15
8.12695e-15
8.12695e-15
)
;

boundaryField
{
    walls
    {
        type            alphatJayatillekeWallFunction;
        Prt             0.85;
        kappa           0.41;
        E               9.8;
        value           uniform 0;
    }
    inlet
    {
        type            cyclic;
    }
    outlet
    {
        type            cyclic;
    }
    sides
    {
        type            empty;
    }
}


// ************************************************************************* //
