/*--------------------------------*- C++ -*----------------------------------*\
| =========                 |                                                 |
| \\      /  F ield         | OpenFOAM: The Open Source CFD Toolbox           |
|  \\    /   O peration     | Version:  2106                                  |
|   \\  /    A nd           | Website:  www.openfoam.com                      |
|    \\/     M anipulation  |                                                 |
\*---------------------------------------------------------------------------*/
FoamFile
{
    version     2.0;
    format      ascii;
    arch        "LSB;label=32;scalar=64";
    class       volSymmTensorField;
    location    "10010";
    object      turbulenceProperties:R;
}
// * * * * * * * * * * * * * * * * * * * * * * * * * * * * * * * * * * * * * //

dimensions      [0 2 -2 0 0 0 0];

internalField   nonuniform List<symmTensor> 
800
(
(2.04313e-07 -7.7045e-12 -3.53637e-14 2.04313e-07 4.2387e-26 2.04313e-07)
(2.04313e-07 -7.7045e-12 -3.53637e-14 2.04313e-07 1.58143e-26 2.04313e-07)
(3.29496e-08 -7.27602e-12 -1.01798e-13 3.29496e-08 2.4544e-26 3.29496e-08)
(3.29496e-08 -7.27602e-12 -1.01798e-13 3.29496e-08 1.93763e-26 3.29496e-08)
(3.54246e-08 -2.37801e-11 -4.90343e-13 3.54246e-08 5.80693e-26 3.54246e-08)
(3.54246e-08 -2.37801e-11 -4.90343e-13 3.54246e-08 1.21457e-26 3.54246e-08)
(1.08624e-07 -1.59865e-10 -3.45333e-12 1.08624e-07 2.93051e-25 1.08624e-07)
(1.08624e-07 -1.59865e-10 -3.45333e-12 1.08624e-07 8.59589e-26 1.08624e-07)
(2.93632e-07 -7.89001e-10 -1.78549e-11 2.93632e-07 1.65997e-24 2.93632e-07)
(2.93632e-07 -7.89001e-10 -1.78549e-11 2.93632e-07 4.463e-25 2.93632e-07)
(6.63369e-07 -2.90535e-09 -6.8877e-11 6.63369e-07 6.38925e-24 6.63369e-07)
(6.63369e-07 -2.90535e-09 -6.8877e-11 6.63369e-07 1.7269e-24 6.63369e-07)
(1.31815e-06 -8.72023e-09 -2.16571e-10 1.31815e-06 2.03679e-23 1.31815e-06)
(1.31815e-06 -8.72023e-09 -2.16571e-10 1.31815e-06 5.45173e-24 1.31815e-06)
(2.38995e-06 -2.26231e-08 -5.88597e-10 2.38995e-06 5.62625e-23 2.38995e-06)
(2.38995e-06 -2.26231e-08 -5.88597e-10 2.38995e-06 1.48785e-23 2.38995e-06)
(4.0489e-06 -5.26721e-08 -1.43563e-09 4.0489e-06 1.20176e-22 4.0489e-06)
(4.0489e-06 -5.26721e-08 -1.43563e-09 4.0489e-06 3.63552e-23 4.0489e-06)
(6.51139e-06 -1.12843e-07 -3.22204e-09 6.51139e-06 2.08009e-22 6.51139e-06)
(6.51139e-06 -1.12843e-07 -3.22204e-09 6.51139e-06 8.16797e-23 6.51139e-06)
(1.00498e-05 -2.26345e-07 -6.77044e-09 1.00498e-05 3.93529e-22 1.00498e-05)
(1.00498e-05 -2.26345e-07 -6.77044e-09 1.00498e-05 1.72303e-22 1.00498e-05)
(1.50039e-05 -4.30409e-07 -1.3487e-08 1.50039e-05 7.96402e-22 1.50039e-05)
(1.50039e-05 -4.30409e-07 -1.3487e-08 1.50039e-05 3.44979e-22 1.50039e-05)
(2.17945e-05 -7.83086e-07 -2.57057e-08 2.17945e-05 1.54672e-21 2.17945e-05)
(2.17945e-05 -7.83086e-07 -2.57057e-08 2.17945e-05 6.59003e-22 2.17945e-05)
(3.09388e-05 -1.37272e-06 -4.72043e-08 3.09388e-05 2.89223e-21 3.09388e-05)
(3.09388e-05 -1.37272e-06 -4.72043e-08 3.09388e-05 1.21216e-21 3.09388e-05)
(4.30686e-05 -2.33091e-06 -8.39646e-08 4.30686e-05 5.23945e-21 4.30686e-05)
(4.30686e-05 -2.33091e-06 -8.39646e-08 4.30686e-05 2.1596e-21 4.30686e-05)
(5.89501e-05 -3.84984e-06 -1.45269e-07 5.89501e-05 6.265e-21 5.89501e-05)
(5.89501e-05 -3.84984e-06 -1.45269e-07 5.89501e-05 3.74673e-21 5.89501e-05)
(7.95056e-05 -6.20493e-06 -2.45251e-07 7.95056e-05 4.40536e-21 7.95056e-05)
(7.95056e-05 -6.20493e-06 -2.45251e-07 7.95056e-05 6.32616e-21 7.95056e-05)
(0.000105836 -9.78354e-06 -4.05033e-07 0.000105836 4.75392e-21 0.000105836)
(0.000105836 -9.78354e-06 -4.05033e-07 0.000105836 1.04008e-20 0.000105836)
(0.000139245 -1.51198e-05 -6.5559e-07 0.000139245 7.32347e-21 0.000139245)
(0.000139245 -1.51198e-05 -6.5559e-07 0.000139245 1.6835e-20 0.000139245)
(0.000181254 -2.29348e-05 -1.04143e-06 0.000181254 1.13029e-20 0.000181254)
(0.000181254 -2.29348e-05 -1.04143e-06 0.000181254 2.66696e-20 0.000181254)
(0.000233616 -3.41787e-05 -1.62513e-06 0.000233616 1.71385e-20 0.000233616)
(0.000233616 -3.41787e-05 -1.62513e-06 0.000233616 4.13944e-20 0.000233616)
(0.000298317 -5.00696e-05 -2.49248e-06 0.000298317 2.53267e-20 0.000298317)
(0.000298317 -5.00696e-05 -2.49248e-06 0.000298317 6.34245e-20 0.000298317)
(0.000377549 -7.21178e-05 -3.75788e-06 0.000377549 7.98318e-20 0.000377549)
(0.000377549 -7.21178e-05 -3.75788e-06 0.000377549 9.32522e-20 0.000377549)
(0.00047366 -0.000102123 -5.56881e-06 0.00047366 1.84628e-19 0.00047366)
(0.00047366 -0.000102123 -5.56881e-06 0.00047366 1.27484e-19 0.00047366)
(0.000589064 -0.000142123 -8.10821e-06 0.000589064 2.73208e-19 0.000589064)
(0.000589064 -0.000142123 -8.10821e-06 0.000589064 1.93417e-19 0.000589064)
(0.000726098 -0.000194284 -1.15928e-05 0.000726098 3.75978e-19 0.000726098)
(0.000726098 -0.000194284 -1.15928e-05 0.000726098 2.81861e-19 0.000726098)
(0.000886839 -0.00026071 -1.62653e-05 0.000886839 5.02064e-19 0.000886839)
(0.000886839 -0.00026071 -1.62653e-05 0.000886839 3.60859e-19 0.000886839)
(0.00107287 -0.000343194 -2.23805e-05 0.00107287 6.52874e-19 0.00107287)
(0.00107287 -0.000343194 -2.23805e-05 0.00107287 4.75878e-19 0.00107287)
(0.00128506 -0.000442929 -3.0184e-05 0.00128506 8.25243e-19 0.00128506)
(0.00128506 -0.000442929 -3.0184e-05 0.00128506 6.06031e-19 0.00128506)
(0.0015233 -0.000560239 -3.98882e-05 0.0015233 9.97548e-19 0.0015233)
(0.0015233 -0.000560239 -3.98882e-05 0.0015233 7.54411e-19 0.0015233)
(0.00178638 -0.000694402 -5.16493e-05 0.00178638 1.15641e-18 0.00178638)
(0.00178638 -0.000694402 -5.16493e-05 0.00178638 9.1395e-19 0.00178638)
(0.00207197 -0.000843609 -6.55508e-05 0.00207197 1.26805e-18 0.00207197)
(0.00207197 -0.000843609 -6.55508e-05 0.00207197 1.06865e-18 0.00207197)
(0.00237663 -0.0010051 -8.15971e-05 0.00237663 1.34271e-18 0.00237663)
(0.00237663 -0.0010051 -8.15971e-05 0.00237663 1.25509e-18 0.00237663)
(0.00269613 -0.00117545 -9.97196e-05 0.00269613 1.37347e-18 0.00269613)
(0.00269613 -0.00117545 -9.97196e-05 0.00269613 1.44766e-18 0.00269613)
(0.00302568 -0.00135091 -0.000119792 0.00302568 1.36729e-18 0.00302568)
(0.00302568 -0.00135091 -0.000119792 0.00302568 1.58931e-18 0.00302568)
(0.0033603 -0.00152777 -0.00014165 0.0033603 1.25532e-18 0.0033603)
(0.0033603 -0.00152777 -0.00014165 0.0033603 1.8051e-18 0.0033603)
(0.00369516 -0.00170267 -0.000165115 0.00369516 1.02948e-18 0.00369516)
(0.00369516 -0.00170267 -0.000165115 0.00369516 2.1562e-18 0.00369516)
(0.00402586 -0.00187277 -0.00019001 0.00402586 8.38545e-19 0.00402586)
(0.00402586 -0.00187277 -0.00019001 0.00402586 2.51464e-18 0.00402586)
(0.00434858 -0.00203584 -0.000216174 0.00434858 7.72075e-19 0.00434858)
(0.00434858 -0.00203584 -0.000216174 0.00434858 2.81648e-18 0.00434858)
(0.00466019 -0.0021903 -0.000243469 0.00466019 4.09639e-19 0.00466019)
(0.00466019 -0.0021903 -0.000243469 0.00466019 3.26306e-18 0.00466019)
(0.00495828 -0.00233508 -0.000271785 0.00495828 1.42533e-19 0.00495828)
(0.00495828 -0.00233508 -0.000271785 0.00495828 3.47684e-18 0.00495828)
(0.00524112 -0.00246964 -0.00030104 0.00524112 -5.459e-20 0.00524112)
(0.00524112 -0.00246964 -0.00030104 0.00524112 1.64518e-18 0.00524112)
(0.00550758 -0.00259375 -0.000331174 0.00550758 -7.72218e-19 0.00550758)
(0.00550758 -0.00259375 -0.000331174 0.00550758 -3.97579e-19 0.00550758)
(0.00575704 -0.0027075 -0.000362152 0.00575704 -1.60929e-18 0.00575704)
(0.00575704 -0.0027075 -0.000362152 0.00575704 -1.03608e-18 0.00575704)
(0.0059893 -0.00281116 -0.000393954 0.0059893 -2.14044e-18 0.0059893)
(0.0059893 -0.00281116 -0.000393954 0.0059893 -1.59817e-18 0.0059893)
(0.00620448 -0.00290512 -0.000426577 0.00620448 -2.72634e-18 0.00620448)
(0.00620448 -0.00290512 -0.000426577 0.00620448 -1.60115e-18 0.00620448)
(0.00640295 -0.00298985 -0.000460025 0.00640295 -3.35387e-18 0.00640295)
(0.00640295 -0.00298985 -0.000460025 0.00640295 -1.76226e-18 0.00640295)
(0.00658525 -0.00306587 -0.000494314 0.00658525 -3.19053e-18 0.00658525)
(0.00658525 -0.00306587 -0.000494314 0.00658525 -2.30056e-18 0.00658525)
(0.00675205 -0.0031337 -0.000529464 0.00675205 -3.54231e-18 0.00675205)
(0.00675205 -0.0031337 -0.000529464 0.00675205 -2.0847e-18 0.00675205)
(0.00690408 -0.00319384 -0.000565498 0.00690408 -6.09196e-18 0.00690408)
(0.00690408 -0.00319384 -0.000565498 0.00690408 -1.43709e-18 0.00690408)
(0.0070421 -0.00324679 -0.000602441 0.0070421 -7.18573e-18 0.0070421)
(0.0070421 -0.00324679 -0.000602441 0.0070421 -2.50685e-18 0.0070421)
(0.0071669 -0.003293 -0.000640319 0.0071669 -6.0098e-18 0.0071669)
(0.0071669 -0.003293 -0.000640319 0.0071669 -3.09283e-18 0.0071669)
(0.00727923 -0.00333289 -0.000679158 0.00727923 -5.05845e-18 0.00727923)
(0.00727923 -0.00333289 -0.000679158 0.00727923 -1.59754e-18 0.00727923)
(0.00737984 -0.00336686 -0.000718979 0.00737984 -5.70778e-18 0.00737984)
(0.00737984 -0.00336686 -0.000718979 0.00737984 3.48275e-19 0.00737984)
(0.00746945 -0.00339526 -0.000759803 0.00746945 -6.79459e-18 0.00746945)
(0.00746945 -0.00339526 -0.000759803 0.00746945 4.65278e-18 0.00746945)
(0.00754871 -0.00341839 -0.000801647 0.00754871 -2.58989e-18 0.00754871)
(0.00754871 -0.00341839 -0.000801647 0.00754871 8.35126e-18 0.00754871)
(0.00761825 -0.00343655 -0.000844522 0.00761825 1.78702e-18 0.00761825)
(0.00761825 -0.00343655 -0.000844522 0.00761825 9.84555e-18 0.00761825)
(0.00767865 -0.00344997 -0.000888433 0.00767865 2.80473e-19 0.00767865)
(0.00767865 -0.00344997 -0.000888433 0.00767865 1.04944e-17 0.00767865)
(0.00773042 -0.00345888 -0.00093338 0.00773042 -9.80987e-19 0.00773042)
(0.00773042 -0.00345888 -0.00093338 0.00773042 1.08474e-17 0.00773042)
(0.00777405 -0.00346347 -0.000979356 0.00777405 -1.16619e-18 0.00777405)
(0.00777405 -0.00346347 -0.000979356 0.00777405 1.10478e-17 0.00777405)
(0.00780996 -0.0034639 -0.00102634 0.00780996 -2.89848e-18 0.00780996)
(0.00780996 -0.0034639 -0.00102634 0.00780996 1.04331e-17 0.00780996)
(0.00783853 -0.0034603 -0.00107432 0.00783853 -2.80593e-18 0.00783853)
(0.00783853 -0.0034603 -0.00107432 0.00783853 1.09026e-17 0.00783853)
(0.0078601 -0.0034528 -0.00112324 0.0078601 1.89991e-18 0.0078601)
(0.0078601 -0.0034528 -0.00112324 0.0078601 1.23176e-17 0.0078601)
(0.00787496 -0.00344148 -0.00117306 0.00787496 -1.42008e-18 0.00787496)
(0.00787496 -0.00344148 -0.00117306 0.00787496 1.27611e-17 0.00787496)
(0.00788333 -0.00342642 -0.00122371 0.00788333 -2.92964e-19 0.00788333)
(0.00788333 -0.00342642 -0.00122371 0.00788333 1.53578e-17 0.00788333)
(0.00788542 -0.00340768 -0.00127513 0.00788542 6.84844e-18 0.00788542)
(0.00788542 -0.00340768 -0.00127513 0.00788542 2.20694e-17 0.00788542)
(0.00788137 -0.00338529 -0.00132721 0.00788137 2.66413e-18 0.00788137)
(0.00788137 -0.00338529 -0.00132721 0.00788137 2.14715e-17 0.00788137)
(0.00787129 -0.00335929 -0.00137984 0.00787129 -6.36715e-18 0.00787129)
(0.00787129 -0.00335929 -0.00137984 0.00787129 9.12091e-18 0.00787129)
(0.00785522 -0.00332968 -0.00143289 0.00785522 4.48303e-18 0.00785522)
(0.00785522 -0.00332968 -0.00143289 0.00785522 -5.99461e-19 0.00785522)
(0.00783316 -0.00329645 -0.00148619 0.00783316 9.92372e-18 0.00783316)
(0.00783316 -0.00329645 -0.00148619 0.00783316 2.22139e-18 0.00783316)
(0.00780508 -0.00325958 -0.00153956 0.00780508 4.74929e-18 0.00780508)
(0.00780508 -0.00325958 -0.00153956 0.00780508 -5.02082e-19 0.00780508)
(0.00777088 -0.00321904 -0.00159279 0.00777088 -6.365e-19 0.00777088)
(0.00777088 -0.00321904 -0.00159279 0.00777088 -1.90047e-18 0.00777088)
(0.0077304 -0.00317479 -0.00164563 0.0077304 -9.84933e-19 0.0077304)
(0.0077304 -0.00317479 -0.00164563 0.0077304 3.94974e-18 0.0077304)
(0.00768344 -0.00312676 -0.00169778 0.00768344 3.12906e-18 0.00768344)
(0.00768344 -0.00312676 -0.00169778 0.00768344 4.84291e-19 0.00768344)
(0.00762973 -0.00307488 -0.00174893 0.00762973 -6.64358e-19 0.00762973)
(0.00762973 -0.00307488 -0.00174893 0.00762973 4.77583e-18 0.00762973)
(0.00756896 -0.00301908 -0.00179869 0.00756896 -5.82987e-18 0.00756896)
(0.00756896 -0.00301908 -0.00179869 0.00756896 9.05043e-18 0.00756896)
(0.00750074 -0.00295925 -0.00184665 0.00750074 -2.37767e-17 0.00750074)
(0.00750074 -0.00295925 -0.00184665 0.00750074 3.85065e-18 0.00750074)
(0.00742464 -0.0028953 -0.00189233 0.00742464 -3.2692e-17 0.00742464)
(0.00742464 -0.0028953 -0.00189233 0.00742464 8.90655e-35 0.00742464)
(0.00734015 -0.00282712 -0.00193519 0.00734015 -1.07243e-17 0.00734015)
(0.00734015 -0.00282712 -0.00193519 0.00734015 9.43325e-18 0.00734015)
(0.0072467 -0.00275457 -0.00197462 0.0072467 2.65178e-18 0.0072467)
(0.0072467 -0.00275457 -0.00197462 0.0072467 -1.17897e-18 0.0072467)
(0.00714369 -0.00267754 -0.00200993 0.00714369 1.87593e-17 0.00714369)
(0.00714369 -0.00267754 -0.00200993 0.00714369 -2.18581e-17 0.00714369)
(0.00703043 -0.00259588 -0.00204037 0.00703043 3.13288e-17 0.00703043)
(0.00703043 -0.00259588 -0.00204037 0.00703043 -7.28307e-18 0.00703043)
(0.00690623 -0.00250943 -0.00206506 0.00690623 1.55463e-18 0.00690623)
(0.00690623 -0.00250943 -0.00206506 0.00690623 2.5918e-17 0.00690623)
(0.00677033 -0.00241803 -0.00208303 0.00677033 -7.30127e-18 0.00677033)
(0.00677033 -0.00241803 -0.00208303 0.00677033 5.22681e-17 0.00677033)
(0.00662199 -0.0023215 -0.00209318 0.00662199 4.86995e-17 0.00662199)
(0.00662199 -0.0023215 -0.00209318 0.00662199 -8.71641e-33 0.00662199)
(0.00646048 -0.00221963 -0.00209429 0.00646048 3.3274e-17 0.00646048)
(0.00646048 -0.00221963 -0.00209429 0.00646048 5.93533e-19 0.00646048)
(0.00628516 -0.00211222 -0.002085 0.00628516 -1.53104e-17 0.00628516)
(0.00628516 -0.00211222 -0.002085 0.00628516 3.2578e-17 0.00628516)
(0.0060955 -0.00199907 -0.00206375 0.0060955 1.06124e-17 0.0060955)
(0.0060955 -0.00199907 -0.00206375 0.0060955 -8.36577e-20 0.0060955)
(0.00589121 -0.00187993 -0.00202886 0.00589121 5.59809e-18 0.00589121)
(0.00589121 -0.00187993 -0.00202886 0.00589121 1.53165e-18 0.00589121)
(0.00567232 -0.00175459 -0.00197839 0.00567232 -7.12362e-18 0.00567232)
(0.00567232 -0.00175459 -0.00197839 0.00567232 2.8565e-17 0.00567232)
(0.00543938 -0.00162278 -0.00191019 0.00543938 3.871e-17 0.00543938)
(0.00543938 -0.00162278 -0.00191019 0.00543938 4.25785e-17 0.00543938)
(0.00519364 -0.00148424 -0.0018218 0.00519364 4.60513e-17 0.00519364)
(0.00519364 -0.00148424 -0.0018218 0.00519364 -1.26254e-18 0.00519364)
(0.00493737 -0.00133868 -0.0017105 0.00493737 3.98732e-17 0.00493737)
(0.00493737 -0.00133868 -0.0017105 0.00493737 4.59782e-17 0.00493737)
(0.00467427 -0.00118583 -0.00157323 0.00467427 1.22591e-17 0.00467427)
(0.00467427 -0.00118583 -0.00157323 0.00467427 2.20796e-17 0.00467427)
(0.00440994 -0.00102544 -0.00140665 0.00440994 1.50437e-17 0.00440994)
(0.00440994 -0.00102544 -0.00140665 0.00440994 2.07327e-17 0.00440994)
(0.00415251 -0.000857273 -0.00120707 0.00415251 5.24673e-33 0.00415251)
(0.00415251 -0.000857273 -0.00120707 0.00415251 9.35085e-18 0.00415251)
(0.00391319 -0.000681125 -0.000970532 0.00391319 2.39532e-17 0.00391319)
(0.00391319 -0.000681125 -0.000970532 0.00391319 1.35684e-17 0.00391319)
(0.00370669 -0.000496805 -0.000693034 0.00370669 1.19743e-17 0.00370669)
(0.00370669 -0.000496805 -0.000693034 0.00370669 1.82051e-17 0.00370669)
(0.00355086 -0.000304145 -0.0003708 0.00355086 -3.63392e-18 0.00355086)
(0.00355086 -0.000304145 -0.0003708 0.00355086 -3.53981e-17 0.00355086)
(0.00346479 -3.95729e-12 -3.63199e-12 0.00346479 -7.03504e-18 0.00346479)
(0.00346479 -3.96441e-12 -3.63847e-12 0.00346479 2.33017e-17 0.00346479)
(2.04313e-07 -7.7045e-12 3.53637e-14 2.04313e-07 -9.2872e-27 2.04313e-07)
(2.04313e-07 -7.7045e-12 3.53637e-14 2.04313e-07 -1.19759e-26 2.04313e-07)
(3.29496e-08 -7.27602e-12 1.01798e-13 3.29496e-08 -1.8381e-26 3.29496e-08)
(3.29496e-08 -7.27602e-12 1.01798e-13 3.29496e-08 -3.6172e-27 3.29496e-08)
(3.54246e-08 -2.37801e-11 4.90343e-13 3.54246e-08 -2.17268e-26 3.54246e-08)
(3.54246e-08 -2.37801e-11 4.90343e-13 3.54246e-08 -6.08958e-27 3.54246e-08)
(1.08624e-07 -1.59865e-10 3.45333e-12 1.08624e-07 -1.77063e-25 1.08624e-07)
(1.08624e-07 -1.59865e-10 3.45333e-12 1.08624e-07 -4.49246e-26 1.08624e-07)
(2.93632e-07 -7.89001e-10 1.78549e-11 2.93632e-07 -8.60298e-25 2.93632e-07)
(2.93632e-07 -7.89001e-10 1.78549e-11 2.93632e-07 -2.4335e-25 2.93632e-07)
(6.63369e-07 -2.90535e-09 6.8877e-11 6.63369e-07 -3.19668e-24 6.63369e-07)
(6.63369e-07 -2.90535e-09 6.8877e-11 6.63369e-07 -9.83997e-25 6.63369e-07)
(1.31815e-06 -8.72023e-09 2.16571e-10 1.31815e-06 -9.64704e-24 1.31815e-06)
(1.31815e-06 -8.72023e-09 2.16571e-10 1.31815e-06 -3.23609e-24 1.31815e-06)
(2.38995e-06 -2.26231e-08 5.88597e-10 2.38995e-06 -2.5042e-23 2.38995e-06)
(2.38995e-06 -2.26231e-08 5.88597e-10 2.38995e-06 -9.1945e-24 2.38995e-06)
(4.0489e-06 -5.26721e-08 1.43563e-09 4.0489e-06 -5.8238e-23 4.0489e-06)
(4.0489e-06 -5.26721e-08 1.43563e-09 4.0489e-06 -2.34431e-23 4.0489e-06)
(6.51139e-06 -1.12843e-07 3.22204e-09 6.51139e-06 -1.24487e-22 6.51139e-06)
(6.51139e-06 -1.12843e-07 3.22204e-09 6.51139e-06 -5.48416e-23 6.51139e-06)
(1.00498e-05 -2.26345e-07 6.77044e-09 1.00498e-05 -2.48939e-22 1.00498e-05)
(1.00498e-05 -2.26345e-07 6.77044e-09 1.00498e-05 -1.19596e-22 1.00498e-05)
(1.50039e-05 -4.30409e-07 1.3487e-08 1.50039e-05 -4.71316e-22 1.50039e-05)
(1.50039e-05 -4.30409e-07 1.3487e-08 1.50039e-05 -2.47116e-22 1.50039e-05)
(2.17945e-05 -7.83086e-07 2.57057e-08 2.17945e-05 -8.5207e-22 2.17945e-05)
(2.17945e-05 -7.83086e-07 2.57057e-08 2.17945e-05 -4.89044e-22 2.17945e-05)
(3.09388e-05 -1.37272e-06 4.72043e-08 3.09388e-05 -1.48265e-21 3.09388e-05)
(3.09388e-05 -1.37272e-06 4.72043e-08 3.09388e-05 -9.29435e-22 3.09388e-05)
(4.30686e-05 -2.33091e-06 8.39646e-08 4.30686e-05 -2.49451e-21 4.30686e-05)
(4.30686e-05 -2.33091e-06 8.39646e-08 4.30686e-05 -1.70892e-21 4.30686e-05)
(5.89501e-05 -3.84984e-06 1.45269e-07 5.89501e-05 -4.073e-21 5.89501e-05)
(5.89501e-05 -3.84984e-06 1.45269e-07 5.89501e-05 -3.04847e-21 5.89501e-05)
(7.95056e-05 -6.20493e-06 2.45251e-07 7.95056e-05 -6.47869e-21 7.95056e-05)
(7.95056e-05 -6.20493e-06 2.45251e-07 7.95056e-05 -5.2855e-21 7.95056e-05)
(0.000105836 -9.78354e-06 4.05033e-07 0.000105836 -1.00652e-20 0.000105836)
(0.000105836 -9.78354e-06 4.05033e-07 0.000105836 -8.91657e-21 0.000105836)
(0.000139245 -1.51198e-05 6.5559e-07 0.000139245 -1.52986e-20 0.000139245)
(0.000139245 -1.51198e-05 6.5559e-07 0.000139245 -1.4646e-20 0.000139245)
(0.000181254 -2.29348e-05 1.04143e-06 0.000181254 -2.2786e-20 0.000181254)
(0.000181254 -2.29348e-05 1.04143e-06 0.000181254 -2.35464e-20 0.000181254)
(0.000233616 -3.41787e-05 1.62513e-06 0.000233616 -3.33712e-20 0.000233616)
(0.000233616 -3.41787e-05 1.62513e-06 0.000233616 -3.69261e-20 0.000233616)
(0.000298317 -5.00696e-05 2.49248e-06 0.000298317 -4.80619e-20 0.000298317)
(0.000298317 -5.00696e-05 2.49248e-06 0.000298317 -5.65255e-20 0.000298317)
(0.000377549 -7.21178e-05 3.75788e-06 0.000377549 -6.79962e-20 0.000377549)
(0.000377549 -7.21178e-05 3.75788e-06 0.000377549 -8.51527e-20 0.000377549)
(0.00047366 -0.000102123 5.56881e-06 0.00047366 -1.04025e-19 0.00047366)
(0.00047366 -0.000102123 5.56881e-06 0.00047366 -1.25483e-19 0.00047366)
(0.000589064 -0.000142123 8.10821e-06 0.000589064 -2.42986e-19 0.000589064)
(0.000589064 -0.000142123 8.10821e-06 0.000589064 -1.77177e-19 0.000589064)
(0.000726098 -0.000194284 1.15928e-05 0.000726098 -4.56773e-19 0.000726098)
(0.000726098 -0.000194284 1.15928e-05 0.000726098 -2.40457e-19 0.000726098)
(0.000886839 -0.00026071 1.62653e-05 0.000886839 -6.22689e-19 0.000886839)
(0.000886839 -0.00026071 1.62653e-05 0.000886839 -3.17855e-19 0.000886839)
(0.00107287 -0.000343194 2.23805e-05 0.00107287 -8.28405e-19 0.00107287)
(0.00107287 -0.000343194 2.23805e-05 0.00107287 -4.03891e-19 0.00107287)
(0.00128506 -0.000442929 3.0184e-05 0.00128506 -1.08208e-18 0.00128506)
(0.00128506 -0.000442929 3.0184e-05 0.00128506 -4.99575e-19 0.00128506)
(0.0015233 -0.000560239 3.98882e-05 0.0015233 -1.37344e-18 0.0015233)
(0.0015233 -0.000560239 3.98882e-05 0.0015233 -5.99148e-19 0.0015233)
(0.00178638 -0.000694402 5.16493e-05 0.00178638 -1.69742e-18 0.00178638)
(0.00178638 -0.000694402 5.16493e-05 0.00178638 -6.8358e-19 0.00178638)
(0.00207197 -0.000843609 6.55508e-05 0.00207197 -2.04868e-18 0.00207197)
(0.00207197 -0.000843609 6.55508e-05 0.00207197 -7.3937e-19 0.00207197)
(0.00237663 -0.0010051 8.15971e-05 0.00237663 -2.41242e-18 0.00237663)
(0.00237663 -0.0010051 8.15971e-05 0.00237663 -7.37886e-19 0.00237663)
(0.00269613 -0.00117545 9.97196e-05 0.00269613 -2.80597e-18 0.00269613)
(0.00269613 -0.00117545 9.97196e-05 0.00269613 -6.99775e-19 0.00269613)
(0.00302568 -0.00135091 0.000119792 0.00302568 -3.18e-18 0.00302568)
(0.00302568 -0.00135091 0.000119792 0.00302568 -6.50121e-19 0.00302568)
(0.0033603 -0.00152777 0.00014165 0.0033603 -3.57111e-18 0.0033603)
(0.0033603 -0.00152777 0.00014165 0.0033603 -3.07005e-19 0.0033603)
(0.00369516 -0.00170267 0.000165115 0.00369516 -4.02171e-18 0.00369516)
(0.00369516 -0.00170267 0.000165115 0.00369516 -3.1293e-19 0.00369516)
(0.00402586 -0.00187277 0.00019001 0.00402586 -4.47666e-18 0.00402586)
(0.00402586 -0.00187277 0.00019001 0.00402586 -1.93039e-19 0.00402586)
(0.00434858 -0.00203584 0.000216174 0.00434858 -4.93328e-18 0.00434858)
(0.00434858 -0.00203584 0.000216174 0.00434858 -8.93751e-20 0.00434858)
(0.00466019 -0.0021903 0.000243469 0.00466019 -5.26047e-18 0.00466019)
(0.00466019 -0.0021903 0.000243469 0.00466019 1.99162e-19 0.00466019)
(0.00495828 -0.00233508 0.000271785 0.00495828 -5.46499e-18 0.00495828)
(0.00495828 -0.00233508 0.000271785 0.00495828 4.71007e-19 0.00495828)
(0.00524112 -0.00246964 0.00030104 0.00524112 -5.77354e-18 0.00524112)
(0.00524112 -0.00246964 0.00030104 0.00524112 8.41118e-19 0.00524112)
(0.00550758 -0.00259375 0.000331174 0.00550758 -6.50588e-18 0.00550758)
(0.00550758 -0.00259375 0.000331174 0.00550758 1.39997e-18 0.00550758)
(0.00575704 -0.0027075 0.000362152 0.00575704 -6.84029e-18 0.00575704)
(0.00575704 -0.0027075 0.000362152 0.00575704 2.05143e-18 0.00575704)
(0.0059893 -0.00281116 0.000393954 0.0059893 -6.69968e-18 0.0059893)
(0.0059893 -0.00281116 0.000393954 0.0059893 2.62895e-18 0.0059893)
(0.00620448 -0.00290512 0.000426577 0.00620448 -7.36562e-18 0.00620448)
(0.00620448 -0.00290512 0.000426577 0.00620448 3.15631e-18 0.00620448)
(0.00640295 -0.00298985 0.000460025 0.00640295 -8.32474e-18 0.00640295)
(0.00640295 -0.00298985 0.000460025 0.00640295 3.76626e-18 0.00640295)
(0.00658525 -0.00306587 0.000494314 0.00658525 -7.95058e-18 0.00658525)
(0.00658525 -0.00306587 0.000494314 0.00658525 3.41859e-18 0.00658525)
(0.00675205 -0.0031337 0.000529464 0.00675205 -8.72515e-18 0.00675205)
(0.00675205 -0.0031337 0.000529464 0.00675205 2.99784e-18 0.00675205)
(0.00690408 -0.00319384 0.000565498 0.00690408 -9.80562e-18 0.00690408)
(0.00690408 -0.00319384 0.000565498 0.00690408 3.69103e-18 0.00690408)
(0.0070421 -0.00324679 0.000602441 0.0070421 -1.02639e-17 0.0070421)
(0.0070421 -0.00324679 0.000602441 0.0070421 3.98497e-18 0.0070421)
(0.0071669 -0.003293 0.000640319 0.0071669 -1.09377e-17 0.0071669)
(0.0071669 -0.003293 0.000640319 0.0071669 2.71361e-18 0.0071669)
(0.00727923 -0.00333289 0.000679158 0.00727923 -1.10531e-17 0.00727923)
(0.00727923 -0.00333289 0.000679158 0.00727923 -8.59366e-19 0.00727923)
(0.00737984 -0.00336686 0.000718979 0.00737984 -1.08206e-17 0.00737984)
(0.00737984 -0.00336686 0.000718979 0.00737984 -7.8199e-18 0.00737984)
(0.00746945 -0.00339526 0.000759803 0.00746945 -1.18622e-17 0.00746945)
(0.00746945 -0.00339526 0.000759803 0.00746945 -1.30478e-17 0.00746945)
(0.00754871 -0.00341839 0.000801647 0.00754871 -1.25332e-17 0.00754871)
(0.00754871 -0.00341839 0.000801647 0.00754871 -1.48661e-17 0.00754871)
(0.00761825 -0.00343655 0.000844522 0.00761825 -1.28106e-17 0.00761825)
(0.00761825 -0.00343655 0.000844522 0.00761825 -1.5567e-17 0.00761825)
(0.00767865 -0.00344997 0.000888433 0.00767865 -1.3775e-17 0.00767865)
(0.00767865 -0.00344997 0.000888433 0.00767865 -1.35895e-17 0.00767865)
(0.00773042 -0.00345888 0.00093338 0.00773042 -9.48361e-18 0.00773042)
(0.00773042 -0.00345888 0.00093338 0.00773042 -1.35204e-17 0.00773042)
(0.00777405 -0.00346347 0.000979356 0.00777405 -9.52601e-18 0.00777405)
(0.00777405 -0.00346347 0.000979356 0.00777405 -1.63862e-17 0.00777405)
(0.00780996 -0.0034639 0.00102634 0.00780996 -1.18674e-17 0.00780996)
(0.00780996 -0.0034639 0.00102634 0.00780996 -1.52964e-17 0.00780996)
(0.00783853 -0.0034603 0.00107432 0.00783853 -1.22809e-17 0.00783853)
(0.00783853 -0.0034603 0.00107432 0.00783853 -1.24486e-17 0.00783853)
(0.0078601 -0.0034528 0.00112324 0.0078601 -1.29847e-17 0.0078601)
(0.0078601 -0.0034528 0.00112324 0.0078601 -1.57903e-17 0.0078601)
(0.00787496 -0.00344148 0.00117306 0.00787496 -1.70029e-17 0.00787496)
(0.00787496 -0.00344148 0.00117306 0.00787496 -2.42376e-17 0.00787496)
(0.00788333 -0.00342642 0.00122371 0.00788333 -1.99384e-17 0.00788333)
(0.00788333 -0.00342642 0.00122371 0.00788333 -2.66515e-17 0.00788333)
(0.00788542 -0.00340768 0.00127513 0.00788542 -2.06486e-17 0.00788542)
(0.00788542 -0.00340768 0.00127513 0.00788542 -1.68205e-17 0.00788542)
(0.00788137 -0.00338529 0.00132721 0.00788137 -8.72235e-18 0.00788137)
(0.00788137 -0.00338529 0.00132721 0.00788137 -1.32999e-17 0.00788137)
(0.00787129 -0.00335929 0.00137984 0.00787129 -1.75073e-17 0.00787129)
(0.00787129 -0.00335929 0.00137984 0.00787129 -1.6687e-17 0.00787129)
(0.00785522 -0.00332968 0.00143289 0.00785522 -2.07381e-17 0.00785522)
(0.00785522 -0.00332968 0.00143289 0.00785522 -1.54347e-17 0.00785522)
(0.00783316 -0.00329645 0.00148619 0.00783316 -2.03496e-17 0.00783316)
(0.00783316 -0.00329645 0.00148619 0.00783316 -1.78874e-17 0.00783316)
(0.00780508 -0.00325958 0.00153956 0.00780508 -1.00806e-17 0.00780508)
(0.00780508 -0.00325958 0.00153956 0.00780508 -2.17014e-17 0.00780508)
(0.00777088 -0.00321904 0.00159279 0.00777088 -2.34177e-17 0.00777088)
(0.00777088 -0.00321904 0.00159279 0.00777088 -2.29578e-17 0.00777088)
(0.0077304 -0.00317479 0.00164563 0.0077304 -3.3149e-17 0.0077304)
(0.0077304 -0.00317479 0.00164563 0.0077304 -2.65596e-17 0.0077304)
(0.00768344 -0.00312676 0.00169778 0.00768344 -2.88105e-17 0.00768344)
(0.00768344 -0.00312676 0.00169778 0.00768344 -2.96575e-17 0.00768344)
(0.00762973 -0.00307488 0.00174893 0.00762973 -1.48563e-17 0.00762973)
(0.00762973 -0.00307488 0.00174893 0.00762973 -2.40894e-17 0.00762973)
(0.00756896 -0.00301908 0.00179869 0.00756896 -2.41326e-17 0.00756896)
(0.00756896 -0.00301908 0.00179869 0.00756896 -3.21219e-17 0.00756896)
(0.00750074 -0.00295925 0.00184665 0.00750074 -4.2634e-17 0.00750074)
(0.00750074 -0.00295925 0.00184665 0.00750074 -6.29512e-17 0.00750074)
(0.00742464 -0.0028953 0.00189233 0.00742464 -7.19956e-17 0.00742464)
(0.00742464 -0.0028953 0.00189233 0.00742464 -4.06716e-17 0.00742464)
(0.00734015 -0.00282712 0.00193519 0.00734015 -3.81193e-17 0.00734015)
(0.00734015 -0.00282712 0.00193519 0.00734015 2.3457e-18 0.00734015)
(0.0072467 -0.00275457 0.00197462 0.0072467 -2.89523e-17 0.0072467)
(0.0072467 -0.00275457 0.00197462 0.0072467 -3.1987e-17 0.0072467)
(0.00714369 -0.00267754 0.00200993 0.00714369 -1.79346e-17 0.00714369)
(0.00714369 -0.00267754 0.00200993 0.00714369 -3.8387e-17 0.00714369)
(0.00703043 -0.00259588 0.00204037 0.00703043 -1.75595e-17 0.00703043)
(0.00703043 -0.00259588 0.00204037 0.00703043 -2.76408e-17 0.00703043)
(0.00690623 -0.00250943 0.00206506 0.00690623 -1.86328e-17 0.00690623)
(0.00690623 -0.00250943 0.00206506 0.00690623 -1.5336e-17 0.00690623)
(0.00677033 -0.00241803 0.00208303 0.00677033 -2.15279e-17 0.00677033)
(0.00677033 -0.00241803 0.00208303 0.00677033 -3.0281e-17 0.00677033)
(0.00662199 -0.0023215 0.00209318 0.00662199 -1.24253e-17 0.00662199)
(0.00662199 -0.0023215 0.00209318 0.00662199 -4.97775e-17 0.00662199)
(0.00646048 -0.00221963 0.00209429 0.00646048 -1.49654e-17 0.00646048)
(0.00646048 -0.00221963 0.00209429 0.00646048 -3.61969e-17 0.00646048)
(0.00628516 -0.00211222 0.002085 0.00628516 -1.88187e-17 0.00628516)
(0.00628516 -0.00211222 0.002085 0.00628516 -5.90156e-18 0.00628516)
(0.0060955 -0.00199907 0.00206375 0.0060955 -1.16462e-17 0.0060955)
(0.0060955 -0.00199907 0.00206375 0.0060955 -7.26051e-18 0.0060955)
(0.00589121 -0.00187993 0.00202886 0.00589121 -8.14456e-19 0.00589121)
(0.00589121 -0.00187993 0.00202886 0.00589121 -1.16113e-17 0.00589121)
(0.00567232 -0.00175459 0.00197839 0.00567232 -1.89557e-17 0.00567232)
(0.00567232 -0.00175459 0.00197839 0.00567232 -2.71561e-18 0.00567232)
(0.00543938 -0.00162278 0.00191019 0.00543938 -2.86561e-17 0.00543938)
(0.00543938 -0.00162278 0.00191019 0.00543938 -2.24749e-17 0.00543938)
(0.00519364 -0.00148424 0.0018218 0.00519364 -3.64274e-17 0.00519364)
(0.00519364 -0.00148424 0.0018218 0.00519364 -5.927e-17 0.00519364)
(0.00493737 -0.00133868 0.0017105 0.00493737 -7.46916e-18 0.00493737)
(0.00493737 -0.00133868 0.0017105 0.00493737 -1.90146e-17 0.00493737)
(0.00467427 -0.00118583 0.00157323 0.00467427 -1.14305e-17 0.00467427)
(0.00467427 -0.00118583 0.00157323 0.00467427 1.57408e-17 0.00467427)
(0.00440994 -0.00102544 0.00140665 0.00440994 3.56748e-19 0.00440994)
(0.00440994 -0.00102544 0.00140665 0.00440994 -1.84421e-17 0.00440994)
(0.00415251 -0.000857273 0.00120707 0.00415251 -2.25664e-17 0.00415251)
(0.00415251 -0.000857273 0.00120707 0.00415251 -2.87072e-17 0.00415251)
(0.00391319 -0.000681125 0.000970532 0.00391319 -3.00976e-17 0.00391319)
(0.00391319 -0.000681125 0.000970532 0.00391319 -2.0829e-17 0.00391319)
(0.00370669 -0.000496805 0.000693034 0.00370669 3.40312e-48 0.00370669)
(0.00370669 -0.000496805 0.000693034 0.00370669 -1.24464e-17 0.00370669)
(0.00355086 -0.000304145 0.0003708 0.00355086 7.68401e-18 0.00355086)
(0.00355086 -0.000304145 0.0003708 0.00355086 7.73467e-18 0.00355086)
(0.00346479 -3.8819e-12 3.56282e-12 0.00346479 -7.03834e-18 0.00346479)
(0.00346479 -3.88762e-12 3.56801e-12 0.00346479 -1.2919e-17 0.00346479)
(0.00346479 8.69259e-14 -7.97949e-14 0.00346479 3.97049e-17 0.00346479)
(0.00346479 9.14235e-14 -8.38777e-14 0.00346479 2.238e-17 0.00346479)
(0.00355086 0.000304145 -0.0003708 0.00355086 -0 0.00355086)
(0.00355086 0.000304145 -0.0003708 0.00355086 4.83939e-19 0.00355086)
(0.00370669 0.000496805 -0.000693034 0.00370669 -1.91453e-17 0.00370669)
(0.00370669 0.000496805 -0.000693034 0.00370669 -6.83612e-20 0.00370669)
(0.00391319 0.000681125 -0.000970532 0.00391319 -2.76686e-17 0.00391319)
(0.00391319 0.000681125 -0.000970532 0.00391319 -2.61401e-18 0.00391319)
(0.00415251 0.000857273 -0.00120707 0.00415251 -1.64028e-17 0.00415251)
(0.00415251 0.000857273 -0.00120707 0.00415251 -2.74452e-17 0.00415251)
(0.00440994 0.00102544 -0.00140665 0.00440994 1.37898e-17 0.00440994)
(0.00440994 0.00102544 -0.00140665 0.00440994 2.43264e-18 0.00440994)
(0.00467427 0.00118583 -0.00157323 0.00467427 1.42779e-17 0.00467427)
(0.00467427 0.00118583 -0.00157323 0.00467427 3.34053e-17 0.00467427)
(0.00493737 0.00133868 -0.0017105 0.00493737 2.16324e-17 0.00493737)
(0.00493737 0.00133868 -0.0017105 0.00493737 9.8491e-18 0.00493737)
(0.00519364 0.00148424 -0.0018218 0.00519364 1.17498e-31 0.00519364)
(0.00519364 0.00148424 -0.0018218 0.00519364 -2.22411e-17 0.00519364)
(0.00543938 0.00162278 -0.00191019 0.00543938 -6.53523e-18 0.00543938)
(0.00543938 0.00162278 -0.00191019 0.00543938 1.181e-18 0.00543938)
(0.00567232 0.00175459 -0.00197839 0.00567232 -1.1253e-48 0.00567232)
(0.00567232 0.00175459 -0.00197839 0.00567232 2.17961e-17 0.00567232)
(0.00589121 0.00187993 -0.00202886 0.00589121 7.73288e-18 0.00589121)
(0.00589121 0.00187993 -0.00202886 0.00589121 1.37545e-17 0.00589121)
(0.0060955 0.00199907 -0.00206375 0.0060955 1.90429e-17 0.0060955)
(0.0060955 0.00199907 -0.00206375 0.0060955 1.35395e-17 0.0060955)
(0.00628516 0.00211222 -0.002085 0.00628516 2.61005e-17 0.00628516)
(0.00628516 0.00211222 -0.002085 0.00628516 1.56823e-17 0.00628516)
(0.00646048 0.00221963 -0.00209429 0.00646048 2.78357e-17 0.00646048)
(0.00646048 0.00221963 -0.00209429 0.00646048 1.5408e-17 0.00646048)
(0.00662199 0.0023215 -0.00209318 0.00662199 9.18193e-19 0.00662199)
(0.00662199 0.0023215 -0.00209318 0.00662199 -9.37806e-18 0.00662199)
(0.00677033 0.00241803 -0.00208303 0.00677033 -4.90058e-19 0.00677033)
(0.00677033 0.00241803 -0.00208303 0.00677033 -3.31432e-18 0.00677033)
(0.00690623 0.00250943 -0.00206506 0.00690623 -1.43994e-17 0.00690623)
(0.00690623 0.00250943 -0.00206506 0.00690623 1.53995e-17 0.00690623)
(0.00703043 0.00259588 -0.00204037 0.00703043 3.99859e-18 0.00703043)
(0.00703043 0.00259588 -0.00204037 0.00703043 2.17202e-17 0.00703043)
(0.00714369 0.00267754 -0.00200993 0.00714369 1.18496e-17 0.00714369)
(0.00714369 0.00267754 -0.00200993 0.00714369 5.08658e-18 0.00714369)
(0.0072467 0.00275457 -0.00197462 0.0072467 1.09668e-17 0.0072467)
(0.0072467 0.00275457 -0.00197462 0.0072467 1.10106e-17 0.0072467)
(0.00734015 0.00282712 -0.00193519 0.00734015 -1.79462e-18 0.00734015)
(0.00734015 0.00282712 -0.00193519 0.00734015 1.28186e-17 0.00734015)
(0.00742464 0.0028953 -0.00189233 0.00742464 6.09111e-18 0.00742464)
(0.00742464 0.0028953 -0.00189233 0.00742464 -1.47682e-17 0.00742464)
(0.00750074 0.00295925 -0.00184665 0.00750074 1.96674e-17 0.00750074)
(0.00750074 0.00295925 -0.00184665 0.00750074 -7.5895e-18 0.00750074)
(0.00756896 0.00301908 -0.00179869 0.00756896 7.56165e-18 0.00756896)
(0.00756896 0.00301908 -0.00179869 0.00756896 8.13516e-18 0.00756896)
(0.00762973 0.00307488 -0.00174893 0.00762973 -7.00845e-18 0.00762973)
(0.00762973 0.00307488 -0.00174893 0.00762973 7.09499e-18 0.00762973)
(0.00768344 0.00312676 -0.00169778 0.00768344 1.97843e-18 0.00768344)
(0.00768344 0.00312676 -0.00169778 0.00768344 2.08327e-18 0.00768344)
(0.0077304 0.00317479 -0.00164563 0.0077304 2.27326e-18 0.0077304)
(0.0077304 0.00317479 -0.00164563 0.0077304 4.77598e-18 0.0077304)
(0.00777088 0.00321904 -0.00159279 0.00777088 8.72371e-34 0.00777088)
(0.00777088 0.00321904 -0.00159279 0.00777088 -2.7912e-19 0.00777088)
(0.00780508 0.00325958 -0.00153956 0.00780508 -7.56156e-18 0.00780508)
(0.00780508 0.00325958 -0.00153956 0.00780508 1.40679e-18 0.00780508)
(0.00783316 0.00329645 -0.00148619 0.00783316 6.65408e-18 0.00783316)
(0.00783316 0.00329645 -0.00148619 0.00783316 4.97999e-18 0.00783316)
(0.00785522 0.00332968 -0.00143289 0.00785522 3.85067e-18 0.00785522)
(0.00785522 0.00332968 -0.00143289 0.00785522 4.56193e-18 0.00785522)
(0.00787129 0.00335929 -0.00137984 0.00787129 5.41133e-19 0.00787129)
(0.00787129 0.00335929 -0.00137984 0.00787129 1.75014e-18 0.00787129)
(0.00788137 0.00338529 -0.00132721 0.00788137 -1.84719e-19 0.00788137)
(0.00788137 0.00338529 -0.00132721 0.00788137 -2.29065e-18 0.00788137)
(0.00788542 0.00340768 -0.00127513 0.00788542 5.63197e-19 0.00788542)
(0.00788542 0.00340768 -0.00127513 0.00788542 -1.65921e-18 0.00788542)
(0.00788333 0.00342642 -0.00122371 0.00788333 5.16595e-18 0.00788333)
(0.00788333 0.00342642 -0.00122371 0.00788333 1.09112e-20 0.00788333)
(0.00787496 0.00344148 -0.00117306 0.00787496 5.81019e-18 0.00787496)
(0.00787496 0.00344148 -0.00117306 0.00787496 -5.89981e-19 0.00787496)
(0.0078601 0.0034528 -0.00112324 0.0078601 2.72352e-18 0.0078601)
(0.0078601 0.0034528 -0.00112324 0.0078601 6.30702e-19 0.0078601)
(0.00783853 0.0034603 -0.00107432 0.00783853 -7.71337e-19 0.00783853)
(0.00783853 0.0034603 -0.00107432 0.00783853 2.52749e-18 0.00783853)
(0.00780996 0.0034639 -0.00102634 0.00780996 -2.6316e-18 0.00780996)
(0.00780996 0.0034639 -0.00102634 0.00780996 4.1395e-18 0.00780996)
(0.00777405 0.00346347 -0.000979356 0.00777405 -1.36556e-18 0.00777405)
(0.00777405 0.00346347 -0.000979356 0.00777405 4.29582e-18 0.00777405)
(0.00773042 0.00345888 -0.00093338 0.00773042 2.24957e-18 0.00773042)
(0.00773042 0.00345888 -0.00093338 0.00773042 7.73164e-19 0.00773042)
(0.00767865 0.00344997 -0.000888433 0.00767865 -4.7596e-34 0.00767865)
(0.00767865 0.00344997 -0.000888433 0.00767865 6.08453e-19 0.00767865)
(0.00761825 0.00343655 -0.000844522 0.00761825 -1.18585e-18 0.00761825)
(0.00761825 0.00343655 -0.000844522 0.00761825 2.16617e-18 0.00761825)
(0.00754871 0.00341839 -0.000801647 0.00754871 -5.07316e-19 0.00754871)
(0.00754871 0.00341839 -0.000801647 0.00754871 7.44443e-19 0.00754871)
(0.00746945 0.00339526 -0.000759803 0.00746945 4.01796e-19 0.00746945)
(0.00746945 0.00339526 -0.000759803 0.00746945 -1.01768e-19 0.00746945)
(0.00737984 0.00336686 -0.000718979 0.00737984 -1.12663e-18 0.00737984)
(0.00737984 0.00336686 -0.000718979 0.00737984 4.71186e-19 0.00737984)
(0.00727923 0.00333289 -0.000679158 0.00727923 -5.61302e-19 0.00727923)
(0.00727923 0.00333289 -0.000679158 0.00727923 5.75198e-19 0.00727923)
(0.0071669 0.003293 -0.000640319 0.0071669 3.89256e-19 0.0071669)
(0.0071669 0.003293 -0.000640319 0.0071669 1.11268e-18 0.0071669)
(0.0070421 0.00324679 -0.000602441 0.0070421 3.87282e-20 0.0070421)
(0.0070421 0.00324679 -0.000602441 0.0070421 1.73593e-18 0.0070421)
(0.00690408 0.00319384 -0.000565498 0.00690408 3.81517e-19 0.00690408)
(0.00690408 0.00319384 -0.000565498 0.00690408 1.25198e-18 0.00690408)
(0.00675205 0.0031337 -0.000529464 0.00675205 5.27565e-19 0.00675205)
(0.00675205 0.0031337 -0.000529464 0.00675205 1.48342e-19 0.00675205)
(0.00658525 0.00306587 -0.000494314 0.00658525 4.73163e-19 0.00658525)
(0.00658525 0.00306587 -0.000494314 0.00658525 -5.88415e-19 0.00658525)
(0.00640295 0.00298985 -0.000460025 0.00640295 5.28538e-21 0.00640295)
(0.00640295 0.00298985 -0.000460025 0.00640295 -4.16204e-19 0.00640295)
(0.00620448 0.00290512 -0.000426577 0.00620448 -2.01314e-20 0.00620448)
(0.00620448 0.00290512 -0.000426577 0.00620448 2.12545e-22 0.00620448)
(0.0059893 0.00281116 -0.000393954 0.0059893 1.48268e-19 0.0059893)
(0.0059893 0.00281116 -0.000393954 0.0059893 1.23425e-19 0.0059893)
(0.00575704 0.0027075 -0.000362152 0.00575704 1.93412e-19 0.00575704)
(0.00575704 0.0027075 -0.000362152 0.00575704 -4.5415e-19 0.00575704)
(0.00550758 0.00259375 -0.000331174 0.00550758 2.83371e-20 0.00550758)
(0.00550758 0.00259375 -0.000331174 0.00550758 -2.98173e-19 0.00550758)
(0.00524112 0.00246964 -0.00030104 0.00524112 -5.13022e-20 0.00524112)
(0.00524112 0.00246964 -0.00030104 0.00524112 -1.88527e-19 0.00524112)
(0.00495828 0.00233508 -0.000271785 0.00495828 5.71153e-20 0.00495828)
(0.00495828 0.00233508 -0.000271785 0.00495828 -6.72957e-20 0.00495828)
(0.00466019 0.0021903 -0.000243469 0.00466019 5.47801e-20 0.00466019)
(0.00466019 0.0021903 -0.000243469 0.00466019 -8.11266e-20 0.00466019)
(0.00434858 0.00203584 -0.000216174 0.00434858 9.18541e-20 0.00434858)
(0.00434858 0.00203584 -0.000216174 0.00434858 -1.21105e-19 0.00434858)
(0.00402586 0.00187277 -0.00019001 0.00402586 6.56266e-20 0.00402586)
(0.00402586 0.00187277 -0.00019001 0.00402586 -1.12466e-19 0.00402586)
(0.00369516 0.00170267 -0.000165115 0.00369516 1.70954e-20 0.00369516)
(0.00369516 0.00170267 -0.000165115 0.00369516 -1.0144e-19 0.00369516)
(0.0033603 0.00152777 -0.00014165 0.0033603 -2.73075e-21 0.0033603)
(0.0033603 0.00152777 -0.00014165 0.0033603 -1.11859e-19 0.0033603)
(0.00302568 0.00135091 -0.000119792 0.00302568 -6.73753e-21 0.00302568)
(0.00302568 0.00135091 -0.000119792 0.00302568 -8.53716e-20 0.00302568)
(0.00269613 0.00117545 -9.97196e-05 0.00269613 3.83598e-21 0.00269613)
(0.00269613 0.00117545 -9.97196e-05 0.00269613 -7.86762e-20 0.00269613)
(0.00237663 0.0010051 -8.15971e-05 0.00237663 1.36405e-21 0.00237663)
(0.00237663 0.0010051 -8.15971e-05 0.00237663 -5.54644e-20 0.00237663)
(0.00207197 0.000843608 -6.55508e-05 0.00207197 -1.58162e-20 0.00207197)
(0.00207197 0.000843608 -6.55508e-05 0.00207197 -3.99459e-20 0.00207197)
(0.00178638 0.000694402 -5.16493e-05 0.00178638 -1.09625e-20 0.00178638)
(0.00178638 0.000694402 -5.16493e-05 0.00178638 -2.37978e-20 0.00178638)
(0.0015233 0.000560239 -3.98882e-05 0.0015233 -4.18512e-21 0.0015233)
(0.0015233 0.000560239 -3.98882e-05 0.0015233 -2.68941e-20 0.0015233)
(0.00128506 0.000442929 -3.0184e-05 0.00128506 -1.22187e-20 0.00128506)
(0.00128506 0.000442929 -3.0184e-05 0.00128506 -3.07004e-20 0.00128506)
(0.00107288 0.000343194 -2.23805e-05 0.00107288 -1.58137e-20 0.00107288)
(0.00107288 0.000343194 -2.23805e-05 0.00107288 -2.47507e-20 0.00107288)
(0.000886839 0.00026071 -1.62653e-05 0.000886839 -1.15517e-20 0.000886839)
(0.000886839 0.00026071 -1.62653e-05 0.000886839 -2.11716e-20 0.000886839)
(0.000726098 0.000194284 -1.15928e-05 0.000726098 -6.48322e-21 0.000726098)
(0.000726098 0.000194284 -1.15928e-05 0.000726098 -1.67076e-20 0.000726098)
(0.000589064 0.000142123 -8.10821e-06 0.000589064 -5.38491e-21 0.000589064)
(0.000589064 0.000142123 -8.10821e-06 0.000589064 -1.12257e-20 0.000589064)
(0.00047366 0.000102123 -5.56881e-06 0.00047366 -4.45376e-21 0.00047366)
(0.00047366 0.000102123 -5.56881e-06 0.00047366 -7.68008e-21 0.00047366)
(0.000377549 7.21178e-05 -3.75788e-06 0.000377549 -3.27336e-21 0.000377549)
(0.000377549 7.21178e-05 -3.75788e-06 0.000377549 -5.55936e-21 0.000377549)
(0.000298317 5.00696e-05 -2.49248e-06 0.000298317 -1.87728e-21 0.000298317)
(0.000298317 5.00696e-05 -2.49248e-06 0.000298317 -3.66313e-21 0.000298317)
(0.000233616 3.41787e-05 -1.62513e-06 0.000233616 -1.15705e-21 0.000233616)
(0.000233616 3.41787e-05 -1.62513e-06 0.000233616 -2.35101e-21 0.000233616)
(0.000181254 2.29348e-05 -1.04143e-06 0.000181254 -7.69972e-22 0.000181254)
(0.000181254 2.29348e-05 -1.04143e-06 0.000181254 -1.56607e-21 0.000181254)
(0.000139245 1.51198e-05 -6.55589e-07 0.000139245 -5.02723e-22 0.000139245)
(0.000139245 1.51198e-05 -6.55589e-07 0.000139245 -1.01738e-21 0.000139245)
(0.000105836 9.78354e-06 -4.05033e-07 0.000105836 -2.85891e-22 0.000105836)
(0.000105836 9.78354e-06 -4.05033e-07 0.000105836 -6.37815e-22 0.000105836)
(7.95056e-05 6.20493e-06 -2.45251e-07 7.95056e-05 -1.51686e-22 7.95056e-05)
(7.95056e-05 6.20493e-06 -2.45251e-07 7.95056e-05 -3.93333e-22 7.95056e-05)
(5.89501e-05 3.84984e-06 -1.45269e-07 5.89501e-05 -8.92125e-23 5.89501e-05)
(5.89501e-05 3.84984e-06 -1.45269e-07 5.89501e-05 -2.29987e-22 5.89501e-05)
(4.30686e-05 2.33091e-06 -8.39645e-08 4.30686e-05 -5.6033e-23 4.30686e-05)
(4.30686e-05 2.33091e-06 -8.39645e-08 4.30686e-05 -1.28565e-22 4.30686e-05)
(3.09388e-05 1.37272e-06 -4.72043e-08 3.09388e-05 -3.20461e-23 3.09388e-05)
(3.09388e-05 1.37272e-06 -4.72043e-08 3.09388e-05 -7.17803e-23 3.09388e-05)
(2.17944e-05 7.83086e-07 -2.57057e-08 2.17944e-05 -1.72196e-23 2.17944e-05)
(2.17944e-05 7.83086e-07 -2.57057e-08 2.17944e-05 -4.02729e-23 2.17944e-05)
(1.50039e-05 4.30408e-07 -1.3487e-08 1.50039e-05 -8.92856e-24 1.50039e-05)
(1.50039e-05 4.30408e-07 -1.3487e-08 1.50039e-05 -2.136e-23 1.50039e-05)
(1.00498e-05 2.26345e-07 -6.77043e-09 1.00498e-05 -4.17859e-24 1.00498e-05)
(1.00498e-05 2.26345e-07 -6.77043e-09 1.00498e-05 -1.0536e-23 1.00498e-05)
(6.51139e-06 1.12843e-07 -3.22203e-09 6.51139e-06 -2.05055e-24 6.51139e-06)
(6.51139e-06 1.12843e-07 -3.22203e-09 6.51139e-06 -4.96613e-24 6.51139e-06)
(4.0489e-06 5.26721e-08 -1.43563e-09 4.0489e-06 -9.82188e-25 4.0489e-06)
(4.0489e-06 5.26721e-08 -1.43563e-09 4.0489e-06 -2.21342e-24 4.0489e-06)
(2.38995e-06 2.2623e-08 -5.88597e-10 2.38995e-06 -3.9462e-25 2.38995e-06)
(2.38995e-06 2.2623e-08 -5.88597e-10 2.38995e-06 -9.0664e-25 2.38995e-06)
(1.31815e-06 8.72022e-09 -2.16571e-10 1.31815e-06 -1.43141e-25 1.31815e-06)
(1.31815e-06 8.72022e-09 -2.16571e-10 1.31815e-06 -3.33651e-25 1.31815e-06)
(6.63368e-07 2.90534e-09 -6.88769e-11 6.63368e-07 -4.48261e-26 6.63368e-07)
(6.63368e-07 2.90534e-09 -6.88769e-11 6.63368e-07 -1.06963e-25 6.63368e-07)
(2.93632e-07 7.89001e-10 -1.78549e-11 2.93632e-07 -1.15917e-26 2.93632e-07)
(2.93632e-07 7.89001e-10 -1.78549e-11 2.93632e-07 -2.78357e-26 2.93632e-07)
(1.08624e-07 1.59866e-10 -3.45333e-12 1.08624e-07 -2.30074e-27 1.08624e-07)
(1.08624e-07 1.59866e-10 -3.45333e-12 1.08624e-07 -5.33905e-27 1.08624e-07)
(3.54246e-08 2.37801e-11 -4.90343e-13 3.54246e-08 -3.25963e-28 3.54246e-08)
(3.54246e-08 2.37801e-11 -4.90343e-13 3.54246e-08 -7.51024e-28 3.54246e-08)
(3.29497e-08 7.27603e-12 -1.01798e-13 3.29497e-08 -4.4807e-28 3.29497e-08)
(3.29497e-08 7.27603e-12 -1.01798e-13 3.29497e-08 -4.57693e-28 3.29497e-08)
(2.04313e-07 7.70451e-12 -3.53638e-14 2.04313e-07 -6.93828e-28 2.04313e-07)
(2.04313e-07 7.70451e-12 -3.53638e-14 2.04313e-07 -1.18231e-27 2.04313e-07)
(0.00346479 -0 3.00206e-17 0.00346479 -1.16379e-17 0.00346479)
(0.00346479 1.26765e-14 1.00569e-14 0.00346479 -1.18857e-17 0.00346479)
(0.00355086 0.000304145 0.0003708 0.00355086 -6.53804e-18 0.00355086)
(0.00355086 0.000304145 0.0003708 0.00355086 -1.03159e-17 0.00355086)
(0.00370669 0.000496805 0.000693034 0.00370669 4.41797e-18 0.00370669)
(0.00370669 0.000496805 0.000693034 0.00370669 -2.8092e-18 0.00370669)
(0.00391319 0.000681125 0.000970532 0.00391319 1.12112e-17 0.00391319)
(0.00391319 0.000681125 0.000970532 0.00391319 3.75306e-18 0.00391319)
(0.00415251 0.000857273 0.00120707 0.00415251 -7.55209e-18 0.00415251)
(0.00415251 0.000857273 0.00120707 0.00415251 1.06903e-17 0.00415251)
(0.00440994 0.00102544 0.00140665 0.00440994 -1.22795e-18 0.00440994)
(0.00440994 0.00102544 0.00140665 0.00440994 -1.91553e-18 0.00440994)
(0.00467427 0.00118583 0.00157323 0.00467427 1.00718e-17 0.00467427)
(0.00467427 0.00118583 0.00157323 0.00467427 -3.36295e-18 0.00467427)
(0.00493737 0.00133868 0.0017105 0.00493737 -1.26977e-17 0.00493737)
(0.00493737 0.00133868 0.0017105 0.00493737 -1.81338e-17 0.00493737)
(0.00519364 0.00148424 0.0018218 0.00519364 2.02585e-17 0.00519364)
(0.00519364 0.00148424 0.0018218 0.00519364 -1.75937e-17 0.00519364)
(0.00543938 0.00162278 0.00191019 0.00543938 2.71386e-18 0.00543938)
(0.00543938 0.00162278 0.00191019 0.00543938 4.87286e-18 0.00543938)
(0.00567232 0.00175459 0.00197839 0.00567232 -3.14173e-17 0.00567232)
(0.00567232 0.00175459 0.00197839 0.00567232 1.65009e-17 0.00567232)
(0.00589121 0.00187993 0.00202886 0.00589121 -1.02805e-17 0.00589121)
(0.00589121 0.00187993 0.00202886 0.00589121 3.70047e-18 0.00589121)
(0.0060955 0.00199907 0.00206375 0.0060955 -2.91732e-17 0.0060955)
(0.0060955 0.00199907 0.00206375 0.0060955 -1.21618e-18 0.0060955)
(0.00628516 0.00211222 0.002085 0.00628516 -6.8628e-32 0.00628516)
(0.00628516 0.00211222 0.002085 0.00628516 -2.3489e-17 0.00628516)
(0.00646048 0.00221963 0.00209429 0.00646048 4.00581e-18 0.00646048)
(0.00646048 0.00221963 0.00209429 0.00646048 -1.5408e-17 0.00646048)
(0.00662199 0.0023215 0.00209318 0.00662199 -1.06247e-17 0.00662199)
(0.00662199 0.0023215 0.00209318 0.00662199 -7.7225e-18 0.00662199)
(0.00677033 0.00241803 0.00208303 0.00677033 -9.11868e-18 0.00677033)
(0.00677033 0.00241803 0.00208303 0.00677033 -4.5896e-18 0.00677033)
(0.00690623 0.00250943 0.00206506 0.00690623 -8.2789e-18 0.00690623)
(0.00690623 0.00250943 0.00206506 0.00690623 -3.45356e-18 0.00690623)
(0.00703043 0.00259588 0.00204037 0.00703043 -8.24926e-18 0.00703043)
(0.00703043 0.00259588 0.00204037 0.00703043 -1.38131e-17 0.00703043)
(0.00714369 0.00267754 0.00200993 0.00714369 4.83133e-18 0.00714369)
(0.00714369 0.00267754 0.00200993 0.00714369 -1.47446e-17 0.00714369)
(0.0072467 0.00275457 0.00197462 0.0072467 -1.28283e-17 0.0072467)
(0.0072467 0.00275457 0.00197462 0.0072467 -3.89231e-18 0.0072467)
(0.00734015 0.00282712 0.00193519 0.00734015 -9.66566e-18 0.00734015)
(0.00734015 0.00282712 0.00193519 0.00734015 2.83195e-18 0.00734015)
(0.00742464 0.0028953 0.00189233 0.00742464 1.31617e-17 0.00742464)
(0.00742464 0.0028953 0.00189233 0.00742464 -9.51259e-18 0.00742464)
(0.00750074 0.00295925 0.00184665 0.00750074 -6.28509e-18 0.00750074)
(0.00750074 0.00295925 0.00184665 0.00750074 1.01134e-17 0.00750074)
(0.00756896 0.00301908 0.00179869 0.00756896 -1.61391e-17 0.00756896)
(0.00756896 0.00301908 0.00179869 0.00756896 -6.32869e-18 0.00756896)
(0.00762973 0.00307488 0.00174893 0.00762973 -6.56482e-18 0.00762973)
(0.00762973 0.00307488 0.00174893 0.00762973 -4.54149e-18 0.00762973)
(0.00768344 0.00312676 0.00169778 0.00768344 -7.66011e-18 0.00768344)
(0.00768344 0.00312676 0.00169778 0.00768344 8.20431e-18 0.00768344)
(0.0077304 0.00317479 0.00164563 0.0077304 -5.46621e-19 0.0077304)
(0.0077304 0.00317479 0.00164563 0.0077304 4.80574e-19 0.0077304)
(0.00777088 0.00321904 0.00159279 0.00777088 1.08958e-18 0.00777088)
(0.00777088 0.00321904 0.00159279 0.00777088 -1.27087e-18 0.00777088)
(0.00780508 0.00325958 0.00153956 0.00780508 -3.64803e-18 0.00780508)
(0.00780508 0.00325958 0.00153956 0.00780508 -3.46146e-18 0.00780508)
(0.00783316 0.00329645 0.00148619 0.00783316 -2.66519e-18 0.00783316)
(0.00783316 0.00329645 0.00148619 0.00783316 -8.73761e-18 0.00783316)
(0.00785522 0.00332968 0.00143289 0.00785522 -7.24401e-18 0.00785522)
(0.00785522 0.00332968 0.00143289 0.00785522 -1.60367e-18 0.00785522)
(0.00787129 0.00335929 0.00137984 0.00787129 -2.61383e-18 0.00787129)
(0.00787129 0.00335929 0.00137984 0.00787129 5.60249e-19 0.00787129)
(0.00788137 0.00338529 0.00132721 0.00788137 2.72043e-18 0.00788137)
(0.00788137 0.00338529 0.00132721 0.00788137 -1.23402e-18 0.00788137)
(0.00788542 0.00340768 0.00127513 0.00788542 -1.74787e-18 0.00788542)
(0.00788542 0.00340768 0.00127513 0.00788542 -3.19979e-18 0.00788542)
(0.00788333 0.00342642 0.00122371 0.00788333 -4.56901e-19 0.00788333)
(0.00788333 0.00342642 0.00122371 0.00788333 -4.13314e-18 0.00788333)
(0.00787496 0.00344148 0.00117306 0.00787496 1.99243e-18 0.00787496)
(0.00787496 0.00344148 0.00117306 0.00787496 -5.38021e-18 0.00787496)
(0.0078601 0.0034528 0.00112324 0.0078601 -1.01845e-19 0.0078601)
(0.0078601 0.0034528 0.00112324 0.0078601 -1.23906e-18 0.0078601)
(0.00783853 0.0034603 0.00107432 0.00783853 -9.6297e-19 0.00783853)
(0.00783853 0.0034603 0.00107432 0.00783853 1.98546e-18 0.00783853)
(0.00780996 0.0034639 0.00102634 0.00780996 -4.00065e-18 0.00780996)
(0.00780996 0.0034639 0.00102634 0.00780996 3.39058e-19 0.00780996)
(0.00777405 0.00346347 0.000979356 0.00777405 -5.32412e-18 0.00777405)
(0.00777405 0.00346347 0.000979356 0.00777405 -2.33646e-18 0.00777405)
(0.00773042 0.00345888 0.00093338 0.00773042 -2.821e-18 0.00773042)
(0.00773042 0.00345888 0.00093338 0.00773042 1.97972e-18 0.00773042)
(0.00767865 0.00344997 0.000888433 0.00767865 -8.72841e-19 0.00767865)
(0.00767865 0.00344997 0.000888433 0.00767865 7.29086e-19 0.00767865)
(0.00761825 0.00343655 0.000844522 0.00761825 -2.15118e-18 0.00761825)
(0.00761825 0.00343655 0.000844522 0.00761825 -1.21431e-18 0.00761825)
(0.00754871 0.00341839 0.000801647 0.00754871 -1.08019e-18 0.00754871)
(0.00754871 0.00341839 0.000801647 0.00754871 -3.12905e-19 0.00754871)
(0.00746945 0.00339526 0.000759803 0.00746945 -8.57942e-19 0.00746945)
(0.00746945 0.00339526 0.000759803 0.00746945 2.85896e-20 0.00746945)
(0.00737984 0.00336686 0.000718979 0.00737984 1.2026e-18 0.00737984)
(0.00737984 0.00336686 0.000718979 0.00737984 2.65628e-19 0.00737984)
(0.00727923 0.00333289 0.000679158 0.00727923 1.61176e-18 0.00727923)
(0.00727923 0.00333289 0.000679158 0.00727923 3.44717e-19 0.00727923)
(0.0071669 0.003293 0.000640319 0.0071669 1.07042e-19 0.0071669)
(0.0071669 0.003293 0.000640319 0.0071669 -6.15194e-21 0.0071669)
(0.0070421 0.00324679 0.000602441 0.0070421 -1.6835e-18 0.0070421)
(0.0070421 0.00324679 0.000602441 0.0070421 -3.84964e-19 0.0070421)
(0.00690408 0.00319384 0.000565498 0.00690408 -6.13404e-19 0.00690408)
(0.00690408 0.00319384 0.000565498 0.00690408 4.97877e-19 0.00690408)
(0.00675205 0.0031337 0.000529464 0.00675205 -1.28043e-19 0.00675205)
(0.00675205 0.0031337 0.000529464 0.00675205 7.7591e-20 0.00675205)
(0.00658525 0.00306587 0.000494314 0.00658525 1.0369e-18 0.00658525)
(0.00658525 0.00306587 0.000494314 0.00658525 -2.08371e-19 0.00658525)
(0.00640295 0.00298985 0.000460025 0.00640295 2.64873e-19 0.00640295)
(0.00640295 0.00298985 0.000460025 0.00640295 -2.59393e-19 0.00640295)
(0.00620448 0.00290512 0.000426577 0.00620448 -1.51176e-19 0.00620448)
(0.00620448 0.00290512 0.000426577 0.00620448 -2.1851e-19 0.00620448)
(0.0059893 0.00281116 0.000393954 0.0059893 4.41831e-49 0.0059893)
(0.0059893 0.00281116 0.000393954 0.0059893 1.07718e-19 0.0059893)
(0.00575704 0.0027075 0.000362152 0.00575704 4.56394e-19 0.00575704)
(0.00575704 0.0027075 0.000362152 0.00575704 2.21394e-20 0.00575704)
(0.00550758 0.00259375 0.000331174 0.00550758 2.97598e-19 0.00550758)
(0.00550758 0.00259375 0.000331174 0.00550758 -2.23655e-20 0.00550758)
(0.00524112 0.00246964 0.00030104 0.00524112 1.18145e-19 0.00524112)
(0.00524112 0.00246964 0.00030104 0.00524112 -9.09872e-20 0.00524112)
(0.00495828 0.00233508 0.000271785 0.00495828 1.14396e-19 0.00495828)
(0.00495828 0.00233508 0.000271785 0.00495828 6.01864e-21 0.00495828)
(0.00466019 0.0021903 0.000243469 0.00466019 1.67277e-19 0.00466019)
(0.00466019 0.0021903 0.000243469 0.00466019 -1.39308e-20 0.00466019)
(0.00434858 0.00203584 0.000216174 0.00434858 1.71519e-19 0.00434858)
(0.00434858 0.00203584 0.000216174 0.00434858 3.59681e-21 0.00434858)
(0.00402586 0.00187277 0.00019001 0.00402586 4.26167e-20 0.00402586)
(0.00402586 0.00187277 0.00019001 0.00402586 4.59041e-20 0.00402586)
(0.00369516 0.00170267 0.000165115 0.00369516 -1.96486e-21 0.00369516)
(0.00369516 0.00170267 0.000165115 0.00369516 6.84691e-20 0.00369516)
(0.0033603 0.00152777 0.00014165 0.0033603 6.43899e-20 0.0033603)
(0.0033603 0.00152777 0.00014165 0.0033603 1.78944e-20 0.0033603)
(0.00302568 0.00135091 0.000119792 0.00302568 9.75079e-20 0.00302568)
(0.00302568 0.00135091 0.000119792 0.00302568 3.17711e-20 0.00302568)
(0.00269613 0.00117545 9.97196e-05 0.00269613 1.00406e-19 0.00269613)
(0.00269613 0.00117545 9.97196e-05 0.00269613 2.15424e-20 0.00269613)
(0.00237663 0.0010051 8.15971e-05 0.00237663 6.86458e-20 0.00237663)
(0.00237663 0.0010051 8.15971e-05 0.00237663 2.31378e-20 0.00237663)
(0.00207197 0.000843608 6.55508e-05 0.00207197 3.87143e-20 0.00207197)
(0.00207197 0.000843608 6.55508e-05 0.00207197 1.19727e-20 0.00207197)
(0.00178638 0.000694402 5.16493e-05 0.00178638 1.80263e-20 0.00178638)
(0.00178638 0.000694402 5.16493e-05 0.00178638 1.446e-20 0.00178638)
(0.0015233 0.000560239 3.98882e-05 0.0015233 1.71093e-20 0.0015233)
(0.0015233 0.000560239 3.98882e-05 0.0015233 1.56718e-20 0.0015233)
(0.00128506 0.000442929 3.0184e-05 0.00128506 1.6917e-20 0.00128506)
(0.00128506 0.000442929 3.0184e-05 0.00128506 7.98506e-21 0.00128506)
(0.00107288 0.000343194 2.23805e-05 0.00107288 1.27757e-20 0.00107288)
(0.00107288 0.000343194 2.23805e-05 0.00107288 6.59973e-21 0.00107288)
(0.000886839 0.00026071 1.62653e-05 0.000886839 1.29354e-20 0.000886839)
(0.000886839 0.00026071 1.62653e-05 0.000886839 6.82536e-21 0.000886839)
(0.000726098 0.000194284 1.15928e-05 0.000726098 1.16994e-20 0.000726098)
(0.000726098 0.000194284 1.15928e-05 0.000726098 5.07451e-21 0.000726098)
(0.000589064 0.000142123 8.10821e-06 0.000589064 7.29586e-21 0.000589064)
(0.000589064 0.000142123 8.10821e-06 0.000589064 1.89575e-21 0.000589064)
(0.00047366 0.000102123 5.56881e-06 0.00047366 5.31117e-21 0.00047366)
(0.00047366 0.000102123 5.56881e-06 0.00047366 6.78003e-22 0.00047366)
(0.000377549 7.21178e-05 3.75788e-06 0.000377549 3.90624e-21 0.000377549)
(0.000377549 7.21178e-05 3.75788e-06 0.000377549 4.8246e-22 0.000377549)
(0.000298317 5.00696e-05 2.49248e-06 0.000298317 2.60558e-21 0.000298317)
(0.000298317 5.00696e-05 2.49248e-06 0.000298317 1.98985e-22 0.000298317)
(0.000233616 3.41787e-05 1.62513e-06 0.000233616 1.63986e-21 0.000233616)
(0.000233616 3.41787e-05 1.62513e-06 0.000233616 2.39614e-22 0.000233616)
(0.000181254 2.29348e-05 1.04143e-06 0.000181254 1.09146e-21 0.000181254)
(0.000181254 2.29348e-05 1.04143e-06 0.000181254 1.93755e-22 0.000181254)
(0.000139245 1.51198e-05 6.55589e-07 0.000139245 7.19043e-22 0.000139245)
(0.000139245 1.51198e-05 6.55589e-07 0.000139245 1.27978e-22 0.000139245)
(0.000105836 9.78354e-06 4.05033e-07 0.000105836 4.46622e-22 0.000105836)
(0.000105836 9.78354e-06 4.05033e-07 0.000105836 9.24934e-23 0.000105836)
(7.95056e-05 6.20493e-06 2.45251e-07 7.95056e-05 2.83394e-22 7.95056e-05)
(7.95056e-05 6.20493e-06 2.45251e-07 7.95056e-05 7.13787e-23 7.95056e-05)
(5.89501e-05 3.84984e-06 1.45269e-07 5.89501e-05 1.66871e-22 5.89501e-05)
(5.89501e-05 3.84984e-06 1.45269e-07 5.89501e-05 4.5241e-23 5.89501e-05)
(4.30686e-05 2.33091e-06 8.39645e-08 4.30686e-05 8.75798e-23 4.30686e-05)
(4.30686e-05 2.33091e-06 8.39645e-08 4.30686e-05 2.56642e-23 4.30686e-05)
(3.09388e-05 1.37272e-06 4.72043e-08 3.09388e-05 4.76809e-23 3.09388e-05)
(3.09388e-05 1.37272e-06 4.72043e-08 3.09388e-05 1.46193e-23 3.09388e-05)
(2.17944e-05 7.83086e-07 2.57057e-08 2.17944e-05 2.72518e-23 2.17944e-05)
(2.17944e-05 7.83086e-07 2.57057e-08 2.17944e-05 8.68139e-24 2.17944e-05)
(1.50039e-05 4.30408e-07 1.3487e-08 1.50039e-05 1.41527e-23 1.50039e-05)
(1.50039e-05 4.30408e-07 1.3487e-08 1.50039e-05 5.42777e-24 1.50039e-05)
(1.00498e-05 2.26345e-07 6.77043e-09 1.00498e-05 6.90857e-24 1.00498e-05)
(1.00498e-05 2.26345e-07 6.77043e-09 1.00498e-05 3.14838e-24 1.00498e-05)
(6.51139e-06 1.12843e-07 3.22203e-09 6.51139e-06 3.11778e-24 6.51139e-06)
(6.51139e-06 1.12843e-07 3.22203e-09 6.51139e-06 1.43428e-24 6.51139e-06)
(4.0489e-06 5.26721e-08 1.43563e-09 4.0489e-06 1.34339e-24 4.0489e-06)
(4.0489e-06 5.26721e-08 1.43563e-09 4.0489e-06 6.09594e-25 4.0489e-06)
(2.38995e-06 2.2623e-08 5.88597e-10 2.38995e-06 5.59464e-25 2.38995e-06)
(2.38995e-06 2.2623e-08 5.88597e-10 2.38995e-06 2.59331e-25 2.38995e-06)
(1.31815e-06 8.72022e-09 2.16571e-10 1.31815e-06 2.0772e-25 1.31815e-06)
(1.31815e-06 8.72022e-09 2.16571e-10 1.31815e-06 9.40051e-26 1.31815e-06)
(6.63368e-07 2.90534e-09 6.88769e-11 6.63368e-07 6.64112e-26 6.63368e-07)
(6.63368e-07 2.90534e-09 6.88769e-11 6.63368e-07 3.07025e-26 6.63368e-07)
(2.93632e-07 7.89001e-10 1.78549e-11 2.93632e-07 1.73506e-26 2.93632e-07)
(2.93632e-07 7.89001e-10 1.78549e-11 2.93632e-07 8.15171e-27 2.93632e-07)
(1.08624e-07 1.59866e-10 3.45333e-12 1.08624e-07 3.30043e-27 1.08624e-07)
(1.08624e-07 1.59866e-10 3.45333e-12 1.08624e-07 1.57524e-27 1.08624e-07)
(3.54246e-08 2.37801e-11 4.90343e-13 3.54246e-08 4.61797e-28 3.54246e-08)
(3.54246e-08 2.37801e-11 4.90343e-13 3.54246e-08 2.19455e-28 3.54246e-08)
(3.29497e-08 7.27603e-12 1.01798e-13 3.29497e-08 2.81702e-28 3.29497e-08)
(3.29497e-08 7.27603e-12 1.01798e-13 3.29497e-08 3.51901e-28 3.29497e-08)
(2.04313e-07 7.70451e-12 3.53638e-14 2.04313e-07 9.72403e-28 2.04313e-07)
(2.04313e-07 7.70451e-12 3.53638e-14 2.04313e-07 3.97156e-28 2.04313e-07)
)
;

boundaryField
{
    walls
    {
        type            kqRWallFunction;
        value           nonuniform List<symmTensor> 8((2.04313e-07 -0 -0 2.04313e-07 0 2.04313e-07) (2.04313e-07 -0 0 2.04313e-07 -0 2.04313e-07) (2.04313e-07 -0 -0 2.04313e-07 0 2.04313e-07) (2.04313e-07 -0 0 2.04313e-07 -0 2.04313e-07) (2.04313e-07 0 -0 2.04313e-07 -0 2.04313e-07) (2.04313e-07 0 0 2.04313e-07 0 2.04313e-07) (2.04313e-07 0 -0 2.04313e-07 -0 2.04313e-07) (2.04313e-07 0 0 2.04313e-07 0 2.04313e-07));
    }
    inlet
    {
        type            cyclic;
    }
    outlet
    {
        type            cyclic;
    }
    sides
    {
        type            empty;
    }
}


// ************************************************************************* //
