/*--------------------------------*- C++ -*----------------------------------*\
| =========                 |                                                 |
| \\      /  F ield         | OpenFOAM: The Open Source CFD Toolbox           |
|  \\    /   O peration     | Version:  2106                                  |
|   \\  /    A nd           | Website:  www.openfoam.com                      |
|    \\/     M anipulation  |                                                 |
\*---------------------------------------------------------------------------*/
FoamFile
{
    version     2.0;
    format      ascii;
    arch        "LSB;label=32;scalar=64";
    class       volVectorField;
    location    "10010";
    object      U;
}
// * * * * * * * * * * * * * * * * * * * * * * * * * * * * * * * * * * * * * //

dimensions      [0 1 -1 0 0 0 0];

internalField   nonuniform List<vector> 
2000
(
(0.000976391 -7.64416e-16 -3.65692e-18)
(0.000976391 -1.66217e-19 2.48279e-33)
(0.00294704 -2.28853e-15 5.05738e-18)
(0.00294704 1.1043e-19 -3.37755e-21)
(0.0049541 -2.22578e-15 1.00452e-17)
(0.0049541 5.99806e-20 -3.5543e-21)
(0.00699826 -2.08171e-15 7.74213e-18)
(0.00699826 1.19934e-19 -4.68752e-21)
(0.00908019 -2.0577e-15 6.34264e-18)
(0.00908019 1.66056e-19 -6.06899e-21)
(0.0112006 -2.06913e-15 6.1577e-18)
(0.0112006 2.05262e-19 -7.88801e-21)
(0.0133602 -2.07531e-15 6.24438e-18)
(0.0133602 2.3378e-19 -9.77334e-21)
(0.0155597 -2.0766e-15 6.35147e-18)
(0.0155597 2.62187e-19 -1.14823e-20)
(0.0177998 -2.07693e-15 6.48959e-18)
(0.0177998 2.91004e-19 -1.3284e-20)
(0.0200814 -2.07727e-15 6.66366e-18)
(0.0200814 3.20236e-19 -1.57761e-20)
(0.0224051 -2.07752e-15 6.86404e-18)
(0.0224051 3.38664e-19 -1.82321e-20)
(0.0247717 -2.07767e-15 7.08541e-18)
(0.0247717 3.3703e-19 -2.04413e-20)
(0.027182 -2.07776e-15 7.32747e-18)
(0.027182 3.20665e-19 -2.23129e-20)
(0.0296369 -2.07784e-15 6.72735e-18)
(0.0296369 3.14548e-19 -2.37708e-20)
(0.0321371 -2.07791e-15 5.93673e-18)
(0.0321371 3.15226e-19 -2.62328e-20)
(0.0346835 -2.07799e-15 5.12372e-18)
(0.0346835 2.94022e-19 -2.9451e-20)
(0.0372769 -2.07805e-15 4.26564e-18)
(0.0372769 2.56307e-19 -3.19949e-20)
(0.0399182 -2.07809e-15 3.36263e-18)
(0.0399182 2.21183e-19 -3.36456e-20)
(0.0426083 -2.07812e-15 2.41361e-18)
(0.0426083 1.50273e-19 -3.60892e-20)
(0.045348 -2.07814e-15 1.41646e-18)
(0.045348 7.14563e-20 -3.82874e-20)
(0.0481382 -2.07818e-15 3.70748e-19)
(0.0481382 4.98661e-20 -3.98906e-20)
(0.05098 -2.07819e-15 -7.25398e-19)
(0.05098 5.50629e-21 -4.12001e-20)
(0.0538742 -2.07818e-15 -1.87221e-18)
(0.0538742 -8.69608e-20 -4.3273e-20)
(0.0568217 -2.07817e-15 -3.07357e-18)
(0.0568217 -1.74132e-19 -4.49895e-20)
(0.0598236 -2.07812e-15 -4.32863e-18)
(0.0598236 -2.77284e-19 -4.6482e-20)
(0.0628809 -2.07808e-15 -5.63974e-18)
(0.0628809 -3.94661e-19 -4.81965e-20)
(0.0659944 -2.07809e-15 -7.00648e-18)
(0.0659944 -5.38504e-19 -4.89863e-20)
(0.0691654 -2.07805e-15 -8.43445e-18)
(0.0691654 -7.27315e-19 -5.0255e-20)
(0.0723947 -2.07789e-15 -9.92243e-18)
(0.0723947 -9.11782e-19 -5.10201e-20)
(0.0756835 -2.07762e-15 -1.14729e-17)
(0.0756835 -1.23298e-18 -5.22233e-20)
(0.0790328 -2.07737e-15 -1.30814e-17)
(0.0790328 -1.44291e-18 -4.94609e-20)
(0.0824436 -2.07725e-15 -1.47552e-17)
(0.0824436 -1.53473e-18 -5.19351e-20)
(0.0859172 -2.07708e-15 -1.64962e-17)
(0.0859172 -1.7626e-18 -5.21262e-20)
(0.0894547 -2.07687e-15 -1.83024e-17)
(0.0894547 -2.04292e-18 -5.27658e-20)
(0.0930571 -2.07665e-15 -2.01791e-17)
(0.0930571 -2.32124e-18 -5.3624e-20)
(0.0967256 -2.07626e-15 -2.21254e-17)
(0.0967256 -2.69459e-18 -4.95221e-20)
(0.100461 -2.07577e-15 -2.41379e-17)
(0.100461 -3.11378e-18 -4.51377e-20)
(0.104266 -2.0755e-15 -2.6221e-17)
(0.104266 -3.34455e-18 -4.28351e-20)
(0.10814 -2.07535e-15 -2.8378e-17)
(0.10814 -3.57128e-18 -4.4514e-20)
(0.112085 -2.07504e-15 -3.06162e-17)
(0.112085 -3.84452e-18 -4.57075e-20)
(0.116101 -2.07462e-15 -3.29271e-17)
(0.116101 -4.18894e-18 -3.86063e-20)
(0.120192 -2.07424e-15 -3.53098e-17)
(0.120192 -4.64355e-18 -3.06999e-20)
(0.124357 -2.07376e-15 -3.77707e-17)
(0.124357 -5.12078e-18 -2.55639e-20)
(0.128598 -2.07327e-15 -4.03102e-17)
(0.128598 -5.81125e-18 -2.14486e-20)
(0.132916 -2.07276e-15 -4.29222e-17)
(0.132916 -6.4735e-18 -1.34099e-20)
(0.137312 -2.07203e-15 -4.56117e-17)
(0.137312 -7.23363e-18 -7.23631e-21)
(0.141788 -2.07141e-15 -4.83809e-17)
(0.141788 -8.27601e-18 -6.11206e-22)
(0.146346 -2.07031e-15 -5.12234e-17)
(0.146346 -8.95771e-18 2.78048e-20)
(0.150985 -2.06987e-15 -5.4124e-17)
(0.150985 -9.51948e-18 5.31401e-20)
(0.155708 -2.06953e-15 -5.71104e-17)
(0.155708 -1.03254e-17 6.0717e-20)
(0.160517 -2.06867e-15 -6.01711e-17)
(0.160517 -1.10018e-17 5.75497e-20)
(0.165411 -2.06783e-15 -6.33186e-17)
(0.165411 -1.14932e-17 6.80381e-20)
(0.170392 -2.06699e-15 -6.65235e-17)
(0.170392 -1.21809e-17 7.62748e-20)
(0.175463 -2.06613e-15 -6.98278e-17)
(0.175463 -1.3079e-17 8.80606e-20)
(0.180623 -2.0651e-15 -7.32207e-17)
(0.180623 -1.37378e-17 9.23134e-20)
(0.185874 -2.06366e-15 -7.66875e-17)
(0.185874 -1.46527e-17 9.39026e-20)
(0.191218 -2.06254e-15 -8.02177e-17)
(0.191218 -1.58488e-17 1.35362e-19)
(0.196654 -2.06136e-15 -8.38125e-17)
(0.196654 -1.69523e-17 1.70441e-19)
(0.202185 -2.05989e-15 -8.74678e-17)
(0.202185 -1.83482e-17 1.94059e-19)
(0.207812 -2.05812e-15 -9.11853e-17)
(0.207812 -1.97472e-17 2.00944e-19)
(0.213534 -2.05609e-15 -9.49647e-17)
(0.213534 -2.13466e-17 2.05935e-19)
(0.219353 -2.05456e-15 -9.87757e-17)
(0.219353 -2.24641e-17 2.48639e-19)
(0.22527 -2.05329e-15 -1.02621e-16)
(0.22527 -2.3263e-17 2.98792e-19)
(0.231284 -2.05189e-15 -1.06511e-16)
(0.231284 -2.47104e-17 3.24487e-19)
(0.237397 -2.05029e-15 -1.10473e-16)
(0.237397 -2.59732e-17 3.45029e-19)
(0.243609 -2.04799e-15 -1.14442e-16)
(0.243609 -2.74048e-17 3.84993e-19)
(0.249919 -2.04558e-15 -1.18426e-16)
(0.249919 -2.91631e-17 4.17112e-19)
(0.256328 -2.04355e-15 -1.22425e-16)
(0.256328 -3.04673e-17 4.32998e-19)
(0.262835 -2.04193e-15 -1.26415e-16)
(0.262835 -3.12818e-17 4.29036e-19)
(0.26944 -2.03999e-15 -1.29312e-16)
(0.26944 -3.26237e-17 4.47446e-19)
(0.276141 -2.03763e-15 -1.31858e-16)
(0.276141 -3.43841e-17 4.95901e-19)
(0.282938 -2.0347e-15 -1.34319e-16)
(0.282938 -3.58192e-17 5.44623e-19)
(0.289829 -2.03151e-15 -1.36713e-16)
(0.289829 -3.7898e-17 5.94361e-19)
(0.296812 -2.0284e-15 -1.39002e-16)
(0.296812 -4.09293e-17 5.79608e-19)
(0.303886 -2.02608e-15 -1.41179e-16)
(0.303886 -4.30135e-17 5.99661e-19)
(0.311047 -2.0244e-15 -1.432e-16)
(0.311047 -4.46388e-17 6.47685e-19)
(0.318294 -2.02207e-15 -1.4509e-16)
(0.318294 -4.59301e-17 6.92774e-19)
(0.325622 -2.019e-15 -1.46792e-16)
(0.325622 -4.7662e-17 7.20611e-19)
(0.33303 -2.01535e-15 -1.48419e-16)
(0.33303 -5.07791e-17 7.14704e-19)
(0.340512 -2.01158e-15 -1.49927e-16)
(0.340512 -5.31328e-17 6.76948e-19)
(0.348064 -2.00808e-15 -1.51346e-16)
(0.348064 -5.64812e-17 6.95023e-19)
(0.355683 -2.00482e-15 -1.52716e-16)
(0.355683 -5.82259e-17 8.10647e-19)
(0.363363 -2.00166e-15 -1.53943e-16)
(0.363363 -6.10631e-17 7.70193e-19)
(0.371099 -1.99808e-15 -1.5494e-16)
(0.371099 -6.40261e-17 6.28836e-19)
(0.378886 -1.99372e-15 -1.55739e-16)
(0.378886 -6.60288e-17 6.20124e-19)
(0.386719 -1.98919e-15 -1.56496e-16)
(0.386719 -6.87099e-17 7.96267e-19)
(0.394591 -1.98553e-15 -1.57185e-16)
(0.394591 -7.2485e-17 7.69198e-19)
(0.402496 -1.98165e-15 -1.57807e-16)
(0.402496 -7.6961e-17 7.37828e-19)
(0.41043 -1.97742e-15 -1.58479e-16)
(0.41043 -7.86627e-17 8.20914e-19)
(0.418385 -1.97512e-15 -1.59043e-16)
(0.418385 -7.99804e-17 8.2775e-19)
(0.426356 -1.97342e-15 -1.5926e-16)
(0.426356 -8.25808e-17 6.37761e-19)
(0.434336 -1.97027e-15 -1.59268e-16)
(0.434336 -8.48575e-17 6.726e-19)
(0.442319 -1.96545e-15 -1.59047e-16)
(0.442319 -8.84529e-17 6.267e-19)
(0.450301 -1.96091e-15 -1.5867e-16)
(0.450301 -9.26375e-17 5.01381e-19)
(0.458274 -1.95398e-15 -1.58217e-16)
(0.458274 -9.66216e-17 4.64472e-19)
(0.466234 -1.94916e-15 -1.57775e-16)
(0.466234 -1.00827e-16 5.618e-19)
(0.474175 -1.9447e-15 -1.57354e-16)
(0.474175 -1.0524e-16 5.3517e-19)
(0.482092 -1.93987e-15 -1.56803e-16)
(0.482092 -1.08553e-16 3.90483e-19)
(0.48998 -1.93427e-15 -1.5621e-16)
(0.48998 -1.11997e-16 2.13501e-19)
(0.497836 -1.92919e-15 -1.55615e-16)
(0.497836 -1.15195e-16 5.32266e-20)
(0.505654 -1.92503e-15 -1.54976e-16)
(0.505654 -1.18229e-16 -6.9516e-20)
(0.513431 -1.91773e-15 -1.54475e-16)
(0.513431 -1.21583e-16 -3.0102e-20)
(0.521164 -1.90949e-15 -1.54236e-16)
(0.521164 -1.26239e-16 -3.6664e-19)
(0.528848 -1.90182e-15 -1.5406e-16)
(0.528848 -1.31417e-16 -8.03438e-19)
(0.536482 -1.89395e-15 -1.54487e-16)
(0.536482 -1.35961e-16 -8.38051e-19)
(0.544063 -1.88711e-15 -1.5533e-16)
(0.544063 -1.41328e-16 -9.23049e-19)
(0.551589 -1.88023e-15 -1.56813e-16)
(0.551589 -1.4707e-16 -1.06024e-18)
(0.559056 -1.87811e-15 -1.58713e-16)
(0.559056 -1.50819e-16 -1.19595e-18)
(0.566465 -1.87243e-15 -1.60234e-16)
(0.566465 -1.50438e-16 -1.6216e-18)
(0.573812 -1.86886e-15 -1.61843e-16)
(0.573812 -1.5263e-16 -1.53408e-18)
(0.581098 -1.86237e-15 -1.63658e-16)
(0.581098 -1.55381e-16 -1.52534e-18)
(0.58832 -1.85786e-15 -1.65497e-16)
(0.58832 -1.59891e-16 -1.52152e-18)
(0.595479 -1.85313e-15 -1.67401e-16)
(0.595479 -1.63235e-16 -1.39517e-18)
(0.602574 -1.8467e-15 -1.68978e-16)
(0.602574 -1.6867e-16 -1.511e-18)
(0.609603 -1.83899e-15 -1.70254e-16)
(0.609603 -1.74831e-16 -1.63587e-18)
(0.616568 -1.83087e-15 -1.71189e-16)
(0.616568 -1.79024e-16 -1.88809e-18)
(0.623468 -1.82363e-15 -1.72151e-16)
(0.623468 -1.8448e-16 -1.83081e-18)
(0.630303 -1.81304e-15 -1.72781e-16)
(0.630303 -1.92086e-16 -1.96815e-18)
(0.637074 -1.79933e-15 -1.73424e-16)
(0.637074 -2.02133e-16 -2.22245e-18)
(0.64378 -1.78447e-15 -1.73729e-16)
(0.64378 -2.09472e-16 -2.52759e-18)
(0.650421 -1.7723e-15 -1.7418e-16)
(0.650421 -2.15772e-16 -2.6843e-18)
(0.657 -1.76098e-15 -1.74604e-16)
(0.657 -2.25197e-16 -2.81514e-18)
(0.663516 -1.75163e-15 -1.75179e-16)
(0.663516 -2.30913e-16 -2.97596e-18)
(0.669969 -1.74805e-15 -1.7518e-16)
(0.669969 -2.35101e-16 -3.32388e-18)
(0.676361 -1.7404e-15 -1.749e-16)
(0.676361 -2.37592e-16 -3.75186e-18)
(0.682692 -1.73033e-15 -1.74892e-16)
(0.682692 -2.45416e-16 -3.86281e-18)
(0.688963 -1.7215e-15 -1.75356e-16)
(0.688963 -2.54309e-16 -3.80212e-18)
(0.695175 -1.70864e-15 -1.76176e-16)
(0.695175 -2.6187e-16 -3.72671e-18)
(0.701329 -1.69933e-15 -1.77953e-16)
(0.701329 -2.75659e-16 -3.80505e-18)
(0.707426 -1.69266e-15 -1.79557e-16)
(0.707426 -2.83375e-16 -3.82521e-18)
(0.713466 -1.68557e-15 -1.81505e-16)
(0.713466 -2.92286e-16 -3.73903e-18)
(0.719451 -1.6724e-15 -1.83138e-16)
(0.719451 -3.03306e-16 -3.76376e-18)
(0.725382 -1.65692e-15 -1.85266e-16)
(0.725382 -3.14553e-16 -4.18224e-18)
(0.731259 -1.64628e-15 -1.87024e-16)
(0.731259 -3.2426e-16 -4.3139e-18)
(0.737083 -1.63281e-15 -1.88825e-16)
(0.737083 -3.33688e-16 -4.47728e-18)
(0.742856 -1.62139e-15 -1.90815e-16)
(0.742856 -3.45921e-16 -4.43052e-18)
(0.748578 -1.60918e-15 -1.92416e-16)
(0.748578 -3.56459e-16 -5.14812e-18)
(0.754251 -1.59372e-15 -1.93606e-16)
(0.754251 -3.69198e-16 -5.56774e-18)
(0.759875 -1.58118e-15 -1.95135e-16)
(0.759875 -3.79217e-16 -5.46834e-18)
(0.765451 -1.56945e-15 -1.95501e-16)
(0.765451 -3.90594e-16 -6.17769e-18)
(0.77098 -1.55755e-15 -1.94906e-16)
(0.77098 -3.98934e-16 -7.21404e-18)
(0.776464 -1.54393e-15 -1.94094e-16)
(0.776464 -4.09087e-16 -7.13845e-18)
(0.781903 -1.52926e-15 -1.93528e-16)
(0.781903 -4.25929e-16 -6.66347e-18)
(0.787297 -1.51533e-15 -1.92752e-16)
(0.787297 -4.37516e-16 -3.97694e-18)
(0.792648 -1.5006e-15 -1.91793e-16)
(0.792648 -4.47724e-16 5.21446e-19)
(0.797957 -1.48273e-15 -1.90792e-16)
(0.797957 -4.58167e-16 5.34301e-18)
(0.803225 -1.46526e-15 -1.90619e-16)
(0.803225 -4.7159e-16 1.03589e-17)
(0.808452 -1.45308e-15 -1.90396e-16)
(0.808452 -4.81221e-16 1.3614e-17)
(0.813639 -1.43946e-15 -1.89553e-16)
(0.813639 -4.83136e-16 1.77385e-17)
(0.818787 -1.41643e-15 -1.87283e-16)
(0.818787 -4.92874e-16 1.99662e-17)
(0.823897 -1.39187e-15 -1.86225e-16)
(0.823897 -5.02586e-16 1.68587e-17)
(0.82897 -1.37522e-15 -1.83811e-16)
(0.82897 -5.10188e-16 1.27232e-17)
(0.834005 -1.36731e-15 -1.81114e-16)
(0.834005 -5.1959e-16 8.74217e-18)
(0.839005 -1.35705e-15 -1.73333e-16)
(0.839005 -5.28817e-16 3.42552e-18)
(0.843969 -1.34206e-15 -1.66933e-16)
(0.843969 -5.34373e-16 2.3347e-19)
(0.848899 -1.32715e-15 -1.61421e-16)
(0.848899 -5.41738e-16 -3.13434e-18)
(0.853795 -1.30435e-15 -1.61628e-16)
(0.853795 -5.47976e-16 -7.57419e-18)
(0.858658 -1.28605e-15 -1.6245e-16)
(0.858658 -5.54662e-16 -1.3046e-17)
(0.863488 -1.27349e-15 -1.62894e-16)
(0.863488 -5.62516e-16 -1.92235e-17)
(0.868286 -1.25827e-15 -1.62035e-16)
(0.868286 -5.63081e-16 -2.59278e-17)
(0.873052 -1.24066e-15 -1.59312e-16)
(0.873052 -5.76769e-16 -3.16029e-17)
(0.877788 -1.21977e-15 -1.54095e-16)
(0.877788 -5.81959e-16 -3.74167e-17)
(0.882494 -1.19671e-15 -1.51748e-16)
(0.882494 -5.90329e-16 -4.20923e-17)
(0.887169 -1.17918e-15 -1.49438e-16)
(0.887169 -5.95329e-16 -4.48625e-17)
(0.891816 -1.16889e-15 -1.46972e-16)
(0.891816 -5.86404e-16 -4.85286e-17)
(0.896433 -1.15689e-15 -1.45312e-16)
(0.896433 -5.92503e-16 -5.49364e-17)
(0.901023 -1.14111e-15 -1.44611e-16)
(0.901023 -5.96295e-16 -6.02546e-17)
(0.905584 -1.12582e-15 -1.44362e-16)
(0.905584 -5.96656e-16 -6.59662e-17)
(0.910118 -1.10574e-15 -1.44027e-16)
(0.910118 -6.0176e-16 -6.88342e-17)
(0.914626 -1.08423e-15 -1.48171e-16)
(0.914626 -6.06395e-16 -7.15214e-17)
(0.919107 -1.07208e-15 -1.54202e-16)
(0.919107 -6.10992e-16 -7.3474e-17)
(0.923561 -1.05086e-15 -1.57316e-16)
(0.923561 -6.10862e-16 -7.53751e-17)
(0.92799 -1.03127e-15 -1.58063e-16)
(0.92799 -6.06752e-16 -7.89665e-17)
(0.932394 -1.02309e-15 -1.54776e-16)
(0.932394 -5.95801e-16 -8.32615e-17)
(0.936772 -1.011e-15 -1.51932e-16)
(0.936772 -5.86492e-16 -8.58904e-17)
(0.941126 -9.97118e-16 -1.46219e-16)
(0.941126 -5.90969e-16 -8.75159e-17)
(0.945455 -9.78335e-16 -1.41478e-16)
(0.945455 -6.0395e-16 -8.55461e-17)
(0.94976 -9.61285e-16 -1.36636e-16)
(0.94976 -5.99784e-16 -8.25602e-17)
(0.95404 -9.50917e-16 -1.31199e-16)
(0.95404 -6.03347e-16 -7.71974e-17)
(0.958298 -9.40194e-16 -1.26858e-16)
(0.958298 -5.98052e-16 -7.31889e-17)
(0.962531 -9.20936e-16 -1.19393e-16)
(0.962531 -6.00491e-16 -7.23381e-17)
(0.966742 -8.81142e-16 -1.15246e-16)
(0.966742 -6.1365e-16 -7.51853e-17)
(0.970929 -8.62879e-16 -1.1582e-16)
(0.970929 -6.03092e-16 -7.79868e-17)
(0.975094 -8.31033e-16 -1.12411e-16)
(0.975094 -5.99262e-16 -8.22915e-17)
(0.979235 -8.29466e-16 -1.11832e-16)
(0.979235 -6.00949e-16 -9.23507e-17)
(0.983354 -8.14881e-16 -1.08621e-16)
(0.983354 -6.12742e-16 -9.67439e-17)
(0.98745 -8.06952e-16 -1.14427e-16)
(0.98745 -6.33033e-16 -9.74955e-17)
(0.991523 -7.91074e-16 -1.14814e-16)
(0.991523 -6.55569e-16 -9.53414e-17)
(0.995575 -7.75404e-16 -1.19496e-16)
(0.995575 -6.5739e-16 -9.67811e-17)
(0.999603 -7.65226e-16 -1.25313e-16)
(0.999603 -6.52589e-16 -1.00421e-16)
(1.00361 -7.52781e-16 -1.32649e-16)
(1.00361 -6.65051e-16 -1.05392e-16)
(1.00759 -7.50011e-16 -1.36484e-16)
(1.00759 -6.74983e-16 -1.12992e-16)
(1.01155 -7.38691e-16 -1.38389e-16)
(1.01155 -6.75094e-16 -1.04756e-16)
(1.01549 -7.25507e-16 -1.42749e-16)
(1.01549 -6.89216e-16 -1.06001e-16)
(1.01941 -7.19334e-16 -1.46013e-16)
(1.01941 -6.9706e-16 -9.46045e-17)
(1.0233 -7.07371e-16 -1.47113e-16)
(1.0233 -6.97641e-16 -9.49689e-17)
(1.02717 -7.15887e-16 -1.47334e-16)
(1.02717 -7.02161e-16 -8.85093e-17)
(1.03102 -7.19886e-16 -1.43969e-16)
(1.03102 -6.93807e-16 -9.27674e-17)
(1.03484 -6.91108e-16 -1.34639e-16)
(1.03484 -6.65293e-16 -9.57408e-17)
(1.03864 -7.19185e-16 -1.30344e-16)
(1.03864 -6.54378e-16 -9.67553e-17)
(1.04242 -6.93827e-16 -1.20716e-16)
(1.04242 -6.34934e-16 -1.03161e-16)
(1.04617 -6.83217e-16 -1.06395e-16)
(1.04617 -6.22468e-16 -9.78283e-17)
(1.04989 -6.65818e-16 -9.55679e-17)
(1.04989 -6.21589e-16 -1.05243e-16)
(1.0536 -6.5683e-16 -8.16339e-17)
(1.0536 -6.164e-16 -1.17891e-16)
(1.05727 -6.15386e-16 -7.6422e-17)
(1.05727 -6.28379e-16 -1.23496e-16)
(1.06092 -5.93565e-16 -7.60947e-17)
(1.06092 -5.68155e-16 -1.15522e-16)
(1.06455 -5.64948e-16 -6.68607e-17)
(1.06455 -5.92898e-16 -1.17879e-16)
(1.06814 -5.46767e-16 -8.25357e-17)
(1.06814 -6.09934e-16 -1.09222e-16)
(1.07171 -5.44193e-16 -8.55642e-17)
(1.07171 -5.3576e-16 -1.07466e-16)
(1.07525 -5.11625e-16 -8.56956e-17)
(1.07525 -5.16386e-16 -1.18152e-16)
(1.07877 -5.07529e-16 -8.45098e-17)
(1.07877 -4.85185e-16 -1.14605e-16)
(1.08225 -4.91873e-16 -8.92376e-17)
(1.08225 -5.08034e-16 -1.11684e-16)
(1.0857 -5.47501e-16 -1.00344e-16)
(1.0857 -5.40756e-16 -9.67141e-17)
(1.08912 -5.2908e-16 -1.04411e-16)
(1.08912 -5.2712e-16 -8.7716e-17)
(1.09251 -5.32952e-16 -1.39461e-16)
(1.09251 -5.61238e-16 -1.02089e-16)
(1.09586 -5.4416e-16 -1.74068e-16)
(1.09586 -5.40164e-16 -9.45499e-17)
(1.09919 -5.44169e-16 -1.79576e-16)
(1.09919 -5.1515e-16 -7.91233e-17)
(1.10247 -5.4777e-16 -1.63871e-16)
(1.10247 -5.33521e-16 -6.8381e-17)
(1.10572 -5.26466e-16 -1.51527e-16)
(1.10572 -5.28275e-16 -7.84216e-17)
(1.10892 -4.9155e-16 -1.58582e-16)
(1.10892 -5.38097e-16 -7.8256e-17)
(1.11209 -5.275e-16 -1.31459e-16)
(1.11209 -5.4507e-16 -7.22227e-17)
(1.11522 -5.1866e-16 -1.30972e-16)
(1.11522 -5.0143e-16 -8.63327e-17)
(1.1183 -5.10762e-16 -1.30291e-16)
(1.1183 -4.8592e-16 -9.54058e-17)
(1.12134 -5.49503e-16 -1.02782e-16)
(1.12134 -5.00665e-16 -9.91449e-17)
(1.12433 -5.24556e-16 -8.94847e-17)
(1.12433 -5.00436e-16 -1.01072e-16)
(1.12727 -5.089e-16 -8.42274e-17)
(1.12727 -5.43343e-16 -8.87075e-17)
(1.13016 -4.86535e-16 -9.63241e-17)
(1.13016 -5.07577e-16 -8.65104e-17)
(1.13299 -4.86447e-16 -1.08758e-16)
(1.13299 -4.81738e-16 -7.40657e-17)
(1.13577 -4.69421e-16 -1.2641e-16)
(1.13577 -5.26147e-16 -5.28251e-17)
(1.13849 -4.86709e-16 -1.23841e-16)
(1.13849 -5.19699e-16 -5.01998e-17)
(1.14114 -4.48007e-16 -1.31643e-16)
(1.14114 -5.02566e-16 -5.33771e-17)
(1.14372 -4.26477e-16 -1.55014e-16)
(1.14372 -5.20299e-16 -6.24672e-17)
(1.14623 -4.33956e-16 -1.7032e-16)
(1.14623 -5.18659e-16 -6.76168e-17)
(1.14867 -4.28643e-16 -1.64723e-16)
(1.14867 -4.80431e-16 -7.01327e-17)
(1.15103 -4.47844e-16 -1.25757e-16)
(1.15103 -5.03725e-16 -6.16198e-17)
(1.1533 -5.04656e-16 -1.62778e-16)
(1.1533 -4.94109e-16 -3.73647e-17)
(1.15548 -4.45752e-16 -1.63374e-16)
(1.15548 -4.58354e-16 -7.0777e-17)
(1.15756 -4.82853e-16 -1.16734e-16)
(1.15756 -4.41231e-16 -5.28566e-17)
(1.15954 -5.0007e-16 -1.26038e-16)
(1.15954 -4.39594e-16 -4.64516e-17)
(1.16141 -5.07881e-16 -1.47153e-16)
(1.16141 -4.54294e-16 -7.42297e-17)
(1.16316 -4.75876e-16 -1.48229e-16)
(1.16316 -4.23154e-16 -8.6924e-17)
(1.16478 -5.1511e-16 -9.40647e-17)
(1.16478 -3.83605e-16 -6.91536e-17)
(1.16627 -4.42978e-16 -5.65107e-17)
(1.16627 -3.9357e-16 -5.97478e-17)
(1.16761 -3.59708e-16 -7.19858e-17)
(1.16761 -3.45731e-16 -2.88905e-17)
(1.16879 -2.89119e-16 -1.05094e-16)
(1.16879 -3.43631e-16 5.69603e-18)
(1.16981 -2.94284e-16 -1.26724e-16)
(1.16981 -3.66949e-16 8.84696e-18)
(1.17065 -4.03812e-16 -1.79182e-16)
(1.17065 -3.19168e-16 -7.89649e-18)
(1.1713 -3.56284e-16 -1.56575e-16)
(1.1713 -2.59767e-16 -3.03757e-17)
(1.17175 -2.91139e-16 -7.9948e-17)
(1.17175 -2.8366e-16 -5.4151e-17)
(1.17197 -2.4978e-16 -4.46829e-17)
(1.17197 -2.79201e-16 -6.1964e-17)
(0.000976391 -4.83703e-20 -2.32222e-19)
(0.000976391 6.17424e-21 2.57776e-18)
(0.00294704 6.98936e-20 -2.90319e-18)
(0.00294704 2.02005e-20 9.34222e-18)
(0.0049541 5.14895e-20 -3.00985e-18)
(0.0049541 4.81866e-20 9.68859e-18)
(0.00699826 9.62345e-20 -3.11856e-18)
(0.00699826 7.70885e-20 1.00438e-17)
(0.00908019 1.29441e-19 -3.22926e-18)
(0.00908019 1.07874e-19 1.04077e-17)
(0.0112006 1.6427e-19 -3.34178e-18)
(0.0112006 1.45327e-19 1.07802e-17)
(0.0133602 1.94963e-19 -3.45604e-18)
(0.0133602 1.90691e-19 1.11612e-17)
(0.0155597 2.2774e-19 -3.57201e-18)
(0.0155597 2.3496e-19 1.15508e-17)
(0.0177998 2.53315e-19 -3.68946e-18)
(0.0177998 2.85895e-19 1.1949e-17)
(0.0200814 2.763e-19 -3.80816e-18)
(0.0200814 3.37045e-19 1.23554e-17)
(0.0224051 3.15013e-19 -3.92812e-18)
(0.0224051 3.67434e-19 1.27701e-17)
(0.0247717 3.62629e-19 -4.0487e-18)
(0.0247717 3.94097e-19 1.31928e-17)
(0.027182 3.9754e-19 -4.16969e-18)
(0.027182 4.21969e-19 1.36235e-17)
(0.0296369 3.97094e-19 -4.29108e-18)
(0.0296369 4.71557e-19 1.40622e-17)
(0.0321371 3.86078e-19 -4.41375e-18)
(0.0321371 5.56224e-19 1.45088e-17)
(0.0346835 3.94118e-19 -4.53766e-18)
(0.0346835 6.6387e-19 1.49637e-17)
(0.0372769 4.11607e-19 -4.66211e-18)
(0.0372769 7.59318e-19 1.54265e-17)
(0.0399182 4.35965e-19 -4.78731e-18)
(0.0399182 8.32499e-19 1.58975e-17)
(0.0426083 4.56078e-19 -4.91166e-18)
(0.0426083 8.93185e-19 1.63755e-17)
(0.045348 4.84028e-19 -5.03532e-18)
(0.045348 9.47758e-19 1.68607e-17)
(0.0481382 5.30671e-19 -5.15824e-18)
(0.0481382 1.00811e-18 1.7353e-17)
(0.05098 5.41501e-19 -5.27889e-18)
(0.05098 1.06386e-18 1.78508e-17)
(0.0538742 5.46171e-19 -5.39717e-18)
(0.0538742 1.10862e-18 1.83538e-17)
(0.0568217 5.80611e-19 -5.51158e-18)
(0.0568217 1.17303e-18 1.88617e-17)
(0.0598236 6.22635e-19 -5.62336e-18)
(0.0598236 1.22832e-18 1.93748e-17)
(0.0628809 6.44069e-19 -5.73019e-18)
(0.0628809 1.23289e-18 1.98904e-17)
(0.0659944 6.66931e-19 -5.83129e-18)
(0.0659944 1.29318e-18 2.04088e-17)
(0.0691654 6.87202e-19 -5.92808e-18)
(0.0691654 1.40653e-18 2.09311e-17)
(0.0723947 7.50465e-19 -6.02098e-18)
(0.0723947 1.4657e-18 2.14573e-17)
(0.0756835 8.16748e-19 -6.10485e-18)
(0.0756835 1.49759e-18 2.19839e-17)
(0.0790328 8.0726e-19 -6.18415e-18)
(0.0790328 1.54357e-18 2.25144e-17)
(0.0824436 7.37145e-19 -6.25781e-18)
(0.0824436 1.64386e-18 2.30434e-17)
(0.0859172 6.6558e-19 -6.32813e-18)
(0.0859172 1.6634e-18 2.35736e-17)
(0.0894547 6.35577e-19 -6.38995e-18)
(0.0894547 1.63804e-18 2.41013e-17)
(0.0930571 5.81464e-19 -6.44668e-18)
(0.0930571 1.78087e-18 2.46292e-17)
(0.0967256 5.41317e-19 -6.49579e-18)
(0.0967256 1.84446e-18 2.51546e-17)
(0.100461 5.64006e-19 -6.53786e-18)
(0.100461 1.88884e-18 2.56787e-17)
(0.104266 6.01256e-19 -6.57004e-18)
(0.104266 1.98852e-18 2.61985e-17)
(0.10814 5.36049e-19 -6.59118e-18)
(0.10814 2.02572e-18 2.67121e-17)
(0.112085 3.90646e-19 -6.60459e-18)
(0.112085 2.16599e-18 2.72197e-17)
(0.116101 2.56615e-19 -6.60678e-18)
(0.116101 2.39861e-18 2.77208e-17)
(0.120192 1.42554e-19 -6.59559e-18)
(0.120192 2.37811e-18 2.82151e-17)
(0.124357 5.66185e-20 -6.57201e-18)
(0.124357 2.4665e-18 2.87e-17)
(0.128598 -4.45497e-20 -6.53658e-18)
(0.128598 2.60214e-18 2.91743e-17)
(0.132916 -1.23059e-19 -6.48567e-18)
(0.132916 2.8354e-18 2.9636e-17)
(0.137312 -3.79717e-19 -6.41478e-18)
(0.137312 3.32248e-18 3.00816e-17)
(0.141788 -7.41357e-19 -6.34006e-18)
(0.141788 3.37244e-18 3.05167e-17)
(0.146346 -8.54888e-19 -6.24725e-18)
(0.146346 3.45715e-18 3.0941e-17)
(0.150985 -8.99177e-19 -6.13645e-18)
(0.150985 3.72605e-18 3.1346e-17)
(0.155708 -1.06314e-18 -6.00312e-18)
(0.155708 3.61838e-18 3.17298e-17)
(0.160517 -1.20688e-18 -5.85387e-18)
(0.160517 3.48349e-18 3.20908e-17)
(0.165411 -1.25495e-18 -5.68297e-18)
(0.165411 3.63403e-18 3.24291e-17)
(0.170392 -1.46115e-18 -5.48188e-18)
(0.170392 3.57965e-18 3.27356e-17)
(0.175463 -1.73697e-18 -5.268e-18)
(0.175463 3.53639e-18 3.30348e-17)
(0.180623 -1.82676e-18 -5.03501e-18)
(0.180623 3.79445e-18 3.3314e-17)
(0.185874 -1.93557e-18 -4.78092e-18)
(0.185874 3.77555e-18 3.35569e-17)
(0.191218 -2.14559e-18 -4.50864e-18)
(0.191218 3.79752e-18 3.3786e-17)
(0.196654 -2.19382e-18 -4.19888e-18)
(0.196654 3.95697e-18 3.39823e-17)
(0.202185 -2.36563e-18 -3.85356e-18)
(0.202185 4.14874e-18 3.41465e-17)
(0.207812 -2.68234e-18 -3.4839e-18)
(0.207812 4.29155e-18 3.42751e-17)
(0.213534 -2.83485e-18 -3.08003e-18)
(0.213534 4.42068e-18 3.4352e-17)
(0.219353 -2.97367e-18 -2.64376e-18)
(0.219353 4.72916e-18 3.43933e-17)
(0.22527 -3.29396e-18 -2.17394e-18)
(0.22527 5.05776e-18 3.43994e-17)
(0.231284 -3.72052e-18 -1.69297e-18)
(0.231284 5.63693e-18 3.4378e-17)
(0.237397 -4.09145e-18 -1.194e-18)
(0.237397 5.6416e-18 3.43212e-17)
(0.243609 -4.27029e-18 -6.56961e-19)
(0.243609 5.46691e-18 3.42186e-17)
(0.249919 -4.367e-18 -5.83014e-20)
(0.249919 5.68356e-18 3.40695e-17)
(0.256328 -4.83693e-18 5.70846e-19)
(0.256328 5.45085e-18 3.3887e-17)
(0.262835 -5.36277e-18 1.22744e-18)
(0.262835 4.46487e-18 3.36512e-17)
(0.26944 -6.00739e-18 1.92617e-18)
(0.26944 4.28958e-18 3.33456e-17)
(0.276141 -6.63591e-18 2.64613e-18)
(0.276141 4.47353e-18 3.29932e-17)
(0.282938 -7.02356e-18 3.39067e-18)
(0.282938 3.62647e-18 3.25909e-17)
(0.289829 -7.81631e-18 4.14042e-18)
(0.289829 3.5867e-18 3.21627e-17)
(0.296812 -8.8933e-18 4.87425e-18)
(0.296812 3.29147e-18 3.17033e-17)
(0.303886 -1.01651e-17 5.57906e-18)
(0.303886 2.95852e-18 3.12213e-17)
(0.311047 -1.18844e-17 6.29121e-18)
(0.311047 3.65912e-18 3.07119e-17)
(0.318294 -1.2871e-17 6.98041e-18)
(0.318294 4.87599e-18 3.01804e-17)
(0.325622 -1.32376e-17 7.73115e-18)
(0.325622 4.51469e-18 2.95759e-17)
(0.33303 -1.39123e-17 8.45175e-18)
(0.33303 3.60187e-18 2.90207e-17)
(0.340512 -1.43582e-17 9.15343e-18)
(0.340512 4.16311e-18 2.84864e-17)
(0.348064 -1.46535e-17 9.88837e-18)
(0.348064 3.88384e-18 2.79518e-17)
(0.355683 -1.49246e-17 1.06569e-17)
(0.355683 3.524e-18 2.7456e-17)
(0.363363 -1.53709e-17 1.1386e-17)
(0.363363 3.17707e-18 2.70078e-17)
(0.371099 -1.58825e-17 1.2041e-17)
(0.371099 2.38253e-18 2.66043e-17)
(0.378886 -1.60182e-17 1.26155e-17)
(0.378886 2.36295e-18 2.62046e-17)
(0.386719 -1.63107e-17 1.31952e-17)
(0.386719 2.80594e-18 2.58948e-17)
(0.394591 -1.60859e-17 1.37992e-17)
(0.394591 2.32524e-18 2.56003e-17)
(0.402496 -1.55284e-17 1.43423e-17)
(0.402496 2.07465e-18 2.54813e-17)
(0.41043 -1.61872e-17 1.49019e-17)
(0.41043 2.39939e-18 2.54295e-17)
(0.418385 -1.76027e-17 1.53792e-17)
(0.418385 1.80164e-18 2.54523e-17)
(0.426356 -1.92662e-17 1.579e-17)
(0.426356 8.00505e-19 2.53668e-17)
(0.434336 -2.09453e-17 1.61516e-17)
(0.434336 1.23661e-18 2.53157e-17)
(0.442319 -2.26256e-17 1.64831e-17)
(0.442319 7.59209e-19 2.52115e-17)
(0.450301 -2.38567e-17 1.66877e-17)
(0.450301 -4.51844e-19 2.51272e-17)
(0.458274 -2.38515e-17 1.68784e-17)
(0.458274 6.93417e-19 2.51078e-17)
(0.466234 -2.31937e-17 1.71246e-17)
(0.466234 1.45685e-18 2.51314e-17)
(0.474175 -2.30561e-17 1.74182e-17)
(0.474175 -1.06e-18 2.51746e-17)
(0.482092 -2.34185e-17 1.76418e-17)
(0.482092 -2.344e-18 2.52479e-17)
(0.48998 -2.37424e-17 1.78293e-17)
(0.48998 -2.53217e-18 2.52957e-17)
(0.497836 -2.50402e-17 1.78418e-17)
(0.497836 -4.24633e-18 2.55074e-17)
(0.505654 -2.73541e-17 1.77409e-17)
(0.505654 -3.3403e-18 2.57559e-17)
(0.513431 -3.03898e-17 1.75276e-17)
(0.513431 -2.94394e-18 2.61832e-17)
(0.521164 -3.1544e-17 1.71898e-17)
(0.521164 -5.50049e-18 2.66249e-17)
(0.528848 -2.99952e-17 1.67075e-17)
(0.528848 -5.35537e-18 2.72478e-17)
(0.536482 -3.00949e-17 1.65247e-17)
(0.536482 -3.06737e-18 2.80532e-17)
(0.544063 -3.16493e-17 1.6154e-17)
(0.544063 -3.33871e-18 2.91257e-17)
(0.551589 -3.19449e-17 1.58829e-17)
(0.551589 -2.78679e-18 3.05431e-17)
(0.559056 -3.14665e-17 1.56711e-17)
(0.559056 8.96873e-19 3.23305e-17)
(0.566465 -3.36528e-17 1.54606e-17)
(0.566465 4.65108e-18 3.39855e-17)
(0.573812 -3.74816e-17 1.4979e-17)
(0.573812 7.25021e-18 3.57957e-17)
(0.581098 -3.81938e-17 1.41027e-17)
(0.581098 1.16583e-17 3.78405e-17)
(0.58832 -3.68422e-17 1.31345e-17)
(0.58832 1.43877e-17 4.0128e-17)
(0.595479 -3.54298e-17 1.21913e-17)
(0.595479 1.34329e-17 4.24298e-17)
(0.602574 -3.51005e-17 1.13652e-17)
(0.602574 1.27928e-17 4.46151e-17)
(0.609603 -3.43826e-17 1.04093e-17)
(0.609603 1.15882e-17 4.67747e-17)
(0.616568 -3.15958e-17 9.51209e-18)
(0.616568 1.07945e-17 4.88547e-17)
(0.623468 -3.03877e-17 8.72119e-18)
(0.623468 1.2812e-17 5.1088e-17)
(0.630303 -3.38065e-17 7.6527e-18)
(0.630303 1.27994e-17 5.34795e-17)
(0.637074 -3.82318e-17 6.07278e-18)
(0.637074 1.32644e-17 5.60887e-17)
(0.64378 -3.85722e-17 4.39722e-18)
(0.64378 1.39665e-17 5.85472e-17)
(0.650421 -3.83898e-17 3.01447e-18)
(0.650421 1.38972e-17 6.06091e-17)
(0.657 -3.69886e-17 2.20885e-18)
(0.657 1.38927e-17 6.21048e-17)
(0.663516 -3.52046e-17 1.77104e-18)
(0.663516 1.26746e-17 6.32529e-17)
(0.669969 -3.39204e-17 1.3037e-18)
(0.669969 8.22995e-18 6.40529e-17)
(0.676361 -3.40372e-17 1.82836e-18)
(0.676361 6.69178e-18 6.37901e-17)
(0.682692 -3.46147e-17 2.26308e-18)
(0.682692 5.21028e-18 6.32697e-17)
(0.688963 -3.3411e-17 3.13632e-18)
(0.688963 2.45483e-18 6.24077e-17)
(0.695175 -3.35373e-17 4.00974e-18)
(0.695175 9.07794e-18 6.14903e-17)
(0.701329 -3.52543e-17 4.67057e-18)
(0.701329 1.44064e-17 6.07396e-17)
(0.707426 -3.52669e-17 4.93213e-18)
(0.707426 1.60933e-17 6.03529e-17)
(0.713466 -3.36275e-17 4.68105e-18)
(0.713466 1.83672e-17 6.04545e-17)
(0.719451 -3.23853e-17 4.64848e-18)
(0.719451 1.98482e-17 6.02795e-17)
(0.725382 -3.04244e-17 5.06667e-18)
(0.725382 1.93607e-17 5.93761e-17)
(0.731259 -2.97075e-17 5.95225e-18)
(0.731259 1.71874e-17 5.81491e-17)
(0.737083 -2.84621e-17 7.0414e-18)
(0.737083 2.07542e-17 5.70279e-17)
(0.742856 -2.95292e-17 7.66522e-18)
(0.742856 2.42898e-17 5.6714e-17)
(0.748578 -3.19969e-17 8.98421e-18)
(0.748578 2.29358e-17 5.53408e-17)
(0.754251 -3.25825e-17 1.04826e-17)
(0.754251 2.44645e-17 5.36766e-17)
(0.759875 -3.24667e-17 1.19712e-17)
(0.759875 2.60626e-17 5.23862e-17)
(0.765451 -3.53321e-17 1.27241e-17)
(0.765451 1.79978e-17 5.08231e-17)
(0.77098 -3.99069e-17 1.40381e-17)
(0.77098 1.53817e-17 4.74404e-17)
(0.776464 -4.10935e-17 1.53555e-17)
(0.776464 1.75055e-17 4.37174e-17)
(0.781903 -3.82783e-17 1.58594e-17)
(0.781903 1.67382e-17 3.78598e-17)
(0.787297 -3.62017e-17 1.61303e-17)
(0.787297 1.81396e-17 3.10008e-17)
(0.792648 -3.6083e-17 1.64433e-17)
(0.792648 1.58491e-17 2.32755e-17)
(0.797957 -4.04717e-17 1.68602e-17)
(0.797957 1.57868e-17 1.59568e-17)
(0.803225 -5.09995e-17 1.66746e-17)
(0.803225 1.76813e-17 1.02929e-17)
(0.808452 -5.73827e-17 1.64541e-17)
(0.808452 1.79565e-17 3.02293e-18)
(0.813639 -5.88101e-17 1.68061e-17)
(0.813639 1.94263e-17 -8.80752e-19)
(0.818787 -6.7531e-17 1.74471e-17)
(0.818787 1.05314e-17 2.27149e-18)
(0.823897 -7.88333e-17 1.53886e-17)
(0.823897 7.00419e-18 5.30953e-18)
(0.82897 -7.81138e-17 1.36544e-17)
(0.82897 1.4126e-17 4.51702e-18)
(0.834005 -6.90642e-17 1.30308e-17)
(0.834005 1.60343e-17 1.10613e-18)
(0.839005 -6.18612e-17 1.45097e-17)
(0.839005 1.63447e-17 2.11837e-18)
(0.843969 -6.4632e-17 1.47854e-17)
(0.843969 1.83107e-17 4.90562e-18)
(0.848899 -6.79585e-17 1.42229e-17)
(0.848899 6.28856e-18 6.26493e-18)
(0.853795 -6.98319e-17 1.59287e-17)
(0.853795 5.50006e-18 3.33055e-18)
(0.858658 -7.14764e-17 1.81632e-17)
(0.858658 1.63966e-18 1.35791e-18)
(0.863488 -7.18057e-17 1.96686e-17)
(0.863488 -1.23612e-17 4.10157e-18)
(0.868286 -6.95511e-17 2.13649e-17)
(0.868286 -1.43875e-17 2.2115e-18)
(0.873052 -5.95282e-17 2.37903e-17)
(0.873052 -1.17495e-17 3.03057e-19)
(0.877788 -5.65808e-17 2.86452e-17)
(0.877788 -2.4877e-17 3.12759e-18)
(0.882494 -5.89168e-17 3.06055e-17)
(0.882494 -2.83518e-17 6.88636e-18)
(0.887169 -5.55446e-17 3.25369e-17)
(0.887169 -1.90833e-17 7.07282e-18)
(0.891816 -5.67356e-17 3.40128e-17)
(0.891816 -2.46348e-17 3.58469e-18)
(0.896433 -6.64385e-17 3.62697e-17)
(0.896433 -2.42566e-17 1.54349e-18)
(0.901023 -7.12884e-17 3.60049e-17)
(0.901023 -2.54716e-17 9.71226e-19)
(0.905584 -7.0097e-17 3.5935e-17)
(0.905584 -4.30955e-17 2.11692e-18)
(0.910118 -7.51169e-17 3.5041e-17)
(0.910118 -4.05565e-17 4.68559e-18)
(0.914626 -8.70687e-17 3.09101e-17)
(0.914626 -3.93888e-17 6.07898e-18)
(0.919107 -9.00721e-17 2.51065e-17)
(0.919107 -5.33763e-17 9.06559e-18)
(0.923561 -7.88604e-17 1.94285e-17)
(0.923561 -6.21024e-17 1.12665e-17)
(0.92799 -6.77789e-17 2.04604e-17)
(0.92799 -5.77784e-17 3.30154e-18)
(0.932394 -6.85272e-17 2.44982e-17)
(0.932394 -5.25832e-17 -9.9502e-19)
(0.936772 -8.10392e-17 2.48925e-17)
(0.936772 -5.01889e-17 4.33749e-18)
(0.941126 -9.00919e-17 2.33434e-17)
(0.941126 -5.08297e-17 1.03274e-17)
(0.945455 -9.29117e-17 2.12147e-17)
(0.945455 -5.16663e-17 1.2012e-17)
(0.94976 -9.0322e-17 1.99106e-17)
(0.94976 -5.392e-17 1.01987e-17)
(0.95404 -9.05249e-17 1.94509e-17)
(0.95404 -6.02257e-17 8.49847e-19)
(0.958298 -1.04437e-16 2.18487e-17)
(0.958298 -6.34183e-17 -8.05442e-18)
(0.962531 -1.08965e-16 2.37884e-17)
(0.962531 -8.08556e-17 -5.23475e-19)
(0.966742 -1.08514e-16 2.67751e-17)
(0.966742 -6.87004e-17 6.27766e-18)
(0.970929 -1.06058e-16 2.64404e-17)
(0.970929 -8.11246e-17 1.08847e-17)
(0.975094 -1.09537e-16 2.40416e-17)
(0.975094 -7.16824e-17 1.2398e-17)
(0.979235 -1.077e-16 1.99371e-17)
(0.979235 -5.41971e-17 9.03709e-18)
(0.983354 -9.57159e-17 2.23308e-17)
(0.983354 -7.13611e-17 3.10559e-18)
(0.98745 -9.73867e-17 1.68114e-17)
(0.98745 -7.87618e-17 7.85918e-18)
(0.991523 -9.70162e-17 1.48219e-17)
(0.991523 -8.25644e-17 7.76953e-18)
(0.995575 -9.72494e-17 1.33141e-17)
(0.995575 -9.17291e-17 7.69315e-18)
(0.999603 -1.03279e-16 1.0604e-17)
(0.999603 -1.24143e-16 9.27544e-18)
(1.00361 -1.04805e-16 1.18285e-17)
(1.00361 -1.47471e-16 5.44612e-18)
(1.00759 -1.02957e-16 2.05558e-17)
(1.00759 -1.65154e-16 -1.14698e-31)
(1.01155 -1.08809e-16 1.99424e-17)
(1.01155 -1.21718e-16 1.1698e-17)
(1.01549 -1.15476e-16 2.35039e-17)
(1.01549 -1.16345e-16 6.50698e-18)
(1.01941 -1.25191e-16 1.54277e-17)
(1.01941 -1.01146e-16 1.78824e-17)
(1.0233 -1.30565e-16 1.2545e-17)
(1.0233 -1.08619e-16 3.72631e-18)
(1.02717 -1.3452e-16 1.61406e-17)
(1.02717 -1.25629e-16 4.38593e-18)
(1.03102 -1.343e-16 7.70387e-18)
(1.03102 -1.40673e-16 1.33922e-17)
(1.03484 -1.24214e-16 9.15128e-18)
(1.03484 -1.1137e-16 9.29678e-18)
(1.03864 -1.20209e-16 -2.30353e-19)
(1.03864 -1.01281e-16 1.71653e-17)
(1.04242 -1.16125e-16 -5.5499e-18)
(1.04242 -1.22863e-16 2.28102e-17)
(1.04617 -1.15186e-16 -7.35745e-18)
(1.04617 -1.14039e-16 1.91276e-17)
(1.04989 -1.22833e-16 6.46792e-19)
(1.04989 -1.49814e-16 7.24268e-18)
(1.0536 -1.39841e-16 8.5898e-18)
(1.0536 -1.55463e-16 1.6449e-17)
(1.05727 -1.45238e-16 3.2667e-18)
(1.05727 -1.44589e-16 2.3804e-17)
(1.06092 -1.41711e-16 1.00041e-17)
(1.06092 -1.39521e-16 1.44597e-17)
(1.06455 -1.73444e-16 1.26628e-17)
(1.06455 -1.49044e-16 2.1834e-17)
(1.06814 -1.91918e-16 -7.55628e-18)
(1.06814 -1.40763e-16 2.70359e-17)
(1.07171 -1.78063e-16 -3.85044e-18)
(1.07171 -1.48187e-16 1.19535e-17)
(1.07525 -1.82823e-16 7.88323e-18)
(1.07525 -2.02913e-16 3.67381e-31)
(1.07877 -1.86584e-16 2.59397e-18)
(1.07877 -1.57257e-16 2.45677e-17)
(1.08225 -2.19495e-16 -7.94946e-18)
(1.08225 -1.64853e-16 2.50513e-17)
(1.0857 -2.22277e-16 2.5719e-17)
(1.0857 -1.77665e-16 2.22362e-17)
(1.08912 -2.78701e-16 1.58266e-17)
(1.08912 -1.8191e-16 1.18069e-17)
(1.09251 -3.07066e-16 1.07826e-17)
(1.09251 -1.81784e-16 2.45534e-17)
(1.09586 -2.72016e-16 5.85203e-18)
(1.09586 -1.88805e-16 3.60221e-17)
(1.09919 -2.53126e-16 9.46989e-31)
(1.09919 -2.11867e-16 4.98685e-17)
(1.10247 -2.21653e-16 1.44211e-17)
(1.10247 -2.43705e-16 2.68121e-17)
(1.10572 -2.18174e-16 5.3753e-18)
(1.10572 -2.55834e-16 1.68887e-17)
(1.10892 -2.28058e-16 7.25724e-31)
(1.10892 -2.3772e-16 2.38754e-17)
(1.11209 -2.26399e-16 1.0261e-17)
(1.11209 -2.20548e-16 5.37952e-18)
(1.11522 -2.22224e-16 -2.10892e-18)
(1.11522 -2.3552e-16 -4.29832e-18)
(1.1183 -2.35432e-16 3.49544e-18)
(1.1183 -2.44577e-16 -4.26461e-18)
(1.12134 -2.54584e-16 -2.41718e-18)
(1.12134 -2.06433e-16 -9.8451e-18)
(1.12433 -2.36609e-16 -2.85384e-18)
(1.12433 -1.97324e-16 -1.86015e-17)
(1.12727 -2.21711e-16 -5.81035e-18)
(1.12727 -2.32613e-16 5.44075e-19)
(1.13016 -2.20876e-16 -4.52138e-18)
(1.13016 -2.05753e-16 -6.96017e-18)
(1.13299 -2.17662e-16 -1.16795e-17)
(1.13299 -2.04946e-16 7.71551e-18)
(1.13577 -2.2406e-16 -1.01565e-17)
(1.13577 -2.39442e-16 3.36635e-17)
(1.13849 -2.22812e-16 -1.24221e-17)
(1.13849 -2.23298e-16 3.85651e-17)
(1.14114 -2.12765e-16 -6.1976e-18)
(1.14114 -2.15318e-16 2.26316e-17)
(1.14372 -2.08502e-16 -1.04231e-17)
(1.14372 -2.24372e-16 1.07517e-17)
(1.14623 -1.60097e-16 6.54375e-18)
(1.14623 -1.81441e-16 -2.90022e-17)
(1.14867 -1.60471e-16 -5.85347e-19)
(1.14867 -1.87626e-16 -3.01653e-17)
(1.15103 -1.35165e-16 1.29656e-17)
(1.15103 -1.65892e-16 5.20387e-18)
(1.1533 -1.41931e-16 4.57461e-17)
(1.1533 -1.60871e-16 1.13418e-17)
(1.15548 -1.52823e-16 6.87078e-17)
(1.15548 -2.10991e-16 -9.19944e-18)
(1.15756 -1.69753e-16 -1.55502e-18)
(1.15756 -1.73987e-16 3.30151e-17)
(1.15954 -2.10633e-16 2.18534e-17)
(1.15954 -1.82226e-16 -1.07233e-17)
(1.16141 -2.64619e-16 3.09037e-17)
(1.16141 -1.96897e-16 -1.2909e-17)
(1.16316 -2.63983e-16 7.32372e-18)
(1.16316 -2.88329e-16 -1.42693e-17)
(1.16478 -2.50544e-16 2.96494e-18)
(1.16478 -2.5525e-16 2.48387e-17)
(1.16627 -2.51243e-16 -6.32935e-18)
(1.16627 -2.0024e-16 6.58883e-19)
(1.16761 -2.40976e-16 -1.35858e-17)
(1.16761 -1.56535e-16 1.25419e-17)
(1.16879 -2.28119e-16 -2.0058e-17)
(1.16879 -2.43393e-16 3.41093e-17)
(1.16981 -2.3829e-16 7.15379e-18)
(1.16981 -2.88412e-16 1.97846e-17)
(1.17065 -2.71996e-16 -2.69314e-17)
(1.17065 -2.35558e-16 6.65795e-17)
(1.1713 -2.31445e-16 -2.8098e-17)
(1.1713 -1.95585e-16 8.3586e-17)
(1.17175 -1.45004e-16 5.57298e-17)
(1.17175 -2.36443e-16 2.95389e-17)
(1.17197 -1.3838e-16 9.78051e-17)
(1.17197 -1.62573e-16 9.4047e-18)
(1.17197 -2.93047e-16 -3.66768e-17)
(1.17197 -3.20408e-16 -3.52212e-17)
(1.17175 -2.38756e-16 2.86301e-18)
(1.17175 -2.38109e-16 -2.36157e-17)
(1.1713 -2.14603e-16 -3.14655e-18)
(1.1713 -1.61993e-16 1.97822e-17)
(1.17065 -1.85066e-16 -2.03377e-17)
(1.17065 -1.80637e-16 -9.00614e-17)
(1.16981 -1.3497e-16 -4.70174e-17)
(1.16981 -1.47631e-16 -1.83004e-17)
(1.16879 -1.17319e-16 -6.07546e-17)
(1.16879 -1.52493e-16 1.88962e-17)
(1.16761 -1.72725e-16 -3.72111e-17)
(1.16761 -1.81782e-16 -2.2533e-18)
(1.16627 -1.43699e-16 -1.39377e-17)
(1.16627 -1.76256e-16 -4.51624e-18)
(1.16478 -1.50446e-16 -3.23393e-17)
(1.16478 -1.90132e-16 -1.12834e-17)
(1.16316 -1.69913e-16 -1.8554e-17)
(1.16316 -1.80429e-16 1.36404e-17)
(1.16141 -1.83495e-16 7.36747e-18)
(1.16141 -1.64625e-16 -2.34519e-17)
(1.15954 -2.13076e-16 3.28007e-18)
(1.15954 -1.59938e-16 4.04808e-19)
(1.15756 -1.8585e-16 1.11594e-17)
(1.15756 -1.58148e-16 1.06171e-17)
(1.15548 -1.9734e-16 -1.07026e-18)
(1.15548 -2.09791e-16 2.01657e-17)
(1.1533 -1.82955e-16 1.73704e-17)
(1.1533 -1.8978e-16 1.21271e-17)
(1.15103 -1.70791e-16 5.15232e-18)
(1.15103 -1.91413e-16 1.72201e-17)
(1.14867 -1.6039e-16 -2.09717e-17)
(1.14867 -1.71633e-16 -1.76224e-18)
(1.14623 -1.57107e-16 -2.56418e-17)
(1.14623 -1.93772e-16 2.46696e-17)
(1.14372 -1.60328e-16 -1.402e-18)
(1.14372 -1.81373e-16 7.22595e-18)
(1.14114 -1.37861e-16 2.89538e-18)
(1.14114 -1.46411e-16 1.28835e-17)
(1.13849 -1.27658e-16 -3.38348e-18)
(1.13849 -1.4753e-16 1.00801e-17)
(1.13577 -1.259e-16 -1.20046e-18)
(1.13577 -1.42479e-16 3.63367e-18)
(1.13299 -1.31394e-16 -1.28684e-17)
(1.13299 -1.0887e-16 1.17219e-17)
(1.13016 -1.38561e-16 4.19908e-18)
(1.13016 -9.68073e-17 3.54163e-17)
(1.12727 -1.27907e-16 1.98063e-19)
(1.12727 -1.24432e-16 2.95816e-17)
(1.12433 -1.44123e-16 -3.6517e-18)
(1.12433 -1.33744e-16 4.45779e-18)
(1.12134 -1.37621e-16 -2.22223e-17)
(1.12134 -1.1926e-16 -2.453e-18)
(1.1183 -1.35194e-16 -2.24174e-17)
(1.1183 -1.9074e-16 6.15863e-18)
(1.11522 -1.15438e-16 -5.23501e-18)
(1.11522 -1.69445e-16 -5.99829e-18)
(1.11209 -1.60122e-16 -2.20587e-17)
(1.11209 -1.5654e-16 1.31651e-17)
(1.10892 -1.73932e-16 -2.17927e-17)
(1.10892 -1.57508e-16 -2.15595e-17)
(1.10572 -1.55103e-16 1.1781e-17)
(1.10572 -1.56687e-16 -9.9694e-18)
(1.10247 -1.67984e-16 2.88061e-17)
(1.10247 -1.6784e-16 -1.80225e-17)
(1.09919 -1.40954e-16 1.74047e-17)
(1.09919 -1.66735e-16 3.32687e-18)
(1.09586 -1.81908e-16 8.71586e-18)
(1.09586 -1.95731e-16 -6.27753e-18)
(1.09251 -1.86448e-16 1.52233e-17)
(1.09251 -2.02703e-16 -1.17823e-17)
(1.08912 -1.9237e-16 5.96439e-21)
(1.08912 -1.62371e-16 1.01024e-18)
(1.0857 -1.73905e-16 -7.40652e-18)
(1.0857 -1.99935e-16 -9.87171e-18)
(1.08225 -1.614e-16 -9.61871e-18)
(1.08225 -1.91254e-16 -2.52391e-17)
(1.07877 -1.68814e-16 -2.67222e-17)
(1.07877 -1.44956e-16 -5.15016e-18)
(1.07525 -1.58836e-16 -1.52709e-17)
(1.07525 -1.69428e-16 1.53942e-18)
(1.07171 -1.71344e-16 -1.72667e-17)
(1.07171 -1.58334e-16 -6.63718e-18)
(1.06814 -1.57327e-16 -3.53202e-18)
(1.06814 -1.56342e-16 -8.2335e-18)
(1.06455 -1.39955e-16 3.99359e-18)
(1.06455 -1.2931e-16 -1.97892e-17)
(1.06092 -1.15968e-16 -1.45006e-17)
(1.06092 -1.21565e-16 -1.02969e-18)
(1.05727 -1.26529e-16 -1.58782e-17)
(1.05727 -1.45463e-16 -8.22117e-18)
(1.0536 -1.13235e-16 -1.64108e-17)
(1.0536 -1.26161e-16 3.36e-18)
(1.04989 -1.16732e-16 -2.28022e-17)
(1.04989 -1.2554e-16 9.5239e-18)
(1.04617 -1.18948e-16 -3.9041e-18)
(1.04617 -1.06797e-16 -4.99288e-18)
(1.04242 -1.12067e-16 5.87372e-18)
(1.04242 -1.03384e-16 -2.30477e-17)
(1.03864 -1.10258e-16 9.70759e-18)
(1.03864 -1.13369e-16 -2.42314e-17)
(1.03484 -1.04303e-16 2.05537e-17)
(1.03484 -1.07413e-16 -2.21845e-17)
(1.03102 -7.67301e-17 2.18549e-17)
(1.03102 -8.61487e-17 -1.50997e-17)
(1.02717 -8.89628e-17 1.81434e-17)
(1.02717 -1.2357e-16 -7.86622e-18)
(1.0233 -8.39047e-17 -1.22751e-18)
(1.0233 -8.54845e-17 -1.25928e-17)
(1.01941 -8.83336e-17 -5.19182e-18)
(1.01941 -1.10726e-16 -1.07917e-17)
(1.01549 -7.88558e-17 -7.27399e-18)
(1.01549 -1.14067e-16 -2.89728e-18)
(1.01155 -5.90585e-17 -7.06843e-18)
(1.01155 -7.84818e-17 -5.95098e-18)
(1.00759 -4.63167e-17 -8.22572e-18)
(1.00759 -5.75055e-17 -5.63599e-18)
(1.00361 -4.21354e-17 -3.17626e-18)
(1.00361 -5.29968e-17 -8.24517e-18)
(0.999603 -6.70562e-17 -1.50335e-18)
(0.999603 -5.64082e-17 -1.05662e-17)
(0.995575 -7.52757e-17 -1.42532e-18)
(0.995575 -6.33171e-17 -8.7261e-18)
(0.991524 -7.63032e-17 -3.43493e-18)
(0.991524 -7.18161e-17 -6.00001e-18)
(0.98745 -7.02528e-17 -4.10741e-18)
(0.98745 -4.77589e-17 2.58234e-19)
(0.983354 -6.41263e-17 -2.1298e-18)
(0.983354 -4.91781e-17 -4.31475e-18)
(0.979235 -6.08041e-17 -1.14143e-17)
(0.979235 -3.93139e-17 -1.05303e-18)
(0.975094 -5.72445e-17 -1.61481e-17)
(0.975094 -2.75596e-17 -5.81268e-18)
(0.970929 -5.16588e-17 -1.53183e-17)
(0.970929 -2.15791e-17 -7.94584e-18)
(0.966742 -3.99678e-17 -1.37189e-17)
(0.966742 -3.56836e-17 -1.36124e-17)
(0.962531 -2.67109e-17 -1.12846e-17)
(0.962531 -3.47401e-17 -2.09972e-17)
(0.958298 -1.15686e-17 -1.3163e-17)
(0.958298 -3.88613e-17 -1.85524e-17)
(0.954041 -2.05605e-17 -1.81805e-17)
(0.954041 -3.77322e-17 -1.18887e-17)
(0.94976 -3.14782e-17 -1.90154e-17)
(0.94976 -2.819e-17 -6.44628e-18)
(0.945455 -3.02852e-17 -2.0286e-17)
(0.945455 -3.85057e-17 -1.16202e-17)
(0.941126 -3.77916e-17 -1.97447e-17)
(0.941126 -3.74522e-17 -1.35761e-17)
(0.936772 -3.88342e-17 -1.66375e-17)
(0.936772 -3.77775e-17 -1.25021e-17)
(0.932394 -3.26347e-17 -1.64656e-17)
(0.932394 -3.94999e-17 -7.65498e-18)
(0.92799 -3.53508e-17 -1.36538e-17)
(0.92799 -3.32651e-17 -7.02049e-18)
(0.923561 -3.32771e-17 -1.03097e-17)
(0.923561 -3.53505e-17 -4.09024e-18)
(0.919107 -2.53481e-17 -1.00908e-17)
(0.919107 -2.43318e-17 -1.13601e-17)
(0.914626 -3.25195e-17 -1.30095e-17)
(0.914626 -3.72828e-17 -1.40904e-17)
(0.910119 -4.1298e-17 -1.27011e-17)
(0.910119 -4.47225e-17 -1.49978e-17)
(0.905584 -4.04235e-17 -1.51343e-17)
(0.905584 -3.41844e-17 -7.46726e-18)
(0.901023 -3.6869e-17 -1.55702e-17)
(0.901023 -2.81758e-17 -2.09464e-18)
(0.896433 -3.86926e-17 -1.5147e-17)
(0.896433 -2.38237e-17 -2.71874e-18)
(0.891816 -3.46069e-17 -1.40423e-17)
(0.891816 -2.34496e-17 -6.07077e-18)
(0.887169 -2.84973e-17 -1.48548e-17)
(0.887169 -2.77543e-17 -1.06584e-17)
(0.882494 -3.32935e-17 -1.58714e-17)
(0.882494 -2.52777e-17 -1.21747e-17)
(0.877788 -3.24574e-17 -1.48841e-17)
(0.877788 -1.6559e-17 -1.55562e-17)
(0.873052 -2.03562e-17 -1.25842e-17)
(0.873052 -1.77955e-17 -1.86204e-17)
(0.868286 -1.67858e-17 -1.24831e-17)
(0.868286 -1.92982e-17 -1.73372e-17)
(0.863488 -1.88052e-17 -1.29724e-17)
(0.863488 -2.2768e-17 -1.4932e-17)
(0.858658 -2.15683e-17 -1.37429e-17)
(0.858658 -1.81647e-17 -1.43165e-17)
(0.853795 -1.82475e-17 -1.33612e-17)
(0.853795 -1.83621e-17 -1.57025e-17)
(0.848899 -1.34596e-17 -1.35372e-17)
(0.848899 -1.78197e-17 -1.60601e-17)
(0.843969 -1.36504e-17 -1.40245e-17)
(0.843969 -1.91152e-17 -1.48613e-17)
(0.839005 -1.56019e-17 -1.36963e-17)
(0.839005 -2.43458e-17 -1.27482e-17)
(0.834005 -1.3908e-17 -1.40704e-17)
(0.834005 -2.5114e-17 -7.28046e-18)
(0.82897 -1.06682e-17 -1.50028e-17)
(0.82897 -2.11444e-17 -4.3002e-18)
(0.823897 -1.35002e-17 -1.52055e-17)
(0.823897 -2.7639e-17 -2.72624e-18)
(0.818787 -1.31111e-17 -1.47948e-17)
(0.818787 -2.81932e-17 -8.02561e-19)
(0.813639 -1.21984e-17 -1.51738e-17)
(0.813639 -2.40055e-17 -5.53091e-19)
(0.808452 -1.18169e-17 -1.51452e-17)
(0.808452 -2.46582e-17 -8.51558e-19)
(0.803225 -1.0429e-17 -1.55037e-17)
(0.803225 -2.56264e-17 -1.91143e-18)
(0.797957 -1.26016e-17 -1.68822e-17)
(0.797957 -2.32402e-17 -3.46197e-18)
(0.792648 -1.07351e-17 -1.64781e-17)
(0.792648 -2.82405e-17 -5.66228e-18)
(0.787297 -1.05414e-17 -1.58087e-17)
(0.787297 -2.98196e-17 -7.76155e-18)
(0.781903 -1.21696e-17 -1.74703e-17)
(0.781903 -2.41475e-17 -8.88903e-18)
(0.776464 -4.15432e-18 -1.52156e-17)
(0.776464 -2.13798e-17 -1.07076e-17)
(0.77098 -7.07656e-18 -1.35288e-17)
(0.77098 -2.52468e-17 -1.17316e-17)
(0.765451 -7.24823e-18 -1.21176e-17)
(0.765451 -2.44678e-17 -1.13323e-17)
(0.759875 -8.03243e-18 -9.91699e-18)
(0.759875 -2.2969e-17 -1.22559e-17)
(0.754251 -1.03944e-17 -8.51701e-18)
(0.754251 -1.73587e-17 -1.22725e-17)
(0.748578 -1.07947e-17 -6.47167e-18)
(0.748578 -1.53587e-17 -1.30163e-17)
(0.742856 -9.72203e-18 -3.84079e-18)
(0.742856 -1.61431e-17 -1.28149e-17)
(0.737083 -8.17527e-18 -3.75423e-18)
(0.737083 -1.96254e-17 -1.2961e-17)
(0.731259 -8.47241e-18 -3.1641e-18)
(0.731259 -1.73268e-17 -1.42355e-17)
(0.725382 -7.27077e-18 -2.69347e-18)
(0.725382 -2.29679e-17 -1.33467e-17)
(0.719451 -1.30993e-18 -2.20342e-18)
(0.719451 -2.00349e-17 -1.2304e-17)
(0.713466 1.37376e-18 -1.34139e-18)
(0.713466 -1.99858e-17 -1.08194e-17)
(0.707426 2.51428e-19 -9.57738e-19)
(0.707426 -1.72904e-17 -9.2747e-18)
(0.701329 2.34883e-18 -1.29988e-19)
(0.701329 -1.37222e-17 -8.75955e-18)
(0.695175 2.11395e-18 5.75847e-19)
(0.695175 -1.20588e-17 -9.16067e-18)
(0.688963 1.12009e-18 1.95743e-18)
(0.688963 -1.20272e-17 -8.45393e-18)
(0.682692 3.07849e-18 3.90812e-18)
(0.682692 -1.48643e-17 -7.31646e-18)
(0.676361 4.09049e-18 4.60843e-18)
(0.676361 -1.26818e-17 -7.14294e-18)
(0.669969 1.19349e-18 4.27636e-18)
(0.669969 -1.71929e-17 -7.27496e-18)
(0.663516 4.83128e-18 4.95932e-18)
(0.663516 -1.41006e-17 -7.39394e-18)
(0.657 5.2573e-18 6.25557e-18)
(0.657 -1.39995e-17 -7.68922e-18)
(0.650422 8.89379e-18 6.80662e-18)
(0.650422 -1.65408e-17 -7.98871e-18)
(0.64378 8.98523e-18 6.21241e-18)
(0.64378 -1.18592e-17 -7.58411e-18)
(0.637074 2.78316e-18 6.66708e-18)
(0.637074 -7.55792e-18 -7.75801e-18)
(0.630303 5.77926e-18 6.7385e-18)
(0.630303 -1.19942e-17 -8.42106e-18)
(0.623468 5.57076e-18 6.66852e-18)
(0.623468 -1.24241e-17 -8.41012e-18)
(0.616568 5.70915e-18 6.42927e-18)
(0.616568 -1.02635e-17 -8.50681e-18)
(0.609604 7.81131e-18 7.45392e-18)
(0.609604 -7.36785e-18 -8.65088e-18)
(0.602574 9.72971e-18 7.09702e-18)
(0.602574 -6.48363e-18 -8.26095e-18)
(0.595479 6.18676e-18 6.74775e-18)
(0.595479 -8.23568e-18 -8.01848e-18)
(0.58832 4.79301e-18 7.07739e-18)
(0.58832 -8.68948e-18 -8.07916e-18)
(0.581098 5.30126e-18 7.1212e-18)
(0.581098 -9.68582e-18 -8.32063e-18)
(0.573812 7.001e-18 6.64146e-18)
(0.573812 -8.91501e-18 -8.35761e-18)
(0.566465 7.00013e-18 6.09494e-18)
(0.566465 -9.04231e-18 -7.95507e-18)
(0.559056 5.84723e-18 5.78862e-18)
(0.559056 -7.79766e-18 -7.46769e-18)
(0.551589 7.69194e-19 5.19769e-18)
(0.551589 -5.62913e-18 -7.22074e-18)
(0.544063 -8.0328e-19 4.63516e-18)
(0.544063 -5.27422e-18 -6.67351e-18)
(0.536483 6.57735e-20 4.42054e-18)
(0.536483 -2.72912e-18 -6.32712e-18)
(0.528848 -1.33963e-18 4.36048e-18)
(0.528848 -1.50914e-18 -6.1794e-18)
(0.521164 6.08654e-20 4.00899e-18)
(0.521164 -2.12937e-18 -5.98049e-18)
(0.513431 -2.98686e-18 3.47065e-18)
(0.513431 -1.73991e-18 -5.70774e-18)
(0.505654 -3.03735e-18 3.11164e-18)
(0.505654 -8.61969e-19 -5.51713e-18)
(0.497836 -4.00102e-18 2.90354e-18)
(0.497836 -1.29055e-18 -5.18547e-18)
(0.48998 -2.4789e-18 2.49344e-18)
(0.48998 -1.61269e-18 -4.7566e-18)
(0.482092 -3.54588e-18 2.09636e-18)
(0.482092 -1.53969e-18 -4.39891e-18)
(0.474175 -3.06308e-18 1.71111e-18)
(0.474175 -2.24e-18 -4.07314e-18)
(0.466234 -2.7489e-18 1.28428e-18)
(0.466234 -1.90687e-18 -3.67837e-18)
(0.458274 -1.84164e-18 8.57654e-19)
(0.458274 -1.05482e-18 -3.29251e-18)
(0.450301 -7.31192e-19 3.974e-19)
(0.450301 8.42546e-19 -3.01056e-18)
(0.442319 -1.29565e-18 3.72057e-20)
(0.442319 -1.52065e-18 -2.68414e-18)
(0.434336 -1.23129e-18 -2.22956e-19)
(0.434336 -1.18251e-18 -2.44536e-18)
(0.426356 -1.08909e-18 -5.89854e-19)
(0.426356 -1.04258e-18 -2.28428e-18)
(0.418385 -3.96907e-19 -8.91077e-19)
(0.418385 -1.48168e-18 -1.99944e-18)
(0.41043 -9.54959e-21 -1.21683e-18)
(0.41043 -2.12202e-18 -1.72053e-18)
(0.402496 1.5334e-19 -1.54541e-18)
(0.402496 -2.29144e-18 -1.44756e-18)
(0.394591 2.39127e-19 -1.86647e-18)
(0.394591 -2.85624e-18 -1.09707e-18)
(0.386719 4.19272e-19 -2.18969e-18)
(0.386719 -2.48334e-18 -8.71527e-19)
(0.378886 5.3762e-19 -2.48614e-18)
(0.378886 -2.81394e-18 -6.79187e-19)
(0.371099 8.61463e-19 -2.74302e-18)
(0.371099 -2.86294e-18 -5.04186e-19)
(0.363363 9.06828e-19 -3.13537e-18)
(0.363363 -2.44233e-18 -3.09208e-19)
(0.355683 2.37637e-19 -3.47103e-18)
(0.355683 -2.55683e-18 -1.28277e-19)
(0.348064 3.03627e-21 -3.72882e-18)
(0.348064 -2.16354e-18 -1.06589e-19)
(0.340512 2.92402e-19 -3.96475e-18)
(0.340512 -1.92775e-18 -5.70882e-20)
(0.33303 1.36672e-18 -4.1903e-18)
(0.33303 -3.43099e-18 -1.22484e-20)
(0.325622 1.72014e-18 -4.37048e-18)
(0.325622 -3.0562e-18 -4.93423e-20)
(0.318294 1.01913e-18 -4.50172e-18)
(0.318294 -3.22984e-18 -1.38613e-19)
(0.311047 4.14744e-19 -4.59687e-18)
(0.311047 -2.99307e-18 -1.01787e-19)
(0.303886 5.62509e-19 -4.61692e-18)
(0.303886 -2.61958e-18 -8.41961e-20)
(0.296812 9.54703e-19 -4.63588e-18)
(0.296812 -1.15651e-18 -3.4358e-21)
(0.289829 1.24571e-18 -4.58578e-18)
(0.289829 -1.49324e-18 1.68179e-20)
(0.282938 -9.43712e-20 -4.55643e-18)
(0.282938 -1.8778e-18 -8.11077e-21)
(0.276141 -2.82267e-19 -4.4864e-18)
(0.276141 -1.63268e-18 -2.61648e-20)
(0.26944 -4.04436e-19 -4.40704e-18)
(0.26944 -4.43645e-19 -3.85596e-21)
(0.262835 -8.4725e-19 -4.30849e-18)
(0.262835 -2.19726e-18 1.96312e-20)
(0.256328 -1.19143e-18 -4.16981e-18)
(0.256328 -5.61987e-19 -3.26683e-21)
(0.249919 -1.41209e-18 -4.01412e-18)
(0.249919 -3.12021e-19 -7.69192e-21)
(0.243609 -1.56135e-18 -3.87587e-18)
(0.243609 -1.89029e-19 0)
(0.237397 -1.46872e-18 -3.72392e-18)
(0.237397 -4.74722e-19 -3.86399e-21)
(0.231284 -1.66e-18 -3.57933e-18)
(0.231284 -5.51965e-19 -7.77491e-21)
(0.22527 -1.61407e-18 -3.44093e-18)
(0.22527 -2.24507e-19 -2.92154e-21)
(0.219353 -1.74568e-18 -3.30843e-18)
(0.219353 -4.13274e-19 0)
(0.213534 -1.3786e-18 -3.16196e-18)
(0.213534 -3.54983e-19 -1.005e-20)
(0.207812 -1.09479e-18 -3.03003e-18)
(0.207812 -4.77291e-19 -6.19196e-21)
(0.202185 -6.36296e-19 -2.92266e-18)
(0.202185 -6.75308e-19 -3.98402e-21)
(0.196654 -1.09241e-18 -2.81396e-18)
(0.196654 -8.44458e-19 -9.57623e-21)
(0.191218 -1.042e-18 -2.71323e-18)
(0.191218 -5.33333e-19 1.83528e-21)
(0.185874 -8.57051e-19 -2.59868e-18)
(0.185874 -3.93587e-19 4.96381e-21)
(0.180623 -5.9542e-19 -2.49099e-18)
(0.180623 -1.53063e-19 1.13887e-20)
(0.175463 -1.96267e-19 -2.38379e-18)
(0.175463 -2.09546e-19 8.05753e-21)
(0.170392 -4.06979e-19 -2.28042e-18)
(0.170392 -9.6916e-20 -1.74837e-21)
(0.165411 -4.09306e-19 -2.1775e-18)
(0.165411 -1.08576e-19 -2.16763e-21)
(0.160517 -5.94025e-19 -2.07949e-18)
(0.160517 -4.29295e-20 -1.28632e-21)
(0.155708 -5.63069e-19 -1.98859e-18)
(0.155708 1.98361e-19 -9.13033e-21)
(0.150985 -4.68724e-19 -1.90198e-18)
(0.150985 5.44346e-20 -1.61953e-20)
(0.146346 -3.83218e-19 -1.82774e-18)
(0.146346 -2.5746e-20 -6.48132e-21)
(0.141788 -3.64545e-19 -1.76881e-18)
(0.141788 -8.37094e-20 -2.65312e-21)
(0.137312 -2.73098e-19 -1.70705e-18)
(0.137312 1.23023e-20 -1.33142e-48)
(0.132916 -2.97545e-20 -1.64718e-18)
(0.132916 -1.14353e-20 -6.40555e-22)
(0.128598 -3.53341e-20 -1.5872e-18)
(0.128598 -6.93589e-20 -4.24959e-22)
(0.124357 -5.03343e-20 -1.53258e-18)
(0.124357 -9.30496e-20 -4.35007e-21)
(0.120192 -1.83936e-19 -1.48113e-18)
(0.120192 2.18504e-20 -1.91794e-21)
(0.116101 -2.22915e-19 -1.42771e-18)
(0.116101 1.88794e-20 8.66102e-22)
(0.112085 -1.98831e-19 -1.37611e-18)
(0.112085 -5.65063e-20 2.30769e-21)
(0.10814 -2.21922e-19 -1.32825e-18)
(0.10814 5.5838e-20 -3.99947e-21)
(0.104266 -3.0271e-19 -1.28563e-18)
(0.104266 5.51487e-20 -2.8329e-21)
(0.100461 -2.22194e-19 -1.24091e-18)
(0.100461 1.03363e-19 -3.02568e-22)
(0.0967256 -1.41214e-19 -1.19832e-18)
(0.0967256 1.67097e-19 -7.08388e-22)
(0.0930571 -9.67067e-20 -1.1575e-18)
(0.0930571 1.33527e-19 1.06222e-22)
(0.0894547 -1.91578e-19 -1.11999e-18)
(0.0894547 1.51421e-19 2.06264e-21)
(0.0859172 -1.67232e-19 -1.08276e-18)
(0.0859172 9.60054e-20 2.68756e-21)
(0.0824436 -1.28813e-19 -1.04705e-18)
(0.0824436 9.72785e-20 1.44057e-21)
(0.0790328 -5.26262e-20 -1.01517e-18)
(0.0790328 1.06389e-19 3.70678e-22)
(0.0756835 -3.84015e-20 -9.84964e-19)
(0.0756835 1.83012e-19 2.23732e-21)
(0.0723947 -1.19459e-19 -9.54252e-19)
(0.0723947 4.319e-20 2.81157e-21)
(0.0691654 -1.16826e-19 -9.22384e-19)
(0.0691654 1.52894e-19 1.49924e-21)
(0.0659944 -9.06563e-20 -8.91284e-19)
(0.0659944 1.41839e-19 -1.42272e-21)
(0.0628809 -4.30089e-20 -8.60342e-19)
(0.0628809 9.84459e-20 -5.22985e-22)
(0.0598236 -9.47912e-20 -8.29283e-19)
(0.0598236 5.84509e-20 3.16431e-22)
(0.0568217 -1.00816e-19 -7.97916e-19)
(0.0568217 9.86456e-20 -3.77581e-22)
(0.0538742 -8.72654e-20 -7.67649e-19)
(0.0538742 8.37307e-20 -1.82774e-22)
(0.05098 -8.87425e-20 -7.3862e-19)
(0.05098 9.29827e-20 -1.3393e-22)
(0.0481383 -1.00985e-19 -7.10907e-19)
(0.0481383 8.59604e-20 4.47074e-23)
(0.045348 -8.98723e-20 -6.83306e-19)
(0.045348 1.27885e-19 -7.99801e-22)
(0.0426083 -9.88323e-20 -6.56565e-19)
(0.0426083 1.17734e-19 -8.22266e-22)
(0.0399182 -8.1526e-20 -6.31301e-19)
(0.0399182 1.28428e-19 1.53119e-22)
(0.0372769 -9.67061e-20 -6.06936e-19)
(0.0372769 7.38652e-20 -1.6191e-22)
(0.0346835 -9.13688e-20 -5.83515e-19)
(0.0346835 8.92465e-20 -5.97531e-22)
(0.0321371 -8.23526e-20 -5.61099e-19)
(0.0321371 8.94404e-20 -5.00029e-22)
(0.0296369 -1.02664e-19 -5.39461e-19)
(0.0296369 8.48436e-20 -4.66181e-22)
(0.027182 -9.02675e-20 -5.18964e-19)
(0.027182 7.5546e-20 -2.99417e-22)
(0.0247717 -8.29717e-20 -4.99247e-19)
(0.0247717 6.00708e-20 -2.53739e-22)
(0.0224051 -3.99856e-20 -4.80831e-19)
(0.0224051 5.14363e-20 6.92252e-23)
(0.0200814 -6.48013e-20 -4.63211e-19)
(0.0200814 2.726e-20 1.37681e-22)
(0.0177998 -5.9145e-20 -4.46167e-19)
(0.0177998 3.61403e-20 7.42508e-23)
(0.0155597 -5.62634e-20 -4.29665e-19)
(0.0155597 3.50189e-20 5.32007e-23)
(0.0133602 -4.02309e-20 -4.13746e-19)
(0.0133602 2.69256e-20 5.90456e-24)
(0.0112006 -2.78128e-20 -3.98578e-19)
(0.0112006 2.13169e-20 1.92961e-23)
(0.00908019 -1.91905e-20 -3.83888e-19)
(0.00908019 1.09926e-20 -2.29663e-23)
(0.00699826 -9.81881e-21 -3.69891e-19)
(0.00699826 8.5031e-21 -3.10763e-49)
(0.00495411 -4.32831e-21 -3.56405e-19)
(0.00495411 1.9677e-21 -1.46534e-23)
(0.00294704 -1.26346e-22 -3.43454e-19)
(0.00294704 -9.87051e-22 -1.43392e-23)
(0.000976394 -3.06995e-22 -1.44961e-19)
(0.000976394 4.39656e-22 -1.11678e-33)
(1.17197 -1.60884e-16 3.17388e-17)
(1.17197 -1.74132e-16 5.37623e-17)
(1.17175 -1.50533e-16 4.95257e-17)
(1.17175 -1.42868e-16 1.39781e-17)
(1.1713 -1.44905e-16 4.83575e-17)
(1.1713 -9.93756e-17 5.44187e-17)
(1.17065 -1.22639e-16 4.91572e-17)
(1.17065 -1.60501e-16 9.42506e-17)
(1.16981 -2.36727e-16 7.69091e-17)
(1.16981 -8.50217e-17 4.8324e-17)
(1.16879 -1.84717e-16 -3.69407e-17)
(1.16879 -1.60059e-16 3.98544e-17)
(1.16761 -1.26854e-16 1.22416e-17)
(1.16761 -2.26673e-16 -3.13812e-17)
(1.16627 -1.17702e-16 3.706e-17)
(1.16627 -1.73035e-16 -1.36228e-17)
(1.16478 -1.36256e-16 5.82739e-17)
(1.16478 -1.27354e-16 1.3502e-17)
(1.16316 -1.3937e-16 1.81853e-17)
(1.16316 -1.30593e-16 3.56666e-17)
(1.16141 -1.7893e-16 3.53833e-17)
(1.16141 -1.76968e-16 8.56468e-18)
(1.15954 -1.60574e-16 3.37984e-18)
(1.15954 -1.43653e-16 -6.55009e-18)
(1.15756 -1.59697e-16 -3.94528e-18)
(1.15756 -1.23393e-16 -1.0928e-17)
(1.15548 -1.55787e-16 -2.15893e-17)
(1.15548 -1.56916e-16 -1.58471e-17)
(1.1533 -1.57798e-16 -2.15848e-17)
(1.1533 -1.53207e-16 -1.90539e-17)
(1.15103 -1.65853e-16 -1.8535e-17)
(1.15103 -1.62137e-16 -2.18663e-17)
(1.14867 -1.72167e-16 -1.22041e-17)
(1.14867 -1.45172e-16 -2.52312e-17)
(1.14623 -1.65618e-16 -2.00378e-17)
(1.14623 -1.70339e-16 -5.61808e-18)
(1.14372 -1.54204e-16 3.19323e-18)
(1.14372 -2.03407e-16 -5.42288e-18)
(1.14114 -1.17237e-16 1.49676e-17)
(1.14114 -1.73387e-16 5.27958e-17)
(1.13849 -1.72996e-16 3.91618e-17)
(1.13849 -1.26739e-16 4.83603e-17)
(1.13577 -1.61002e-16 1.41818e-17)
(1.13577 -1.19135e-16 3.29171e-17)
(1.13299 -1.42501e-16 -2.18274e-17)
(1.13299 -1.31376e-16 3.03605e-18)
(1.13016 -1.55738e-16 -7.15073e-18)
(1.13016 -1.53125e-16 -8.7996e-18)
(1.12727 -1.63373e-16 1.54586e-18)
(1.12727 -1.61854e-16 -1.69132e-17)
(1.12433 -1.43283e-16 -2.63434e-18)
(1.12433 -1.13976e-16 -1.51428e-17)
(1.12134 -1.47063e-16 -5.87402e-19)
(1.12134 -9.99396e-17 -3.72889e-18)
(1.1183 -1.57674e-16 -2.11402e-17)
(1.1183 -1.26747e-16 9.16291e-18)
(1.11522 -1.6068e-16 -1.46012e-17)
(1.11522 -1.5163e-16 -8.59964e-18)
(1.11209 -1.64745e-16 2.31379e-17)
(1.11209 -1.11698e-16 1.74096e-17)
(1.10892 -1.12293e-16 5.93615e-32)
(1.10892 -1.35798e-16 3.03953e-17)
(1.10572 -1.43865e-16 -6.25382e-18)
(1.10572 -1.38901e-16 3.16247e-17)
(1.10247 -1.48828e-16 2.45591e-17)
(1.10247 -1.71348e-16 3.80216e-17)
(1.09919 -1.07912e-16 3.73986e-18)
(1.09919 -1.60517e-16 3.98295e-17)
(1.09586 -1.57931e-16 -1.06804e-17)
(1.09586 -1.7737e-16 2.83729e-17)
(1.09251 -1.47004e-16 9.66836e-18)
(1.09251 -1.6856e-16 5.0919e-18)
(1.08912 -1.13662e-16 -2.05732e-17)
(1.08912 -1.68582e-16 -6.05371e-18)
(1.0857 -1.16446e-16 -1.30026e-17)
(1.0857 -1.34034e-16 1.32827e-17)
(1.08225 -1.19512e-16 -1.28613e-18)
(1.08225 -1.54132e-16 1.67161e-17)
(1.07877 -1.13492e-16 2.37556e-17)
(1.07877 -1.24261e-16 -1.64015e-17)
(1.07525 -1.15052e-16 2.28992e-17)
(1.07525 -1.30756e-16 -4.16498e-18)
(1.07171 -1.24456e-16 1.50761e-17)
(1.07171 -1.23349e-16 9.81354e-18)
(1.06814 -1.3535e-16 1.78347e-17)
(1.06814 -1.24229e-16 5.72055e-18)
(1.06455 -1.34006e-16 1.84558e-17)
(1.06455 -1.46788e-16 -7.56758e-31)
(1.06092 -1.23106e-16 -2.26287e-18)
(1.06092 -1.53517e-16 7.03141e-18)
(1.05727 -1.29317e-16 1.56962e-18)
(1.05727 -1.27791e-16 1.3187e-17)
(1.0536 -1.18736e-16 6.51179e-18)
(1.0536 -1.28113e-16 2.83324e-18)
(1.04989 -1.17764e-16 5.63053e-19)
(1.04989 -1.37745e-16 6.61711e-18)
(1.04617 -1.30949e-16 3.61181e-18)
(1.04617 -1.25366e-16 1.80295e-17)
(1.04242 -1.21906e-16 4.92054e-18)
(1.04242 -9.28603e-17 -7.09481e-32)
(1.03864 -9.09693e-17 -7.08896e-19)
(1.03864 -1.03749e-16 -2.15643e-18)
(1.03484 -8.11109e-17 -7.91523e-19)
(1.03484 -7.60465e-17 1.1572e-18)
(1.03102 -8.32096e-17 -4.21045e-18)
(1.03102 -9.39948e-17 -3.31354e-18)
(1.02717 -6.09031e-17 -5.07475e-18)
(1.02717 -1.06556e-16 8.67429e-18)
(1.0233 -8.46123e-17 -5.90901e-18)
(1.0233 -1.12496e-16 1.26717e-17)
(1.01941 -9.3639e-17 2.92232e-18)
(1.01941 -1.11077e-16 1.27285e-17)
(1.01549 -7.73833e-17 1.12431e-17)
(1.01549 -1.37514e-16 1.11995e-17)
(1.01155 -8.6477e-17 1.95192e-17)
(1.01155 -9.92222e-17 -1.53769e-20)
(1.00759 -1.03454e-16 2.18237e-17)
(1.00759 -8.0429e-17 -4.39708e-18)
(1.00361 -1.07586e-16 1.48481e-17)
(1.00361 -8.43558e-17 -6.15214e-19)
(0.999603 -9.74133e-17 9.2062e-18)
(0.999603 -8.12265e-17 9.78179e-18)
(0.995575 -9.14986e-17 3.9024e-18)
(0.995575 -6.96345e-17 3.89069e-18)
(0.991524 -7.70739e-17 -4.414e-19)
(0.991524 -6.15826e-17 2.3814e-18)
(0.98745 -7.23019e-17 -4.20095e-18)
(0.98745 -7.21159e-17 6.11097e-18)
(0.983354 -5.29535e-17 3.15196e-18)
(0.983354 -6.14689e-17 8.28857e-18)
(0.979235 -4.4225e-17 1.37845e-17)
(0.979235 -5.70387e-17 1.54363e-17)
(0.975094 -5.3452e-17 2.47258e-17)
(0.975094 -4.64124e-17 5.22696e-18)
(0.970929 -6.04047e-17 2.58293e-17)
(0.970929 -4.45247e-17 -1.53521e-18)
(0.966742 -4.9167e-17 2.6803e-17)
(0.966742 -5.08404e-17 -2.09676e-18)
(0.962531 -6.11348e-17 3.08374e-17)
(0.962531 -5.98011e-17 -4.87922e-18)
(0.958298 -6.37829e-17 2.60996e-17)
(0.958298 -4.64433e-17 8.45847e-19)
(0.954041 -5.71701e-17 2.27115e-17)
(0.954041 -4.51863e-17 1.62465e-18)
(0.94976 -5.40584e-17 2.29123e-17)
(0.94976 -4.25145e-17 1.23208e-18)
(0.945455 -5.05395e-17 2.52471e-17)
(0.945455 -3.32494e-17 -1.95523e-19)
(0.941126 -4.55746e-17 2.66137e-17)
(0.941126 -4.72977e-17 -4.13561e-31)
(0.936772 -4.58376e-17 2.77113e-17)
(0.936772 -4.28503e-17 7.03154e-19)
(0.932394 -4.44905e-17 2.66382e-17)
(0.932394 -3.26728e-17 -1.08974e-18)
(0.92799 -4.74301e-17 2.71227e-17)
(0.92799 -3.96314e-17 -5.0993e-18)
(0.923561 -5.04204e-17 2.28421e-17)
(0.923561 -3.77882e-17 1.29504e-18)
(0.919107 -4.79511e-17 2.22825e-17)
(0.919107 -3.93322e-17 2.22683e-18)
(0.914626 -4.48603e-17 2.37535e-17)
(0.914626 -4.38549e-17 -1.24585e-19)
(0.910119 -4.07163e-17 2.42921e-17)
(0.910119 -4.60883e-17 -3.63579e-18)
(0.905584 -3.76465e-17 2.34242e-17)
(0.905584 -3.4233e-17 -1.89214e-18)
(0.901023 -2.84687e-17 2.22051e-17)
(0.901023 -3.68383e-17 -4.15352e-18)
(0.896433 -2.32534e-17 2.36996e-17)
(0.896433 -3.46338e-17 -8.46096e-18)
(0.891816 -3.27273e-17 2.66043e-17)
(0.891816 -4.01242e-17 -4.16782e-18)
(0.887169 -3.52853e-17 3.03786e-17)
(0.887169 -4.40928e-17 -4.98583e-18)
(0.882494 -4.61618e-17 3.05457e-17)
(0.882494 -3.91407e-17 -3.74855e-18)
(0.877788 -5.43946e-17 3.26509e-17)
(0.877788 -3.33857e-17 -3.04044e-18)
(0.873052 -5.22347e-17 3.13466e-17)
(0.873052 -3.65667e-17 -2.98938e-18)
(0.868286 -5.64058e-17 3.14979e-17)
(0.868286 -3.57837e-17 -5.55506e-18)
(0.863488 -5.27875e-17 2.79329e-17)
(0.863488 -4.56788e-17 -8.71812e-18)
(0.858658 -3.96813e-17 2.6052e-17)
(0.858658 -4.35946e-17 -7.81842e-18)
(0.853795 -3.21525e-17 2.48523e-17)
(0.853795 -4.08536e-17 -7.1815e-18)
(0.848899 -3.36709e-17 2.28518e-17)
(0.848899 -3.48339e-17 -7.1246e-18)
(0.843969 -3.80054e-17 2.00534e-17)
(0.843969 -2.16719e-17 -7.18275e-18)
(0.839005 -3.40114e-17 1.87506e-17)
(0.839005 -3.61664e-17 -7.23764e-18)
(0.834005 -4.45892e-17 1.17423e-17)
(0.834005 -2.17836e-17 -5.54915e-18)
(0.82897 -4.34492e-17 8.63685e-18)
(0.82897 -1.95449e-17 -6.90159e-18)
(0.823897 -4.26738e-17 4.53637e-18)
(0.823897 -2.61976e-17 -6.9138e-18)
(0.818787 -3.40666e-17 -7.34792e-20)
(0.818787 -2.40701e-17 -6.53668e-18)
(0.813639 -2.89771e-17 -1.45342e-18)
(0.813639 -2.97006e-17 -7.23736e-18)
(0.808452 -2.92421e-17 -2.16344e-18)
(0.808452 -3.56516e-17 -6.66518e-18)
(0.803225 -3.48368e-17 -2.9679e-18)
(0.803225 -3.60917e-17 -5.3723e-18)
(0.797957 -3.61968e-17 -2.8207e-18)
(0.797957 -3.15445e-17 -4.73685e-18)
(0.792648 -3.16726e-17 -3.09737e-18)
(0.792648 -3.72707e-17 -6.03794e-18)
(0.787297 -2.56017e-17 -3.3263e-18)
(0.787297 -3.91881e-17 -6.01623e-18)
(0.781903 -1.91815e-17 -2.17567e-18)
(0.781903 -3.69209e-17 -5.85947e-18)
(0.776464 -1.63512e-17 2.97175e-19)
(0.776464 -4.23388e-17 -6.44132e-18)
(0.77098 -1.21035e-17 1.64352e-18)
(0.77098 -3.94833e-17 -7.03701e-18)
(0.765451 -1.49773e-17 2.30439e-18)
(0.765451 -3.13165e-17 -6.97857e-18)
(0.759875 -1.6322e-17 2.78598e-18)
(0.759875 -2.67157e-17 -8.51597e-18)
(0.754251 -1.47034e-17 2.64735e-18)
(0.754251 -2.41144e-17 -7.47993e-18)
(0.748578 -1.19752e-17 1.8192e-18)
(0.748578 -2.00963e-17 -7.96404e-18)
(0.742856 -7.74772e-18 1.21105e-18)
(0.742856 -2.9332e-17 -7.90631e-18)
(0.737083 -8.90785e-18 8.27497e-19)
(0.737083 -2.35963e-17 -6.24982e-18)
(0.731259 -1.55352e-17 -5.20393e-19)
(0.731259 -2.47944e-17 -5.09386e-18)
(0.725382 -1.96136e-17 -2.88882e-18)
(0.725382 -2.01604e-17 -3.77625e-18)
(0.719451 -1.98426e-17 -4.79451e-18)
(0.719451 -1.67004e-17 -3.47843e-18)
(0.713466 -1.78545e-17 -6.49734e-18)
(0.713466 -2.3225e-17 -3.10189e-18)
(0.707426 -1.76168e-17 -8.28296e-18)
(0.707426 -2.22419e-17 -2.15519e-18)
(0.701329 -1.3682e-17 -8.6545e-18)
(0.701329 -2.29898e-17 -2.16186e-18)
(0.695175 -1.54093e-17 -8.81836e-18)
(0.695175 -2.31581e-17 -1.60944e-18)
(0.688963 -1.40708e-17 -9.15606e-18)
(0.688963 -1.793e-17 -1.54975e-18)
(0.682692 -1.24989e-17 -9.65931e-18)
(0.682692 -1.41142e-17 -1.56374e-18)
(0.676361 -1.52283e-17 -9.64399e-18)
(0.676361 -1.67505e-17 -1.2781e-18)
(0.669969 -1.19322e-17 -9.13212e-18)
(0.669969 -1.75414e-17 -7.33944e-19)
(0.663516 -8.7324e-18 -7.79643e-18)
(0.663516 -1.66146e-17 -5.81365e-19)
(0.657 -7.84589e-18 -6.27096e-18)
(0.657 -1.85563e-17 -1.55378e-18)
(0.650422 -6.87155e-18 -4.68547e-18)
(0.650422 -1.99852e-17 -2.64385e-18)
(0.64378 -6.17709e-18 -3.78097e-18)
(0.64378 -1.75012e-17 -2.88714e-18)
(0.637074 -4.29138e-18 -2.61034e-18)
(0.637074 -1.59352e-17 -3.04477e-18)
(0.630303 -3.41514e-18 -1.7593e-18)
(0.630303 -1.10281e-17 -4.0187e-18)
(0.623468 -2.2221e-18 -1.45016e-18)
(0.623468 -1.30123e-17 -4.17755e-18)
(0.616568 3.29908e-18 -1.20011e-18)
(0.616568 -1.27948e-17 -4.13696e-18)
(0.609604 2.86922e-18 -1.59293e-19)
(0.609604 -1.05615e-17 -4.66203e-18)
(0.602574 -1.0056e-18 -2.1555e-20)
(0.602574 -7.61875e-18 -5.3724e-18)
(0.595479 2.15683e-18 -4.1236e-20)
(0.595479 -8.24771e-18 -6.03879e-18)
(0.58832 3.16214e-18 4.94709e-19)
(0.58832 -7.51817e-18 -6.22441e-18)
(0.581098 1.06079e-18 8.84147e-19)
(0.581098 -6.20453e-18 -6.25852e-18)
(0.573812 -8.09009e-19 1.28618e-18)
(0.573812 -5.62982e-18 -6.77462e-18)
(0.566465 2.89662e-19 1.24076e-18)
(0.566465 -4.74156e-18 -6.87223e-18)
(0.559056 2.47061e-18 1.4385e-18)
(0.559056 -4.55177e-18 -7.10248e-18)
(0.551589 1.47021e-18 1.81048e-18)
(0.551589 -6.33368e-18 -7.30654e-18)
(0.544063 -1.54703e-19 1.96955e-18)
(0.544063 -7.1925e-18 -7.20986e-18)
(0.536483 -6.48036e-19 2.1047e-18)
(0.536483 -5.13964e-18 -7.15188e-18)
(0.528848 8.38432e-20 2.17634e-18)
(0.528848 -5.49518e-18 -7.28971e-18)
(0.521164 5.43457e-19 2.33333e-18)
(0.521164 -6.82266e-18 -7.16523e-18)
(0.513431 8.55453e-19 2.48005e-18)
(0.513431 -6.80086e-18 -6.95459e-18)
(0.505654 1.215e-19 2.59101e-18)
(0.505654 -3.8281e-18 -6.82315e-18)
(0.497836 -1.01082e-18 2.4606e-18)
(0.497836 -4.53806e-18 -6.51319e-18)
(0.48998 -1.85892e-18 2.29744e-18)
(0.48998 -4.25789e-18 -6.12376e-18)
(0.482092 -3.86815e-18 2.1449e-18)
(0.482092 -3.67092e-18 -5.77539e-18)
(0.474175 -5.79748e-18 1.90705e-18)
(0.474175 -3.94553e-18 -5.50663e-18)
(0.466234 -7.07947e-18 1.62274e-18)
(0.466234 -3.88598e-18 -5.23659e-18)
(0.458274 -7.88138e-18 1.36822e-18)
(0.458274 -4.17089e-18 -5.09617e-18)
(0.450301 -7.92854e-18 1.11917e-18)
(0.450301 -4.11009e-18 -5.02162e-18)
(0.442319 -8.1615e-18 8.86035e-19)
(0.442319 -4.4168e-18 -4.6349e-18)
(0.434336 -8.44932e-18 5.22054e-19)
(0.434336 -3.22113e-18 -4.24968e-18)
(0.426356 -8.06531e-18 3.20411e-19)
(0.426356 -2.70924e-18 -4.10918e-18)
(0.418385 -7.72236e-18 1.16117e-19)
(0.418385 -3.00602e-18 -3.82569e-18)
(0.41043 -7.16802e-18 -4.4752e-20)
(0.41043 -3.15972e-18 -3.65665e-18)
(0.402496 -6.9588e-18 -1.59647e-19)
(0.402496 -2.25791e-18 -3.49549e-18)
(0.394591 -6.57745e-18 -2.70497e-19)
(0.394591 -2.29992e-18 -3.27789e-18)
(0.386719 -5.40262e-18 -3.82329e-19)
(0.386719 -1.87535e-18 -3.22847e-18)
(0.378886 -4.54355e-18 -4.14634e-19)
(0.378886 -2.2899e-18 -3.0685e-18)
(0.371099 -4.24121e-18 -4.88208e-19)
(0.371099 -3.24874e-18 -2.79054e-18)
(0.363363 -3.50601e-18 -5.13973e-19)
(0.363363 -2.27929e-18 -2.69743e-18)
(0.355683 -3.23318e-18 -4.81488e-19)
(0.355683 -2.95103e-18 -2.60379e-18)
(0.348064 -3.08294e-18 -4.6462e-19)
(0.348064 -3.02919e-18 -2.41398e-18)
(0.340512 -3.11673e-18 -4.2802e-19)
(0.340512 -2.58203e-18 -2.17778e-18)
(0.33303 -3.14462e-18 -4.06797e-19)
(0.33303 -2.9057e-18 -1.9046e-18)
(0.325622 -1.77022e-18 -3.91737e-19)
(0.325622 -3.20023e-18 -1.66352e-18)
(0.318294 -8.66833e-19 -2.88919e-19)
(0.318294 -3.65027e-18 -1.47534e-18)
(0.311047 -7.69766e-19 -1.78039e-19)
(0.311047 -3.17916e-18 -1.29705e-18)
(0.303886 -7.13454e-19 -1.16585e-19)
(0.303886 -2.27581e-18 -1.13237e-18)
(0.296812 -6.4375e-19 -3.40832e-20)
(0.296812 -2.43146e-18 -1.00959e-18)
(0.289829 -7.42158e-19 3.77804e-20)
(0.289829 -1.77679e-18 -9.33796e-19)
(0.282938 -9.21076e-19 7.55669e-20)
(0.282938 -1.61334e-18 -8.29828e-19)
(0.276141 -9.07736e-19 1.70596e-19)
(0.276141 -1.51307e-18 -7.7075e-19)
(0.26944 -1.20741e-18 2.65376e-19)
(0.26944 -1.33027e-18 -7.30502e-19)
(0.262835 -1.61403e-18 3.0379e-19)
(0.262835 -1.51441e-18 -6.72979e-19)
(0.256328 -1.48512e-18 3.36063e-19)
(0.256328 -1.25126e-18 -6.57932e-19)
(0.249919 -8.5797e-19 3.64291e-19)
(0.249919 -1.31136e-18 -6.47161e-19)
(0.243609 -1.85378e-19 3.87092e-19)
(0.243609 -1.25893e-18 -6.18911e-19)
(0.237397 7.68163e-20 3.99148e-19)
(0.237397 -9.03531e-19 -5.94848e-19)
(0.231284 -5.40032e-20 3.92446e-19)
(0.231284 -1.14492e-18 -5.73165e-19)
(0.22527 -2.93389e-19 3.80848e-19)
(0.22527 -1.15595e-18 -5.35021e-19)
(0.219353 -5.17675e-19 3.63964e-19)
(0.219353 -8.59879e-19 -5.05472e-19)
(0.213534 -5.19762e-19 3.33157e-19)
(0.213534 -5.77559e-19 -4.77997e-19)
(0.207812 -4.15529e-19 3.13155e-19)
(0.207812 -6.84859e-19 -4.52511e-19)
(0.202185 -3.70552e-19 2.98885e-19)
(0.202185 -5.52869e-19 -4.188e-19)
(0.196654 -1.7465e-19 2.8498e-19)
(0.196654 -4.24728e-19 -3.81783e-19)
(0.191218 8.50178e-21 2.72146e-19)
(0.191218 -5.40968e-19 -3.39001e-19)
(0.185874 9.80744e-21 2.569e-19)
(0.185874 -4.2138e-19 -3.08808e-19)
(0.180623 -2.75356e-20 2.46194e-19)
(0.180623 -4.51424e-19 -2.9311e-19)
(0.175463 -1.53435e-19 2.3377e-19)
(0.175463 -4.44894e-19 -2.80311e-19)
(0.170392 -6.17687e-20 2.17824e-19)
(0.170392 -6.94472e-19 -2.67665e-19)
(0.165411 4.32522e-20 2.19703e-19)
(0.165411 -1.12456e-18 -2.69867e-19)
(0.160517 1.52538e-20 2.20605e-19)
(0.160517 -9.41618e-19 -2.73364e-19)
(0.155708 4.04896e-20 2.27679e-19)
(0.155708 -8.79934e-19 -2.80834e-19)
(0.150985 1.79369e-20 2.30824e-19)
(0.150985 -8.96749e-19 -2.92014e-19)
(0.146346 -1.80084e-19 2.32691e-19)
(0.146346 -7.954e-19 -2.92398e-19)
(0.141788 -3.22101e-19 2.24353e-19)
(0.141788 -5.98624e-19 -2.75504e-19)
(0.137312 -2.38166e-19 2.1969e-19)
(0.137312 -3.79091e-19 -2.6429e-19)
(0.132916 -1.84615e-19 2.09756e-19)
(0.132916 -2.428e-19 -2.49977e-19)
(0.128598 -2.31843e-19 1.98797e-19)
(0.128598 -1.70541e-19 -2.38035e-19)
(0.124357 -2.37752e-19 1.83661e-19)
(0.124357 -2.24639e-19 -2.20223e-19)
(0.120192 -2.90402e-19 1.68381e-19)
(0.120192 -1.47608e-19 -2.00697e-19)
(0.116101 -3.37572e-19 1.49344e-19)
(0.116101 8.15036e-20 -1.82485e-19)
(0.112085 -3.63033e-19 1.3017e-19)
(0.112085 1.09383e-19 -1.64496e-19)
(0.10814 -3.96234e-19 1.09392e-19)
(0.10814 6.74589e-20 -1.44998e-19)
(0.104266 -3.19751e-19 9.06025e-20)
(0.104266 3.57653e-20 -1.22645e-19)
(0.100461 -2.38304e-19 7.27217e-20)
(0.100461 7.85702e-20 -1.04457e-19)
(0.0967256 -2.24487e-19 5.68991e-20)
(0.0967256 4.35093e-20 -8.89758e-20)
(0.0930571 -2.39039e-19 4.2546e-20)
(0.0930571 3.37336e-20 -7.48755e-20)
(0.0894547 -2.6037e-19 3.11819e-20)
(0.0894547 8.01682e-20 -6.25355e-20)
(0.0859172 -2.96289e-19 1.80085e-20)
(0.0859172 8.1208e-20 -4.96124e-20)
(0.0824436 -2.59373e-19 6.26186e-21)
(0.0824436 6.53995e-20 -3.69374e-20)
(0.0790328 -2.2939e-19 -2.19264e-21)
(0.0790328 5.16254e-20 -2.45206e-20)
(0.0756835 -2.36978e-19 -1.04436e-20)
(0.0756835 6.40956e-20 -1.26802e-20)
(0.0723947 -2.3772e-19 -1.75528e-20)
(0.0723947 4.45631e-20 -3.79879e-21)
(0.0691654 -1.71236e-19 -2.32823e-20)
(0.0691654 9.91841e-20 3.03773e-21)
(0.0659944 -5.87567e-20 -2.77197e-20)
(0.0659944 1.15075e-19 9.36481e-21)
(0.0628809 1.60599e-20 -2.96663e-20)
(0.0628809 1.83362e-20 1.37291e-20)
(0.0598236 4.49757e-20 -3.02145e-20)
(0.0598236 -4.02104e-20 1.6645e-20)
(0.0568217 6.47769e-20 -3.09825e-20)
(0.0568217 -5.66196e-20 1.81632e-20)
(0.0538742 4.39236e-20 -3.19048e-20)
(0.0538742 -1.02971e-20 1.9962e-20)
(0.05098 1.95761e-20 -3.32878e-20)
(0.05098 3.82707e-20 2.1743e-20)
(0.0481383 2.35149e-20 -3.44653e-20)
(0.0481383 -1.25354e-20 2.359e-20)
(0.045348 3.4082e-20 -3.5802e-20)
(0.045348 -2.26079e-20 2.45677e-20)
(0.0426083 6.19409e-20 -3.65021e-20)
(0.0426083 1.49474e-20 2.4689e-20)
(0.0399182 5.03347e-20 -3.60986e-20)
(0.0399182 -1.24029e-20 2.45247e-20)
(0.0372769 7.71651e-21 -3.60472e-20)
(0.0372769 -3.28375e-20 2.44677e-20)
(0.0346835 -5.36797e-21 -3.59526e-20)
(0.0346835 -1.59398e-20 2.41202e-20)
(0.0321371 -1.61236e-21 -3.5213e-20)
(0.0321371 -2.02899e-20 2.35408e-20)
(0.0296369 2.92248e-21 -3.41901e-20)
(0.0296369 -3.41177e-20 2.28052e-20)
(0.027182 7.13573e-21 -3.30018e-20)
(0.027182 -6.81558e-21 2.20398e-20)
(0.0247717 7.12424e-21 -3.19081e-20)
(0.0247717 8.95483e-21 2.14566e-20)
(0.0224051 -3.50323e-22 -3.05662e-20)
(0.0224051 2.82254e-21 2.10224e-20)
(0.0200814 -7.65822e-21 -2.9472e-20)
(0.0200814 5.91329e-21 2.06168e-20)
(0.0177998 -1.18709e-20 -2.84646e-20)
(0.0177998 4.07342e-21 2.01284e-20)
(0.0155597 -1.33544e-20 -2.76712e-20)
(0.0155597 1.8522e-21 1.97137e-20)
(0.0133602 -9.01086e-21 -2.68601e-20)
(0.0133602 6.88141e-22 1.91498e-20)
(0.0112006 -3.78863e-21 -2.59475e-20)
(0.0112006 6.69789e-21 1.85324e-20)
(0.00908019 -5.16022e-21 -2.51422e-20)
(0.00908019 5.40097e-21 1.79489e-20)
(0.00699826 -6.67954e-21 -2.43389e-20)
(0.00699826 6.693e-22 1.73932e-20)
(0.00495411 -2.87171e-21 -2.35297e-20)
(0.00495411 9.17393e-22 1.68027e-20)
(0.00294704 -4.35934e-22 -2.269e-20)
(0.00294704 1.21317e-21 1.62277e-20)
(0.000976394 1.02573e-22 3.60639e-20)
(0.000976394 7.80041e-23 1.90881e-20)
)
;

boundaryField
{
    walls
    {
        type            fixedValue;
        value           uniform (0 0 0);
    }
    inlet
    {
        type            cyclic;
    }
    outlet
    {
        type            cyclic;
    }
    sides
    {
        type            empty;
    }
}


// ************************************************************************* //
