/*--------------------------------*- C++ -*----------------------------------*\
| =========                 |                                                 |
| \\      /  F ield         | OpenFOAM: The Open Source CFD Toolbox           |
|  \\    /   O peration     | Version:  2106                                  |
|   \\  /    A nd           | Website:  www.openfoam.com                      |
|    \\/     M anipulation  |                                                 |
\*---------------------------------------------------------------------------*/
FoamFile
{
    version     2.0;
    format      ascii;
    arch        "LSB;label=32;scalar=64";
    class       volScalarField;
    location    "10020";
    object      k;
}
// * * * * * * * * * * * * * * * * * * * * * * * * * * * * * * * * * * * * * //

dimensions      [0 2 -2 0 0 0 0];

internalField   nonuniform List<scalar> 
2000
(
1.5804e-07
1.5804e-07
2.54206e-08
2.54206e-08
2.34101e-08
2.34101e-08
6.43069e-08
6.43069e-08
1.63447e-07
1.63447e-07
3.49987e-07
3.49987e-07
6.60203e-07
6.60203e-07
1.13675e-06
1.13675e-06
1.82883e-06
1.82883e-06
2.79257e-06
2.79257e-06
4.09156e-06
4.09156e-06
5.79735e-06
5.79735e-06
7.99015e-06
7.99015e-06
1.07594e-05
1.07594e-05
1.42047e-05
1.42047e-05
1.84362e-05
1.84362e-05
2.35756e-05
2.35756e-05
2.97571e-05
2.97571e-05
3.7128e-05
3.7128e-05
4.58495e-05
4.58495e-05
5.60977e-05
5.60977e-05
6.80643e-05
6.80643e-05
8.19571e-05
8.19571e-05
9.8001e-05
9.8001e-05
0.000116438
0.000116438
0.000137528
0.000137528
0.000161548
0.000161548
0.000188793
0.000188793
0.000219574
0.000219574
0.000254217
0.000254217
0.000293062
0.000293062
0.000336458
0.000336458
0.000384765
0.000384765
0.000438343
0.000438343
0.000497551
0.000497551
0.000562741
0.000562741
0.00063425
0.00063425
0.000712391
0.000712391
0.000797447
0.000797447
0.00088966
0.00088966
0.000989225
0.000989225
0.00109628
0.00109628
0.00121088
0.00121088
0.00133304
0.00133304
0.00146267
0.00146267
0.0015996
0.0015996
0.00174358
0.00174358
0.00189428
0.00189428
0.0020513
0.0020513
0.00221415
0.00221415
0.00238228
0.00238228
0.0025551
0.0025551
0.00273196
0.00273196
0.00291219
0.00291219
0.00309511
0.00309511
0.00328003
0.00328003
0.00346625
0.00346625
0.00365313
0.00365313
0.00384002
0.00384002
0.00402631
0.00402631
0.00421145
0.00421145
0.00439492
0.00439492
0.00457625
0.00457625
0.00475501
0.00475501
0.00493084
0.00493084
0.00510342
0.00510342
0.00527247
0.00527247
0.00543776
0.00543776
0.0055991
0.0055991
0.00575634
0.00575634
0.00590936
0.00590936
0.0060581
0.0060581
0.00620248
0.00620248
0.00634249
0.00634249
0.00647811
0.00647811
0.00660937
0.00660937
0.0067363
0.0067363
0.00685894
0.00685894
0.00697735
0.00697735
0.00709159
0.00709159
0.00720176
0.00720176
0.00730793
0.00730793
0.00741019
0.00741019
0.00750864
0.00750864
0.00760336
0.00760336
0.00769447
0.00769447
0.00778205
0.00778205
0.00786622
0.00786622
0.00794706
0.00794706
0.00802468
0.00802468
0.00809917
0.00809917
0.00817063
0.00817063
0.00823916
0.00823916
0.00830485
0.00830485
0.00836777
0.00836777
0.00842803
0.00842803
0.00848571
0.00848571
0.00854089
0.00854089
0.00859364
0.00859364
0.00864405
0.00864405
0.00869218
0.00869218
0.00873811
0.00873811
0.00878191
0.00878191
0.00882364
0.00882364
0.00886337
0.00886337
0.00890115
0.00890115
0.00893704
0.00893704
0.00897111
0.00897111
0.00900339
0.00900339
0.00903395
0.00903395
0.00906282
0.00906282
0.00909007
0.00909007
0.00911572
0.00911572
0.00913983
0.00913983
0.00916243
0.00916243
0.00918356
0.00918356
0.00920326
0.00920326
0.00922156
0.00922156
0.00923849
0.00923849
0.0092541
0.0092541
0.00926839
0.00926839
0.00928142
0.00928142
0.00929319
0.00929319
0.00930374
0.00930374
0.00931309
0.00931309
0.00932126
0.00932126
0.00932827
0.00932827
0.00933415
0.00933415
0.00933891
0.00933891
0.00934258
0.00934258
0.00934516
0.00934516
0.00934667
0.00934667
0.00934713
0.00934713
0.00934656
0.00934656
0.00934496
0.00934496
0.00934234
0.00934234
0.00933872
0.00933872
0.00933411
0.00933411
0.00932852
0.00932852
0.00932195
0.00932195
0.00931442
0.00931442
0.00930593
0.00930593
0.00929648
0.00929648
0.00928609
0.00928609
0.00927476
0.00927476
0.00926248
0.00926248
0.00924928
0.00924928
0.00923514
0.00923514
0.00922008
0.00922008
0.00920409
0.00920409
0.00918717
0.00918717
0.00916933
0.00916933
0.00915057
0.00915057
0.00913089
0.00913089
0.00911028
0.00911028
0.00908875
0.00908875
0.00906629
0.00906629
0.0090429
0.0090429
0.00901858
0.00901858
0.00899333
0.00899333
0.00896714
0.00896714
0.00894001
0.00894001
0.00891193
0.00891193
0.00888291
0.00888291
0.00885293
0.00885293
0.00882199
0.00882199
0.00879009
0.00879009
0.00875721
0.00875721
0.00872335
0.00872335
0.00868851
0.00868851
0.00865268
0.00865268
0.00861585
0.00861585
0.008578
0.008578
0.00853915
0.00853915
0.00849926
0.00849926
0.00845835
0.00845835
0.00841639
0.00841639
0.00837337
0.00837337
0.0083293
0.0083293
0.00828415
0.00828415
0.00823792
0.00823792
0.00819059
0.00819059
0.00814217
0.00814217
0.00809262
0.00809262
0.00804195
0.00804195
0.00799014
0.00799014
0.00793718
0.00793718
0.00788305
0.00788305
0.00782776
0.00782776
0.00777127
0.00777127
0.00771359
0.00771359
0.0076547
0.0076547
0.00759458
0.00759458
0.00753323
0.00753323
0.00747063
0.00747063
0.00740677
0.00740677
0.00734164
0.00734164
0.00727523
0.00727523
0.00720753
0.00720753
0.00713852
0.00713852
0.00706819
0.00706819
0.00699655
0.00699655
0.00692357
0.00692357
0.00684925
0.00684925
0.00677358
0.00677358
0.00669656
0.00669656
0.00661818
0.00661818
0.00653844
0.00653844
0.00645734
0.00645734
0.00637488
0.00637488
0.00629106
0.00629106
0.00620589
0.00620589
0.00611938
0.00611938
0.00603154
0.00603154
0.00594239
0.00594239
0.00585195
0.00585195
0.00576024
0.00576024
0.00566729
0.00566729
0.00557315
0.00557315
0.00547785
0.00547785
0.00538144
0.00538144
0.005284
0.005284
0.00518558
0.00518558
0.00508627
0.00508627
0.00498616
0.00498616
0.00488537
0.00488537
0.004784
0.004784
0.0046822
0.0046822
0.00458012
0.00458012
0.00447795
0.00447795
0.00437589
0.00437589
0.00427417
0.00427417
0.00417304
0.00417304
0.00407279
0.00407279
0.00397374
0.00397374
0.00387626
0.00387626
0.00378075
0.00378075
0.00368765
0.00368765
0.00359746
0.00359746
0.00351073
0.00351073
0.00342806
0.00342806
0.00335009
0.00335009
0.00327753
0.00327753
0.00321114
0.00321114
0.0031517
0.0031517
0.00310006
0.00310006
0.00305707
0.00305707
0.0030236
0.0030236
0.00300049
0.00300049
0.00298856
0.00298856
1.5804e-07
1.5804e-07
2.54206e-08
2.54206e-08
2.34101e-08
2.34101e-08
6.43069e-08
6.43069e-08
1.63447e-07
1.63447e-07
3.49987e-07
3.49987e-07
6.60203e-07
6.60203e-07
1.13675e-06
1.13675e-06
1.82883e-06
1.82883e-06
2.79257e-06
2.79257e-06
4.09156e-06
4.09156e-06
5.79735e-06
5.79735e-06
7.99015e-06
7.99015e-06
1.07594e-05
1.07594e-05
1.42047e-05
1.42047e-05
1.84362e-05
1.84362e-05
2.35756e-05
2.35756e-05
2.97571e-05
2.97571e-05
3.7128e-05
3.7128e-05
4.58495e-05
4.58495e-05
5.60977e-05
5.60977e-05
6.80643e-05
6.80643e-05
8.19571e-05
8.19571e-05
9.8001e-05
9.8001e-05
0.000116438
0.000116438
0.000137528
0.000137528
0.000161548
0.000161548
0.000188793
0.000188793
0.000219574
0.000219574
0.000254217
0.000254217
0.000293062
0.000293062
0.000336458
0.000336458
0.000384765
0.000384765
0.000438343
0.000438343
0.000497551
0.000497551
0.000562741
0.000562741
0.00063425
0.00063425
0.000712391
0.000712391
0.000797447
0.000797447
0.00088966
0.00088966
0.000989225
0.000989225
0.00109628
0.00109628
0.00121088
0.00121088
0.00133304
0.00133304
0.00146267
0.00146267
0.0015996
0.0015996
0.00174358
0.00174358
0.00189428
0.00189428
0.0020513
0.0020513
0.00221415
0.00221415
0.00238228
0.00238228
0.0025551
0.0025551
0.00273196
0.00273196
0.00291219
0.00291219
0.00309511
0.00309511
0.00328003
0.00328003
0.00346625
0.00346625
0.00365313
0.00365313
0.00384002
0.00384002
0.00402631
0.00402631
0.00421145
0.00421145
0.00439492
0.00439492
0.00457625
0.00457625
0.00475501
0.00475501
0.00493084
0.00493084
0.00510342
0.00510342
0.00527247
0.00527247
0.00543776
0.00543776
0.0055991
0.0055991
0.00575634
0.00575634
0.00590936
0.00590936
0.0060581
0.0060581
0.00620248
0.00620248
0.00634249
0.00634249
0.00647811
0.00647811
0.00660937
0.00660937
0.0067363
0.0067363
0.00685894
0.00685894
0.00697735
0.00697735
0.00709159
0.00709159
0.00720176
0.00720176
0.00730793
0.00730793
0.00741019
0.00741019
0.00750864
0.00750864
0.00760336
0.00760336
0.00769447
0.00769447
0.00778205
0.00778205
0.00786622
0.00786622
0.00794706
0.00794706
0.00802468
0.00802468
0.00809917
0.00809917
0.00817063
0.00817063
0.00823916
0.00823916
0.00830485
0.00830485
0.00836777
0.00836777
0.00842803
0.00842803
0.00848571
0.00848571
0.00854089
0.00854089
0.00859364
0.00859364
0.00864405
0.00864405
0.00869218
0.00869218
0.00873811
0.00873811
0.00878191
0.00878191
0.00882364
0.00882364
0.00886337
0.00886337
0.00890115
0.00890115
0.00893704
0.00893704
0.00897111
0.00897111
0.00900339
0.00900339
0.00903395
0.00903395
0.00906282
0.00906282
0.00909007
0.00909007
0.00911572
0.00911572
0.00913983
0.00913983
0.00916243
0.00916243
0.00918356
0.00918356
0.00920326
0.00920326
0.00922156
0.00922156
0.00923849
0.00923849
0.0092541
0.0092541
0.00926839
0.00926839
0.00928142
0.00928142
0.00929319
0.00929319
0.00930374
0.00930374
0.00931309
0.00931309
0.00932126
0.00932126
0.00932827
0.00932827
0.00933415
0.00933415
0.00933891
0.00933891
0.00934258
0.00934258
0.00934516
0.00934516
0.00934667
0.00934667
0.00934713
0.00934713
0.00934656
0.00934656
0.00934496
0.00934496
0.00934234
0.00934234
0.00933872
0.00933872
0.00933411
0.00933411
0.00932852
0.00932852
0.00932195
0.00932195
0.00931442
0.00931442
0.00930593
0.00930593
0.00929648
0.00929648
0.00928609
0.00928609
0.00927476
0.00927476
0.00926248
0.00926248
0.00924928
0.00924928
0.00923514
0.00923514
0.00922008
0.00922008
0.00920409
0.00920409
0.00918717
0.00918717
0.00916933
0.00916933
0.00915057
0.00915057
0.00913089
0.00913089
0.00911028
0.00911028
0.00908875
0.00908875
0.00906629
0.00906629
0.0090429
0.0090429
0.00901858
0.00901858
0.00899333
0.00899333
0.00896714
0.00896714
0.00894001
0.00894001
0.00891193
0.00891193
0.00888291
0.00888291
0.00885293
0.00885293
0.00882199
0.00882199
0.00879009
0.00879009
0.00875721
0.00875721
0.00872335
0.00872335
0.00868851
0.00868851
0.00865268
0.00865268
0.00861585
0.00861585
0.008578
0.008578
0.00853915
0.00853915
0.00849926
0.00849926
0.00845835
0.00845835
0.00841639
0.00841639
0.00837337
0.00837337
0.0083293
0.0083293
0.00828415
0.00828415
0.00823792
0.00823792
0.00819059
0.00819059
0.00814217
0.00814217
0.00809262
0.00809262
0.00804195
0.00804195
0.00799014
0.00799014
0.00793718
0.00793718
0.00788305
0.00788305
0.00782776
0.00782776
0.00777127
0.00777127
0.00771359
0.00771359
0.0076547
0.0076547
0.00759458
0.00759458
0.00753323
0.00753323
0.00747063
0.00747063
0.00740677
0.00740677
0.00734164
0.00734164
0.00727523
0.00727523
0.00720753
0.00720753
0.00713852
0.00713852
0.00706819
0.00706819
0.00699655
0.00699655
0.00692357
0.00692357
0.00684925
0.00684925
0.00677358
0.00677358
0.00669656
0.00669656
0.00661818
0.00661818
0.00653844
0.00653844
0.00645734
0.00645734
0.00637488
0.00637488
0.00629106
0.00629106
0.00620589
0.00620589
0.00611938
0.00611938
0.00603154
0.00603154
0.00594239
0.00594239
0.00585195
0.00585195
0.00576024
0.00576024
0.00566729
0.00566729
0.00557315
0.00557315
0.00547785
0.00547785
0.00538144
0.00538144
0.005284
0.005284
0.00518558
0.00518558
0.00508627
0.00508627
0.00498616
0.00498616
0.00488537
0.00488537
0.004784
0.004784
0.0046822
0.0046822
0.00458012
0.00458012
0.00447795
0.00447795
0.00437589
0.00437589
0.00427417
0.00427417
0.00417304
0.00417304
0.00407279
0.00407279
0.00397374
0.00397374
0.00387626
0.00387626
0.00378075
0.00378075
0.00368765
0.00368765
0.00359746
0.00359746
0.00351073
0.00351073
0.00342806
0.00342806
0.00335009
0.00335009
0.00327753
0.00327753
0.00321114
0.00321114
0.0031517
0.0031517
0.00310006
0.00310006
0.00305707
0.00305707
0.0030236
0.0030236
0.00300049
0.00300049
0.00298856
0.00298856
0.00298856
0.00298856
0.00300049
0.00300049
0.0030236
0.0030236
0.00305707
0.00305707
0.00310006
0.00310006
0.0031517
0.0031517
0.00321114
0.00321114
0.00327753
0.00327753
0.00335009
0.00335009
0.00342806
0.00342806
0.00351073
0.00351073
0.00359746
0.00359746
0.00368765
0.00368765
0.00378074
0.00378074
0.00387626
0.00387626
0.00397374
0.00397374
0.00407279
0.00407279
0.00417304
0.00417304
0.00427417
0.00427417
0.00437589
0.00437589
0.00447795
0.00447795
0.00458012
0.00458012
0.0046822
0.0046822
0.004784
0.004784
0.00488536
0.00488536
0.00498616
0.00498616
0.00508627
0.00508627
0.00518558
0.00518558
0.005284
0.005284
0.00538144
0.00538144
0.00547785
0.00547785
0.00557315
0.00557315
0.00566729
0.00566729
0.00576024
0.00576024
0.00585195
0.00585195
0.00594239
0.00594239
0.00603154
0.00603154
0.00611938
0.00611938
0.00620589
0.00620589
0.00629106
0.00629106
0.00637488
0.00637488
0.00645734
0.00645734
0.00653844
0.00653844
0.00661818
0.00661818
0.00669655
0.00669655
0.00677358
0.00677358
0.00684924
0.00684924
0.00692357
0.00692357
0.00699655
0.00699655
0.00706819
0.00706819
0.00713852
0.00713852
0.00720753
0.00720753
0.00727523
0.00727523
0.00734164
0.00734164
0.00740677
0.00740677
0.00747063
0.00747063
0.00753323
0.00753323
0.00759458
0.00759458
0.00765469
0.00765469
0.00771359
0.00771359
0.00777127
0.00777127
0.00782775
0.00782775
0.00788305
0.00788305
0.00793718
0.00793718
0.00799014
0.00799014
0.00804195
0.00804195
0.00809262
0.00809262
0.00814216
0.00814216
0.00819059
0.00819059
0.00823792
0.00823792
0.00828415
0.00828415
0.0083293
0.0083293
0.00837337
0.00837337
0.00841639
0.00841639
0.00845835
0.00845835
0.00849926
0.00849926
0.00853915
0.00853915
0.008578
0.008578
0.00861585
0.00861585
0.00865268
0.00865268
0.00868851
0.00868851
0.00872335
0.00872335
0.00875721
0.00875721
0.00879009
0.00879009
0.00882199
0.00882199
0.00885293
0.00885293
0.00888291
0.00888291
0.00891193
0.00891193
0.00894001
0.00894001
0.00896714
0.00896714
0.00899333
0.00899333
0.00901858
0.00901858
0.0090429
0.0090429
0.00906629
0.00906629
0.00908874
0.00908874
0.00911028
0.00911028
0.00913089
0.00913089
0.00915057
0.00915057
0.00916933
0.00916933
0.00918717
0.00918717
0.00920408
0.00920408
0.00922008
0.00922008
0.00923514
0.00923514
0.00924928
0.00924928
0.00926248
0.00926248
0.00927475
0.00927475
0.00928609
0.00928609
0.00929648
0.00929648
0.00930593
0.00930593
0.00931442
0.00931442
0.00932195
0.00932195
0.00932852
0.00932852
0.00933411
0.00933411
0.00933872
0.00933872
0.00934234
0.00934234
0.00934496
0.00934496
0.00934656
0.00934656
0.00934713
0.00934713
0.00934667
0.00934667
0.00934516
0.00934516
0.00934258
0.00934258
0.00933891
0.00933891
0.00933415
0.00933415
0.00932827
0.00932827
0.00932126
0.00932126
0.00931309
0.00931309
0.00930374
0.00930374
0.00929319
0.00929319
0.00928142
0.00928142
0.00926839
0.00926839
0.0092541
0.0092541
0.00923849
0.00923849
0.00922156
0.00922156
0.00920326
0.00920326
0.00918356
0.00918356
0.00916243
0.00916243
0.00913983
0.00913983
0.00911572
0.00911572
0.00909007
0.00909007
0.00906282
0.00906282
0.00903395
0.00903395
0.00900339
0.00900339
0.00897111
0.00897111
0.00893705
0.00893705
0.00890115
0.00890115
0.00886337
0.00886337
0.00882364
0.00882364
0.00878191
0.00878191
0.00873811
0.00873811
0.00869218
0.00869218
0.00864405
0.00864405
0.00859364
0.00859364
0.00854089
0.00854089
0.00848571
0.00848571
0.00842804
0.00842804
0.00836777
0.00836777
0.00830485
0.00830485
0.00823916
0.00823916
0.00817064
0.00817064
0.00809917
0.00809917
0.00802468
0.00802468
0.00794706
0.00794706
0.00786622
0.00786622
0.00778205
0.00778205
0.00769447
0.00769447
0.00760336
0.00760336
0.00750864
0.00750864
0.00741019
0.00741019
0.00730793
0.00730793
0.00720176
0.00720176
0.0070916
0.0070916
0.00697735
0.00697735
0.00685894
0.00685894
0.0067363
0.0067363
0.00660937
0.00660937
0.00647811
0.00647811
0.00634249
0.00634249
0.00620248
0.00620248
0.0060581
0.0060581
0.00590937
0.00590937
0.00575634
0.00575634
0.0055991
0.0055991
0.00543776
0.00543776
0.00527247
0.00527247
0.00510342
0.00510342
0.00493084
0.00493084
0.00475501
0.00475501
0.00457625
0.00457625
0.00439492
0.00439492
0.00421145
0.00421145
0.00402631
0.00402631
0.00384002
0.00384002
0.00365313
0.00365313
0.00346625
0.00346625
0.00328003
0.00328003
0.00309511
0.00309511
0.00291219
0.00291219
0.00273196
0.00273196
0.0025551
0.0025551
0.00238228
0.00238228
0.00221415
0.00221415
0.0020513
0.0020513
0.00189428
0.00189428
0.00174358
0.00174358
0.0015996
0.0015996
0.00146267
0.00146267
0.00133304
0.00133304
0.00121088
0.00121088
0.00109628
0.00109628
0.000989225
0.000989225
0.00088966
0.00088966
0.000797447
0.000797447
0.000712391
0.000712391
0.00063425
0.00063425
0.000562741
0.000562741
0.000497551
0.000497551
0.000438343
0.000438343
0.000384765
0.000384765
0.000336458
0.000336458
0.000293062
0.000293062
0.000254217
0.000254217
0.000219574
0.000219574
0.000188793
0.000188793
0.000161548
0.000161548
0.000137528
0.000137528
0.000116438
0.000116438
9.8001e-05
9.8001e-05
8.19571e-05
8.19571e-05
6.80643e-05
6.80643e-05
5.60977e-05
5.60977e-05
4.58495e-05
4.58495e-05
3.7128e-05
3.7128e-05
2.97571e-05
2.97571e-05
2.35756e-05
2.35756e-05
1.84362e-05
1.84362e-05
1.42047e-05
1.42047e-05
1.07594e-05
1.07594e-05
7.99015e-06
7.99015e-06
5.79735e-06
5.79735e-06
4.09156e-06
4.09156e-06
2.79257e-06
2.79257e-06
1.82883e-06
1.82883e-06
1.13675e-06
1.13675e-06
6.60203e-07
6.60203e-07
3.49987e-07
3.49987e-07
1.63447e-07
1.63447e-07
6.4307e-08
6.4307e-08
2.34103e-08
2.34103e-08
2.54208e-08
2.54208e-08
1.58041e-07
1.58041e-07
0.00298856
0.00298856
0.00300049
0.00300049
0.0030236
0.0030236
0.00305707
0.00305707
0.00310006
0.00310006
0.0031517
0.0031517
0.00321114
0.00321114
0.00327753
0.00327753
0.00335009
0.00335009
0.00342806
0.00342806
0.00351073
0.00351073
0.00359746
0.00359746
0.00368765
0.00368765
0.00378074
0.00378074
0.00387626
0.00387626
0.00397374
0.00397374
0.00407279
0.00407279
0.00417304
0.00417304
0.00427417
0.00427417
0.00437589
0.00437589
0.00447795
0.00447795
0.00458012
0.00458012
0.0046822
0.0046822
0.004784
0.004784
0.00488536
0.00488536
0.00498616
0.00498616
0.00508627
0.00508627
0.00518558
0.00518558
0.005284
0.005284
0.00538144
0.00538144
0.00547785
0.00547785
0.00557315
0.00557315
0.00566729
0.00566729
0.00576024
0.00576024
0.00585195
0.00585195
0.00594239
0.00594239
0.00603154
0.00603154
0.00611938
0.00611938
0.00620589
0.00620589
0.00629106
0.00629106
0.00637488
0.00637488
0.00645734
0.00645734
0.00653844
0.00653844
0.00661818
0.00661818
0.00669655
0.00669655
0.00677358
0.00677358
0.00684924
0.00684924
0.00692357
0.00692357
0.00699655
0.00699655
0.00706819
0.00706819
0.00713852
0.00713852
0.00720753
0.00720753
0.00727523
0.00727523
0.00734164
0.00734164
0.00740677
0.00740677
0.00747063
0.00747063
0.00753323
0.00753323
0.00759458
0.00759458
0.00765469
0.00765469
0.00771359
0.00771359
0.00777127
0.00777127
0.00782775
0.00782775
0.00788305
0.00788305
0.00793718
0.00793718
0.00799014
0.00799014
0.00804195
0.00804195
0.00809262
0.00809262
0.00814216
0.00814216
0.00819059
0.00819059
0.00823792
0.00823792
0.00828415
0.00828415
0.0083293
0.0083293
0.00837337
0.00837337
0.00841639
0.00841639
0.00845835
0.00845835
0.00849926
0.00849926
0.00853915
0.00853915
0.008578
0.008578
0.00861585
0.00861585
0.00865268
0.00865268
0.00868851
0.00868851
0.00872335
0.00872335
0.00875721
0.00875721
0.00879009
0.00879009
0.00882199
0.00882199
0.00885293
0.00885293
0.00888291
0.00888291
0.00891193
0.00891193
0.00894001
0.00894001
0.00896714
0.00896714
0.00899333
0.00899333
0.00901858
0.00901858
0.0090429
0.0090429
0.00906629
0.00906629
0.00908874
0.00908874
0.00911028
0.00911028
0.00913089
0.00913089
0.00915057
0.00915057
0.00916933
0.00916933
0.00918717
0.00918717
0.00920408
0.00920408
0.00922008
0.00922008
0.00923514
0.00923514
0.00924928
0.00924928
0.00926248
0.00926248
0.00927475
0.00927475
0.00928609
0.00928609
0.00929648
0.00929648
0.00930593
0.00930593
0.00931442
0.00931442
0.00932195
0.00932195
0.00932852
0.00932852
0.00933411
0.00933411
0.00933872
0.00933872
0.00934234
0.00934234
0.00934496
0.00934496
0.00934656
0.00934656
0.00934713
0.00934713
0.00934667
0.00934667
0.00934516
0.00934516
0.00934258
0.00934258
0.00933891
0.00933891
0.00933415
0.00933415
0.00932827
0.00932827
0.00932126
0.00932126
0.00931309
0.00931309
0.00930374
0.00930374
0.00929319
0.00929319
0.00928142
0.00928142
0.00926839
0.00926839
0.0092541
0.0092541
0.00923849
0.00923849
0.00922156
0.00922156
0.00920326
0.00920326
0.00918356
0.00918356
0.00916243
0.00916243
0.00913983
0.00913983
0.00911572
0.00911572
0.00909007
0.00909007
0.00906282
0.00906282
0.00903395
0.00903395
0.00900339
0.00900339
0.00897111
0.00897111
0.00893705
0.00893705
0.00890115
0.00890115
0.00886337
0.00886337
0.00882364
0.00882364
0.00878191
0.00878191
0.00873811
0.00873811
0.00869218
0.00869218
0.00864405
0.00864405
0.00859364
0.00859364
0.00854089
0.00854089
0.00848571
0.00848571
0.00842804
0.00842804
0.00836777
0.00836777
0.00830485
0.00830485
0.00823916
0.00823916
0.00817064
0.00817064
0.00809917
0.00809917
0.00802468
0.00802468
0.00794706
0.00794706
0.00786622
0.00786622
0.00778205
0.00778205
0.00769447
0.00769447
0.00760336
0.00760336
0.00750864
0.00750864
0.00741019
0.00741019
0.00730793
0.00730793
0.00720176
0.00720176
0.0070916
0.0070916
0.00697735
0.00697735
0.00685894
0.00685894
0.0067363
0.0067363
0.00660937
0.00660937
0.00647811
0.00647811
0.00634249
0.00634249
0.00620248
0.00620248
0.0060581
0.0060581
0.00590937
0.00590937
0.00575634
0.00575634
0.0055991
0.0055991
0.00543776
0.00543776
0.00527247
0.00527247
0.00510342
0.00510342
0.00493084
0.00493084
0.00475501
0.00475501
0.00457625
0.00457625
0.00439492
0.00439492
0.00421145
0.00421145
0.00402631
0.00402631
0.00384002
0.00384002
0.00365313
0.00365313
0.00346625
0.00346625
0.00328003
0.00328003
0.00309511
0.00309511
0.00291219
0.00291219
0.00273196
0.00273196
0.0025551
0.0025551
0.00238228
0.00238228
0.00221415
0.00221415
0.0020513
0.0020513
0.00189428
0.00189428
0.00174358
0.00174358
0.0015996
0.0015996
0.00146267
0.00146267
0.00133304
0.00133304
0.00121088
0.00121088
0.00109628
0.00109628
0.000989225
0.000989225
0.00088966
0.00088966
0.000797447
0.000797447
0.000712391
0.000712391
0.00063425
0.00063425
0.000562741
0.000562741
0.000497551
0.000497551
0.000438343
0.000438343
0.000384765
0.000384765
0.000336458
0.000336458
0.000293062
0.000293062
0.000254217
0.000254217
0.000219574
0.000219574
0.000188793
0.000188793
0.000161548
0.000161548
0.000137528
0.000137528
0.000116438
0.000116438
9.8001e-05
9.8001e-05
8.19571e-05
8.19571e-05
6.80643e-05
6.80643e-05
5.60977e-05
5.60977e-05
4.58495e-05
4.58495e-05
3.7128e-05
3.7128e-05
2.97571e-05
2.97571e-05
2.35756e-05
2.35756e-05
1.84362e-05
1.84362e-05
1.42047e-05
1.42047e-05
1.07594e-05
1.07594e-05
7.99015e-06
7.99015e-06
5.79735e-06
5.79735e-06
4.09156e-06
4.09156e-06
2.79257e-06
2.79257e-06
1.82883e-06
1.82883e-06
1.13675e-06
1.13675e-06
6.60203e-07
6.60203e-07
3.49987e-07
3.49987e-07
1.63447e-07
1.63447e-07
6.4307e-08
6.4307e-08
2.34103e-08
2.34103e-08
2.54208e-08
2.54208e-08
1.58041e-07
1.58041e-07
)
;

boundaryField
{
    walls
    {
        type            kqRWallFunction;
        value           nonuniform List<scalar> 8(1.5804e-07 1.5804e-07 1.5804e-07 1.5804e-07 1.58041e-07 1.58041e-07 1.58041e-07 1.58041e-07);
    }
    inlet
    {
        type            cyclic;
    }
    outlet
    {
        type            cyclic;
    }
    sides
    {
        type            empty;
    }
}


// ************************************************************************* //
