/*--------------------------------*- C++ -*----------------------------------*\
| =========                 |                                                 |
| \\      /  F ield         | OpenFOAM: The Open Source CFD Toolbox           |
|  \\    /   O peration     | Version:  2106                                  |
|   \\  /    A nd           | Website:  www.openfoam.com                      |
|    \\/     M anipulation  |                                                 |
\*---------------------------------------------------------------------------*/
FoamFile
{
    version     2.0;
    format      ascii;
    arch        "LSB;label=32;scalar=64";
    class       volScalarField;
    location    "10020";
    object      nut;
}
// * * * * * * * * * * * * * * * * * * * * * * * * * * * * * * * * * * * * * //

dimensions      [0 2 -1 0 0 0 0];

internalField   nonuniform List<scalar> 
2000
(
1.16652e-13
1.16652e-13
1.08108e-13
1.08108e-13
2.94832e-13
2.94832e-13
1.7248e-12
1.7248e-12
7.76826e-12
7.76826e-12
2.63068e-11
2.63068e-11
7.272e-11
7.272e-11
1.73796e-10
1.73796e-10
3.72728e-10
3.72728e-10
7.35382e-10
7.35382e-10
1.35806e-09
1.35806e-09
2.37701e-09
2.37701e-09
3.97992e-09
3.97992e-09
6.41977e-09
6.41977e-09
1.00313e-08
1.00313e-08
1.52504e-08
1.52504e-08
2.26373e-08
2.26373e-08
3.29025e-08
3.29025e-08
4.6938e-08
4.6938e-08
6.58523e-08
6.58523e-08
9.10099e-08
9.10099e-08
1.24076e-07
1.24076e-07
1.67068e-07
1.67068e-07
2.22405e-07
2.22405e-07
2.92975e-07
2.92975e-07
3.82188e-07
3.82188e-07
4.94051e-07
4.94051e-07
6.33231e-07
6.33231e-07
8.05122e-07
8.05122e-07
1.01591e-06
1.01591e-06
1.27264e-06
1.27264e-06
1.58325e-06
1.58325e-06
1.95664e-06
1.95664e-06
2.40265e-06
2.40265e-06
2.93212e-06
2.93212e-06
3.55684e-06
3.55684e-06
4.28949e-06
4.28949e-06
5.14362e-06
5.14362e-06
6.1335e-06
6.1335e-06
7.27402e-06
7.27402e-06
8.58053e-06
8.58053e-06
1.00687e-05
1.00687e-05
1.17541e-05
1.17541e-05
1.36525e-05
1.36525e-05
1.57792e-05
1.57792e-05
1.8149e-05
1.8149e-05
2.07759e-05
2.07759e-05
2.36732e-05
2.36732e-05
2.68532e-05
2.68532e-05
3.03272e-05
3.03272e-05
3.41053e-05
3.41053e-05
3.81963e-05
3.81963e-05
4.2608e-05
4.2608e-05
4.73471e-05
4.73471e-05
5.24192e-05
5.24192e-05
5.78288e-05
5.78288e-05
6.35798e-05
6.35798e-05
6.96749e-05
6.96749e-05
7.61165e-05
7.61165e-05
8.29062e-05
8.29062e-05
9.00452e-05
9.00452e-05
9.75344e-05
9.75344e-05
0.000105374
0.000105374
0.000113565
0.000113565
0.000122108
0.000122108
0.000131002
0.000131002
0.000140247
0.000140247
0.000149844
0.000149844
0.000159794
0.000159794
0.000170096
0.000170096
0.000180751
0.000180751
0.000191759
0.000191759
0.000203122
0.000203122
0.000214841
0.000214841
0.000226916
0.000226916
0.000239349
0.000239349
0.000252142
0.000252142
0.000265296
0.000265296
0.000278813
0.000278813
0.000292695
0.000292695
0.000306944
0.000306944
0.000321562
0.000321562
0.000336553
0.000336553
0.000351919
0.000351919
0.000367662
0.000367662
0.000383786
0.000383786
0.000400293
0.000400293
0.000417187
0.000417187
0.000434472
0.000434472
0.00045215
0.00045215
0.000470225
0.000470225
0.000488701
0.000488701
0.000507582
0.000507582
0.000526871
0.000526871
0.000546573
0.000546573
0.000566691
0.000566691
0.000587229
0.000587229
0.000608193
0.000608193
0.000629585
0.000629585
0.00065141
0.00065141
0.000673674
0.000673674
0.000696379
0.000696379
0.000719531
0.000719531
0.000743134
0.000743134
0.000767192
0.000767192
0.000791711
0.000791711
0.000816695
0.000816695
0.000842148
0.000842148
0.000868076
0.000868076
0.000894482
0.000894482
0.000921372
0.000921372
0.000948751
0.000948751
0.000976622
0.000976622
0.00100499
0.00100499
0.00103386
0.00103386
0.00106324
0.00106324
0.00109313
0.00109313
0.00112354
0.00112354
0.00115447
0.00115447
0.00118592
0.00118592
0.00121791
0.00121791
0.00125043
0.00125043
0.00128349
0.00128349
0.00131709
0.00131709
0.00135124
0.00135124
0.00138594
0.00138594
0.0014212
0.0014212
0.00145702
0.00145702
0.00149341
0.00149341
0.00153036
0.00153036
0.00156788
0.00156788
0.00160598
0.00160598
0.00164466
0.00164466
0.00168393
0.00168393
0.00172378
0.00172378
0.00176421
0.00176421
0.00180524
0.00180524
0.00184687
0.00184687
0.00188909
0.00188909
0.00193191
0.00193191
0.00197533
0.00197533
0.00201935
0.00201935
0.00206398
0.00206398
0.00210922
0.00210922
0.00215506
0.00215506
0.00220151
0.00220151
0.00224857
0.00224857
0.00229624
0.00229624
0.00234452
0.00234452
0.00239341
0.00239341
0.00244291
0.00244291
0.00249301
0.00249301
0.00254371
0.00254371
0.00259502
0.00259502
0.00264694
0.00264694
0.00269944
0.00269944
0.00275255
0.00275255
0.00280624
0.00280624
0.00286052
0.00286052
0.00291539
0.00291539
0.00297083
0.00297083
0.00302684
0.00302684
0.00308341
0.00308341
0.00314054
0.00314054
0.00319822
0.00319822
0.00325644
0.00325644
0.00331519
0.00331519
0.00337446
0.00337446
0.00343424
0.00343424
0.00349452
0.00349452
0.00355528
0.00355528
0.00361652
0.00361652
0.00367822
0.00367822
0.00374036
0.00374036
0.00380293
0.00380293
0.0038659
0.0038659
0.00392927
0.00392927
0.00399302
0.00399302
0.00405711
0.00405711
0.00412154
0.00412154
0.00418627
0.00418627
0.00425129
0.00425129
0.00431657
0.00431657
0.00438208
0.00438208
0.00444779
0.00444779
0.00451368
0.00451368
0.00457971
0.00457971
0.00464585
0.00464585
0.00471206
0.00471206
0.00477832
0.00477832
0.00484457
0.00484457
0.00491079
0.00491079
0.00497693
0.00497693
0.00504295
0.00504295
0.00510879
0.00510879
0.00517443
0.00517443
0.00523979
0.00523979
0.00530484
0.00530484
0.00536952
0.00536952
0.00543377
0.00543377
0.00549753
0.00549753
0.00556074
0.00556074
0.00562335
0.00562335
0.00568527
0.00568527
0.00574644
0.00574644
0.00580679
0.00580679
0.00586625
0.00586625
0.00592473
0.00592473
0.00598217
0.00598217
0.00603846
0.00603846
0.00609353
0.00609353
0.00614728
0.00614728
0.00619963
0.00619963
0.00625048
0.00625048
0.00629973
0.00629973
0.00634728
0.00634728
0.00639303
0.00639303
0.00643686
0.00643686
0.00647868
0.00647868
0.00651837
0.00651837
0.00655582
0.00655582
0.00659092
0.00659092
0.00662356
0.00662356
0.00665362
0.00665362
0.006681
0.006681
0.00670559
0.00670559
0.0067273
0.0067273
0.00674601
0.00674601
0.00676166
0.00676166
0.00677416
0.00677416
0.00678345
0.00678345
0.0067895
0.0067895
0.00679229
0.00679229
0.00679183
0.00679183
0.00678817
0.00678817
0.00678139
0.00678139
0.00677163
0.00677163
0.00675909
0.00675909
0.00674401
0.00674401
0.00672673
0.00672673
0.00670766
0.00670766
0.0066873
0.0066873
0.00666621
0.00666621
0.00664507
0.00664507
0.00662462
0.00662462
0.00660566
0.00660566
0.006589
0.006589
0.00657548
0.00657548
0.00656586
0.00656586
0.0065608
0.0065608
1.16652e-13
1.16652e-13
1.08108e-13
1.08108e-13
2.94832e-13
2.94832e-13
1.7248e-12
1.7248e-12
7.76826e-12
7.76826e-12
2.63068e-11
2.63068e-11
7.272e-11
7.272e-11
1.73796e-10
1.73796e-10
3.72728e-10
3.72728e-10
7.35382e-10
7.35382e-10
1.35806e-09
1.35806e-09
2.37701e-09
2.37701e-09
3.97992e-09
3.97992e-09
6.41977e-09
6.41977e-09
1.00313e-08
1.00313e-08
1.52504e-08
1.52504e-08
2.26373e-08
2.26373e-08
3.29025e-08
3.29025e-08
4.6938e-08
4.6938e-08
6.58523e-08
6.58523e-08
9.10099e-08
9.10099e-08
1.24076e-07
1.24076e-07
1.67068e-07
1.67068e-07
2.22405e-07
2.22405e-07
2.92975e-07
2.92975e-07
3.82188e-07
3.82188e-07
4.94051e-07
4.94051e-07
6.33231e-07
6.33231e-07
8.05122e-07
8.05122e-07
1.01591e-06
1.01591e-06
1.27264e-06
1.27264e-06
1.58325e-06
1.58325e-06
1.95664e-06
1.95664e-06
2.40265e-06
2.40265e-06
2.93212e-06
2.93212e-06
3.55684e-06
3.55684e-06
4.28949e-06
4.28949e-06
5.14362e-06
5.14362e-06
6.1335e-06
6.1335e-06
7.27402e-06
7.27402e-06
8.58053e-06
8.58053e-06
1.00687e-05
1.00687e-05
1.17541e-05
1.17541e-05
1.36525e-05
1.36525e-05
1.57792e-05
1.57792e-05
1.8149e-05
1.8149e-05
2.07759e-05
2.07759e-05
2.36732e-05
2.36732e-05
2.68532e-05
2.68532e-05
3.03272e-05
3.03272e-05
3.41053e-05
3.41053e-05
3.81963e-05
3.81963e-05
4.2608e-05
4.2608e-05
4.73471e-05
4.73471e-05
5.24192e-05
5.24192e-05
5.78288e-05
5.78288e-05
6.35798e-05
6.35798e-05
6.96749e-05
6.96749e-05
7.61165e-05
7.61165e-05
8.29062e-05
8.29062e-05
9.00452e-05
9.00452e-05
9.75344e-05
9.75344e-05
0.000105374
0.000105374
0.000113565
0.000113565
0.000122108
0.000122108
0.000131002
0.000131002
0.000140247
0.000140247
0.000149844
0.000149844
0.000159794
0.000159794
0.000170096
0.000170096
0.000180751
0.000180751
0.000191759
0.000191759
0.000203122
0.000203122
0.000214841
0.000214841
0.000226916
0.000226916
0.000239349
0.000239349
0.000252142
0.000252142
0.000265296
0.000265296
0.000278813
0.000278813
0.000292695
0.000292695
0.000306944
0.000306944
0.000321562
0.000321562
0.000336553
0.000336553
0.000351919
0.000351919
0.000367662
0.000367662
0.000383786
0.000383786
0.000400293
0.000400293
0.000417187
0.000417187
0.000434472
0.000434472
0.00045215
0.00045215
0.000470225
0.000470225
0.000488701
0.000488701
0.000507582
0.000507582
0.000526871
0.000526871
0.000546573
0.000546573
0.000566691
0.000566691
0.000587229
0.000587229
0.000608193
0.000608193
0.000629585
0.000629585
0.00065141
0.00065141
0.000673674
0.000673674
0.000696379
0.000696379
0.000719531
0.000719531
0.000743134
0.000743134
0.000767192
0.000767192
0.000791711
0.000791711
0.000816695
0.000816695
0.000842148
0.000842148
0.000868076
0.000868076
0.000894482
0.000894482
0.000921372
0.000921372
0.000948751
0.000948751
0.000976622
0.000976622
0.00100499
0.00100499
0.00103386
0.00103386
0.00106324
0.00106324
0.00109313
0.00109313
0.00112354
0.00112354
0.00115447
0.00115447
0.00118592
0.00118592
0.00121791
0.00121791
0.00125043
0.00125043
0.00128349
0.00128349
0.00131709
0.00131709
0.00135124
0.00135124
0.00138594
0.00138594
0.0014212
0.0014212
0.00145702
0.00145702
0.00149341
0.00149341
0.00153036
0.00153036
0.00156788
0.00156788
0.00160598
0.00160598
0.00164466
0.00164466
0.00168393
0.00168393
0.00172378
0.00172378
0.00176421
0.00176421
0.00180524
0.00180524
0.00184687
0.00184687
0.00188909
0.00188909
0.00193191
0.00193191
0.00197533
0.00197533
0.00201935
0.00201935
0.00206398
0.00206398
0.00210922
0.00210922
0.00215506
0.00215506
0.00220151
0.00220151
0.00224857
0.00224857
0.00229624
0.00229624
0.00234452
0.00234452
0.00239341
0.00239341
0.00244291
0.00244291
0.00249301
0.00249301
0.00254371
0.00254371
0.00259502
0.00259502
0.00264694
0.00264694
0.00269944
0.00269944
0.00275255
0.00275255
0.00280624
0.00280624
0.00286052
0.00286052
0.00291539
0.00291539
0.00297083
0.00297083
0.00302684
0.00302684
0.00308341
0.00308341
0.00314054
0.00314054
0.00319822
0.00319822
0.00325644
0.00325644
0.00331519
0.00331519
0.00337446
0.00337446
0.00343424
0.00343424
0.00349452
0.00349452
0.00355528
0.00355528
0.00361652
0.00361652
0.00367822
0.00367822
0.00374036
0.00374036
0.00380293
0.00380293
0.0038659
0.0038659
0.00392927
0.00392927
0.00399302
0.00399302
0.00405711
0.00405711
0.00412154
0.00412154
0.00418627
0.00418627
0.00425129
0.00425129
0.00431657
0.00431657
0.00438208
0.00438208
0.00444779
0.00444779
0.00451368
0.00451368
0.00457971
0.00457971
0.00464585
0.00464585
0.00471206
0.00471206
0.00477832
0.00477832
0.00484457
0.00484457
0.00491079
0.00491079
0.00497693
0.00497693
0.00504295
0.00504295
0.00510879
0.00510879
0.00517443
0.00517443
0.00523979
0.00523979
0.00530484
0.00530484
0.00536952
0.00536952
0.00543377
0.00543377
0.00549753
0.00549753
0.00556074
0.00556074
0.00562335
0.00562335
0.00568527
0.00568527
0.00574644
0.00574644
0.00580679
0.00580679
0.00586625
0.00586625
0.00592473
0.00592473
0.00598217
0.00598217
0.00603846
0.00603846
0.00609353
0.00609353
0.00614728
0.00614728
0.00619963
0.00619963
0.00625048
0.00625048
0.00629973
0.00629973
0.00634728
0.00634728
0.00639303
0.00639303
0.00643686
0.00643686
0.00647868
0.00647868
0.00651837
0.00651837
0.00655582
0.00655582
0.00659092
0.00659092
0.00662356
0.00662356
0.00665362
0.00665362
0.006681
0.006681
0.00670559
0.00670559
0.0067273
0.0067273
0.00674601
0.00674601
0.00676166
0.00676166
0.00677416
0.00677416
0.00678345
0.00678345
0.0067895
0.0067895
0.00679229
0.00679229
0.00679183
0.00679183
0.00678817
0.00678817
0.00678139
0.00678139
0.00677163
0.00677163
0.00675909
0.00675909
0.00674401
0.00674401
0.00672673
0.00672673
0.00670766
0.00670766
0.0066873
0.0066873
0.00666621
0.00666621
0.00664507
0.00664507
0.00662462
0.00662462
0.00660566
0.00660566
0.006589
0.006589
0.00657548
0.00657548
0.00656586
0.00656586
0.0065608
0.0065608
0.0065608
0.0065608
0.00656586
0.00656586
0.00657548
0.00657548
0.006589
0.006589
0.00660565
0.00660565
0.00662462
0.00662462
0.00664507
0.00664507
0.00666621
0.00666621
0.0066873
0.0066873
0.00670766
0.00670766
0.00672673
0.00672673
0.00674401
0.00674401
0.00675909
0.00675909
0.00677163
0.00677163
0.00678139
0.00678139
0.00678817
0.00678817
0.00679183
0.00679183
0.00679229
0.00679229
0.0067895
0.0067895
0.00678345
0.00678345
0.00677415
0.00677415
0.00676166
0.00676166
0.00674601
0.00674601
0.00672729
0.00672729
0.00670559
0.00670559
0.006681
0.006681
0.00665362
0.00665362
0.00662356
0.00662356
0.00659092
0.00659092
0.00655582
0.00655582
0.00651837
0.00651837
0.00647868
0.00647868
0.00643686
0.00643686
0.00639303
0.00639303
0.00634728
0.00634728
0.00629973
0.00629973
0.00625048
0.00625048
0.00619963
0.00619963
0.00614728
0.00614728
0.00609353
0.00609353
0.00603846
0.00603846
0.00598216
0.00598216
0.00592473
0.00592473
0.00586625
0.00586625
0.00580679
0.00580679
0.00574644
0.00574644
0.00568527
0.00568527
0.00562334
0.00562334
0.00556074
0.00556074
0.00549753
0.00549753
0.00543377
0.00543377
0.00536952
0.00536952
0.00530484
0.00530484
0.00523979
0.00523979
0.00517443
0.00517443
0.00510879
0.00510879
0.00504295
0.00504295
0.00497693
0.00497693
0.00491079
0.00491079
0.00484457
0.00484457
0.00477832
0.00477832
0.00471206
0.00471206
0.00464585
0.00464585
0.00457971
0.00457971
0.00451368
0.00451368
0.00444779
0.00444779
0.00438208
0.00438208
0.00431657
0.00431657
0.00425129
0.00425129
0.00418627
0.00418627
0.00412154
0.00412154
0.00405711
0.00405711
0.00399302
0.00399302
0.00392927
0.00392927
0.0038659
0.0038659
0.00380293
0.00380293
0.00374036
0.00374036
0.00367822
0.00367822
0.00361652
0.00361652
0.00355528
0.00355528
0.00349452
0.00349452
0.00343424
0.00343424
0.00337446
0.00337446
0.00331519
0.00331519
0.00325644
0.00325644
0.00319822
0.00319822
0.00314054
0.00314054
0.00308341
0.00308341
0.00302684
0.00302684
0.00297083
0.00297083
0.00291539
0.00291539
0.00286052
0.00286052
0.00280624
0.00280624
0.00275255
0.00275255
0.00269944
0.00269944
0.00264694
0.00264694
0.00259502
0.00259502
0.00254371
0.00254371
0.00249301
0.00249301
0.00244291
0.00244291
0.00239341
0.00239341
0.00234452
0.00234452
0.00229624
0.00229624
0.00224857
0.00224857
0.00220151
0.00220151
0.00215506
0.00215506
0.00210922
0.00210922
0.00206398
0.00206398
0.00201935
0.00201935
0.00197533
0.00197533
0.00193191
0.00193191
0.00188909
0.00188909
0.00184686
0.00184686
0.00180524
0.00180524
0.00176421
0.00176421
0.00172378
0.00172378
0.00168393
0.00168393
0.00164466
0.00164466
0.00160598
0.00160598
0.00156788
0.00156788
0.00153036
0.00153036
0.00149341
0.00149341
0.00145702
0.00145702
0.0014212
0.0014212
0.00138594
0.00138594
0.00135124
0.00135124
0.00131709
0.00131709
0.00128349
0.00128349
0.00125043
0.00125043
0.00121791
0.00121791
0.00118592
0.00118592
0.00115447
0.00115447
0.00112354
0.00112354
0.00109313
0.00109313
0.00106324
0.00106324
0.00103386
0.00103386
0.00100499
0.00100499
0.000976622
0.000976622
0.000948751
0.000948751
0.000921372
0.000921372
0.000894482
0.000894482
0.000868076
0.000868076
0.000842148
0.000842148
0.000816695
0.000816695
0.000791711
0.000791711
0.000767192
0.000767192
0.000743134
0.000743134
0.000719531
0.000719531
0.000696379
0.000696379
0.000673674
0.000673674
0.00065141
0.00065141
0.000629585
0.000629585
0.000608193
0.000608193
0.000587229
0.000587229
0.000566691
0.000566691
0.000546573
0.000546573
0.000526871
0.000526871
0.000507582
0.000507582
0.000488701
0.000488701
0.000470225
0.000470225
0.00045215
0.00045215
0.000434472
0.000434472
0.000417187
0.000417187
0.000400293
0.000400293
0.000383786
0.000383786
0.000367662
0.000367662
0.000351919
0.000351919
0.000336553
0.000336553
0.000321562
0.000321562
0.000306944
0.000306944
0.000292695
0.000292695
0.000278813
0.000278813
0.000265296
0.000265296
0.000252142
0.000252142
0.00023935
0.00023935
0.000226916
0.000226916
0.000214841
0.000214841
0.000203122
0.000203122
0.000191759
0.000191759
0.000180751
0.000180751
0.000170096
0.000170096
0.000159794
0.000159794
0.000149844
0.000149844
0.000140247
0.000140247
0.000131002
0.000131002
0.000122108
0.000122108
0.000113565
0.000113565
0.000105374
0.000105374
9.75344e-05
9.75344e-05
9.00452e-05
9.00452e-05
8.29062e-05
8.29062e-05
7.61165e-05
7.61165e-05
6.96749e-05
6.96749e-05
6.35797e-05
6.35797e-05
5.78288e-05
5.78288e-05
5.24192e-05
5.24192e-05
4.73471e-05
4.73471e-05
4.2608e-05
4.2608e-05
3.81963e-05
3.81963e-05
3.41053e-05
3.41053e-05
3.03272e-05
3.03272e-05
2.68532e-05
2.68532e-05
2.36732e-05
2.36732e-05
2.07759e-05
2.07759e-05
1.8149e-05
1.8149e-05
1.57792e-05
1.57792e-05
1.36525e-05
1.36525e-05
1.17541e-05
1.17541e-05
1.00687e-05
1.00687e-05
8.58053e-06
8.58053e-06
7.27402e-06
7.27402e-06
6.1335e-06
6.1335e-06
5.14362e-06
5.14362e-06
4.28949e-06
4.28949e-06
3.55684e-06
3.55684e-06
2.93212e-06
2.93212e-06
2.40265e-06
2.40265e-06
1.95664e-06
1.95664e-06
1.58325e-06
1.58325e-06
1.27264e-06
1.27264e-06
1.01591e-06
1.01591e-06
8.05122e-07
8.05122e-07
6.33231e-07
6.33231e-07
4.94051e-07
4.94051e-07
3.82188e-07
3.82188e-07
2.92974e-07
2.92974e-07
2.22405e-07
2.22405e-07
1.67068e-07
1.67068e-07
1.24076e-07
1.24076e-07
9.10099e-08
9.10099e-08
6.58523e-08
6.58523e-08
4.6938e-08
4.6938e-08
3.29025e-08
3.29025e-08
2.26373e-08
2.26373e-08
1.52505e-08
1.52505e-08
1.00313e-08
1.00313e-08
6.41977e-09
6.41977e-09
3.97992e-09
3.97992e-09
2.37701e-09
2.37701e-09
1.35806e-09
1.35806e-09
7.35382e-10
7.35382e-10
3.72728e-10
3.72728e-10
1.73796e-10
1.73796e-10
7.272e-11
7.272e-11
2.63068e-11
2.63068e-11
7.76828e-12
7.76828e-12
1.7248e-12
1.7248e-12
2.94834e-13
2.94834e-13
1.08109e-13
1.08109e-13
1.16653e-13
1.16653e-13
0.0065608
0.0065608
0.00656586
0.00656586
0.00657548
0.00657548
0.006589
0.006589
0.00660565
0.00660565
0.00662462
0.00662462
0.00664507
0.00664507
0.00666621
0.00666621
0.0066873
0.0066873
0.00670766
0.00670766
0.00672673
0.00672673
0.00674401
0.00674401
0.00675909
0.00675909
0.00677163
0.00677163
0.00678139
0.00678139
0.00678817
0.00678817
0.00679183
0.00679183
0.00679229
0.00679229
0.0067895
0.0067895
0.00678345
0.00678345
0.00677415
0.00677415
0.00676166
0.00676166
0.00674601
0.00674601
0.00672729
0.00672729
0.00670559
0.00670559
0.006681
0.006681
0.00665362
0.00665362
0.00662356
0.00662356
0.00659092
0.00659092
0.00655582
0.00655582
0.00651837
0.00651837
0.00647868
0.00647868
0.00643686
0.00643686
0.00639303
0.00639303
0.00634728
0.00634728
0.00629973
0.00629973
0.00625048
0.00625048
0.00619963
0.00619963
0.00614728
0.00614728
0.00609353
0.00609353
0.00603846
0.00603846
0.00598216
0.00598216
0.00592473
0.00592473
0.00586625
0.00586625
0.00580679
0.00580679
0.00574644
0.00574644
0.00568527
0.00568527
0.00562334
0.00562334
0.00556074
0.00556074
0.00549753
0.00549753
0.00543377
0.00543377
0.00536952
0.00536952
0.00530484
0.00530484
0.00523979
0.00523979
0.00517443
0.00517443
0.00510879
0.00510879
0.00504295
0.00504295
0.00497693
0.00497693
0.00491079
0.00491079
0.00484457
0.00484457
0.00477832
0.00477832
0.00471206
0.00471206
0.00464585
0.00464585
0.00457971
0.00457971
0.00451368
0.00451368
0.00444779
0.00444779
0.00438208
0.00438208
0.00431657
0.00431657
0.00425129
0.00425129
0.00418627
0.00418627
0.00412154
0.00412154
0.00405711
0.00405711
0.00399302
0.00399302
0.00392927
0.00392927
0.0038659
0.0038659
0.00380293
0.00380293
0.00374036
0.00374036
0.00367822
0.00367822
0.00361652
0.00361652
0.00355528
0.00355528
0.00349452
0.00349452
0.00343424
0.00343424
0.00337446
0.00337446
0.00331519
0.00331519
0.00325644
0.00325644
0.00319822
0.00319822
0.00314054
0.00314054
0.00308341
0.00308341
0.00302684
0.00302684
0.00297083
0.00297083
0.00291539
0.00291539
0.00286052
0.00286052
0.00280624
0.00280624
0.00275255
0.00275255
0.00269944
0.00269944
0.00264694
0.00264694
0.00259502
0.00259502
0.00254371
0.00254371
0.00249301
0.00249301
0.00244291
0.00244291
0.00239341
0.00239341
0.00234452
0.00234452
0.00229624
0.00229624
0.00224857
0.00224857
0.00220151
0.00220151
0.00215506
0.00215506
0.00210922
0.00210922
0.00206398
0.00206398
0.00201935
0.00201935
0.00197533
0.00197533
0.00193191
0.00193191
0.00188909
0.00188909
0.00184686
0.00184686
0.00180524
0.00180524
0.00176421
0.00176421
0.00172378
0.00172378
0.00168393
0.00168393
0.00164466
0.00164466
0.00160598
0.00160598
0.00156788
0.00156788
0.00153036
0.00153036
0.00149341
0.00149341
0.00145702
0.00145702
0.0014212
0.0014212
0.00138594
0.00138594
0.00135124
0.00135124
0.00131709
0.00131709
0.00128349
0.00128349
0.00125043
0.00125043
0.00121791
0.00121791
0.00118592
0.00118592
0.00115447
0.00115447
0.00112354
0.00112354
0.00109313
0.00109313
0.00106324
0.00106324
0.00103386
0.00103386
0.00100499
0.00100499
0.000976622
0.000976622
0.000948751
0.000948751
0.000921372
0.000921372
0.000894482
0.000894482
0.000868076
0.000868076
0.000842148
0.000842148
0.000816695
0.000816695
0.000791711
0.000791711
0.000767192
0.000767192
0.000743134
0.000743134
0.000719531
0.000719531
0.000696379
0.000696379
0.000673674
0.000673674
0.00065141
0.00065141
0.000629585
0.000629585
0.000608193
0.000608193
0.000587229
0.000587229
0.000566691
0.000566691
0.000546573
0.000546573
0.000526871
0.000526871
0.000507582
0.000507582
0.000488701
0.000488701
0.000470225
0.000470225
0.00045215
0.00045215
0.000434472
0.000434472
0.000417187
0.000417187
0.000400293
0.000400293
0.000383786
0.000383786
0.000367662
0.000367662
0.000351919
0.000351919
0.000336553
0.000336553
0.000321562
0.000321562
0.000306944
0.000306944
0.000292695
0.000292695
0.000278813
0.000278813
0.000265296
0.000265296
0.000252142
0.000252142
0.00023935
0.00023935
0.000226916
0.000226916
0.000214841
0.000214841
0.000203122
0.000203122
0.000191759
0.000191759
0.000180751
0.000180751
0.000170096
0.000170096
0.000159794
0.000159794
0.000149844
0.000149844
0.000140247
0.000140247
0.000131002
0.000131002
0.000122108
0.000122108
0.000113565
0.000113565
0.000105374
0.000105374
9.75344e-05
9.75344e-05
9.00452e-05
9.00452e-05
8.29062e-05
8.29062e-05
7.61165e-05
7.61165e-05
6.96749e-05
6.96749e-05
6.35797e-05
6.35797e-05
5.78288e-05
5.78288e-05
5.24192e-05
5.24192e-05
4.73471e-05
4.73471e-05
4.2608e-05
4.2608e-05
3.81963e-05
3.81963e-05
3.41053e-05
3.41053e-05
3.03272e-05
3.03272e-05
2.68532e-05
2.68532e-05
2.36732e-05
2.36732e-05
2.07759e-05
2.07759e-05
1.8149e-05
1.8149e-05
1.57792e-05
1.57792e-05
1.36525e-05
1.36525e-05
1.17541e-05
1.17541e-05
1.00687e-05
1.00687e-05
8.58053e-06
8.58053e-06
7.27402e-06
7.27402e-06
6.1335e-06
6.1335e-06
5.14362e-06
5.14362e-06
4.28949e-06
4.28949e-06
3.55684e-06
3.55684e-06
2.93212e-06
2.93212e-06
2.40265e-06
2.40265e-06
1.95664e-06
1.95664e-06
1.58325e-06
1.58325e-06
1.27264e-06
1.27264e-06
1.01591e-06
1.01591e-06
8.05122e-07
8.05122e-07
6.33231e-07
6.33231e-07
4.94051e-07
4.94051e-07
3.82188e-07
3.82188e-07
2.92974e-07
2.92974e-07
2.22405e-07
2.22405e-07
1.67068e-07
1.67068e-07
1.24076e-07
1.24076e-07
9.10099e-08
9.10099e-08
6.58523e-08
6.58523e-08
4.6938e-08
4.6938e-08
3.29025e-08
3.29025e-08
2.26373e-08
2.26373e-08
1.52505e-08
1.52505e-08
1.00313e-08
1.00313e-08
6.41977e-09
6.41977e-09
3.97992e-09
3.97992e-09
2.37701e-09
2.37701e-09
1.35806e-09
1.35806e-09
7.35382e-10
7.35382e-10
3.72728e-10
3.72728e-10
1.73796e-10
1.73796e-10
7.272e-11
7.272e-11
2.63068e-11
2.63068e-11
7.76828e-12
7.76828e-12
1.7248e-12
1.7248e-12
2.94834e-13
2.94834e-13
1.08109e-13
1.08109e-13
1.16653e-13
1.16653e-13
)
;

boundaryField
{
    walls
    {
        type            nutUWallFunction;
        blending        stepwise;
        Cmu             0.09;
        kappa           0.41;
        E               9.8;
        value           uniform 0;
    }
    inlet
    {
        type            cyclic;
    }
    outlet
    {
        type            cyclic;
    }
    sides
    {
        type            empty;
    }
}


// ************************************************************************* //
