/*--------------------------------*- C++ -*----------------------------------*\
| =========                 |                                                 |
| \\      /  F ield         | OpenFOAM: The Open Source CFD Toolbox           |
|  \\    /   O peration     | Version:  2106                                  |
|   \\  /    A nd           | Website:  www.openfoam.com                      |
|    \\/     M anipulation  |                                                 |
\*---------------------------------------------------------------------------*/
FoamFile
{
    version     2.0;
    format      ascii;
    arch        "LSB;label=32;scalar=64";
    class       surfaceScalarField;
    location    "10030";
    object      phi;
}
// * * * * * * * * * * * * * * * * * * * * * * * * * * * * * * * * * * * * * //

dimensions      [0 3 -1 0 0 0 0];

oriented        oriented;

internalField   nonuniform List<scalar> 
3996
(
2.99887e-08
-5.19716e-18
-2.5836e-22
-6.39043e-22
2.9203e-23
9.22042e-08
-5.19434e-18
-9.45488e-22
-2.42506e-21
-7.8614e-23
1.57892e-07
-5.19142e-18
-9.89601e-22
-4.27184e-21
-8.31573e-23
2.27204e-07
-5.18833e-18
-1.03941e-21
-6.20067e-21
-8.79803e-23
3.00296e-07
-5.18506e-18
-1.08792e-21
-8.17113e-21
-9.31027e-23
3.77334e-07
-5.18174e-18
-1.13583e-21
-1.02826e-20
-9.85473e-23
4.58485e-07
-5.17825e-18
-1.18523e-21
-1.26069e-20
-1.04333e-22
5.43928e-07
-5.17469e-18
-1.23675e-21
-1.49256e-20
-1.10478e-22
6.33846e-07
-5.17079e-18
-1.2905e-21
-1.73642e-20
-1.17009e-22
7.28428e-07
-5.16687e-18
-1.34657e-21
-1.9901e-20
-1.23946e-22
8.27872e-07
-5.1632e-18
-1.40509e-21
-2.23951e-20
-1.31315e-22
9.32382e-07
-5.15885e-18
-1.46613e-21
-2.51278e-20
-1.39139e-22
1.04217e-06
-5.15447e-18
-1.52978e-21
-2.77071e-20
-1.47437e-22
1.15745e-06
-5.14988e-18
-1.5961e-21
-3.05108e-20
-1.5624e-22
1.27844e-06
-5.14524e-18
-1.66515e-21
-3.35589e-20
-1.65564e-22
1.40538e-06
-5.1404e-18
-1.73698e-21
-3.64631e-20
-1.75434e-22
1.5385e-06
-5.13526e-18
-1.8116e-21
-3.98453e-20
-1.85879e-22
1.67802e-06
-5.1299e-18
-1.88903e-21
-4.31502e-20
-1.96898e-22
1.82419e-06
-5.1244e-18
-1.96922e-21
-4.64103e-20
-2.08515e-22
1.97723e-06
-5.11844e-18
-2.0521e-21
-4.99574e-20
-2.2075e-22
2.13738e-06
-5.11249e-18
-2.1375e-21
-5.38371e-20
-2.33593e-22
2.30485e-06
-5.10521e-18
-2.22523e-21
-5.80609e-20
-2.47027e-22
2.47985e-06
-5.09839e-18
-2.31502e-21
-6.24952e-20
-2.61015e-22
2.66257e-06
-5.09049e-18
-2.40648e-21
-6.75656e-20
-2.75536e-22
2.85318e-06
-5.08345e-18
-2.4992e-21
-7.23306e-20
-2.90513e-22
3.05182e-06
-5.07602e-18
-2.59257e-21
-7.64801e-20
-3.05936e-22
3.25861e-06
-5.06881e-18
-2.68599e-21
-8.12875e-20
-3.21734e-22
3.47363e-06
-5.06052e-18
-2.77871e-21
-8.59703e-20
-3.37802e-22
3.69693e-06
-5.05213e-18
-2.87001e-21
-9.09037e-20
-3.54054e-22
3.92849e-06
-5.04334e-18
-2.95907e-21
-9.5195e-20
-3.70399e-22
4.1683e-06
-5.03478e-18
-3.04508e-21
-9.94789e-20
-3.86749e-22
4.41627e-06
-5.02633e-18
-3.1272e-21
-1.04514e-19
-4.02987e-22
4.67229e-06
-5.01715e-18
-3.20473e-21
-1.09738e-19
-4.18933e-22
4.93622e-06
-5.00752e-18
-3.277e-21
-1.15628e-19
-4.34568e-22
5.2079e-06
-4.99779e-18
-3.34349e-21
-1.21183e-19
-4.49648e-22
5.48715e-06
-4.98701e-18
-3.40387e-21
-1.27125e-19
-4.6418e-22
5.77377e-06
-4.97471e-18
-3.45792e-21
-1.33426e-19
-4.78048e-22
6.06757e-06
-4.96458e-18
-3.50561e-21
-1.40513e-19
-4.91166e-22
6.36835e-06
-4.95322e-18
-3.54688e-21
-1.47445e-19
-5.03441e-22
6.67595e-06
-4.94208e-18
-3.58199e-21
-1.53971e-19
-5.1482e-22
6.99021e-06
-4.93088e-18
-3.61117e-21
-1.60981e-19
-5.25359e-22
7.31098e-06
-4.92094e-18
-3.63467e-21
-1.67735e-19
-5.35057e-22
7.63815e-06
-4.90978e-18
-3.65283e-21
-1.76097e-19
-5.43865e-22
7.97164e-06
-4.89764e-18
-3.66606e-21
-1.82714e-19
-5.51725e-22
8.3114e-06
-4.88562e-18
-3.67492e-21
-1.90973e-19
-5.5881e-22
8.65738e-06
-4.87418e-18
-3.67967e-21
-2.00105e-19
-5.65147e-22
9.00958e-06
-4.86139e-18
-3.68097e-21
-2.07798e-19
-5.70596e-22
9.36803e-06
-4.8499e-18
-3.67919e-21
-2.16508e-19
-5.75255e-22
9.73277e-06
-4.83687e-18
-3.67451e-21
-2.24247e-19
-5.79349e-22
1.01039e-05
-4.82246e-18
-3.66764e-21
-2.33699e-19
-5.82943e-22
1.04814e-05
-4.81558e-18
-3.65913e-21
-2.38585e-19
-5.85678e-22
1.08655e-05
-4.80537e-18
-3.6485e-21
-2.44043e-19
-5.87837e-22
1.12562e-05
-4.79649e-18
-3.63634e-21
-2.50479e-19
-5.89452e-22
1.16538e-05
-4.78805e-18
-3.62258e-21
-2.55343e-19
-5.90387e-22
1.20582e-05
-4.77617e-18
-3.60742e-21
-2.61824e-19
-5.90926e-22
1.24698e-05
-4.76683e-18
-3.59138e-21
-2.66639e-19
-5.91102e-22
1.28887e-05
-4.75837e-18
-3.57432e-21
-2.72569e-19
-5.90602e-22
1.3315e-05
-4.74707e-18
-3.55589e-21
-2.78661e-19
-5.8956e-22
1.3749e-05
-4.73748e-18
-3.5368e-21
-2.82352e-19
-5.87634e-22
1.41908e-05
-4.72791e-18
-3.51701e-21
-2.87948e-19
-5.85353e-22
1.46407e-05
-4.71426e-18
-3.49612e-21
-2.92696e-19
-5.82831e-22
1.50988e-05
-4.70709e-18
-3.47447e-21
-2.94594e-19
-5.80369e-22
1.55653e-05
-4.69543e-18
-3.45211e-21
-2.99828e-19
-5.77285e-22
1.60406e-05
-4.68813e-18
-3.42906e-21
-3.0064e-19
-5.73083e-22
1.65247e-05
-4.67384e-18
-3.4045e-21
-3.06577e-19
-5.68801e-22
1.7018e-05
-4.66433e-18
-3.38003e-21
-3.12237e-19
-5.62917e-22
1.75207e-05
-4.64889e-18
-3.35465e-21
-3.21498e-19
-5.56354e-22
1.8033e-05
-4.6354e-18
-3.32864e-21
-3.24814e-19
-5.47961e-22
1.85551e-05
-4.62535e-18
-3.30199e-21
-3.34555e-19
-5.38383e-22
1.90874e-05
-4.61324e-18
-3.27516e-21
-3.40491e-19
-5.26693e-22
1.963e-05
-4.60173e-18
-3.2478e-21
-3.48883e-19
-5.14248e-22
2.01832e-05
-4.58989e-18
-3.22022e-21
-3.51013e-19
-4.99598e-22
2.07474e-05
-4.57772e-18
-3.19187e-21
-3.5919e-19
-4.83088e-22
2.13226e-05
-4.56863e-18
-3.16313e-21
-3.67321e-19
-4.6381e-22
2.19093e-05
-4.55491e-18
-3.13544e-21
-3.75906e-19
-4.40964e-22
2.25077e-05
-4.54273e-18
-3.10831e-21
-3.86721e-19
-4.146e-22
2.31181e-05
-4.52588e-18
-3.08185e-21
-3.94057e-19
-3.85572e-22
2.37408e-05
-4.51341e-18
-3.055e-21
-3.98665e-19
-3.5629e-22
2.4376e-05
-4.50616e-18
-3.02962e-21
-4.01453e-19
-3.23243e-22
2.5024e-05
-4.49482e-18
-3.00343e-21
-4.06101e-19
-2.87308e-22
2.56853e-05
-4.48893e-18
-2.97795e-21
-4.10359e-19
-2.50756e-22
2.636e-05
-4.48215e-18
-2.9513e-21
-4.17844e-19
-2.12855e-22
2.70485e-05
-4.46968e-18
-2.92315e-21
-4.21907e-19
-1.71824e-22
2.7751e-05
-4.46454e-18
-2.89524e-21
-4.27363e-19
-1.2821e-22
2.84681e-05
-4.4612e-18
-2.86716e-21
-4.30634e-19
-8.18398e-23
2.91998e-05
-4.45349e-18
-2.83794e-21
-4.38906e-19
-3.45436e-23
2.99467e-05
-4.44823e-18
-2.80778e-21
-4.44352e-19
1.52287e-23
3.0709e-05
-4.44278e-18
-2.7782e-21
-4.39891e-19
6.78787e-23
3.1487e-05
-4.42956e-18
-2.75069e-21
-4.48703e-19
1.19769e-22
3.22813e-05
-4.41368e-18
-2.72709e-21
-4.51049e-19
1.72469e-22
3.3092e-05
-4.3995e-18
-2.70508e-21
-4.60169e-19
2.20287e-22
3.39196e-05
-4.38977e-18
-2.68361e-21
-4.67854e-19
2.69316e-22
3.47644e-05
-4.35825e-18
-2.66008e-21
-4.74605e-19
3.15426e-22
3.56269e-05
-4.34834e-18
-2.6462e-21
-4.77735e-19
3.58234e-22
3.65074e-05
-4.33559e-18
-2.63294e-21
-4.82559e-19
4.02094e-22
3.74064e-05
-4.32544e-18
-2.61923e-21
-4.89458e-19
4.421e-22
3.83242e-05
-4.31836e-18
-2.60417e-21
-4.97028e-19
4.77445e-22
3.92612e-05
-4.30276e-18
-2.58437e-21
-5.06444e-19
5.09927e-22
4.02179e-05
-4.28674e-18
-2.56602e-21
-5.17074e-19
5.42645e-22
4.11947e-05
-4.26665e-18
-2.55119e-21
-5.30845e-19
5.80272e-22
4.2192e-05
-4.25521e-18
-2.54861e-21
-5.43353e-19
6.28518e-22
4.32103e-05
-4.24432e-18
-2.55351e-21
-5.48074e-19
6.82697e-22
4.42501e-05
-4.24101e-18
-2.56564e-21
-5.52516e-19
7.44219e-22
4.53118e-05
-4.22838e-18
-2.58298e-21
-5.6057e-19
8.12208e-22
4.63958e-05
-4.23063e-18
-2.60669e-21
-5.51278e-19
8.89077e-22
4.75028e-05
-4.22756e-18
-2.63894e-21
-5.55299e-19
9.58268e-22
4.86331e-05
-4.22722e-18
-2.67431e-21
-5.53846e-19
1.03341e-21
4.97873e-05
-4.20888e-18
-2.70893e-21
-5.57265e-19
1.11135e-21
5.09659e-05
-4.20573e-18
-2.75395e-21
-5.63719e-19
1.18887e-21
5.21694e-05
-4.18584e-18
-2.79816e-21
-5.65829e-19
1.25769e-21
5.33984e-05
-4.17278e-18
-2.85847e-21
-5.73057e-19
1.32123e-21
5.46533e-05
-4.16111e-18
-2.91376e-21
-5.81353e-19
1.3886e-21
5.59348e-05
-4.1507e-18
-2.97362e-21
-5.92775e-19
1.44692e-21
5.72435e-05
-4.14059e-18
-3.02783e-21
-6.00752e-19
1.4996e-21
5.85798e-05
-4.1234e-18
-3.07347e-21
-6.123e-19
1.53231e-21
5.99445e-05
-4.10635e-18
-3.13123e-21
-6.25359e-19
1.55536e-21
6.1338e-05
-4.09681e-18
-3.19183e-21
-6.30811e-19
1.56987e-21
6.27611e-05
-4.06827e-18
-3.24872e-21
-6.49851e-19
1.57017e-21
6.42143e-05
-4.04783e-18
-3.33079e-21
-6.701e-19
1.565e-21
6.56983e-05
-4.02264e-18
-3.42285e-21
-6.90428e-19
1.54494e-21
6.72138e-05
-4.00501e-18
-3.54818e-21
-7.228e-19
1.52736e-21
6.87614e-05
-3.99941e-18
-3.67653e-21
-7.46283e-19
1.49825e-21
7.03418e-05
-3.98613e-18
-3.78989e-21
-7.69977e-19
1.44479e-21
7.19557e-05
-3.96767e-18
-3.89897e-21
-8.04892e-19
1.39783e-21
7.36038e-05
-3.94402e-18
-4.02715e-21
-8.22681e-19
1.36564e-21
7.52868e-05
-3.92884e-18
-4.1391e-21
-8.40028e-19
1.30872e-21
7.70055e-05
-3.90835e-18
-4.23907e-21
-8.58334e-19
1.24214e-21
7.87606e-05
-3.87253e-18
-4.33807e-21
-8.85293e-19
1.17112e-21
8.05529e-05
-3.85865e-18
-4.46149e-21
-8.94873e-19
1.10587e-21
8.23832e-05
-3.85472e-18
-4.58392e-21
-8.99708e-19
1.04514e-21
8.42523e-05
-3.83993e-18
-4.7033e-21
-8.96796e-19
1.01017e-21
8.6161e-05
-3.82414e-18
-4.82913e-21
-8.82641e-19
9.68885e-22
8.81102e-05
-3.81828e-18
-4.95283e-21
-8.77357e-19
9.16008e-22
9.01006e-05
-3.78628e-18
-5.02633e-21
-8.83116e-19
8.73395e-22
9.21331e-05
-3.76426e-18
-5.11799e-21
-8.79429e-19
8.97706e-22
9.42087e-05
-3.74155e-18
-5.22511e-21
-8.79489e-19
9.20561e-22
9.63283e-05
-3.7204e-18
-5.33321e-21
-8.89862e-19
9.45205e-22
9.84927e-05
-3.70134e-18
-5.46091e-21
-8.80323e-19
1.00488e-21
0.000100703
-3.66078e-18
-5.54438e-21
-8.8626e-19
1.06784e-21
0.00010296
-3.64938e-18
-5.69047e-21
-8.92098e-19
1.13526e-21
0.000105265
-3.62485e-18
-5.86505e-21
-9.01386e-19
1.15941e-21
0.000107618
-3.60223e-18
-6.03865e-21
-9.14796e-19
1.12955e-21
0.000110022
-3.57182e-18
-6.23721e-21
-9.26647e-19
1.13234e-21
0.000112476
-3.5542e-18
-6.36223e-21
-9.27247e-19
1.12858e-21
0.000114982
-3.51501e-18
-6.45219e-21
-9.54613e-19
1.09151e-21
0.000117541
-3.48012e-18
-6.55128e-21
-9.94178e-19
1.09678e-21
0.000120154
-3.44631e-18
-6.60413e-21
-1.01857e-18
1.09655e-21
0.000122822
-3.43342e-18
-6.66156e-21
-1.04515e-18
1.04792e-21
0.000125547
-3.40653e-18
-6.62279e-21
-1.0716e-18
1.03376e-21
0.000128329
-3.38366e-18
-6.55911e-21
-1.09983e-18
1.04855e-21
0.000131169
-3.36151e-18
-6.56274e-21
-1.12257e-18
1.0668e-21
0.00013407
-3.34029e-18
-6.6123e-21
-1.1527e-18
1.2277e-21
0.000137032
-3.34699e-18
-6.61254e-21
-1.18619e-18
1.28315e-21
0.000140056
-3.29444e-18
-6.47319e-21
-1.20745e-18
1.39201e-21
0.000143145
-3.24457e-18
-6.47594e-21
-1.24031e-18
1.51655e-21
0.000146298
-3.20056e-18
-6.53553e-21
-1.24787e-18
1.64882e-21
0.000149517
-3.17678e-18
-6.62517e-21
-1.29762e-18
1.64921e-21
0.000152805
-3.14945e-18
-6.70051e-21
-1.29861e-18
1.67615e-21
0.000156161
-3.10796e-18
-6.77437e-21
-1.34903e-18
1.5288e-21
0.000159588
-3.08602e-18
-7.05947e-21
-1.35045e-18
1.63758e-21
0.000163088
-3.04153e-18
-7.40721e-21
-1.3797e-18
1.54027e-21
0.00016666
-2.98195e-18
-7.74416e-21
-1.40371e-18
1.22906e-21
0.000170308
-2.96173e-18
-8.35452e-21
-1.42696e-18
1.04871e-21
0.000174033
-2.93095e-18
-8.83268e-21
-1.44714e-18
9.7202e-22
0.000177835
-2.88178e-18
-9.36399e-21
-1.43475e-18
7.11174e-22
0.000181718
-2.84558e-18
-9.9129e-21
-1.44637e-18
1.95846e-22
0.000185682
-2.83243e-18
-1.03664e-20
-1.46943e-18
-7.80408e-22
0.000189729
-2.79233e-18
-1.07286e-20
-1.48114e-18
-1.35728e-21
0.000193861
-2.73229e-18
-1.10456e-20
-1.48695e-18
-1.70025e-21
0.000198079
-2.69958e-18
-1.14308e-20
-1.49155e-18
-2.44064e-21
0.000202386
-2.66208e-18
-1.17718e-20
-1.49947e-18
-3.07877e-21
0.000206783
-2.62151e-18
-1.21253e-20
-1.48142e-18
-3.61427e-21
0.000211271
-2.60595e-18
-1.24946e-20
-1.51557e-18
-4.36723e-21
0.000215854
-2.55308e-18
-1.26122e-20
-1.53174e-18
-5.11108e-21
0.000220532
-2.55858e-18
-1.29497e-20
-1.50936e-18
-5.95798e-21
0.000225308
-2.50231e-18
-1.32167e-20
-1.51398e-18
-7.08533e-21
0.000230183
-2.46451e-18
-1.3693e-20
-1.52447e-18
-8.40881e-21
0.000235161
-2.43828e-18
-1.41876e-20
-1.52894e-18
-9.62521e-21
0.000240241
-2.42396e-18
-1.45625e-20
-1.52763e-18
-1.10513e-20
0.000245428
-2.37708e-18
-1.44535e-20
-1.55078e-18
-1.30643e-20
0.000250723
-2.2801e-18
-1.47121e-20
-1.57793e-18
-1.47144e-20
0.000256127
-2.20167e-18
-1.52966e-20
-1.6647e-18
-1.66201e-20
0.000261644
-2.18044e-18
-1.60401e-20
-1.70783e-18
-1.72572e-20
0.000267276
-2.16743e-18
-1.65911e-20
-1.73719e-18
-1.71317e-20
0.000273024
-2.15116e-18
-1.65526e-20
-1.75434e-18
-1.76113e-20
0.000278891
-2.07314e-18
-1.60495e-20
-1.81439e-18
-1.81658e-20
0.00028488
-2.03806e-18
-1.72297e-20
-1.84891e-18
-1.79779e-20
0.000290993
-2.01661e-18
-1.78096e-20
-1.86163e-18
-1.77424e-20
0.000297232
-2.03247e-18
-1.84566e-20
-1.82159e-18
-1.79706e-20
0.0003036
-1.97796e-18
-1.84003e-20
-1.85375e-18
-1.9036e-20
0.000310099
-1.95342e-18
-1.86111e-20
-1.82206e-18
-1.95097e-20
0.000316732
-1.96574e-18
-1.92067e-20
-1.82736e-18
-2.03873e-20
0.000323502
-1.93734e-18
-1.92487e-20
-1.83215e-18
-2.06697e-20
0.000330411
-1.92458e-18
-1.9039e-20
-1.87441e-18
-2.14274e-20
0.000337462
-1.87931e-18
-1.8118e-20
-1.82548e-18
-2.20968e-20
0.000344658
-1.84568e-18
-1.7825e-20
-1.81162e-18
-2.41627e-20
0.000352001
-1.85939e-18
-1.75074e-20
-1.81832e-18
-2.60719e-20
0.000359495
-1.80371e-18
-1.8367e-20
-1.84802e-18
-2.65508e-20
0.000367141
-1.81799e-18
-1.91288e-20
-1.79886e-18
-2.52037e-20
0.000374944
-1.81904e-18
-1.94344e-20
-1.7703e-18
-2.42423e-20
0.000382906
-1.79283e-18
-1.88123e-20
-1.79172e-18
-2.32548e-20
0.00039103
-1.73381e-18
-1.86546e-20
-1.66185e-18
-1.90291e-20
0.000399319
-1.68604e-18
-1.85539e-20
-1.646e-18
-1.8509e-20
0.000407776
-1.64119e-18
-1.93491e-20
-1.54685e-18
-1.81654e-20
0.000416404
-1.60277e-18
-2.12474e-20
-1.51671e-18
-2.03401e-20
0.000425207
-1.46918e-18
-2.28556e-20
-1.52318e-18
-2.18091e-20
0.000434188
-1.43049e-18
-2.45332e-20
-1.54063e-18
-2.40725e-20
0.000443349
-1.46702e-18
-2.90223e-20
-1.40826e-18
-2.73837e-20
0.000452695
-1.39941e-18
-2.99649e-20
-1.37092e-18
-3.06793e-20
0.000462228
-1.37995e-18
-3.12435e-20
-1.33971e-18
-3.44668e-20
0.000471951
-1.31286e-18
-3.17598e-20
-1.34109e-18
-3.56813e-20
0.000481869
-1.28337e-18
-3.34157e-20
-1.31593e-18
-3.70535e-20
0.000491985
-1.34659e-18
-3.47757e-20
-1.31081e-18
-3.73484e-20
0.000502301
-1.33311e-18
-3.61719e-20
-1.37555e-18
-3.53951e-20
0.000512821
-1.35635e-18
-3.91857e-20
-1.30972e-18
-3.29769e-20
0.00052355
-1.4385e-18
-4.33941e-20
-1.33659e-18
-3.40943e-20
0.000534489
-1.37714e-18
-4.11699e-20
-1.27954e-18
-3.06707e-20
0.000545643
-1.33002e-18
-3.62054e-20
-1.2494e-18
-2.58781e-20
0.000557015
-1.27186e-18
-3.48368e-20
-1.28936e-18
-2.34263e-20
0.000568609
-1.43761e-18
-3.74913e-20
-1.35755e-18
-2.03505e-20
0.000580428
-1.25979e-18
-3.1685e-20
-1.17316e-18
-1.93285e-20
0.000592474
-1.31464e-18
-3.59902e-20
-1.22088e-18
-2.7863e-20
0.000604753
-1.24945e-18
-3.46377e-20
-1.22604e-18
-2.86365e-20
0.000617266
-1.21301e-18
-3.39715e-20
-1.2234e-18
-2.83913e-20
0.000630018
-1.20718e-18
-3.27811e-20
-1.20768e-18
-3.29332e-20
0.000643011
-1.21148e-18
-3.51322e-20
-1.2631e-18
-4.15481e-20
0.000656249
-1.16187e-18
-3.90881e-20
-1.23877e-18
-4.43591e-20
0.000669733
-1.1618e-18
-4.14911e-20
-1.25377e-18
-4.21552e-20
0.000683469
-1.2223e-18
-4.71373e-20
-1.30135e-18
-3.41466e-20
0.000697457
-1.20865e-18
-4.61369e-20
-1.32395e-18
-2.81853e-20
0.000711701
-1.17013e-18
-4.63239e-20
-1.10627e-18
-1.5688e-20
0.000726203
-1.10468e-18
-4.50711e-20
-1.13071e-18
-2.37446e-20
0.000740965
-1.08547e-18
-4.62217e-20
-1.21807e-18
-3.59786e-20
0.000755988
-1.22495e-18
-5.59865e-20
-1.30904e-18
-3.16582e-20
0.000771275
-1.13248e-18
-4.49281e-20
-1.35052e-18
-2.03727e-20
0.000786827
-1.14653e-18
-5.2237e-20
-1.31013e-18
-1.71823e-20
0.000802644
-1.23355e-18
-5.55625e-20
-1.22707e-18
-2.17141e-20
0.000818727
-1.29729e-18
-4.51985e-20
-1.2e-18
-2.15821e-20
0.000835075
-1.26164e-18
-3.55573e-20
-1.20805e-18
-2.10283e-20
0.000851688
-1.26324e-18
-4.58789e-20
-1.25339e-18
-2.98626e-20
0.000868565
-1.18173e-18
-4.78171e-20
-1.18751e-18
-3.03629e-20
0.000885703
-1.41379e-18
-4.6546e-20
-1.13335e-18
-2.24001e-20
0.000903099
-1.20854e-18
-2.44168e-20
-1.11043e-18
-1.68044e-20
0.00092075
-1.08091e-18
-2.17584e-20
-1.11489e-18
-1.75037e-20
0.000938652
-1.04567e-18
-1.73455e-20
-1.02629e-18
-1.38216e-20
0.000956799
-9.65183e-19
-2.13284e-20
-1.00647e-18
-2.12365e-20
0.000975185
-1.00004e-18
-4.01844e-20
-1.02768e-18
-4.64041e-20
0.000993802
-8.96604e-19
-4.42657e-20
-1.01927e-18
-5.51436e-20
0.00101264
-7.68629e-19
-5.74054e-20
-8.65726e-19
-3.60404e-20
0.0010317
-5.42575e-20
-7.88491e-19
-4.89878e-20
-8.44512e-19
2.99887e-08
-2.21118e-22
-1.47339e-23
9.22042e-08
-1.01679e-21
-2.21332e-22
1.57892e-07
-1.89301e-21
-4.19826e-22
2.27204e-07
-2.80568e-21
-6.37081e-22
3.00296e-07
-3.74668e-21
-9.3113e-22
3.77334e-07
-4.80348e-21
-1.11645e-21
4.58485e-07
-5.63984e-21
-1.40657e-21
5.43928e-07
-6.62878e-21
-1.79001e-21
6.33846e-07
-7.5771e-21
-2.07721e-21
7.28428e-07
-8.69727e-21
-2.47593e-21
8.27872e-07
-9.6678e-21
-2.82519e-21
9.32382e-07
-1.11068e-20
-3.03727e-21
1.04217e-06
-1.23829e-20
-3.44544e-21
1.15745e-06
-1.39236e-20
-3.68663e-21
1.27844e-06
-1.5125e-20
-4.19059e-21
1.40538e-06
-1.63387e-20
-4.74415e-21
1.5385e-06
-1.78251e-20
-5.12915e-21
1.67802e-06
-1.94396e-20
-5.72307e-21
1.82419e-06
-2.10196e-20
-6.37358e-21
1.97723e-06
-2.23672e-20
-6.92732e-21
2.13738e-06
-2.4376e-20
-7.32811e-21
2.30485e-06
-2.62217e-20
-7.34102e-21
2.47985e-06
-2.79759e-20
-8.08127e-21
2.66257e-06
-3.02364e-20
-8.40195e-21
2.85318e-06
-3.17287e-20
-9.62047e-21
3.05182e-06
-3.38371e-20
-1.03465e-20
3.25861e-06
-3.56535e-20
-1.11912e-20
3.47363e-06
-3.79012e-20
-1.19557e-20
3.69693e-06
-4.00845e-20
-1.29614e-20
3.92849e-06
-4.21622e-20
-1.38147e-20
4.1683e-06
-4.47064e-20
-1.4714e-20
4.41627e-06
-4.79865e-20
-1.45758e-20
4.67229e-06
-5.03981e-20
-1.66381e-20
4.93622e-06
-5.27528e-20
-1.63568e-20
5.2079e-06
-5.60702e-20
-1.78868e-20
5.48715e-06
-5.83563e-20
-1.91514e-20
5.77377e-06
-6.04536e-20
-2.04037e-20
6.06757e-06
-6.30804e-20
-2.1766e-20
6.36835e-06
-6.63512e-20
-2.23513e-20
6.67595e-06
-6.97857e-20
-2.28052e-20
6.99021e-06
-7.17792e-20
-2.40937e-20
7.31098e-06
-7.47805e-20
-2.49556e-20
7.63815e-06
-7.67307e-20
-2.57251e-20
7.97164e-06
-7.9869e-20
-2.6714e-20
8.3114e-06
-8.16333e-20
-2.87879e-20
8.65738e-06
-8.68584e-20
-2.95124e-20
9.00958e-06
-8.97575e-20
-3.10017e-20
9.36803e-06
-9.00111e-20
-3.5572e-20
9.73277e-06
-9.28634e-20
-3.87735e-20
1.01039e-05
-9.67149e-20
-4.00629e-20
1.04814e-05
-9.86658e-20
-3.99233e-20
1.08655e-05
-1.01096e-19
-4.115e-20
1.12562e-05
-1.02785e-19
-4.33606e-20
1.16538e-05
-1.05733e-19
-4.49103e-20
1.20582e-05
-1.09024e-19
-4.78188e-20
1.24698e-05
-1.12142e-19
-4.76626e-20
1.28887e-05
-1.12323e-19
-4.9337e-20
1.3315e-05
-1.15238e-19
-4.74028e-20
1.3749e-05
-1.19418e-19
-4.76964e-20
1.41908e-05
-1.20803e-19
-5.05233e-20
1.46407e-05
-1.20791e-19
-5.55986e-20
1.50988e-05
-1.2718e-19
-5.47228e-20
1.55653e-05
-1.28801e-19
-5.21766e-20
1.60406e-05
-1.2929e-19
-5.23136e-20
1.65247e-05
-1.33943e-19
-4.97659e-20
1.7018e-05
-1.37805e-19
-5.26761e-20
1.75207e-05
-1.38549e-19
-5.32862e-20
1.8033e-05
-1.398e-19
-5.66282e-20
1.85551e-05
-1.45103e-19
-5.96498e-20
1.90874e-05
-1.45321e-19
-6.35718e-20
1.963e-05
-1.47641e-19
-6.75516e-20
2.01832e-05
-1.46961e-19
-7.09751e-20
2.07474e-05
-1.48485e-19
-7.2446e-20
2.13226e-05
-1.60228e-19
-7.0148e-20
2.19093e-05
-1.6219e-19
-6.96287e-20
2.25077e-05
-1.64756e-19
-7.12289e-20
2.31181e-05
-1.5956e-19
-8.19455e-20
2.37408e-05
-1.65066e-19
-8.36397e-20
2.4376e-05
-1.65768e-19
-8.28992e-20
2.5024e-05
-1.68486e-19
-8.50547e-20
2.56853e-05
-1.67825e-19
-8.73205e-20
2.636e-05
-1.68241e-19
-8.71355e-20
2.70485e-05
-1.70272e-19
-8.35835e-20
2.7751e-05
-1.73478e-19
-8.35244e-20
2.84681e-05
-1.73558e-19
-8.69615e-20
2.91998e-05
-1.69892e-19
-8.84828e-20
2.99467e-05
-1.70234e-19
-8.22166e-20
3.0709e-05
-1.75368e-19
-7.31455e-20
3.1487e-05
-1.81142e-19
-7.2513e-20
3.22813e-05
-1.79456e-19
-7.80096e-20
3.3092e-05
-1.79275e-19
-7.31007e-20
3.39196e-05
-1.7914e-19
-7.80052e-20
3.47644e-05
-1.86365e-19
-8.65117e-20
3.56269e-05
-1.94056e-19
-8.11221e-20
3.65074e-05
-1.93108e-19
-8.0544e-20
3.74064e-05
-1.9087e-19
-8.30872e-20
3.83242e-05
-1.86143e-19
-8.52012e-20
3.92612e-05
-1.84701e-19
-8.3082e-20
4.02179e-05
-1.86306e-19
-7.84998e-20
4.11947e-05
-1.96608e-19
-6.98804e-20
4.2192e-05
-2.01633e-19
-7.01759e-20
4.32103e-05
-2.03504e-19
-6.75791e-20
4.42501e-05
-2.05044e-19
-6.6931e-20
4.53118e-05
-1.95367e-19
-6.09658e-20
4.63958e-05
-2.02411e-19
-6.77909e-20
4.75028e-05
-1.99333e-19
-7.01571e-20
4.86331e-05
-1.98291e-19
-6.24041e-20
4.97873e-05
-2.00222e-19
-5.73953e-20
5.09659e-05
-2.06377e-19
-6.84853e-20
5.21694e-05
-2.19456e-19
-6.95216e-20
5.33984e-05
-2.1365e-19
-5.87686e-20
5.46533e-05
-2.18187e-19
-6.41557e-20
5.59348e-05
-2.12806e-19
-6.47666e-20
5.72435e-05
-2.07695e-19
-6.90428e-20
5.85798e-05
-2.13719e-19
-6.72299e-20
5.99445e-05
-2.03429e-19
-6.80527e-20
6.1338e-05
-1.93033e-19
-6.58233e-20
6.27611e-05
-1.96836e-19
-6.61399e-20
6.42143e-05
-1.9539e-19
-7.41938e-20
6.56983e-05
-2.0406e-19
-6.3783e-20
6.72138e-05
-1.95803e-19
-6.86737e-20
6.87614e-05
-1.95253e-19
-7.82673e-20
7.03418e-05
-1.99741e-19
-7.05577e-20
7.19557e-05
-2.18545e-19
-6.88335e-20
7.36038e-05
-2.09263e-19
-8.01847e-20
7.52868e-05
-2.11197e-19
-8.04183e-20
7.70055e-05
-2.11013e-19
-7.6991e-20
7.87606e-05
-2.06431e-19
-7.23511e-20
8.05529e-05
-2.00158e-19
-7.08731e-20
8.23832e-05
-1.98453e-19
-6.79839e-20
8.42523e-05
-1.95282e-19
-6.57788e-20
8.6161e-05
-1.96708e-19
-5.33248e-20
8.81102e-05
-1.89761e-19
-5.7807e-20
9.01006e-05
-1.99699e-19
-5.63665e-20
9.21331e-05
-2.19033e-19
-6.21009e-20
9.42087e-05
-2.25567e-19
-5.25263e-20
9.63283e-05
-2.43363e-19
-3.92002e-20
9.84927e-05
-2.36042e-19
-2.31799e-20
0.000100703
-2.50453e-19
-1.90548e-20
0.00010296
-2.7371e-19
-2.71394e-20
0.000105265
-2.68456e-19
-4.67884e-20
0.000107618
-2.77347e-19
-4.44643e-20
0.000110022
-2.47228e-19
-5.19754e-20
0.000112476
-2.45576e-19
-5.47315e-20
0.000114982
-2.41072e-19
-5.9422e-20
0.000117541
-2.29858e-19
-8.2781e-20
0.000120154
-2.3503e-19
-8.99671e-20
0.000122822
-2.21008e-19
-7.54585e-20
0.000125547
-2.13657e-19
-7.86179e-20
0.000128329
-2.45585e-19
-1.01245e-19
0.000131169
-2.6905e-19
-6.00114e-20
0.00013407
-2.60187e-19
-7.09096e-20
0.000137032
-2.57998e-19
-4.73687e-20
0.000140056
-2.60594e-19
-4.67112e-20
0.000143145
-2.48067e-19
-6.6106e-20
0.000146298
-2.47263e-19
-7.01742e-20
0.000149517
-2.48309e-19
-6.8186e-20
0.000152805
-2.41338e-19
-7.84344e-20
0.000156161
-2.62967e-19
-6.27194e-20
0.000159588
-2.69916e-19
-6.78992e-20
0.000163088
-2.39216e-19
-9.65425e-20
0.00016666
-2.40835e-19
-8.3005e-20
0.000170308
-2.08183e-19
-5.33925e-20
0.000174033
-2.10695e-19
-5.87057e-20
0.000177835
-2.02998e-19
-4.07503e-20
0.000181718
-2.05017e-19
-8.22662e-20
0.000185682
-2.35031e-19
-5.48422e-20
0.000189729
-2.39984e-19
-5.0066e-20
0.000193861
-2.32282e-19
-8.65358e-20
0.000198079
-2.24125e-19
-6.60276e-20
0.000202386
-2.17931e-19
-6.62508e-20
0.000206783
-2.10926e-19
-5.90801e-20
0.000211271
-1.8629e-19
-7.7218e-20
0.000215854
-1.90816e-19
-9.8662e-20
0.000220532
-2.27167e-19
-1.03476e-19
0.000225308
-2.291e-19
-1.21731e-19
0.000230183
-2.33035e-19
-1.13538e-19
0.000235161
-2.35676e-19
-1.32323e-19
0.000240241
-2.36639e-19
-1.65944e-19
0.000245428
-3.01393e-19
-1.39048e-19
0.000250723
-2.86922e-19
-1.82178e-19
0.000256127
-2.64772e-19
-1.65302e-19
0.000261644
-2.57783e-19
-1.26137e-19
0.000267276
-2.13536e-19
-1.33234e-19
0.000273024
-1.66466e-19
-1.35112e-19
0.000278891
-2.30792e-19
-1.61127e-19
0.00028488
-1.92106e-19
-1.71518e-19
0.000290993
-2.1961e-19
-1.89481e-19
0.000297232
-2.20609e-19
-2.25135e-19
0.0003036
-2.27017e-19
-2.38457e-19
0.000310099
-2.74835e-19
-2.50715e-19
0.000316732
-3.0084e-19
-2.48415e-19
0.000323502
-2.97764e-19
-2.85288e-19
0.000330411
-2.81808e-19
-3.05295e-19
0.000337462
-3.06258e-19
-3.3767e-19
0.000344658
-2.75235e-19
-3.36676e-19
0.000352001
-3.57663e-19
-2.67951e-19
0.000359495
-3.32297e-19
-2.20341e-19
0.000367141
-3.39413e-19
-2.41121e-19
0.000374944
-3.04265e-19
-2.93994e-19
0.000382906
-3.40191e-19
-2.38756e-19
0.00039103
-3.33616e-19
-2.73926e-19
0.000399319
-3.59848e-19
-2.91988e-19
0.000407776
-3.98274e-19
-3.61719e-19
0.000416404
-3.93876e-19
-3.68316e-19
0.000425207
-3.05033e-19
-4.05715e-19
0.000434188
-4.05927e-19
-4.47086e-19
0.000443349
-3.43701e-19
-3.57884e-19
0.000452695
-3.21614e-19
-4.07436e-19
0.000462228
-3.45141e-19
-4.00044e-19
0.000471951
-3.7787e-19
-4.88929e-19
0.000481869
-4.18548e-19
-4.29945e-19
0.000491985
-5.5728e-19
-3.27616e-19
0.000502301
-6.03472e-19
-3.46981e-19
0.000512821
-6.31142e-19
-4.21133e-19
0.00052355
-5.52307e-19
-4.64428e-19
0.000534489
-4.53383e-19
-4.16123e-19
0.000545643
-4.86651e-19
-4.13982e-19
0.000557015
-5.32722e-19
-4.29141e-19
0.000568609
-5.21812e-19
-4.8143e-19
0.000580428
-5.57419e-19
-4.86956e-19
0.000592474
-5.40514e-19
-4.74691e-19
0.000604753
-5.28955e-19
-4.95506e-19
0.000617266
-4.89552e-19
-5.3863e-19
0.000630018
-5.23512e-19
-5.69282e-19
0.000643011
-5.33524e-19
-5.26336e-19
0.000656249
-4.83752e-19
-5.36299e-19
0.000669733
-5.69588e-19
-5.50385e-19
0.000683469
-5.52758e-19
-5.3666e-19
0.000697457
-5.68008e-19
-4.22329e-19
0.000711701
-4.74598e-19
-5.17003e-19
0.000726203
-3.77471e-19
-4.99655e-19
0.000740965
-4.34363e-19
-3.2067e-19
0.000755988
-2.59133e-19
-3.16901e-19
0.000771275
-3.23201e-19
-3.9027e-19
0.000786827
-3.42863e-19
-4.67226e-19
0.000802644
-3.8349e-19
-4.76837e-19
0.000818727
-4.7849e-19
-5.10806e-19
0.000835075
-7.18743e-19
-6.048e-19
0.000851688
-7.35203e-19
-6.64806e-19
0.000868565
-6.96789e-19
-7.03684e-19
0.000885703
-7.31405e-19
-7.25042e-19
0.000903099
-7.15139e-19
-7.19326e-19
0.00092075
-6.46897e-19
-7.56948e-19
0.000938652
-7.33391e-19
-8.15913e-19
0.000956799
-7.79649e-19
-8.60493e-19
0.000975185
-7.05242e-19
-7.44313e-19
0.000993802
-6.9193e-19
-5.85803e-19
0.00101264
-4.46795e-19
-6.39028e-19
0.0010317
-6.05799e-19
-5.18949e-19
0.0010317
-7.88085e-19
-6.22846e-20
-6.33227e-19
-4.28477e-20
0.00101264
-7.22592e-19
-5.2119e-20
-5.5055e-19
-4.44183e-20
0.000993802
-5.44818e-19
-3.01088e-20
-4.55031e-19
-3.57185e-20
0.000975185
-4.50579e-19
-2.36351e-20
-4.46089e-19
-2.97466e-20
0.000956799
-4.71563e-19
-1.15067e-20
-3.91239e-19
-9.61048e-21
0.000938652
-4.3007e-19
-5.7827e-21
-4.11253e-19
-5.0496e-21
0.00092075
-5.09586e-19
-5.46958e-21
-4.19659e-19
-1.00762e-20
0.000903099
-5.046e-19
1.17927e-20
-4.36493e-19
-2.93375e-21
0.000885703
-4.9798e-19
1.21624e-20
-4.67527e-19
7.47582e-23
0.000868565
-5.56088e-19
1.08614e-20
-5.45539e-19
-5.86846e-21
0.000851688
-5.0205e-19
1.68915e-20
-4.94519e-19
-5.37656e-21
0.000835075
-5.39493e-19
3.9224e-21
-4.98994e-19
-3.0412e-21
0.000818727
-5.15407e-19
1.09559e-20
-4.45347e-19
3.06141e-21
0.000802644
-5.69618e-19
-4.40582e-22
-4.58303e-19
1.33562e-20
0.000786827
-4.03498e-19
5.25516e-21
-4.65791e-19
4.31654e-21
0.000771275
-4.01686e-19
-2.97692e-21
-4.09866e-19
-3.49379e-21
0.000755988
-3.20845e-19
-6.01948e-21
-4.0709e-19
-3.10543e-21
0.000740965
-3.92894e-19
-1.56398e-20
-3.58545e-19
5.12101e-21
0.000726203
-3.013e-19
-9.05813e-21
-4.82261e-19
6.44182e-21
0.000711701
-2.67125e-19
5.43035e-21
-2.94744e-19
1.06166e-20
0.000697457
-3.09027e-19
1.45758e-20
-3.07989e-19
2.63501e-22
0.000683469
-2.27469e-19
1.09589e-20
-3.41324e-19
5.24038e-22
0.000669733
-2.5625e-19
5.60383e-21
-1.63394e-19
2.18843e-21
0.000656248
-2.55718e-19
3.60497e-21
-1.89715e-19
-3.37768e-21
0.000643011
-1.81884e-19
3.55536e-21
-2.0137e-19
-3.5786e-21
0.000630018
-2.42733e-19
5.51661e-22
-2.35746e-19
-6.68105e-21
0.000617266
-2.01504e-19
2.89882e-22
-2.63199e-19
-3.62933e-21
0.000604753
-2.37316e-19
2.65321e-21
-2.9024e-19
-1.56746e-21
0.000592474
-2.12586e-19
3.39448e-21
-3.41133e-19
1.87918e-21
0.000580428
-2.93608e-19
9.86444e-22
-2.93009e-19
5.09193e-21
0.000568609
-3.17422e-19
-1.03054e-21
-1.91498e-19
5.46125e-21
0.000557015
-2.79014e-19
2.19938e-22
-1.88196e-19
2.12666e-21
0.000545643
-2.31866e-19
-1.48764e-21
-3.05175e-19
7.42418e-22
0.000534489
-2.88621e-19
-4.23617e-21
-3.43241e-19
1.45088e-21
0.00052355
-3.5152e-19
-2.48554e-21
-2.91977e-19
1.30654e-22
0.000512821
-4.0449e-19
2.40618e-21
-2.78838e-19
-3.3188e-21
0.000502301
-2.54921e-19
6.72621e-21
-2.9504e-19
-5.9798e-21
0.000491985
-2.61495e-19
5.65029e-21
-3.44421e-19
-3.6973e-21
0.000481869
-2.75619e-19
3.11008e-21
-3.52491e-19
-1.00406e-21
0.000471951
-2.55384e-19
-5.82396e-25
-2.77523e-19
2.90639e-21
0.000462228
-2.32537e-19
-2.38149e-21
-2.80803e-19
2.99737e-21
0.000452695
-2.64027e-19
-4.06875e-21
-2.95022e-19
4.06769e-21
0.000443349
-1.64578e-19
-5.23146e-21
-3.26167e-19
4.66005e-21
0.000434188
-2.29819e-19
-8.35009e-21
-2.81076e-19
7.52246e-21
0.000425207
-3.11844e-19
-6.99161e-21
-2.23772e-19
7.48488e-21
0.000416404
-2.93018e-19
-4.03132e-21
-2.47488e-19
4.92917e-21
0.000407776
-2.20937e-19
-1.78739e-22
-2.66497e-19
1.62949e-21
0.000399319
-2.26225e-19
1.72562e-21
-2.6135e-19
2.91002e-21
0.00039103
-2.24714e-19
3.38417e-21
-2.9327e-19
2.27111e-21
0.000382906
-2.15257e-19
4.02546e-21
-2.93805e-19
6.39634e-22
0.000374944
-1.94673e-19
2.94955e-21
-1.94933e-19
1.9268e-21
0.000367141
-2.04134e-19
1.66524e-21
-2.44218e-19
3.42801e-22
0.000359495
-1.84461e-19
1.60736e-22
-2.71709e-19
1.00383e-21
0.000352001
-2.21912e-19
-1.258e-21
-1.62875e-19
1.99847e-21
0.000344658
-1.86577e-19
-1.52959e-21
-1.46372e-19
1.93881e-22
0.000337462
-2.07726e-19
-1.21659e-21
-1.5072e-19
3.37082e-22
0.000330411
-1.54396e-19
1.00482e-22
-1.04992e-19
6.71532e-23
0.000323502
-1.43404e-19
8.73822e-22
-1.02903e-19
-7.21964e-22
0.000316732
-1.23866e-19
1.06021e-21
-1.05363e-19
-1.17863e-21
0.000310099
-1.0314e-19
1.33315e-21
-1.14411e-19
-1.95622e-21
0.0003036
-1.79266e-19
9.15565e-22
-1.19277e-19
-2.02362e-21
0.000297232
-1.41219e-19
1.6479e-21
-1.43667e-19
-4.38997e-22
0.000290993
-1.57754e-19
1.6785e-21
-1.43937e-19
7.34821e-22
0.00028488
-1.10088e-19
1.77441e-21
-1.2641e-19
1.59907e-21
0.000278891
-1.5324e-19
1.6328e-21
-1.31963e-19
2.01686e-21
0.000273024
-1.37087e-19
1.79836e-21
-9.59322e-20
2.19255e-21
0.000267276
-1.27016e-19
2.17654e-21
-4.50894e-20
2.67236e-21
0.000261644
-1.06409e-19
2.56267e-21
-5.88582e-20
2.31489e-21
0.000256127
-9.2408e-20
3.15922e-21
-6.26484e-20
1.84642e-21
0.000250723
-5.38954e-20
2.87847e-21
-1.13894e-19
1.42126e-21
0.000245428
-5.02482e-20
2.92644e-21
-6.9484e-20
2.08298e-21
0.000240241
-1.03653e-19
2.66596e-21
-8.35589e-20
2.18132e-21
0.000235161
-1.0509e-19
2.61052e-21
-4.2006e-20
2.30201e-21
0.000230183
-9.80282e-20
2.36013e-21
-8.27063e-20
1.64984e-21
0.000225308
-8.27548e-20
1.93912e-21
-1.17483e-19
1.1318e-21
0.000220532
-7.86512e-20
1.4311e-21
-1.15543e-19
1.09549e-21
0.000215854
-1.08542e-19
9.20339e-22
-8.48115e-20
1.2068e-21
0.000211271
-9.38811e-20
8.85653e-22
-9.49376e-20
9.88096e-22
0.000206783
-1.17858e-19
8.64328e-22
-1.06144e-19
6.14149e-22
0.000202386
-9.9496e-20
9.99682e-22
-8.70148e-20
3.31806e-22
0.000198079
-1.22667e-19
9.55159e-22
-1.01047e-19
-1.22875e-23
0.000193861
-1.2429e-19
8.64752e-22
-6.37961e-20
-1.77938e-22
0.000189729
-1.23437e-19
7.51311e-22
-8.76157e-20
-3.47499e-22
0.000185682
-1.24652e-19
4.96332e-22
-8.02648e-20
-3.50478e-22
0.000181718
-1.1778e-19
2.58955e-22
-9.13918e-20
-4.17283e-22
0.000177835
-8.19864e-20
1.37747e-24
-9.84064e-20
-5.39669e-22
0.000174033
-7.09134e-20
-2.7777e-22
-1.19261e-19
-6.64877e-22
0.000170308
-2.76872e-20
-4.75871e-22
-9.57789e-20
-5.98584e-22
0.00016666
-4.37173e-20
-8.49099e-22
-9.88664e-20
-6.29864e-22
0.000163088
-2.06417e-21
-9.29331e-22
-1.03684e-19
-7.17516e-22
0.000159588
9.81618e-21
-1.09369e-21
-1.15265e-19
-8.56183e-22
0.000156161
-5.7734e-21
-1.20625e-21
-9.01795e-20
-7.07679e-22
0.000152805
7.19481e-21
-1.41132e-21
-9.2031e-20
-6.32587e-22
0.000149517
-9.04965e-21
-1.65499e-21
-7.66653e-20
-5.84601e-22
0.000146298
-2.91103e-20
-1.60399e-21
-6.42395e-20
-4.31924e-22
0.000143145
-2.31615e-20
-1.4999e-21
-4.11446e-20
-3.94136e-22
0.000140056
-1.4472e-20
-1.49647e-21
-4.73579e-20
-4.27565e-22
0.000137032
-4.38489e-20
-1.60336e-21
-4.79375e-20
-4.22426e-22
0.00013407
-3.76089e-20
-1.46369e-21
-2.50768e-20
-4.41298e-22
0.000131169
-1.0126e-20
-1.3401e-21
-8.14967e-20
-6.16395e-22
0.000128329
-1.64277e-21
-1.26522e-21
-6.24942e-20
-5.93758e-22
0.000125547
-2.73961e-21
-1.15361e-21
-4.5791e-20
-5.09475e-22
0.000122822
6.55934e-21
-1.1196e-21
-5.24064e-20
-4.29678e-22
0.000120154
-1.49164e-21
-1.14701e-21
-4.24748e-20
-4.11018e-22
0.000117541
-2.67833e-20
-1.08698e-21
-3.91657e-20
-4.82491e-22
0.000114982
-1.74593e-20
-9.40062e-22
-4.09381e-20
-5.70617e-22
0.000112476
-3.32824e-20
-8.42606e-22
-3.15903e-20
-6.52983e-22
0.000110022
-4.74746e-20
-7.77695e-22
-1.5338e-20
-6.95744e-22
0.000107618
-3.10718e-20
-6.69442e-22
-3.90089e-20
-7.61746e-22
0.000105265
-3.68766e-20
-6.23531e-22
-2.27245e-20
-7.30797e-22
0.00010296
-3.43441e-20
-5.72989e-22
-2.21311e-20
-7.65459e-22
0.000100703
-4.01238e-20
-5.36214e-22
-1.51767e-20
-7.5216e-22
9.84928e-05
-4.15254e-20
-4.73264e-22
-2.65057e-20
-7.60843e-22
9.63283e-05
-3.04967e-20
-4.03548e-22
-3.55552e-20
-7.52544e-22
9.42087e-05
-3.35065e-20
-3.38429e-22
-3.90834e-20
-7.23752e-22
9.21332e-05
-3.44802e-20
-2.93103e-22
-4.1487e-20
-7.08381e-22
9.01005e-05
-3.46907e-20
-2.45029e-22
-2.91377e-20
-7.05132e-22
8.81101e-05
-2.12039e-20
-1.82047e-22
-3.47859e-20
-7.15349e-22
8.6161e-05
-1.54019e-20
-1.45623e-22
-4.72516e-20
-7.37877e-22
8.42523e-05
-4.58373e-21
-9.18107e-23
-3.12142e-20
-7.26046e-22
8.23832e-05
-8.16221e-21
-4.8622e-23
-3.58592e-20
-7.40594e-22
8.0553e-05
-5.51114e-21
8.48249e-24
-3.31763e-20
-7.70503e-22
7.87606e-05
-1.05967e-20
5.1798e-23
-4.6382e-20
-7.94024e-22
7.70055e-05
5.64881e-21
1.04528e-22
-6.03114e-20
-7.88374e-22
7.52868e-05
-2.84232e-21
1.31704e-22
-5.16261e-20
-7.37699e-22
7.36038e-05
-4.29178e-21
1.74191e-22
-5.47897e-20
-7.04966e-22
7.19557e-05
3.60814e-21
2.16336e-22
-5.49713e-20
-6.86617e-22
7.03418e-05
5.22672e-21
2.39536e-22
-5.23303e-20
-6.55804e-22
6.87614e-05
1.30693e-20
2.52204e-22
-4.6373e-20
-5.99071e-22
6.72138e-05
1.1665e-20
2.41113e-22
-3.32789e-20
-5.44194e-22
6.56983e-05
1.54484e-20
2.28264e-22
-3.88318e-20
-4.99986e-22
6.42143e-05
1.33818e-20
1.97627e-22
-5.11001e-20
-4.36019e-22
6.27611e-05
-6.54962e-21
1.60706e-22
-4.08171e-20
-3.72492e-22
6.1338e-05
9.35829e-21
1.45158e-22
-3.77646e-20
-3.24178e-22
5.99445e-05
1.13095e-20
1.14666e-22
-2.70698e-20
-2.89474e-22
5.85798e-05
1.48629e-20
8.64333e-23
-3.11446e-20
-2.73237e-22
5.72435e-05
1.56033e-20
4.98508e-23
-3.06978e-20
-2.53472e-22
5.59348e-05
-3.23123e-21
1.68524e-23
-2.28933e-20
-2.31045e-22
5.46533e-05
-1.56668e-21
2.26283e-23
-2.3104e-20
-2.24239e-22
5.33983e-05
-2.1159e-21
1.97207e-23
-2.1029e-20
-2.26588e-22
5.21694e-05
-2.28002e-21
5.85402e-24
-2.56485e-20
-2.20899e-22
5.09659e-05
-5.89543e-21
-5.23849e-24
-1.54976e-20
-2.04915e-22
4.97873e-05
-8.41758e-21
-2.64322e-24
-1.61299e-20
-1.95244e-22
4.86331e-05
-9.96978e-21
3.33574e-24
-1.89054e-20
-1.87972e-22
4.75028e-05
-1.3113e-20
3.29439e-24
-2.12548e-20
-1.74264e-22
4.63958e-05
-6.34342e-21
6.53998e-24
-2.725e-20
-1.64362e-22
4.53118e-05
-4.58881e-21
8.10609e-24
-2.10717e-20
-1.56633e-22
4.42501e-05
5.11185e-21
4.50114e-24
-1.89208e-20
-1.50055e-22
4.32103e-05
4.3769e-21
-2.5967e-24
-1.72131e-20
-1.46854e-22
4.2192e-05
5.00635e-21
-6.8169e-24
-2.91363e-20
-1.47442e-22
4.11946e-05
1.14545e-20
-1.31554e-23
-2.29395e-20
-1.37287e-22
4.02179e-05
4.33507e-21
-2.07085e-23
-1.18992e-20
-1.30384e-22
3.92612e-05
5.94014e-22
-2.12678e-23
-1.52142e-20
-1.29444e-22
3.83241e-05
-1.94128e-21
-1.94163e-23
-1.51844e-20
-1.23485e-22
3.74064e-05
-9.48248e-21
-1.4458e-23
-1.49422e-20
-1.13945e-22
3.65074e-05
-9.63391e-21
-8.82211e-24
-1.32315e-20
-1.04202e-22
3.56269e-05
-7.57062e-21
-3.4618e-24
-1.69235e-20
-9.60365e-23
3.47644e-05
-1.42594e-20
2.75763e-24
-7.71743e-21
-9.01476e-23
3.39196e-05
-1.48528e-20
8.3897e-24
-7.98712e-21
-8.82166e-23
3.3092e-05
-1.39104e-20
1.79082e-23
-7.82642e-21
-8.90838e-23
3.22813e-05
-1.34955e-20
2.46527e-23
-1.5151e-20
-9.09787e-23
3.1487e-05
-1.3228e-20
3.10592e-23
-1.82404e-20
-8.96918e-23
3.0709e-05
-1.22272e-20
3.41201e-23
-1.59351e-20
-8.69326e-23
2.99467e-05
-1.23601e-20
3.77445e-23
-9.11385e-21
-8.44199e-23
2.91998e-05
-9.94234e-21
4.03555e-23
-7.31749e-21
-8.49496e-23
2.8468e-05
-1.12954e-20
4.142e-23
-7.52451e-21
-8.51004e-23
2.7751e-05
-1.15869e-20
4.02793e-23
-7.83842e-21
-8.26964e-23
2.70485e-05
-8.88864e-21
4.0535e-23
-9.52042e-21
-8.01142e-23
2.636e-05
-1.3946e-20
3.96238e-23
-7.61798e-21
-7.7748e-23
2.56853e-05
-1.32985e-20
3.92765e-23
-8.26063e-21
-7.47693e-23
2.50241e-05
-1.11943e-20
3.77899e-23
-1.34161e-20
-7.16736e-23
2.4376e-05
-1.10768e-20
3.41003e-23
-1.99157e-20
-6.76386e-23
2.37408e-05
-8.87824e-21
2.97884e-23
-2.10348e-20
-6.19506e-23
2.31181e-05
-8.29e-21
2.40612e-23
-1.92739e-20
-5.65573e-23
2.25077e-05
-9.25194e-21
1.75059e-23
-2.09631e-20
-4.99384e-23
2.19093e-05
-9.02019e-21
1.13615e-23
-1.48845e-20
-4.35146e-23
2.13226e-05
-7.7367e-21
5.59618e-24
-1.45711e-20
-3.88049e-23
2.07473e-05
-1.02605e-20
6.5129e-25
-1.53136e-20
-3.41807e-23
2.01832e-05
-1.2998e-20
-3.54311e-24
-1.28147e-20
-2.98978e-23
1.963e-05
-1.05598e-20
-6.92655e-24
-1.35086e-20
-2.66146e-23
1.90874e-05
-1.08973e-20
-1.04701e-23
-1.12397e-20
-2.35233e-23
1.85551e-05
-1.29584e-20
-1.37497e-23
-9.35759e-21
-2.06674e-23
1.8033e-05
-1.07859e-20
-1.62836e-23
-9.1762e-21
-1.77498e-23
1.75207e-05
-1.21053e-20
-1.90504e-23
-1.02965e-20
-1.46718e-23
1.7018e-05
-1.26502e-20
-2.04713e-23
-7.89663e-21
-1.19699e-23
1.65247e-05
-1.00937e-20
-2.15149e-23
-5.54488e-21
-1.03631e-23
1.60406e-05
-9.72158e-21
-2.25992e-23
-6.81713e-21
-9.1295e-24
1.55653e-05
-1.20712e-20
-2.34871e-23
-7.82937e-21
-7.58764e-24
1.50988e-05
-1.21643e-20
-2.45976e-23
-8.52652e-21
-5.99048e-24
1.46407e-05
-1.06933e-20
-2.55216e-23
-5.13528e-21
-4.49583e-24
1.41908e-05
-9.69372e-21
-2.62328e-23
-6.48657e-21
-4.09383e-24
1.3749e-05
-1.03522e-20
-2.7029e-23
-6.85075e-21
-3.54744e-24
1.3315e-05
-9.93654e-21
-2.7573e-23
-3.07272e-21
-2.92777e-24
1.28887e-05
-8.23027e-21
-2.81458e-23
-2.8105e-21
-2.83724e-24
1.24698e-05
-7.35491e-21
-2.88509e-23
-4.17468e-21
-2.85325e-24
1.20582e-05
-6.33896e-21
-2.93983e-23
-1.72441e-21
-2.74164e-24
1.16538e-05
-9.1699e-21
-3.00825e-23
-1.32144e-21
-2.69661e-24
1.12562e-05
-9.01566e-21
-3.03591e-23
-1.37127e-21
-2.69615e-24
1.08655e-05
-8.66313e-21
-3.06168e-23
-2.26964e-21
-2.6898e-24
1.04814e-05
-8.71158e-21
-3.0899e-23
-1.92247e-21
-2.57348e-24
1.01039e-05
-7.36501e-21
-3.0985e-23
-2.08736e-21
-2.73014e-24
9.73277e-06
-8.44037e-21
-3.11788e-23
-2.40836e-21
-2.9141e-24
9.36804e-06
-7.18356e-21
-3.11602e-23
-2.56254e-21
-2.84207e-24
9.00958e-06
-8.50253e-21
-3.12129e-23
-2.46145e-21
-2.6645e-24
8.65738e-06
-6.59221e-21
-3.11156e-23
-1.29808e-21
-2.42784e-24
8.3114e-06
-6.60867e-21
-3.08759e-23
-1.33709e-21
-2.34034e-24
7.97164e-06
-5.17012e-21
-3.04898e-23
-1.20878e-21
-2.33132e-24
7.63814e-06
-5.22886e-21
-3.00203e-23
-1.52589e-21
-2.36021e-24
7.31099e-06
-5.04882e-21
-2.94165e-23
-1.76945e-22
-2.25241e-24
6.9902e-06
-5.17347e-21
-2.87214e-23
-5.04778e-22
-2.33857e-24
6.67595e-06
-4.70999e-21
-2.7979e-23
-1.02994e-22
-2.48139e-24
6.36835e-06
-4.98331e-21
-2.71657e-23
-1.43191e-22
-2.50284e-24
6.06757e-06
-4.4053e-21
-2.62027e-23
-8.69405e-22
-2.4044e-24
5.77377e-06
-2.31438e-21
-2.52483e-23
-7.40854e-22
-2.29902e-24
5.48716e-06
-1.92587e-21
-2.4352e-23
-8.09033e-22
-2.28956e-24
5.2079e-06
-1.44373e-21
-2.34215e-23
-7.45221e-22
-2.29654e-24
4.93622e-06
-1.59381e-21
-2.24969e-23
-8.56121e-22
-2.306e-24
4.67229e-06
-1.53838e-21
-2.15413e-23
-7.97356e-22
-2.30583e-24
4.41626e-06
-1.93306e-22
-2.05864e-23
-8.82503e-22
-2.28936e-24
4.1683e-06
-1.37294e-22
-1.96857e-23
-8.56739e-22
-2.15975e-24
3.9285e-06
-5.12632e-22
-1.8797e-23
-9.25456e-22
-2.03144e-24
3.69693e-06
-4.74706e-22
-1.79074e-23
-8.25063e-22
-1.9247e-24
3.47364e-06
-5.63371e-22
-1.70478e-23
-9.28578e-22
-1.83472e-24
3.25861e-06
-6.63136e-22
-1.62007e-23
-9.65109e-22
-1.74216e-24
3.05182e-06
-2.76023e-22
-1.5372e-23
-9.95224e-22
-1.6509e-24
2.85317e-06
-3.69723e-22
-1.4596e-23
-9.3913e-22
-1.56148e-24
2.66256e-06
-4.1165e-22
-1.38532e-23
-8.84877e-22
-1.4784e-24
2.47985e-06
-3.22957e-22
-1.31406e-23
-7.65207e-22
-1.40671e-24
2.30485e-06
-1.78844e-22
-1.2452e-23
-7.97316e-22
-1.34934e-24
2.13738e-06
-5.85157e-22
-1.17887e-23
-1.65839e-22
-1.30138e-24
1.97724e-06
-5.02888e-22
-1.11508e-23
-2.13776e-22
-1.24694e-24
1.82419e-06
-5.55555e-22
-1.05385e-23
-2.53413e-22
-1.20054e-24
1.67802e-06
-5.00751e-22
-9.94861e-24
-3.10654e-22
-1.16045e-24
1.5385e-06
-5.04267e-22
-9.3872e-24
-3.8101e-22
-1.10169e-24
1.40538e-06
-4.52086e-22
-8.86112e-24
-3.84913e-22
-1.04137e-24
1.27845e-06
-4.08633e-22
-8.36187e-24
-2.80239e-22
-9.84805e-25
1.15745e-06
-4.55516e-22
-7.88376e-24
-2.62632e-22
-9.32742e-25
1.04217e-06
-2.64053e-22
-7.43094e-24
-6.64799e-23
-8.81761e-25
9.32385e-07
-1.09018e-23
-7.01357e-24
-1.35031e-22
-8.37584e-25
8.27872e-07
-1.35848e-22
-6.62289e-24
-8.10833e-23
-7.94151e-25
7.28429e-07
-1.49925e-22
-6.2592e-24
-1.0345e-22
-7.49575e-25
6.33845e-07
-1.19768e-22
-5.91173e-24
-9.52852e-23
-7.11132e-25
5.43927e-07
-7.09062e-23
-5.58499e-24
1.66413e-25
-6.72848e-25
4.58487e-07
-3.20398e-23
-5.27955e-24
1.62148e-23
-6.37558e-25
3.77333e-07
-3.37044e-23
-4.99178e-24
6.46208e-23
-6.05456e-25
3.00296e-07
-3.86012e-23
-4.72052e-24
3.36297e-23
-5.75217e-25
2.27204e-07
-4.534e-23
-4.46442e-24
2.95094e-23
-5.45693e-25
1.57892e-07
-1.03774e-23
-4.22284e-24
-1.83019e-24
-5.17872e-25
9.22043e-08
-2.60456e-24
-3.99421e-24
1.03641e-24
-4.91031e-25
2.99889e-08
-4.25334e-25
-9.08693e-25
0.0010317
-5.6975e-19
-4.68028e-19
0.00101264
-4.82993e-19
-4.05848e-19
0.000993802
-5.25625e-19
-4.69501e-19
0.000975185
-4.50276e-19
-3.82254e-19
0.000956799
-4.89917e-19
-4.28948e-19
0.000938652
-4.4227e-19
-4.93775e-19
0.00092075
-3.46067e-19
-3.73135e-19
0.000903099
-4.59875e-19
-3.89191e-19
0.000885703
-4.24502e-19
-4.58281e-19
0.000868565
-4.04742e-19
-4.90558e-19
0.000851688
-5.69161e-19
-4.36221e-19
0.000835075
-4.10358e-19
-4.01527e-19
0.000818727
-5.74689e-19
-2.98854e-19
0.000802644
-3.99582e-19
-4.80008e-19
0.000786827
-4.37407e-19
-4.3649e-19
0.000771275
-4.12144e-19
-3.31373e-19
0.000755988
-4.59922e-19
-3.36172e-19
0.000740965
-3.49727e-19
-4.72363e-19
0.000726203
-1.3055e-19
-5.03168e-19
0.000711701
-1.08609e-19
-3.9623e-19
0.000697457
-3.09433e-19
-1.8868e-19
0.000683469
-2.64967e-19
-2.27604e-19
0.000669733
-2.61375e-19
-2.62506e-19
0.000656248
-2.87984e-19
-2.88668e-19
0.000643011
-3.1537e-19
-3.40957e-19
0.000630018
-3.46329e-19
-2.33448e-19
0.000617266
-2.59884e-19
-2.64386e-19
0.000604753
-2.91095e-19
-2.32339e-19
0.000592474
-2.55593e-19
-2.51755e-19
0.000580428
-2.50371e-19
-2.3715e-19
0.000568609
-1.92766e-19
-2.52748e-19
0.000557015
-2.22206e-19
-2.18108e-19
0.000545643
-1.98083e-19
-2.44926e-19
0.000534489
-1.69438e-19
-2.89026e-19
0.00052355
-1.24356e-19
-2.64421e-19
0.000512821
-1.19308e-19
-2.38016e-19
0.000502301
-1.07007e-19
-1.2207e-19
0.000491985
-1.89342e-19
-1.60963e-19
0.000481869
-2.18839e-19
-1.425e-19
0.000471951
-1.7579e-19
-1.85311e-19
0.000462228
-1.6533e-19
-1.50491e-19
0.000452695
-2.26788e-19
-1.67997e-19
0.000443349
-2.38183e-19
-1.56142e-19
0.000434188
-1.82465e-19
-2.59364e-19
0.000425207
-2.05031e-19
-2.3915e-19
0.000416404
-1.15839e-19
-2.93713e-19
0.000407776
-1.01323e-19
-1.85365e-19
0.000399319
-1.22187e-19
-2.22376e-19
0.00039103
-1.6699e-19
-2.96434e-19
0.000382906
-2.11468e-19
-1.98953e-19
0.000374944
-1.72342e-19
-2.40608e-19
0.000367141
-1.75824e-19
-2.02298e-19
0.000359495
-1.60517e-19
-1.97923e-19
0.000352001
-1.8462e-19
-2.18171e-19
0.000344658
-1.74449e-19
-1.21955e-19
0.000337462
-1.66536e-19
-1.73467e-19
0.000330411
-1.60151e-19
-1.76575e-19
0.000323502
-2.20828e-19
-1.56102e-19
0.000316732
-2.21471e-19
-1.82414e-19
0.000310099
-2.3864e-19
-1.82049e-19
0.0003036
-2.23979e-19
-1.11826e-19
0.000297232
-2.21475e-19
-1.68137e-19
0.000290993
-2.10466e-19
-1.69231e-19
0.00028488
-1.54322e-19
-1.58345e-19
0.000278891
-1.51773e-19
-1.77476e-19
0.000273024
-1.12873e-19
-1.35584e-19
0.000267276
-1.11342e-19
-1.69137e-19
0.000261644
-8.24275e-20
-1.71003e-19
0.000256127
-1.67309e-19
-1.5969e-19
0.000250723
-1.15562e-19
-1.21726e-19
0.000245428
-1.433e-19
-1.28955e-19
0.000240241
-1.56483e-19
-1.30841e-19
0.000235161
-1.44398e-19
-1.35461e-19
0.000230183
-1.31136e-19
-1.41308e-19
0.000225308
-1.19453e-19
-1.36814e-19
0.000220532
-1.26165e-19
-1.18101e-19
0.000215854
-1.0371e-19
-1.14613e-19
0.000211271
-8.2879e-20
-1.40839e-19
0.000206783
-7.57833e-20
-1.46328e-19
0.000202386
-6.85644e-20
-1.4264e-19
0.000198079
-8.46491e-20
-1.33602e-19
0.000193861
-6.89502e-20
-1.07211e-19
0.000189729
-7.90291e-20
-1.11112e-19
0.000185682
-7.96966e-20
-1.0092e-19
0.000181718
-8.20934e-20
-1.12408e-19
0.000177835
-7.6977e-20
-1.21647e-19
0.000174033
-8.47747e-20
-1.15047e-19
0.000170308
-1.00031e-19
-1.08974e-19
0.00016666
-9.03008e-20
-1.16911e-19
0.000163088
-8.92898e-20
-1.43431e-19
0.000159588
-8.28847e-20
-1.29134e-19
0.000156161
-1.23078e-19
-1.27336e-19
0.000152805
-1.19856e-19
-1.35847e-19
0.000149517
-7.1936e-20
-1.13101e-19
0.000146298
-7.92256e-20
-1.16169e-19
0.000143145
-1.01192e-19
-9.53401e-20
0.000140056
-1.27391e-19
-9.17056e-20
0.000137032
-9.54818e-20
-8.69373e-20
0.00013407
-8.94274e-20
-9.33674e-20
0.000131169
-6.91684e-20
-9.7662e-20
0.000128329
-4.4423e-20
-7.10227e-20
0.000125547
-6.28499e-20
-6.21518e-20
0.000122822
-7.37056e-20
-8.66959e-20
0.000120154
-6.12854e-20
-9.67361e-20
0.000117541
-5.66071e-20
-9.74871e-20
0.000114982
-4.79361e-20
-1.05636e-19
0.000112476
-5.9139e-20
-8.99324e-20
0.000110022
-4.92776e-20
-9.69781e-20
0.000107618
-4.92267e-20
-8.77059e-20
0.000105265
-4.47741e-20
-9.02602e-20
0.00010296
-4.49299e-20
-7.32054e-20
0.000100703
-3.87232e-20
-7.70515e-20
9.84928e-05
-4.07258e-20
-7.75082e-20
9.63283e-05
-3.69624e-20
-7.18694e-20
9.42087e-05
-4.84409e-20
-6.11462e-20
9.21332e-05
-4.59905e-20
-6.40017e-20
9.01005e-05
-3.92449e-20
-6.61423e-20
8.81101e-05
-4.67324e-20
-7.73713e-20
8.6161e-05
-4.53117e-20
-7.36762e-20
8.42523e-05
-5.29725e-20
-6.83333e-20
8.23832e-05
-4.75796e-20
-7.05928e-20
8.0553e-05
-4.72692e-20
-6.45792e-20
7.87606e-05
-4.35846e-20
-6.83156e-20
7.70055e-05
-4.50321e-20
-6.06607e-20
7.52868e-05
-4.12262e-20
-5.78887e-20
7.36038e-05
-3.60803e-20
-5.55594e-20
7.19557e-05
-3.43888e-20
-4.60445e-20
7.03418e-05
-3.48505e-20
-3.58076e-20
6.87614e-05
-3.94022e-20
-4.32548e-20
6.72138e-05
-3.44751e-20
-4.35193e-20
6.56983e-05
-3.515e-20
-3.23802e-20
6.42143e-05
-2.83545e-20
-4.19519e-20
6.27611e-05
-1.49792e-20
-3.31956e-20
6.1338e-05
-7.93778e-21
-3.00433e-20
5.99445e-05
-4.02239e-21
-3.11929e-20
5.85798e-05
-1.12241e-20
-3.22119e-20
5.72435e-05
-1.1128e-20
-3.03517e-20
5.59348e-05
9.8897e-21
-3.23151e-20
5.46533e-05
3.51722e-21
-3.18889e-20
5.33983e-05
-9.50902e-21
-2.26152e-20
5.21694e-05
-1.31445e-20
-2.24964e-20
5.09659e-05
-6.645e-21
-1.83706e-20
4.97873e-05
-8.16653e-21
-2.09496e-20
4.86331e-05
-2.04004e-20
-1.64109e-20
4.75028e-05
-2.35973e-20
-1.95109e-20
4.63958e-05
-2.37384e-20
-2.37888e-20
4.53118e-05
-3.30076e-20
-1.89744e-20
4.42501e-05
-3.26251e-20
-1.93292e-20
4.32103e-05
-3.28451e-20
-1.90578e-20
4.2192e-05
-3.94203e-20
-1.0269e-20
4.11946e-05
-3.85415e-20
-1.18826e-20
4.02179e-05
-3.76609e-20
-1.3724e-20
3.92612e-05
-4.08885e-20
-9.75298e-21
3.83241e-05
-3.98286e-20
-7.16414e-21
3.74064e-05
-4.72462e-20
-1.04981e-20
3.65074e-05
-4.54459e-20
-1.21257e-20
3.56269e-05
-3.75817e-20
-1.86168e-20
3.47644e-05
-4.12693e-20
-1.92064e-20
3.39196e-05
-2.60612e-20
-2.61733e-20
3.3092e-05
-2.75071e-20
-2.80222e-20
3.22813e-05
-2.51026e-20
-2.75282e-20
3.1487e-05
-3.131e-20
-2.57603e-20
3.0709e-05
-2.58522e-20
-2.2957e-20
2.99467e-05
-2.6476e-20
-2.58256e-20
2.91998e-05
-2.63172e-20
-2.35664e-20
2.8468e-05
-3.23095e-20
-1.76402e-20
2.7751e-05
-2.55404e-20
-1.82415e-20
2.70485e-05
-2.55242e-20
-1.90599e-20
2.636e-05
-2.59766e-20
-1.65427e-20
2.56853e-05
-2.34321e-20
-1.80075e-20
2.50241e-05
-2.37893e-20
-1.85956e-20
2.4376e-05
-2.17578e-20
-1.76484e-20
2.37408e-05
-2.0708e-20
-1.9349e-20
2.31181e-05
-2.06874e-20
-1.11866e-20
2.25077e-05
-2.00858e-20
-1.01318e-20
2.19093e-05
-2.00486e-20
-6.09981e-21
2.13226e-05
-1.6918e-20
-3.18538e-21
2.07473e-05
-1.79529e-20
-4.1758e-21
2.01832e-05
-1.87883e-20
-3.50442e-21
1.963e-05
-1.86547e-20
-5.3626e-21
1.90874e-05
-1.83827e-20
-5.68594e-21
1.85551e-05
-1.65942e-20
-2.23122e-21
1.8033e-05
-1.56999e-20
-8.47047e-22
1.75207e-05
-8.51206e-21
-3.74475e-21
1.7018e-05
-6.72355e-21
-5.02567e-21
1.65247e-05
-4.97394e-21
-4.14415e-21
1.60406e-05
-4.75094e-21
-5.58345e-21
1.55653e-05
-1.02974e-20
-4.68093e-21
1.50988e-05
-1.09703e-20
-1.38891e-21
1.46407e-05
-9.84073e-21
-4.12527e-21
1.41908e-05
-1.02586e-20
-3.22778e-21
1.3749e-05
-8.91264e-21
-1.28749e-21
1.3315e-05
-8.52321e-21
-1.69995e-21
1.28887e-05
-8.00158e-21
-2.08518e-21
1.24698e-05
-5.86892e-21
-1.78724e-21
1.20582e-05
-7.04206e-21
-9.46136e-22
1.16538e-05
-6.76894e-21
-1.65755e-21
1.12562e-05
-6.67649e-21
-1.93657e-21
1.08655e-05
-6.83898e-21
-1.02449e-21
1.04814e-05
-4.82892e-21
-1.42276e-21
1.01039e-05
-4.71085e-21
-1.56929e-21
9.73277e-06
-3.66855e-21
-1.81201e-21
9.36804e-06
-4.27846e-21
-2.67562e-21
9.00958e-06
-4.49153e-21
-9.60345e-22
8.65738e-06
-1.9843e-21
-8.4849e-22
8.3114e-06
-2.05075e-21
-1.06433e-21
7.97164e-06
-2.10626e-21
-9.59351e-22
7.63814e-06
-2.86594e-21
4.69038e-22
7.31099e-06
-3.04518e-21
-1.84066e-24
6.9902e-06
-3.49251e-21
-1.72715e-22
6.67595e-06
-2.8186e-21
5.23665e-22
6.36835e-06
-1.06875e-21
1.09228e-21
6.06757e-06
-1.19543e-21
8.06167e-22
5.77377e-06
-1.09438e-21
-9.43586e-22
5.48716e-06
-8.31172e-22
-1.67278e-21
5.2079e-06
-6.82986e-22
-1.7835e-21
4.93622e-06
-5.00446e-22
-1.90757e-21
4.67229e-06
-1.02347e-21
-1.94776e-21
4.41626e-06
-1.11278e-21
1.32208e-23
4.1683e-06
-1.22313e-21
6.83928e-23
3.9285e-06
-1.10924e-21
-9.12737e-23
3.69693e-06
-9.88273e-22
-3.39791e-22
3.47364e-06
-3.21892e-22
-4.4635e-22
3.25861e-06
1.04303e-22
-5.49253e-22
3.05182e-06
2.43558e-23
-6.53845e-22
2.85317e-06
1.14795e-22
-6.73065e-22
2.66256e-06
1.01324e-22
-5.36356e-22
2.47985e-06
1.86007e-22
-3.00516e-22
2.30485e-06
3.30693e-22
-6.44839e-22
2.13738e-06
-3.71553e-23
2.32088e-23
1.97724e-06
7.42684e-23
2.93194e-23
1.82419e-06
1.64767e-22
-9.06712e-23
1.67802e-06
9.6651e-23
3.46037e-22
1.5385e-06
-2.98701e-22
3.67864e-22
1.40538e-06
-3.4421e-22
2.84418e-22
1.27845e-06
-6.85946e-23
6.75368e-23
1.15745e-06
3.07036e-23
4.21017e-23
1.04217e-06
-1.86644e-22
7.32955e-23
9.32385e-07
-4.36286e-23
5.51028e-23
8.27872e-07
-3.68348e-22
2.6689e-22
7.28429e-07
-9.75255e-23
2.27284e-23
6.33845e-07
-5.8945e-23
5.27032e-23
5.43927e-07
-8.72934e-23
6.37581e-23
4.58487e-07
-2.452e-23
2.07682e-23
3.77333e-07
-2.38833e-23
4.11948e-23
3.00296e-07
-1.33233e-23
3.52128e-23
2.27204e-07
-4.90313e-23
9.10812e-24
1.57892e-07
6.65877e-25
-1.81831e-24
9.22043e-08
-1.30041e-23
1.154e-23
2.99889e-08
)
;

boundaryField
{
    walls
    {
        type            calculated;
        value           uniform 0;
    }
    inlet
    {
        type            cyclic;
        value           nonuniform List<scalar> 
1000
(
-2.99887e-08
-9.22042e-08
-1.57892e-07
-2.27204e-07
-3.00296e-07
-3.77334e-07
-4.58485e-07
-5.43928e-07
-6.33846e-07
-7.28428e-07
-8.27872e-07
-9.32382e-07
-1.04217e-06
-1.15745e-06
-1.27844e-06
-1.40538e-06
-1.5385e-06
-1.67802e-06
-1.82419e-06
-1.97723e-06
-2.13738e-06
-2.30485e-06
-2.47985e-06
-2.66257e-06
-2.85318e-06
-3.05182e-06
-3.25861e-06
-3.47363e-06
-3.69693e-06
-3.92849e-06
-4.1683e-06
-4.41627e-06
-4.67229e-06
-4.93622e-06
-5.2079e-06
-5.48715e-06
-5.77377e-06
-6.06757e-06
-6.36835e-06
-6.67595e-06
-6.99021e-06
-7.31098e-06
-7.63815e-06
-7.97164e-06
-8.3114e-06
-8.65738e-06
-9.00958e-06
-9.36803e-06
-9.73277e-06
-1.01039e-05
-1.04814e-05
-1.08655e-05
-1.12562e-05
-1.16538e-05
-1.20582e-05
-1.24698e-05
-1.28887e-05
-1.3315e-05
-1.3749e-05
-1.41908e-05
-1.46407e-05
-1.50988e-05
-1.55653e-05
-1.60406e-05
-1.65247e-05
-1.7018e-05
-1.75207e-05
-1.8033e-05
-1.85551e-05
-1.90874e-05
-1.963e-05
-2.01832e-05
-2.07474e-05
-2.13226e-05
-2.19093e-05
-2.25077e-05
-2.31181e-05
-2.37408e-05
-2.4376e-05
-2.5024e-05
-2.56853e-05
-2.636e-05
-2.70485e-05
-2.7751e-05
-2.84681e-05
-2.91998e-05
-2.99467e-05
-3.0709e-05
-3.1487e-05
-3.22813e-05
-3.3092e-05
-3.39196e-05
-3.47644e-05
-3.56269e-05
-3.65074e-05
-3.74064e-05
-3.83242e-05
-3.92612e-05
-4.02179e-05
-4.11947e-05
-4.2192e-05
-4.32103e-05
-4.42501e-05
-4.53118e-05
-4.63958e-05
-4.75028e-05
-4.86331e-05
-4.97873e-05
-5.09659e-05
-5.21694e-05
-5.33984e-05
-5.46533e-05
-5.59348e-05
-5.72435e-05
-5.85798e-05
-5.99445e-05
-6.1338e-05
-6.27611e-05
-6.42143e-05
-6.56983e-05
-6.72138e-05
-6.87614e-05
-7.03418e-05
-7.19557e-05
-7.36038e-05
-7.52868e-05
-7.70055e-05
-7.87606e-05
-8.05529e-05
-8.23832e-05
-8.42523e-05
-8.6161e-05
-8.81102e-05
-9.01006e-05
-9.21331e-05
-9.42087e-05
-9.63283e-05
-9.84927e-05
-0.000100703
-0.00010296
-0.000105265
-0.000107618
-0.000110022
-0.000112476
-0.000114982
-0.000117541
-0.000120154
-0.000122822
-0.000125547
-0.000128329
-0.000131169
-0.00013407
-0.000137032
-0.000140056
-0.000143145
-0.000146298
-0.000149517
-0.000152805
-0.000156161
-0.000159588
-0.000163088
-0.00016666
-0.000170308
-0.000174033
-0.000177835
-0.000181718
-0.000185682
-0.000189729
-0.000193861
-0.000198079
-0.000202386
-0.000206783
-0.000211271
-0.000215854
-0.000220532
-0.000225308
-0.000230183
-0.000235161
-0.000240241
-0.000245428
-0.000250723
-0.000256127
-0.000261644
-0.000267276
-0.000273024
-0.000278891
-0.00028488
-0.000290993
-0.000297232
-0.0003036
-0.000310099
-0.000316732
-0.000323502
-0.000330411
-0.000337462
-0.000344658
-0.000352001
-0.000359495
-0.000367141
-0.000374944
-0.000382906
-0.00039103
-0.000399319
-0.000407776
-0.000416404
-0.000425207
-0.000434188
-0.000443349
-0.000452695
-0.000462228
-0.000471951
-0.000481869
-0.000491985
-0.000502301
-0.000512821
-0.00052355
-0.000534489
-0.000545643
-0.000557015
-0.000568609
-0.000580428
-0.000592474
-0.000604753
-0.000617266
-0.000630018
-0.000643011
-0.000656249
-0.000669733
-0.000683469
-0.000697457
-0.000711701
-0.000726203
-0.000740965
-0.000755988
-0.000771275
-0.000786827
-0.000802644
-0.000818727
-0.000835075
-0.000851688
-0.000868565
-0.000885703
-0.000903099
-0.00092075
-0.000938652
-0.000956799
-0.000975185
-0.000993802
-0.00101264
-0.0010317
-2.99887e-08
-9.22042e-08
-1.57892e-07
-2.27204e-07
-3.00296e-07
-3.77334e-07
-4.58485e-07
-5.43928e-07
-6.33846e-07
-7.28428e-07
-8.27872e-07
-9.32382e-07
-1.04217e-06
-1.15745e-06
-1.27844e-06
-1.40538e-06
-1.5385e-06
-1.67802e-06
-1.82419e-06
-1.97723e-06
-2.13738e-06
-2.30485e-06
-2.47985e-06
-2.66257e-06
-2.85318e-06
-3.05182e-06
-3.25861e-06
-3.47363e-06
-3.69693e-06
-3.92849e-06
-4.1683e-06
-4.41627e-06
-4.67229e-06
-4.93622e-06
-5.2079e-06
-5.48715e-06
-5.77377e-06
-6.06757e-06
-6.36835e-06
-6.67595e-06
-6.99021e-06
-7.31098e-06
-7.63815e-06
-7.97164e-06
-8.3114e-06
-8.65738e-06
-9.00958e-06
-9.36803e-06
-9.73277e-06
-1.01039e-05
-1.04814e-05
-1.08655e-05
-1.12562e-05
-1.16538e-05
-1.20582e-05
-1.24698e-05
-1.28887e-05
-1.3315e-05
-1.3749e-05
-1.41908e-05
-1.46407e-05
-1.50988e-05
-1.55653e-05
-1.60406e-05
-1.65247e-05
-1.7018e-05
-1.75207e-05
-1.8033e-05
-1.85551e-05
-1.90874e-05
-1.963e-05
-2.01832e-05
-2.07474e-05
-2.13226e-05
-2.19093e-05
-2.25077e-05
-2.31181e-05
-2.37408e-05
-2.4376e-05
-2.5024e-05
-2.56853e-05
-2.636e-05
-2.70485e-05
-2.7751e-05
-2.84681e-05
-2.91998e-05
-2.99467e-05
-3.0709e-05
-3.1487e-05
-3.22813e-05
-3.3092e-05
-3.39196e-05
-3.47644e-05
-3.56269e-05
-3.65074e-05
-3.74064e-05
-3.83242e-05
-3.92612e-05
-4.02179e-05
-4.11947e-05
-4.2192e-05
-4.32103e-05
-4.42501e-05
-4.53118e-05
-4.63958e-05
-4.75028e-05
-4.86331e-05
-4.97873e-05
-5.09659e-05
-5.21694e-05
-5.33984e-05
-5.46533e-05
-5.59348e-05
-5.72435e-05
-5.85798e-05
-5.99445e-05
-6.1338e-05
-6.27611e-05
-6.42143e-05
-6.56983e-05
-6.72138e-05
-6.87614e-05
-7.03418e-05
-7.19557e-05
-7.36038e-05
-7.52868e-05
-7.70055e-05
-7.87606e-05
-8.05529e-05
-8.23832e-05
-8.42523e-05
-8.6161e-05
-8.81102e-05
-9.01006e-05
-9.21331e-05
-9.42087e-05
-9.63283e-05
-9.84927e-05
-0.000100703
-0.00010296
-0.000105265
-0.000107618
-0.000110022
-0.000112476
-0.000114982
-0.000117541
-0.000120154
-0.000122822
-0.000125547
-0.000128329
-0.000131169
-0.00013407
-0.000137032
-0.000140056
-0.000143145
-0.000146298
-0.000149517
-0.000152805
-0.000156161
-0.000159588
-0.000163088
-0.00016666
-0.000170308
-0.000174033
-0.000177835
-0.000181718
-0.000185682
-0.000189729
-0.000193861
-0.000198079
-0.000202386
-0.000206783
-0.000211271
-0.000215854
-0.000220532
-0.000225308
-0.000230183
-0.000235161
-0.000240241
-0.000245428
-0.000250723
-0.000256127
-0.000261644
-0.000267276
-0.000273024
-0.000278891
-0.00028488
-0.000290993
-0.000297232
-0.0003036
-0.000310099
-0.000316732
-0.000323502
-0.000330411
-0.000337462
-0.000344658
-0.000352001
-0.000359495
-0.000367141
-0.000374944
-0.000382906
-0.00039103
-0.000399319
-0.000407776
-0.000416404
-0.000425207
-0.000434188
-0.000443349
-0.000452695
-0.000462228
-0.000471951
-0.000481869
-0.000491985
-0.000502301
-0.000512821
-0.00052355
-0.000534489
-0.000545643
-0.000557015
-0.000568609
-0.000580428
-0.000592474
-0.000604753
-0.000617266
-0.000630018
-0.000643011
-0.000656249
-0.000669733
-0.000683469
-0.000697457
-0.000711701
-0.000726203
-0.000740965
-0.000755988
-0.000771275
-0.000786827
-0.000802644
-0.000818727
-0.000835075
-0.000851688
-0.000868565
-0.000885703
-0.000903099
-0.00092075
-0.000938652
-0.000956799
-0.000975185
-0.000993802
-0.00101264
-0.0010317
-0.0010317
-0.00101264
-0.000993802
-0.000975185
-0.000956799
-0.000938652
-0.00092075
-0.000903099
-0.000885703
-0.000868565
-0.000851688
-0.000835075
-0.000818727
-0.000802644
-0.000786827
-0.000771275
-0.000755988
-0.000740965
-0.000726203
-0.000711701
-0.000697457
-0.000683469
-0.000669733
-0.000656248
-0.000643011
-0.000630018
-0.000617266
-0.000604753
-0.000592474
-0.000580428
-0.000568609
-0.000557015
-0.000545643
-0.000534489
-0.00052355
-0.000512821
-0.000502301
-0.000491985
-0.000481869
-0.000471951
-0.000462228
-0.000452695
-0.000443349
-0.000434188
-0.000425207
-0.000416404
-0.000407776
-0.000399319
-0.00039103
-0.000382906
-0.000374944
-0.000367141
-0.000359495
-0.000352001
-0.000344658
-0.000337462
-0.000330411
-0.000323502
-0.000316732
-0.000310099
-0.0003036
-0.000297232
-0.000290993
-0.00028488
-0.000278891
-0.000273024
-0.000267276
-0.000261644
-0.000256127
-0.000250723
-0.000245428
-0.000240241
-0.000235161
-0.000230183
-0.000225308
-0.000220532
-0.000215854
-0.000211271
-0.000206783
-0.000202386
-0.000198079
-0.000193861
-0.000189729
-0.000185682
-0.000181718
-0.000177835
-0.000174033
-0.000170308
-0.00016666
-0.000163088
-0.000159588
-0.000156161
-0.000152805
-0.000149517
-0.000146298
-0.000143145
-0.000140056
-0.000137032
-0.00013407
-0.000131169
-0.000128329
-0.000125547
-0.000122822
-0.000120154
-0.000117541
-0.000114982
-0.000112476
-0.000110022
-0.000107618
-0.000105265
-0.00010296
-0.000100703
-9.84928e-05
-9.63283e-05
-9.42087e-05
-9.21332e-05
-9.01005e-05
-8.81101e-05
-8.6161e-05
-8.42523e-05
-8.23832e-05
-8.0553e-05
-7.87606e-05
-7.70055e-05
-7.52868e-05
-7.36038e-05
-7.19557e-05
-7.03418e-05
-6.87614e-05
-6.72138e-05
-6.56983e-05
-6.42143e-05
-6.27611e-05
-6.1338e-05
-5.99445e-05
-5.85798e-05
-5.72435e-05
-5.59348e-05
-5.46533e-05
-5.33983e-05
-5.21694e-05
-5.09659e-05
-4.97873e-05
-4.86331e-05
-4.75028e-05
-4.63958e-05
-4.53118e-05
-4.42501e-05
-4.32103e-05
-4.2192e-05
-4.11946e-05
-4.02179e-05
-3.92612e-05
-3.83241e-05
-3.74064e-05
-3.65074e-05
-3.56269e-05
-3.47644e-05
-3.39196e-05
-3.3092e-05
-3.22813e-05
-3.1487e-05
-3.0709e-05
-2.99467e-05
-2.91998e-05
-2.8468e-05
-2.7751e-05
-2.70485e-05
-2.636e-05
-2.56853e-05
-2.50241e-05
-2.4376e-05
-2.37408e-05
-2.31181e-05
-2.25077e-05
-2.19093e-05
-2.13226e-05
-2.07473e-05
-2.01832e-05
-1.963e-05
-1.90874e-05
-1.85551e-05
-1.8033e-05
-1.75207e-05
-1.7018e-05
-1.65247e-05
-1.60406e-05
-1.55653e-05
-1.50988e-05
-1.46407e-05
-1.41908e-05
-1.3749e-05
-1.3315e-05
-1.28887e-05
-1.24698e-05
-1.20582e-05
-1.16538e-05
-1.12562e-05
-1.08655e-05
-1.04814e-05
-1.01039e-05
-9.73277e-06
-9.36804e-06
-9.00958e-06
-8.65738e-06
-8.3114e-06
-7.97164e-06
-7.63814e-06
-7.31099e-06
-6.9902e-06
-6.67595e-06
-6.36835e-06
-6.06757e-06
-5.77377e-06
-5.48716e-06
-5.2079e-06
-4.93622e-06
-4.67229e-06
-4.41626e-06
-4.1683e-06
-3.9285e-06
-3.69693e-06
-3.47364e-06
-3.25861e-06
-3.05182e-06
-2.85317e-06
-2.66256e-06
-2.47985e-06
-2.30485e-06
-2.13738e-06
-1.97724e-06
-1.82419e-06
-1.67802e-06
-1.5385e-06
-1.40538e-06
-1.27845e-06
-1.15745e-06
-1.04217e-06
-9.32385e-07
-8.27872e-07
-7.28429e-07
-6.33845e-07
-5.43927e-07
-4.58487e-07
-3.77333e-07
-3.00296e-07
-2.27204e-07
-1.57892e-07
-9.22043e-08
-2.99889e-08
-0.0010317
-0.00101264
-0.000993802
-0.000975185
-0.000956799
-0.000938652
-0.00092075
-0.000903099
-0.000885703
-0.000868565
-0.000851688
-0.000835075
-0.000818727
-0.000802644
-0.000786827
-0.000771275
-0.000755988
-0.000740965
-0.000726203
-0.000711701
-0.000697457
-0.000683469
-0.000669733
-0.000656248
-0.000643011
-0.000630018
-0.000617266
-0.000604753
-0.000592474
-0.000580428
-0.000568609
-0.000557015
-0.000545643
-0.000534489
-0.00052355
-0.000512821
-0.000502301
-0.000491985
-0.000481869
-0.000471951
-0.000462228
-0.000452695
-0.000443349
-0.000434188
-0.000425207
-0.000416404
-0.000407776
-0.000399319
-0.00039103
-0.000382906
-0.000374944
-0.000367141
-0.000359495
-0.000352001
-0.000344658
-0.000337462
-0.000330411
-0.000323502
-0.000316732
-0.000310099
-0.0003036
-0.000297232
-0.000290993
-0.00028488
-0.000278891
-0.000273024
-0.000267276
-0.000261644
-0.000256127
-0.000250723
-0.000245428
-0.000240241
-0.000235161
-0.000230183
-0.000225308
-0.000220532
-0.000215854
-0.000211271
-0.000206783
-0.000202386
-0.000198079
-0.000193861
-0.000189729
-0.000185682
-0.000181718
-0.000177835
-0.000174033
-0.000170308
-0.00016666
-0.000163088
-0.000159588
-0.000156161
-0.000152805
-0.000149517
-0.000146298
-0.000143145
-0.000140056
-0.000137032
-0.00013407
-0.000131169
-0.000128329
-0.000125547
-0.000122822
-0.000120154
-0.000117541
-0.000114982
-0.000112476
-0.000110022
-0.000107618
-0.000105265
-0.00010296
-0.000100703
-9.84928e-05
-9.63283e-05
-9.42087e-05
-9.21332e-05
-9.01005e-05
-8.81101e-05
-8.6161e-05
-8.42523e-05
-8.23832e-05
-8.0553e-05
-7.87606e-05
-7.70055e-05
-7.52868e-05
-7.36038e-05
-7.19557e-05
-7.03418e-05
-6.87614e-05
-6.72138e-05
-6.56983e-05
-6.42143e-05
-6.27611e-05
-6.1338e-05
-5.99445e-05
-5.85798e-05
-5.72435e-05
-5.59348e-05
-5.46533e-05
-5.33983e-05
-5.21694e-05
-5.09659e-05
-4.97873e-05
-4.86331e-05
-4.75028e-05
-4.63958e-05
-4.53118e-05
-4.42501e-05
-4.32103e-05
-4.2192e-05
-4.11946e-05
-4.02179e-05
-3.92612e-05
-3.83241e-05
-3.74064e-05
-3.65074e-05
-3.56269e-05
-3.47644e-05
-3.39196e-05
-3.3092e-05
-3.22813e-05
-3.1487e-05
-3.0709e-05
-2.99467e-05
-2.91998e-05
-2.8468e-05
-2.7751e-05
-2.70485e-05
-2.636e-05
-2.56853e-05
-2.50241e-05
-2.4376e-05
-2.37408e-05
-2.31181e-05
-2.25077e-05
-2.19093e-05
-2.13226e-05
-2.07473e-05
-2.01832e-05
-1.963e-05
-1.90874e-05
-1.85551e-05
-1.8033e-05
-1.75207e-05
-1.7018e-05
-1.65247e-05
-1.60406e-05
-1.55653e-05
-1.50988e-05
-1.46407e-05
-1.41908e-05
-1.3749e-05
-1.3315e-05
-1.28887e-05
-1.24698e-05
-1.20582e-05
-1.16538e-05
-1.12562e-05
-1.08655e-05
-1.04814e-05
-1.01039e-05
-9.73277e-06
-9.36804e-06
-9.00958e-06
-8.65738e-06
-8.3114e-06
-7.97164e-06
-7.63814e-06
-7.31099e-06
-6.9902e-06
-6.67595e-06
-6.36835e-06
-6.06757e-06
-5.77377e-06
-5.48716e-06
-5.2079e-06
-4.93622e-06
-4.67229e-06
-4.41626e-06
-4.1683e-06
-3.9285e-06
-3.69693e-06
-3.47364e-06
-3.25861e-06
-3.05182e-06
-2.85317e-06
-2.66256e-06
-2.47985e-06
-2.30485e-06
-2.13738e-06
-1.97724e-06
-1.82419e-06
-1.67802e-06
-1.5385e-06
-1.40538e-06
-1.27845e-06
-1.15745e-06
-1.04217e-06
-9.32385e-07
-8.27872e-07
-7.28429e-07
-6.33845e-07
-5.43927e-07
-4.58487e-07
-3.77333e-07
-3.00296e-07
-2.27204e-07
-1.57892e-07
-9.22043e-08
-2.99889e-08
)
;
    }
    outlet
    {
        type            cyclic;
        value           nonuniform List<scalar> 
1000
(
2.99887e-08
9.22042e-08
1.57892e-07
2.27204e-07
3.00296e-07
3.77334e-07
4.58485e-07
5.43928e-07
6.33846e-07
7.28428e-07
8.27872e-07
9.32382e-07
1.04217e-06
1.15745e-06
1.27844e-06
1.40538e-06
1.5385e-06
1.67802e-06
1.82419e-06
1.97723e-06
2.13738e-06
2.30485e-06
2.47985e-06
2.66257e-06
2.85318e-06
3.05182e-06
3.25861e-06
3.47363e-06
3.69693e-06
3.92849e-06
4.1683e-06
4.41627e-06
4.67229e-06
4.93622e-06
5.2079e-06
5.48715e-06
5.77377e-06
6.06757e-06
6.36835e-06
6.67595e-06
6.99021e-06
7.31098e-06
7.63815e-06
7.97164e-06
8.3114e-06
8.65738e-06
9.00958e-06
9.36803e-06
9.73277e-06
1.01039e-05
1.04814e-05
1.08655e-05
1.12562e-05
1.16538e-05
1.20582e-05
1.24698e-05
1.28887e-05
1.3315e-05
1.3749e-05
1.41908e-05
1.46407e-05
1.50988e-05
1.55653e-05
1.60406e-05
1.65247e-05
1.7018e-05
1.75207e-05
1.8033e-05
1.85551e-05
1.90874e-05
1.963e-05
2.01832e-05
2.07474e-05
2.13226e-05
2.19093e-05
2.25077e-05
2.31181e-05
2.37408e-05
2.4376e-05
2.5024e-05
2.56853e-05
2.636e-05
2.70485e-05
2.7751e-05
2.84681e-05
2.91998e-05
2.99467e-05
3.0709e-05
3.1487e-05
3.22813e-05
3.3092e-05
3.39196e-05
3.47644e-05
3.56269e-05
3.65074e-05
3.74064e-05
3.83242e-05
3.92612e-05
4.02179e-05
4.11947e-05
4.2192e-05
4.32103e-05
4.42501e-05
4.53118e-05
4.63958e-05
4.75028e-05
4.86331e-05
4.97873e-05
5.09659e-05
5.21694e-05
5.33984e-05
5.46533e-05
5.59348e-05
5.72435e-05
5.85798e-05
5.99445e-05
6.1338e-05
6.27611e-05
6.42143e-05
6.56983e-05
6.72138e-05
6.87614e-05
7.03418e-05
7.19557e-05
7.36038e-05
7.52868e-05
7.70055e-05
7.87606e-05
8.05529e-05
8.23832e-05
8.42523e-05
8.6161e-05
8.81102e-05
9.01006e-05
9.21331e-05
9.42087e-05
9.63283e-05
9.84927e-05
0.000100703
0.00010296
0.000105265
0.000107618
0.000110022
0.000112476
0.000114982
0.000117541
0.000120154
0.000122822
0.000125547
0.000128329
0.000131169
0.00013407
0.000137032
0.000140056
0.000143145
0.000146298
0.000149517
0.000152805
0.000156161
0.000159588
0.000163088
0.00016666
0.000170308
0.000174033
0.000177835
0.000181718
0.000185682
0.000189729
0.000193861
0.000198079
0.000202386
0.000206783
0.000211271
0.000215854
0.000220532
0.000225308
0.000230183
0.000235161
0.000240241
0.000245428
0.000250723
0.000256127
0.000261644
0.000267276
0.000273024
0.000278891
0.00028488
0.000290993
0.000297232
0.0003036
0.000310099
0.000316732
0.000323502
0.000330411
0.000337462
0.000344658
0.000352001
0.000359495
0.000367141
0.000374944
0.000382906
0.00039103
0.000399319
0.000407776
0.000416404
0.000425207
0.000434188
0.000443349
0.000452695
0.000462228
0.000471951
0.000481869
0.000491985
0.000502301
0.000512821
0.00052355
0.000534489
0.000545643
0.000557015
0.000568609
0.000580428
0.000592474
0.000604753
0.000617266
0.000630018
0.000643011
0.000656249
0.000669733
0.000683469
0.000697457
0.000711701
0.000726203
0.000740965
0.000755988
0.000771275
0.000786827
0.000802644
0.000818727
0.000835075
0.000851688
0.000868565
0.000885703
0.000903099
0.00092075
0.000938652
0.000956799
0.000975185
0.000993802
0.00101264
0.0010317
2.99887e-08
9.22042e-08
1.57892e-07
2.27204e-07
3.00296e-07
3.77334e-07
4.58485e-07
5.43928e-07
6.33846e-07
7.28428e-07
8.27872e-07
9.32382e-07
1.04217e-06
1.15745e-06
1.27844e-06
1.40538e-06
1.5385e-06
1.67802e-06
1.82419e-06
1.97723e-06
2.13738e-06
2.30485e-06
2.47985e-06
2.66257e-06
2.85318e-06
3.05182e-06
3.25861e-06
3.47363e-06
3.69693e-06
3.92849e-06
4.1683e-06
4.41627e-06
4.67229e-06
4.93622e-06
5.2079e-06
5.48715e-06
5.77377e-06
6.06757e-06
6.36835e-06
6.67595e-06
6.99021e-06
7.31098e-06
7.63815e-06
7.97164e-06
8.3114e-06
8.65738e-06
9.00958e-06
9.36803e-06
9.73277e-06
1.01039e-05
1.04814e-05
1.08655e-05
1.12562e-05
1.16538e-05
1.20582e-05
1.24698e-05
1.28887e-05
1.3315e-05
1.3749e-05
1.41908e-05
1.46407e-05
1.50988e-05
1.55653e-05
1.60406e-05
1.65247e-05
1.7018e-05
1.75207e-05
1.8033e-05
1.85551e-05
1.90874e-05
1.963e-05
2.01832e-05
2.07474e-05
2.13226e-05
2.19093e-05
2.25077e-05
2.31181e-05
2.37408e-05
2.4376e-05
2.5024e-05
2.56853e-05
2.636e-05
2.70485e-05
2.7751e-05
2.84681e-05
2.91998e-05
2.99467e-05
3.0709e-05
3.1487e-05
3.22813e-05
3.3092e-05
3.39196e-05
3.47644e-05
3.56269e-05
3.65074e-05
3.74064e-05
3.83242e-05
3.92612e-05
4.02179e-05
4.11947e-05
4.2192e-05
4.32103e-05
4.42501e-05
4.53118e-05
4.63958e-05
4.75028e-05
4.86331e-05
4.97873e-05
5.09659e-05
5.21694e-05
5.33984e-05
5.46533e-05
5.59348e-05
5.72435e-05
5.85798e-05
5.99445e-05
6.1338e-05
6.27611e-05
6.42143e-05
6.56983e-05
6.72138e-05
6.87614e-05
7.03418e-05
7.19557e-05
7.36038e-05
7.52868e-05
7.70055e-05
7.87606e-05
8.05529e-05
8.23832e-05
8.42523e-05
8.6161e-05
8.81102e-05
9.01006e-05
9.21331e-05
9.42087e-05
9.63283e-05
9.84927e-05
0.000100703
0.00010296
0.000105265
0.000107618
0.000110022
0.000112476
0.000114982
0.000117541
0.000120154
0.000122822
0.000125547
0.000128329
0.000131169
0.00013407
0.000137032
0.000140056
0.000143145
0.000146298
0.000149517
0.000152805
0.000156161
0.000159588
0.000163088
0.00016666
0.000170308
0.000174033
0.000177835
0.000181718
0.000185682
0.000189729
0.000193861
0.000198079
0.000202386
0.000206783
0.000211271
0.000215854
0.000220532
0.000225308
0.000230183
0.000235161
0.000240241
0.000245428
0.000250723
0.000256127
0.000261644
0.000267276
0.000273024
0.000278891
0.00028488
0.000290993
0.000297232
0.0003036
0.000310099
0.000316732
0.000323502
0.000330411
0.000337462
0.000344658
0.000352001
0.000359495
0.000367141
0.000374944
0.000382906
0.00039103
0.000399319
0.000407776
0.000416404
0.000425207
0.000434188
0.000443349
0.000452695
0.000462228
0.000471951
0.000481869
0.000491985
0.000502301
0.000512821
0.00052355
0.000534489
0.000545643
0.000557015
0.000568609
0.000580428
0.000592474
0.000604753
0.000617266
0.000630018
0.000643011
0.000656249
0.000669733
0.000683469
0.000697457
0.000711701
0.000726203
0.000740965
0.000755988
0.000771275
0.000786827
0.000802644
0.000818727
0.000835075
0.000851688
0.000868565
0.000885703
0.000903099
0.00092075
0.000938652
0.000956799
0.000975185
0.000993802
0.00101264
0.0010317
0.0010317
0.00101264
0.000993802
0.000975185
0.000956799
0.000938652
0.00092075
0.000903099
0.000885703
0.000868565
0.000851688
0.000835075
0.000818727
0.000802644
0.000786827
0.000771275
0.000755988
0.000740965
0.000726203
0.000711701
0.000697457
0.000683469
0.000669733
0.000656248
0.000643011
0.000630018
0.000617266
0.000604753
0.000592474
0.000580428
0.000568609
0.000557015
0.000545643
0.000534489
0.00052355
0.000512821
0.000502301
0.000491985
0.000481869
0.000471951
0.000462228
0.000452695
0.000443349
0.000434188
0.000425207
0.000416404
0.000407776
0.000399319
0.00039103
0.000382906
0.000374944
0.000367141
0.000359495
0.000352001
0.000344658
0.000337462
0.000330411
0.000323502
0.000316732
0.000310099
0.0003036
0.000297232
0.000290993
0.00028488
0.000278891
0.000273024
0.000267276
0.000261644
0.000256127
0.000250723
0.000245428
0.000240241
0.000235161
0.000230183
0.000225308
0.000220532
0.000215854
0.000211271
0.000206783
0.000202386
0.000198079
0.000193861
0.000189729
0.000185682
0.000181718
0.000177835
0.000174033
0.000170308
0.00016666
0.000163088
0.000159588
0.000156161
0.000152805
0.000149517
0.000146298
0.000143145
0.000140056
0.000137032
0.00013407
0.000131169
0.000128329
0.000125547
0.000122822
0.000120154
0.000117541
0.000114982
0.000112476
0.000110022
0.000107618
0.000105265
0.00010296
0.000100703
9.84928e-05
9.63283e-05
9.42087e-05
9.21332e-05
9.01005e-05
8.81101e-05
8.6161e-05
8.42523e-05
8.23832e-05
8.0553e-05
7.87606e-05
7.70055e-05
7.52868e-05
7.36038e-05
7.19557e-05
7.03418e-05
6.87614e-05
6.72138e-05
6.56983e-05
6.42143e-05
6.27611e-05
6.1338e-05
5.99445e-05
5.85798e-05
5.72435e-05
5.59348e-05
5.46533e-05
5.33983e-05
5.21694e-05
5.09659e-05
4.97873e-05
4.86331e-05
4.75028e-05
4.63958e-05
4.53118e-05
4.42501e-05
4.32103e-05
4.2192e-05
4.11946e-05
4.02179e-05
3.92612e-05
3.83241e-05
3.74064e-05
3.65074e-05
3.56269e-05
3.47644e-05
3.39196e-05
3.3092e-05
3.22813e-05
3.1487e-05
3.0709e-05
2.99467e-05
2.91998e-05
2.8468e-05
2.7751e-05
2.70485e-05
2.636e-05
2.56853e-05
2.50241e-05
2.4376e-05
2.37408e-05
2.31181e-05
2.25077e-05
2.19093e-05
2.13226e-05
2.07473e-05
2.01832e-05
1.963e-05
1.90874e-05
1.85551e-05
1.8033e-05
1.75207e-05
1.7018e-05
1.65247e-05
1.60406e-05
1.55653e-05
1.50988e-05
1.46407e-05
1.41908e-05
1.3749e-05
1.3315e-05
1.28887e-05
1.24698e-05
1.20582e-05
1.16538e-05
1.12562e-05
1.08655e-05
1.04814e-05
1.01039e-05
9.73277e-06
9.36804e-06
9.00958e-06
8.65738e-06
8.3114e-06
7.97164e-06
7.63814e-06
7.31099e-06
6.9902e-06
6.67595e-06
6.36835e-06
6.06757e-06
5.77377e-06
5.48716e-06
5.2079e-06
4.93622e-06
4.67229e-06
4.41626e-06
4.1683e-06
3.9285e-06
3.69693e-06
3.47364e-06
3.25861e-06
3.05182e-06
2.85317e-06
2.66256e-06
2.47985e-06
2.30485e-06
2.13738e-06
1.97724e-06
1.82419e-06
1.67802e-06
1.5385e-06
1.40538e-06
1.27845e-06
1.15745e-06
1.04217e-06
9.32385e-07
8.27872e-07
7.28429e-07
6.33845e-07
5.43927e-07
4.58487e-07
3.77333e-07
3.00296e-07
2.27204e-07
1.57892e-07
9.22043e-08
2.99889e-08
0.0010317
0.00101264
0.000993802
0.000975185
0.000956799
0.000938652
0.00092075
0.000903099
0.000885703
0.000868565
0.000851688
0.000835075
0.000818727
0.000802644
0.000786827
0.000771275
0.000755988
0.000740965
0.000726203
0.000711701
0.000697457
0.000683469
0.000669733
0.000656248
0.000643011
0.000630018
0.000617266
0.000604753
0.000592474
0.000580428
0.000568609
0.000557015
0.000545643
0.000534489
0.00052355
0.000512821
0.000502301
0.000491985
0.000481869
0.000471951
0.000462228
0.000452695
0.000443349
0.000434188
0.000425207
0.000416404
0.000407776
0.000399319
0.00039103
0.000382906
0.000374944
0.000367141
0.000359495
0.000352001
0.000344658
0.000337462
0.000330411
0.000323502
0.000316732
0.000310099
0.0003036
0.000297232
0.000290993
0.00028488
0.000278891
0.000273024
0.000267276
0.000261644
0.000256127
0.000250723
0.000245428
0.000240241
0.000235161
0.000230183
0.000225308
0.000220532
0.000215854
0.000211271
0.000206783
0.000202386
0.000198079
0.000193861
0.000189729
0.000185682
0.000181718
0.000177835
0.000174033
0.000170308
0.00016666
0.000163088
0.000159588
0.000156161
0.000152805
0.000149517
0.000146298
0.000143145
0.000140056
0.000137032
0.00013407
0.000131169
0.000128329
0.000125547
0.000122822
0.000120154
0.000117541
0.000114982
0.000112476
0.000110022
0.000107618
0.000105265
0.00010296
0.000100703
9.84928e-05
9.63283e-05
9.42087e-05
9.21332e-05
9.01005e-05
8.81101e-05
8.6161e-05
8.42523e-05
8.23832e-05
8.0553e-05
7.87606e-05
7.70055e-05
7.52868e-05
7.36038e-05
7.19557e-05
7.03418e-05
6.87614e-05
6.72138e-05
6.56983e-05
6.42143e-05
6.27611e-05
6.1338e-05
5.99445e-05
5.85798e-05
5.72435e-05
5.59348e-05
5.46533e-05
5.33983e-05
5.21694e-05
5.09659e-05
4.97873e-05
4.86331e-05
4.75028e-05
4.63958e-05
4.53118e-05
4.42501e-05
4.32103e-05
4.2192e-05
4.11946e-05
4.02179e-05
3.92612e-05
3.83241e-05
3.74064e-05
3.65074e-05
3.56269e-05
3.47644e-05
3.39196e-05
3.3092e-05
3.22813e-05
3.1487e-05
3.0709e-05
2.99467e-05
2.91998e-05
2.8468e-05
2.7751e-05
2.70485e-05
2.636e-05
2.56853e-05
2.50241e-05
2.4376e-05
2.37408e-05
2.31181e-05
2.25077e-05
2.19093e-05
2.13226e-05
2.07473e-05
2.01832e-05
1.963e-05
1.90874e-05
1.85551e-05
1.8033e-05
1.75207e-05
1.7018e-05
1.65247e-05
1.60406e-05
1.55653e-05
1.50988e-05
1.46407e-05
1.41908e-05
1.3749e-05
1.3315e-05
1.28887e-05
1.24698e-05
1.20582e-05
1.16538e-05
1.12562e-05
1.08655e-05
1.04814e-05
1.01039e-05
9.73277e-06
9.36804e-06
9.00958e-06
8.65738e-06
8.3114e-06
7.97164e-06
7.63814e-06
7.31099e-06
6.9902e-06
6.67595e-06
6.36835e-06
6.06757e-06
5.77377e-06
5.48716e-06
5.2079e-06
4.93622e-06
4.67229e-06
4.41626e-06
4.1683e-06
3.9285e-06
3.69693e-06
3.47364e-06
3.25861e-06
3.05182e-06
2.85317e-06
2.66256e-06
2.47985e-06
2.30485e-06
2.13738e-06
1.97724e-06
1.82419e-06
1.67802e-06
1.5385e-06
1.40538e-06
1.27845e-06
1.15745e-06
1.04217e-06
9.32385e-07
8.27872e-07
7.28429e-07
6.33845e-07
5.43927e-07
4.58487e-07
3.77333e-07
3.00296e-07
2.27204e-07
1.57892e-07
9.22043e-08
2.99889e-08
)
;
    }
    sides
    {
        type            empty;
        value           nonuniform List<scalar> 0();
    }
}


// ************************************************************************* //
