/*--------------------------------*- C++ -*----------------------------------*\
| =========                 |                                                 |
| \\      /  F ield         | OpenFOAM: The Open Source CFD Toolbox           |
|  \\    /   O peration     | Version:  2106                                  |
|   \\  /    A nd           | Website:  www.openfoam.com                      |
|    \\/     M anipulation  |                                                 |
\*---------------------------------------------------------------------------*/
FoamFile
{
    version     2.0;
    format      ascii;
    arch        "LSB;label=32;scalar=64";
    class       volScalarField;
    location    "10030";
    object      T;
}
// * * * * * * * * * * * * * * * * * * * * * * * * * * * * * * * * * * * * * //

dimensions      [0 0 0 1 0 0 0];

internalField   nonuniform List<scalar> 
2000
(
0.0421615
0.0421615
0.127272
0.127272
0.21397
0.21397
0.302287
0.302287
0.392252
0.392252
0.483895
0.483895
0.577248
0.577248
0.672343
0.672343
0.769211
0.769211
0.867883
0.867883
0.968393
0.968393
1.07077
1.07077
1.17505
1.17505
1.28126
1.28126
1.38943
1.38943
1.49958
1.49958
1.61174
1.61174
1.72592
1.72592
1.84214
1.84214
1.96039
1.96039
2.08069
2.08069
2.203
2.203
2.32729
2.32729
2.45353
2.45353
2.58164
2.58164
2.71155
2.71155
2.84314
2.84314
2.97628
2.97628
3.11082
3.11082
3.24659
3.24659
3.38338
3.38338
3.52099
3.52099
3.65918
3.65918
3.7977
3.7977
3.93631
3.93631
4.07476
4.07476
4.2128
4.2128
4.3502
4.3502
4.48672
4.48672
4.62217
4.62217
4.75636
4.75636
4.88912
4.88912
5.02031
5.02031
5.14981
5.14981
5.27751
5.27751
5.40334
5.40334
5.52724
5.52724
5.64916
5.64916
5.76908
5.76908
5.88699
5.88699
6.00289
6.00289
6.11679
6.11679
6.2287
6.2287
6.33866
6.33866
6.44669
6.44669
6.55283
6.55283
6.65712
6.65712
6.75961
6.75961
6.86034
6.86034
6.95935
6.95935
7.05671
7.05671
7.15244
7.15244
7.24661
7.24661
7.33926
7.33926
7.43043
7.43043
7.52018
7.52018
7.60855
7.60855
7.69558
7.69558
7.78132
7.78132
7.86581
7.86581
7.94909
7.94909
8.03121
8.03121
8.11219
8.11219
8.19208
8.19208
8.27091
8.27091
8.34872
8.34872
8.42555
8.42555
8.50142
8.50142
8.57636
8.57636
8.65041
8.65041
8.72359
8.72359
8.79594
8.79594
8.86748
8.86748
8.93823
8.93823
9.00823
9.00823
9.07749
9.07749
9.14603
9.14603
9.21389
9.21389
9.28108
9.28108
9.34762
9.34762
9.41354
9.41354
9.47885
9.47885
9.54356
9.54356
9.60771
9.60771
9.6713
9.6713
9.73435
9.73435
9.79688
9.79688
9.85891
9.85891
9.92044
9.92044
9.9815
9.9815
10.0421
10.0421
10.1022
10.1022
10.1619
10.1619
10.2212
10.2212
10.2801
10.2801
10.3386
10.3386
10.3966
10.3966
10.4543
10.4543
10.5117
10.5117
10.5686
10.5686
10.6253
10.6253
10.6815
10.6815
10.7375
10.7375
10.7931
10.7931
10.8485
10.8485
10.9035
10.9035
10.9582
10.9582
11.0127
11.0127
11.0668
11.0668
11.1207
11.1207
11.1743
11.1743
11.2277
11.2277
11.2808
11.2808
11.3337
11.3337
11.3863
11.3863
11.4387
11.4387
11.4909
11.4909
11.5428
11.5428
11.5946
11.5946
11.6461
11.6461
11.6974
11.6974
11.7485
11.7485
11.7995
11.7995
11.8502
11.8502
11.9007
11.9007
11.9511
11.9511
12.0013
12.0013
12.0513
12.0513
12.1012
12.1012
12.1509
12.1509
12.2004
12.2004
12.2498
12.2498
12.299
12.299
12.3481
12.3481
12.397
12.397
12.4458
12.4458
12.4944
12.4944
12.5429
12.5429
12.5913
12.5913
12.6395
12.6395
12.6877
12.6877
12.7356
12.7356
12.7835
12.7835
12.8312
12.8312
12.8789
12.8789
12.9264
12.9264
12.9737
12.9737
13.021
13.021
13.0682
13.0682
13.1152
13.1152
13.1622
13.1622
13.209
13.209
13.2557
13.2557
13.3024
13.3024
13.3489
13.3489
13.3953
13.3953
13.4416
13.4416
13.4879
13.4879
13.534
13.534
13.58
13.58
13.6259
13.6259
13.6718
13.6718
13.7175
13.7175
13.7631
13.7631
13.8087
13.8087
13.8541
13.8541
13.8994
13.8994
13.9447
13.9447
13.9898
13.9898
14.0348
14.0348
14.0798
14.0798
14.1246
14.1246
14.1693
14.1693
14.214
14.214
14.2585
14.2585
14.3029
14.3029
14.3472
14.3472
14.3914
14.3914
14.4355
14.4355
14.4794
14.4794
14.5233
14.5233
14.567
14.567
14.6106
14.6106
14.654
14.654
14.6974
14.6974
14.7405
14.7405
14.7836
14.7836
14.8265
14.8265
14.8692
14.8692
14.9118
14.9118
14.9543
14.9543
14.9965
14.9965
15.0386
15.0386
15.0805
15.0805
15.1222
15.1222
15.1637
15.1637
15.205
15.205
15.2461
15.2461
15.287
15.287
15.3276
15.3276
15.368
15.368
15.4081
15.4081
15.448
15.448
15.4876
15.4876
15.5269
15.5269
15.5658
15.5658
15.6045
15.6045
15.6428
15.6428
15.6807
15.6807
15.7183
15.7183
15.7554
15.7554
15.7921
15.7921
15.8284
15.8284
15.8642
15.8642
15.8995
15.8995
15.9343
15.9343
15.9685
15.9685
16.0021
16.0021
16.0351
16.0351
16.0674
16.0674
16.099
16.099
16.1299
16.1299
16.1599
16.1599
16.189
16.189
16.2172
16.2172
16.2445
16.2445
16.2706
16.2706
16.2956
16.2956
16.3194
16.3194
16.3419
16.3419
16.363
16.363
16.3826
16.3826
16.4005
16.4005
16.4167
16.4167
16.431
16.431
16.4433
16.4433
16.4535
16.4535
16.4613
16.4613
16.4667
16.4667
16.4695
16.4695
0.0421615
0.0421615
0.127272
0.127272
0.21397
0.21397
0.302287
0.302287
0.392252
0.392252
0.483895
0.483895
0.577248
0.577248
0.672343
0.672343
0.769211
0.769211
0.867883
0.867883
0.968393
0.968393
1.07077
1.07077
1.17505
1.17505
1.28126
1.28126
1.38943
1.38943
1.49958
1.49958
1.61174
1.61174
1.72592
1.72592
1.84214
1.84214
1.96039
1.96039
2.08069
2.08069
2.203
2.203
2.32729
2.32729
2.45353
2.45353
2.58164
2.58164
2.71155
2.71155
2.84314
2.84314
2.97628
2.97628
3.11082
3.11082
3.24659
3.24659
3.38338
3.38338
3.52099
3.52099
3.65918
3.65918
3.7977
3.7977
3.93631
3.93631
4.07476
4.07476
4.2128
4.2128
4.3502
4.3502
4.48672
4.48672
4.62217
4.62217
4.75636
4.75636
4.88912
4.88912
5.02031
5.02031
5.14981
5.14981
5.27751
5.27751
5.40334
5.40334
5.52724
5.52724
5.64916
5.64916
5.76908
5.76908
5.88699
5.88699
6.00289
6.00289
6.11679
6.11679
6.2287
6.2287
6.33866
6.33866
6.44669
6.44669
6.55283
6.55283
6.65712
6.65712
6.75961
6.75961
6.86034
6.86034
6.95935
6.95935
7.05671
7.05671
7.15244
7.15244
7.24661
7.24661
7.33926
7.33926
7.43043
7.43043
7.52018
7.52018
7.60855
7.60855
7.69558
7.69558
7.78132
7.78132
7.86581
7.86581
7.94909
7.94909
8.03121
8.03121
8.11219
8.11219
8.19208
8.19208
8.27091
8.27091
8.34872
8.34872
8.42555
8.42555
8.50142
8.50142
8.57636
8.57636
8.65041
8.65041
8.72359
8.72359
8.79594
8.79594
8.86748
8.86748
8.93823
8.93823
9.00823
9.00823
9.07749
9.07749
9.14603
9.14603
9.21389
9.21389
9.28108
9.28108
9.34762
9.34762
9.41354
9.41354
9.47885
9.47885
9.54356
9.54356
9.60771
9.60771
9.6713
9.6713
9.73435
9.73435
9.79688
9.79688
9.85891
9.85891
9.92044
9.92044
9.9815
9.9815
10.0421
10.0421
10.1022
10.1022
10.1619
10.1619
10.2212
10.2212
10.2801
10.2801
10.3386
10.3386
10.3966
10.3966
10.4543
10.4543
10.5117
10.5117
10.5686
10.5686
10.6253
10.6253
10.6815
10.6815
10.7375
10.7375
10.7931
10.7931
10.8485
10.8485
10.9035
10.9035
10.9582
10.9582
11.0127
11.0127
11.0668
11.0668
11.1207
11.1207
11.1743
11.1743
11.2277
11.2277
11.2808
11.2808
11.3337
11.3337
11.3863
11.3863
11.4387
11.4387
11.4909
11.4909
11.5428
11.5428
11.5946
11.5946
11.6461
11.6461
11.6974
11.6974
11.7485
11.7485
11.7995
11.7995
11.8502
11.8502
11.9007
11.9007
11.9511
11.9511
12.0013
12.0013
12.0513
12.0513
12.1012
12.1012
12.1509
12.1509
12.2004
12.2004
12.2498
12.2498
12.299
12.299
12.3481
12.3481
12.397
12.397
12.4458
12.4458
12.4944
12.4944
12.5429
12.5429
12.5913
12.5913
12.6395
12.6395
12.6877
12.6877
12.7356
12.7356
12.7835
12.7835
12.8312
12.8312
12.8789
12.8789
12.9264
12.9264
12.9737
12.9737
13.021
13.021
13.0682
13.0682
13.1152
13.1152
13.1622
13.1622
13.209
13.209
13.2557
13.2557
13.3024
13.3024
13.3489
13.3489
13.3953
13.3953
13.4416
13.4416
13.4879
13.4879
13.534
13.534
13.58
13.58
13.6259
13.6259
13.6718
13.6718
13.7175
13.7175
13.7631
13.7631
13.8087
13.8087
13.8541
13.8541
13.8994
13.8994
13.9447
13.9447
13.9898
13.9898
14.0348
14.0348
14.0798
14.0798
14.1246
14.1246
14.1693
14.1693
14.214
14.214
14.2585
14.2585
14.3029
14.3029
14.3472
14.3472
14.3914
14.3914
14.4355
14.4355
14.4794
14.4794
14.5233
14.5233
14.567
14.567
14.6106
14.6106
14.654
14.654
14.6974
14.6974
14.7405
14.7405
14.7836
14.7836
14.8265
14.8265
14.8692
14.8692
14.9118
14.9118
14.9543
14.9543
14.9965
14.9965
15.0386
15.0386
15.0805
15.0805
15.1222
15.1222
15.1637
15.1637
15.205
15.205
15.2461
15.2461
15.287
15.287
15.3276
15.3276
15.368
15.368
15.4081
15.4081
15.448
15.448
15.4876
15.4876
15.5269
15.5269
15.5658
15.5658
15.6045
15.6045
15.6428
15.6428
15.6807
15.6807
15.7183
15.7183
15.7554
15.7554
15.7921
15.7921
15.8284
15.8284
15.8642
15.8642
15.8995
15.8995
15.9343
15.9343
15.9685
15.9685
16.0021
16.0021
16.0351
16.0351
16.0674
16.0674
16.099
16.099
16.1299
16.1299
16.1599
16.1599
16.189
16.189
16.2172
16.2172
16.2445
16.2445
16.2706
16.2706
16.2956
16.2956
16.3194
16.3194
16.3419
16.3419
16.363
16.363
16.3826
16.3826
16.4005
16.4005
16.4167
16.4167
16.431
16.431
16.4433
16.4433
16.4535
16.4535
16.4613
16.4613
16.4667
16.4667
16.4695
16.4695
16.4695
16.4695
16.4667
16.4667
16.4613
16.4613
16.4535
16.4535
16.4433
16.4433
16.431
16.431
16.4167
16.4167
16.4005
16.4005
16.3826
16.3826
16.363
16.363
16.3419
16.3419
16.3194
16.3194
16.2956
16.2956
16.2706
16.2706
16.2445
16.2445
16.2172
16.2172
16.189
16.189
16.1599
16.1599
16.1299
16.1299
16.099
16.099
16.0674
16.0674
16.0351
16.0351
16.0021
16.0021
15.9685
15.9685
15.9343
15.9343
15.8995
15.8995
15.8642
15.8642
15.8284
15.8284
15.7921
15.7921
15.7554
15.7554
15.7183
15.7183
15.6807
15.6807
15.6428
15.6428
15.6045
15.6045
15.5658
15.5658
15.5269
15.5269
15.4876
15.4876
15.448
15.448
15.4081
15.4081
15.368
15.368
15.3276
15.3276
15.287
15.287
15.2461
15.2461
15.205
15.205
15.1637
15.1637
15.1222
15.1222
15.0805
15.0805
15.0386
15.0386
14.9965
14.9965
14.9543
14.9543
14.9118
14.9118
14.8692
14.8692
14.8265
14.8265
14.7836
14.7836
14.7405
14.7405
14.6974
14.6974
14.654
14.654
14.6106
14.6106
14.567
14.567
14.5233
14.5233
14.4794
14.4794
14.4355
14.4355
14.3914
14.3914
14.3472
14.3472
14.3029
14.3029
14.2585
14.2585
14.214
14.214
14.1693
14.1693
14.1246
14.1246
14.0798
14.0798
14.0348
14.0348
13.9898
13.9898
13.9447
13.9447
13.8994
13.8994
13.8541
13.8541
13.8087
13.8087
13.7631
13.7631
13.7175
13.7175
13.6718
13.6718
13.6259
13.6259
13.58
13.58
13.534
13.534
13.4879
13.4879
13.4416
13.4416
13.3953
13.3953
13.3489
13.3489
13.3024
13.3024
13.2557
13.2557
13.209
13.209
13.1622
13.1622
13.1152
13.1152
13.0682
13.0682
13.021
13.021
12.9737
12.9737
12.9264
12.9264
12.8789
12.8789
12.8312
12.8312
12.7835
12.7835
12.7356
12.7356
12.6877
12.6877
12.6395
12.6395
12.5913
12.5913
12.5429
12.5429
12.4944
12.4944
12.4458
12.4458
12.397
12.397
12.3481
12.3481
12.299
12.299
12.2498
12.2498
12.2004
12.2004
12.1509
12.1509
12.1012
12.1012
12.0513
12.0513
12.0013
12.0013
11.9511
11.9511
11.9007
11.9007
11.8502
11.8502
11.7995
11.7995
11.7485
11.7485
11.6974
11.6974
11.6461
11.6461
11.5946
11.5946
11.5428
11.5428
11.4909
11.4909
11.4387
11.4387
11.3863
11.3863
11.3337
11.3337
11.2808
11.2808
11.2277
11.2277
11.1743
11.1743
11.1207
11.1207
11.0668
11.0668
11.0127
11.0127
10.9582
10.9582
10.9035
10.9035
10.8485
10.8485
10.7931
10.7931
10.7375
10.7375
10.6815
10.6815
10.6253
10.6253
10.5686
10.5686
10.5117
10.5117
10.4543
10.4543
10.3966
10.3966
10.3386
10.3386
10.2801
10.2801
10.2212
10.2212
10.1619
10.1619
10.1022
10.1022
10.0421
10.0421
9.9815
9.9815
9.92044
9.92044
9.85891
9.85891
9.79688
9.79688
9.73435
9.73435
9.6713
9.6713
9.60771
9.60771
9.54356
9.54356
9.47885
9.47885
9.41354
9.41354
9.34762
9.34762
9.28108
9.28108
9.21389
9.21389
9.14603
9.14603
9.07749
9.07749
9.00823
9.00823
8.93823
8.93823
8.86748
8.86748
8.79594
8.79594
8.72359
8.72359
8.65041
8.65041
8.57636
8.57636
8.50142
8.50142
8.42555
8.42555
8.34872
8.34872
8.27091
8.27091
8.19208
8.19208
8.11219
8.11219
8.03121
8.03121
7.94909
7.94909
7.86581
7.86581
7.78132
7.78132
7.69558
7.69558
7.60855
7.60855
7.52018
7.52018
7.43043
7.43043
7.33926
7.33926
7.24661
7.24661
7.15244
7.15244
7.05671
7.05671
6.95935
6.95935
6.86034
6.86034
6.75961
6.75961
6.65712
6.65712
6.55283
6.55283
6.44669
6.44669
6.33866
6.33866
6.2287
6.2287
6.11679
6.11679
6.00289
6.00289
5.88699
5.88699
5.76908
5.76908
5.64916
5.64916
5.52724
5.52724
5.40334
5.40334
5.27751
5.27751
5.14981
5.14981
5.02031
5.02031
4.88912
4.88912
4.75636
4.75636
4.62217
4.62217
4.48672
4.48672
4.3502
4.3502
4.2128
4.2128
4.07476
4.07476
3.93631
3.93631
3.7977
3.7977
3.65918
3.65918
3.52099
3.52099
3.38338
3.38338
3.24659
3.24659
3.11082
3.11082
2.97628
2.97628
2.84314
2.84314
2.71155
2.71155
2.58164
2.58164
2.45353
2.45353
2.32729
2.32729
2.203
2.203
2.08069
2.08069
1.96039
1.96039
1.84214
1.84214
1.72592
1.72592
1.61174
1.61174
1.49958
1.49958
1.38943
1.38943
1.28126
1.28126
1.17505
1.17505
1.07077
1.07077
0.968393
0.968393
0.867883
0.867883
0.76921
0.76921
0.672343
0.672343
0.577248
0.577248
0.483895
0.483895
0.392252
0.392252
0.302287
0.302287
0.21397
0.21397
0.127272
0.127272
0.0421616
0.0421616
16.4695
16.4695
16.4667
16.4667
16.4613
16.4613
16.4535
16.4535
16.4433
16.4433
16.431
16.431
16.4167
16.4167
16.4005
16.4005
16.3826
16.3826
16.363
16.363
16.3419
16.3419
16.3194
16.3194
16.2956
16.2956
16.2706
16.2706
16.2445
16.2445
16.2172
16.2172
16.189
16.189
16.1599
16.1599
16.1299
16.1299
16.099
16.099
16.0674
16.0674
16.0351
16.0351
16.0021
16.0021
15.9685
15.9685
15.9343
15.9343
15.8995
15.8995
15.8642
15.8642
15.8284
15.8284
15.7921
15.7921
15.7554
15.7554
15.7183
15.7183
15.6807
15.6807
15.6428
15.6428
15.6045
15.6045
15.5658
15.5658
15.5269
15.5269
15.4876
15.4876
15.448
15.448
15.4081
15.4081
15.368
15.368
15.3276
15.3276
15.287
15.287
15.2461
15.2461
15.205
15.205
15.1637
15.1637
15.1222
15.1222
15.0805
15.0805
15.0386
15.0386
14.9965
14.9965
14.9543
14.9543
14.9118
14.9118
14.8692
14.8692
14.8265
14.8265
14.7836
14.7836
14.7405
14.7405
14.6974
14.6974
14.654
14.654
14.6106
14.6106
14.567
14.567
14.5233
14.5233
14.4794
14.4794
14.4355
14.4355
14.3914
14.3914
14.3472
14.3472
14.3029
14.3029
14.2585
14.2585
14.214
14.214
14.1693
14.1693
14.1246
14.1246
14.0798
14.0798
14.0348
14.0348
13.9898
13.9898
13.9447
13.9447
13.8994
13.8994
13.8541
13.8541
13.8087
13.8087
13.7631
13.7631
13.7175
13.7175
13.6718
13.6718
13.6259
13.6259
13.58
13.58
13.534
13.534
13.4879
13.4879
13.4416
13.4416
13.3953
13.3953
13.3489
13.3489
13.3024
13.3024
13.2557
13.2557
13.209
13.209
13.1622
13.1622
13.1152
13.1152
13.0682
13.0682
13.021
13.021
12.9737
12.9737
12.9264
12.9264
12.8789
12.8789
12.8312
12.8312
12.7835
12.7835
12.7356
12.7356
12.6877
12.6877
12.6395
12.6395
12.5913
12.5913
12.5429
12.5429
12.4944
12.4944
12.4458
12.4458
12.397
12.397
12.3481
12.3481
12.299
12.299
12.2498
12.2498
12.2004
12.2004
12.1509
12.1509
12.1012
12.1012
12.0513
12.0513
12.0013
12.0013
11.9511
11.9511
11.9007
11.9007
11.8502
11.8502
11.7995
11.7995
11.7485
11.7485
11.6974
11.6974
11.6461
11.6461
11.5946
11.5946
11.5428
11.5428
11.4909
11.4909
11.4387
11.4387
11.3863
11.3863
11.3337
11.3337
11.2808
11.2808
11.2277
11.2277
11.1743
11.1743
11.1207
11.1207
11.0668
11.0668
11.0127
11.0127
10.9582
10.9582
10.9035
10.9035
10.8485
10.8485
10.7931
10.7931
10.7375
10.7375
10.6815
10.6815
10.6253
10.6253
10.5686
10.5686
10.5117
10.5117
10.4543
10.4543
10.3966
10.3966
10.3386
10.3386
10.2801
10.2801
10.2212
10.2212
10.1619
10.1619
10.1022
10.1022
10.0421
10.0421
9.9815
9.9815
9.92044
9.92044
9.85891
9.85891
9.79688
9.79688
9.73435
9.73435
9.6713
9.6713
9.60771
9.60771
9.54356
9.54356
9.47885
9.47885
9.41354
9.41354
9.34762
9.34762
9.28108
9.28108
9.21389
9.21389
9.14603
9.14603
9.07749
9.07749
9.00823
9.00823
8.93823
8.93823
8.86748
8.86748
8.79594
8.79594
8.72359
8.72359
8.65041
8.65041
8.57636
8.57636
8.50142
8.50142
8.42555
8.42555
8.34872
8.34872
8.27091
8.27091
8.19208
8.19208
8.11219
8.11219
8.03121
8.03121
7.94909
7.94909
7.86581
7.86581
7.78132
7.78132
7.69558
7.69558
7.60855
7.60855
7.52018
7.52018
7.43043
7.43043
7.33926
7.33926
7.24661
7.24661
7.15244
7.15244
7.05671
7.05671
6.95935
6.95935
6.86034
6.86034
6.75961
6.75961
6.65712
6.65712
6.55283
6.55283
6.44669
6.44669
6.33866
6.33866
6.2287
6.2287
6.11679
6.11679
6.00289
6.00289
5.88699
5.88699
5.76908
5.76908
5.64916
5.64916
5.52724
5.52724
5.40334
5.40334
5.27751
5.27751
5.14981
5.14981
5.02031
5.02031
4.88912
4.88912
4.75636
4.75636
4.62217
4.62217
4.48672
4.48672
4.3502
4.3502
4.2128
4.2128
4.07476
4.07476
3.93631
3.93631
3.7977
3.7977
3.65918
3.65918
3.52099
3.52099
3.38338
3.38338
3.24659
3.24659
3.11082
3.11082
2.97628
2.97628
2.84314
2.84314
2.71155
2.71155
2.58164
2.58164
2.45353
2.45353
2.32729
2.32729
2.203
2.203
2.08069
2.08069
1.96039
1.96039
1.84214
1.84214
1.72592
1.72592
1.61174
1.61174
1.49958
1.49958
1.38943
1.38943
1.28126
1.28126
1.17505
1.17505
1.07077
1.07077
0.968393
0.968393
0.867883
0.867883
0.76921
0.76921
0.672343
0.672343
0.577248
0.577248
0.483895
0.483895
0.392252
0.392252
0.302287
0.302287
0.21397
0.21397
0.127272
0.127272
0.0421616
0.0421616
)
;

boundaryField
{
    walls
    {
        type            fixedValue;
        value           uniform 0;
    }
    inlet
    {
        type            cyclic;
    }
    outlet
    {
        type            cyclic;
    }
    sides
    {
        type            empty;
    }
}


// ************************************************************************* //
