/*--------------------------------*- C++ -*----------------------------------*\
| =========                 |                                                 |
| \\      /  F ield         | OpenFOAM: The Open Source CFD Toolbox           |
|  \\    /   O peration     | Version:  2106                                  |
|   \\  /    A nd           | Website:  www.openfoam.com                      |
|    \\/     M anipulation  |                                                 |
\*---------------------------------------------------------------------------*/
FoamFile
{
    version     2.0;
    format      ascii;
    arch        "LSB;label=32;scalar=64";
    class       volScalarField;
    location    "10100";
    object      omega;
}
// * * * * * * * * * * * * * * * * * * * * * * * * * * * * * * * * * * * * * //

dimensions      [0 0 -1 0 0 0 0];

internalField   nonuniform List<scalar> 
2000
(
1.3548e+06
1.3548e+06
235140
235140
79401.7
79401.7
37283.8
37283.8
21040.3
21040.3
13304.1
13304.1
9078.7
9078.7
6540.71
6540.71
4906.6
4906.6
3797.45
3797.45
3012.79
3012.79
2438.92
2438.92
2007.61
2007.61
1675.98
1675.98
1416.04
1416.04
1208.89
1208.89
1041.45
1041.45
904.398
904.398
790.995
790.995
696.242
696.242
616.385
616.385
548.561
548.561
490.555
490.555
440.633
440.633
397.425
397.425
359.835
359.835
326.977
326.977
298.132
298.132
272.71
272.71
250.223
250.223
230.266
230.266
212.497
212.497
196.632
196.632
182.427
182.427
169.675
169.675
158.199
158.199
147.846
147.846
138.485
138.485
130
130
122.292
122.292
115.273
115.273
108.866
108.866
103.004
103.004
97.6281
97.6281
92.6844
92.6844
88.1269
88.1269
83.9144
83.9144
80.0106
80.0106
76.3833
76.3833
73.0042
73.0042
69.848
69.848
66.8928
66.8928
64.119
64.119
61.5096
61.5096
59.0495
59.0495
56.7254
56.7254
54.5257
54.5257
52.4403
52.4403
50.46
50.46
48.5769
48.5769
46.784
46.784
45.0751
45.0751
43.4446
43.4446
41.8876
41.8876
40.3995
40.3995
38.9763
38.9763
37.6144
37.6144
36.3104
36.3104
35.0612
35.0612
33.8641
33.8641
32.7163
32.7163
31.6154
31.6154
30.5593
30.5593
29.5457
29.5457
28.5726
28.5726
27.6382
27.6382
26.7406
26.7406
25.8783
25.8783
25.0496
25.0496
24.253
24.253
23.487
23.487
22.7504
22.7504
22.0418
22.0418
21.3599
21.3599
20.7037
20.7037
20.072
20.072
19.4637
19.4637
18.8778
18.8778
18.3134
18.3134
17.7696
17.7696
17.2454
17.2454
16.74
16.74
16.2527
16.2527
15.7826
15.7826
15.3291
15.3291
14.8915
14.8915
14.4691
14.4691
14.0612
14.0612
13.6674
13.6674
13.2869
13.2869
12.9193
12.9193
12.5641
12.5641
12.2207
12.2207
11.8887
11.8887
11.5677
11.5677
11.2571
11.2571
10.9566
10.9566
10.6658
10.6658
10.3843
10.3843
10.1118
10.1118
9.84785
9.84785
9.59222
9.59222
9.34456
9.34456
9.10458
9.10458
8.87198
8.87198
8.64649
8.64649
8.42785
8.42785
8.21581
8.21581
8.01013
8.01013
7.81057
7.81057
7.61693
7.61693
7.42898
7.42898
7.24653
7.24653
7.06937
7.06937
6.89733
6.89733
6.73023
6.73023
6.5679
6.5679
6.41016
6.41016
6.25687
6.25687
6.10788
6.10788
5.96303
5.96303
5.82219
5.82219
5.68523
5.68523
5.55201
5.55201
5.42242
5.42242
5.29633
5.29633
5.17364
5.17364
5.05423
5.05423
4.93799
4.93799
4.82482
4.82482
4.71464
4.71464
4.60733
4.60733
4.50282
4.50282
4.40101
4.40101
4.30182
4.30182
4.20518
4.20518
4.11099
4.11099
4.01919
4.01919
3.92971
3.92971
3.84247
3.84247
3.7574
3.7574
3.67445
3.67445
3.59354
3.59354
3.51463
3.51463
3.43764
3.43764
3.36253
3.36253
3.28923
3.28923
3.2177
3.2177
3.14789
3.14789
3.07973
3.07973
3.0132
3.0132
2.94824
2.94824
2.88481
2.88481
2.82286
2.82286
2.76235
2.76235
2.70324
2.70324
2.64549
2.64549
2.58907
2.58907
2.53394
2.53394
2.48006
2.48006
2.4274
2.4274
2.37593
2.37593
2.3256
2.3256
2.2764
2.2764
2.22828
2.22828
2.18123
2.18123
2.13521
2.13521
2.0902
2.0902
2.04616
2.04616
2.00308
2.00308
1.96092
1.96092
1.91966
1.91966
1.87929
1.87929
1.83976
1.83976
1.80107
1.80107
1.76319
1.76319
1.72609
1.72609
1.68977
1.68977
1.65419
1.65419
1.61934
1.61934
1.5852
1.5852
1.55175
1.55175
1.51897
1.51897
1.48685
1.48685
1.45536
1.45536
1.4245
1.4245
1.39424
1.39424
1.36457
1.36457
1.33548
1.33548
1.30695
1.30695
1.27896
1.27896
1.2515
1.2515
1.22456
1.22456
1.19812
1.19812
1.17218
1.17218
1.14671
1.14671
1.12172
1.12172
1.09718
1.09718
1.07308
1.07308
1.04942
1.04942
1.02618
1.02618
1.00336
1.00336
0.980946
0.980946
0.958926
0.958926
0.937294
0.937294
0.916044
0.916044
0.895167
0.895167
0.874658
0.874658
0.854511
0.854511
0.83472
0.83472
0.815282
0.815282
0.796193
0.796193
0.777452
0.777452
0.759056
0.759056
0.741006
0.741006
0.723303
0.723303
0.705951
0.705951
0.688952
0.688952
0.672314
0.672314
0.656045
0.656045
0.640155
0.640155
0.624657
0.624657
0.609567
0.609567
0.594904
0.594904
0.58069
0.58069
0.566951
0.566951
0.553719
0.553719
0.541028
0.541028
0.528918
0.528918
0.517434
0.517434
0.506629
0.506629
0.49656
0.49656
0.487289
0.487289
0.478888
0.478888
0.47143
0.47143
0.464998
0.464998
0.459675
0.459675
0.45555
0.45555
0.452713
0.452713
0.45125
0.45125
1.3548e+06
1.3548e+06
235140
235140
79401.7
79401.7
37283.8
37283.8
21040.3
21040.3
13304.1
13304.1
9078.7
9078.7
6540.71
6540.71
4906.6
4906.6
3797.45
3797.45
3012.79
3012.79
2438.92
2438.92
2007.61
2007.61
1675.98
1675.98
1416.04
1416.04
1208.89
1208.89
1041.45
1041.45
904.398
904.398
790.995
790.995
696.242
696.242
616.385
616.385
548.561
548.561
490.555
490.555
440.633
440.633
397.425
397.425
359.835
359.835
326.977
326.977
298.132
298.132
272.71
272.71
250.223
250.223
230.266
230.266
212.497
212.497
196.632
196.632
182.427
182.427
169.675
169.675
158.199
158.199
147.846
147.846
138.485
138.485
130
130
122.292
122.292
115.273
115.273
108.866
108.866
103.004
103.004
97.6281
97.6281
92.6844
92.6844
88.1269
88.1269
83.9144
83.9144
80.0106
80.0106
76.3833
76.3833
73.0042
73.0042
69.848
69.848
66.8928
66.8928
64.119
64.119
61.5096
61.5096
59.0495
59.0495
56.7254
56.7254
54.5257
54.5257
52.4403
52.4403
50.46
50.46
48.5769
48.5769
46.784
46.784
45.0751
45.0751
43.4446
43.4446
41.8876
41.8876
40.3995
40.3995
38.9763
38.9763
37.6144
37.6144
36.3104
36.3104
35.0612
35.0612
33.8641
33.8641
32.7163
32.7163
31.6154
31.6154
30.5593
30.5593
29.5457
29.5457
28.5726
28.5726
27.6382
27.6382
26.7406
26.7406
25.8783
25.8783
25.0496
25.0496
24.253
24.253
23.487
23.487
22.7504
22.7504
22.0418
22.0418
21.3599
21.3599
20.7037
20.7037
20.072
20.072
19.4637
19.4637
18.8778
18.8778
18.3134
18.3134
17.7696
17.7696
17.2454
17.2454
16.74
16.74
16.2527
16.2527
15.7826
15.7826
15.3291
15.3291
14.8915
14.8915
14.4691
14.4691
14.0612
14.0612
13.6674
13.6674
13.2869
13.2869
12.9193
12.9193
12.5641
12.5641
12.2207
12.2207
11.8887
11.8887
11.5677
11.5677
11.2571
11.2571
10.9566
10.9566
10.6658
10.6658
10.3843
10.3843
10.1118
10.1118
9.84785
9.84785
9.59222
9.59222
9.34456
9.34456
9.10458
9.10458
8.87198
8.87198
8.64649
8.64649
8.42785
8.42785
8.21581
8.21581
8.01013
8.01013
7.81057
7.81057
7.61693
7.61693
7.42898
7.42898
7.24653
7.24653
7.06937
7.06937
6.89733
6.89733
6.73023
6.73023
6.5679
6.5679
6.41016
6.41016
6.25687
6.25687
6.10788
6.10788
5.96303
5.96303
5.82219
5.82219
5.68523
5.68523
5.55201
5.55201
5.42242
5.42242
5.29633
5.29633
5.17364
5.17364
5.05423
5.05423
4.93799
4.93799
4.82482
4.82482
4.71464
4.71464
4.60733
4.60733
4.50282
4.50282
4.40101
4.40101
4.30182
4.30182
4.20518
4.20518
4.11099
4.11099
4.01919
4.01919
3.92971
3.92971
3.84247
3.84247
3.7574
3.7574
3.67445
3.67445
3.59354
3.59354
3.51463
3.51463
3.43764
3.43764
3.36253
3.36253
3.28923
3.28923
3.2177
3.2177
3.14789
3.14789
3.07973
3.07973
3.0132
3.0132
2.94824
2.94824
2.88481
2.88481
2.82286
2.82286
2.76235
2.76235
2.70324
2.70324
2.64549
2.64549
2.58907
2.58907
2.53394
2.53394
2.48006
2.48006
2.4274
2.4274
2.37593
2.37593
2.3256
2.3256
2.2764
2.2764
2.22828
2.22828
2.18123
2.18123
2.13521
2.13521
2.0902
2.0902
2.04616
2.04616
2.00308
2.00308
1.96092
1.96092
1.91966
1.91966
1.87929
1.87929
1.83976
1.83976
1.80107
1.80107
1.76319
1.76319
1.72609
1.72609
1.68977
1.68977
1.65419
1.65419
1.61934
1.61934
1.5852
1.5852
1.55175
1.55175
1.51897
1.51897
1.48685
1.48685
1.45536
1.45536
1.4245
1.4245
1.39424
1.39424
1.36457
1.36457
1.33548
1.33548
1.30695
1.30695
1.27896
1.27896
1.2515
1.2515
1.22456
1.22456
1.19812
1.19812
1.17218
1.17218
1.14671
1.14671
1.12172
1.12172
1.09718
1.09718
1.07308
1.07308
1.04942
1.04942
1.02618
1.02618
1.00336
1.00336
0.980946
0.980946
0.958926
0.958926
0.937294
0.937294
0.916044
0.916044
0.895167
0.895167
0.874658
0.874658
0.854511
0.854511
0.83472
0.83472
0.815282
0.815282
0.796193
0.796193
0.777452
0.777452
0.759056
0.759056
0.741006
0.741006
0.723303
0.723303
0.705951
0.705951
0.688952
0.688952
0.672314
0.672314
0.656045
0.656045
0.640155
0.640155
0.624657
0.624657
0.609567
0.609567
0.594904
0.594904
0.58069
0.58069
0.566951
0.566951
0.553719
0.553719
0.541028
0.541028
0.528918
0.528918
0.517434
0.517434
0.506629
0.506629
0.49656
0.49656
0.487289
0.487289
0.478888
0.478888
0.47143
0.47143
0.464998
0.464998
0.459675
0.459675
0.45555
0.45555
0.452713
0.452713
0.45125
0.45125
0.45125
0.45125
0.452713
0.452713
0.45555
0.45555
0.459675
0.459675
0.464998
0.464998
0.47143
0.47143
0.478888
0.478888
0.487289
0.487289
0.49656
0.49656
0.506629
0.506629
0.517434
0.517434
0.528918
0.528918
0.541028
0.541028
0.553719
0.553719
0.566951
0.566951
0.58069
0.58069
0.594904
0.594904
0.609567
0.609567
0.624657
0.624657
0.640155
0.640155
0.656045
0.656045
0.672314
0.672314
0.688952
0.688952
0.705951
0.705951
0.723303
0.723303
0.741006
0.741006
0.759056
0.759056
0.777452
0.777452
0.796193
0.796193
0.815282
0.815282
0.83472
0.83472
0.854511
0.854511
0.874658
0.874658
0.895167
0.895167
0.916044
0.916044
0.937294
0.937294
0.958926
0.958926
0.980946
0.980946
1.00336
1.00336
1.02618
1.02618
1.04942
1.04942
1.07308
1.07308
1.09718
1.09718
1.12172
1.12172
1.14671
1.14671
1.17218
1.17218
1.19812
1.19812
1.22456
1.22456
1.2515
1.2515
1.27896
1.27896
1.30695
1.30695
1.33548
1.33548
1.36457
1.36457
1.39424
1.39424
1.4245
1.4245
1.45536
1.45536
1.48685
1.48685
1.51897
1.51897
1.55175
1.55175
1.5852
1.5852
1.61934
1.61934
1.65419
1.65419
1.68977
1.68977
1.72609
1.72609
1.76319
1.76319
1.80107
1.80107
1.83976
1.83976
1.87929
1.87929
1.91966
1.91966
1.96092
1.96092
2.00308
2.00308
2.04616
2.04616
2.0902
2.0902
2.13521
2.13521
2.18123
2.18123
2.22828
2.22828
2.2764
2.2764
2.3256
2.3256
2.37592
2.37592
2.4274
2.4274
2.48006
2.48006
2.53394
2.53394
2.58907
2.58907
2.64549
2.64549
2.70324
2.70324
2.76235
2.76235
2.82286
2.82286
2.88481
2.88481
2.94824
2.94824
3.0132
3.0132
3.07973
3.07973
3.14789
3.14789
3.2177
3.2177
3.28923
3.28923
3.36253
3.36253
3.43764
3.43764
3.51463
3.51463
3.59354
3.59354
3.67445
3.67445
3.7574
3.7574
3.84247
3.84247
3.92971
3.92971
4.01919
4.01919
4.11099
4.11099
4.20518
4.20518
4.30182
4.30182
4.40101
4.40101
4.50282
4.50282
4.60733
4.60733
4.71464
4.71464
4.82482
4.82482
4.93799
4.93799
5.05423
5.05423
5.17364
5.17364
5.29633
5.29633
5.42242
5.42242
5.55201
5.55201
5.68523
5.68523
5.82219
5.82219
5.96303
5.96303
6.10788
6.10788
6.25687
6.25687
6.41016
6.41016
6.5679
6.5679
6.73023
6.73023
6.89733
6.89733
7.06937
7.06937
7.24653
7.24653
7.42898
7.42898
7.61693
7.61693
7.81057
7.81057
8.01013
8.01013
8.21581
8.21581
8.42785
8.42785
8.64649
8.64649
8.87198
8.87198
9.10458
9.10458
9.34456
9.34456
9.59222
9.59222
9.84785
9.84785
10.1118
10.1118
10.3843
10.3843
10.6658
10.6658
10.9566
10.9566
11.2571
11.2571
11.5677
11.5677
11.8887
11.8887
12.2207
12.2207
12.5641
12.5641
12.9193
12.9193
13.2869
13.2869
13.6674
13.6674
14.0612
14.0612
14.4691
14.4691
14.8915
14.8915
15.3291
15.3291
15.7826
15.7826
16.2527
16.2527
16.74
16.74
17.2454
17.2454
17.7696
17.7696
18.3134
18.3134
18.8778
18.8778
19.4637
19.4637
20.072
20.072
20.7037
20.7037
21.3599
21.3599
22.0418
22.0418
22.7504
22.7504
23.487
23.487
24.253
24.253
25.0496
25.0496
25.8783
25.8783
26.7406
26.7406
27.6382
27.6382
28.5726
28.5726
29.5457
29.5457
30.5593
30.5593
31.6154
31.6154
32.7163
32.7163
33.8641
33.8641
35.0612
35.0612
36.3104
36.3104
37.6144
37.6144
38.9763
38.9763
40.3995
40.3995
41.8876
41.8876
43.4447
43.4447
45.0751
45.0751
46.784
46.784
48.5769
48.5769
50.46
50.46
52.4403
52.4403
54.5257
54.5257
56.7254
56.7254
59.0495
59.0495
61.5096
61.5096
64.119
64.119
66.8928
66.8928
69.848
69.848
73.0042
73.0042
76.3833
76.3833
80.0106
80.0106
83.9144
83.9144
88.1269
88.1269
92.6844
92.6844
97.6281
97.6281
103.004
103.004
108.866
108.866
115.273
115.273
122.292
122.292
130
130
138.485
138.485
147.846
147.846
158.199
158.199
169.675
169.675
182.427
182.427
196.632
196.632
212.497
212.497
230.266
230.266
250.223
250.223
272.71
272.71
298.132
298.132
326.977
326.977
359.835
359.835
397.425
397.425
440.633
440.633
490.555
490.555
548.561
548.561
616.385
616.385
696.242
696.242
790.995
790.995
904.398
904.398
1041.45
1041.45
1208.89
1208.89
1416.04
1416.04
1675.98
1675.98
2007.61
2007.61
2438.92
2438.92
3012.79
3012.79
3797.45
3797.45
4906.61
4906.61
6540.71
6540.71
9078.69
9078.69
13304.1
13304.1
21040.3
21040.3
37283.7
37283.7
79401.6
79401.6
235140
235140
1.3548e+06
1.3548e+06
0.45125
0.45125
0.452713
0.452713
0.45555
0.45555
0.459675
0.459675
0.464998
0.464998
0.47143
0.47143
0.478888
0.478888
0.487289
0.487289
0.49656
0.49656
0.506629
0.506629
0.517434
0.517434
0.528918
0.528918
0.541028
0.541028
0.553719
0.553719
0.566951
0.566951
0.58069
0.58069
0.594904
0.594904
0.609567
0.609567
0.624657
0.624657
0.640155
0.640155
0.656045
0.656045
0.672314
0.672314
0.688952
0.688952
0.705951
0.705951
0.723303
0.723303
0.741006
0.741006
0.759056
0.759056
0.777452
0.777452
0.796193
0.796193
0.815282
0.815282
0.83472
0.83472
0.854511
0.854511
0.874658
0.874658
0.895167
0.895167
0.916044
0.916044
0.937294
0.937294
0.958926
0.958926
0.980946
0.980946
1.00336
1.00336
1.02618
1.02618
1.04942
1.04942
1.07308
1.07308
1.09718
1.09718
1.12172
1.12172
1.14671
1.14671
1.17218
1.17218
1.19812
1.19812
1.22456
1.22456
1.2515
1.2515
1.27896
1.27896
1.30695
1.30695
1.33548
1.33548
1.36457
1.36457
1.39424
1.39424
1.4245
1.4245
1.45536
1.45536
1.48685
1.48685
1.51897
1.51897
1.55175
1.55175
1.5852
1.5852
1.61934
1.61934
1.65419
1.65419
1.68977
1.68977
1.72609
1.72609
1.76319
1.76319
1.80107
1.80107
1.83976
1.83976
1.87929
1.87929
1.91966
1.91966
1.96092
1.96092
2.00308
2.00308
2.04616
2.04616
2.0902
2.0902
2.13521
2.13521
2.18123
2.18123
2.22828
2.22828
2.2764
2.2764
2.3256
2.3256
2.37592
2.37592
2.4274
2.4274
2.48006
2.48006
2.53394
2.53394
2.58907
2.58907
2.64549
2.64549
2.70324
2.70324
2.76235
2.76235
2.82286
2.82286
2.88481
2.88481
2.94824
2.94824
3.0132
3.0132
3.07973
3.07973
3.14789
3.14789
3.2177
3.2177
3.28923
3.28923
3.36253
3.36253
3.43764
3.43764
3.51463
3.51463
3.59354
3.59354
3.67445
3.67445
3.7574
3.7574
3.84247
3.84247
3.92971
3.92971
4.01919
4.01919
4.11099
4.11099
4.20518
4.20518
4.30182
4.30182
4.40101
4.40101
4.50282
4.50282
4.60733
4.60733
4.71464
4.71464
4.82482
4.82482
4.93799
4.93799
5.05423
5.05423
5.17364
5.17364
5.29633
5.29633
5.42242
5.42242
5.55201
5.55201
5.68523
5.68523
5.82219
5.82219
5.96303
5.96303
6.10788
6.10788
6.25687
6.25687
6.41016
6.41016
6.5679
6.5679
6.73023
6.73023
6.89733
6.89733
7.06937
7.06937
7.24653
7.24653
7.42898
7.42898
7.61693
7.61693
7.81057
7.81057
8.01013
8.01013
8.21581
8.21581
8.42785
8.42785
8.64649
8.64649
8.87198
8.87198
9.10458
9.10458
9.34456
9.34456
9.59222
9.59222
9.84785
9.84785
10.1118
10.1118
10.3843
10.3843
10.6658
10.6658
10.9566
10.9566
11.2571
11.2571
11.5677
11.5677
11.8887
11.8887
12.2207
12.2207
12.5641
12.5641
12.9193
12.9193
13.2869
13.2869
13.6674
13.6674
14.0612
14.0612
14.4691
14.4691
14.8915
14.8915
15.3291
15.3291
15.7826
15.7826
16.2527
16.2527
16.74
16.74
17.2454
17.2454
17.7696
17.7696
18.3134
18.3134
18.8778
18.8778
19.4637
19.4637
20.072
20.072
20.7037
20.7037
21.3599
21.3599
22.0418
22.0418
22.7504
22.7504
23.487
23.487
24.253
24.253
25.0496
25.0496
25.8783
25.8783
26.7406
26.7406
27.6382
27.6382
28.5726
28.5726
29.5457
29.5457
30.5593
30.5593
31.6154
31.6154
32.7163
32.7163
33.8641
33.8641
35.0612
35.0612
36.3104
36.3104
37.6144
37.6144
38.9763
38.9763
40.3995
40.3995
41.8876
41.8876
43.4447
43.4447
45.0751
45.0751
46.784
46.784
48.5769
48.5769
50.46
50.46
52.4403
52.4403
54.5257
54.5257
56.7254
56.7254
59.0495
59.0495
61.5096
61.5096
64.119
64.119
66.8928
66.8928
69.848
69.848
73.0042
73.0042
76.3833
76.3833
80.0106
80.0106
83.9144
83.9144
88.1269
88.1269
92.6844
92.6844
97.6281
97.6281
103.004
103.004
108.866
108.866
115.273
115.273
122.292
122.292
130
130
138.485
138.485
147.846
147.846
158.199
158.199
169.675
169.675
182.427
182.427
196.632
196.632
212.497
212.497
230.266
230.266
250.223
250.223
272.71
272.71
298.132
298.132
326.977
326.977
359.835
359.835
397.425
397.425
440.633
440.633
490.555
490.555
548.561
548.561
616.385
616.385
696.242
696.242
790.995
790.995
904.398
904.398
1041.45
1041.45
1208.89
1208.89
1416.04
1416.04
1675.98
1675.98
2007.61
2007.61
2438.92
2438.92
3012.79
3012.79
3797.45
3797.45
4906.61
4906.61
6540.71
6540.71
9078.69
9078.69
13304.1
13304.1
21040.3
21040.3
37283.7
37283.7
79401.6
79401.6
235140
235140
1.3548e+06
1.3548e+06
)
;

boundaryField
{
    walls
    {
        blending        binomial2;
        n               2;
        beta1           0.075;
        type            omegaWallFunction;
        value           nonuniform List<scalar> 8(1.3548e+06 1.3548e+06 1.3548e+06 1.3548e+06 1.3548e+06 1.3548e+06 1.3548e+06 1.3548e+06);
    }
    inlet
    {
        type            cyclic;
    }
    outlet
    {
        type            cyclic;
    }
    sides
    {
        type            empty;
    }
}


// ************************************************************************* //
