/*--------------------------------*- C++ -*----------------------------------*\
| =========                 |                                                 |
| \\      /  F ield         | OpenFOAM: The Open Source CFD Toolbox           |
|  \\    /   O peration     | Version:  2106                                  |
|   \\  /    A nd           | Website:  www.openfoam.com                      |
|    \\/     M anipulation  |                                                 |
\*---------------------------------------------------------------------------*/
FoamFile
{
    version     2.0;
    format      ascii;
    arch        "LSB;label=32;scalar=64";
    class       volScalarField;
    location    "10040";
    object      alphat;
}
// * * * * * * * * * * * * * * * * * * * * * * * * * * * * * * * * * * * * * //

dimensions      [0 2 -1 0 0 0 0];

internalField   nonuniform List<scalar> 
2000
(
3.3302e-12
3.3302e-12
4.02683e-12
4.02683e-12
2.86206e-11
2.86206e-11
2.08957e-10
2.08957e-10
9.68034e-10
9.68034e-10
3.29259e-09
3.29259e-09
9.09854e-09
9.09854e-09
2.16917e-08
2.16917e-08
4.63165e-08
4.63165e-08
9.07681e-08
9.07681e-08
1.66015e-07
1.66015e-07
2.8675e-07
2.8675e-07
4.71764e-07
4.71764e-07
7.44001e-07
7.44001e-07
1.1302e-06
1.1302e-06
1.66003e-06
1.66003e-06
2.36478e-06
2.36478e-06
3.27569e-06
3.27569e-06
4.42214e-06
4.42214e-06
5.82999e-06
5.82999e-06
7.52036e-06
7.52036e-06
9.50886e-06
9.50886e-06
1.18055e-05
1.18055e-05
1.44151e-05
1.44151e-05
1.73379e-05
1.73379e-05
2.05708e-05
2.05708e-05
2.4108e-05
2.4108e-05
2.7942e-05
2.7942e-05
3.20647e-05
3.20647e-05
3.64673e-05
3.64673e-05
4.11415e-05
4.11415e-05
4.60793e-05
4.60793e-05
5.12731e-05
5.12731e-05
5.67162e-05
5.67162e-05
6.24028e-05
6.24028e-05
6.83276e-05
6.83276e-05
7.44861e-05
7.44861e-05
8.08744e-05
8.08744e-05
8.74895e-05
8.74895e-05
9.43287e-05
9.43287e-05
0.00010139
0.00010139
0.000108672
0.000108672
0.000116173
0.000116173
0.000123892
0.000123892
0.00013183
0.00013183
0.000139986
0.000139986
0.000148361
0.000148361
0.000156954
0.000156954
0.000165767
0.000165767
0.0001748
0.0001748
0.000184055
0.000184055
0.000193534
0.000193534
0.000203237
0.000203237
0.000213166
0.000213166
0.000223323
0.000223323
0.000233711
0.000233711
0.000244331
0.000244331
0.000255186
0.000255186
0.000266278
0.000266278
0.000277609
0.000277609
0.000289182
0.000289182
0.000300999
0.000300999
0.000313064
0.000313064
0.00032538
0.00032538
0.000337948
0.000337948
0.000350773
0.000350773
0.000363858
0.000363858
0.000377205
0.000377205
0.000390818
0.000390818
0.0004047
0.0004047
0.000418854
0.000418854
0.000433285
0.000433285
0.000447996
0.000447996
0.000462989
0.000462989
0.00047827
0.00047827
0.000493841
0.000493841
0.000509707
0.000509707
0.000525871
0.000525871
0.000542338
0.000542338
0.00055911
0.00055911
0.000576193
0.000576193
0.00059359
0.00059359
0.000611305
0.000611305
0.000629343
0.000629343
0.000647707
0.000647707
0.000666403
0.000666403
0.000685434
0.000685434
0.000704805
0.000704805
0.000724519
0.000724519
0.000744582
0.000744582
0.000764998
0.000764998
0.000785772
0.000785772
0.000806907
0.000806907
0.000828409
0.000828409
0.000850282
0.000850282
0.000872531
0.000872531
0.00089516
0.00089516
0.000918174
0.000918174
0.000941578
0.000941578
0.000965377
0.000965377
0.000989575
0.000989575
0.00101418
0.00101418
0.00103919
0.00103919
0.00106461
0.00106461
0.00109045
0.00109045
0.00111672
0.00111672
0.00114342
0.00114342
0.00117054
0.00117054
0.00119811
0.00119811
0.00122611
0.00122611
0.00125457
0.00125457
0.00128348
0.00128348
0.00131284
0.00131284
0.00134266
0.00134266
0.00137296
0.00137296
0.00140372
0.00140372
0.00143496
0.00143496
0.00146668
0.00146668
0.00149888
0.00149888
0.00153157
0.00153157
0.00156476
0.00156476
0.00159844
0.00159844
0.00163263
0.00163263
0.00166733
0.00166733
0.00170254
0.00170254
0.00173826
0.00173826
0.0017745
0.0017745
0.00181127
0.00181127
0.00184856
0.00184856
0.00188638
0.00188638
0.00192474
0.00192474
0.00196364
0.00196364
0.00200308
0.00200308
0.00204307
0.00204307
0.0020836
0.0020836
0.00212468
0.00212468
0.00216632
0.00216632
0.00220852
0.00220852
0.00225127
0.00225127
0.00229459
0.00229459
0.00233847
0.00233847
0.00238291
0.00238291
0.00242792
0.00242792
0.0024735
0.0024735
0.00251965
0.00251965
0.00256636
0.00256636
0.00261365
0.00261365
0.00266151
0.00266151
0.00270994
0.00270994
0.00275894
0.00275894
0.00280851
0.00280851
0.00285864
0.00285864
0.00290935
0.00290935
0.00296061
0.00296061
0.00301244
0.00301244
0.00306483
0.00306483
0.00311778
0.00311778
0.00317128
0.00317128
0.00322532
0.00322532
0.00327991
0.00327991
0.00333504
0.00333504
0.0033907
0.0033907
0.00344688
0.00344688
0.00350359
0.00350359
0.0035608
0.0035608
0.00361852
0.00361852
0.00367673
0.00367673
0.00373543
0.00373543
0.0037946
0.0037946
0.00385423
0.00385423
0.00391431
0.00391431
0.00397483
0.00397483
0.00403577
0.00403577
0.00409711
0.00409711
0.00415885
0.00415885
0.00422096
0.00422096
0.00428343
0.00428343
0.00434624
0.00434624
0.00440937
0.00440937
0.00447279
0.00447279
0.00453649
0.00453649
0.00460043
0.00460043
0.00466461
0.00466461
0.00472898
0.00472898
0.00479352
0.00479352
0.0048582
0.0048582
0.00492299
0.00492299
0.00498786
0.00498786
0.00505278
0.00505278
0.0051177
0.0051177
0.0051826
0.0051826
0.00524742
0.00524742
0.00531214
0.00531214
0.0053767
0.0053767
0.00544107
0.00544107
0.00550519
0.00550519
0.00556901
0.00556901
0.00563249
0.00563249
0.00569557
0.00569557
0.00575819
0.00575819
0.0058203
0.0058203
0.00588183
0.00588183
0.00594272
0.00594272
0.0060029
0.0060029
0.0060623
0.0060623
0.00612086
0.00612086
0.0061785
0.0061785
0.00623513
0.00623513
0.00629069
0.00629069
0.00634508
0.00634508
0.00639822
0.00639822
0.00645002
0.00645002
0.00650038
0.00650038
0.00654922
0.00654922
0.00659643
0.00659643
0.00664192
0.00664192
0.00668557
0.00668557
0.00672729
0.00672729
0.00676696
0.00676696
0.00680448
0.00680448
0.00683973
0.00683973
0.00687261
0.00687261
0.006903
0.006903
0.00693079
0.00693079
0.00695587
0.00695587
0.00697813
0.00697813
0.00699749
0.00699749
0.00701383
0.00701383
0.00702709
0.00702709
0.00703719
0.00703719
0.00704406
0.00704406
0.00704768
0.00704768
0.00704804
0.00704804
0.00704514
0.00704514
0.00703905
0.00703905
0.00702985
0.00702985
0.0070177
0.0070177
0.00700279
0.00700279
0.00698541
0.00698541
0.00696588
0.00696588
0.00694464
0.00694464
0.00692221
0.00692221
0.00689918
0.00689918
0.00687624
0.00687624
0.00685416
0.00685416
0.00683377
0.00683377
0.00681593
0.00681593
0.00680147
0.00680147
0.00679121
0.00679121
0.00678582
0.00678582
3.3302e-12
3.3302e-12
4.02683e-12
4.02683e-12
2.86206e-11
2.86206e-11
2.08957e-10
2.08957e-10
9.68034e-10
9.68034e-10
3.29259e-09
3.29259e-09
9.09854e-09
9.09854e-09
2.16917e-08
2.16917e-08
4.63165e-08
4.63165e-08
9.07681e-08
9.07681e-08
1.66015e-07
1.66015e-07
2.8675e-07
2.8675e-07
4.71764e-07
4.71764e-07
7.44001e-07
7.44001e-07
1.1302e-06
1.1302e-06
1.66003e-06
1.66003e-06
2.36478e-06
2.36478e-06
3.27569e-06
3.27569e-06
4.42214e-06
4.42214e-06
5.82999e-06
5.82999e-06
7.52036e-06
7.52036e-06
9.50886e-06
9.50886e-06
1.18055e-05
1.18055e-05
1.44151e-05
1.44151e-05
1.73379e-05
1.73379e-05
2.05708e-05
2.05708e-05
2.4108e-05
2.4108e-05
2.7942e-05
2.7942e-05
3.20647e-05
3.20647e-05
3.64673e-05
3.64673e-05
4.11415e-05
4.11415e-05
4.60793e-05
4.60793e-05
5.12731e-05
5.12731e-05
5.67162e-05
5.67162e-05
6.24028e-05
6.24028e-05
6.83276e-05
6.83276e-05
7.44861e-05
7.44861e-05
8.08744e-05
8.08744e-05
8.74895e-05
8.74895e-05
9.43287e-05
9.43287e-05
0.00010139
0.00010139
0.000108672
0.000108672
0.000116173
0.000116173
0.000123892
0.000123892
0.00013183
0.00013183
0.000139986
0.000139986
0.000148361
0.000148361
0.000156954
0.000156954
0.000165767
0.000165767
0.0001748
0.0001748
0.000184055
0.000184055
0.000193534
0.000193534
0.000203237
0.000203237
0.000213166
0.000213166
0.000223323
0.000223323
0.000233711
0.000233711
0.000244331
0.000244331
0.000255186
0.000255186
0.000266278
0.000266278
0.000277609
0.000277609
0.000289182
0.000289182
0.000300999
0.000300999
0.000313064
0.000313064
0.00032538
0.00032538
0.000337948
0.000337948
0.000350773
0.000350773
0.000363858
0.000363858
0.000377205
0.000377205
0.000390818
0.000390818
0.0004047
0.0004047
0.000418854
0.000418854
0.000433285
0.000433285
0.000447996
0.000447996
0.000462989
0.000462989
0.00047827
0.00047827
0.000493841
0.000493841
0.000509707
0.000509707
0.000525871
0.000525871
0.000542338
0.000542338
0.00055911
0.00055911
0.000576193
0.000576193
0.00059359
0.00059359
0.000611305
0.000611305
0.000629343
0.000629343
0.000647707
0.000647707
0.000666403
0.000666403
0.000685434
0.000685434
0.000704805
0.000704805
0.000724519
0.000724519
0.000744582
0.000744582
0.000764998
0.000764998
0.000785772
0.000785772
0.000806907
0.000806907
0.000828409
0.000828409
0.000850282
0.000850282
0.000872531
0.000872531
0.00089516
0.00089516
0.000918174
0.000918174
0.000941578
0.000941578
0.000965377
0.000965377
0.000989575
0.000989575
0.00101418
0.00101418
0.00103919
0.00103919
0.00106461
0.00106461
0.00109045
0.00109045
0.00111672
0.00111672
0.00114342
0.00114342
0.00117054
0.00117054
0.00119811
0.00119811
0.00122611
0.00122611
0.00125457
0.00125457
0.00128348
0.00128348
0.00131284
0.00131284
0.00134266
0.00134266
0.00137296
0.00137296
0.00140372
0.00140372
0.00143496
0.00143496
0.00146668
0.00146668
0.00149888
0.00149888
0.00153157
0.00153157
0.00156476
0.00156476
0.00159844
0.00159844
0.00163263
0.00163263
0.00166733
0.00166733
0.00170254
0.00170254
0.00173826
0.00173826
0.0017745
0.0017745
0.00181127
0.00181127
0.00184856
0.00184856
0.00188638
0.00188638
0.00192474
0.00192474
0.00196364
0.00196364
0.00200308
0.00200308
0.00204307
0.00204307
0.0020836
0.0020836
0.00212468
0.00212468
0.00216632
0.00216632
0.00220852
0.00220852
0.00225127
0.00225127
0.00229459
0.00229459
0.00233847
0.00233847
0.00238291
0.00238291
0.00242792
0.00242792
0.0024735
0.0024735
0.00251965
0.00251965
0.00256636
0.00256636
0.00261365
0.00261365
0.00266151
0.00266151
0.00270994
0.00270994
0.00275894
0.00275894
0.00280851
0.00280851
0.00285864
0.00285864
0.00290935
0.00290935
0.00296061
0.00296061
0.00301244
0.00301244
0.00306483
0.00306483
0.00311778
0.00311778
0.00317128
0.00317128
0.00322532
0.00322532
0.00327991
0.00327991
0.00333504
0.00333504
0.0033907
0.0033907
0.00344688
0.00344688
0.00350359
0.00350359
0.0035608
0.0035608
0.00361852
0.00361852
0.00367673
0.00367673
0.00373543
0.00373543
0.0037946
0.0037946
0.00385423
0.00385423
0.00391431
0.00391431
0.00397483
0.00397483
0.00403577
0.00403577
0.00409711
0.00409711
0.00415885
0.00415885
0.00422096
0.00422096
0.00428343
0.00428343
0.00434624
0.00434624
0.00440937
0.00440937
0.00447279
0.00447279
0.00453649
0.00453649
0.00460043
0.00460043
0.00466461
0.00466461
0.00472898
0.00472898
0.00479352
0.00479352
0.0048582
0.0048582
0.00492299
0.00492299
0.00498786
0.00498786
0.00505278
0.00505278
0.0051177
0.0051177
0.0051826
0.0051826
0.00524742
0.00524742
0.00531214
0.00531214
0.0053767
0.0053767
0.00544107
0.00544107
0.00550519
0.00550519
0.00556901
0.00556901
0.00563249
0.00563249
0.00569557
0.00569557
0.00575819
0.00575819
0.0058203
0.0058203
0.00588183
0.00588183
0.00594272
0.00594272
0.0060029
0.0060029
0.0060623
0.0060623
0.00612086
0.00612086
0.0061785
0.0061785
0.00623513
0.00623513
0.00629069
0.00629069
0.00634508
0.00634508
0.00639822
0.00639822
0.00645002
0.00645002
0.00650038
0.00650038
0.00654922
0.00654922
0.00659643
0.00659643
0.00664192
0.00664192
0.00668557
0.00668557
0.00672729
0.00672729
0.00676696
0.00676696
0.00680448
0.00680448
0.00683973
0.00683973
0.00687261
0.00687261
0.006903
0.006903
0.00693079
0.00693079
0.00695587
0.00695587
0.00697813
0.00697813
0.00699749
0.00699749
0.00701383
0.00701383
0.00702709
0.00702709
0.00703719
0.00703719
0.00704406
0.00704406
0.00704768
0.00704768
0.00704804
0.00704804
0.00704514
0.00704514
0.00703905
0.00703905
0.00702985
0.00702985
0.0070177
0.0070177
0.00700279
0.00700279
0.00698541
0.00698541
0.00696588
0.00696588
0.00694464
0.00694464
0.00692221
0.00692221
0.00689918
0.00689918
0.00687624
0.00687624
0.00685416
0.00685416
0.00683377
0.00683377
0.00681593
0.00681593
0.00680147
0.00680147
0.00679121
0.00679121
0.00678582
0.00678582
0.00678582
0.00678582
0.00679121
0.00679121
0.00680147
0.00680147
0.00681593
0.00681593
0.00683377
0.00683377
0.00685416
0.00685416
0.00687624
0.00687624
0.00689918
0.00689918
0.00692221
0.00692221
0.00694464
0.00694464
0.00696588
0.00696588
0.0069854
0.0069854
0.00700279
0.00700279
0.0070177
0.0070177
0.00702985
0.00702985
0.00703904
0.00703904
0.00704514
0.00704514
0.00704803
0.00704803
0.00704768
0.00704768
0.00704406
0.00704406
0.00703718
0.00703718
0.00702709
0.00702709
0.00701383
0.00701383
0.00699748
0.00699748
0.00697813
0.00697813
0.00695586
0.00695586
0.00693078
0.00693078
0.00690299
0.00690299
0.00687261
0.00687261
0.00683973
0.00683973
0.00680448
0.00680448
0.00676696
0.00676696
0.00672729
0.00672729
0.00668557
0.00668557
0.00664192
0.00664192
0.00659643
0.00659643
0.00654922
0.00654922
0.00650038
0.00650038
0.00645001
0.00645001
0.00639822
0.00639822
0.00634508
0.00634508
0.00629069
0.00629069
0.00623513
0.00623513
0.0061785
0.0061785
0.00612086
0.00612086
0.0060623
0.0060623
0.00600289
0.00600289
0.00594271
0.00594271
0.00588182
0.00588182
0.00582029
0.00582029
0.00575819
0.00575819
0.00569557
0.00569557
0.00563249
0.00563249
0.00556901
0.00556901
0.00550519
0.00550519
0.00544107
0.00544107
0.0053767
0.0053767
0.00531214
0.00531214
0.00524742
0.00524742
0.0051826
0.0051826
0.0051177
0.0051177
0.00505278
0.00505278
0.00498786
0.00498786
0.00492299
0.00492299
0.0048582
0.0048582
0.00479352
0.00479352
0.00472897
0.00472897
0.0046646
0.0046646
0.00460043
0.00460043
0.00453649
0.00453649
0.00447279
0.00447279
0.00440937
0.00440937
0.00434624
0.00434624
0.00428343
0.00428343
0.00422096
0.00422096
0.00415885
0.00415885
0.00409711
0.00409711
0.00403576
0.00403576
0.00397483
0.00397483
0.00391431
0.00391431
0.00385423
0.00385423
0.0037946
0.0037946
0.00373543
0.00373543
0.00367673
0.00367673
0.00361852
0.00361852
0.0035608
0.0035608
0.00350359
0.00350359
0.00344688
0.00344688
0.0033907
0.0033907
0.00333504
0.00333504
0.00327991
0.00327991
0.00322532
0.00322532
0.00317128
0.00317128
0.00311778
0.00311778
0.00306483
0.00306483
0.00301244
0.00301244
0.00296061
0.00296061
0.00290935
0.00290935
0.00285864
0.00285864
0.00280851
0.00280851
0.00275894
0.00275894
0.00270994
0.00270994
0.00266151
0.00266151
0.00261365
0.00261365
0.00256636
0.00256636
0.00251965
0.00251965
0.0024735
0.0024735
0.00242792
0.00242792
0.00238291
0.00238291
0.00233847
0.00233847
0.00229459
0.00229459
0.00225127
0.00225127
0.00220852
0.00220852
0.00216632
0.00216632
0.00212468
0.00212468
0.0020836
0.0020836
0.00204307
0.00204307
0.00200308
0.00200308
0.00196364
0.00196364
0.00192474
0.00192474
0.00188638
0.00188638
0.00184856
0.00184856
0.00181127
0.00181127
0.0017745
0.0017745
0.00173826
0.00173826
0.00170254
0.00170254
0.00166733
0.00166733
0.00163263
0.00163263
0.00159844
0.00159844
0.00156476
0.00156476
0.00153157
0.00153157
0.00149888
0.00149888
0.00146668
0.00146668
0.00143496
0.00143496
0.00140372
0.00140372
0.00137296
0.00137296
0.00134266
0.00134266
0.00131284
0.00131284
0.00128348
0.00128348
0.00125457
0.00125457
0.00122611
0.00122611
0.00119811
0.00119811
0.00117054
0.00117054
0.00114342
0.00114342
0.00111672
0.00111672
0.00109045
0.00109045
0.00106461
0.00106461
0.00103919
0.00103919
0.00101418
0.00101418
0.000989575
0.000989575
0.000965377
0.000965377
0.000941578
0.000941578
0.000918174
0.000918174
0.00089516
0.00089516
0.000872531
0.000872531
0.000850282
0.000850282
0.000828409
0.000828409
0.000806907
0.000806907
0.000785772
0.000785772
0.000764998
0.000764998
0.000744582
0.000744582
0.000724519
0.000724519
0.000704805
0.000704805
0.000685434
0.000685434
0.000666403
0.000666403
0.000647708
0.000647708
0.000629343
0.000629343
0.000611305
0.000611305
0.00059359
0.00059359
0.000576193
0.000576193
0.00055911
0.00055911
0.000542338
0.000542338
0.000525871
0.000525871
0.000509707
0.000509707
0.000493841
0.000493841
0.00047827
0.00047827
0.000462989
0.000462989
0.000447996
0.000447996
0.000433285
0.000433285
0.000418854
0.000418854
0.0004047
0.0004047
0.000390818
0.000390818
0.000377205
0.000377205
0.000363858
0.000363858
0.000350773
0.000350773
0.000337948
0.000337948
0.00032538
0.00032538
0.000313064
0.000313064
0.000300999
0.000300999
0.000289182
0.000289182
0.000277609
0.000277609
0.000266278
0.000266278
0.000255186
0.000255186
0.000244331
0.000244331
0.000233711
0.000233711
0.000223323
0.000223323
0.000213166
0.000213166
0.000203237
0.000203237
0.000193534
0.000193534
0.000184055
0.000184055
0.0001748
0.0001748
0.000165767
0.000165767
0.000156954
0.000156954
0.000148361
0.000148361
0.000139986
0.000139986
0.00013183
0.00013183
0.000123892
0.000123892
0.000116173
0.000116173
0.000108672
0.000108672
0.00010139
0.00010139
9.43287e-05
9.43287e-05
8.74895e-05
8.74895e-05
8.08744e-05
8.08744e-05
7.44861e-05
7.44861e-05
6.83276e-05
6.83276e-05
6.24028e-05
6.24028e-05
5.67162e-05
5.67162e-05
5.12731e-05
5.12731e-05
4.60793e-05
4.60793e-05
4.11415e-05
4.11415e-05
3.64673e-05
3.64673e-05
3.20647e-05
3.20647e-05
2.7942e-05
2.7942e-05
2.4108e-05
2.4108e-05
2.05708e-05
2.05708e-05
1.73379e-05
1.73379e-05
1.44151e-05
1.44151e-05
1.18055e-05
1.18055e-05
9.50886e-06
9.50886e-06
7.52036e-06
7.52036e-06
5.82999e-06
5.82999e-06
4.42214e-06
4.42214e-06
3.27569e-06
3.27569e-06
2.36478e-06
2.36478e-06
1.66003e-06
1.66003e-06
1.1302e-06
1.1302e-06
7.44001e-07
7.44001e-07
4.71765e-07
4.71765e-07
2.86751e-07
2.86751e-07
1.66015e-07
1.66015e-07
9.07681e-08
9.07681e-08
4.63165e-08
4.63165e-08
2.16917e-08
2.16917e-08
9.09855e-09
9.09855e-09
3.29259e-09
3.29259e-09
9.68036e-10
9.68036e-10
2.08958e-10
2.08958e-10
2.86208e-11
2.86208e-11
4.02687e-12
4.02687e-12
3.33023e-12
3.33023e-12
0.00678582
0.00678582
0.00679121
0.00679121
0.00680147
0.00680147
0.00681593
0.00681593
0.00683377
0.00683377
0.00685416
0.00685416
0.00687624
0.00687624
0.00689918
0.00689918
0.00692221
0.00692221
0.00694464
0.00694464
0.00696588
0.00696588
0.0069854
0.0069854
0.00700279
0.00700279
0.0070177
0.0070177
0.00702985
0.00702985
0.00703904
0.00703904
0.00704514
0.00704514
0.00704803
0.00704803
0.00704768
0.00704768
0.00704406
0.00704406
0.00703718
0.00703718
0.00702709
0.00702709
0.00701383
0.00701383
0.00699748
0.00699748
0.00697813
0.00697813
0.00695586
0.00695586
0.00693078
0.00693078
0.00690299
0.00690299
0.00687261
0.00687261
0.00683973
0.00683973
0.00680448
0.00680448
0.00676696
0.00676696
0.00672729
0.00672729
0.00668557
0.00668557
0.00664192
0.00664192
0.00659643
0.00659643
0.00654922
0.00654922
0.00650038
0.00650038
0.00645001
0.00645001
0.00639822
0.00639822
0.00634508
0.00634508
0.00629069
0.00629069
0.00623513
0.00623513
0.0061785
0.0061785
0.00612086
0.00612086
0.0060623
0.0060623
0.00600289
0.00600289
0.00594271
0.00594271
0.00588182
0.00588182
0.00582029
0.00582029
0.00575819
0.00575819
0.00569557
0.00569557
0.00563249
0.00563249
0.00556901
0.00556901
0.00550519
0.00550519
0.00544107
0.00544107
0.0053767
0.0053767
0.00531214
0.00531214
0.00524742
0.00524742
0.0051826
0.0051826
0.0051177
0.0051177
0.00505278
0.00505278
0.00498786
0.00498786
0.00492299
0.00492299
0.0048582
0.0048582
0.00479352
0.00479352
0.00472897
0.00472897
0.0046646
0.0046646
0.00460043
0.00460043
0.00453649
0.00453649
0.00447279
0.00447279
0.00440937
0.00440937
0.00434624
0.00434624
0.00428343
0.00428343
0.00422096
0.00422096
0.00415885
0.00415885
0.00409711
0.00409711
0.00403576
0.00403576
0.00397483
0.00397483
0.00391431
0.00391431
0.00385423
0.00385423
0.0037946
0.0037946
0.00373543
0.00373543
0.00367673
0.00367673
0.00361852
0.00361852
0.0035608
0.0035608
0.00350359
0.00350359
0.00344688
0.00344688
0.0033907
0.0033907
0.00333504
0.00333504
0.00327991
0.00327991
0.00322532
0.00322532
0.00317128
0.00317128
0.00311778
0.00311778
0.00306483
0.00306483
0.00301244
0.00301244
0.00296061
0.00296061
0.00290935
0.00290935
0.00285864
0.00285864
0.00280851
0.00280851
0.00275894
0.00275894
0.00270994
0.00270994
0.00266151
0.00266151
0.00261365
0.00261365
0.00256636
0.00256636
0.00251965
0.00251965
0.0024735
0.0024735
0.00242792
0.00242792
0.00238291
0.00238291
0.00233847
0.00233847
0.00229459
0.00229459
0.00225127
0.00225127
0.00220852
0.00220852
0.00216632
0.00216632
0.00212468
0.00212468
0.0020836
0.0020836
0.00204307
0.00204307
0.00200308
0.00200308
0.00196364
0.00196364
0.00192474
0.00192474
0.00188638
0.00188638
0.00184856
0.00184856
0.00181127
0.00181127
0.0017745
0.0017745
0.00173826
0.00173826
0.00170254
0.00170254
0.00166733
0.00166733
0.00163263
0.00163263
0.00159844
0.00159844
0.00156476
0.00156476
0.00153157
0.00153157
0.00149888
0.00149888
0.00146668
0.00146668
0.00143496
0.00143496
0.00140372
0.00140372
0.00137296
0.00137296
0.00134266
0.00134266
0.00131284
0.00131284
0.00128348
0.00128348
0.00125457
0.00125457
0.00122611
0.00122611
0.00119811
0.00119811
0.00117054
0.00117054
0.00114342
0.00114342
0.00111672
0.00111672
0.00109045
0.00109045
0.00106461
0.00106461
0.00103919
0.00103919
0.00101418
0.00101418
0.000989575
0.000989575
0.000965377
0.000965377
0.000941578
0.000941578
0.000918174
0.000918174
0.00089516
0.00089516
0.000872531
0.000872531
0.000850282
0.000850282
0.000828409
0.000828409
0.000806907
0.000806907
0.000785772
0.000785772
0.000764998
0.000764998
0.000744582
0.000744582
0.000724519
0.000724519
0.000704805
0.000704805
0.000685434
0.000685434
0.000666403
0.000666403
0.000647708
0.000647708
0.000629343
0.000629343
0.000611305
0.000611305
0.00059359
0.00059359
0.000576193
0.000576193
0.00055911
0.00055911
0.000542338
0.000542338
0.000525871
0.000525871
0.000509707
0.000509707
0.000493841
0.000493841
0.00047827
0.00047827
0.000462989
0.000462989
0.000447996
0.000447996
0.000433285
0.000433285
0.000418854
0.000418854
0.0004047
0.0004047
0.000390818
0.000390818
0.000377205
0.000377205
0.000363858
0.000363858
0.000350773
0.000350773
0.000337948
0.000337948
0.00032538
0.00032538
0.000313064
0.000313064
0.000300999
0.000300999
0.000289182
0.000289182
0.000277609
0.000277609
0.000266278
0.000266278
0.000255186
0.000255186
0.000244331
0.000244331
0.000233711
0.000233711
0.000223323
0.000223323
0.000213166
0.000213166
0.000203237
0.000203237
0.000193534
0.000193534
0.000184055
0.000184055
0.0001748
0.0001748
0.000165767
0.000165767
0.000156954
0.000156954
0.000148361
0.000148361
0.000139986
0.000139986
0.00013183
0.00013183
0.000123892
0.000123892
0.000116173
0.000116173
0.000108672
0.000108672
0.00010139
0.00010139
9.43287e-05
9.43287e-05
8.74895e-05
8.74895e-05
8.08744e-05
8.08744e-05
7.44861e-05
7.44861e-05
6.83276e-05
6.83276e-05
6.24028e-05
6.24028e-05
5.67162e-05
5.67162e-05
5.12731e-05
5.12731e-05
4.60793e-05
4.60793e-05
4.11415e-05
4.11415e-05
3.64673e-05
3.64673e-05
3.20647e-05
3.20647e-05
2.7942e-05
2.7942e-05
2.4108e-05
2.4108e-05
2.05708e-05
2.05708e-05
1.73379e-05
1.73379e-05
1.44151e-05
1.44151e-05
1.18055e-05
1.18055e-05
9.50886e-06
9.50886e-06
7.52036e-06
7.52036e-06
5.82999e-06
5.82999e-06
4.42214e-06
4.42214e-06
3.27569e-06
3.27569e-06
2.36478e-06
2.36478e-06
1.66003e-06
1.66003e-06
1.1302e-06
1.1302e-06
7.44001e-07
7.44001e-07
4.71765e-07
4.71765e-07
2.86751e-07
2.86751e-07
1.66015e-07
1.66015e-07
9.07681e-08
9.07681e-08
4.63165e-08
4.63165e-08
2.16917e-08
2.16917e-08
9.09855e-09
9.09855e-09
3.29259e-09
3.29259e-09
9.68036e-10
9.68036e-10
2.08958e-10
2.08958e-10
2.86208e-11
2.86208e-11
4.02687e-12
4.02687e-12
3.33023e-12
3.33023e-12
)
;

boundaryField
{
    walls
    {
        type            alphatJayatillekeWallFunction;
        Prt             0.85;
        kappa           0.41;
        E               9.8;
        value           uniform 0;
    }
    inlet
    {
        type            cyclic;
    }
    outlet
    {
        type            cyclic;
    }
    sides
    {
        type            empty;
    }
}


// ************************************************************************* //
