/*--------------------------------*- C++ -*----------------------------------*\
| =========                 |                                                 |
| \\      /  F ield         | OpenFOAM: The Open Source CFD Toolbox           |
|  \\    /   O peration     | Version:  2106                                  |
|   \\  /    A nd           | Website:  www.openfoam.com                      |
|    \\/     M anipulation  |                                                 |
\*---------------------------------------------------------------------------*/
FoamFile
{
    version     2.0;
    format      ascii;
    arch        "LSB;label=32;scalar=64";
    class       volTensorField;
    location    "10050";
    object      grad(U);
}
// * * * * * * * * * * * * * * * * * * * * * * * * * * * * * * * * * * * * * //

dimensions      [0 0 -1 0 0 0 0];

internalField   nonuniform List<tensor> 
800
(
(0 -3.93457e-30 -1.79366e-43 13.3705 -2.1781e-12 1.00281e-45 0.0613706 -5.89458e-15 -9.24999e-28)
(0 5.2461e-30 1.02463e-32 13.3705 2.29963e-16 -6.0001e-17 0.0613706 -8.76678e-18 8.41214e-17)
(0 -1.0001e-26 3.81831e-28 13.3642 -2.65348e-13 4.97866e-14 0.186976 -2.55131e-15 4.78695e-16)
(0 -2.50383e-30 0 13.3642 2.91806e-15 -9.48957e-17 0.186976 1.31097e-17 3.20908e-16)
(-5.97672e-18 0 1.33916e-28 13.3576 6.31089e-30 0 0.275433 0 9.86076e-32)
(4.78138e-17 1.43401e-29 -8.96259e-31 13.3576 2.1034e-15 -9.41765e-17 0.275433 2.28352e-17 3.50826e-16)
(0 -2.28139e-30 0 13.3507 1.32406e-13 -3.45689e-15 0.288395 -4.65434e-15 1.00188e-16)
(0 2.28139e-30 0 13.3507 2.61734e-15 -1.31613e-16 0.288395 3.9552e-17 3.82533e-16)
(3.52023e-17 -2.59562e-30 -4.97087e-32 13.3435 6.70047e-15 4.97588e-15 0.30196 -8.45883e-16 2.71813e-16)
(-7.66211e-17 8.71081e-30 -1.36106e-31 13.3435 2.57955e-15 -1.56648e-16 0.30196 5.68399e-17 4.16152e-16)
(0 -5.87014e-29 -7.79521e-31 13.3359 -1.31035e-14 1.61378e-14 0.316154 -1.51755e-16 4.80626e-16)
(-2.41606e-16 -1.24814e-29 7.79521e-31 13.3359 2.51121e-15 -1.84957e-16 0.316154 5.80892e-17 4.51686e-16)
(-8.02781e-17 7.84378e-30 -5.27105e-31 13.328 -4.48951e-15 2.09918e-14 0.331006 -6.40853e-17 5.3949e-16)
(0 -1.98424e-30 2.4803e-31 13.328 2.35807e-15 -2.08352e-16 0.331006 5.6308e-17 4.89051e-16)
(-1.0109e-16 -2.90284e-33 1.96548e-31 13.3196 -2.6297e-15 2.24256e-14 0.346544 -6.97442e-17 6.02115e-16)
(0 7.57621e-30 -4.73513e-31 13.3196 2.254e-15 -2.1676e-16 0.346544 5.83356e-17 5.28374e-16)
(-1.2288e-16 1.09282e-29 -7.2888e-31 13.3108 -3.14208e-15 2.38469e-14 0.362799 -9.82736e-17 6.69595e-16)
(9.83043e-16 -5.33589e-30 4.51991e-31 13.3108 2.1138e-15 -2.29877e-16 0.362799 5.4153e-17 5.69681e-16)
(4.85767e-16 -1.03547e-29 6.47172e-31 13.3015 -3.85629e-15 2.52822e-14 0.3798 -1.17345e-16 7.42818e-16)
(0 8.62896e-30 -4.31448e-31 13.3015 1.72232e-15 -2.60489e-16 0.3798 4.16591e-17 6.12918e-16)
(0 -6.5894e-30 4.11838e-31 13.2916 -4.01185e-15 2.67499e-14 0.397579 -1.17165e-16 8.22715e-16)
(-6.78328e-16 8.16471e-30 -4.11838e-31 13.2916 1.4638e-15 -2.93666e-16 0.397579 4.39616e-17 6.57884e-16)
(-1.9459e-16 9.75572e-30 -1.07544e-30 13.281 -3.89235e-15 2.82634e-14 0.416164 -1.21293e-16 9.10134e-16)
(5.57055e-16 -4.63852e-30 5.89679e-31 13.281 1.52244e-15 -3.05889e-16 0.416164 4.93973e-17 7.04456e-16)
(0 6.00402e-30 -1.12575e-30 13.2694 -3.44115e-15 2.8704e-14 0.435584 -9.89534e-17 9.31869e-16)
(8.8309e-16 -2.89934e-30 7.50503e-31 13.2694 1.21225e-15 -3.25332e-16 0.435584 2.7874e-17 7.52745e-16)
(-2.48183e-16 1.04994e-29 -9.43023e-31 13.2567 -2.7053e-15 1.99403e-14 0.455863 -8.24858e-17 3.95845e-16)
(0 -2.86556e-30 3.58196e-31 13.2567 4.60067e-16 -3.51628e-16 0.455863 7.73022e-18 8.02002e-16)
(0 8.20596e-30 -3.41915e-31 13.2423 -2.50293e-15 1.14964e-14 0.477018 -9.4013e-17 4.14038e-16)
(0 -5.47064e-30 0 13.2423 2.52567e-16 -3.7266e-16 0.477018 1.01082e-17 8.52292e-16)
(-7.3493e-16 7.83299e-30 -6.52749e-31 13.2258 -2.2891e-15 1.14702e-14 0.499058 -7.43793e-17 4.32455e-16)
(0 -2.611e-30 0 13.2258 3.30202e-16 -4.01515e-16 0.499058 1.43468e-17 9.0336e-16)
(0 7.47696e-30 -6.2308e-31 13.2062 -1.66968e-15 1.14517e-14 0.521976 -5.41745e-17 4.52944e-16)
(0 -4.45717e-30 0 13.2062 0 -4.18996e-16 0.521976 0 9.5437e-16)
(-7.42579e-16 1.33479e-29 -1.44058e-30 13.1824 -1.10842e-15 1.14122e-14 0.545744 -3.51129e-17 4.71349e-16)
(-1.48516e-15 -1.95764e-29 5.9476e-31 13.1824 -1.3774e-16 -4.85337e-16 0.545744 2.78765e-18 1.00487e-15)
(-2.33455e-16 5.84229e-31 -8.46958e-31 13.1528 -1.25154e-16 1.13133e-14 0.570302 -2.65354e-18 4.88514e-16)
(-3.8852e-15 -2.5284e-30 5.67728e-31 13.1528 -1.15822e-15 -5.63648e-16 0.570302 4.56176e-17 1.05309e-15)
(-4.41819e-16 -2.8026e-45 -3.55521e-30 13.1154 9.60284e-31 1.11902e-14 0.595547 0 5.06113e-16)
(0 -1.30062e-29 3.25154e-30 13.1154 -1.68082e-15 -5.63929e-16 0.595547 5.27759e-17 1.09822e-15)
(4.79566e-16 -8.12301e-30 1.87228e-30 13.0673 6.6959e-16 1.10081e-14 0.621322 -2.89241e-17 5.18792e-16)
(-1.91827e-15 6.14937e-30 -1.55188e-30 13.0673 -2.61936e-15 -5.71497e-16 0.621322 1.72341e-16 1.14101e-15)
(5.55947e-16 -5.92537e-30 1.48134e-30 13.005 6.44975e-16 1.07025e-14 0.647394 -3.35061e-17 5.2495e-16)
(2.07624e-15 7.90049e-30 -1.48134e-30 13.005 -2.44805e-15 -5.19124e-16 0.647394 2.60973e-16 1.17922e-15)
(-5.60368e-16 1.91411e-30 -3.56904e-31 12.9242 7.60198e-16 1.03833e-14 0.673446 -2.92868e-17 5.35991e-16)
(6.72441e-15 0 0 12.9242 -1.9259e-15 -4.47362e-16 0.673446 2.6114e-16 1.21418e-15)
(1.01312e-15 -7.19863e-30 1.79966e-30 12.8196 1.5533e-15 9.88975e-15 0.699061 -4.88235e-17 5.22051e-16)
(0 8.99829e-30 -2.24957e-30 12.8196 -2.83757e-15 -6.14851e-16 0.699061 2.4689e-16 1.24197e-15)
(0 0 4.29465e-31 12.6856 3.02372e-15 9.15085e-15 0.72372 -1.19038e-16 5.03437e-16)
(0 0 -4.29465e-31 12.6856 -3.66631e-15 -7.94951e-16 0.72372 2.01114e-16 1.25454e-15)
(6.95641e-16 -3.51348e-30 4.27952e-31 12.5159 4.16446e-15 8.31254e-15 0.746814 -2.2236e-16 4.72146e-16)
(0 1.63978e-30 0 12.5159 -4.09687e-15 -8.05513e-16 0.746814 1.69284e-16 1.25342e-15)
(0 -6.261e-30 1.56525e-30 12.3046 4.86396e-15 7.16282e-15 0.76767 -2.67815e-16 4.0769e-16)
(0 7.82625e-30 -1.56525e-30 12.3046 -5.04878e-15 -7.29544e-16 0.76767 1.35654e-16 1.23976e-15)
(-7.95346e-16 7.82174e-30 -1.9762e-30 12.0468 6.01894e-15 5.93785e-15 0.785603 -3.32157e-16 3.56519e-16)
(3.18138e-15 -2.98822e-30 0 12.0468 -5.51063e-15 -5.85194e-16 0.785603 9.03316e-17 1.21329e-15)
(-2.45362e-15 -6.73563e-30 3.05764e-30 11.7392 6.02893e-15 4.78551e-15 0.79998 -4.4635e-16 2.88122e-16)
(6.7829e-15 8.55719e-30 -4.27859e-30 11.7392 -6.02966e-15 -4.66136e-16 0.79998 5.45637e-17 1.1751e-15)
(-6.30831e-16 -1.82368e-30 -1.48411e-31 11.3808 7.07867e-15 3.52422e-15 0.810296 -3.65923e-16 2.08598e-16)
(0 0 6.80688e-31 11.3808 -6.82678e-15 -5.16418e-16 0.810296 -2.6861e-17 1.12546e-15)
(1.46311e-15 -1.0396e-29 3.8985e-30 10.9739 8.5098e-15 2.23778e-15 0.816233 -6.4191e-16 1.21017e-16)
(6.19564e-15 1.0396e-29 -3.8985e-30 10.9739 -6.8831e-15 -5.04996e-16 0.816233 -1.44381e-16 1.05285e-15)
(1.01378e-15 -4.22513e-30 4.34654e-30 10.5235 8.45723e-15 6.49151e-16 0.817705 -6.18752e-16 2.51972e-17)
(4.0551e-15 2.48087e-30 6.20217e-31 10.5235 -7.19983e-15 -5.02804e-16 0.817705 -2.63124e-16 9.69857e-16)
(0 -4.73622e-30 9.28147e-60 10.0374 8.15524e-15 1.17123e-30 0.814862 -6.96138e-16 7.88861e-31)
(0 4.73622e-30 -1.77608e-30 10.0374 -7.27667e-15 -6.44883e-16 0.814862 -4.14127e-16 8.73882e-16)
(-2.40093e-15 -2.8171e-30 2.25626e-30 9.52512 7.83473e-15 -1.72838e-15 0.808065 -6.2879e-16 1.17037e-16)
(4.51358e-15 6.78143e-30 -3.39071e-30 9.52512 -6.7853e-15 -4.64066e-16 0.808065 -5.5735e-16 7.62709e-16)
(-2.37178e-15 5.5029e-30 -1.11615e-30 8.99721 8.72061e-15 -2.46446e-15 0.797827 -7.08096e-16 1.78918e-16)
(4.74355e-15 -2.15773e-30 0 8.99721 -7.09388e-15 -3.19992e-16 0.797827 -6.91543e-16 6.55749e-16)
(-1.15949e-15 4.11932e-30 -1.02983e-30 8.46397 9.91567e-15 -3.30123e-15 0.784752 -8.52003e-16 2.62977e-16)
(-1.15949e-15 0 -5.14915e-31 8.46397 -6.90765e-15 -5.9694e-16 0.784752 -8.95489e-16 5.44437e-16)
(-3.12751e-15 1.02298e-29 -3.41506e-30 7.9348 1.0238e-14 -3.71044e-15 0.769472 -1.00595e-15 3.56576e-16)
(7.41212e-15 -9.83023e-30 3.44058e-30 7.9348 -5.99981e-15 -5.23871e-16 0.769472 -1.08093e-15 4.18023e-16)
(1.35537e-15 -7.15984e-30 2.38186e-30 7.41763 9.95422e-15 -3.66124e-15 0.752589 -9.99734e-16 3.70698e-16)
(5.42149e-15 5.63006e-30 4.18126e-32 7.41763 -5.76124e-15 8.13513e-31 0.752589 -1.21786e-15 3.01292e-16)
(3.42701e-15 -5.07132e-30 1.83718e-30 6.91865 1.01002e-14 -4.10759e-15 0.734649 -1.04439e-15 3.81005e-16)
(5.64033e-15 3.58278e-30 -1.79139e-30 6.91865 -5.81955e-15 -3.02991e-16 0.734649 -1.3613e-15 1.95129e-16)
(1.46363e-15 3.68733e-30 -8.22076e-31 6.44233 9.64929e-15 -4.72878e-15 0.716116 -1.12935e-15 5.05099e-16)
(0 -3.41993e-30 4.27492e-31 6.44233 -6.00413e-15 -5.43564e-16 0.716116 -1.52316e-15 8.07023e-17)
(1.83775e-15 -1.63225e-30 2.04031e-30 5.99157 9.46963e-15 -4.75275e-15 0.697371 -1.04222e-15 5.61414e-16)
(0 1.63225e-30 -7.32951e-31 5.99157 -5.80494e-15 -7.3738e-17 0.697371 -1.6995e-15 -4.35027e-18)
(-3.13381e-15 5.82866e-30 -2.38725e-30 5.56793 9.04559e-15 -4.22276e-15 0.678711 -1.19605e-15 5.60136e-16)
(0 0 1.16854e-30 5.56793 -5.16837e-15 -3.23594e-16 0.678711 -1.8941e-15 -7.73467e-17)
(1.61654e-15 -1.34952e-30 3.82011e-32 5.17194 7.11685e-15 -3.97577e-15 0.660362 -1.03651e-15 4.82007e-16)
(-8.14066e-15 0 3.83637e-32 5.17194 -4.26511e-15 -8.79448e-16 0.660362 -2.0734e-15 -1.52165e-16)
(1.66485e-15 -1.37289e-30 1.44436e-30 4.80332 6.00673e-15 -4.51102e-15 0.642486 -8.01237e-16 5.49257e-16)
(8.25776e-15 0 -1.24462e-30 4.80332 -4.29997e-15 -1.06199e-16 0.642486 -2.1191e-15 -7.20362e-18)
(1.71183e-15 -1.35599e-30 3.32927e-31 4.46123 6.05268e-15 -5.13733e-15 0.625196 -8.29194e-16 6.77685e-16)
(-6.84731e-15 0 1.48038e-31 4.46123 -5.45317e-15 -4.0606e-16 0.625196 -2.31037e-15 -1.10622e-16)
(0 5.17411e-30 -9.70145e-31 4.14449 6.7708e-15 -5.22736e-15 0.608561 -8.92728e-16 7.85074e-16)
(0 0 3.23382e-31 4.14449 -4.63223e-15 -5.79581e-16 0.608561 -2.53668e-15 -6.08072e-17)
(-1.80196e-15 3.73003e-30 -1.48521e-30 3.85165 7.09854e-15 -5.00389e-15 0.592623 -1.12897e-15 7.71205e-16)
(0 0 6.17367e-31 3.85165 -3.66661e-15 -5.09932e-16 0.592623 -2.66943e-15 -9.91624e-17)
(0 -2.35723e-30 8.8396e-31 3.58118 5.79781e-15 -4.91606e-15 0.577398 -1.08444e-15 7.90245e-16)
(0 2.35723e-30 5.25487e-46 3.58118 -3.83008e-15 8.81306e-31 0.577398 -2.97203e-15 -1.22674e-46)
(-3.77454e-15 9.19384e-30 -2.32225e-30 3.3315 4.93249e-15 -4.29784e-15 0.562884 -8.0383e-16 8.1701e-16)
(7.54908e-15 -6.75026e-30 1.75405e-30 3.3315 -5.166e-15 2.89832e-18 0.562884 -3.20501e-15 -1.20464e-16)
(2.41823e-15 2.14782e-30 -5.36954e-31 3.10104 4.4172e-15 -4.99526e-15 0.549067 -8.86858e-16 6.5059e-16)
(-7.71298e-15 0 4.24092e-31 3.10104 -4.20587e-15 -1.06508e-15 0.549067 -3.52185e-15 -2.64913e-16)
(1.62802e-15 1.74115e-30 -7.49394e-31 2.88831 4.85279e-15 -5.91452e-15 0.535925 -6.9298e-16 1.15277e-15)
(1.0181e-14 -4.10039e-30 0 2.88831 -1.31209e-15 -2.16536e-30 0.535925 -3.54448e-15 -4.07756e-47)
(-2.2034e-15 0 7.33879e-31 2.69187 6.09986e-15 -4.93531e-15 0.52343 -1.1409e-15 1.06766e-15)
(5.82496e-15 1.95701e-30 -9.26047e-31 2.69187 -1.77447e-15 2.08676e-16 0.52343 -3.65169e-15 -1.87604e-16)
(0 5.60419e-30 -1.40105e-30 2.51038 5.71555e-15 -4.72552e-15 0.51155 -1.26314e-15 8.70524e-16)
(0 -5.60419e-30 0 2.51038 -3.28183e-15 6.86302e-31 0.51155 -3.82686e-15 4.93038e-32)
(0 5.34947e-30 -1.28164e-30 2.34259 4.35422e-15 -3.31196e-15 0.50025 -1.08987e-15 9.05418e-16)
(0 -5.34947e-30 1.28164e-30 2.34259 -2.46813e-15 1.10755e-15 0.50025 -4.05852e-15 -2.63188e-16)
(0 1.70211e-30 -2.12764e-31 2.18736 4.45531e-15 -1.31289e-15 0.489495 -7.84161e-16 3.30164e-16)
(6.55691e-15 0 1.06382e-31 2.18736 -2.12995e-15 -9.77538e-17 0.489495 -4.26782e-15 -1.94755e-16)
(2.47813e-15 1.42546e-30 -3.74917e-31 2.04363 5.07813e-15 -1.01681e-15 0.479251 -1.24298e-15 2.62475e-16)
(1.8293e-15 -3.24949e-30 1.18783e-30 2.04363 -3.02125e-15 -5.50951e-16 0.479251 -4.33873e-15 -6.53083e-17)
(-5.68064e-15 -6.77173e-31 8.62098e-31 1.91043 3.91507e-15 -2.13309e-16 0.469483 -1.16295e-15 2.18625e-16)
(1.75066e-14 1.5509e-30 1.75162e-46 1.91043 -1.69993e-15 -1.63149e-31 0.469483 -4.46556e-15 -4.93038e-32)
(2.2222e-15 -2.37479e-30 7.66787e-31 1.78688 3.06693e-15 1.47973e-30 0.460156 -7.72687e-16 0)
(8.88879e-15 1.48041e-30 -5.75046e-31 1.78688 -1.51152e-15 1.04339e-16 0.460156 -4.55402e-15 -3.74373e-17)
(-2.25536e-15 -3.38466e-30 1.09186e-30 1.67218 2.66096e-15 3.15394e-16 0.451239 -8.24481e-16 2.25754e-16)
(3.18206e-15 4.23936e-30 -1.23648e-30 1.67218 -7.70069e-16 -2.89021e-16 0.451239 -4.91192e-15 -1.78461e-16)
(0 -1.34889e-30 1.09547e-30 1.5656 1.73349e-15 5.06813e-16 0.4427 -6.21435e-16 7.23621e-17)
(1.83029e-14 1.34889e-30 -1.05382e-30 1.5656 7.5116e-16 -1.32696e-15 0.4427 -5.02424e-15 -2.68709e-16)
(2.31972e-15 -2.17135e-30 3.28429e-46 1.46647 1.25029e-15 -2.30025e-45 0.43451 -3.62566e-16 0)
(9.27886e-15 0 -4.82844e-31 1.46647 9.32939e-17 -2.24733e-15 0.43451 -4.94741e-15 -5.9762e-16)
(0 -2.45812e-30 3.45673e-31 1.37418 1.08535e-15 -9.92939e-16 0.426639 -3.86037e-16 5.91634e-16)
(9.40383e-15 2.45812e-30 -6.59652e-31 1.37418 -7.24005e-16 -1.9728e-15 0.426639 -5.09283e-15 -4.70186e-16)
(0 0 -6.23261e-31 1.28818 1.10498e-15 4.24984e-16 0.419061 -2.92073e-16 3.03919e-16)
(-1.21683e-14 0 4.35356e-31 1.28818 -3.1003e-17 -1.72006e-15 0.419061 -5.24664e-15 -6.63783e-16)
(2.41171e-15 -9.18615e-31 1.95693e-31 1.20798 2.34404e-15 2.15779e-31 0.411749 -4.36875e-16 9.86076e-32)
(9.64682e-15 0 -7.00649e-46 1.20798 6.17591e-16 -6.40949e-31 0.411749 -5.22641e-15 -9.86076e-32)
(2.44126e-15 -7.87218e-31 -5.77085e-31 1.13311 3.60003e-15 -5.4097e-16 0.40468 -1.1932e-15 3.61617e-16)
(0 2.13795e-30 3.34054e-31 1.13311 2.24562e-16 2.99463e-15 0.40468 -5.10312e-15 -5.76319e-16)
(-1.72581e-16 -1.33703e-30 1.18491e-30 1.06316 3.02525e-15 3.48049e-17 0.397829 -1.40616e-15 4.81731e-17)
(1.97623e-14 6.68701e-31 -1.411e-30 1.06316 1.12084e-15 3.24193e-15 0.397829 -3.96262e-15 -3.84911e-16)
(-2.49882e-15 7.35559e-31 1.81412e-31 0.997759 2.81262e-15 2.69589e-31 0.391173 -8.65259e-16 0)
(-1.21885e-14 7.90956e-31 -6.69631e-31 0.997759 1.05242e-15 2.27287e-15 0.391173 -3.89234e-15 -1.10737e-16)
(0 -1.85948e-30 1.74326e-31 0.936548 3.08258e-15 2.44341e-16 0.384691 -1.37108e-15 2.96727e-16)
(0 0 -2.32435e-31 0.936548 -1.06679e-16 2.45531e-15 0.384691 -2.54063e-15 1.58822e-16)
(-5.10886e-15 -5.63573e-31 1.10935e-31 0.879217 1.18134e-15 1.55182e-15 0.37836 -1.17863e-15 9.08177e-16)
(0 1.77496e-30 0 0.879217 -1.48627e-15 1.76755e-15 0.37836 -1.2512e-15 4.71925e-16)
(-2.58155e-15 7.00649e-45 -4.62507e-31 0.825474 6.29783e-30 1.81207e-15 0.372162 -7.88861e-31 5.67962e-16)
(-1.03262e-14 2.55548e-30 4.23572e-31 0.825474 -2.02538e-15 7.98738e-16 0.372162 -6.2352e-16 9.65374e-16)
(0 -1.61728e-30 1.90401e-32 0.775055 1.38033e-15 -1.5402e-30 0.366074 -9.01711e-16 1.97215e-31)
(0 -6.5248e-45 0 0.775055 5.86277e-30 1.09149e-15 0.366074 -7.88861e-31 1.03177e-15)
(-5.2689e-15 -4.75625e-31 -2.88982e-31 0.727716 1.58853e-16 1.12604e-15 0.360076 -1.26052e-15 1.42115e-15)
(0 1.54377e-30 1.92971e-31 0.727716 1.3542e-16 2.38668e-15 0.360076 -4.53769e-16 1.00296e-15)
(5.97852e-15 -3.44004e-30 3.68401e-31 0.683233 -2.36152e-15 2.9377e-15 0.354148 -1.80614e-15 1.30844e-15)
(-3.31826e-15 0 -3.68401e-31 0.683233 -1.70486e-15 3.1031e-15 0.354148 -1.47193e-15 1.17934e-15)
(-2.20385e-15 -1.18056e-30 6.62883e-31 0.641398 -1.69174e-15 2.55861e-15 0.348269 -5.74355e-16 1.1346e-15)
(1.07426e-14 -3.2475e-30 2.89511e-31 0.641398 -2.08342e-15 2.58416e-15 0.348269 -7.94388e-16 9.4933e-16)
(2.71062e-15 -6.23037e-31 1.72971e-31 0.602023 -1.98597e-15 1.5474e-15 0.342417 -2.32791e-15 6.29293e-16)
(2.1685e-14 0 2.4535e-32 0.602023 -3.1885e-46 -7.74843e-16 0.342417 -7.88861e-31 1.20289e-15)
(5.77211e-15 -1.10056e-30 1.9516e-31 0.564928 -3.40196e-30 -5.91646e-31 0.33657 0 0)
(1.09408e-14 -2.7035e-30 0 0.564928 1.41011e-15 -3.29356e-15 0.33657 -1.89637e-15 1.04575e-15)
(-2.75936e-15 6.20784e-31 -6.11706e-31 0.529951 5.76837e-16 -2.10845e-15 0.330705 -2.33477e-15 5.195e-16)
(0 2.44682e-30 0 0.529951 1.34287e-15 1.42916e-15 0.330705 -7.58935e-16 -2.41166e-16)
(2.62967e-15 0 0 0.496939 3.02995e-30 -3.96856e-16 0.324794 2.77387e-46 -6.54053e-17)
(2.22651e-14 -1.32928e-30 -1.71347e-32 0.496939 1.75528e-15 -3.9443e-31 0.324794 -2.9591e-15 -1.23469e-16)
(-2.8065e-15 6.34409e-31 6.79615e-32 0.465749 2.41045e-15 4.33067e-16 0.318811 -2.19226e-15 -5.84612e-17)
(1.1226e-14 -2.24447e-30 -5.57364e-31 0.465749 6.97169e-16 8.2561e-16 0.318811 -2.15683e-15 -2.57467e-16)
(-2.82947e-15 7.66067e-31 0 0.436247 1.62976e-15 6.61519e-16 0.312725 -1.11433e-15 -5.35166e-16)
(-1.611e-14 3.74653e-30 -2.04355e-30 0.436247 3.54943e-16 1.97215e-31 0.312725 -5.72877e-16 0)
(0 1.0157e-30 -5.07849e-31 0.408306 1.8446e-15 1.72599e-15 0.306502 -1.24866e-15 -2.29069e-16)
(1.14081e-14 -3.34101e-30 0 0.408306 1.5517e-15 -1.07491e-16 0.306502 -1.01817e-15 -5.73629e-16)
(0 0 1.37409e-30 0.381808 1.47833e-15 1.59512e-17 0.300103 -1.55663e-15 6.33725e-18)
(0 9.69533e-31 -9.69533e-31 0.381808 1.94556e-15 1.771e-15 0.300103 -1.3432e-15 -1.43596e-15)
(-2.89593e-15 8.83845e-31 0 0.356637 9.03362e-16 8.16649e-16 0.293484 -7.74484e-16 -5.7237e-17)
(-1.57516e-14 2.14397e-30 -1.42547e-30 0.356637 5.46195e-16 1.97215e-31 0.293484 -1.75826e-15 -1.22203e-16)
(0 8.83403e-31 -8.83403e-31 0.332685 1.47137e-15 1.43394e-15 0.286593 -7.28387e-16 9.02065e-17)
(-1.1669e-14 1.88996e-30 8.83403e-31 0.332685 -6.39174e-16 2.53061e-17 0.286593 -1.37948e-15 5.41854e-17)
(1.05335e-14 -4.11427e-31 -1.57646e-45 0.309844 8.72792e-16 -3.6471e-31 0.27937 -2.63204e-15 1.75387e-46)
(-1.93479e-14 3.70485e-30 1.6865e-30 0.309844 1.48225e-29 4.94634e-16 0.27937 0 -1.97404e-16)
(6.58363e-15 -6.35037e-31 1.60985e-30 0.288009 -2.88457e-17 -8.21802e-16 0.271745 -8.1562e-16 -4.62832e-16)
(1.18343e-14 -3.35124e-30 9.35785e-31 0.288009 1.58485e-15 -7.89302e-17 0.271745 -1.49609e-15 -9.54246e-16)
(5.95713e-15 -2.08107e-30 1.53668e-30 0.267076 5.56632e-16 1.13565e-15 0.263633 -2.79053e-16 3.62722e-16)
(0 0 0 0.267076 6.42961e-16 6.20971e-16 0.263633 -1.53853e-15 -1.11013e-15)
(9.60409e-15 3.7526e-31 4.80789e-31 0.246939 -1.30436e-29 -2.55065e-16 0.254929 -2.70403e-15 1.33959e-16)
(-6.60603e-15 0 0 0.246939 -2.42264e-29 6.10438e-31 0.254929 -7.88861e-31 2.46519e-32)
(0 -1.40016e-30 0 0.227488 -1.66527e-15 1.52015e-16 0.245508 -9.19406e-16 -5.53166e-16)
(0 0 7.00082e-31 0.227488 3.14893e-16 -1.04241e-15 0.245508 -2.48836e-15 5.97539e-17)
(0 1.14906e-43 1.42795e-31 0.208604 -2.58673e-29 0 0.235211 0 -2.15857e-16)
(0 0 0 0.208604 -1.2687e-15 7.36096e-16 0.235211 -2.1979e-15 7.12633e-18)
(2.87279e-15 0 0 0.190163 -5.42809e-16 -8.94043e-16 0.22384 -4.04191e-15 1.40421e-16)
(-2.87279e-15 -1.27578e-30 0 0.190163 -2.25694e-15 2.6633e-15 0.22384 -3.77162e-15 -1.7625e-17)
(0 0 1.21779e-30 0.172019 -1.42653e-15 -5.63827e-16 0.211141 -2.81694e-15 9.94668e-16)
(0 4.51899e-31 -4.23171e-46 0.172019 1.67633e-30 -2.85025e-31 0.211141 0 0)
(6.17472e-15 -7.2228e-31 0 0.15401 5.45478e-16 -1.59273e-15 0.196788 -5.38754e-16 -8.13457e-16)
(1.23494e-14 -2.29179e-30 0 0.15401 2.60008e-15 -3.17224e-15 0.196788 -2.61709e-15 3.99561e-16)
(0 1.06213e-30 0 0.135944 1.31938e-15 4.35604e-16 0.180359 -9.16016e-16 3.35206e-16)
(0 5.98811e-31 0 0.135944 0 -1.76944e-15 0.180359 -4.31489e-15 -3.82448e-17)
(-3.11845e-15 4.3941e-31 0 0.117592 2.61285e-16 -1.41748e-31 0.161311 -3.12929e-15 -9.86076e-32)
(1.24738e-14 -1.52581e-30 -5.29586e-31 0.117592 -4.42531e-16 -1.24017e-15 0.161311 -3.27856e-15 6.55977e-16)
(-3.13275e-15 4.91031e-31 5.05515e-31 0.0986894 -1.59509e-15 -1.77132e-15 0.138961 -2.83053e-15 -2.54124e-16)
(0 -1.01103e-30 0 0.0986894 -1.70521e-15 -2.06926e-16 0.138961 -1.88631e-15 5.74984e-17)
(4.34633e-15 -1.9776e-32 0 0.0789429 -1.19083e-16 3.15111e-15 0.112488 -9.50579e-17 6.0123e-17)
(2.51685e-14 1.44334e-43 -7.70714e-45 0.0789429 3.22714e-29 -1.73547e-30 0.112488 0 0)
(-3.15824e-15 7.14422e-31 -3.36312e-44 0.0580617 2.08101e-16 -7.54331e-30 0.0809985 -2.3901e-15 1.90312e-45)
(1.2633e-14 -2.14529e-30 -1.84243e-30 0.0580617 1.60232e-15 1.96701e-15 0.0809985 -2.65918e-15 -8.77437e-16)
(-7.92042e-15 1.74345e-30 -1.75869e-30 0.0358264 1.01123e-15 -2.52197e-16 0.0436805 -8.85915e-16 6.14126e-16)
(0 -8.79343e-31 0 0.0358264 9.11405e-16 3.29724e-15 0.0436805 -3.37572e-15 5.37552e-16)
(-3.77837e-15 0 0 1.16806e-11 1.90538e-15 8.5722e-16 1.07185e-11 -4.14375e-15 1.29025e-16)
(0 0 0 1.16902e-11 9.6199e-16 1.62424e-15 1.07292e-11 -1.2702e-15 7.70785e-17)
(0 -1.28079e-33 -7.1724e-32 13.3705 5.37123e-16 3.81047e-15 -0.0613706 5.89458e-15 1.81039e-17)
(0 1.28079e-33 -2.95601e-28 13.3705 1.87801e-16 3.87024e-14 -0.0613706 8.76678e-18 -8.41214e-17)
(0 -1.22257e-33 1.56489e-31 13.3642 1.47282e-15 1.54999e-14 -0.186976 1.4286e-14 -6.90563e-16)
(0 0 9.08718e-28 13.3642 3.98092e-16 1.25895e-14 -0.186976 -1.31097e-17 -1.21047e-16)
(1.19534e-17 0 1.49377e-31 13.3576 1.35368e-15 -4.89123e-15 -0.275433 1.49185e-14 -8.51342e-16)
(0 0 -1.49377e-31 13.3576 5.05592e-16 6.20805e-15 -0.275433 -2.28352e-17 -1.29272e-16)
(0 0 0 13.3507 1.60422e-15 -1.75533e-14 -0.288395 1.37466e-14 -7.32791e-16)
(-8.02694e-17 0 -7.12936e-32 13.3507 6.03874e-16 6.31805e-15 -0.288395 -3.9552e-17 -1.37603e-16)
(4.14188e-17 -8.50665e-33 6.80532e-32 13.3435 1.66107e-15 -1.27858e-14 -0.30196 1.35265e-14 -6.30002e-16)
(-1.65675e-16 0 -2.86097e-31 13.3435 5.7946e-16 6.4081e-15 -0.30196 -5.68399e-17 -1.45953e-16)
(0 -2.436e-32 3.8976e-31 13.3359 1.68479e-15 -2.16228e-15 -0.316154 1.36624e-14 -6.49293e-16)
(-2.41606e-16 2.436e-32 -5.5488e-31 13.3359 6.0592e-16 6.47586e-15 -0.316154 -7.44826e-17 -1.54233e-16)
(0 0 0 13.328 1.60469e-15 -1.02808e-15 -0.331006 1.36906e-14 -7.63189e-16)
(-1.39629e-16 0 -6.20075e-32 13.328 7.24432e-16 6.52542e-15 -0.331006 -9.29594e-17 -1.62645e-16)
(0 -1.47973e-32 2.36757e-31 13.3196 1.45982e-15 -9.65934e-16 -0.346544 1.36969e-14 -8.9185e-16)
(-4.0436e-16 0 -3.76005e-31 13.3196 9.25026e-16 6.55676e-15 -0.346544 -1.11892e-16 -1.70902e-16)
(2.45761e-16 -7.06237e-32 5.64989e-31 13.3108 1.27498e-15 -9.04763e-16 -0.362799 1.37055e-14 -1.03632e-15)
(-2.54449e-16 5.64989e-32 -7.34486e-31 13.3108 1.16898e-15 6.57571e-15 -0.362799 -1.33426e-16 -1.79537e-16)
(3.88579e-16 -4.04482e-32 4.31448e-31 13.3015 1.15542e-15 -8.45454e-16 -0.3798 1.3722e-14 -1.19773e-15)
(-8.25664e-16 4.04482e-32 -7.75273e-31 13.3015 1.17454e-15 6.5806e-15 -0.3798 -1.5562e-16 -1.87844e-16)
(0 2.57399e-32 -2.05919e-31 13.2916 1.12098e-15 -7.79765e-16 -0.397579 1.37433e-14 -1.37763e-15)
(-6.78328e-16 -2.57399e-32 5.2205e-32 13.2916 9.9516e-16 6.55489e-15 -0.397579 -1.73742e-16 -1.95503e-16)
(0 -2.45699e-32 6.87958e-31 13.281 1.32093e-15 -7.00136e-16 -0.416164 1.37642e-14 -1.57772e-15)
(-7.78361e-16 7.37098e-32 -1.16306e-30 13.281 1.02586e-15 6.4994e-15 -0.416164 -1.91547e-16 -2.0268e-16)
(-2.20772e-16 0 5.62877e-31 13.2694 1.63684e-15 -5.82739e-16 -0.435584 1.37826e-14 -1.80013e-15)
(8.8309e-16 0 -7.309e-32 13.2694 1.01695e-15 6.40586e-15 -0.435584 -2.12837e-16 -2.0842e-16)
(1.55109e-16 -4.47744e-32 8.95489e-31 13.2567 1.50378e-15 -4.26449e-16 -0.455863 1.3793e-14 -2.0289e-15)
(-1.39602e-15 4.47744e-32 -1.22222e-30 13.2567 7.7833e-16 6.27481e-15 -0.455863 -2.27138e-16 -2.13423e-16)
(0 -8.54787e-32 7.69309e-31 13.2423 1.06032e-15 -2.88735e-16 -0.477018 1.38028e-14 -2.12493e-15)
(-1.10752e-15 8.54787e-32 -1.12125e-30 13.2423 9.13456e-16 6.12986e-15 -0.477018 -2.34778e-16 -2.18291e-16)
(6.1384e-16 0 0 13.2258 7.73169e-16 -1.6696e-16 -0.499058 1.38185e-14 -2.22631e-15)
(0 0 0 13.2258 1.40636e-15 5.93707e-15 -0.499058 -2.47788e-16 -2.19673e-16)
(-3.38368e-16 0 1.42889e-31 13.2062 5.27441e-16 -3.08149e-33 -0.521976 1.38307e-14 -2.3335e-15)
(1.35347e-15 6.87816e-34 7.19889e-31 13.2062 1.55549e-15 5.67389e-15 -0.521976 -2.65705e-16 -2.18753e-16)
(5.96703e-16 3.71725e-32 1.19588e-30 13.1824 4.62423e-16 1.13207e-16 -0.545744 1.38405e-14 -2.44731e-15)
(-2.1548e-15 -4.19687e-32 -1.18161e-30 13.1824 1.12868e-15 5.36577e-15 -0.545744 -2.05098e-16 -2.15553e-16)
(4.0575e-16 3.5483e-32 0 13.1528 5.09559e-16 3.2859e-16 -0.570302 1.38436e-14 -2.56736e-15)
(0 0 2.83864e-31 13.1528 1.15604e-15 4.96996e-15 -0.570302 -1.26506e-16 -2.05714e-16)
(4.41819e-16 1.20021e-30 8.12885e-31 13.1154 5.66015e-17 5.15562e-16 -0.595547 1.38391e-14 -2.6943e-15)
(0 0 -1.08385e-30 13.1154 1.66667e-15 4.52447e-15 -0.595547 -8.26368e-17 -1.96047e-16)
(1.06199e-15 0 -3.87969e-31 13.0673 -8.41121e-17 6.5459e-16 -0.621322 1.38316e-14 -2.82751e-15)
(-1.91827e-15 -1.07729e-31 -1.54786e-32 13.0673 1.77943e-15 4.05729e-15 -0.621322 -8.29962e-17 -1.81251e-16)
(5.19061e-16 0 0 13.005 -2.45381e-16 7.90166e-16 -0.647394 1.38256e-14 -2.9658e-15)
(0 -6.17226e-32 -2.4689e-31 13.005 1.77933e-15 3.52402e-15 -0.647394 -9.0684e-17 -1.61924e-16)
(1.12074e-15 0 -4.71337e-31 12.9242 1.73312e-16 9.52143e-16 -0.673446 1.38219e-14 -3.10776e-15)
(0 0 4.71337e-31 12.9242 1.38756e-15 2.91107e-15 -0.673446 -5.01152e-17 -1.34818e-16)
(0 0 -2.24957e-31 12.8196 6.39785e-16 1.22463e-15 -0.699061 1.38013e-14 -3.25542e-15)
(1.01312e-15 1.67996e-30 4.49914e-31 12.8196 5.82228e-16 2.13658e-15 -0.699061 -1.5577e-17 -9.2856e-17)
(0 0 0 12.6856 -2.5841e-16 1.56782e-15 -0.72372 1.37628e-14 -3.40516e-15)
(-1.93414e-15 0 -4.29465e-31 12.6856 8.85868e-16 1.2145e-15 -0.72372 -8.53624e-17 -4.21243e-17)
(0 0 8.19891e-31 12.5159 -1.44085e-15 1.733e-15 -0.746814 1.37238e-14 -3.55587e-15)
(-9.23115e-16 -5.12432e-32 2.8026e-45 12.5159 1.86894e-15 4.93038e-32 -0.746814 -1.35307e-16 -5.90274e-30)
(7.44567e-16 0 -5.86969e-31 12.3046 -1.79231e-15 1.77175e-15 -0.76767 1.36828e-14 -3.69997e-15)
(0 0 1.32565e-29 12.3046 2.49097e-15 -2.14105e-16 -0.76767 -1.35654e-16 -6.58603e-18)
(0 1.40073e-31 3.73527e-31 12.0468 -2.58355e-15 1.756e-15 -0.785603 1.3629e-14 -3.83038e-15)
(2.34028e-15 -1.40073e-31 2.64296e-31 12.0468 2.98738e-15 -1.41292e-15 -0.785603 -9.03316e-17 -6.42921e-17)
(7.57893e-16 2.67412e-31 8.91374e-31 11.7392 -2.41683e-15 1.55803e-15 -0.79998 1.3572e-14 -3.9476e-15)
(-1.60576e-15 -2.67412e-31 -8.91374e-31 11.7392 2.58975e-15 -2.12754e-15 -0.79998 -5.45637e-17 -1.19111e-16)
(1.80388e-15 -2.55258e-31 -6.80688e-31 11.3808 -2.04377e-16 1.47787e-15 -0.810296 1.35069e-14 -4.04406e-15)
(3.60777e-15 5.6423e-30 1.21143e-30 11.3808 1.05381e-15 -2.92497e-15 -0.810296 2.6861e-17 -1.69359e-16)
(1.91469e-15 0 0 10.9739 1.37879e-16 1.59552e-15 -0.816233 1.33262e-14 -4.12413e-15)
(0 0 0 10.9739 5.07237e-16 -3.68824e-15 -0.816233 1.44381e-16 -2.46222e-16)
(0 2.32581e-31 7.75271e-31 10.5235 -1.2738e-15 1.52549e-15 -0.817705 1.31875e-14 -4.18566e-15)
(0 2.38642e-30 -9.30326e-31 10.5235 8.11801e-17 -4.10027e-15 -0.817705 2.63124e-16 -3.01686e-16)
(0 -1.48007e-31 0 10.0374 -1.24248e-15 1.39672e-15 -0.814862 1.30474e-14 -4.21982e-15)
(0 2.96014e-31 2.96014e-31 10.0374 3.6652e-17 -4.44057e-15 -0.814862 4.14127e-16 -3.35725e-16)
(1.1284e-15 -2.82559e-31 -2.82559e-31 9.52512 -1.09983e-15 1.28011e-15 -0.808065 1.29063e-14 -4.21952e-15)
(0 2.82559e-31 2.82559e-31 9.52512 2.68274e-16 -4.6587e-15 -0.808065 5.5735e-16 -3.87769e-16)
(-1.2147e-15 4.72004e-31 5.39433e-31 8.99721 -1.20676e-15 1.03485e-15 -0.797827 1.27603e-14 -4.20028e-15)
(1.2147e-15 2.8026e-45 -5.39433e-31 8.99721 -8.60175e-30 -4.5686e-15 -0.797827 6.91543e-16 -4.06511e-16)
(1.24306e-15 0 0 8.46397 2.74831e-17 7.89695e-16 -0.784752 1.257e-14 -4.15511e-15)
(0 -6.43644e-32 -2.57458e-31 8.46397 -1.43002e-15 -4.48021e-15 -0.784752 8.95489e-16 -4.09111e-16)
(-9.13935e-16 3.07195e-31 0 7.9348 9.32313e-16 7.63979e-16 -0.769472 1.22934e-14 -4.08221e-15)
(5.19854e-15 -3.68634e-31 -2.45756e-31 7.9348 -6.04938e-16 -4.44166e-15 -0.769472 1.08093e-15 -4.18023e-16)
(1.35537e-15 -1.75939e-31 -3.51879e-31 7.41763 2.46217e-16 8.52881e-16 -0.752589 1.2023e-14 -4.01083e-15)
(1.19557e-15 1.17293e-31 2.34586e-31 7.41763 3.0005e-16 -4.2233e-15 -0.752589 1.21786e-15 -3.01292e-16)
(2.82017e-15 5.59809e-32 0 6.91865 -8.17833e-16 6.24833e-16 -0.734649 1.17705e-14 -3.93808e-15)
(0 3.50325e-46 -2.23923e-31 6.91865 8.372e-46 -3.79703e-15 -0.734649 1.3613e-15 -1.95129e-16)
(2.92726e-15 0 0 6.44233 -1.08312e-15 1.38997e-16 -0.716116 1.15242e-14 -3.82262e-15)
(0 -5.34365e-32 0 6.44233 4.6868e-18 -3.37058e-15 -0.716116 1.52316e-15 -8.07023e-17)
(-3.21822e-16 2.04031e-31 -1.02015e-31 5.99157 -9.26733e-17 8.6761e-17 -0.697371 1.12883e-14 -3.67895e-15)
(6.06369e-15 9.43411e-31 0 5.99157 -1.59744e-29 -3.12928e-15 -0.697371 1.6995e-15 2.50946e-17)
(1.5669e-15 0 0 5.56793 -4.68802e-16 2.91612e-16 -0.678711 1.0969e-14 -3.54763e-15)
(0 0 0 5.56793 -8.87077e-16 -2.84721e-15 -0.678711 1.8941e-15 1.18737e-16)
(-3.23309e-15 0 0 5.17194 -2.8179e-15 -6.99743e-17 -0.660362 1.07608e-14 -3.43645e-15)
(-1.67449e-15 -4.64763e-32 0 5.17194 7.4207e-16 -2.40006e-15 -0.660362 2.0734e-15 2.21274e-16)
(4.8616e-15 -1.55274e-31 1.33092e-31 4.80332 -3.64698e-15 -7.73597e-16 -0.642486 1.06939e-14 -3.28473e-15)
(6.65939e-15 1.17634e-30 -1.33092e-31 4.80332 0 -1.72237e-15 -0.642486 2.1191e-15 3.31253e-16)
(0 2.46476e-31 -1.27042e-31 4.46123 -2.62178e-15 -1.26018e-15 -0.625196 1.06001e-14 -3.07668e-15)
(-9.89877e-15 -1.84939e-31 6.35212e-32 4.46123 -4.11683e-16 -1.091e-15 -0.625196 2.31037e-15 3.77303e-16)
(1.75752e-15 -3.13276e-31 1.21268e-31 4.14449 -1.58757e-15 -1.49582e-15 -0.608561 1.04488e-14 -2.8292e-15)
(7.03007e-15 3.13276e-31 -1.21268e-31 4.14449 -2.20124e-16 -6.65055e-16 -0.608561 2.53668e-15 4.37976e-16)
(1.80196e-15 4.2444e-31 -1.54342e-31 3.85165 1.08357e-16 -1.58455e-15 -0.592623 1.02123e-14 -2.57604e-15)
(-7.20783e-15 1.07277e-29 1.54342e-31 3.85165 -2.98093e-16 -4.7707e-16 -0.592623 2.66943e-15 4.69277e-16)
(1.84519e-15 -2.94653e-31 1.01287e-31 3.58118 1.61528e-15 -1.03889e-15 -0.577398 9.88463e-15 -2.31519e-15)
(0 2.94653e-31 -1.01287e-31 3.58118 -2.745e-15 -5.1779e-16 -0.577398 2.97203e-15 5.15294e-16)
(-3.77454e-15 5.27364e-31 -1.75788e-31 3.3315 1.24419e-15 -2.93734e-17 -0.562884 9.60776e-15 -2.09034e-15)
(-2.53337e-15 -4.92207e-31 1.93367e-31 3.3315 -1.23478e-15 -3.40372e-16 -0.562884 3.20501e-15 5.0738e-16)
(-2.41823e-15 4.02716e-31 -2.01358e-31 3.10104 2.30484e-16 4.99356e-16 -0.549067 9.35654e-15 -1.9467e-15)
(0 -3.69156e-31 2.18138e-31 3.10104 3.4378e-16 8.06687e-16 -0.549067 3.52185e-15 5.45245e-16)
(-1.96817e-15 -1.28137e-31 3.20343e-32 2.88831 -3.74678e-16 4.95597e-16 -0.535925 9.19304e-15 -1.68444e-15)
(0 5.14725e-31 -6.20665e-32 2.88831 -6.16298e-33 2.65183e-15 -0.535925 3.54448e-15 5.29298e-16)
(0 4.89253e-31 -6.11566e-32 2.69187 -3.54547e-16 3.71792e-16 -0.52343 8.93364e-15 -1.43802e-15)
(-8.02836e-15 -4.89253e-31 3.24643e-31 2.69187 -1.07877e-15 1.6445e-15 -0.52343 3.65169e-15 3.13444e-16)
(0 1.75131e-31 -5.83769e-32 2.51038 -6.09443e-16 -4.11335e-16 -0.51155 8.62653e-15 -1.23637e-15)
(8.18024e-15 -1.16754e-31 0 2.51038 -6.51529e-16 5.24159e-17 -0.51155 3.82686e-15 3.48153e-16)
(-4.16425e-15 2.22894e-31 0 2.34259 -7.06391e-16 -9.35538e-16 -0.50025 8.4093e-15 -9.05418e-16)
(-8.32849e-15 -2.22894e-31 0 2.34259 -9.54305e-16 3.16275e-16 -0.50025 4.05852e-15 2.63188e-16)
(-5.95114e-15 4.25527e-31 2.79721e-31 2.18736 7.4929e-16 2.46519e-32 -0.489495 8.2335e-15 -7.82451e-16)
(0 -3.19145e-31 -1.0811e-31 2.18736 -3.74905e-16 -9.55465e-31 -0.489495 4.26782e-15 1.94755e-16)
(4.30743e-15 5.07733e-32 0 2.04363 1.46959e-15 -1.57218e-16 -0.479251 7.81476e-15 -7.40995e-16)
(6.78556e-15 -5.07733e-32 0 2.04363 1.36409e-15 -2.05246e-16 -0.479251 4.33873e-15 2.9944e-16)
(2.18833e-15 1.45397e-31 1.62025e-45 1.91043 9.16638e-16 2.90892e-30 -0.469483 7.45881e-15 -6.41945e-16)
(0 0 0 1.91043 -1.21665e-47 -5.64631e-46 -0.469483 4.46556e-15 2.93903e-16)
(4.44439e-15 -1.38788e-31 0 1.78688 5.89655e-16 -2.09997e-16 -0.460156 7.21741e-15 -6.88895e-16)
(8.88879e-15 2.61288e-30 0 1.78688 -1.58146e-15 -6.26867e-17 -0.460156 4.55402e-15 3.23292e-16)
(-2.25536e-15 0 -7.01048e-31 1.67218 4.47611e-16 5.14383e-30 -0.451239 6.98328e-15 -6.31448e-16)
(-9.02146e-15 0 8.832e-32 1.67218 -2.72199e-15 6.92603e-16 -0.451239 4.91192e-15 2.86956e-16)
(0 -7.00649e-46 -4.21529e-32 1.5656 -2.64145e-29 2.46243e-15 -0.4427 6.79481e-15 -8.03421e-16)
(1.83029e-14 -2.52917e-31 1.49163e-31 1.5656 -1.0305e-15 -1.08468e-30 -0.4427 5.02424e-15 2.68709e-16)
(2.31972e-15 0 1.20711e-31 1.46647 -7.1203e-16 4.54495e-16 -0.43451 6.73079e-15 -1.06043e-15)
(9.27886e-15 0 -1.20711e-31 1.46647 -5.17347e-16 -1.50865e-15 -0.43451 4.94741e-15 5.9762e-16)
(2.7676e-15 -1.53633e-31 1.05622e-31 1.37418 -3.2105e-15 -1.45557e-15 -0.426639 6.95518e-15 -7.31827e-16)
(0 0 -1.05622e-31 1.37418 -1.18434e-15 7.2017e-16 -0.426639 5.09283e-15 8.28231e-16)
(7.40503e-15 0 3.66624e-32 1.28818 -1.73603e-15 -5.9801e-16 -0.419061 7.06105e-15 -6.8326e-16)
(0 -1.4665e-31 0 1.28818 -8.07349e-16 1.81788e-15 -0.419061 5.24664e-15 7.87599e-16)
(2.52173e-15 0 3.49961e-32 1.20798 -1.23328e-15 -7.68584e-16 -0.411749 7.0562e-15 -7.05059e-16)
(-2.52173e-15 2.79968e-31 -4.51708e-31 1.20798 2.02997e-16 -2.66241e-30 -0.411749 5.22641e-15 8.13724e-16)
(7.28963e-15 0 -1.33622e-31 1.13311 -4.11941e-16 -1.39407e-15 -0.40468 6.8657e-15 -5.3609e-16)
(7.35792e-15 2.54385e-31 3.43361e-30 1.13311 -1.57279e-29 -9.83115e-17 -0.40468 5.10312e-15 6.74073e-16)
(0 2.55097e-31 2.18953e-47 1.06316 6.93907e-16 2.47813e-46 -0.397829 6.47721e-15 -3.56175e-16)
(-9.88116e-15 0 -7.97178e-32 1.06316 -2.25218e-15 -2.55439e-16 -0.397829 5.19848e-15 3.84911e-16)
(-6.88537e-15 2.43502e-31 -3.04378e-32 0.997759 6.80894e-16 3.85809e-15 -0.391173 6.16552e-15 -6.53607e-16)
(-9.99527e-15 2.43502e-31 -3.04378e-32 0.997759 -1.20607e-15 4.77511e-16 -0.391173 5.3172e-15 1.10737e-16)
(-2.52686e-15 3.21122e-30 -1.4013e-45 0.936548 -1.55021e-29 -2.09388e-45 -0.384691 5.78482e-15 -2.83911e-30)
(0 0 0 0.936548 1.11201e-15 3.52588e-16 -0.384691 5.22393e-15 -1.58822e-16)
(0 -2.2187e-31 1.10935e-31 0.879217 -6.24359e-16 -2.79231e-15 -0.37836 5.54312e-15 -9.08177e-16)
(-1.02177e-14 0 -5.30652e-30 0.879217 1.49691e-15 8.92521e-16 -0.37836 5.10843e-15 -4.71925e-16)
(0 2.11786e-31 0 0.825474 -6.93639e-16 0 -0.372162 5.67258e-15 -8.48522e-16)
(0 0 7.89982e-30 0.825474 1.1655e-15 2.47702e-17 -0.372162 5.22707e-15 -5.63136e-18)
(-3.64179e-15 6.0648e-31 0 0.775055 9.41663e-16 3.52698e-15 -0.366074 5.61945e-15 -1.38729e-15)
(0 -1.4013e-44 0 0.775055 -1.26218e-29 -1.97215e-31 -0.366074 5.30292e-15 5.54443e-30)
(2.63445e-15 5.3516e-31 -2.86645e-32 0.727716 0 -1.36391e-15 -0.360076 5.10892e-15 -5.83114e-16)
(0 3.85943e-31 1.92971e-31 0.727716 -3.09539e-15 -1.81436e-15 -0.360076 5.59816e-15 -1.00296e-15)
(5.32051e-15 0 -2.30251e-32 0.683233 -1.16672e-15 -4.83835e-15 -0.354148 5.3574e-15 -1.30844e-15)
(0 -3.68401e-31 4.60501e-32 0.683233 -2.2848e-15 -1.32326e-15 -0.354148 6.04499e-15 -1.17934e-15)
(0 -7.03313e-31 5.78036e-45 0.641398 -3.70253e-15 2.5638e-30 -0.348269 6.45677e-15 -1.28027e-15)
(0 0 2.63743e-31 0.641398 -1.29207e-15 -2.37182e-15 -0.348269 6.64457e-15 -1.47087e-15)
(-3.02348e-15 6.71347e-31 -3.35673e-31 0.602023 -1.1754e-15 -1.02184e-15 -0.342417 6.81737e-15 -1.87568e-15)
(0 0 -6.80007e-31 0.602023 -5.52004e-16 -2.36658e-30 -0.342417 6.96278e-15 -1.22499e-15)
(2.7352e-15 0 0 0.564928 2.97278e-17 -3.80084e-15 -0.33657 7.36811e-15 -1.40627e-15)
(-2.88606e-15 4.74694e-31 0 0.564928 -4.90094e-16 -1.49922e-15 -0.33657 6.76655e-15 -1.04575e-15)
(2.75936e-15 0 0 0.529951 2.31747e-17 -2.58814e-15 -0.330705 6.80799e-15 -5.195e-16)
(0 0 0 0.529951 2.27925e-16 -5.24654e-15 -0.330705 6.76812e-15 2.41166e-16)
(0 0 0 0.496939 -2.26997e-16 -1.39713e-15 -0.324794 7.20137e-15 6.54053e-17)
(0 3.42114e-49 0 0.496939 4.49024e-48 -3.9443e-31 -0.324794 6.26014e-15 0)
(-5.31664e-15 -5.57364e-31 -5.57364e-31 0.465749 -7.48951e-16 -1.92922e-15 -0.318811 6.76366e-15 5.84612e-17)
(-1.74317e-14 0 1.12415e-32 0.465749 -3.32753e-15 7.15806e-16 -0.318811 6.2001e-15 2.47341e-16)
(2.39605e-15 -1.59609e-30 1.05097e-45 0.436247 -1.27556e-15 1.97215e-31 -0.312725 6.63442e-15 1.71565e-30)
(-2.26357e-14 1.39259e-30 -1.06406e-30 0.436247 -2.75671e-15 -1.85144e-15 -0.312725 7.02611e-15 -5.18408e-16)
(4.5743e-15 -6.89299e-31 0 0.408306 -3.33606e-15 1.56503e-16 -0.306502 6.63855e-15 2.29069e-16)
(-4.5743e-15 0 0 0.408306 -6.95021e-17 -5.06008e-15 -0.306502 6.13062e-15 5.73629e-16)
(7.24058e-15 -4.00131e-30 -9.69533e-31 0.381808 -1.78226e-16 -7.0364e-16 -0.300103 7.08074e-17 -1.81159e-16)
(-1.14967e-14 7.14036e-30 -1.05097e-45 0.381808 -5.95206e-16 -1.02235e-44 -0.300103 4.60911e-15 -2.64258e-30)
(7.06386e-15 -6.5395e-31 -9.25467e-31 0.356637 2.44036e-15 -1.05673e-15 -0.293484 2.43105e-15 5.7237e-17)
(-1.57516e-14 1.75162e-46 9.25467e-31 0.356637 2.86835e-45 2.56236e-15 -0.293484 -3.90523e-45 1.22203e-16)
(0 8.83403e-31 8.83403e-31 0.332685 2.05555e-15 -1.15577e-15 -0.286593 2.61168e-15 -9.02065e-17)
(0 1.07615e-30 -8.83403e-31 0.332685 4.25024e-16 -1.74951e-16 -0.286593 3.17101e-15 -5.41854e-17)
(6.7358e-15 -1.24131e-30 0 0.309844 1.71928e-15 -9.86076e-32 -0.27937 2.72839e-15 -5.99209e-17)
(-3.79766e-15 8.43251e-31 8.43251e-31 0.309844 5.67631e-16 -2.67657e-15 -0.27937 3.68295e-15 1.97404e-16)
(6.66473e-16 2.3257e-30 0 0.288009 -4.86001e-30 1.38905e-15 -0.271745 4.1896e-15 4.62832e-16)
(-1.54594e-14 2.48612e-30 -1.75162e-46 0.288009 6.71972e-16 0 -0.271745 3.05455e-15 0)
(4.81727e-16 5.34759e-31 -1.53668e-30 0.267076 -1.12189e-15 8.51174e-16 -0.263633 1.95686e-15 -3.62722e-16)
(-2.72888e-14 4.07744e-30 1.57846e-30 0.267076 6.25397e-16 1.49157e-15 -0.263633 1.92389e-15 1.07249e-15)
(2.99806e-15 -7.27188e-31 7.33416e-31 0.246939 -1.6412e-16 -8.95231e-16 -0.254929 8.61949e-17 -5.17615e-16)
(0 1.20097e-31 -7.33416e-31 0.246939 3.24173e-30 1.29051e-15 -0.254929 3.07233e-15 -1.37458e-16)
(0 0 7.00082e-31 0.227488 1.2519e-16 -1.54462e-15 -0.245508 2.11822e-15 5.53166e-16)
(-2.41365e-14 2.82914e-30 -7.00082e-31 0.227488 -1.40907e-15 8.04472e-16 -0.245508 2.64281e-15 -5.97539e-17)
(0 0 0 0.208604 2.33966e-16 -2.18953e-47 -0.235211 3.41e-15 2.46519e-32)
(0 0 0 0.208604 0 -8.71466e-16 -0.235211 1.33963e-30 -7.12633e-18)
(3.05342e-15 7.14151e-31 0 0.190163 0 2.87956e-15 -0.22384 5.47392e-15 -1.40421e-16)
(0 0 1.4013e-45 0.190163 4.2187e-17 -4.69606e-45 -0.22384 2.17795e-15 2.55455e-30)
(5.48444e-15 -5.25487e-45 0 0.172019 1.97215e-31 -8.46178e-16 -0.211141 7.88861e-30 -9.94668e-16)
(1.22829e-14 -1.09424e-30 -6.08895e-31 0.172019 -3.73709e-16 1.50728e-15 -0.211141 5.54858e-15 -1.29924e-15)
(-2.1478e-15 -4.70862e-31 0 0.15401 2.07741e-15 0 -0.196788 3.93626e-15 4.137e-31)
(1.23494e-14 -1.23313e-30 5.8122e-31 0.15401 5.04117e-16 1.13785e-15 -0.196788 2.43014e-15 -3.99561e-16)
(0 0 0 0.135944 3.4942e-16 1.83403e-15 -0.180359 1.5144e-15 -3.35206e-16)
(-1.24132e-14 1.92359e-30 -4.75918e-31 0.135944 -3.79232e-16 1.50563e-15 -0.180359 1.98522e-15 3.82448e-17)
(0 0 1.05917e-30 0.117592 0 -3.30962e-17 -0.161311 9.44067e-31 -7.45113e-16)
(0 0 -1.05917e-30 0.117592 -1.24475e-15 1.41314e-15 -0.161311 1.62787e-15 -6.55977e-16)
(0 1.38829e-30 -8.75812e-47 0.0986894 -1.82198e-30 1.97215e-31 -0.138961 2.50092e-15 6.0632e-31)
(0 1.75162e-46 5.05515e-31 0.0986894 0 -1.69537e-16 -0.138961 -5.94602e-46 -5.74984e-17)
(0 9.65078e-31 0 0.0789429 -7.1571e-16 -8.52097e-16 -0.112488 1.77795e-15 -6.0123e-17)
(1.25843e-14 -2.13633e-30 2.4127e-31 0.0789429 3.92369e-16 -1.11152e-15 -0.112488 2.68877e-15 -3.90792e-16)
(-3.15824e-15 0 0 0.0580617 0 -2.47461e-15 -0.0809985 -5.61477e-46 -1.60979e-15)
(0 1.33506e-31 0 0.0580617 -2.46519e-32 -1.86613e-15 -0.0809985 1.91546e-15 8.77437e-16)
(0 -7.27609e-32 0 0.0358264 1.48649e-16 -1.45157e-15 -0.0436805 1.30228e-16 -6.14126e-16)
(0 0 0 0.0358264 5.12485e-16 -2.15793e-15 -0.0436805 7.68334e-16 -5.37552e-16)
(-1.84096e-18 0 -1.67875e-30 1.1516e-11 1.54276e-15 -2.67448e-15 -1.05693e-11 2.04482e-15 -1.29025e-16)
(1.47277e-17 1.67875e-30 1.67875e-30 1.15547e-11 1.25345e-15 -2.42763e-15 -1.06084e-11 2.90398e-15 -7.70785e-17)
(3.68191e-18 -8.75812e-47 8.75812e-47 -1.21935e-12 -4.93038e-32 -3.9443e-31 1.1191e-12 -3.98053e-15 -1.04246e-15)
(-7.56042e-15 8.39376e-31 0 -1.28709e-12 -1.38819e-16 -3.30412e-16 1.1795e-12 -4.07787e-15 -1.89083e-16)
(0 -1.6679e-31 0 -0.0358264 7.88861e-31 -3.61515e-15 0.0436805 0 -1.01997e-15)
(0 0 0 -0.0358264 -4.38413e-17 -3.02408e-15 0.0436805 -3.84084e-17 -1.62834e-15)
(0 -9.40561e-32 -4.60607e-31 -0.0580617 5.32043e-16 2.00797e-15 0.0809985 -4.44925e-16 6.61639e-16)
(0 0 4.60607e-31 -0.0580617 9.09143e-16 5.08164e-16 0.0809985 -1.57815e-15 9.65451e-16)
(-1.20026e-15 5.52133e-32 -1.28569e-43 -0.0789429 8.11918e-16 -1.44649e-29 0.112488 -3.16733e-15 2.52372e-46)
(4.34633e-15 0 9.65078e-31 -0.0789429 4.44045e-16 -1.05309e-15 0.112488 -1.46558e-15 9.96864e-16)
(-6.2655e-15 0 0 -0.0986894 -1.28728e-15 -2.00702e-15 0.138961 -2.95217e-15 5.69093e-16)
(0 0 0 -0.0986894 -4.06772e-16 -1.26078e-15 0.138961 -1.19886e-15 -2.06862e-16)
(-7.88854e-15 2.18953e-47 -5.29586e-31 -0.117592 0 7.45718e-16 0.161311 2.09882e-47 4.97391e-16)
(-7.70373e-15 1.21619e-30 5.29586e-31 -0.117592 -1.24915e-15 -4.88473e-17 0.161311 -2.40725e-15 -7.15455e-16)
(-8.10051e-15 6.19596e-31 0 -0.135944 6.00669e-16 -9.54852e-32 0.180359 -4.1703e-16 -4.63537e-46)
(-7.41597e-15 3.60708e-30 1.10961e-30 -0.135944 -1.39744e-16 2.98311e-16 0.180359 -9.70206e-17 -1.37668e-15)
(3.08736e-15 8.99368e-31 0 -0.15401 1.1172e-15 -2.02021e-15 0.196788 -2.68833e-15 9.12798e-17)
(1.23494e-14 9.10844e-45 0 -0.15401 1.01917e-30 -5.72109e-16 0.196788 0 3.06558e-16)
(-3.07072e-15 1.78359e-43 0 -0.172019 -2.00868e-29 -2.52156e-16 0.211141 -2.20281e-15 -4.98827e-16)
(1.22829e-14 -1.2256e-30 0 -0.172019 1.13927e-15 4.56489e-16 0.211141 -2.46729e-15 -6.4002e-16)
(-2.87279e-15 -2.11149e-31 2.41857e-31 -0.190163 4.52949e-29 2.02424e-16 0.22384 0 5.21167e-17)
(2.44274e-14 -2.71477e-30 5.77827e-31 -0.190163 3.33867e-16 7.56837e-16 0.22384 -1.62511e-15 4.57012e-16)
(-3.03552e-15 5.22133e-31 0 -0.208604 3.72749e-16 7.28636e-16 0.235211 -1.27168e-15 -8.53073e-16)
(-3.00958e-15 0 -8.75812e-47 -0.208604 -1.65213e-16 -1.06176e-31 0.235211 -9.53721e-16 -4.40993e-16)
(3.28871e-15 8.75812e-47 2.91188e-31 -0.227488 1.08468e-30 -9.86076e-32 0.245508 0 -3.89108e-16)
(1.20682e-14 -3.14608e-30 -7.00082e-31 -0.227488 6.44058e-16 -1.90981e-17 0.245508 -3.54362e-16 -1.21943e-15)
(0 0 2.00987e-31 -0.246939 1.67931e-15 -1.95283e-15 0.254929 -1.30235e-15 -3.34256e-16)
(-1.52953e-14 5.00648e-31 -8.32331e-31 -0.246939 1.08468e-30 3.14524e-16 0.254929 -3.60755e-15 1.65186e-16)
(0 -2.83738e-31 0 -0.267076 1.2705e-15 -1.53539e-15 0.263633 -2.31353e-15 -1.18799e-15)
(0 -7.68339e-31 -4.37906e-47 -0.267076 -1.21818e-15 -2.95823e-31 0.263633 -1.7537e-15 5.33142e-47)
(0 6.57421e-31 0 -0.288009 -1.64569e-30 -3.90349e-16 0.271745 -2.36861e-15 3.46915e-16)
(-7.25011e-15 0 -4.02462e-31 -0.288009 -8.15421e-16 2.82691e-16 0.271745 -1.46131e-15 1.50803e-16)
(3.79766e-15 0 0 -0.309844 -2.20302e-15 1.98684e-15 0.27937 -2.64419e-15 -5.38603e-16)
(0 3.22455e-43 -1.04747e-43 -0.309844 3.63051e-29 -1.1795e-29 0.27937 0 1.97215e-31)
(0 -3.28558e-31 -4.41701e-31 -0.332685 -6.02709e-16 3.7934e-15 0.286593 -2.62797e-16 2.75811e-16)
(1.5381e-14 0 0 -0.332685 3.89012e-16 -1.61627e-15 0.286593 -3.2449e-15 -6.08513e-17)
(4.16793e-15 -5.53381e-31 1.39438e-31 -0.356637 1.18329e-30 -1.97215e-31 0.293484 0 0)
(-4.16793e-15 -4.45056e-31 0 -0.356637 -1.06931e-30 1.16228e-15 0.293484 -3.20697e-15 -1.07448e-15)
(-1.4922e-15 -4.7444e-32 0 -0.381808 4.55455e-15 -1.50755e-15 0.300103 -3.06983e-15 -6.15822e-16)
(0 -8.11352e-43 1.61149e-43 -0.381808 3.04808e-29 -6.02513e-30 0.300103 1.45043e-45 9.86076e-32)
(0 8.40779e-45 1.75162e-45 -0.408306 9.86076e-31 -2.0658e-30 0.306502 -2.07485e-15 0)
(2.28162e-14 -3.80955e-30 -5.07849e-31 -0.408306 1.50258e-15 -1.91092e-15 0.306502 -1.02434e-15 -1.33904e-16)
(1.0451e-14 -5.02804e-31 -2.66015e-31 -0.436247 -1.88052e-15 -1.09341e-15 0.312725 -7.56331e-16 -4.20209e-16)
(6.52576e-15 -5.10869e-31 2.66015e-31 -0.436247 2.0583e-15 -7.79089e-17 0.312725 -1.24973e-15 -5.76746e-16)
(2.21379e-15 8.75812e-47 2.43753e-31 -0.465749 -6.16298e-33 7.15549e-16 0.318811 1.08081e-46 7.89316e-17)
(1.74317e-14 -3.47519e-31 3.36312e-44 -0.465749 2.11587e-15 3.79238e-30 0.318811 -1.71973e-15 3.35741e-46)
(2.78313e-15 -1.20856e-30 6.63901e-32 -0.496939 1.15733e-15 1.41632e-30 0.324794 -3.81732e-16 0)
(0 -2.20641e-31 0 -0.496939 -6.40949e-31 -2.62051e-15 0.324794 -1.58989e-15 4.43204e-16)
(-5.51873e-15 2.17542e-32 -1.52927e-31 -0.529951 2.02391e-15 -1.10003e-16 0.330705 -1.95147e-15 -4.16162e-17)
(0 0 0 -0.529951 -3.88698e-16 -2.92118e-16 0.330705 -6.57522e-16 -4.60891e-17)
(-5.47039e-15 0 -9.71056e-45 -0.564928 1.88245e-15 1.09365e-30 0.33657 -1.65476e-15 -2.00122e-47)
(-5.77211e-15 0 0 -0.564928 7.58765e-16 2.58346e-16 0.33657 -2.28036e-16 -2.74785e-16)
(5.7341e-15 7.17899e-32 6.71347e-31 -0.602023 -2.50248e-31 -1.94421e-15 0.342417 -5.17301e-16 -1.12092e-16)
(7.81902e-15 -2.85924e-31 -5.0351e-31 -0.602023 5.19666e-16 -8.33318e-16 0.342417 -7.53658e-16 -2.57454e-16)
(4.81795e-16 -1.25443e-30 0 -0.641398 -1.18329e-30 -1.13577e-15 0.348269 0 -4.51884e-16)
(7.57515e-15 -2.89133e-31 0 -0.641398 1.16945e-15 -8.3051e-17 0.348269 -6.15103e-16 -1.63138e-16)
(5.97852e-15 -1.32187e-31 0 -0.683233 1.27162e-15 3.12188e-16 0.354148 -7.50652e-16 -1.74834e-16)
(1.0641e-14 9.21003e-32 0 -0.683233 1.86856e-15 3.34414e-16 0.354148 -1.03045e-15 -9.15038e-17)
(-2.63445e-15 2.55009e-32 0 -0.727716 5.12049e-16 7.07555e-16 0.360076 -8.45916e-16 -1.02313e-16)
(0 8.75812e-46 0 -0.727716 -9.86076e-32 -4.03035e-16 0.360076 -6.60518e-16 8.63023e-17)
(-2.60822e-15 0 5.47382e-48 -0.775055 0 0 0.366074 -9.86076e-32 4.93038e-32)
(0 2.0216e-31 0 -0.775055 -9.66473e-16 -4.95511e-16 0.366074 -7.31762e-16 -4.44125e-17)
(2.58155e-15 1.43418e-31 1.05893e-31 -0.825474 2.32164e-16 -4.61128e-16 0.372162 -3.55366e-16 -1.08656e-17)
(1.03262e-14 -1.05893e-31 -1.05893e-31 -0.825474 -1.10744e-15 2.91712e-16 0.372162 -9.44027e-16 -7.92209e-17)
(0 0 1.75162e-46 -0.879217 -1.66794e-15 0 0.37836 -5.00447e-16 1.2326e-32)
(1.02177e-14 0 -1.10935e-31 -0.879217 -9.19819e-30 5.24738e-16 0.37836 1.97215e-31 -5.51414e-16)
(4.62045e-15 -7.00283e-31 1.16217e-31 -0.936548 -8.50453e-16 -1.37077e-15 0.384691 -1.76169e-16 -1.34715e-16)
(1.81213e-14 0 1.71798e-31 -0.936548 1.4024e-15 5.01364e-16 0.384691 -4.46619e-16 -1.28914e-16)
(0 -8.75812e-47 0 -0.997759 0 -1.09017e-15 0.391173 -9.86076e-32 -7.78265e-17)
(0 0 0 -0.997759 4.07612e-16 4.67779e-30 0.391173 -5.26079e-16 2.46519e-32)
(-2.29771e-15 1.27548e-31 0 -1.06316 1.26582e-15 -1.33181e-15 0.397829 -3.94715e-16 -6.21267e-17)
(9.88116e-15 -7.21762e-32 0 -1.06316 7.19793e-16 -1.3784e-15 0.397829 -4.86546e-16 3.92144e-17)
(4.88252e-15 -6.28856e-33 6.68109e-32 -1.13311 8.59686e-16 -4.25272e-16 0.40468 -5.57179e-16 -1.91455e-16)
(0 -1.33622e-31 -1.00216e-31 -1.13311 4.26947e-16 4.92178e-16 0.40468 -2.28781e-16 5.45371e-17)
(0 -7.46763e-31 0 -1.20798 4.2803e-16 2.37797e-16 0.411749 -7.36114e-17 -1.64844e-16)
(0 0 0 -1.20798 -3.22547e-16 7.87622e-31 0.411749 -1.85959e-16 0)
(4.76323e-15 0 -7.33248e-32 -1.28818 1.48596e-15 -2.69256e-16 0.419061 -3.36136e-16 -1.15884e-16)
(9.52645e-15 -1.99061e-31 7.33248e-32 -1.28818 4.6908e-17 -2.8759e-16 0.419061 -2.26147e-16 -2.2472e-17)
(-2.35096e-15 -7.68163e-32 7.68163e-32 -1.37418 4.20022e-16 -2.19176e-16 0.426639 -6.31589e-17 -5.68176e-17)
(0 7.68163e-32 -7.68163e-32 -1.37418 -5.61584e-16 -1.20354e-16 0.426639 -7.84934e-16 -3.81971e-17)
(-2.31972e-15 0 4.0237e-32 -1.46647 2.95589e-16 3.64642e-16 0.43451 -1.54257e-16 -7.43364e-17)
(-2.89938e-15 0 -4.0237e-32 -1.46647 -1.35638e-16 2.39622e-16 0.43451 -9.1547e-17 -1.81549e-17)
(2.28786e-15 4.21529e-32 -1.26459e-31 -1.5656 1.53022e-15 4.35064e-16 0.4427 -1.43762e-16 2.32859e-17)
(9.15144e-15 -1.83254e-31 1.26459e-31 -1.5656 1.40212e-15 1.32871e-15 0.4427 -2.00193e-16 -1.65275e-16)
(0 3.85732e-31 8.832e-32 -1.67218 0 2.50997e-16 0.451239 -1.44076e-16 2.71845e-17)
(-3.18206e-15 5.52e-32 -8.832e-32 -1.67218 8.47123e-16 1.61417e-15 0.451239 -1.40976e-16 -3.6741e-17)
(2.2222e-15 0 0 -1.78688 -7.53467e-16 3.69787e-16 0.460156 -8.20616e-17 8.29442e-18)
(-8.88879e-15 6.93941e-32 -3.69472e-32 -1.78688 -1.45637e-16 5.91155e-31 0.460156 -4.90349e-16 0)
(-2.18833e-15 -1.21164e-31 9.69311e-32 -1.91043 -6.47434e-16 4.64101e-16 0.469483 -7.18539e-17 5.90997e-17)
(-8.7533e-15 1.21164e-31 -9.69311e-32 -1.91043 7.27937e-16 -1.02848e-15 0.469483 -3.75383e-16 -4.72302e-17)
(0 0 0 -2.04363 -8.53286e-16 5.63296e-16 0.479251 -2.02447e-16 1.36968e-16)
(8.61486e-15 0 0 -2.04363 1.26471e-15 1.83452e-16 0.479251 -3.52252e-16 -8.61919e-17)
(4.03473e-15 5.31909e-32 0 -2.18736 -1.36629e-15 8.25559e-17 0.489495 -4.41426e-16 1.89287e-16)
(-1.9164e-15 -2.65954e-32 1.46473e-45 -2.18736 1.29014e-15 -8.24572e-32 0.489495 -1.92331e-16 -6.72297e-17)
(0 2.78618e-31 0 -2.34259 -4.56027e-16 -3.55791e-16 0.50025 -6.38703e-16 1.08044e-16)
(8.32849e-15 -5.52926e-32 0 -2.34259 -2.46519e-31 -1.92872e-15 0.50025 -1.99213e-16 -1.13723e-16)
(-2.04506e-15 -2.91885e-32 1.10473e-31 -2.51038 5.85528e-16 -2.08282e-16 0.51155 -6.73415e-16 4.70854e-17)
(0 5.8377e-32 -1.16754e-31 -2.51038 -2.03253e-16 -1.71504e-15 0.51155 -3.51298e-16 -1.61978e-16)
(-4.4068e-15 9.17349e-32 1.64352e-31 -2.69187 4.30267e-16 -3.96256e-16 0.52343 -5.58297e-16 3.89963e-17)
(1.60567e-14 3.7209e-32 6.11566e-32 -2.69187 2.58767e-44 -6.33835e-16 0.52343 -1.3406e-16 -1.68265e-16)
(0 1.60172e-31 -9.61029e-32 -2.88831 1.3726e-15 -7.06994e-16 0.535925 -3.50189e-16 7.27782e-17)
(0 -1.62376e-30 9.61029e-32 -2.88831 -7.35145e-17 2.81666e-16 0.535925 -8.15344e-17 -1.19197e-16)
(-4.89981e-16 1.25849e-32 0 -3.10104 1.49932e-15 -3.67419e-16 0.549067 -2.85082e-16 3.84994e-17)
(1.5426e-14 -4.19496e-33 0 -3.10104 -1.87626e-16 1.5764e-16 0.549067 -1.40516e-16 -8.15041e-17)
(0 1.31841e-32 -3.51576e-32 -3.3315 4.84723e-16 -1.82828e-16 0.562884 -2.77768e-16 2.15793e-17)
(0 -2.27298e-45 3.51576e-32 -3.3315 -2.55915e-31 4.13347e-16 0.562884 -1.5784e-16 -9.66279e-17)
(2.654e-15 1.84158e-32 3.68317e-32 -3.58118 9.57408e-16 -1.03142e-16 0.577398 -2.64861e-16 -1.1244e-17)
(7.38077e-15 -3.68317e-32 0 -3.58118 -8.07546e-16 4.10184e-16 0.577398 -2.08476e-16 -3.15904e-17)
(-4.58233e-15 1.13408e-30 3.85854e-32 -3.85165 -9.86076e-32 7.99957e-17 0.592623 -1.48851e-16 -1.81e-17)
(0 3.85854e-32 -5.83429e-31 -3.85165 3.48045e-16 4.03745e-35 0.592623 -2.45982e-16 0)
(-1.75752e-15 -5.05284e-33 -3.00512e-33 -4.14449 -2.00472e-17 3.69779e-32 0.608561 -1.26466e-16 -2.16542e-17)
(7.03007e-15 -1.51585e-32 0 -4.14449 5.87084e-16 1.7606e-16 0.608561 -1.60642e-16 -9.06741e-18)
(1.71183e-15 3.17606e-32 0 -4.46123 2.64492e-16 1.93759e-16 0.625196 -1.25515e-16 -3.90506e-17)
(0 -4.23475e-32 0 -4.46123 2.22945e-16 3.69779e-32 0.625196 -1.43159e-16 0)
(-1.66485e-15 0 0 -4.80332 6.39241e-16 5.51894e-16 0.642486 -7.38692e-17 -3.05468e-17)
(0 -1.1091e-32 0 -4.80332 -1.32137e-16 6.82394e-17 0.642486 -1.35155e-16 8.04403e-18)
(1.61654e-15 -5.80954e-32 7.79495e-32 -5.17194 7.32321e-16 0 0.660362 -6.2962e-18 -2.04638e-17)
(6.46618e-15 2.32382e-32 0 -5.17194 -1.54621e-16 7.29885e-16 0.660362 -1.30834e-16 2.26376e-17)
(3.50843e-15 7.93494e-33 0 -5.56793 3.10621e-31 -6.88849e-16 0.678711 0 -6.77017e-17)
(0 -6.08616e-32 0 -5.56793 -4.59651e-16 7.33374e-16 0.678711 -1.90089e-16 5.19094e-17)
(1.83775e-15 1.59399e-32 0 -5.99157 -2.54465e-15 -4.19328e-16 0.697371 -3.9256e-17 -9.04888e-17)
(0 -2.55038e-32 0 -5.99157 -5.09343e-16 1.93338e-30 0.697371 -2.05604e-16 1.2326e-32)
(0 0 0 -6.44233 -2.79885e-16 -1.88805e-16 0.716116 -9.773e-17 -8.2999e-17)
(5.85453e-15 -1.33591e-32 2.7856e-32 -6.44233 -2.08532e-16 -3.05281e-16 0.716116 -2.48092e-16 3.35649e-17)
(-6.06841e-16 2.79904e-32 -2.79904e-32 -6.91865 9.66857e-16 -6.245e-17 0.734649 -5.13356e-17 -8.72824e-17)
(1.32976e-14 -2.79904e-32 5.38012e-32 -6.91865 5.47078e-16 5.9313e-17 0.734649 -1.95702e-16 4.60307e-17)
(-1.35537e-15 8.34028e-34 0 -7.41763 0 -2.23471e-16 0.752589 -6.00981e-18 -9.35796e-17)
(1.0843e-14 -1.53489e-32 1.47246e-32 -7.41763 8.97265e-16 5.6024e-16 0.752589 -1.23668e-16 6.84363e-17)
(0 0 0 -7.9348 -1.53662e-15 -3.95181e-16 0.769472 -3.69387e-17 -1.19289e-16)
(0 0 0 -7.9348 -2.71171e-31 6.41959e-31 0.769472 -9.09475e-17 -4.26318e-48)
(0 0 0 -8.46397 -5.83254e-16 -2.60598e-16 0.784752 -2.85142e-17 -1.18579e-16)
(-4.97225e-15 6.13742e-33 -6.16258e-32 -8.46397 -3.8694e-16 -1.7049e-16 0.784752 -8.332e-17 8.57146e-18)
(1.2147e-15 0 -3.37146e-32 -8.99721 -6.6065e-16 -1.56685e-16 0.797827 -7.82491e-17 -1.175e-16)
(0 0 3.37146e-32 -8.99721 1.12143e-15 -4.57826e-16 0.797827 -1.32435e-16 2.29777e-17)
(1.1284e-15 -7.70036e-31 -3.53199e-32 -9.52512 -5.34866e-16 -4.32562e-18 0.808065 -2.27854e-17 -1.04188e-16)
(4.51358e-15 6.18099e-32 5.53927e-32 -9.52512 1.07305e-15 -6.49929e-16 0.808065 -4.4829e-17 5.79378e-17)
(1.07091e-15 -1.70004e-32 0 -10.0374 1.50609e-30 -8.03665e-17 0.814862 0 -9.38276e-17)
(0 -5.47382e-48 0 -10.0374 0 -6.25265e-16 0.814862 3.85126e-48 5.29269e-17)
(-1.3966e-15 2.90727e-32 0 -10.5235 9.44311e-16 -2.56909e-16 0.817705 -9.0662e-17 -8.41533e-17)
(0 -1.45363e-32 -3.87636e-32 -10.5235 -4.00338e-16 -5.70245e-16 0.817705 -2.96442e-17 4.88702e-17)
(-1.91469e-15 3.04482e-32 4.06093e-32 -10.9739 4.62597e-16 -2.46969e-16 0.816233 -3.00674e-17 -8.36915e-17)
(0 -1.56488e-30 -4.06093e-32 -10.9739 -2.45654e-16 -4.31974e-16 0.816233 -2.53963e-17 3.98766e-17)
(-6.30831e-16 -3.70758e-31 -4.2543e-32 -11.3808 1.08293e-15 -1.02404e-16 0.810296 -3.83005e-17 -8.02645e-17)
(1.53277e-15 1.59536e-32 4.2543e-32 -11.3808 -2.63831e-16 -3.61738e-16 0.810296 -3.08594e-17 2.45019e-17)
(8.02878e-16 2.51812e-30 0 -11.7392 -2.87668e-16 -9.89039e-17 0.79998 -4.09944e-17 -7.50137e-17)
(3.39145e-15 -4.19721e-33 3.93159e-32 -11.7392 -1.24325e-31 -4.6516e-16 0.79998 -3.02441e-17 2.66236e-17)
(7.95346e-16 -1.70442e-29 0 -12.0468 -2.18711e-30 -1.95979e-16 0.785603 1.2326e-32 -6.67549e-17)
(-3.18138e-15 0 -8.5376e-33 -12.0468 -1.04655e-16 -6.00636e-16 0.785603 -1.29882e-17 3.59739e-17)
(-7.44567e-16 9.77079e-33 0 -12.3046 2.57778e-16 -2.69798e-16 0.76767 -1.56194e-17 -6.08173e-17)
(2.97827e-15 1.22285e-32 9.45411e-34 -12.3046 3.44292e-16 -6.66523e-16 0.76767 -1.71824e-17 4.13247e-17)
(-6.95641e-16 8.84962e-33 0 -12.5159 2.24437e-16 -2.34967e-16 0.746814 -1.60875e-17 -5.48548e-17)
(0 -2.22806e-33 2.56216e-32 -12.5159 -2.46519e-32 -6.37325e-16 0.746814 -1.60549e-17 3.60705e-17)
(0 2.01312e-32 2.68416e-32 -12.6856 -3.18905e-17 -2.33231e-16 0.72372 -1.34259e-17 -4.95694e-17)
(0 -2.01312e-32 -2.68416e-32 -12.6856 -2.61653e-16 -5.56372e-16 0.72372 -2.39736e-17 3.16522e-17)
(0 4.53917e-45 1.40598e-32 -12.8196 -5.10966e-31 -2.20626e-16 0.699061 0 -4.47124e-17)
(1.40105e-15 -7.02992e-33 -1.40598e-32 -12.8196 2.67749e-17 -6.0005e-16 0.699061 1.72345e-18 2.77782e-17)
(2.96889e-17 1.84116e-32 0 -12.9242 1.12459e-15 -2.67742e-16 0.673446 -3.48767e-17 -3.71727e-17)
(1.71079e-15 5.25487e-46 -1.47293e-32 -12.9242 -2.77242e-32 -5.75613e-16 0.673446 -5.10184e-18 2.03619e-17)
(-5.55947e-16 3.85766e-33 0 -13.005 8.82635e-16 -2.63529e-16 0.647395 -1.98425e-17 -3.46208e-17)
(2.07624e-15 0 -1.54306e-32 -13.005 -3.9623e-17 -4.50219e-16 0.647395 -1.67013e-17 1.71979e-17)
(-5.82419e-16 1.01034e-33 0 -13.0673 3.31301e-16 -1.71759e-16 0.621322 -4.84175e-18 -3.07323e-17)
(3.83653e-15 8.27733e-46 0 -13.0673 -9.31944e-32 -4.08345e-16 0.621322 -1.56262e-17 1.50353e-17)
(-1.05197e-15 4.6442e-46 -8.46755e-33 -13.1154 -5.22909e-32 -1.8849e-16 0.595547 -1.54074e-33 -2.68379e-17)
(6.10152e-16 2.11689e-33 8.46755e-33 -13.1154 -4.09488e-16 -3.77497e-16 0.595547 -1.78968e-17 1.28358e-17)
(-8.115e-16 0 0 -13.1528 2.39626e-16 -2.00822e-16 0.570302 -1.15595e-18 -2.38479e-17)
(1.623e-15 -5.69215e-33 0 -13.1528 -1.38183e-16 -3.40311e-16 0.570302 -1.49186e-17 1.09737e-17)
(-3.71289e-16 0 0 -13.1824 5.18974e-17 -1.80773e-16 0.545744 -4.20852e-18 -2.14554e-17)
(1.48516e-15 -5.54646e-33 0 -13.1824 2.30569e-16 -3.05434e-16 0.545744 -4.77541e-18 9.93532e-18)
(-3.50763e-16 1.76126e-46 0 -13.2062 0 -1.52218e-16 0.521976 -8.55936e-18 -1.90702e-17)
(-7.01526e-16 1.21695e-33 0 -13.2062 2.0119e-16 -3.26646e-16 0.521976 -1.06669e-17 9.58893e-18)
(-3.0692e-16 0 0 -13.2258 -8.93621e-17 -1.34206e-16 0.499058 -1.18424e-17 -1.63776e-17)
(-1.22768e-15 1.5378e-33 5.0996e-33 -13.2258 1.15643e-16 -3.31101e-16 0.499058 -2.13253e-18 8.17739e-18)
(-5.53758e-16 0 0 -13.2423 8.65893e-17 -1.43905e-16 0.477018 -8.18406e-18 -1.41654e-17)
(1.10752e-15 0 0 -13.2423 2.09374e-16 -2.87315e-16 0.477018 -3.99458e-18 7.21921e-18)
(0 0 5.59681e-33 -13.2567 -3.75365e-18 -1.42543e-16 0.455863 -2.68047e-18 -1.24314e-17)
(-9.92732e-16 0 -5.59681e-33 -13.2567 7.33772e-17 -2.75404e-16 0.455863 -2.03103e-18 6.57003e-18)
(-6.43267e-16 7.22716e-46 0 -13.2694 4.06856e-32 -1.61946e-16 0.435584 8.82228e-50 -1.05246e-17)
(8.8309e-16 -1.10392e-33 -5.8633e-33 -13.2694 7.68447e-17 -2.6672e-16 0.435584 -1.23249e-18 5.39626e-18)
(-3.8918e-16 6.8285e-31 0 -13.281 1.24005e-16 -1.69507e-16 0.416164 -3.46725e-19 -9.49515e-18)
(7.78361e-16 -1.91953e-34 0 -13.281 4.38679e-17 -2.28952e-16 0.416164 -1.5318e-18 4.76058e-18)
(-3.39164e-16 4.37906e-47 0 -13.2916 -1.54074e-33 -1.45765e-16 0.397579 -3.22383e-19 -8.54005e-18)
(6.78328e-16 -6.42148e-46 0 -13.2916 2.41039e-32 -1.99704e-16 0.397579 0 4.4645e-18)
(2.42883e-16 1.05334e-34 0 -13.3015 1.31873e-17 -1.42205e-16 0.3798 1.81891e-19 -7.81569e-18)
(1.50546e-15 -2.10668e-34 3.37068e-33 -13.3015 2.00443e-16 -1.90276e-16 0.3798 -1.42196e-18 4.23511e-18)
(-1.2288e-16 -6.62097e-34 0 -13.3108 6.40744e-17 -1.37367e-16 0.362799 1.59251e-18 -7.13646e-18)
(4.91522e-16 0 0 -13.3108 1.15531e-35 -1.8695e-16 0.362799 -1.50463e-36 3.88068e-18)
(-1.0109e-16 -4.91316e-34 3.69932e-33 -13.3196 3.35072e-17 -1.30359e-16 0.346544 2.30845e-18 -6.51734e-18)
(-5.37642e-16 3.46811e-34 -3.69932e-33 -13.3196 -1.15719e-16 -1.77214e-16 0.346544 -1.83149e-18 3.67264e-18)
(1.39629e-16 4.84434e-34 0 -13.328 -6.37257e-17 -1.28481e-16 0.331006 2.45911e-18 -6.02483e-18)
(3.21112e-16 -7.26651e-34 0 -13.328 4.94283e-17 -1.75069e-16 0.331006 -2.20914e-18 3.39543e-18)
(8.58754e-17 7.92969e-36 0 -13.3359 -1.11237e-16 -1.19373e-16 0.316154 7.00332e-19 -5.54751e-18)
(9.53295e-17 1.3519e-30 0 -13.3359 2.89611e-21 -1.75137e-16 0.316154 -5.29468e-19 3.1097e-18)
(1.1804e-16 -1.79061e-31 2.12666e-33 -13.3435 -2.32873e-33 -1.10192e-16 0.30196 0 -5.05027e-18)
(8.9054e-17 0 -2.12666e-33 -13.3435 -2.02122e-17 -1.70728e-16 0.30196 -4.61036e-19 2.8382e-18)
(0 -3.48113e-35 2.22792e-33 -13.3507 4.18078e-17 -1.08183e-16 0.288395 -1.3881e-19 -4.59347e-18)
(0 2.78742e-47 -2.22792e-33 -13.3507 -3.13835e-33 -1.62961e-16 0.288395 0 2.58762e-18)
(-5.97669e-18 8.6951e-32 -4.66801e-33 -13.3576 7.18074e-18 -1.03242e-16 0.275433 1.41767e-20 -4.19786e-18)
(2.39068e-17 -9.11721e-35 2.33401e-33 -13.3576 1.36519e-17 -1.5344e-16 0.275433 -1.95347e-19 2.36129e-18)
(0 2.09867e-31 -2.44515e-33 -13.3642 -4.05961e-19 -5.41222e-16 0.186976 3.90329e-21 -3.83876e-18)
(0 -1.14616e-34 5.02612e-29 -13.3642 1.22123e-17 -3.03538e-16 0.186976 -5.32949e-20 2.17109e-18)
(0 3.70178e-48 0 -13.3705 4.16854e-34 -5.76814e-16 0.0613706 -6.01853e-36 -1.55647e-18)
(0 -2.18953e-47 3.20196e-34 -13.3705 3.85186e-34 -9.76467e-16 0.0613706 4.46717e-32 1.18448e-19)
(0 -8.39376e-31 0 -1.73472e-18 8.2072e-16 0 -3.55271e-15 3.57137e-15 0)
(1.47277e-17 8.39376e-31 0 -3.67915e-13 5.22727e-16 7.4098e-16 -1.56319e-13 1.6301e-15 1.89083e-16)
(0 0 8.79343e-31 -0.0358264 1.47175e-16 5.60433e-15 -0.0436805 1.52967e-15 1.01997e-15)
(1.26762e-14 -1.33601e-30 -8.79343e-31 -0.0358264 -2.53963e-45 5.0007e-15 -0.0436805 2.00552e-15 1.62834e-15)
(0 -9.21214e-31 2.30303e-31 -0.0580617 7.09682e-16 1.13593e-15 -0.0809985 2.10965e-15 -6.61639e-16)
(-1.2633e-14 0 0 -0.0580617 1.2326e-32 2.53354e-15 -0.0809985 7.88861e-31 -1.43782e-15)
(6.29213e-15 -5.54049e-31 9.02515e-31 -0.0789429 1.13976e-15 1.39691e-44 -0.112488 1.687e-15 -1.62583e-15)
(1.25843e-14 -7.97485e-31 0 -0.0789429 1.10036e-15 -1.0295e-15 -0.112488 1.06229e-15 -9.96864e-16)
(5.97381e-15 3.77794e-31 0 -0.0986894 -6.56859e-47 5.56132e-16 -0.138961 2.95217e-15 -5.69093e-16)
(-4.55328e-15 -5.05515e-31 -2.52758e-31 -0.0986894 -1.14336e-16 -9.65236e-16 -0.138961 2.65018e-15 2.06862e-16)
(4.77009e-15 0 -5.29586e-31 -0.117592 -2.02117e-15 -1.20574e-15 -0.161311 2.10346e-15 -4.97391e-16)
(-1.24738e-14 1.3006e-30 0 -0.117592 -1.34738e-15 -1.5644e-15 -0.161311 1.30117e-15 7.15455e-16)
(0 0 0 -0.135944 6.17e-18 -5.07749e-16 -0.180359 3.52085e-16 -2.38846e-16)
(-1.24132e-14 2.39279e-30 0 -0.135944 5.48376e-16 2.82223e-45 -0.180359 1.21479e-15 1.10441e-29)
(0 -5.8122e-31 0 -0.15401 6.31447e-16 8.91581e-16 -0.196788 1.61952e-15 -9.12798e-17)
(0 8.74182e-31 0 -0.15401 0 1.5914e-15 -0.196788 4.04212e-15 -3.06558e-16)
(0 0 0 -0.172019 -6.07845e-17 2.32192e-16 -0.211141 2.36163e-16 4.98827e-16)
(-1.22829e-14 7.00649e-46 1.74723e-31 -0.172019 2.19972e-44 4.22052e-16 -0.211141 9.07419e-31 3.25267e-16)
(6.10685e-15 -1.02087e-30 3.18944e-31 -0.190163 -6.41338e-16 -1.37133e-15 -0.22384 1.28844e-15 -5.21167e-17)
(1.22137e-14 -3.55057e-31 -3.18944e-31 -0.190163 0 -1.43117e-15 -0.22384 1.95953e-15 -8.06668e-16)
(-3.03552e-15 1.75162e-46 4.63343e-32 -0.208604 1.24099e-44 -9.00761e-16 -0.235211 7.88861e-31 5.19198e-16)
(-1.21421e-14 1.05184e-30 -9.03768e-31 -0.208604 -5.29808e-16 -1.84016e-15 -0.235211 2.32063e-15 4.40993e-16)
(-6.03412e-15 1.42089e-30 4.12183e-32 -0.227488 -2.5638e-30 3.4844e-16 -0.245508 2.55964e-15 2.40603e-16)
(-1.20682e-14 2.19674e-30 0 -0.227488 -3.42298e-16 1.97215e-31 -0.245508 5.18197e-16 1.68557e-30)
(-3.30301e-15 0 3.66708e-31 -0.246939 0 7.71799e-16 -0.254929 4.53757e-30 3.34256e-16)
(-2.06815e-14 3.4e-30 -3.66708e-31 -0.246939 -3.74606e-16 3.18086e-15 -0.254929 5.45098e-16 -4.11667e-16)
(-3.94202e-15 -9.21705e-32 -1.10719e-30 -0.267076 1.85543e-15 7.901e-16 -0.263633 2.61695e-15 3.96095e-16)
(6.92058e-15 0 3.84169e-31 -0.267076 0 1.67625e-17 -0.263633 7.88861e-31 -9.86477e-16)
(5.91716e-15 -3.87081e-31 0 -0.288009 5.61179e-16 1.62975e-15 -0.271745 1.44274e-15 -3.46915e-16)
(0 0 0 -0.288009 1.22432e-15 2.20376e-44 -0.271745 2.11473e-15 -1.50803e-16)
(5.87627e-15 5.41727e-31 0 -0.309844 -8.0175e-17 -2.05596e-15 -0.27937 2.36687e-15 5.38603e-16)
(-1.17525e-14 1.06942e-30 0 -0.309844 2.81494e-16 -8.04672e-16 -0.27937 2.1611e-15 -1.33077e-15)
(0 8.83403e-31 -4.41701e-31 -0.332685 -1.16506e-16 -2.58346e-16 -0.286593 1.09393e-15 -2.75811e-16)
(0 -4.41701e-31 4.41701e-31 -0.332685 1.25777e-16 -3.87988e-15 -0.286593 1.47574e-15 6.08513e-17)
(5.79186e-15 8.78065e-32 0 -0.356637 0 -1.37083e-15 -0.293484 3.41743e-15 -1.00476e-15)
(-1.15837e-14 2.04144e-30 -5.16729e-45 -0.356637 -2.33621e-16 0 -0.293484 3.63025e-16 -9.29266e-30)
(2.87419e-15 -4.45798e-31 4.55422e-45 -0.381808 3.04303e-16 4.93038e-32 -0.300103 1.99387e-16 -3.54407e-30)
(0 0 -4.84767e-31 -0.381808 -4.05618e-16 1.85856e-15 -0.300103 4.39724e-16 -7.3388e-16)
(2.85203e-15 -5.61667e-31 0 -0.408306 9.8768e-16 1.89625e-15 -0.306502 1.68706e-15 -2.10384e-16)
(1.14081e-14 2.24208e-44 -5.07849e-31 -0.408306 9.14759e-44 -1.51902e-15 -0.306502 1.97529e-29 1.33904e-16)
(5.65893e-15 -6.97543e-31 0 -0.436247 8.69284e-16 8.02851e-16 -0.312725 3.14677e-16 4.20209e-16)
(-2.39605e-15 -1.20461e-30 -3.15292e-45 -0.436247 -6.70532e-30 1.95595e-44 -0.312725 2.17003e-15 5.46846e-30)
(2.8065e-15 -6.63951e-31 2.78682e-31 -0.465749 9.86076e-32 6.30393e-16 -0.318811 1.19607e-15 -7.89316e-17)
(0 -7.00649e-46 -2.78682e-31 -0.465749 3.87866e-44 4.0778e-15 -0.318811 -3.9443e-30 -4.49188e-16)
(-2.78313e-15 4.70838e-31 -1.45976e-31 -0.496939 -2.02503e-16 7.76944e-17 -0.324794 6.67931e-17 -1.59464e-16)
(0 0 4.37927e-31 -0.496939 4.74421e-16 1.08485e-15 -0.324794 1.0708e-15 -4.43204e-16)
(2.75936e-15 1.55575e-61 0 -0.529951 1.09476e-47 4.04775e-45 -0.330705 0 0)
(-1.10375e-14 2.90913e-31 -4.5878e-31 -0.529951 5.6415e-16 -1.96908e-15 -0.330705 1.21952e-15 4.60891e-17)
(-1.50859e-16 -3.07429e-31 3.20417e-31 -0.564928 2.32622e-15 -7.62126e-17 -0.33657 6.99113e-16 -1.29886e-16)
(-1.09408e-14 -9.48467e-32 0 -0.564928 1.82195e-15 -9.42603e-16 -0.33657 1.13654e-15 2.74785e-16)
(2.71062e-15 6.89666e-31 -3.95576e-31 -0.602023 1.38454e-15 -1.2326e-32 -0.342417 5.17301e-16 8.13513e-31)
(0 0 3.35673e-31 -0.602023 8.38339e-16 1.22874e-15 -0.342417 9.66386e-16 2.57454e-16)
(2.68565e-15 9.63393e-46 -5.24843e-31 -0.641398 -9.86076e-32 1.50509e-16 -0.348269 1.00343e-15 4.1215e-17)
(-1.07426e-14 2.73375e-31 -3.51657e-31 -0.641398 -1.38004e-15 6.87142e-16 -0.348269 9.60234e-16 1.63138e-16)
(2.66026e-15 0 -1.84201e-31 -0.683233 -1.36793e-15 1.00697e-15 -0.354148 1.03951e-15 1.74834e-16)
(0 4.37906e-47 1.84201e-31 -0.683233 2.5554e-45 6.29316e-16 -0.354148 -3.38912e-31 9.15038e-17)
(-4.31808e-15 0 -3.94233e-31 -0.727716 4.56984e-59 3.46811e-16 -0.360076 1.20301e-29 8.65327e-17)
(0 0 0 -0.727716 8.54588e-16 5.63017e-16 -0.360076 6.60518e-16 -8.63023e-17)
(-2.60822e-15 -1.0108e-31 0 -0.775055 0 5.83239e-16 -0.366074 5.86984e-16 -3.42029e-16)
(0 3.0324e-31 0 -0.775055 -1.9412e-16 -1.90106e-16 -0.366074 1.65552e-16 4.44125e-17)
(5.16309e-15 0 -4.29841e-31 -0.825474 -7.52038e-18 0 -0.372162 3.55366e-16 6.21074e-30)
(0 0 1.05893e-31 -0.825474 -8.58295e-45 -2.56656e-15 -0.372162 1.80977e-30 7.92209e-17)
(-1.44243e-15 0 2.2187e-31 -0.879217 0 1.24155e-17 -0.37836 5.00447e-16 -6.81866e-17)
(0 1.10935e-31 0 -0.879217 2.86168e-15 6.68415e-44 -0.37836 8.94132e-16 0)
(0 -1.16217e-31 3.32808e-45 -0.936548 -4.81316e-16 9.86076e-32 -0.384691 6.34196e-16 -6.16298e-30)
(0 1.96182e-44 0 -0.936548 -1.18329e-30 3.00384e-15 -0.384691 4.46619e-16 1.28914e-16)
(0 6.08756e-32 1.21751e-31 -0.997759 8.84921e-16 1.45243e-15 -0.391173 8.6204e-16 7.78265e-17)
(-9.99527e-15 0 0 -0.997759 -1.26839e-15 1.98325e-15 -0.391173 5.26079e-16 -1.9036e-16)
(0 -3.8879e-31 1.27548e-31 -1.06316 -1.07858e-44 7.11922e-16 -0.397829 7.00382e-16 6.21267e-17)
(0 6.37742e-32 -1.27548e-31 -1.06316 9.14263e-16 6.79294e-16 -0.397829 4.82396e-16 -3.92144e-17)
(2.44126e-15 -4.61425e-32 -8.37707e-32 -1.13311 5.3639e-17 -1.24723e-16 -0.40468 4.88056e-16 6.92457e-17)
(0 7.67148e-32 6.68109e-32 -1.13311 0 -3.09786e-16 -0.40468 2.28781e-16 -5.45371e-17)
(-2.41171e-15 -6.85645e-32 0 -1.20798 7.01129e-16 0 -0.411749 5.23806e-16 0)
(-9.64682e-15 1.75087e-31 -6.99921e-32 -1.20798 -1.71579e-15 -9.02417e-16 -0.411749 3.33881e-16 -7.2025e-17)
(4.76323e-15 0 0 -1.28818 1.3934e-15 9.28737e-16 -0.419061 3.36136e-16 1.15884e-16)
(-9.52645e-15 7.33248e-32 -1.4013e-45 -1.28818 -1.66091e-15 2.93992e-44 -0.419061 5.84744e-16 -3.30952e-30)
(-2.35096e-15 -3.50602e-32 -1.15224e-31 -1.37418 -5.3543e-44 4.72955e-16 -0.426639 6.31589e-17 5.68176e-17)
(0 -7.00649e-46 1.15224e-31 -1.37418 1.09905e-43 1.53212e-16 -0.426639 -4.09888e-30 3.81971e-17)
(0 1.48145e-31 0 -1.46647 -6.58997e-16 1.88791e-16 -0.43451 1.54257e-16 7.43364e-17)
(-2.89938e-15 8.04739e-32 0 -1.46647 2.37812e-15 -1.11519e-15 -0.43451 5.35296e-16 1.81549e-17)
(-2.28786e-15 4.21529e-32 8.43058e-32 -1.5656 -1.46067e-15 2.60709e-16 -0.4427 1.43762e-16 -2.32859e-17)
(9.15144e-15 -4.21529e-32 -4.39686e-30 -1.5656 2.44906e-15 -8.62382e-16 -0.4427 4.54377e-16 1.2313e-16)
(4.51073e-15 -2.73691e-47 -1.7664e-31 -1.67218 -2.91704e-62 -3.64883e-16 -0.451239 -4.93038e-32 -2.71845e-17)
(-9.02146e-15 1.56515e-31 4.37906e-46 -1.67218 -7.88861e-31 2.28707e-45 -0.451239 1.40976e-16 3.97092e-31)
(2.2222e-15 0 0 -1.78688 1.29935e-15 -1.12007e-16 -0.460156 8.20616e-17 -8.29442e-18)
(-1.22224e-14 0 0 -1.78688 1.97215e-31 4.041e-16 -0.460156 6.71273e-30 -6.65582e-17)
(0 3.42765e-31 0 -1.91043 -4.16462e-17 5.77137e-16 -0.469483 7.18539e-17 -5.90997e-17)
(-3.49231e-15 4.84656e-32 0 -1.91043 3.66924e-16 -1.8756e-16 -0.469483 3.02986e-16 4.72302e-17)
(5.81232e-15 5.07733e-32 5.07733e-32 -2.04363 -2.28575e-15 5.29972e-16 -0.479251 2.02447e-16 -1.36968e-16)
(-1.22735e-14 -3.85357e-45 -6.54514e-31 -2.04363 1.14573e-44 -2.04544e-16 -0.479251 -6.90747e-30 2.42461e-17)
(6.15306e-15 -2.12764e-31 0 -2.18736 -2.48071e-15 -2.64046e-16 -0.489495 4.41426e-16 -1.89287e-16)
(0 1.06382e-31 4.90454e-45 -2.18736 2.81106e-17 -4.74933e-44 -0.489495 1.92331e-16 7.36594e-30)
(2.00766e-15 0 0 -2.34259 -1.65688e-15 -5.325e-16 -0.50025 2.64206e-16 -1.19277e-16)
(8.32849e-15 0 -1.11447e-31 -2.34259 -1.20096e-15 1.0511e-15 -0.50025 1.99213e-16 1.13723e-16)
(2.04506e-15 -3.1601e-59 0 -2.51038 3.55796e-45 1.51383e-16 -0.51155 1.97215e-30 -9.23436e-17)
(-8.18024e-15 1.16754e-31 5.8377e-32 -2.51038 9.1851e-16 1.19548e-15 -0.51155 3.51298e-16 1.61978e-16)
(-2.39971e-15 9.2595e-32 6.11566e-32 -2.69187 2.59858e-15 2.85022e-16 -0.52343 3.44154e-16 -1.1232e-16)
(1.38533e-14 0 0 -2.69187 2.17644e-15 1.08163e-15 -0.52343 1.3406e-16 1.68265e-16)
(1.96817e-15 6.40686e-32 0 -2.88831 1.51364e-15 -7.75406e-17 -0.535925 3.76883e-16 -7.27782e-17)
(5.56436e-15 0 3.20343e-32 -2.88831 2.24859e-16 6.39106e-16 -0.535925 8.15344e-17 1.19197e-16)
(-4.89981e-16 1.0367e-31 -1.00679e-31 -3.10104 -4.15898e-16 -1.25039e-16 -0.549067 6.48144e-17 -3.84994e-17)
(2.41823e-15 -1.34239e-31 1.00679e-31 -3.10104 -6.52536e-16 8.03542e-17 -0.549067 1.40516e-16 8.15041e-17)
(0 1.33517e-31 -3.51576e-32 -3.3315 -2.42573e-16 -4.06174e-16 -0.562884 2.07627e-17 -2.80654e-17)
(0 -1.4063e-31 1.05097e-45 -3.3315 -1.71268e-17 2.46519e-32 -0.562884 1.5784e-16 3.86047e-30)
(0 4.99213e-45 0 -3.58118 9.86076e-32 -4.52658e-16 -0.577398 -5.76855e-30 1.1244e-17)
(-7.38077e-15 -2.2099e-31 0 -3.58118 -2.67524e-16 6.90307e-16 -0.577398 2.08476e-16 3.15904e-17)
(0 7.71709e-32 3.85854e-32 -3.85165 1.0754e-15 -2.12493e-16 -0.592623 1.48851e-16 1.81e-17)
(0 0 0 -3.85165 3.0192e-16 2.00122e-16 -0.592623 1.0297e-16 -4.54576e-21)
(-1.75752e-15 2.1698e-33 0 -4.14449 3.26818e-16 -3.27246e-16 -0.608561 1.10831e-16 2.16542e-17)
(-2.91276e-15 0 4.04227e-32 -4.14449 7.72915e-16 1.07866e-16 -0.608561 1.60642e-16 9.06741e-18)
(3.42366e-15 0 -3.76988e-33 -4.46123 0 -3.10424e-16 -0.625196 -5.53001e-46 2.54682e-17)
(-6.84731e-15 0 0 -4.46123 1.32621e-16 1.65893e-16 -0.625196 1.43159e-16 -2.02487e-17)
(1.73132e-15 0 -8.87278e-32 -4.80332 1.12379e-15 -2.77338e-16 -0.642486 7.38692e-17 3.05468e-17)
(1.59838e-15 0 8.87278e-32 -4.80332 3.12576e-16 -2.38347e-17 -0.642486 1.35155e-16 -8.04403e-18)
(1.61654e-15 0 4.64763e-32 -5.17194 1.29014e-15 -6.12607e-16 -0.660362 6.2962e-18 2.04638e-17)
(-6.46618e-15 0 0 -5.17194 -7.16644e-16 2.65514e-16 -0.660362 1.30834e-16 -2.26376e-17)
(1.5669e-15 0 -9.64304e-31 -5.56793 7.90013e-16 -3.12323e-17 -0.678711 -5.71773e-17 1.93033e-18)
(0 0 4.86893e-32 -5.56793 -1.17051e-43 4.38606e-16 -0.678711 6.48345e-30 -7.16931e-17)
(0 0 -4.37906e-46 -5.99157 -6.60974e-17 2.46519e-32 -0.697371 3.9256e-17 -3.04451e-30)
(-6.06369e-15 1.76181e-32 5.10077e-32 -5.99157 -4.84445e-16 1.20843e-16 -0.697371 1.27922e-16 -9.56558e-17)
(1.46363e-15 -5.34364e-32 4.76776e-32 -6.44233 1.08687e-16 2.4088e-16 -0.716116 9.773e-17 4.15025e-17)
(-1.92525e-15 1.4013e-45 0 -6.44233 -4.0144e-45 -1.64157e-16 -0.716116 3.74709e-30 -8.37458e-17)
(1.41008e-15 0 -6.39213e-33 -6.91865 7.38936e-16 -1.35249e-16 -0.734649 5.13356e-17 4.12223e-17)
(5.64033e-15 0 0 -6.91865 1.77605e-15 -8.57578e-17 -0.734649 1.95702e-16 -6.9279e-17)
(-3.46833e-15 -2.93232e-32 1.82999e-31 -7.41763 9.6208e-16 -4.09094e-16 -0.752589 6.00981e-18 4.27089e-17)
(0 5.86465e-32 -1.17293e-31 -7.41763 1.12643e-15 2.63208e-16 -0.752589 1.23668e-16 -8.1699e-17)
(1.29964e-15 0 8.75812e-47 -7.9348 6.67778e-16 5.5158e-45 -0.769472 3.69387e-17 -1.82424e-30)
(-5.19854e-15 2.9256e-32 3.07195e-32 -7.9348 7.53661e-16 4.67153e-16 -0.769472 6.59142e-17 -1.11136e-16)
(0 2.72029e-32 3.21822e-32 -8.46397 -5.81835e-31 2.99057e-16 -0.784752 4.90044e-17 2.11088e-17)
(-4.97225e-15 2.41366e-32 0 -8.46397 -5.17657e-16 1.45925e-16 -0.784752 9.43762e-17 -1.19587e-16)
(2.42939e-15 -5.05719e-32 0 -8.99721 -9.75895e-16 4.85516e-16 -0.797827 7.82491e-17 3.45075e-17)
(-1.07018e-14 1.31372e-45 -3.37146e-32 -8.99721 6.16298e-33 -1.17011e-16 -0.797827 2.33587e-30 -1.10398e-16)
(2.25679e-15 -3.7132e-33 2.0769e-32 -9.52512 -3.74011e-16 5.58395e-16 -0.808065 1.08332e-16 5.17627e-17)
(4.51358e-15 0 0 -9.52512 2.02195e-15 1.4518e-16 -0.808065 4.4829e-17 -9.40978e-17)
(1.07091e-15 -9.25043e-33 -4.39752e-32 -10.0374 1.7287e-16 5.72666e-16 -0.814862 1.22501e-16 4.35784e-17)
(0 0 3.70017e-32 -10.0374 3.86079e-16 2.95815e-16 -0.814862 -9.27133e-18 -8.86431e-17)
(3.42416e-15 -1.3817e-32 2.91267e-32 -10.5235 8.70793e-18 5.12524e-16 -0.817705 4.08811e-17 4.94327e-17)
(-1.3966e-15 -6.22282e-30 -3.87636e-32 -10.5235 -3.18136e-17 6.53512e-17 -0.817705 1.23487e-18 -8.07576e-17)
(1.46311e-15 0 -4.06093e-32 -10.9739 9.37445e-17 3.53786e-16 -0.816233 3.78599e-18 3.05815e-17)
(3.82937e-15 0 4.06093e-32 -10.9739 3.10195e-16 -6.66508e-17 -0.816233 2.53963e-17 -6.91323e-17)
(9.01941e-16 -6.93465e-33 -8.07888e-33 -11.3808 1.38385e-16 3.48966e-16 -0.810296 2.0286e-17 2.205e-17)
(-5.14054e-15 0 0 -11.3808 1.30759e-16 2.86994e-17 -0.810296 3.08594e-17 -6.21743e-17)
(0 0 2.22843e-32 -11.7392 -3.91602e-17 5.01142e-16 -0.79998 4.94687e-18 2.71983e-17)
(0 0 0 -11.7392 6.19094e-16 1.43903e-16 -0.79998 3.02441e-17 -5.7305e-17)
(0 0 0 -12.0468 -4.1099e-17 6.34838e-16 -0.785603 5.36582e-17 4.01739e-17)
(-3.18138e-15 2.20711e-30 4.66909e-32 -12.0468 3.66371e-16 1.5588e-16 -0.785603 1.29882e-17 -5.13539e-17)
(7.44567e-16 1.16201e-32 2.17934e-32 -12.3046 6.7829e-17 6.56679e-16 -0.76767 3.75835e-17 4.1624e-17)
(-2.97827e-15 -1.83428e-32 -2.4457e-32 -12.3046 -4.39966e-16 1.70711e-16 -0.76767 1.71824e-17 -4.30278e-17)
(-6.95641e-16 6.90684e-33 2.16818e-33 -12.5159 4.59043e-16 6.17499e-16 -0.746814 3.00868e-17 3.92314e-17)
(-2.78256e-15 6.4054e-33 0 -12.5159 -3.54792e-16 2.51919e-16 -0.746814 1.60549e-17 -3.60705e-17)
(-1.93414e-15 1.34208e-32 5.36831e-32 -12.6856 8.24206e-16 5.94739e-16 -0.72372 6.41712e-17 3.34291e-17)
(1.62744e-15 -2.35202e-29 0 -12.6856 3.30278e-16 2.60968e-16 -0.72372 9.25704e-18 -3.16522e-17)
(0 8.7874e-33 1.40598e-32 -12.8196 6.30235e-16 6.86315e-16 -0.699061 5.75296e-17 3.32524e-17)
(2.41417e-15 2.24208e-44 0 -12.8196 -2.90997e-43 1.74966e-16 -0.699061 1.92697e-29 -2.77782e-17)
(1.12074e-15 1.84116e-33 2.94586e-32 -12.9242 3.44197e-16 6.58361e-16 -0.673446 3.48767e-17 3.71727e-17)
(-2.24147e-15 -3.68232e-33 -2.94586e-32 -12.9242 -7.10846e-16 1.65189e-16 -0.673446 5.10184e-18 -2.03619e-17)
(5.19061e-16 -7.71532e-33 2.98741e-32 -13.005 3.49418e-16 5.28999e-16 -0.647395 1.98425e-17 2.75077e-17)
(0 -4.2039e-45 -3.08613e-32 -13.005 -7.67903e-44 2.32672e-16 -0.647395 -5.2793e-30 -1.71979e-17)
(4.79566e-16 -1.2124e-32 1.52523e-32 -13.0673 2.09261e-16 5.06234e-16 -0.621322 4.84175e-18 2.41527e-17)
(1.91827e-15 -1.94152e-30 -1.61654e-32 -13.0673 4.27201e-17 2.20845e-16 -0.621322 9.94069e-19 -1.50353e-17)
(-4.41819e-16 4.37906e-47 5.33559e-34 -13.1154 -2.75116e-45 4.97489e-16 -0.595547 5.88744e-18 2.29932e-17)
(-1.76728e-15 5.33327e-33 0 -13.1154 -2.55454e-17 1.94992e-16 -0.595547 1.21027e-17 -1.28358e-17)
(8.115e-16 4.3977e-31 -7.21674e-34 -13.1528 -1.35383e-16 4.54034e-16 -0.570302 1.15595e-18 2.12478e-17)
(0 0 0 -13.1528 4.71759e-43 2.04415e-16 -0.570302 9.01027e-30 -1.09737e-17)
(-3.71289e-16 5.80821e-34 9.86301e-33 -13.1824 -4.19197e-16 4.16832e-16 -0.545744 4.20852e-18 1.7349e-17)
(-1.48516e-15 5.60519e-45 0 -13.1824 -2.95823e-31 2.37804e-16 -0.545744 1.05818e-17 -9.93532e-18)
(0 2.43391e-33 1.94713e-32 -13.2062 -2.25215e-16 4.15431e-16 -0.521976 4.35085e-18 1.64169e-17)
(-7.01526e-16 0 0 -13.2062 9.98155e-17 2.34367e-16 -0.521976 1.06669e-17 -9.58893e-18)
(0 5.1276e-45 1.01992e-32 -13.2258 3.39702e-47 3.99579e-16 -0.499058 4.61853e-30 1.5702e-17)
(-1.22768e-15 2.72159e-33 0 -13.2258 1.47911e-31 2.03167e-16 -0.499058 4.90279e-18 -8.17739e-18)
(-3.84962e-16 4.67462e-33 3.20545e-32 -13.2423 4.3634e-16 3.67455e-16 -0.477018 8.18406e-18 1.38157e-17)
(0 -4.00682e-33 -2.13697e-32 -13.2423 -4.48339e-17 1.96408e-16 -0.477018 3.99458e-18 -7.21921e-18)
(-1.55109e-16 5.55592e-32 1.11471e-32 -13.2567 3.40799e-16 3.59464e-16 -0.455863 2.68047e-18 1.20966e-17)
(-9.92732e-16 -1.12745e-33 -5.59681e-33 -13.2567 -1.34201e-31 1.66185e-16 -0.455863 2.03103e-18 -6.57003e-18)
(-4.41545e-16 0 0 -13.2694 -8.62817e-32 3.4375e-16 -0.435584 2.29039e-18 1.05246e-17)
(-8.8309e-16 4.80974e-34 0 -13.2694 -4.2106e-17 1.54682e-16 -0.435584 3.22113e-18 -5.39626e-18)
(-1.9459e-16 -7.67811e-34 1.2285e-32 -13.281 -7.37046e-17 2.99024e-16 -0.416164 3.46725e-19 9.49515e-18)
(-7.78361e-16 0 -1.2285e-32 -13.281 1.40367e-45 1.68607e-16 -0.416164 -3.08149e-32 -4.76058e-18)
(1.69582e-16 0 -3.12135e-35 -13.2916 2.89132e-17 2.6032e-16 -0.397579 3.22383e-19 8.31513e-18)
(2.1464e-16 0 6.43496e-33 -13.2916 1.48153e-18 1.63853e-16 -0.397579 2.54038e-18 -4.4645e-18)
(-7.2865e-16 -7.37337e-34 1.34827e-32 -13.3015 1.25596e-16 2.42749e-16 -0.3798 -1.81891e-19 6.93408e-18)
(8.25664e-16 4.62304e-34 -1.01121e-32 -13.3015 -1.69351e-17 1.48215e-16 -0.3798 7.36749e-19 -4.23511e-18)
(2.54449e-16 -7.17272e-34 7.06237e-33 -13.3108 9.44168e-17 2.34768e-16 -0.362799 -1.4486e-18 6.61826e-18)
(-2.54449e-16 3.58636e-34 0 -13.3108 -3.58457e-17 1.44964e-16 -0.362799 -1.21428e-20 -3.88068e-18)
(-1.33282e-16 -7.22524e-34 3.69932e-33 -13.3196 2.27107e-17 2.17586e-16 -0.346544 -2.88661e-19 5.90267e-18)
(-4.0436e-16 5.40638e-34 0 -13.3196 -5.63599e-17 1.3891e-16 -0.346544 1.69057e-18 -3.67264e-18)
(0 2.47348e-46 7.75094e-33 -13.328 -1.2326e-32 2.08388e-16 -0.331006 -6.43646e-31 5.17662e-18)
(-3.21112e-16 9.14513e-46 -7.75094e-33 -13.328 1.0972e-46 1.28654e-16 -0.331006 1.64744e-30 -3.39543e-18)
(8.58754e-17 3.80625e-34 -3.97598e-33 -13.3359 -1.37117e-16 2.03563e-16 -0.316154 -7.00332e-19 4.94205e-18)
(0 -4.91641e-34 0 -13.3359 1.195e-16 1.27051e-16 -0.316154 5.29468e-19 -3.1097e-18)
(0 -4.31979e-34 4.25333e-33 -13.3435 -6.18778e-17 1.96407e-16 -0.30196 4.31697e-19 4.49829e-18)
(-1.65675e-16 3.6552e-34 -4.25333e-33 -13.3435 3.62264e-17 1.23545e-16 -0.30196 4.61036e-19 -2.8382e-18)
(0 -1.39245e-34 4.45585e-33 -13.3507 1.3737e-19 1.88827e-16 -0.288395 1.3881e-19 4.19376e-18)
(0 1.39245e-34 -4.45585e-33 -13.3507 1.73437e-17 1.1782e-16 -0.288395 3.53347e-19 -2.58762e-18)
(0 3.64689e-35 0 -13.3576 5.80373e-18 1.78084e-16 -0.275433 -1.41767e-20 3.78604e-18)
(0 -5.47033e-35 0 -13.3576 1.60998e-17 1.12171e-16 -0.275433 1.95347e-19 -2.36129e-18)
(0 -2.73691e-48 6.74782e-30 -13.3642 0 3.53426e-16 -0.186976 7.67291e-48 3.39817e-18)
(0 0 0 -13.3642 9.1746e-18 5.01025e-16 -0.186976 5.32949e-20 -2.17109e-18)
(0 -2.47026e-35 6.40393e-34 -13.3705 -4.68843e-18 1.02001e-15 -0.0613706 4.69336e-20 1.55647e-18)
(0 -6.70034e-36 -6.40393e-34 -13.3705 7.70372e-34 7.32206e-16 -0.0613706 -1.20703e-20 -1.18448e-19)
)
;

boundaryField
{
    walls
    {
        type            extrapolatedCalculated;
        value           nonuniform List<tensor> 8((0 -3.93457e-30 -1.79366e-43 13.3735 -2.56825e-12 -5.85033e-15 0.0613706 -5.89458e-15 -9.24999e-28) (0 -1.28079e-33 -7.1724e-32 13.3735 -7.71123e-16 -2.03986e-15 -0.0613706 5.89458e-15 1.81039e-17) (0 5.2461e-30 1.02463e-32 13.3735 -3.81778e-15 2.70555e-29 0.0613706 -8.76678e-18 8.41214e-17) (0 1.28079e-33 -2.95601e-28 13.3735 -3.03168e-18 3.66625e-14 -0.0613706 8.76678e-18 -8.41214e-17) (0 3.70178e-48 0 -13.3735 2.65108e-17 -1.70828e-16 0.0613706 -6.01853e-36 -1.55647e-18) (0 -2.47026e-35 6.40393e-34 -13.3735 -6.05577e-18 8.4918e-16 -0.0613706 4.69336e-20 1.55647e-18) (0 -2.18953e-47 3.20196e-34 -13.3735 -1.23297e-17 -6.23581e-16 0.0613706 4.46717e-32 1.18448e-19) (0 -6.70034e-36 -6.40393e-34 -13.3735 7.0691e-18 5.71958e-16 -0.0613706 -1.20703e-20 -1.18448e-19));
    }
    inlet
    {
        type            cyclic;
    }
    outlet
    {
        type            cyclic;
    }
    sides
    {
        type            empty;
    }
}


// ************************************************************************* //
