/*--------------------------------*- C++ -*----------------------------------*\
| =========                 |                                                 |
| \\      /  F ield         | OpenFOAM: The Open Source CFD Toolbox           |
|  \\    /   O peration     | Version:  2106                                  |
|   \\  /    A nd           | Website:  www.openfoam.com                      |
|    \\/     M anipulation  |                                                 |
\*---------------------------------------------------------------------------*/
FoamFile
{
    version     2.0;
    format      ascii;
    arch        "LSB;label=32;scalar=64";
    class       volScalarField;
    location    "10080";
    object      alphat;
}
// * * * * * * * * * * * * * * * * * * * * * * * * * * * * * * * * * * * * * //

dimensions      [0 2 -1 0 0 0 0];

internalField   nonuniform List<scalar> 
2000
(
3.33534e-12
3.33534e-12
4.03315e-12
4.03315e-12
2.86668e-11
2.86668e-11
2.09296e-10
2.09296e-10
9.69602e-10
9.69602e-10
3.29792e-09
3.29792e-09
9.11324e-09
9.11324e-09
2.17266e-08
2.17266e-08
4.63908e-08
4.63908e-08
9.09126e-08
9.09126e-08
1.66276e-07
1.66276e-07
2.87197e-07
2.87197e-07
4.72487e-07
4.72487e-07
7.45117e-07
7.45117e-07
1.13185e-06
1.13185e-06
1.66239e-06
1.66239e-06
2.36803e-06
2.36803e-06
3.28001e-06
3.28001e-06
4.42771e-06
4.42771e-06
5.83698e-06
5.83698e-06
7.52889e-06
7.52889e-06
9.51904e-06
9.51904e-06
1.18174e-05
1.18174e-05
1.44287e-05
1.44287e-05
1.73532e-05
1.73532e-05
2.05877e-05
2.05877e-05
2.41264e-05
2.41264e-05
2.79619e-05
2.79619e-05
3.20859e-05
3.20859e-05
3.64896e-05
3.64896e-05
4.11648e-05
4.11648e-05
4.61033e-05
4.61033e-05
5.12976e-05
5.12976e-05
5.67411e-05
5.67411e-05
6.24278e-05
6.24278e-05
6.83525e-05
6.83525e-05
7.45106e-05
7.45106e-05
8.08983e-05
8.08983e-05
8.75125e-05
8.75125e-05
9.43505e-05
9.43505e-05
0.00010141
0.00010141
0.00010869
0.00010869
0.000116189
0.000116189
0.000123907
0.000123907
0.000131842
0.000131842
0.000139995
0.000139995
0.000148366
0.000148366
0.000156955
0.000156955
0.000165764
0.000165764
0.000174793
0.000174793
0.000184044
0.000184044
0.000193517
0.000193517
0.000203214
0.000203214
0.000213138
0.000213138
0.000223289
0.000223289
0.00023367
0.00023367
0.000244283
0.000244283
0.00025513
0.00025513
0.000266214
0.000266214
0.000277537
0.000277537
0.000289101
0.000289101
0.000300909
0.000300909
0.000312965
0.000312965
0.00032527
0.00032527
0.000337828
0.000337828
0.000350643
0.000350643
0.000363716
0.000363716
0.000377051
0.000377051
0.000390651
0.000390651
0.000404521
0.000404521
0.000418662
0.000418662
0.000433079
0.000433079
0.000447776
0.000447776
0.000462755
0.000462755
0.000478021
0.000478021
0.000493577
0.000493577
0.000509427
0.000509427
0.000525574
0.000525574
0.000542024
0.000542024
0.000558779
0.000558779
0.000575845
0.000575845
0.000593224
0.000593224
0.00061092
0.00061092
0.000628939
0.000628939
0.000647285
0.000647285
0.000665961
0.000665961
0.000684972
0.000684972
0.000704322
0.000704322
0.000724015
0.000724015
0.000744057
0.000744057
0.000764452
0.000764452
0.000785203
0.000785203
0.000806316
0.000806316
0.000827795
0.000827795
0.000849645
0.000849645
0.000871871
0.000871871
0.000894476
0.000894476
0.000917466
0.000917466
0.000940846
0.000940846
0.00096462
0.00096462
0.000988793
0.000988793
0.00101337
0.00101337
0.00103836
0.00103836
0.00106375
0.00106375
0.00108957
0.00108957
0.00111581
0.00111581
0.00114248
0.00114248
0.00116958
0.00116958
0.00119712
0.00119712
0.0012251
0.0012251
0.00125353
0.00125353
0.00128241
0.00128241
0.00131174
0.00131174
0.00134154
0.00134154
0.0013718
0.0013718
0.00140254
0.00140254
0.00143375
0.00143375
0.00146544
0.00146544
0.00149762
0.00149762
0.00153028
0.00153028
0.00156344
0.00156344
0.0015971
0.0015971
0.00163126
0.00163126
0.00166593
0.00166593
0.00170111
0.00170111
0.0017368
0.0017368
0.00177302
0.00177302
0.00180975
0.00180975
0.00184702
0.00184702
0.00188482
0.00188482
0.00192315
0.00192315
0.00196202
0.00196202
0.00200143
0.00200143
0.00204139
0.00204139
0.0020819
0.0020819
0.00212295
0.00212295
0.00216457
0.00216457
0.00220674
0.00220674
0.00224946
0.00224946
0.00229275
0.00229275
0.00233661
0.00233661
0.00238103
0.00238103
0.00242601
0.00242601
0.00247157
0.00247157
0.00251769
0.00251769
0.00256438
0.00256438
0.00261165
0.00261165
0.00265948
0.00265948
0.00270789
0.00270789
0.00275686
0.00275686
0.00280641
0.00280641
0.00285652
0.00285652
0.0029072
0.0029072
0.00295845
0.00295845
0.00301026
0.00301026
0.00306262
0.00306262
0.00311555
0.00311555
0.00316903
0.00316903
0.00322305
0.00322305
0.00327762
0.00327762
0.00333273
0.00333273
0.00338837
0.00338837
0.00344454
0.00344454
0.00350123
0.00350123
0.00355843
0.00355843
0.00361613
0.00361613
0.00367433
0.00367433
0.00373301
0.00373301
0.00379216
0.00379216
0.00385178
0.00385178
0.00391184
0.00391184
0.00397234
0.00397234
0.00403327
0.00403327
0.0040946
0.0040946
0.00415633
0.00415633
0.00421843
0.00421843
0.00428089
0.00428089
0.00434369
0.00434369
0.00440681
0.00440681
0.00447022
0.00447022
0.00453391
0.00453391
0.00459785
0.00459785
0.00466201
0.00466201
0.00472638
0.00472638
0.00479091
0.00479091
0.00485559
0.00485559
0.00492038
0.00492038
0.00498525
0.00498525
0.00505016
0.00505016
0.00511508
0.00511508
0.00517998
0.00517998
0.0052448
0.0052448
0.00530952
0.00530952
0.00537409
0.00537409
0.00543845
0.00543845
0.00550258
0.00550258
0.00556641
0.00556641
0.00562989
0.00562989
0.00569298
0.00569298
0.00575561
0.00575561
0.00581773
0.00581773
0.00587927
0.00587927
0.00594017
0.00594017
0.00600037
0.00600037
0.0060598
0.0060598
0.00611837
0.00611837
0.00617603
0.00617603
0.00623269
0.00623269
0.00628827
0.00628827
0.00634269
0.00634269
0.00639586
0.00639586
0.00644769
0.00644769
0.00649809
0.00649809
0.00654697
0.00654697
0.00659422
0.00659422
0.00663975
0.00663975
0.00668345
0.00668345
0.00672522
0.00672522
0.00676495
0.00676495
0.00680253
0.00680253
0.00683784
0.00683784
0.00687079
0.00687079
0.00690125
0.00690125
0.00692911
0.00692911
0.00695428
0.00695428
0.00697663
0.00697663
0.00699608
0.00699608
0.00701253
0.00701253
0.00702589
0.00702589
0.0070361
0.0070361
0.0070431
0.0070431
0.00704685
0.00704685
0.00704734
0.00704734
0.00704458
0.00704458
0.00703864
0.00703864
0.0070296
0.0070296
0.00701761
0.00701761
0.00700287
0.00700287
0.00698566
0.00698566
0.00696631
0.00696631
0.00694525
0.00694525
0.00692299
0.00692299
0.00690014
0.00690014
0.00687737
0.00687737
0.00685545
0.00685545
0.0068352
0.0068352
0.00681748
0.00681748
0.00680312
0.00680312
0.00679293
0.00679293
0.00678757
0.00678757
3.33534e-12
3.33534e-12
4.03315e-12
4.03315e-12
2.86668e-11
2.86668e-11
2.09296e-10
2.09296e-10
9.69602e-10
9.69602e-10
3.29792e-09
3.29792e-09
9.11324e-09
9.11324e-09
2.17266e-08
2.17266e-08
4.63908e-08
4.63908e-08
9.09126e-08
9.09126e-08
1.66276e-07
1.66276e-07
2.87197e-07
2.87197e-07
4.72487e-07
4.72487e-07
7.45117e-07
7.45117e-07
1.13185e-06
1.13185e-06
1.66239e-06
1.66239e-06
2.36803e-06
2.36803e-06
3.28001e-06
3.28001e-06
4.42771e-06
4.42771e-06
5.83698e-06
5.83698e-06
7.52889e-06
7.52889e-06
9.51904e-06
9.51904e-06
1.18174e-05
1.18174e-05
1.44287e-05
1.44287e-05
1.73532e-05
1.73532e-05
2.05877e-05
2.05877e-05
2.41264e-05
2.41264e-05
2.79619e-05
2.79619e-05
3.20859e-05
3.20859e-05
3.64896e-05
3.64896e-05
4.11648e-05
4.11648e-05
4.61033e-05
4.61033e-05
5.12976e-05
5.12976e-05
5.67411e-05
5.67411e-05
6.24278e-05
6.24278e-05
6.83525e-05
6.83525e-05
7.45106e-05
7.45106e-05
8.08983e-05
8.08983e-05
8.75125e-05
8.75125e-05
9.43505e-05
9.43505e-05
0.00010141
0.00010141
0.00010869
0.00010869
0.000116189
0.000116189
0.000123907
0.000123907
0.000131842
0.000131842
0.000139995
0.000139995
0.000148366
0.000148366
0.000156955
0.000156955
0.000165764
0.000165764
0.000174793
0.000174793
0.000184044
0.000184044
0.000193517
0.000193517
0.000203214
0.000203214
0.000213138
0.000213138
0.000223289
0.000223289
0.00023367
0.00023367
0.000244283
0.000244283
0.00025513
0.00025513
0.000266214
0.000266214
0.000277537
0.000277537
0.000289101
0.000289101
0.000300909
0.000300909
0.000312965
0.000312965
0.00032527
0.00032527
0.000337828
0.000337828
0.000350643
0.000350643
0.000363716
0.000363716
0.000377051
0.000377051
0.000390651
0.000390651
0.000404521
0.000404521
0.000418662
0.000418662
0.000433079
0.000433079
0.000447776
0.000447776
0.000462755
0.000462755
0.000478021
0.000478021
0.000493577
0.000493577
0.000509427
0.000509427
0.000525574
0.000525574
0.000542024
0.000542024
0.000558779
0.000558779
0.000575845
0.000575845
0.000593224
0.000593224
0.00061092
0.00061092
0.000628939
0.000628939
0.000647285
0.000647285
0.000665961
0.000665961
0.000684972
0.000684972
0.000704322
0.000704322
0.000724015
0.000724015
0.000744057
0.000744057
0.000764452
0.000764452
0.000785203
0.000785203
0.000806316
0.000806316
0.000827795
0.000827795
0.000849645
0.000849645
0.000871871
0.000871871
0.000894476
0.000894476
0.000917466
0.000917466
0.000940846
0.000940846
0.00096462
0.00096462
0.000988793
0.000988793
0.00101337
0.00101337
0.00103836
0.00103836
0.00106375
0.00106375
0.00108957
0.00108957
0.00111581
0.00111581
0.00114248
0.00114248
0.00116958
0.00116958
0.00119712
0.00119712
0.0012251
0.0012251
0.00125353
0.00125353
0.00128241
0.00128241
0.00131174
0.00131174
0.00134154
0.00134154
0.0013718
0.0013718
0.00140254
0.00140254
0.00143375
0.00143375
0.00146544
0.00146544
0.00149762
0.00149762
0.00153028
0.00153028
0.00156344
0.00156344
0.0015971
0.0015971
0.00163126
0.00163126
0.00166593
0.00166593
0.00170111
0.00170111
0.0017368
0.0017368
0.00177302
0.00177302
0.00180975
0.00180975
0.00184702
0.00184702
0.00188482
0.00188482
0.00192315
0.00192315
0.00196202
0.00196202
0.00200143
0.00200143
0.00204139
0.00204139
0.0020819
0.0020819
0.00212295
0.00212295
0.00216457
0.00216457
0.00220674
0.00220674
0.00224946
0.00224946
0.00229275
0.00229275
0.00233661
0.00233661
0.00238103
0.00238103
0.00242601
0.00242601
0.00247157
0.00247157
0.00251769
0.00251769
0.00256438
0.00256438
0.00261165
0.00261165
0.00265948
0.00265948
0.00270789
0.00270789
0.00275686
0.00275686
0.00280641
0.00280641
0.00285652
0.00285652
0.0029072
0.0029072
0.00295845
0.00295845
0.00301026
0.00301026
0.00306262
0.00306262
0.00311555
0.00311555
0.00316903
0.00316903
0.00322305
0.00322305
0.00327762
0.00327762
0.00333273
0.00333273
0.00338837
0.00338837
0.00344454
0.00344454
0.00350123
0.00350123
0.00355843
0.00355843
0.00361613
0.00361613
0.00367433
0.00367433
0.00373301
0.00373301
0.00379216
0.00379216
0.00385178
0.00385178
0.00391184
0.00391184
0.00397234
0.00397234
0.00403327
0.00403327
0.0040946
0.0040946
0.00415633
0.00415633
0.00421843
0.00421843
0.00428089
0.00428089
0.00434369
0.00434369
0.00440681
0.00440681
0.00447022
0.00447022
0.00453391
0.00453391
0.00459785
0.00459785
0.00466201
0.00466201
0.00472638
0.00472638
0.00479091
0.00479091
0.00485559
0.00485559
0.00492038
0.00492038
0.00498525
0.00498525
0.00505016
0.00505016
0.00511508
0.00511508
0.00517998
0.00517998
0.0052448
0.0052448
0.00530952
0.00530952
0.00537409
0.00537409
0.00543845
0.00543845
0.00550258
0.00550258
0.00556641
0.00556641
0.00562989
0.00562989
0.00569298
0.00569298
0.00575561
0.00575561
0.00581773
0.00581773
0.00587927
0.00587927
0.00594017
0.00594017
0.00600037
0.00600037
0.0060598
0.0060598
0.00611837
0.00611837
0.00617603
0.00617603
0.00623269
0.00623269
0.00628827
0.00628827
0.00634269
0.00634269
0.00639586
0.00639586
0.00644769
0.00644769
0.00649809
0.00649809
0.00654697
0.00654697
0.00659422
0.00659422
0.00663975
0.00663975
0.00668345
0.00668345
0.00672522
0.00672522
0.00676495
0.00676495
0.00680253
0.00680253
0.00683784
0.00683784
0.00687079
0.00687079
0.00690125
0.00690125
0.00692911
0.00692911
0.00695428
0.00695428
0.00697663
0.00697663
0.00699608
0.00699608
0.00701253
0.00701253
0.00702589
0.00702589
0.0070361
0.0070361
0.0070431
0.0070431
0.00704685
0.00704685
0.00704734
0.00704734
0.00704458
0.00704458
0.00703864
0.00703864
0.0070296
0.0070296
0.00701761
0.00701761
0.00700287
0.00700287
0.00698566
0.00698566
0.00696631
0.00696631
0.00694525
0.00694525
0.00692299
0.00692299
0.00690014
0.00690014
0.00687737
0.00687737
0.00685545
0.00685545
0.0068352
0.0068352
0.00681748
0.00681748
0.00680312
0.00680312
0.00679293
0.00679293
0.00678757
0.00678757
0.00678757
0.00678757
0.00679293
0.00679293
0.00680312
0.00680312
0.00681747
0.00681747
0.0068352
0.0068352
0.00685545
0.00685545
0.00687737
0.00687737
0.00690013
0.00690013
0.00692299
0.00692299
0.00694525
0.00694525
0.00696631
0.00696631
0.00698566
0.00698566
0.00700287
0.00700287
0.00701761
0.00701761
0.0070296
0.0070296
0.00703863
0.00703863
0.00704458
0.00704458
0.00704733
0.00704733
0.00704684
0.00704684
0.0070431
0.0070431
0.0070361
0.0070361
0.00702589
0.00702589
0.00701253
0.00701253
0.00699608
0.00699608
0.00697663
0.00697663
0.00695428
0.00695428
0.00692911
0.00692911
0.00690125
0.00690125
0.00687079
0.00687079
0.00683784
0.00683784
0.00680253
0.00680253
0.00676495
0.00676495
0.00672522
0.00672522
0.00668345
0.00668345
0.00663975
0.00663975
0.00659422
0.00659422
0.00654697
0.00654697
0.00649809
0.00649809
0.00644769
0.00644769
0.00639586
0.00639586
0.00634269
0.00634269
0.00628827
0.00628827
0.00623269
0.00623269
0.00617603
0.00617603
0.00611837
0.00611837
0.00605979
0.00605979
0.00600037
0.00600037
0.00594017
0.00594017
0.00587927
0.00587927
0.00581773
0.00581773
0.00575561
0.00575561
0.00569298
0.00569298
0.00562989
0.00562989
0.00556641
0.00556641
0.00550258
0.00550258
0.00543845
0.00543845
0.00537408
0.00537408
0.00530952
0.00530952
0.0052448
0.0052448
0.00517997
0.00517997
0.00511508
0.00511508
0.00505016
0.00505016
0.00498525
0.00498525
0.00492038
0.00492038
0.00485559
0.00485559
0.00479091
0.00479091
0.00472637
0.00472637
0.00466201
0.00466201
0.00459785
0.00459785
0.00453391
0.00453391
0.00447022
0.00447022
0.0044068
0.0044068
0.00434369
0.00434369
0.00428089
0.00428089
0.00421843
0.00421843
0.00415633
0.00415633
0.0040946
0.0040946
0.00403327
0.00403327
0.00397234
0.00397234
0.00391184
0.00391184
0.00385177
0.00385177
0.00379216
0.00379216
0.003733
0.003733
0.00367432
0.00367432
0.00361613
0.00361613
0.00355843
0.00355843
0.00350123
0.00350123
0.00344454
0.00344454
0.00338837
0.00338837
0.00333273
0.00333273
0.00327762
0.00327762
0.00322305
0.00322305
0.00316903
0.00316903
0.00311555
0.00311555
0.00306262
0.00306262
0.00301026
0.00301026
0.00295845
0.00295845
0.0029072
0.0029072
0.00285652
0.00285652
0.00280641
0.00280641
0.00275686
0.00275686
0.00270789
0.00270789
0.00265948
0.00265948
0.00261165
0.00261165
0.00256438
0.00256438
0.00251769
0.00251769
0.00247156
0.00247156
0.00242601
0.00242601
0.00238103
0.00238103
0.00233661
0.00233661
0.00229275
0.00229275
0.00224946
0.00224946
0.00220674
0.00220674
0.00216457
0.00216457
0.00212295
0.00212295
0.0020819
0.0020819
0.00204139
0.00204139
0.00200143
0.00200143
0.00196202
0.00196202
0.00192315
0.00192315
0.00188482
0.00188482
0.00184702
0.00184702
0.00180975
0.00180975
0.00177302
0.00177302
0.0017368
0.0017368
0.00170111
0.00170111
0.00166593
0.00166593
0.00163126
0.00163126
0.0015971
0.0015971
0.00156344
0.00156344
0.00153028
0.00153028
0.00149762
0.00149762
0.00146544
0.00146544
0.00143375
0.00143375
0.00140254
0.00140254
0.0013718
0.0013718
0.00134154
0.00134154
0.00131174
0.00131174
0.00128241
0.00128241
0.00125353
0.00125353
0.0012251
0.0012251
0.00119712
0.00119712
0.00116958
0.00116958
0.00114248
0.00114248
0.00111581
0.00111581
0.00108957
0.00108957
0.00106375
0.00106375
0.00103836
0.00103836
0.00101337
0.00101337
0.000988794
0.000988794
0.00096462
0.00096462
0.000940846
0.000940846
0.000917467
0.000917467
0.000894476
0.000894476
0.000871871
0.000871871
0.000849645
0.000849645
0.000827795
0.000827795
0.000806316
0.000806316
0.000785203
0.000785203
0.000764452
0.000764452
0.000744057
0.000744057
0.000724015
0.000724015
0.000704322
0.000704322
0.000684972
0.000684972
0.000665961
0.000665961
0.000647285
0.000647285
0.000628939
0.000628939
0.00061092
0.00061092
0.000593224
0.000593224
0.000575845
0.000575845
0.00055878
0.00055878
0.000542024
0.000542024
0.000525575
0.000525575
0.000509427
0.000509427
0.000493577
0.000493577
0.000478021
0.000478021
0.000462755
0.000462755
0.000447776
0.000447776
0.000433079
0.000433079
0.000418662
0.000418662
0.000404521
0.000404521
0.000390651
0.000390651
0.000377051
0.000377051
0.000363716
0.000363716
0.000350643
0.000350643
0.000337829
0.000337829
0.00032527
0.00032527
0.000312965
0.000312965
0.000300909
0.000300909
0.000289101
0.000289101
0.000277537
0.000277537
0.000266214
0.000266214
0.00025513
0.00025513
0.000244283
0.000244283
0.00023367
0.00023367
0.000223289
0.000223289
0.000213138
0.000213138
0.000203214
0.000203214
0.000193517
0.000193517
0.000184044
0.000184044
0.000174793
0.000174793
0.000165764
0.000165764
0.000156955
0.000156955
0.000148366
0.000148366
0.000139995
0.000139995
0.000131842
0.000131842
0.000123907
0.000123907
0.000116189
0.000116189
0.00010869
0.00010869
0.00010141
0.00010141
9.43505e-05
9.43505e-05
8.75125e-05
8.75125e-05
8.08983e-05
8.08983e-05
7.45106e-05
7.45106e-05
6.83525e-05
6.83525e-05
6.24278e-05
6.24278e-05
5.67411e-05
5.67411e-05
5.12976e-05
5.12976e-05
4.61033e-05
4.61033e-05
4.11648e-05
4.11648e-05
3.64897e-05
3.64897e-05
3.20859e-05
3.20859e-05
2.79619e-05
2.79619e-05
2.41264e-05
2.41264e-05
2.05877e-05
2.05877e-05
1.73532e-05
1.73532e-05
1.44287e-05
1.44287e-05
1.18174e-05
1.18174e-05
9.51905e-06
9.51905e-06
7.5289e-06
7.5289e-06
5.83698e-06
5.83698e-06
4.42771e-06
4.42771e-06
3.28001e-06
3.28001e-06
2.36803e-06
2.36803e-06
1.66239e-06
1.66239e-06
1.13185e-06
1.13185e-06
7.45118e-07
7.45118e-07
4.72487e-07
4.72487e-07
2.87197e-07
2.87197e-07
1.66276e-07
1.66276e-07
9.09125e-08
9.09125e-08
4.63907e-08
4.63907e-08
2.17266e-08
2.17266e-08
9.11324e-09
9.11324e-09
3.29792e-09
3.29792e-09
9.69604e-10
9.69604e-10
2.09296e-10
2.09296e-10
2.8667e-11
2.8667e-11
4.03319e-12
4.03319e-12
3.33537e-12
3.33537e-12
0.00678757
0.00678757
0.00679293
0.00679293
0.00680312
0.00680312
0.00681747
0.00681747
0.0068352
0.0068352
0.00685545
0.00685545
0.00687737
0.00687737
0.00690013
0.00690014
0.00692299
0.00692299
0.00694525
0.00694525
0.00696631
0.00696631
0.00698566
0.00698566
0.00700287
0.00700287
0.00701761
0.00701761
0.0070296
0.0070296
0.00703863
0.00703863
0.00704458
0.00704458
0.00704733
0.00704733
0.00704684
0.00704684
0.0070431
0.0070431
0.0070361
0.0070361
0.00702589
0.00702589
0.00701253
0.00701253
0.00699608
0.00699608
0.00697663
0.00697663
0.00695428
0.00695428
0.00692911
0.00692911
0.00690125
0.00690125
0.00687079
0.00687079
0.00683784
0.00683784
0.00680253
0.00680253
0.00676495
0.00676495
0.00672522
0.00672522
0.00668345
0.00668345
0.00663975
0.00663975
0.00659422
0.00659422
0.00654697
0.00654697
0.00649809
0.00649809
0.00644769
0.00644769
0.00639586
0.00639586
0.00634269
0.00634269
0.00628827
0.00628827
0.00623269
0.00623269
0.00617603
0.00617603
0.00611837
0.00611837
0.00605979
0.00605979
0.00600037
0.00600037
0.00594017
0.00594017
0.00587927
0.00587927
0.00581773
0.00581773
0.00575561
0.00575561
0.00569298
0.00569298
0.00562989
0.00562989
0.00556641
0.00556641
0.00550258
0.00550258
0.00543845
0.00543845
0.00537408
0.00537408
0.00530952
0.00530952
0.0052448
0.0052448
0.00517997
0.00517997
0.00511508
0.00511508
0.00505016
0.00505016
0.00498525
0.00498525
0.00492038
0.00492038
0.00485559
0.00485559
0.00479091
0.00479091
0.00472637
0.00472637
0.00466201
0.00466201
0.00459785
0.00459785
0.00453391
0.00453391
0.00447022
0.00447022
0.0044068
0.0044068
0.00434369
0.00434369
0.00428089
0.00428089
0.00421843
0.00421843
0.00415633
0.00415633
0.0040946
0.0040946
0.00403327
0.00403327
0.00397234
0.00397234
0.00391184
0.00391184
0.00385177
0.00385177
0.00379216
0.00379216
0.003733
0.003733
0.00367432
0.00367432
0.00361613
0.00361613
0.00355843
0.00355843
0.00350123
0.00350123
0.00344454
0.00344454
0.00338837
0.00338837
0.00333273
0.00333273
0.00327762
0.00327762
0.00322305
0.00322305
0.00316903
0.00316903
0.00311555
0.00311555
0.00306262
0.00306262
0.00301026
0.00301026
0.00295845
0.00295845
0.0029072
0.0029072
0.00285652
0.00285652
0.00280641
0.00280641
0.00275686
0.00275686
0.00270789
0.00270789
0.00265948
0.00265948
0.00261165
0.00261165
0.00256438
0.00256438
0.00251769
0.00251769
0.00247156
0.00247156
0.00242601
0.00242601
0.00238103
0.00238103
0.00233661
0.00233661
0.00229275
0.00229275
0.00224946
0.00224946
0.00220674
0.00220674
0.00216457
0.00216457
0.00212295
0.00212295
0.0020819
0.0020819
0.00204139
0.00204139
0.00200143
0.00200143
0.00196202
0.00196202
0.00192315
0.00192315
0.00188482
0.00188482
0.00184702
0.00184702
0.00180975
0.00180975
0.00177302
0.00177302
0.0017368
0.0017368
0.00170111
0.00170111
0.00166593
0.00166593
0.00163126
0.00163126
0.0015971
0.0015971
0.00156344
0.00156344
0.00153028
0.00153028
0.00149762
0.00149762
0.00146544
0.00146544
0.00143375
0.00143375
0.00140254
0.00140254
0.0013718
0.0013718
0.00134154
0.00134154
0.00131174
0.00131174
0.00128241
0.00128241
0.00125353
0.00125353
0.0012251
0.0012251
0.00119712
0.00119712
0.00116958
0.00116958
0.00114248
0.00114248
0.00111581
0.00111581
0.00108957
0.00108957
0.00106375
0.00106375
0.00103836
0.00103836
0.00101337
0.00101337
0.000988794
0.000988794
0.00096462
0.00096462
0.000940846
0.000940846
0.000917467
0.000917467
0.000894476
0.000894476
0.000871871
0.000871871
0.000849645
0.000849645
0.000827795
0.000827795
0.000806316
0.000806316
0.000785203
0.000785203
0.000764452
0.000764452
0.000744057
0.000744057
0.000724015
0.000724015
0.000704322
0.000704322
0.000684972
0.000684972
0.000665961
0.000665961
0.000647285
0.000647285
0.000628939
0.000628939
0.00061092
0.00061092
0.000593224
0.000593224
0.000575845
0.000575845
0.00055878
0.00055878
0.000542024
0.000542024
0.000525575
0.000525575
0.000509427
0.000509427
0.000493577
0.000493577
0.000478021
0.000478021
0.000462755
0.000462755
0.000447776
0.000447776
0.000433079
0.000433079
0.000418662
0.000418662
0.000404521
0.000404521
0.000390651
0.000390651
0.000377051
0.000377051
0.000363716
0.000363716
0.000350643
0.000350643
0.000337829
0.000337829
0.00032527
0.00032527
0.000312965
0.000312965
0.000300909
0.000300909
0.000289101
0.000289101
0.000277537
0.000277537
0.000266214
0.000266214
0.00025513
0.00025513
0.000244283
0.000244283
0.00023367
0.00023367
0.000223289
0.000223289
0.000213138
0.000213138
0.000203214
0.000203214
0.000193517
0.000193517
0.000184044
0.000184044
0.000174793
0.000174793
0.000165764
0.000165764
0.000156955
0.000156955
0.000148366
0.000148366
0.000139995
0.000139995
0.000131842
0.000131842
0.000123907
0.000123907
0.000116189
0.000116189
0.00010869
0.00010869
0.00010141
0.00010141
9.43505e-05
9.43505e-05
8.75125e-05
8.75125e-05
8.08983e-05
8.08983e-05
7.45106e-05
7.45106e-05
6.83525e-05
6.83525e-05
6.24278e-05
6.24278e-05
5.67411e-05
5.67411e-05
5.12976e-05
5.12976e-05
4.61033e-05
4.61033e-05
4.11648e-05
4.11648e-05
3.64897e-05
3.64897e-05
3.20859e-05
3.20859e-05
2.79619e-05
2.79619e-05
2.41264e-05
2.41264e-05
2.05877e-05
2.05877e-05
1.73532e-05
1.73532e-05
1.44287e-05
1.44287e-05
1.18174e-05
1.18174e-05
9.51905e-06
9.51905e-06
7.5289e-06
7.5289e-06
5.83698e-06
5.83698e-06
4.42771e-06
4.42771e-06
3.28001e-06
3.28001e-06
2.36803e-06
2.36803e-06
1.66239e-06
1.66239e-06
1.13185e-06
1.13185e-06
7.45118e-07
7.45118e-07
4.72487e-07
4.72487e-07
2.87197e-07
2.87197e-07
1.66276e-07
1.66276e-07
9.09125e-08
9.09125e-08
4.63907e-08
4.63907e-08
2.17266e-08
2.17266e-08
9.11324e-09
9.11324e-09
3.29792e-09
3.29792e-09
9.69604e-10
9.69604e-10
2.09296e-10
2.09296e-10
2.8667e-11
2.8667e-11
4.03319e-12
4.03319e-12
3.33537e-12
3.33537e-12
)
;

boundaryField
{
    walls
    {
        type            alphatJayatillekeWallFunction;
        Prt             0.85;
        kappa           0.41;
        E               9.8;
        value           uniform 0;
    }
    inlet
    {
        type            cyclic;
    }
    outlet
    {
        type            cyclic;
    }
    sides
    {
        type            empty;
    }
}


// ************************************************************************* //
