/*--------------------------------*- C++ -*----------------------------------*\
| =========                 |                                                 |
| \\      /  F ield         | OpenFOAM: The Open Source CFD Toolbox           |
|  \\    /   O peration     | Version:  2106                                  |
|   \\  /    A nd           | Website:  www.openfoam.com                      |
|    \\/     M anipulation  |                                                 |
\*---------------------------------------------------------------------------*/
FoamFile
{
    version     2.0;
    format      ascii;
    arch        "LSB;label=32;scalar=64";
    class       volVectorField;
    location    "10080";
    object      U;
}
// * * * * * * * * * * * * * * * * * * * * * * * * * * * * * * * * * * * * * //

dimensions      [0 1 -1 0 0 0 0];

internalField   nonuniform List<vector> 
2000
(
(0.0056986 -8.67104e-16 -2.52674e-17)
(0.0056986 -6.54027e-19 1.05328e-32)
(0.0172 -2.80135e-15 -2.7013e-17)
(0.0172 -5.14503e-19 -9.76858e-21)
(0.0289139 -2.76111e-15 -2.79427e-17)
(0.0289139 -1.45594e-18 -1.66967e-20)
(0.0408441 -2.57771e-15 -2.81095e-17)
(0.0408441 -2.15356e-18 -2.97781e-20)
(0.0529945 -2.56399e-15 -2.82849e-17)
(0.0529945 -2.9362e-18 -4.53893e-20)
(0.0653689 -2.56263e-15 -2.84873e-17)
(0.0653689 -3.82611e-18 -6.25973e-20)
(0.0779707 -2.56305e-15 -2.86781e-17)
(0.0779707 -4.75025e-18 -8.08954e-20)
(0.0908026 -2.56056e-15 -2.88632e-17)
(0.0908026 -5.58988e-18 -1.01094e-19)
(0.103866 -2.55886e-15 -2.90481e-17)
(0.103866 -6.54526e-18 -1.23528e-19)
(0.117161 -2.55769e-15 -2.92268e-17)
(0.117161 -7.69496e-18 -1.47043e-19)
(0.130684 -2.55676e-15 -2.93905e-17)
(0.130684 -8.89127e-18 -1.72611e-19)
(0.144428 -2.55571e-15 -2.95269e-17)
(0.144428 -9.94794e-18 -2.00444e-19)
(0.158381 -2.55436e-15 -2.96208e-17)
(0.158381 -1.11038e-17 -2.3255e-19)
(0.172522 -2.55288e-15 -2.9657e-17)
(0.172522 -1.25336e-17 -2.64605e-19)
(0.186826 -2.5513e-15 -2.96188e-17)
(0.186826 -1.40123e-17 -2.99046e-19)
(0.201256 -2.54974e-15 -2.94869e-17)
(0.201256 -1.54269e-17 -3.35207e-19)
(0.215766 -2.5482e-15 -2.92461e-17)
(0.215766 -1.69377e-17 -3.79359e-19)
(0.230305 -2.5464e-15 -2.88818e-17)
(0.230305 -1.85291e-17 -4.21256e-19)
(0.244813 -2.54686e-15 -2.83839e-17)
(0.244813 -2.02724e-17 -4.64777e-19)
(0.259226 -2.54017e-15 -2.77501e-17)
(0.259226 -2.21394e-17 -5.09712e-19)
(0.273481 -2.54027e-15 -2.69843e-17)
(0.273481 -2.38404e-17 -5.57792e-19)
(0.287518 -2.53783e-15 -2.60964e-17)
(0.287518 -2.58214e-17 -6.03977e-19)
(0.301283 -2.53538e-15 -2.51006e-17)
(0.301283 -2.80568e-17 -6.50853e-19)
(0.31473 -2.53296e-15 -2.40189e-17)
(0.31473 -3.01729e-17 -6.89793e-19)
(0.327822 -2.53055e-15 -2.28695e-17)
(0.327822 -3.22491e-17 -7.16339e-19)
(0.340534 -2.52823e-15 -2.16715e-17)
(0.340534 -3.43246e-17 -7.43051e-19)
(0.352847 -2.52589e-15 -2.04427e-17)
(0.352847 -3.66445e-17 -7.6225e-19)
(0.364755 -2.52347e-15 -1.92002e-17)
(0.364755 -3.90476e-17 -7.76062e-19)
(0.376256 -2.52054e-15 -1.79556e-17)
(0.376256 -4.12246e-17 -7.98184e-19)
(0.387354 -2.51756e-15 -1.67156e-17)
(0.387354 -4.3702e-17 -8.21662e-19)
(0.398059 -2.51483e-15 -1.54884e-17)
(0.398059 -4.5867e-17 -8.364e-19)
(0.408383 -2.5121e-15 -1.42813e-17)
(0.408383 -4.79561e-17 -8.4874e-19)
(0.41834 -2.50947e-15 -1.30964e-17)
(0.41834 -5.03438e-17 -8.60491e-19)
(0.427947 -2.50692e-15 -1.19334e-17)
(0.427947 -5.28518e-17 -8.78645e-19)
(0.437219 -2.50435e-15 -1.07933e-17)
(0.437219 -5.51638e-17 -8.81612e-19)
(0.446175 -2.50167e-15 -9.67696e-18)
(0.446175 -5.77352e-17 -8.86845e-19)
(0.454829 -2.49827e-15 -8.57988e-18)
(0.454829 -6.06277e-17 -8.92164e-19)
(0.463199 -2.49475e-15 -7.49238e-18)
(0.463199 -6.28164e-17 -8.94807e-19)
(0.471301 -2.49137e-15 -6.41445e-18)
(0.471301 -6.53945e-17 -9.14368e-19)
(0.479149 -2.48803e-15 -5.34418e-18)
(0.479149 -6.80451e-17 -9.22402e-19)
(0.486758 -2.48514e-15 -4.28477e-18)
(0.486758 -7.03351e-17 -9.06556e-19)
(0.494141 -2.48214e-15 -3.23008e-18)
(0.494141 -7.30004e-17 -9.04618e-19)
(0.501311 -2.47913e-15 -2.18214e-18)
(0.501311 -7.52828e-17 -9.15455e-19)
(0.50828 -2.47594e-15 -1.13195e-18)
(0.50828 -7.83152e-17 -9.36686e-19)
(0.515059 -2.47237e-15 -7.58106e-20)
(0.515059 -8.10415e-17 -9.27179e-19)
(0.521659 -2.46878e-15 9.83799e-19)
(0.521659 -8.37881e-17 -9.3238e-19)
(0.528089 -2.46537e-15 2.047e-18)
(0.528089 -8.7118e-17 -9.42803e-19)
(0.534359 -2.46274e-15 3.11529e-18)
(0.534359 -8.9152e-17 -9.0297e-19)
(0.540477 -2.46002e-15 4.18826e-18)
(0.540477 -9.13251e-17 -8.40951e-19)
(0.546451 -2.45671e-15 5.26476e-18)
(0.546451 -9.45331e-17 -8.34362e-19)
(0.55229 -2.45309e-15 6.34153e-18)
(0.55229 -9.76125e-17 -8.52072e-19)
(0.557998 -2.44932e-15 7.42236e-18)
(0.557998 -1.00101e-16 -8.35472e-19)
(0.563584 -2.44544e-15 8.51661e-18)
(0.563584 -1.02598e-16 -8.32397e-19)
(0.569054 -2.44102e-15 9.61686e-18)
(0.569054 -1.05568e-16 -8.03898e-19)
(0.574413 -2.43636e-15 1.07327e-17)
(0.574413 -1.07858e-16 -8.003e-19)
(0.579666 -2.43193e-15 1.18648e-17)
(0.579666 -1.10067e-16 -8.58293e-19)
(0.584819 -2.42801e-15 1.30065e-17)
(0.584819 -1.1272e-16 -8.33232e-19)
(0.589876 -2.42456e-15 1.4161e-17)
(0.589876 -1.14912e-16 -7.77243e-19)
(0.594841 -2.42103e-15 1.53277e-17)
(0.594841 -1.17547e-16 -7.73511e-19)
(0.59972 -2.41687e-15 1.65127e-17)
(0.59972 -1.20499e-16 -8.58638e-19)
(0.604515 -2.41304e-15 1.77105e-17)
(0.604515 -1.23693e-16 -9.60158e-19)
(0.609231 -2.40879e-15 1.89182e-17)
(0.609231 -1.26503e-16 -9.34086e-19)
(0.613871 -2.40501e-15 2.0142e-17)
(0.613871 -1.28638e-16 -7.86118e-19)
(0.618438 -2.40184e-15 2.13566e-17)
(0.618438 -1.32048e-16 -7.95784e-19)
(0.622936 -2.39845e-15 2.25652e-17)
(0.622936 -1.35525e-16 -8.15179e-19)
(0.627367 -2.39391e-15 2.37693e-17)
(0.627367 -1.38522e-16 -7.44515e-19)
(0.631734 -2.38776e-15 2.4985e-17)
(0.631734 -1.42412e-16 -7.32964e-19)
(0.636039 -2.38252e-15 2.62085e-17)
(0.636039 -1.46472e-16 -7.15037e-19)
(0.640286 -2.37758e-15 2.74342e-17)
(0.640286 -1.49621e-16 -6.90011e-19)
(0.644476 -2.37258e-15 2.8672e-17)
(0.644476 -1.54064e-16 -6.32085e-19)
(0.648612 -2.36725e-15 2.99204e-17)
(0.648612 -1.59135e-16 -4.92134e-19)
(0.652695 -2.36141e-15 3.11811e-17)
(0.652695 -1.62161e-16 -3.92112e-19)
(0.656729 -2.35615e-15 3.24713e-17)
(0.656729 -1.66101e-16 -3.6069e-19)
(0.660714 -2.35123e-15 3.37817e-17)
(0.660714 -1.709e-16 -5.17074e-19)
(0.664652 -2.34619e-15 3.51023e-17)
(0.664652 -1.73674e-16 -6.21787e-19)
(0.668546 -2.34057e-15 3.64743e-17)
(0.668546 -1.77153e-16 -4.53645e-19)
(0.672397 -2.33378e-15 3.78939e-17)
(0.672397 -1.81031e-16 -3.7283e-19)
(0.676206 -2.32696e-15 3.93805e-17)
(0.676206 -1.84634e-16 -3.27692e-19)
(0.679974 -2.32033e-15 4.09119e-17)
(0.679974 -1.88165e-16 -3.05339e-19)
(0.683705 -2.31407e-15 4.24811e-17)
(0.683705 -1.91127e-16 -4.12783e-19)
(0.687397 -2.30762e-15 4.40887e-17)
(0.687397 -1.94503e-16 -4.19761e-19)
(0.691054 -2.30027e-15 4.57451e-17)
(0.691054 -1.95936e-16 -2.4956e-19)
(0.694676 -2.29231e-15 4.74489e-17)
(0.694676 -2.01315e-16 -3.03875e-19)
(0.698264 -2.28466e-15 4.92031e-17)
(0.698264 -2.08148e-16 -5.07589e-19)
(0.70182 -2.27779e-15 5.10039e-17)
(0.70182 -2.11899e-16 -3.8244e-19)
(0.705344 -2.26998e-15 5.28554e-17)
(0.705344 -2.17744e-16 -6.51058e-20)
(0.708838 -2.26452e-15 5.47816e-17)
(0.708838 -2.25596e-16 1.41755e-19)
(0.712302 -2.26181e-15 5.67409e-17)
(0.712302 -2.32661e-16 1.43981e-19)
(0.715738 -2.25518e-15 5.87469e-17)
(0.715738 -2.37295e-16 4.09285e-19)
(0.719146 -2.24561e-15 6.08117e-17)
(0.719146 -2.44622e-16 7.64371e-19)
(0.722528 -2.2369e-15 6.29298e-17)
(0.722528 -2.53986e-16 9.41733e-19)
(0.725884 -2.22854e-15 6.51382e-17)
(0.725884 -2.6025e-16 1.25472e-18)
(0.729214 -2.22079e-15 6.74517e-17)
(0.729214 -2.63203e-16 1.37057e-18)
(0.732521 -2.2155e-15 6.98553e-17)
(0.732521 -2.62602e-16 9.56414e-19)
(0.735804 -2.21057e-15 7.23074e-17)
(0.735804 -2.62279e-16 9.06068e-19)
(0.739063 -2.20573e-15 7.48185e-17)
(0.739063 -2.63435e-16 9.82498e-19)
(0.742301 -2.20235e-15 7.73818e-17)
(0.742301 -2.65934e-16 9.36e-19)
(0.745518 -2.19804e-15 7.99691e-17)
(0.745518 -2.67408e-16 7.46693e-19)
(0.748713 -2.19194e-15 8.26603e-17)
(0.748713 -2.68382e-16 5.43628e-19)
(0.751888 -2.18601e-15 8.54097e-17)
(0.751888 -2.71195e-16 2.75941e-19)
(0.755044 -2.17963e-15 8.82827e-17)
(0.755044 -2.74936e-16 3.88461e-19)
(0.75818 -2.17222e-15 9.12196e-17)
(0.75818 -2.77595e-16 6.92153e-19)
(0.761298 -2.16458e-15 9.42554e-17)
(0.761298 -2.81443e-16 3.28513e-19)
(0.764398 -2.15839e-15 9.73602e-17)
(0.764398 -2.83676e-16 -2.26705e-19)
(0.76748 -2.15112e-15 1.00557e-16)
(0.76748 -2.86872e-16 -2.98422e-19)
(0.770545 -2.14126e-15 1.03841e-16)
(0.770545 -2.91807e-16 -1.38143e-20)
(0.773594 -2.132e-15 1.07304e-16)
(0.773594 -2.95348e-16 1.3833e-19)
(0.776627 -2.12368e-15 1.10874e-16)
(0.776627 -3.02668e-16 -1.25957e-19)
(0.779644 -2.11402e-15 1.14565e-16)
(0.779644 -3.08586e-16 -5.29983e-19)
(0.782646 -2.1023e-15 1.18397e-16)
(0.782646 -3.15969e-16 -3.18067e-19)
(0.785633 -2.08925e-15 1.22352e-16)
(0.785633 -3.23707e-16 -1.85676e-19)
(0.788605 -2.08165e-15 1.26572e-16)
(0.788605 -3.29096e-16 1.60219e-19)
(0.791564 -2.07685e-15 1.30916e-16)
(0.791564 -3.32816e-16 3.51815e-19)
(0.794508 -2.07067e-15 1.32486e-16)
(0.794508 -3.37589e-16 2.19463e-19)
(0.79744 -2.06597e-15 1.29934e-16)
(0.79744 -3.4218e-16 -6.33646e-19)
(0.800359 -2.05877e-15 1.26762e-16)
(0.800359 -3.46018e-16 -9.3709e-19)
(0.803265 -2.04765e-15 1.23511e-16)
(0.803265 -3.51932e-16 -1.12565e-18)
(0.806158 -2.03424e-15 1.19009e-16)
(0.806158 -3.61594e-16 -1.81514e-18)
(0.80904 -2.02397e-15 1.13755e-16)
(0.80904 -3.68315e-16 -1.86129e-18)
(0.81191 -2.01672e-15 1.07689e-16)
(0.81191 -3.65572e-16 -2.05632e-18)
(0.814769 -2.01034e-15 1.01423e-16)
(0.814769 -3.64484e-16 -2.07977e-18)
(0.817616 -2.00295e-15 9.54892e-17)
(0.817616 -3.67324e-16 -2.0341e-18)
(0.820453 -1.99496e-15 8.93293e-17)
(0.820453 -3.66593e-16 -2.94818e-18)
(0.823279 -1.98911e-15 8.19959e-17)
(0.823279 -3.65717e-16 -4.0975e-18)
(0.826095 -1.97924e-15 7.37998e-17)
(0.826095 -3.6233e-16 -5.45674e-18)
(0.828901 -1.96509e-15 6.59007e-17)
(0.828901 -3.65985e-16 -5.58622e-18)
(0.831697 -1.95289e-15 5.84971e-17)
(0.831697 -3.72084e-16 -5.93855e-18)
(0.834483 -1.94424e-15 5.1009e-17)
(0.834483 -3.77566e-16 -6.82114e-18)
(0.83726 -1.93686e-15 4.22165e-17)
(0.83726 -3.90558e-16 -8.22641e-18)
(0.840028 -1.92904e-15 3.2546e-17)
(0.840028 -3.97284e-16 -7.6622e-18)
(0.842787 -1.91819e-15 2.39829e-17)
(0.842787 -4.06645e-16 -6.7919e-18)
(0.845538 -1.90401e-15 1.43792e-17)
(0.845538 -4.17507e-16 -7.81208e-18)
(0.848279 -1.88778e-15 3.88588e-18)
(0.848279 -4.28262e-16 -9.86931e-18)
(0.851013 -1.87136e-15 -8.56042e-18)
(0.851013 -4.36861e-16 -9.18513e-18)
(0.853738 -1.85847e-15 -1.80684e-17)
(0.853738 -4.4397e-16 -6.75019e-18)
(0.856455 -1.84736e-15 -2.87265e-17)
(0.856455 -4.53413e-16 -8.43695e-18)
(0.859164 -1.8346e-15 -4.17598e-17)
(0.859164 -4.64182e-16 -9.87622e-18)
(0.861866 -1.82424e-15 -5.49646e-17)
(0.861866 -4.72736e-16 -9.29784e-18)
(0.86456 -1.81361e-15 -6.83902e-17)
(0.86456 -4.77496e-16 -1.04502e-17)
(0.867247 -1.79923e-15 -8.40562e-17)
(0.867247 -4.90149e-16 -1.33263e-17)
(0.869927 -1.78597e-15 -1.01614e-16)
(0.869927 -5.02167e-16 -1.49785e-17)
(0.8726 -1.7731e-15 -1.17963e-16)
(0.8726 -5.13403e-16 -1.10178e-17)
(0.875265 -1.75955e-15 -1.33626e-16)
(0.875265 -5.28733e-16 -9.99263e-18)
(0.877924 -1.74536e-15 -1.51296e-16)
(0.877924 -5.35391e-16 -1.30289e-17)
(0.880577 -1.73313e-15 -1.71227e-16)
(0.880577 -5.44723e-16 -1.37708e-17)
(0.883222 -1.71754e-15 -1.75819e-16)
(0.883222 -5.59069e-16 -1.08688e-17)
(0.885861 -1.70074e-15 -1.72772e-16)
(0.885861 -5.74693e-16 -1.01337e-17)
(0.888494 -1.68385e-15 -1.689e-16)
(0.888494 -5.89625e-16 -1.18182e-17)
(0.891121 -1.66302e-15 -1.65017e-16)
(0.891121 -5.97382e-16 -1.10169e-17)
(0.893741 -1.63491e-15 -1.60477e-16)
(0.893741 -6.12095e-16 -6.32686e-18)
(0.896356 -1.60663e-15 -1.58312e-16)
(0.896356 -6.26998e-16 -1.99516e-19)
(0.898964 -1.59224e-15 -1.55797e-16)
(0.898964 -6.36187e-16 6.47318e-18)
(0.901567 -1.58126e-15 -1.54133e-16)
(0.901567 -6.52819e-16 5.81291e-18)
(0.904164 -1.56204e-15 -1.50811e-16)
(0.904164 -6.61928e-16 2.29202e-18)
(0.906755 -1.5418e-15 -1.47743e-16)
(0.906755 -6.69634e-16 -2.44871e-18)
(0.90934 -1.52416e-15 -1.38772e-16)
(0.90934 -6.88795e-16 -5.84219e-18)
(0.91192 -1.50209e-15 -1.38166e-16)
(0.91192 -6.96216e-16 -9.12995e-18)
(0.914495 -1.48322e-15 -1.37254e-16)
(0.914495 -6.99209e-16 -1.32251e-17)
(0.917063 -1.46324e-15 -1.37055e-16)
(0.917063 -7.11015e-16 -2.0622e-17)
(0.919627 -1.44127e-15 -1.38036e-16)
(0.919627 -7.13486e-16 -2.6462e-17)
(0.922185 -1.42096e-15 -1.39811e-16)
(0.922185 -7.25934e-16 -3.47647e-17)
(0.924737 -1.39595e-15 -1.41475e-16)
(0.924737 -7.357e-16 -4.29641e-17)
(0.927285 -1.37533e-15 -1.45426e-16)
(0.927285 -7.36312e-16 -4.9424e-17)
(0.929826 -1.35636e-15 -1.4826e-16)
(0.929826 -7.37809e-16 -5.62543e-17)
(0.932363 -1.33623e-15 -1.52113e-16)
(0.932363 -7.32781e-16 -6.49198e-17)
(0.934895 -1.32191e-15 -1.59803e-16)
(0.934895 -7.40313e-16 -7.44851e-17)
(0.937421 -1.30872e-15 -1.67174e-16)
(0.937421 -7.51508e-16 -8.2882e-17)
(0.939941 -1.2927e-15 -1.7205e-16)
(0.939941 -7.59442e-16 -8.87441e-17)
(0.942457 -1.27761e-15 -1.75473e-16)
(0.942457 -7.70039e-16 -9.03931e-17)
(0.944967 -1.26275e-15 -1.78592e-16)
(0.944967 -7.76037e-16 -9.38004e-17)
(0.947472 -1.23764e-15 -1.80377e-16)
(0.947472 -7.87663e-16 -9.93075e-17)
(0.949972 -1.20785e-15 -1.83261e-16)
(0.949972 -7.98947e-16 -1.01669e-16)
(0.952466 -1.19381e-15 -1.84727e-16)
(0.952466 -7.98069e-16 -1.04212e-16)
(0.954955 -1.17637e-15 -1.81425e-16)
(0.954955 -7.91053e-16 -1.06617e-16)
(0.957439 -1.15185e-15 -1.80436e-16)
(0.957439 -7.85507e-16 -1.09619e-16)
(0.959917 -1.136e-15 -1.76577e-16)
(0.959917 -7.81943e-16 -1.142e-16)
(0.96239 -1.11974e-15 -1.74957e-16)
(0.96239 -7.77988e-16 -1.19241e-16)
(0.964857 -1.11537e-15 -1.70972e-16)
(0.964857 -7.6376e-16 -1.25003e-16)
(0.967319 -1.12212e-15 -1.61275e-16)
(0.967319 -7.5871e-16 -1.31198e-16)
(0.969774 -1.11402e-15 -1.48181e-16)
(0.969774 -7.6886e-16 -1.38764e-16)
(0.972224 -1.07593e-15 -1.34232e-16)
(0.972224 -7.90036e-16 -1.345e-16)
(0.974669 -1.0359e-15 -1.27166e-16)
(0.974669 -8.14168e-16 -1.26557e-16)
(0.977107 -1.01302e-15 -1.24524e-16)
(0.977107 -8.24563e-16 -1.14117e-16)
(0.979539 -9.95093e-16 -1.25373e-16)
(0.979539 -8.37553e-16 -1.02621e-16)
(0.981965 -9.86046e-16 -1.21125e-16)
(0.981965 -8.41374e-16 -9.74011e-17)
(0.984384 -9.79026e-16 -1.15892e-16)
(0.984384 -8.4818e-16 -9.2322e-17)
(0.986798 -9.60109e-16 -1.20581e-16)
(0.986798 -8.52688e-16 -8.12876e-17)
(0.989204 -9.34029e-16 -1.25682e-16)
(0.989204 -8.55837e-16 -8.11343e-17)
(0.991604 -9.37e-16 -1.31071e-16)
(0.991604 -8.5468e-16 -8.87444e-17)
(0.993997 -9.33483e-16 -1.34824e-16)
(0.993997 -8.44968e-16 -1.02236e-16)
(0.996383 -9.24326e-16 -1.33513e-16)
(0.996383 -8.54123e-16 -1.06483e-16)
(0.998762 -9.14085e-16 -1.30015e-16)
(0.998762 -8.65199e-16 -1.08424e-16)
(1.00113 -8.85029e-16 -1.31852e-16)
(1.00113 -8.6996e-16 -1.06526e-16)
(1.0035 -8.70402e-16 -1.29923e-16)
(1.0035 -8.8032e-16 -1.07271e-16)
(1.00585 -8.73095e-16 -1.33248e-16)
(1.00585 -8.96412e-16 -9.81999e-17)
(1.0082 -8.52463e-16 -1.33934e-16)
(1.0082 -8.76075e-16 -8.92528e-17)
(1.01054 -8.75658e-16 -1.43793e-16)
(1.01054 -8.54996e-16 -8.28032e-17)
(1.01287 -8.70062e-16 -1.47938e-16)
(1.01287 -8.66156e-16 -8.73676e-17)
(1.01519 -8.8359e-16 -1.32543e-16)
(1.01519 -8.38595e-16 -9.38136e-17)
(1.0175 -8.5248e-16 -1.24362e-16)
(1.0175 -8.19961e-16 -1.07936e-16)
(1.0198 -8.375e-16 -1.20692e-16)
(1.0198 -8.20854e-16 -1.26638e-16)
(1.0221 -8.24902e-16 -1.22067e-16)
(1.0221 -7.88282e-16 -1.23002e-16)
(1.02438 -8.27925e-16 -1.15034e-16)
(1.02438 -7.74642e-16 -1.33138e-16)
(1.02665 -8.118e-16 -1.0831e-16)
(1.02665 -7.86451e-16 -1.31854e-16)
(1.02891 -7.87607e-16 -1.0839e-16)
(1.02891 -7.59553e-16 -1.342e-16)
(1.03116 -7.52368e-16 -1.22792e-16)
(1.03116 -7.24048e-16 -1.22967e-16)
(1.03339 -7.30126e-16 -1.33602e-16)
(1.03339 -7.35874e-16 -1.30332e-16)
(1.03562 -6.97426e-16 -1.4819e-16)
(1.03562 -7.21558e-16 -1.35591e-16)
(1.03783 -6.76202e-16 -1.41955e-16)
(1.03783 -6.90286e-16 -1.4378e-16)
(1.04003 -6.57867e-16 -1.44778e-16)
(1.04003 -6.61991e-16 -1.53531e-16)
(1.04221 -6.33742e-16 -1.41476e-16)
(1.04221 -6.32235e-16 -1.48952e-16)
(1.04438 -6.16058e-16 -1.46845e-16)
(1.04438 -6.30309e-16 -1.34548e-16)
(1.04653 -6.38382e-16 -1.42206e-16)
(1.04653 -6.09576e-16 -1.18126e-16)
(1.04867 -6.22355e-16 -1.2931e-16)
(1.04867 -5.9306e-16 -1.24195e-16)
(1.05079 -6.22521e-16 -1.37543e-16)
(1.05079 -6.31316e-16 -1.27487e-16)
(1.05289 -6.25618e-16 -1.47103e-16)
(1.05289 -6.29995e-16 -1.29582e-16)
(1.05497 -6.36477e-16 -1.36901e-16)
(1.05497 -6.09702e-16 -1.21406e-16)
(1.05704 -6.28637e-16 -1.12074e-16)
(1.05704 -6.24325e-16 -9.84202e-17)
(1.05908 -6.26367e-16 -1.02346e-16)
(1.05908 -6.2582e-16 -9.98122e-17)
(1.0611 -5.72978e-16 -1.14425e-16)
(1.0611 -6.35996e-16 -8.03017e-17)
(1.0631 -6.08721e-16 -1.03036e-16)
(1.0631 -6.12841e-16 -4.5339e-17)
(1.06508 -5.72155e-16 -1.16097e-16)
(1.06508 -5.85905e-16 -5.94463e-17)
(1.06703 -5.76141e-16 -1.29269e-16)
(1.06703 -5.70217e-16 -5.29307e-17)
(1.06896 -6.03403e-16 -1.08429e-16)
(1.06896 -5.24885e-16 -7.15704e-17)
(1.07085 -5.64759e-16 -9.81233e-17)
(1.07085 -5.2976e-16 -6.83537e-17)
(1.07272 -5.45143e-16 -1.09796e-16)
(1.07272 -5.42055e-16 -7.75205e-17)
(1.07456 -5.21295e-16 -1.23585e-16)
(1.07456 -5.36902e-16 -9.43854e-17)
(1.07636 -4.93589e-16 -1.51928e-16)
(1.07636 -4.96823e-16 -1.13328e-16)
(1.07813 -5.09785e-16 -1.76724e-16)
(1.07813 -5.34905e-16 -1.16134e-16)
(1.07986 -5.55096e-16 -1.41886e-16)
(1.07986 -5.5957e-16 -1.03921e-16)
(1.08155 -5.18422e-16 -1.02267e-16)
(1.08155 -5.18529e-16 -9.08674e-17)
(1.0832 -4.94131e-16 -1.08929e-16)
(1.0832 -5.40215e-16 -8.12863e-17)
(1.08481 -4.90891e-16 -9.78591e-17)
(1.08481 -5.43235e-16 -8.13151e-17)
(1.08637 -4.88989e-16 -1.03337e-16)
(1.08637 -5.64715e-16 -1.00571e-16)
(1.08788 -5.10043e-16 -4.48946e-17)
(1.08788 -6.08683e-16 -7.23316e-17)
(1.08934 -5.54135e-16 -8.35985e-17)
(1.08934 -5.88233e-16 -1.90402e-17)
(1.09073 -5.1746e-16 -8.79295e-17)
(1.09073 -5.5556e-16 -2.92103e-17)
(1.09207 -5.22684e-16 -7.60113e-17)
(1.09207 -5.16581e-16 -2.69708e-17)
(1.09334 -5.25821e-16 -8.61885e-17)
(1.09334 -5.16775e-16 -2.81351e-17)
(1.09454 -5.13349e-16 -9.21802e-17)
(1.09454 -5.1889e-16 2.06307e-18)
(1.09567 -5.58125e-16 -7.29899e-17)
(1.09567 -4.57291e-16 -3.77612e-17)
(1.09671 -5.35653e-16 -7.1839e-17)
(1.09671 -4.32387e-16 -7.15055e-17)
(1.09767 -5.03007e-16 -6.01487e-17)
(1.09767 -4.4942e-16 -8.47281e-17)
(1.09853 -4.40015e-16 -6.99894e-17)
(1.09853 -4.12197e-16 -8.74988e-17)
(1.0993 -4.10482e-16 -5.38062e-17)
(1.0993 -4.06193e-16 -8.45021e-17)
(1.09995 -4.03613e-16 -3.3283e-17)
(1.09995 -4.068e-16 -6.02627e-17)
(1.10049 -4.32667e-16 -6.20761e-17)
(1.10049 -3.80297e-16 -1.0468e-16)
(1.10091 -4.21677e-16 -3.48848e-17)
(1.10091 -3.79053e-16 -1.47402e-16)
(1.1012 -3.75777e-16 1.36149e-17)
(1.1012 -4.11635e-16 -1.32928e-16)
(1.10135 -3.6458e-16 -2.08256e-17)
(1.10135 -4.06092e-16 -8.34208e-17)
(0.0056986 -1.46749e-19 8.11503e-18)
(0.0056986 6.53e-23 2.55201e-17)
(0.0172 -3.77099e-20 2.30488e-18)
(0.0172 1.2467e-19 6.30969e-17)
(0.0289139 -2.98129e-19 2.39597e-18)
(0.0289139 1.82704e-19 6.54529e-17)
(0.0408441 -4.17542e-19 2.49347e-18)
(0.0408441 2.88226e-19 6.78865e-17)
(0.0529945 -5.88849e-19 2.59835e-18)
(0.0529945 4.03651e-19 7.03977e-17)
(0.0653689 -7.65798e-19 2.71068e-18)
(0.0653689 5.45226e-19 7.29866e-17)
(0.0779707 -9.43702e-19 2.83132e-18)
(0.0779707 6.96056e-19 7.56516e-17)
(0.0908026 -1.14133e-18 2.96117e-18)
(0.0908026 8.44798e-19 7.83878e-17)
(0.103866 -1.32717e-18 3.10117e-18)
(0.103866 1.01619e-18 8.1185e-17)
(0.117161 -1.59997e-18 3.25493e-18)
(0.117161 1.26091e-18 8.4028e-17)
(0.130684 -1.97036e-18 3.41832e-18)
(0.130684 1.53797e-18 8.68957e-17)
(0.144428 -2.25724e-18 3.59208e-18)
(0.144428 1.82527e-18 8.97548e-17)
(0.158381 -2.67449e-18 3.77619e-18)
(0.158381 2.14471e-18 9.25589e-17)
(0.172522 -3.32133e-18 3.96499e-18)
(0.172522 2.50502e-18 9.52567e-17)
(0.186826 -3.79674e-18 4.15087e-18)
(0.186826 2.85349e-18 9.77841e-17)
(0.201256 -4.11496e-18 4.33436e-18)
(0.201256 3.12964e-18 1.00069e-16)
(0.215766 -4.51192e-18 4.51281e-18)
(0.215766 3.2321e-18 1.02029e-16)
(0.230305 -4.87113e-18 4.67949e-18)
(0.230305 3.30734e-18 1.036e-16)
(0.244813 -5.25601e-18 4.83937e-18)
(0.244813 3.47663e-18 1.04722e-16)
(0.259226 -5.75111e-18 4.98477e-18)
(0.259226 3.67278e-18 1.05362e-16)
(0.273481 -6.30301e-18 5.1108e-18)
(0.273481 3.9024e-18 1.05506e-16)
(0.287518 -6.82917e-18 5.22398e-18)
(0.287518 4.37121e-18 1.05165e-16)
(0.301283 -7.64271e-18 5.32054e-18)
(0.301283 4.9789e-18 1.0438e-16)
(0.31473 -8.57492e-18 5.39703e-18)
(0.31473 5.40906e-18 1.03203e-16)
(0.327822 -9.23481e-18 5.45548e-18)
(0.327822 5.66707e-18 1.01696e-16)
(0.340534 -9.90814e-18 5.50583e-18)
(0.340534 6.00848e-18 9.99149e-17)
(0.352847 -1.09667e-17 5.5461e-18)
(0.352847 6.72147e-18 9.79359e-17)
(0.364755 -1.20808e-17 5.56673e-18)
(0.364755 7.29784e-18 9.58226e-17)
(0.376256 -1.29153e-17 5.57652e-18)
(0.376256 7.63445e-18 9.36176e-17)
(0.387354 -1.37374e-17 5.58845e-18)
(0.387354 7.95561e-18 9.1356e-17)
(0.398059 -1.47511e-17 5.59155e-18)
(0.398059 8.48573e-18 8.90802e-17)
(0.408383 -1.5872e-17 5.57709e-18)
(0.408383 9.19112e-18 8.6824e-17)
(0.41834 -1.68236e-17 5.5552e-18)
(0.41834 9.69956e-18 8.46013e-17)
(0.427947 -1.7697e-17 5.5288e-18)
(0.427947 1.01675e-17 8.24196e-17)
(0.437219 -1.88239e-17 5.49602e-18)
(0.437219 1.09601e-17 8.02987e-17)
(0.446175 -1.95784e-17 5.45844e-18)
(0.446175 1.09623e-17 7.82327e-17)
(0.454829 -1.94023e-17 5.44483e-18)
(0.454829 1.06383e-17 7.62159e-17)
(0.463199 -1.90527e-17 5.46845e-18)
(0.463199 1.06926e-17 7.42579e-17)
(0.471301 -1.91315e-17 5.5241e-18)
(0.471301 1.06453e-17 7.23569e-17)
(0.479149 -1.95519e-17 5.58199e-18)
(0.479149 1.10876e-17 7.05306e-17)
(0.486758 -1.99632e-17 5.66581e-18)
(0.486758 1.15563e-17 6.87586e-17)
(0.494141 -2.07547e-17 5.77605e-18)
(0.494141 1.11222e-17 6.70444e-17)
(0.501311 -2.09987e-17 5.88528e-18)
(0.501311 1.09984e-17 6.5395e-17)
(0.50828 -2.07142e-17 6.04909e-18)
(0.50828 1.13102e-17 6.37639e-17)
(0.515059 -2.09257e-17 6.23089e-18)
(0.515059 1.20229e-17 6.21932e-17)
(0.521659 -2.15091e-17 6.45262e-18)
(0.521659 1.22749e-17 6.06498e-17)
(0.528089 -2.31091e-17 6.70256e-18)
(0.528089 1.17888e-17 5.91283e-17)
(0.534359 -2.42077e-17 6.9436e-18)
(0.534359 1.24489e-17 5.76599e-17)
(0.540477 -2.42924e-17 7.23184e-18)
(0.540477 1.32477e-17 5.62118e-17)
(0.546451 -2.57553e-17 7.53795e-18)
(0.546451 1.33134e-17 5.47961e-17)
(0.55229 -2.72352e-17 7.79855e-18)
(0.55229 1.34613e-17 5.34125e-17)
(0.557998 -2.75966e-17 8.07042e-18)
(0.557998 1.46074e-17 5.20496e-17)
(0.563584 -2.87882e-17 8.35623e-18)
(0.563584 1.49957e-17 5.06903e-17)
(0.569054 -2.98088e-17 8.60453e-18)
(0.569054 1.44503e-17 4.93688e-17)
(0.574413 -3.02741e-17 8.88908e-18)
(0.574413 1.4792e-17 4.80216e-17)
(0.579666 -3.16284e-17 9.1998e-18)
(0.579666 1.50738e-17 4.66204e-17)
(0.584819 -3.33287e-17 9.46726e-18)
(0.584819 1.65612e-17 4.52602e-17)
(0.589876 -3.40808e-17 9.70793e-18)
(0.589876 1.7745e-17 4.39564e-17)
(0.594841 -3.44196e-17 9.96238e-18)
(0.594841 1.72669e-17 4.26553e-17)
(0.59972 -3.5109e-17 1.02514e-17)
(0.59972 1.68266e-17 4.1326e-17)
(0.604515 -3.57372e-17 1.05757e-17)
(0.604515 1.62725e-17 3.9969e-17)
(0.609231 -3.64612e-17 1.09517e-17)
(0.609231 1.55705e-17 3.85728e-17)
(0.613871 -3.80856e-17 1.13934e-17)
(0.613871 1.51453e-17 3.71505e-17)
(0.618438 -3.96686e-17 1.18108e-17)
(0.618438 1.67238e-17 3.56872e-17)
(0.622936 -4.07058e-17 1.22119e-17)
(0.622936 1.69052e-17 3.42196e-17)
(0.627367 -4.18023e-17 1.26621e-17)
(0.627367 1.5801e-17 3.26972e-17)
(0.631734 -4.20388e-17 1.31901e-17)
(0.631734 1.50075e-17 3.109e-17)
(0.636039 -4.28067e-17 1.37644e-17)
(0.636039 1.31718e-17 2.94216e-17)
(0.640286 -4.35751e-17 1.43518e-17)
(0.640286 1.06894e-17 2.76994e-17)
(0.644476 -4.35484e-17 1.50526e-17)
(0.644476 9.38304e-18 2.58671e-17)
(0.648612 -4.48094e-17 1.58645e-17)
(0.648612 8.94627e-18 2.39595e-17)
(0.652695 -4.58055e-17 1.66627e-17)
(0.652695 7.77552e-18 2.20434e-17)
(0.656729 -4.75413e-17 1.74655e-17)
(0.656729 7.61064e-18 2.02163e-17)
(0.660714 -5.04256e-17 1.81809e-17)
(0.660714 6.70731e-18 1.84474e-17)
(0.664652 -5.24045e-17 1.88049e-17)
(0.664652 6.58043e-18 1.6708e-17)
(0.668546 -5.40497e-17 1.93735e-17)
(0.668546 6.01084e-18 1.51073e-17)
(0.672397 -5.4554e-17 1.99937e-17)
(0.672397 5.30092e-18 1.35136e-17)
(0.676206 -5.65262e-17 2.08463e-17)
(0.676206 2.45761e-18 1.18363e-17)
(0.679974 -5.87071e-17 2.1524e-17)
(0.679974 8.90135e-20 1.02831e-17)
(0.683705 -5.91372e-17 2.21736e-17)
(0.683705 1.76024e-18 8.74854e-18)
(0.687397 -6.00014e-17 2.29255e-17)
(0.687397 1.14613e-18 7.0849e-18)
(0.691054 -6.19005e-17 2.36998e-17)
(0.691054 1.90103e-18 5.38029e-18)
(0.694676 -6.3712e-17 2.43068e-17)
(0.694676 2.57059e-18 3.79256e-18)
(0.698264 -6.37582e-17 2.48871e-17)
(0.698264 7.08438e-19 2.22574e-18)
(0.70182 -6.31695e-17 2.54349e-17)
(0.70182 1.06371e-18 6.67318e-19)
(0.705344 -6.27752e-17 2.60116e-17)
(0.705344 3.5511e-18 -8.09703e-19)
(0.708838 -6.1075e-17 2.6658e-17)
(0.708838 2.95546e-18 -2.14188e-18)
(0.712302 -6.07741e-17 2.7328e-17)
(0.712302 2.44872e-18 -3.3616e-18)
(0.715738 -6.18475e-17 2.80744e-17)
(0.715738 1.97401e-18 -4.55438e-18)
(0.719146 -6.36744e-17 2.89434e-17)
(0.719146 1.1746e-19 -5.72905e-18)
(0.722528 -6.64377e-17 2.9699e-17)
(0.722528 -8.2356e-20 -6.84216e-18)
(0.725884 -6.72149e-17 3.04768e-17)
(0.725884 2.08381e-19 -7.75056e-18)
(0.729214 -6.8965e-17 3.14872e-17)
(0.729214 -2.51399e-18 -8.65182e-18)
(0.732521 -7.18596e-17 3.25425e-17)
(0.732521 -4.86116e-18 -9.76877e-18)
(0.735804 -7.31804e-17 3.35215e-17)
(0.735804 -2.10837e-18 -1.08503e-17)
(0.739063 -7.63863e-17 3.44802e-17)
(0.739063 1.20041e-18 -1.18833e-17)
(0.742301 -8.09656e-17 3.51246e-17)
(0.742301 8.98705e-19 -1.27117e-17)
(0.745518 -8.29731e-17 3.55604e-17)
(0.745518 5.9404e-19 -1.33734e-17)
(0.748713 -8.45517e-17 3.5938e-17)
(0.748713 1.57417e-18 -1.39697e-17)
(0.751888 -8.4955e-17 3.60557e-17)
(0.751888 -2.73109e-19 -1.43847e-17)
(0.755044 -8.55964e-17 3.61431e-17)
(0.755044 -6.56433e-19 -1.46341e-17)
(0.75818 -8.69959e-17 3.6342e-17)
(0.75818 -9.02922e-19 -1.48254e-17)
(0.761298 -8.845e-17 3.64352e-17)
(0.761298 -4.63341e-18 -1.47968e-17)
(0.764398 -8.87314e-17 3.61628e-17)
(0.764398 -6.32189e-18 -1.46304e-17)
(0.76748 -8.886e-17 3.61503e-17)
(0.76748 -5.39118e-18 -1.46195e-17)
(0.770545 -8.9993e-17 3.6008e-17)
(0.770545 -7.48022e-18 -1.44098e-17)
(0.773594 -8.99325e-17 3.57871e-17)
(0.773594 -8.22405e-18 -1.40472e-17)
(0.776627 -9.09334e-17 3.53832e-17)
(0.776627 -8.25652e-18 -1.34802e-17)
(0.779644 -9.29556e-17 3.50234e-17)
(0.779644 -9.40697e-18 -1.3007e-17)
(0.782646 -9.69678e-17 3.49062e-17)
(0.782646 -1.09351e-17 -1.22413e-17)
(0.785633 -9.9977e-17 3.4341e-17)
(0.785633 -9.58048e-18 -1.10283e-17)
(0.788605 -1.00545e-16 3.37559e-17)
(0.788605 -6.56639e-18 -9.34104e-18)
(0.791564 -9.99286e-17 3.31801e-17)
(0.791564 -7.85925e-18 -7.46677e-18)
(0.794508 -9.82403e-17 3.29201e-17)
(0.794508 -9.39656e-18 -5.37342e-18)
(0.79744 -9.84042e-17 3.28268e-17)
(0.79744 -9.51583e-18 -3.35586e-18)
(0.800359 -9.55225e-17 3.24218e-17)
(0.800359 -1.07928e-17 -8.57447e-19)
(0.803265 -9.11668e-17 3.24916e-17)
(0.803265 -1.14947e-17 2.32665e-18)
(0.806158 -9.49383e-17 3.2538e-17)
(0.806158 -1.43536e-17 6.38354e-18)
(0.80904 -9.92972e-17 3.14912e-17)
(0.80904 -1.6954e-17 1.16959e-17)
(0.81191 -9.78657e-17 3.00791e-17)
(0.81191 -1.79652e-17 1.71615e-17)
(0.814769 -9.64704e-17 2.8418e-17)
(0.814769 -1.97059e-17 2.24465e-17)
(0.817616 -9.64131e-17 2.74203e-17)
(0.817616 -2.00417e-17 2.7343e-17)
(0.820453 -9.84257e-17 2.61932e-17)
(0.820453 -1.83554e-17 3.16658e-17)
(0.823279 -1.00291e-16 2.40892e-17)
(0.823279 -1.62911e-17 3.60334e-17)
(0.826095 -1.02712e-16 2.18783e-17)
(0.826095 -1.21309e-17 3.96423e-17)
(0.828901 -1.04199e-16 1.88912e-17)
(0.828901 -1.21959e-17 4.32449e-17)
(0.831697 -9.80431e-17 1.60119e-17)
(0.831697 -2.04829e-17 4.63332e-17)
(0.834483 -9.19846e-17 1.41901e-17)
(0.834483 -2.26416e-17 4.86539e-17)
(0.83726 -9.27698e-17 1.2913e-17)
(0.83726 -1.90746e-17 5.01872e-17)
(0.840028 -9.22434e-17 1.10666e-17)
(0.840028 -1.87283e-17 5.19967e-17)
(0.842787 -9.11908e-17 9.84725e-18)
(0.842787 -2.0249e-17 5.33182e-17)
(0.845538 -9.02786e-17 9.46029e-18)
(0.845538 -1.91255e-17 5.414e-17)
(0.848279 -8.81638e-17 9.99243e-18)
(0.848279 -1.84704e-17 5.39883e-17)
(0.851013 -9.2752e-17 1.13561e-17)
(0.851013 -2.02796e-17 5.32397e-17)
(0.853738 -9.98656e-17 1.2507e-17)
(0.853738 -2.00409e-17 5.32047e-17)
(0.856455 -1.03921e-16 1.37789e-17)
(0.856455 -1.71399e-17 5.25246e-17)
(0.859164 -1.09161e-16 1.56821e-17)
(0.859164 -1.45815e-17 5.09253e-17)
(0.861866 -1.15481e-16 1.73564e-17)
(0.861866 -1.27128e-17 4.89656e-17)
(0.86456 -1.19943e-16 1.88021e-17)
(0.86456 -1.16128e-17 4.66283e-17)
(0.867247 -1.25369e-16 1.92328e-17)
(0.867247 -1.55468e-17 4.39436e-17)
(0.869927 -1.28242e-16 1.93968e-17)
(0.869927 -1.50197e-17 4.04114e-17)
(0.8726 -1.29053e-16 1.999e-17)
(0.8726 -1.06812e-17 3.67936e-17)
(0.875265 -1.27719e-16 1.9103e-17)
(0.875265 -1.24678e-17 3.4464e-17)
(0.877924 -1.23315e-16 1.85615e-17)
(0.877924 -1.31633e-17 3.17511e-17)
(0.880577 -1.21921e-16 1.7746e-17)
(0.880577 -1.43311e-17 2.80571e-17)
(0.883222 -1.22291e-16 1.69872e-17)
(0.883222 -1.54833e-17 2.47793e-17)
(0.885861 -1.23493e-16 1.62234e-17)
(0.885861 -1.73294e-17 2.21678e-17)
(0.888494 -1.21085e-16 1.59953e-17)
(0.888494 -2.35492e-17 1.65972e-17)
(0.891121 -1.20195e-16 1.70806e-17)
(0.891121 -2.04147e-17 3.43237e-18)
(0.893741 -1.28675e-16 1.57906e-17)
(0.893741 -2.842e-17 -4.86435e-18)
(0.896356 -1.37844e-16 1.33942e-17)
(0.896356 -3.77699e-17 -4.58001e-18)
(0.898964 -1.34588e-16 1.09693e-17)
(0.898964 -2.30935e-17 -4.67924e-18)
(0.901567 -1.26114e-16 1.03434e-17)
(0.901567 -2.37339e-17 -5.772e-18)
(0.904164 -1.24156e-16 1.18794e-17)
(0.904164 -3.06753e-17 -9.29467e-18)
(0.906755 -1.29038e-16 1.29659e-17)
(0.906755 -4.4265e-17 -8.245e-18)
(0.90934 -1.31089e-16 1.34614e-17)
(0.90934 -4.87529e-17 -5.58017e-18)
(0.91192 -1.25068e-16 1.55e-17)
(0.91192 -4.32205e-17 -9.20717e-18)
(0.914495 -1.22081e-16 1.86303e-17)
(0.914495 -4.57305e-17 -1.18734e-17)
(0.917063 -1.25626e-16 2.16457e-17)
(0.917063 -5.92891e-17 -9.39808e-18)
(0.919627 -1.28227e-16 2.41711e-17)
(0.919627 -5.74733e-17 -8.64188e-18)
(0.922185 -1.29461e-16 2.7177e-17)
(0.922185 -5.65417e-17 -1.01486e-17)
(0.924737 -1.29198e-16 3.01525e-17)
(0.924737 -7.18746e-17 -6.82256e-18)
(0.927285 -1.2483e-16 2.93366e-17)
(0.927285 -5.59653e-17 9.86635e-20)
(0.929826 -1.20123e-16 2.84361e-17)
(0.929826 -4.7534e-17 -1.81294e-18)
(0.932363 -1.25757e-16 2.74517e-17)
(0.932363 -5.19497e-17 -8.25334e-18)
(0.934895 -1.37206e-16 2.19706e-17)
(0.934895 -4.95925e-17 -1.12504e-17)
(0.937421 -1.34867e-16 1.61119e-17)
(0.937421 -5.57705e-17 -1.15382e-17)
(0.939941 -1.28878e-16 1.05957e-17)
(0.939941 -5.71768e-17 -4.38894e-18)
(0.942457 -1.36937e-16 4.76445e-18)
(0.942457 -5.22819e-17 -1.07188e-18)
(0.944967 -1.44009e-16 -6.60603e-19)
(0.944967 -5.96701e-17 -2.31375e-18)
(0.947472 -1.40744e-16 -4.88242e-18)
(0.947472 -8.06945e-17 2.41841e-18)
(0.949972 -1.38326e-16 -9.26612e-18)
(0.949972 -8.57616e-17 3.30081e-18)
(0.952466 -1.30277e-16 -1.22317e-17)
(0.952466 -8.07635e-17 -1.59262e-18)
(0.954955 -1.24845e-16 -1.20246e-17)
(0.954955 -8.56909e-17 -6.83777e-18)
(0.957439 -1.3072e-16 -1.02289e-17)
(0.957439 -9.36187e-17 -5.61781e-18)
(0.959917 -1.41652e-16 -6.87932e-18)
(0.959917 -1.09036e-16 6.86673e-19)
(0.96239 -1.5394e-16 -4.8322e-18)
(0.96239 -1.10829e-16 3.52925e-18)
(0.964857 -1.54798e-16 -1.92116e-18)
(0.964857 -1.13131e-16 1.2891e-18)
(0.967319 -1.54103e-16 4.90701e-18)
(0.967319 -1.1754e-16 -8.47133e-18)
(0.969774 -1.62014e-16 1.38832e-17)
(0.969774 -1.21515e-16 -1.18823e-17)
(0.972224 -1.60782e-16 1.92131e-17)
(0.972224 -9.3967e-17 -6.50595e-18)
(0.974669 -1.62343e-16 1.78218e-17)
(0.974669 -9.54103e-17 3.56258e-18)
(0.977107 -1.71952e-16 9.28197e-18)
(0.977107 -1.20839e-16 1.52271e-17)
(0.979539 -1.67634e-16 -8.07982e-18)
(0.979539 -1.26662e-16 1.64404e-17)
(0.981965 -1.49275e-16 4.43991e-18)
(0.981965 -1.23326e-16 -2.9979e-18)
(0.984384 -1.53454e-16 2.95701e-18)
(0.984384 -1.35777e-16 -1.48026e-17)
(0.986798 -1.64468e-16 -6.07518e-18)
(0.986798 -1.55144e-16 -1.11191e-17)
(0.989204 -1.60265e-16 -8.72338e-18)
(0.989204 -1.73109e-16 -1.75293e-17)
(0.991604 -1.65487e-16 -7.39443e-18)
(0.991604 -2.08177e-16 -1.32984e-17)
(0.993997 -1.64213e-16 -8.12143e-18)
(0.993997 -1.94732e-16 -3.41439e-18)
(0.996383 -1.69204e-16 -9.86409e-18)
(0.996383 -1.875e-16 3.48083e-18)
(0.998762 -1.87956e-16 -1.43732e-17)
(0.998762 -1.9653e-16 3.09311e-18)
(1.00113 -1.96821e-16 -1.64343e-17)
(1.00113 -2.03325e-16 -9.10914e-18)
(1.0035 -1.99302e-16 -1.09877e-17)
(1.0035 -2.38798e-16 -9.79226e-18)
(1.00585 -2.10269e-16 -1.69529e-17)
(1.00585 -2.04919e-16 -4.58154e-18)
(1.0082 -2.26296e-16 -1.7931e-17)
(1.0082 -2.05409e-16 -1.99977e-17)
(1.01054 -2.35218e-16 -1.27035e-17)
(1.01054 -2.4189e-16 -1.35104e-17)
(1.01287 -2.26616e-16 -8.22624e-18)
(1.01287 -2.44476e-16 -8.91418e-18)
(1.01519 -2.15867e-16 1.08127e-17)
(1.01519 -2.38139e-16 -1.65931e-17)
(1.0175 -2.15254e-16 2.24439e-17)
(1.0175 -2.16381e-16 -1.24332e-17)
(1.0198 -2.31912e-16 3.81167e-17)
(1.0198 -2.43426e-16 -1.66287e-17)
(1.0221 -2.47289e-16 3.42149e-17)
(1.0221 -2.19815e-16 -1.607e-17)
(1.02438 -2.42625e-16 3.94722e-17)
(1.02438 -2.5646e-16 -1.41922e-17)
(1.02665 -2.5463e-16 3.48356e-17)
(1.02665 -2.49379e-16 5.92955e-18)
(1.02891 -2.8736e-16 3.55471e-17)
(1.02891 -2.36638e-16 -7.29492e-18)
(1.03116 -2.99744e-16 1.29167e-17)
(1.03116 -2.34575e-16 1.02728e-17)
(1.03339 -3.02199e-16 -2.59117e-18)
(1.03339 -2.61183e-16 1.38567e-17)
(1.03562 -2.88036e-16 -1.25235e-17)
(1.03562 -2.6486e-16 -1.09707e-18)
(1.03783 -2.51587e-16 4.24947e-18)
(1.03783 -2.70749e-16 -1.32081e-17)
(1.04003 -2.67783e-16 1.86974e-17)
(1.04003 -2.53002e-16 -2.14169e-17)
(1.04221 -2.77315e-16 1.51666e-17)
(1.04221 -2.86657e-16 -4.85569e-19)
(1.04438 -2.79976e-16 -8.21606e-19)
(1.04438 -2.60774e-16 2.30203e-17)
(1.04653 -2.93041e-16 -2.04875e-17)
(1.04653 -2.78159e-16 4.28018e-18)
(1.04867 -2.94359e-16 -2.53375e-17)
(1.04867 -2.73876e-16 -1.7702e-17)
(1.05079 -3.18092e-16 -1.66194e-17)
(1.05079 -2.68615e-16 -2.35144e-17)
(1.05289 -2.88676e-16 -1.62476e-17)
(1.05289 -3.23056e-16 -3.20761e-18)
(1.05497 -3.41747e-16 -2.64286e-18)
(1.05497 -2.8326e-16 5.22352e-18)
(1.05704 -2.60743e-16 2.09819e-17)
(1.05704 -2.93159e-16 6.25755e-18)
(1.05908 -2.73968e-16 -2.60403e-17)
(1.05908 -3.01392e-16 -2.23768e-20)
(1.0611 -3.23747e-16 -5.16516e-18)
(1.0611 -2.51657e-16 -3.11026e-17)
(1.0631 -2.74448e-16 1.26643e-17)
(1.0631 -2.28654e-16 -3.37828e-17)
(1.06508 -2.75334e-16 -1.88695e-17)
(1.06508 -2.81526e-16 -4.79238e-18)
(1.06703 -2.52956e-16 -7.22257e-18)
(1.06703 -2.72312e-16 -2.18597e-18)
(1.06896 -2.37545e-16 3.86586e-18)
(1.06896 -2.11066e-16 -7.9248e-18)
(1.07085 -2.3752e-16 4.49702e-18)
(1.07085 -2.03397e-16 2.58879e-18)
(1.07272 -2.47919e-16 2.00635e-18)
(1.07272 -2.3634e-16 7.52958e-18)
(1.07456 -2.59511e-16 -1.49225e-30)
(1.07456 -2.10874e-16 2.25973e-17)
(1.07636 -2.49434e-16 -1.03914e-17)
(1.07636 -2.45371e-16 1.97457e-17)
(1.07813 -2.3515e-16 -1.00932e-17)
(1.07813 -2.42675e-16 2.84255e-17)
(1.07986 -1.89515e-16 3.4421e-17)
(1.07986 -1.96753e-16 2.20017e-17)
(1.08155 -1.89778e-16 3.77211e-17)
(1.08155 -2.01835e-16 7.83125e-18)
(1.0832 -1.98084e-16 8.34827e-18)
(1.0832 -2.20217e-16 1.21514e-17)
(1.08481 -1.80608e-16 1.59257e-17)
(1.08481 -2.2662e-16 -4.58962e-18)
(1.08637 -2.10021e-16 6.36276e-31)
(1.08637 -2.43301e-16 -3.3628e-17)
(1.08788 -1.68668e-16 4.72489e-17)
(1.08788 -1.94888e-16 -2.31751e-17)
(1.08934 -2.01105e-16 5.25875e-17)
(1.08934 -1.74082e-16 -3.62646e-18)
(1.09073 -1.97717e-16 6.66062e-17)
(1.09073 -2.68274e-16 -1.92363e-30)
(1.09207 -2.14055e-16 7.33997e-17)
(1.09207 -2.60632e-16 2.24022e-17)
(1.09334 -2.5095e-16 5.43588e-17)
(1.09334 -2.22716e-16 -4.36499e-17)
(1.09454 -2.7747e-16 4.48718e-17)
(1.09454 -2.31982e-16 -2.55253e-17)
(1.09567 -2.83808e-16 6.28926e-17)
(1.09567 -3.4382e-16 3.47223e-20)
(1.09671 -2.89576e-16 3.94912e-17)
(1.09671 -2.86479e-16 4.90368e-17)
(1.09767 -2.66763e-16 3.99273e-17)
(1.09767 -2.45849e-16 5.59346e-18)
(1.09853 -2.37315e-16 4.29693e-17)
(1.09853 -2.13307e-16 3.20816e-17)
(1.0993 -2.42131e-16 5.29269e-17)
(1.0993 -2.68298e-16 3.92353e-17)
(1.09995 -2.60112e-16 5.155e-18)
(1.09995 -2.85625e-16 5.13423e-17)
(1.10049 -2.83262e-16 -8.53157e-31)
(1.10049 -2.71847e-16 -3.63076e-17)
(1.10091 -2.58236e-16 2.63671e-17)
(1.10091 -2.92522e-16 -2.33352e-17)
(1.1012 -2.63034e-16 6.328e-17)
(1.1012 -2.92762e-16 8.81962e-18)
(1.10135 -2.67096e-16 7.96211e-17)
(1.10135 -2.0685e-16 1.35119e-17)
(1.10135 -3.05931e-16 -3.69994e-18)
(1.10135 -3.79714e-16 -1.81897e-19)
(1.1012 -2.68812e-16 1.47237e-17)
(1.1012 -3.19015e-16 5.35848e-17)
(1.10091 -2.89371e-16 1.05089e-17)
(1.10091 -2.38482e-16 4.89676e-17)
(1.10049 -2.89209e-16 -1.21543e-17)
(1.10049 -2.72847e-16 -1.78395e-17)
(1.09995 -2.98237e-16 -1.38872e-18)
(1.09995 -1.9095e-16 6.46841e-18)
(1.0993 -2.42466e-16 -1.18433e-18)
(1.0993 -2.16764e-16 -4.89328e-17)
(1.09853 -2.43739e-16 -4.25718e-17)
(1.09853 -2.32514e-16 -3.98941e-17)
(1.09767 -2.77036e-16 6.17612e-18)
(1.09767 -2.66118e-16 -7.33816e-17)
(1.09671 -2.09706e-16 -4.55163e-17)
(1.09671 -2.93672e-16 -2.65828e-17)
(1.09567 -2.19356e-16 -4.8578e-17)
(1.09567 -3.00903e-16 -3.13448e-17)
(1.09454 -2.76442e-16 -6.38835e-17)
(1.09454 -2.9746e-16 3.68023e-18)
(1.09334 -2.77832e-16 -6.16605e-17)
(1.09334 -2.23067e-16 -2.34989e-19)
(1.09207 -2.69391e-16 -2.17407e-17)
(1.09207 -2.31676e-16 1.36051e-18)
(1.09073 -2.63315e-16 -2.07138e-17)
(1.09073 -2.60602e-16 0)
(1.08934 -2.26019e-16 -2.38313e-17)
(1.08934 -2.43795e-16 -1.78892e-18)
(1.08788 -2.5054e-16 -1.41109e-17)
(1.08788 -2.08542e-16 -4.8658e-18)
(1.08637 -2.24055e-16 -2.67156e-17)
(1.08637 -1.9124e-16 1.97919e-17)
(1.08481 -2.15248e-16 -1.82969e-17)
(1.08481 -1.87687e-16 9.24161e-18)
(1.0832 -2.13211e-16 1.51628e-17)
(1.0832 -2.33141e-16 -3.38364e-17)
(1.08155 -1.76047e-16 1.4557e-18)
(1.08155 -1.96725e-16 -4.55962e-17)
(1.07986 -1.81631e-16 -2.96352e-18)
(1.07986 -2.21774e-16 3.65834e-18)
(1.07813 -1.86649e-16 7.21832e-18)
(1.07813 -2.45911e-16 2.05318e-17)
(1.07636 -1.66841e-16 -2.15943e-18)
(1.07636 -1.88688e-16 3.4762e-17)
(1.07456 -1.68895e-16 -2.49804e-17)
(1.07456 -1.06501e-16 4.05754e-17)
(1.07272 -1.74402e-16 4.59653e-18)
(1.07272 -9.70076e-17 2.21617e-17)
(1.07085 -1.48263e-16 1.63393e-17)
(1.07085 -1.25064e-16 1.6787e-17)
(1.06896 -1.19262e-16 -1.30194e-18)
(1.06896 -1.30503e-16 7.4351e-18)
(1.06703 -1.20932e-16 2.06879e-18)
(1.06703 -1.84673e-16 1.01288e-18)
(1.06508 -1.40649e-16 5.30779e-18)
(1.06508 -1.7512e-16 -1.32246e-17)
(1.0631 -1.71013e-16 -8.69055e-18)
(1.0631 -1.76534e-16 1.28387e-18)
(1.0611 -1.66153e-16 2.39251e-18)
(1.0611 -1.36706e-16 -3.64958e-18)
(1.05908 -1.5866e-16 2.34029e-17)
(1.05908 -1.6322e-16 1.84914e-18)
(1.05704 -1.64844e-16 3.65835e-17)
(1.05704 -1.51084e-16 6.82395e-18)
(1.05497 -1.77771e-16 3.58698e-17)
(1.05497 -1.71328e-16 -2.83193e-18)
(1.05289 -1.74344e-16 3.36755e-17)
(1.05289 -1.76163e-16 -2.2181e-18)
(1.05079 -1.54105e-16 1.88483e-17)
(1.05079 -1.88404e-16 -1.30593e-17)
(1.04867 -1.662e-16 3.33253e-18)
(1.04867 -1.77528e-16 -2.42655e-17)
(1.04653 -1.83948e-16 -3.59845e-18)
(1.04653 -1.73755e-16 -1.35504e-17)
(1.04438 -1.96671e-16 -4.28526e-19)
(1.04438 -1.57532e-16 -5.77783e-18)
(1.04221 -1.69364e-16 8.75088e-18)
(1.04221 -1.56034e-16 -1.10951e-17)
(1.04003 -1.31107e-16 -8.89243e-19)
(1.04003 -2.07019e-16 -1.22551e-17)
(1.03783 -1.26206e-16 -1.55283e-17)
(1.03783 -1.60509e-16 -1.05962e-18)
(1.03562 -1.4934e-16 -1.66496e-17)
(1.03562 -1.3489e-16 -7.32653e-18)
(1.03339 -1.51901e-16 2.03961e-18)
(1.03339 -1.50888e-16 -1.58597e-17)
(1.03116 -1.23132e-16 -4.23689e-18)
(1.03116 -1.42511e-16 0)
(1.02891 -1.16792e-16 -5.75448e-18)
(1.02891 -1.37069e-16 -9.6717e-20)
(1.02665 -9.69147e-17 -1.24363e-17)
(1.02665 -1.3064e-16 6.33593e-18)
(1.02438 -1.22853e-16 -2.48241e-17)
(1.02438 -1.32704e-16 1.58181e-17)
(1.0221 -1.07096e-16 -1.45455e-17)
(1.0221 -1.12042e-16 6.32686e-18)
(1.0198 -1.14019e-16 -4.82595e-18)
(1.0198 -1.16198e-16 -4.84218e-18)
(1.0175 -1.13465e-16 -1.60463e-19)
(1.0175 -1.22005e-16 -1.56963e-18)
(1.01519 -1.09837e-16 2.02505e-18)
(1.01519 -9.6508e-17 -1.42129e-18)
(1.01287 -9.99551e-17 5.96668e-18)
(1.01287 -8.30322e-17 8.16934e-19)
(1.01054 -8.27071e-17 1.01557e-17)
(1.01054 -1.04641e-16 -4.69591e-18)
(1.0082 -7.88927e-17 1.26342e-18)
(1.0082 -1.05601e-16 -1.00428e-17)
(1.00585 -7.27337e-17 -2.52397e-18)
(1.00585 -7.79571e-17 -5.53055e-18)
(1.0035 -6.535e-17 -1.22773e-17)
(1.0035 -8.33151e-17 7.5951e-18)
(1.00113 -6.07873e-17 -2.2581e-17)
(1.00113 -5.3317e-17 1.6766e-17)
(0.998762 -6.09889e-17 -1.89355e-17)
(0.998762 -3.88827e-17 1.5439e-18)
(0.996383 -5.54139e-17 -1.53022e-17)
(0.996383 -3.7076e-17 -6.60322e-19)
(0.993997 -5.03656e-17 -1.39455e-17)
(0.993997 -4.12976e-17 -3.96422e-18)
(0.991604 -5.13144e-17 -1.65959e-17)
(0.991604 -6.00197e-17 -8.69255e-18)
(0.989204 -5.80054e-17 -1.69105e-17)
(0.989204 -5.16298e-17 -3.97984e-18)
(0.986798 -6.16276e-17 -7.91887e-18)
(0.986798 -4.51163e-17 -6.98693e-18)
(0.984385 -6.2813e-17 -1.37834e-18)
(0.984385 -3.74438e-17 -7.09023e-18)
(0.981965 -6.93746e-17 2.25301e-18)
(0.981965 -4.04792e-17 -1.03555e-17)
(0.979539 -6.6531e-17 1.40062e-18)
(0.979539 -5.65736e-17 -1.39539e-17)
(0.977107 -6.32435e-17 -9.76092e-19)
(0.977107 -5.06062e-17 -1.22884e-17)
(0.974669 -6.27322e-17 -3.95041e-19)
(0.974669 -5.72172e-17 -1.0677e-17)
(0.972224 -4.53893e-17 1.68394e-18)
(0.972224 -5.09397e-17 -9.90707e-18)
(0.969774 -3.55609e-17 -4.10935e-18)
(0.969774 -4.98197e-17 -4.24037e-18)
(0.967319 -5.38106e-17 -1.76047e-18)
(0.967319 -4.65604e-17 -1.82846e-18)
(0.964857 -5.26164e-17 -1.35527e-18)
(0.964857 -4.27634e-17 1.47404e-19)
(0.96239 -5.59687e-17 1.08743e-18)
(0.96239 -4.46253e-17 -3.94939e-18)
(0.959917 -5.47424e-17 6.18317e-18)
(0.959917 -4.59927e-17 -6.69284e-18)
(0.957439 -5.09734e-17 9.99227e-18)
(0.957439 -4.58774e-17 -6.43558e-18)
(0.954955 -4.76605e-17 1.29259e-17)
(0.954955 -4.0836e-17 -3.38334e-18)
(0.952466 -4.89494e-17 1.53073e-17)
(0.952466 -5.09298e-17 -1.10935e-18)
(0.949972 -5.07329e-17 9.08298e-18)
(0.949972 -7.8566e-17 -2.41095e-19)
(0.947472 -4.0507e-17 7.76454e-18)
(0.947472 -4.31807e-17 1.42253e-18)
(0.944967 -5.20302e-17 1.16729e-17)
(0.944967 -5.27308e-17 2.21629e-18)
(0.942457 -6.24228e-17 1.23685e-17)
(0.942457 -4.9513e-17 3.42395e-18)
(0.939941 -6.50552e-17 1.04408e-17)
(0.939941 -4.17187e-17 3.79422e-18)
(0.937421 -6.58819e-17 9.42571e-18)
(0.937421 -3.84027e-17 4.60843e-18)
(0.934895 -5.98908e-17 5.24377e-18)
(0.934895 -3.87641e-17 3.85009e-18)
(0.932363 -4.65997e-17 1.42373e-18)
(0.932363 -4.61126e-17 3.08221e-18)
(0.929827 -4.62537e-17 8.44363e-19)
(0.929827 -5.06377e-17 2.8028e-18)
(0.927285 -4.21125e-17 -5.91507e-19)
(0.927285 -5.20497e-17 2.52333e-18)
(0.924737 -3.84569e-17 -1.34274e-18)
(0.924737 -5.07234e-17 1.14547e-18)
(0.922185 -3.31219e-17 1.26193e-18)
(0.922185 -4.64602e-17 -2.01378e-19)
(0.919627 -1.71595e-17 8.4908e-19)
(0.919627 -3.98138e-17 -3.21227e-18)
(0.917063 -1.29518e-17 2.04593e-18)
(0.917063 -4.31386e-17 -4.863e-18)
(0.914495 -1.01376e-17 1.06804e-18)
(0.914495 -4.29221e-17 -6.40373e-18)
(0.91192 -8.28266e-18 -7.35856e-19)
(0.91192 -3.02288e-17 -1.02871e-17)
(0.909341 -7.23814e-18 -1.73797e-19)
(0.909341 -3.00264e-17 -1.43173e-17)
(0.906755 -7.16908e-18 3.89771e-19)
(0.906755 -3.1466e-17 -1.64682e-17)
(0.904164 -9.82796e-18 -8.6905e-19)
(0.904164 -3.54637e-17 -1.70056e-17)
(0.901567 -9.63954e-18 -2.04228e-18)
(0.901567 -3.60006e-17 -1.73548e-17)
(0.898964 -5.57341e-18 -3.15809e-18)
(0.898964 -3.05597e-17 -1.69868e-17)
(0.896356 -7.58198e-18 -6.03725e-18)
(0.896356 -3.76125e-17 -1.7196e-17)
(0.893742 -9.77038e-18 -9.67026e-18)
(0.893742 -3.57936e-17 -1.71612e-17)
(0.891121 -3.91456e-18 -9.44663e-18)
(0.891121 -3.07955e-17 -1.77335e-17)
(0.888494 -3.97303e-18 -1.04461e-17)
(0.888494 -3.90631e-17 -1.75338e-17)
(0.885861 -9.04978e-18 -1.26418e-17)
(0.885861 -4.46455e-17 -1.53953e-17)
(0.883222 -1.11152e-17 -1.59554e-17)
(0.883222 -3.88961e-17 -1.33883e-17)
(0.880577 -1.65533e-17 -1.79702e-17)
(0.880577 -4.11221e-17 -1.24597e-17)
(0.877924 -1.54778e-17 -1.79839e-17)
(0.877924 -4.14697e-17 -1.27112e-17)
(0.875265 -1.31937e-17 -1.86507e-17)
(0.875265 -3.79207e-17 -1.2419e-17)
(0.8726 -1.11276e-17 -1.93389e-17)
(0.8726 -3.41415e-17 -1.26995e-17)
(0.869927 -8.81517e-18 -1.91389e-17)
(0.869927 -3.72155e-17 -1.2885e-17)
(0.867247 -5.75949e-18 -1.89836e-17)
(0.867247 -3.82318e-17 -1.34033e-17)
(0.86456 -7.33445e-18 -1.91212e-17)
(0.86456 -3.41536e-17 -1.31087e-17)
(0.861866 -8.08472e-18 -1.82682e-17)
(0.861866 -2.95289e-17 -1.31574e-17)
(0.859164 -8.45729e-18 -1.74594e-17)
(0.859164 -2.2491e-17 -1.35332e-17)
(0.856455 -1.42607e-17 -1.61941e-17)
(0.856455 -2.85853e-17 -1.34912e-17)
(0.853738 -1.10746e-17 -1.41957e-17)
(0.853738 -2.59018e-17 -1.40616e-17)
(0.851013 -1.1908e-17 -1.14367e-17)
(0.851013 -2.51739e-17 -1.4843e-17)
(0.848279 -8.01313e-18 -1.01939e-17)
(0.848279 -3.35254e-17 -1.43106e-17)
(0.845538 -6.47921e-18 -9.33673e-18)
(0.845538 -2.82285e-17 -1.40984e-17)
(0.842787 -1.07079e-17 -8.83757e-18)
(0.842787 -2.71534e-17 -1.38317e-17)
(0.840028 -8.01629e-18 -7.62679e-18)
(0.840028 -2.89813e-17 -1.25328e-17)
(0.83726 -1.72481e-17 -6.0763e-18)
(0.83726 -2.71653e-17 -1.23494e-17)
(0.834483 -1.11131e-17 -4.74044e-18)
(0.834483 -2.96913e-17 -1.21731e-17)
(0.831697 -1.17717e-17 -4.17782e-18)
(0.831697 -2.92965e-17 -1.0519e-17)
(0.828901 -1.23337e-17 -3.85796e-18)
(0.828901 -2.92624e-17 -1.02932e-17)
(0.826095 -9.86048e-18 -2.85066e-18)
(0.826095 -3.10985e-17 -1.05456e-17)
(0.823279 -9.77206e-18 -2.43682e-18)
(0.823279 -3.19964e-17 -1.03156e-17)
(0.820453 -1.0255e-17 -1.89353e-18)
(0.820453 -2.92413e-17 -9.97468e-18)
(0.817616 -6.67096e-18 -1.60066e-18)
(0.817616 -2.92441e-17 -1.03549e-17)
(0.814769 -3.40718e-18 -1.95036e-18)
(0.814769 -3.05532e-17 -1.03838e-17)
(0.81191 -3.47107e-18 -1.96688e-18)
(0.81191 -2.71196e-17 -9.82475e-18)
(0.80904 -2.36075e-18 -2.23763e-18)
(0.80904 -2.21362e-17 -9.63409e-18)
(0.806158 -7.10883e-19 -2.71522e-18)
(0.806158 -2.51528e-17 -1.04557e-17)
(0.803265 -1.04058e-18 -3.322e-18)
(0.803265 -2.81861e-17 -1.06797e-17)
(0.800359 1.17558e-18 -3.91855e-18)
(0.800359 -2.25259e-17 -1.03755e-17)
(0.79744 3.33745e-18 -4.64019e-18)
(0.79744 -1.78172e-17 -9.862e-18)
(0.794509 5.02247e-18 -5.45058e-18)
(0.794509 -1.61017e-17 -9.60098e-18)
(0.791564 -1.41362e-18 -6.53955e-18)
(0.791564 -1.67578e-17 -8.98303e-18)
(0.788605 -4.38621e-18 -6.61308e-18)
(0.788605 -1.05784e-17 -8.43131e-18)
(0.785633 -5.76524e-18 -6.46106e-18)
(0.785633 -1.09062e-17 -8.99111e-18)
(0.782646 -4.50556e-18 -6.33584e-18)
(0.782646 -9.45403e-18 -9.56405e-18)
(0.779644 -7.5049e-18 -6.71001e-18)
(0.779644 -1.07418e-17 -9.08197e-18)
(0.776627 -5.27534e-18 -6.73044e-18)
(0.776627 -8.65156e-18 -8.772e-18)
(0.773594 -6.98892e-18 -6.85753e-18)
(0.773594 -9.10591e-18 -8.68262e-18)
(0.770545 -6.29435e-18 -6.86166e-18)
(0.770545 -9.40496e-18 -8.32139e-18)
(0.76748 -5.37913e-18 -6.62505e-18)
(0.76748 -1.03619e-17 -7.92081e-18)
(0.764398 -3.15887e-18 -6.36173e-18)
(0.764398 -9.51093e-18 -7.78889e-18)
(0.761298 -2.34181e-18 -6.24484e-18)
(0.761298 -9.0417e-18 -7.45541e-18)
(0.75818 -2.96747e-18 -6.01927e-18)
(0.75818 -9.19096e-18 -6.96332e-18)
(0.755044 -1.10547e-18 -5.72827e-18)
(0.755044 -7.61639e-18 -6.43484e-18)
(0.751888 -3.63293e-18 -5.22379e-18)
(0.751888 -7.55406e-18 -6.13474e-18)
(0.748713 -3.37078e-18 -4.79876e-18)
(0.748713 -9.27063e-18 -5.79278e-18)
(0.745518 -2.00333e-18 -4.31534e-18)
(0.745518 -1.00695e-17 -5.54384e-18)
(0.742301 -1.21134e-18 -3.9774e-18)
(0.742301 -1.03534e-17 -5.22894e-18)
(0.739064 -1.52104e-18 -3.69563e-18)
(0.739064 -8.46743e-18 -4.9677e-18)
(0.735804 -1.82465e-18 -3.39804e-18)
(0.735804 -5.49688e-18 -4.82618e-18)
(0.732521 -2.24765e-18 -3.34325e-18)
(0.732521 -4.2223e-18 -4.72026e-18)
(0.729214 -1.36285e-18 -3.12204e-18)
(0.729214 -4.72293e-18 -4.71463e-18)
(0.725884 -2.91484e-18 -3.00186e-18)
(0.725884 -4.32894e-18 -4.59891e-18)
(0.722528 -2.29221e-18 -3.13719e-18)
(0.722528 -4.19458e-18 -4.41038e-18)
(0.719146 -1.2941e-18 -3.30706e-18)
(0.719146 -4.21881e-18 -4.16293e-18)
(0.715738 -8.51689e-19 -3.58175e-18)
(0.715738 -4.95382e-18 -3.89002e-18)
(0.712302 -5.15242e-18 -3.95662e-18)
(0.712302 -4.34099e-18 -3.49192e-18)
(0.708838 -4.13981e-18 -4.19354e-18)
(0.708838 -3.57817e-18 -3.09272e-18)
(0.705344 -3.3047e-18 -4.42482e-18)
(0.705344 -1.89634e-18 -2.76981e-18)
(0.70182 -2.68172e-18 -4.61369e-18)
(0.70182 -3.61237e-18 -2.61473e-18)
(0.698264 -4.54794e-18 -4.93325e-18)
(0.698264 -3.62931e-18 -2.43263e-18)
(0.694676 -4.01851e-18 -4.90926e-18)
(0.694676 -2.573e-18 -2.27066e-18)
(0.691054 -2.0149e-18 -4.69984e-18)
(0.691054 -4.04698e-18 -2.18654e-18)
(0.687397 -5.80329e-18 -4.43286e-18)
(0.687397 -3.07409e-18 -2.12376e-18)
(0.683705 -4.59202e-18 -4.16283e-18)
(0.683705 -4.84281e-18 -2.20322e-18)
(0.679974 -3.0167e-18 -3.9964e-18)
(0.679974 -7.75309e-18 -2.29084e-18)
(0.676206 -2.23732e-18 -3.73601e-18)
(0.676206 -7.77881e-18 -2.44519e-18)
(0.672397 -2.18358e-18 -3.3034e-18)
(0.672397 -7.64725e-18 -2.63487e-18)
(0.668546 -1.73861e-18 -2.89547e-18)
(0.668546 -7.70163e-18 -2.81022e-18)
(0.664652 -2.14174e-18 -2.55051e-18)
(0.664652 -7.77137e-18 -2.9445e-18)
(0.660714 -1.68916e-18 -2.23041e-18)
(0.660714 -7.92731e-18 -3.0709e-18)
(0.656729 -1.04992e-18 -2.09055e-18)
(0.656729 -5.68508e-18 -3.20152e-18)
(0.652695 -2.10775e-18 -1.84911e-18)
(0.652695 -5.67527e-18 -3.29894e-18)
(0.648612 -4.28718e-18 -1.58029e-18)
(0.648612 -5.17012e-18 -3.38691e-18)
(0.644476 -4.35629e-18 -1.31756e-18)
(0.644476 -3.94405e-18 -3.43715e-18)
(0.640286 -4.03605e-18 -1.18126e-18)
(0.640286 -4.51307e-18 -3.44079e-18)
(0.636039 -2.95659e-18 -1.21481e-18)
(0.636039 -3.83532e-18 -3.4069e-18)
(0.631734 -3.26881e-18 -1.18533e-18)
(0.631734 -3.81206e-18 -3.33029e-18)
(0.627367 -4.23934e-18 -1.00797e-18)
(0.627367 -3.65734e-18 -3.21276e-18)
(0.622936 -4.83888e-18 -8.27363e-19)
(0.622936 -3.63528e-18 -3.16161e-18)
(0.618438 -5.04292e-18 -8.15247e-19)
(0.618438 -3.48165e-18 -3.09002e-18)
(0.613871 -4.61848e-18 -7.0404e-19)
(0.613871 -2.70654e-18 -2.98291e-18)
(0.609231 -4.19395e-18 -6.56941e-19)
(0.609231 -2.6591e-18 -2.89169e-18)
(0.604515 -3.29484e-18 -6.13213e-19)
(0.604515 -2.65473e-18 -2.85258e-18)
(0.59972 -1.88666e-18 -6.2994e-19)
(0.59972 -2.77362e-18 -2.86365e-18)
(0.594841 -1.01112e-18 -6.13189e-19)
(0.594841 -3.57174e-18 -2.86984e-18)
(0.589876 -1.90673e-18 -5.58405e-19)
(0.589876 -3.12188e-18 -2.85986e-18)
(0.584819 -2.53452e-18 -5.04092e-19)
(0.584819 -1.72344e-18 -2.89998e-18)
(0.579666 -2.06426e-18 -4.78188e-19)
(0.579666 -9.98725e-19 -2.97174e-18)
(0.574413 -1.58652e-18 -4.1781e-19)
(0.574413 -1.32563e-19 -3.06184e-18)
(0.569054 -1.08327e-18 -3.61907e-19)
(0.569054 4.67112e-19 -3.12126e-18)
(0.563584 -1.26774e-18 -3.03664e-19)
(0.563584 5.47126e-19 -3.17777e-18)
(0.557998 -1.83654e-18 -2.71732e-19)
(0.557998 3.18798e-19 -3.24733e-18)
(0.55229 -2.835e-18 -2.10234e-19)
(0.55229 8.52169e-19 -3.31312e-18)
(0.546451 -3.79689e-18 -1.07505e-19)
(0.546451 1.56144e-18 -3.39559e-18)
(0.540477 -4.66933e-18 -1.04079e-19)
(0.540477 2.22013e-18 -3.48216e-18)
(0.534359 -4.49882e-18 -6.47985e-20)
(0.534359 1.88181e-18 -3.53305e-18)
(0.528089 -4.35531e-18 -3.82128e-21)
(0.528089 1.24158e-18 -3.53773e-18)
(0.521659 -3.74299e-18 7.06275e-21)
(0.521659 1.15212e-18 -3.56201e-18)
(0.515059 -3.04491e-18 3.01122e-20)
(0.515059 1.07413e-18 -3.60783e-18)
(0.50828 -2.93421e-18 3.9123e-20)
(0.50828 7.58555e-19 -3.66466e-18)
(0.501311 -2.84721e-18 7.43075e-20)
(0.501311 9.13126e-19 -3.70263e-18)
(0.494141 -3.51995e-18 1.14387e-19)
(0.494141 1.61799e-18 -3.73879e-18)
(0.486758 -3.9111e-18 1.40092e-19)
(0.486758 1.44028e-18 -3.80218e-18)
(0.479149 -3.79039e-18 1.44527e-19)
(0.479149 1.09348e-18 -3.88507e-18)
(0.471301 -4.09706e-18 1.77608e-19)
(0.471301 1.56812e-18 -3.94917e-18)
(0.463199 -4.07766e-18 2.3569e-19)
(0.463199 1.52675e-18 -4.00525e-18)
(0.454829 -3.32987e-18 2.80587e-19)
(0.454829 1.36399e-18 -4.07846e-18)
(0.446175 -2.1611e-18 3.07818e-19)
(0.446175 9.41493e-19 -4.16268e-18)
(0.437219 -1.96588e-18 3.35981e-19)
(0.437219 6.21847e-19 -4.24718e-18)
(0.427947 -2.04726e-18 3.5805e-19)
(0.427947 9.70518e-19 -4.3446e-18)
(0.41834 -2.15122e-18 3.58928e-19)
(0.41834 9.58183e-19 -4.44893e-18)
(0.408383 -1.87261e-18 3.74785e-19)
(0.408383 1.01417e-18 -4.56189e-18)
(0.398059 -1.61493e-18 4.20406e-19)
(0.398059 1.00098e-18 -4.67608e-18)
(0.387354 -1.33966e-18 4.62852e-19)
(0.387354 7.33581e-19 -4.79051e-18)
(0.376256 -1.13813e-18 4.84068e-19)
(0.376256 5.9553e-19 -4.90644e-18)
(0.364755 -1.30448e-18 5.05331e-19)
(0.364755 9.39911e-19 -5.02757e-18)
(0.352847 -1.261e-18 5.35483e-19)
(0.352847 1.14128e-18 -5.14003e-18)
(0.340534 -1.16202e-18 5.70782e-19)
(0.340534 9.28954e-19 -5.24736e-18)
(0.327822 -1.13644e-18 6.01161e-19)
(0.327822 6.9449e-19 -5.33853e-18)
(0.31473 -9.14558e-19 6.17315e-19)
(0.31473 4.83683e-19 -5.41701e-18)
(0.301283 -6.69428e-19 6.34799e-19)
(0.301283 4.02854e-19 -5.47402e-18)
(0.287518 -5.96383e-19 6.42981e-19)
(0.287518 4.81661e-19 -5.50914e-18)
(0.273481 -8.40998e-19 6.55299e-19)
(0.273481 3.86749e-19 -5.51979e-18)
(0.259226 -7.10141e-19 6.58104e-19)
(0.259226 1.7009e-19 -5.49805e-18)
(0.244813 -6.37556e-19 6.54699e-19)
(0.244813 1.19829e-19 -5.45262e-18)
(0.230305 -5.79473e-19 6.56485e-19)
(0.230305 1.64702e-19 -5.38219e-18)
(0.215766 -5.66761e-19 6.54083e-19)
(0.215766 4.48924e-20 -5.28625e-18)
(0.201256 -3.85788e-19 6.38757e-19)
(0.201256 1.46691e-21 -5.17028e-18)
(0.186826 -2.61345e-19 6.22074e-19)
(0.186826 -2.98813e-20 -5.0401e-18)
(0.172522 -3.55408e-19 6.09225e-19)
(0.172522 -2.13987e-20 -4.89817e-18)
(0.158381 -3.41514e-19 5.95003e-19)
(0.158381 -6.3192e-20 -4.74718e-18)
(0.144428 -3.2972e-19 5.7752e-19)
(0.144428 -6.91077e-20 -4.59276e-18)
(0.130684 -3.27619e-19 5.63709e-19)
(0.130684 -7.92163e-21 -4.43783e-18)
(0.117161 -2.81003e-19 5.47741e-19)
(0.117161 -5.18426e-20 -4.28378e-18)
(0.103866 -2.23334e-19 5.30951e-19)
(0.103866 -9.05325e-20 -4.13254e-18)
(0.0908026 -1.61839e-19 5.13746e-19)
(0.0908026 -9.79616e-20 -3.98362e-18)
(0.0779707 -1.10336e-19 4.96742e-19)
(0.0779707 -4.84871e-20 -3.83948e-18)
(0.0653689 -4.98031e-20 4.8104e-19)
(0.0653689 -2.87551e-20 -3.70109e-18)
(0.0529945 -3.99571e-21 4.65764e-19)
(0.0529945 -6.40619e-20 -3.56715e-18)
(0.0408441 1.5064e-20 4.50419e-19)
(0.0408441 -4.9224e-20 -3.43811e-18)
(0.0289139 -1.88958e-20 4.34658e-19)
(0.0289139 -2.28477e-20 -3.31387e-18)
(0.0172 -1.56764e-20 4.1946e-19)
(0.0172 -2.03389e-22 -3.19403e-18)
(0.00569862 2.74806e-21 -8.78914e-19)
(0.00569862 -4.25083e-21 -1.10924e-18)
(1.10135 -2.75938e-16 -4.55479e-18)
(1.10135 -2.42431e-16 5.03094e-17)
(1.1012 -2.83492e-16 1.54275e-17)
(1.1012 -2.25048e-16 -5.36969e-18)
(1.10091 -2.81576e-16 1.23494e-17)
(1.10091 -2.58652e-16 -5.73245e-18)
(1.10049 -2.73871e-16 -1.97344e-46)
(1.10049 -2.48442e-16 5.15607e-17)
(1.09995 -2.53825e-16 2.78555e-17)
(1.09995 -1.8244e-16 7.25881e-18)
(1.0993 -2.42541e-16 -6.84698e-18)
(1.0993 -2.28432e-16 6.1167e-17)
(1.09853 -2.64454e-16 -2.34088e-17)
(1.09853 -2.91865e-16 5.02704e-17)
(1.09767 -1.89302e-16 5.47438e-17)
(1.09767 -2.62262e-16 2.39239e-18)
(1.09671 -1.96292e-16 3.39553e-17)
(1.09671 -2.14873e-16 1.95565e-17)
(1.09567 -2.01165e-16 2.70764e-17)
(1.09567 -2.49053e-16 1.0462e-17)
(1.09454 -2.40123e-16 1.18708e-17)
(1.09454 -2.12146e-16 2.63147e-17)
(1.09334 -2.31902e-16 -7.17309e-31)
(1.09334 -1.84648e-16 2.89417e-17)
(1.09207 -2.24325e-16 7.95886e-19)
(1.09207 -1.82697e-16 2.14055e-17)
(1.09073 -2.18346e-16 -1.75287e-17)
(1.09073 -2.42613e-16 3.17498e-17)
(1.08934 -1.97061e-16 -1.0275e-18)
(1.08934 -2.25064e-16 2.40027e-17)
(1.08788 -2.21129e-16 9.96141e-18)
(1.08788 -2.07692e-16 2.14475e-17)
(1.08637 -2.4144e-16 2.0453e-17)
(1.08637 -1.91089e-16 4.18819e-17)
(1.08481 -2.03421e-16 -2.94118e-18)
(1.08481 -2.0818e-16 9.47816e-17)
(1.0832 -1.49253e-16 1.79017e-17)
(1.0832 -2.61577e-16 7.94021e-17)
(1.08155 -1.22385e-16 4.89545e-17)
(1.08155 -1.86753e-16 5.81044e-17)
(1.07986 -1.65256e-16 3.95822e-17)
(1.07986 -1.87787e-16 7.50884e-17)
(1.07813 -1.85281e-16 3.09784e-17)
(1.07813 -2.0787e-16 7.23743e-17)
(1.07636 -1.44584e-16 3.62947e-18)
(1.07636 -1.75991e-16 5.41241e-17)
(1.07456 -1.66575e-16 3.93444e-17)
(1.07456 -1.49148e-16 6.13096e-17)
(1.07272 -2.038e-16 4.24328e-17)
(1.07272 -1.79227e-16 4.51239e-17)
(1.07085 -1.80887e-16 4.64897e-17)
(1.07085 -1.62045e-16 2.21399e-17)
(1.06896 -1.83998e-16 1.68763e-17)
(1.06896 -1.53985e-16 5.52795e-18)
(1.06703 -1.71041e-16 -1.06403e-17)
(1.06703 -1.60165e-16 2.21113e-17)
(1.06508 -1.58632e-16 -1.49861e-17)
(1.06508 -1.73032e-16 3.30315e-18)
(1.0631 -1.73017e-16 6.45025e-18)
(1.0631 -1.6517e-16 1.40612e-17)
(1.0611 -1.35412e-16 -4.32522e-18)
(1.0611 -1.6665e-16 2.07571e-17)
(1.05908 -1.24172e-16 3.40933e-18)
(1.05908 -1.74439e-16 -2.1346e-18)
(1.05704 -1.30679e-16 -1.69987e-17)
(1.05704 -1.61097e-16 1.21742e-17)
(1.05497 -1.09252e-16 -3.04195e-17)
(1.05497 -1.60638e-16 6.34178e-18)
(1.05289 -1.14922e-16 -1.82712e-17)
(1.05289 -1.68499e-16 1.41799e-17)
(1.05079 -1.27471e-16 4.80948e-18)
(1.05079 -1.66867e-16 1.42781e-17)
(1.04867 -1.09699e-16 2.52192e-17)
(1.04867 -1.32294e-16 -6.61468e-19)
(1.04653 -1.40337e-16 2.67466e-17)
(1.04653 -1.21038e-16 -1.67765e-18)
(1.04438 -1.36085e-16 2.31294e-17)
(1.04438 -1.20633e-16 5.02781e-18)
(1.04221 -1.12428e-16 2.65577e-17)
(1.04221 -1.22496e-16 3.71652e-31)
(1.04003 -1.29655e-16 2.28609e-17)
(1.04003 -1.24568e-16 6.89848e-18)
(1.03783 -1.21559e-16 1.55756e-17)
(1.03783 -1.21621e-16 2.75005e-18)
(1.03562 -1.24507e-16 1.55744e-17)
(1.03562 -9.88012e-17 -2.45807e-18)
(1.03339 -1.40607e-16 1.22442e-17)
(1.03339 -1.4535e-16 1.11757e-18)
(1.03116 -1.47048e-16 -1.90381e-17)
(1.03116 -1.92107e-16 2.00981e-17)
(1.02891 -1.19819e-16 -1.54278e-17)
(1.02891 -1.21214e-16 1.92238e-18)
(1.02665 -1.19895e-16 -1.7485e-17)
(1.02665 -1.31193e-16 -8.78064e-31)
(1.02438 -1.08637e-16 -2.65995e-17)
(1.02438 -1.40138e-16 4.53953e-18)
(1.0221 -9.90262e-17 -1.92806e-17)
(1.0221 -1.30796e-16 1.00597e-17)
(1.0198 -1.03738e-16 -1.47727e-17)
(1.0198 -1.31901e-16 4.55828e-32)
(1.0175 -7.70496e-17 -1.91554e-17)
(1.0175 -1.17429e-16 2.32399e-18)
(1.01519 -6.77299e-17 -9.78619e-18)
(1.01519 -8.94836e-17 -2.56449e-31)
(1.01287 -6.10855e-17 -9.09248e-18)
(1.01287 -7.9037e-17 3.37091e-18)
(1.01054 -9.94197e-17 2.22539e-18)
(1.01054 -1.11284e-16 -1.12797e-18)
(1.0082 -1.04252e-16 5.82055e-18)
(1.0082 -7.90028e-17 -2.54908e-19)
(1.00585 -1.01706e-16 5.84924e-18)
(1.00585 -5.94155e-17 -3.20329e-18)
(1.0035 -1.17403e-16 5.77512e-18)
(1.0035 -8.46018e-17 -9.36031e-31)
(1.00113 -1.04087e-16 1.51534e-18)
(1.00113 -4.91496e-17 3.62874e-18)
(0.998762 -1.0009e-16 -7.98993e-20)
(0.998762 -7.02104e-17 -5.99606e-19)
(0.996383 -9.24649e-17 5.08086e-18)
(0.996383 -8.445e-17 -5.74528e-18)
(0.993997 -6.94515e-17 1.17747e-17)
(0.993997 -7.42089e-17 -5.9268e-18)
(0.991604 -5.55462e-17 2.40445e-17)
(0.991604 -6.97499e-17 -7.56011e-18)
(0.989204 -7.66071e-17 3.21902e-17)
(0.989204 -5.43541e-17 -3.12818e-18)
(0.986798 -7.25446e-17 2.89613e-17)
(0.986798 -5.32035e-17 -5.7166e-18)
(0.984385 -7.74988e-17 2.56746e-17)
(0.984385 -3.85793e-17 -1.49556e-18)
(0.981965 -7.01683e-17 2.07343e-17)
(0.981965 -4.06138e-17 -3.02168e-18)
(0.979539 -6.48766e-17 1.8684e-17)
(0.979539 -5.19659e-17 -6.88254e-18)
(0.977107 -5.62258e-17 1.64234e-17)
(0.977107 -6.46686e-17 -5.3626e-18)
(0.974669 -6.53903e-17 1.83505e-17)
(0.974669 -5.85115e-17 -5.06789e-19)
(0.972224 -6.82179e-17 1.40293e-17)
(0.972224 -5.02105e-17 4.1201e-18)
(0.969774 -7.2216e-17 7.98656e-18)
(0.969774 -6.53556e-17 6.24243e-18)
(0.967319 -7.02274e-17 3.83985e-18)
(0.967319 -6.73432e-17 4.59324e-18)
(0.964857 -6.93397e-17 4.0434e-18)
(0.964857 -6.39252e-17 -1.09793e-18)
(0.96239 -7.08e-17 5.03811e-18)
(0.96239 -5.3441e-17 -2.08245e-18)
(0.959917 -6.80782e-17 5.00603e-18)
(0.959917 -8.66909e-17 1.13437e-19)
(0.957439 -6.44251e-17 4.04348e-18)
(0.957439 -6.77615e-17 3.17049e-18)
(0.954955 -6.31578e-17 8.13372e-19)
(0.954955 -5.64661e-17 4.59165e-18)
(0.952466 -6.66573e-17 -1.57727e-18)
(0.952466 -6.46703e-17 4.47611e-18)
(0.949972 -7.21187e-17 -5.52436e-18)
(0.949972 -7.12379e-17 1.43754e-18)
(0.947472 -6.27613e-17 -4.73672e-18)
(0.947472 -6.84327e-17 -1.29959e-18)
(0.944967 -5.9457e-17 -2.76424e-18)
(0.944967 -6.78333e-17 -1.98863e-18)
(0.942457 -5.96419e-17 -2.4943e-18)
(0.942457 -7.68895e-17 9.68929e-19)
(0.939941 -6.82523e-17 -2.05872e-18)
(0.939941 -7.35139e-17 2.74527e-18)
(0.937421 -5.78187e-17 -3.71164e-18)
(0.937421 -7.04081e-17 3.78308e-18)
(0.934895 -5.45497e-17 -3.83168e-18)
(0.934895 -6.54799e-17 2.76923e-18)
(0.932363 -6.25705e-17 -2.99741e-18)
(0.932363 -6.54632e-17 -1.84648e-18)
(0.929827 -5.88015e-17 -3.21142e-18)
(0.929827 -6.66807e-17 -1.86511e-18)
(0.927285 -5.88041e-17 -2.98622e-18)
(0.927285 -7.1166e-17 -7.52847e-19)
(0.924737 -5.73104e-17 -1.24128e-18)
(0.924737 -6.20874e-17 -1.03979e-18)
(0.922185 -5.30888e-17 -4.98984e-19)
(0.922185 -6.52487e-17 -5.38196e-20)
(0.919627 -5.18437e-17 1.2895e-18)
(0.919627 -7.08676e-17 0)
(0.917063 -5.92859e-17 2.62045e-18)
(0.917063 -7.22502e-17 3.54266e-19)
(0.914495 -5.17813e-17 3.97663e-18)
(0.914495 -7.23553e-17 -1.17497e-31)
(0.91192 -4.33363e-17 5.51896e-18)
(0.91192 -7.37126e-17 4.13851e-19)
(0.909341 -3.58457e-17 9.38629e-18)
(0.909341 -7.37157e-17 2.48857e-19)
(0.906755 -3.4586e-17 1.2757e-17)
(0.906755 -5.58421e-17 -3.58034e-19)
(0.904164 -4.19215e-17 1.44899e-17)
(0.904164 -6.37364e-17 5.14414e-19)
(0.901567 -4.76545e-17 1.3896e-17)
(0.901567 -6.12316e-17 -8.61353e-19)
(0.898964 -4.88159e-17 1.16054e-17)
(0.898964 -5.22254e-17 -3.35776e-19)
(0.896356 -4.45811e-17 8.82041e-18)
(0.896356 -5.44563e-17 5.56243e-19)
(0.893742 -3.85028e-17 5.89148e-18)
(0.893742 -5.50035e-17 1.05385e-18)
(0.891121 -2.78981e-17 5.62528e-18)
(0.891121 -4.84618e-17 6.93882e-19)
(0.888494 -2.84549e-17 6.28678e-18)
(0.888494 -5.04109e-17 -4.92055e-19)
(0.885861 -2.74855e-17 6.99089e-18)
(0.885861 -4.54818e-17 -1.21116e-18)
(0.883222 -2.86361e-17 7.91e-18)
(0.883222 -3.8535e-17 -9.99669e-19)
(0.880577 -3.18747e-17 9.03441e-18)
(0.880577 -5.31342e-17 -1.9083e-19)
(0.877924 -2.5229e-17 9.62607e-18)
(0.877924 -4.81415e-17 -9.62864e-20)
(0.875265 -2.21323e-17 1.0219e-17)
(0.875265 -4.46587e-17 -6.36285e-19)
(0.8726 -2.13979e-17 1.16885e-17)
(0.8726 -5.68065e-17 -5.66795e-20)
(0.869927 -1.85696e-17 1.2023e-17)
(0.869927 -4.82017e-17 4.42251e-19)
(0.867247 -1.50886e-17 1.28079e-17)
(0.867247 -4.23996e-17 -6.93148e-19)
(0.86456 -1.7471e-17 1.33047e-17)
(0.86456 -4.15376e-17 -1.26561e-18)
(0.861866 -1.75514e-17 1.30256e-17)
(0.861866 -3.82786e-17 -1.00884e-18)
(0.859164 -1.61237e-17 1.30025e-17)
(0.859164 -4.05756e-17 -3.82989e-19)
(0.856455 -1.78649e-17 1.26362e-17)
(0.856455 -3.75597e-17 3.21704e-19)
(0.853738 -1.89638e-17 1.22294e-17)
(0.853738 -2.8239e-17 -2.66187e-20)
(0.851013 -2.13362e-17 1.1454e-17)
(0.851013 -2.517e-17 5.81529e-19)
(0.848279 -2.13253e-17 1.00494e-17)
(0.848279 -2.67365e-17 9.92858e-19)
(0.845538 -2.82691e-17 9.62333e-18)
(0.845538 -2.49473e-17 -9.25048e-20)
(0.842787 -2.76476e-17 8.56493e-18)
(0.842787 -3.59128e-17 4.12157e-19)
(0.840028 -2.69331e-17 7.64109e-18)
(0.840028 -3.04168e-17 9.38868e-19)
(0.83726 -2.54287e-17 6.7534e-18)
(0.83726 -2.76142e-17 -3.55614e-19)
(0.834483 -2.06132e-17 6.06353e-18)
(0.834483 -3.01883e-17 -8.84325e-19)
(0.831697 -1.5567e-17 5.68175e-18)
(0.831697 -3.05479e-17 -6.9223e-19)
(0.828901 -1.85265e-17 5.50853e-18)
(0.828901 -3.78315e-17 -2.01545e-18)
(0.826095 -2.26782e-17 4.7357e-18)
(0.826095 -3.04915e-17 -1.54065e-18)
(0.823279 -1.58753e-17 4.01579e-18)
(0.823279 -2.82259e-17 -1.07913e-18)
(0.820453 -1.24406e-17 4.22449e-18)
(0.820453 -2.81433e-17 -6.22465e-19)
(0.817616 -1.1379e-17 4.29816e-18)
(0.817616 -3.04885e-17 -1.57384e-18)
(0.814769 -8.35603e-18 4.68786e-18)
(0.814769 -3.78525e-17 -2.38379e-18)
(0.81191 -7.373e-18 4.65237e-18)
(0.81191 -3.07025e-17 -2.39311e-18)
(0.80904 -8.07023e-18 5.06827e-18)
(0.80904 -3.02627e-17 -1.66553e-18)
(0.806158 -3.26098e-18 5.49374e-18)
(0.806158 -3.20639e-17 -2.06526e-18)
(0.803265 -1.68909e-18 5.82625e-18)
(0.803265 -2.53634e-17 -2.31726e-18)
(0.800359 1.29091e-18 5.73369e-18)
(0.800359 -2.13682e-17 -1.94041e-18)
(0.79744 -1.06598e-18 5.76602e-18)
(0.79744 -2.00558e-17 -1.22065e-18)
(0.794509 -3.63147e-18 5.65593e-18)
(0.794509 -1.5741e-17 -1.39312e-18)
(0.791564 -5.59103e-18 4.80295e-18)
(0.791564 -1.7978e-17 -1.58798e-18)
(0.788605 -4.39131e-18 3.9294e-18)
(0.788605 -1.13883e-17 -1.12032e-18)
(0.785633 -1.10172e-17 3.37127e-18)
(0.785633 -8.87201e-18 -8.79218e-19)
(0.782646 -8.73128e-18 2.73334e-18)
(0.782646 -1.31331e-17 -3.81133e-19)
(0.779644 -6.51559e-18 2.13613e-18)
(0.779644 -9.08162e-18 -1.66416e-19)
(0.776627 -5.13898e-18 1.79359e-18)
(0.776627 -7.22623e-18 -1.18576e-19)
(0.773594 -9.96054e-18 1.63481e-18)
(0.773594 -9.3352e-18 -1.54273e-19)
(0.770545 -1.14705e-17 1.13122e-18)
(0.770545 -1.06919e-17 1.80193e-19)
(0.76748 -1.24119e-17 5.18897e-19)
(0.76748 -1.00197e-17 1.59625e-19)
(0.764398 -1.26204e-17 3.1512e-20)
(0.764398 -1.13381e-17 -2.84493e-19)
(0.761298 -1.27657e-17 -4.04433e-19)
(0.761298 -1.30512e-17 -2.13897e-19)
(0.75818 -1.25016e-17 -1.00083e-18)
(0.75818 -8.40718e-18 -2.61132e-19)
(0.755044 -1.27634e-17 -1.63582e-18)
(0.755044 -8.36446e-18 -3.54892e-19)
(0.751888 -1.14622e-17 -2.25847e-18)
(0.751888 -1.17871e-17 -2.43856e-19)
(0.748713 -1.15063e-17 -2.82098e-18)
(0.748713 -1.13785e-17 8.83837e-21)
(0.745518 -1.48785e-17 -3.2545e-18)
(0.745518 -9.72111e-18 6.56592e-20)
(0.742301 -1.39378e-17 -3.74393e-18)
(0.742301 -1.01296e-17 2.40134e-19)
(0.739064 -1.22829e-17 -3.9956e-18)
(0.739064 -1.16248e-17 1.3079e-19)
(0.735804 -1.12315e-17 -3.95243e-18)
(0.735804 -1.33531e-17 -2.21711e-21)
(0.732521 -1.09458e-17 -3.84184e-18)
(0.732521 -1.41878e-17 -3.4335e-21)
(0.729214 -1.05045e-17 -3.77704e-18)
(0.729214 -1.46573e-17 -3.74362e-20)
(0.725884 -1.01361e-17 -3.75553e-18)
(0.725884 -1.38431e-17 2.66767e-20)
(0.722528 -8.96035e-18 -3.61543e-18)
(0.722528 -9.70467e-18 -3.82787e-20)
(0.719146 -8.2264e-18 -3.5501e-18)
(0.719146 -1.09571e-17 -1.87239e-20)
(0.715738 -1.11087e-17 -3.55585e-18)
(0.715738 -9.79946e-18 5.0464e-20)
(0.712302 -9.13613e-18 -3.68974e-18)
(0.712302 -7.91664e-18 9.90591e-20)
(0.708838 -6.93752e-18 -3.80761e-18)
(0.708838 -7.57217e-18 8.79086e-20)
(0.705344 -6.23738e-18 -3.80359e-18)
(0.705344 -7.44058e-18 2.5527e-20)
(0.70182 -7.83493e-18 -3.74047e-18)
(0.70182 -7.22447e-18 2.69691e-21)
(0.698264 -7.22585e-18 -3.73311e-18)
(0.698264 -5.57132e-18 6.02425e-20)
(0.694676 -8.0321e-18 -3.72837e-18)
(0.694676 -1.97594e-18 -5.58951e-21)
(0.691054 -8.48575e-18 -3.68997e-18)
(0.691054 -2.73575e-18 8.50976e-47)
(0.687397 -7.98173e-18 -3.78306e-18)
(0.687397 -1.72255e-18 9.2235e-20)
(0.683705 -6.94295e-18 -3.79307e-18)
(0.683705 -1.94023e-18 4.85264e-20)
(0.679974 -6.04547e-18 -3.77903e-18)
(0.679974 -3.58954e-18 4.89919e-20)
(0.676206 -4.82089e-18 -3.67487e-18)
(0.676206 -3.6431e-18 4.11888e-20)
(0.672397 -5.21638e-18 -3.55838e-18)
(0.672397 -2.96468e-18 1.49889e-20)
(0.668546 -6.37522e-18 -3.49849e-18)
(0.668546 -1.92622e-18 -2.26686e-47)
(0.664652 -7.1059e-18 -3.49255e-18)
(0.664652 -8.27038e-19 1.00903e-20)
(0.660714 -6.8077e-18 -3.44079e-18)
(0.660714 -1.40703e-18 -2.81675e-20)
(0.656729 -6.42171e-18 -3.4444e-18)
(0.656729 2.34979e-19 2.2788e-20)
(0.652695 -6.68583e-18 -3.43718e-18)
(0.652695 -2.93676e-19 1.93405e-20)
(0.648612 -7.00202e-18 -3.42686e-18)
(0.648612 4.38195e-19 9.06396e-21)
(0.644476 -7.26228e-18 -3.43523e-18)
(0.644476 -8.29311e-19 1.14224e-31)
(0.640286 -7.25493e-18 -3.50053e-18)
(0.640286 -1.25798e-18 3.43649e-20)
(0.636039 -6.95824e-18 -3.58905e-18)
(0.636039 -1.71144e-19 4.48008e-20)
(0.631734 -5.77461e-18 -3.65883e-18)
(0.631734 -6.69482e-19 -4.0889e-21)
(0.627367 -4.78578e-18 -3.69056e-18)
(0.627367 -1.3172e-18 2.85044e-20)
(0.622936 -4.41059e-18 -3.69575e-18)
(0.622936 -8.58224e-19 1.76015e-20)
(0.618438 -4.14224e-18 -3.72091e-18)
(0.618438 -1.09494e-18 1.66683e-20)
(0.613871 -4.21278e-18 -3.73983e-18)
(0.613871 -2.38531e-19 3.24339e-32)
(0.609231 -3.99006e-18 -3.7591e-18)
(0.609231 -6.80557e-19 -2.82048e-20)
(0.604515 -3.46799e-18 -3.7512e-18)
(0.604515 5.98941e-19 -1.78927e-20)
(0.59972 -3.79712e-18 -3.69615e-18)
(0.59972 5.54654e-19 2.6567e-21)
(0.594841 -4.30258e-18 -3.62536e-18)
(0.594841 1.08788e-18 -4.52769e-20)
(0.589876 -4.47095e-18 -3.56846e-18)
(0.589876 1.2929e-18 -5.59983e-20)
(0.584819 -4.609e-18 -3.52496e-18)
(0.584819 2.90776e-19 -5.45095e-20)
(0.579666 -4.48757e-18 -3.49582e-18)
(0.579666 5.154e-19 1.48928e-21)
(0.574413 -4.13344e-18 -3.45033e-18)
(0.574413 2.32897e-18 -1.47738e-20)
(0.569054 -4.1611e-18 -3.45392e-18)
(0.569054 1.33688e-18 -1.66289e-20)
(0.563584 -3.99691e-18 -3.47449e-18)
(0.563584 1.02706e-18 -8.00926e-21)
(0.557998 -3.78726e-18 -3.49858e-18)
(0.557998 -2.19922e-19 1.91196e-20)
(0.55229 -3.24615e-18 -3.50577e-18)
(0.55229 -5.27766e-20 3.28315e-20)
(0.546451 -3.0894e-18 -3.49928e-18)
(0.546451 1.49976e-18 1.28127e-21)
(0.540477 -3.17302e-18 -3.53886e-18)
(0.540477 -4.33332e-19 -3.65583e-21)
(0.534359 -2.98291e-18 -3.59298e-18)
(0.534359 1.20489e-19 1.84403e-20)
(0.528089 -3.23154e-18 -3.63761e-18)
(0.528089 1.96582e-19 6.50133e-21)
(0.521659 -2.38893e-18 -3.66046e-18)
(0.521659 4.44346e-19 2.83431e-20)
(0.515059 -1.24432e-18 -3.62682e-18)
(0.515059 1.28322e-20 3.41238e-20)
(0.50828 -1.06843e-18 -3.59361e-18)
(0.50828 7.98567e-19 1.39048e-20)
(0.501311 -1.06388e-18 -3.56201e-18)
(0.501311 1.91233e-18 -1.08764e-20)
(0.494141 -1.39268e-18 -3.54076e-18)
(0.494141 1.48282e-18 5.58954e-21)
(0.486758 -1.1388e-18 -3.50299e-18)
(0.486758 1.51317e-18 4.327e-20)
(0.479149 -1.21716e-18 -3.46072e-18)
(0.479149 1.31393e-18 2.9325e-20)
(0.471301 -1.12956e-18 -3.44389e-18)
(0.471301 1.77631e-18 1.143e-20)
(0.463199 -6.24575e-19 -3.43171e-18)
(0.463199 1.34972e-18 7.81533e-22)
(0.454829 -3.66753e-19 -3.42703e-18)
(0.454829 1.03564e-18 1.23478e-20)
(0.446175 -3.37836e-19 -3.41992e-18)
(0.446175 3.89825e-19 3.29005e-20)
(0.437219 -2.62409e-19 -3.4084e-18)
(0.437219 1.92893e-19 3.52467e-20)
(0.427947 -3.34007e-19 -3.40082e-18)
(0.427947 -6.47054e-20 2.83031e-20)
(0.41834 -6.51949e-19 -3.4065e-18)
(0.41834 -1.16635e-19 1.76019e-20)
(0.408383 -6.31885e-19 -3.41796e-18)
(0.408383 -2.72731e-19 9.58451e-21)
(0.398059 -5.77873e-19 -3.42835e-18)
(0.398059 -1.74663e-19 1.54855e-20)
(0.387354 -5.68749e-19 -3.4474e-18)
(0.387354 -2.98443e-21 1.88627e-20)
(0.376256 -6.55892e-19 -3.46498e-18)
(0.376256 -9.45081e-20 1.83864e-20)
(0.364755 -5.61143e-19 -3.4837e-18)
(0.364755 1.09081e-19 1.86395e-20)
(0.352847 -3.09947e-19 -3.50165e-18)
(0.352847 3.24407e-19 2.10789e-20)
(0.340534 -3.44405e-19 -3.5163e-18)
(0.340534 1.52887e-19 1.73384e-20)
(0.327822 -1.63415e-19 -3.53327e-18)
(0.327822 -1.50163e-20 8.14726e-21)
(0.31473 1.44639e-19 -3.54447e-18)
(0.31473 -1.93572e-19 7.91234e-21)
(0.301283 3.34746e-20 -3.54627e-18)
(0.301283 -1.8477e-20 1.45553e-20)
(0.287518 -1.43423e-20 -3.54387e-18)
(0.287518 9.36023e-20 1.53705e-20)
(0.273481 -2.1303e-21 -3.52228e-18)
(0.273481 -2.53306e-19 6.3199e-21)
(0.259226 -8.76545e-20 -3.49927e-18)
(0.259226 -5.50699e-20 7.87309e-21)
(0.244813 1.26672e-19 -3.45974e-18)
(0.244813 1.40718e-19 8.75416e-21)
(0.230305 1.2476e-19 -3.40172e-18)
(0.230305 -1.2624e-19 4.28203e-21)
(0.215766 -4.97075e-20 -3.33619e-18)
(0.215766 -1.83941e-20 1.51855e-21)
(0.201256 -1.20244e-19 -3.26209e-18)
(0.201256 2.25404e-20 3.41078e-21)
(0.186826 -7.8982e-20 -3.17713e-18)
(0.186826 -1.0466e-19 2.83272e-21)
(0.172522 1.75446e-21 -3.08413e-18)
(0.172522 4.79021e-20 1.87855e-22)
(0.158381 4.36277e-20 -2.98895e-18)
(0.158381 9.87657e-20 1.43929e-22)
(0.144428 6.72845e-20 -2.89073e-18)
(0.144428 7.40005e-20 4.40308e-22)
(0.130684 5.20719e-20 -2.79098e-18)
(0.130684 4.44369e-20 4.0946e-22)
(0.117161 3.0084e-20 -2.69307e-18)
(0.117161 4.97752e-20 3.80772e-22)
(0.103866 1.24263e-20 -2.59722e-18)
(0.103866 3.44839e-20 3.25625e-32)
(0.0908026 1.46158e-20 -2.50492e-18)
(0.0908026 2.35454e-20 -1.09539e-22)
(0.0779707 5.10471e-20 -2.41522e-18)
(0.0779707 2.62161e-20 2.31363e-23)
(0.0653689 1.12298e-19 -2.32761e-18)
(0.0653689 2.7637e-20 -6.26645e-23)
(0.0529945 1.04566e-19 -2.24307e-18)
(0.0529945 -1.50405e-20 1.62171e-22)
(0.0408441 4.52875e-20 -2.16171e-18)
(0.0408441 -2.24651e-20 1.11983e-22)
(0.0289139 9.84733e-21 -2.08354e-18)
(0.0289139 4.91019e-21 -5.25412e-34)
(0.0172 -9.7382e-21 -2.00828e-18)
(0.0172 1.5673e-20 4.87841e-23)
(0.00569862 2.8243e-21 5.62373e-19)
(0.00569862 3.87711e-21 1.92579e-23)
)
;

boundaryField
{
    walls
    {
        type            fixedValue;
        value           uniform (0 0 0);
    }
    inlet
    {
        type            cyclic;
    }
    outlet
    {
        type            cyclic;
    }
    sides
    {
        type            empty;
    }
}


// ************************************************************************* //
