/*--------------------------------*- C++ -*----------------------------------*\
| =========                 |                                                 |
| \\      /  F ield         | OpenFOAM: The Open Source CFD Toolbox           |
|  \\    /   O peration     | Version:  2106                                  |
|   \\  /    A nd           | Website:  www.openfoam.com                      |
|    \\/     M anipulation  |                                                 |
\*---------------------------------------------------------------------------*/
FoamFile
{
    version     2.0;
    format      ascii;
    arch        "LSB;label=32;scalar=64";
    class       volTensorField;
    location    "10100";
    object      grad(U);
}
// * * * * * * * * * * * * * * * * * * * * * * * * * * * * * * * * * * * * * //

dimensions      [0 0 -1 0 0 0 0];

internalField   nonuniform List<tensor> 
800
(
(-1.15363e-17 -9.13206e-28 -1.7247e-28 13.3705 -3.18473e-12 -2.6079e-42 0.0613706 -7.31445e-15 -1.76456e-48)
(0 6.55762e-30 1.02463e-31 13.3705 -1.01898e-15 5.83183e-18 0.0613706 -2.07487e-17 6.38961e-17)
(0 -2.16441e-26 1.05277e-28 13.3642 9.8998e-32 7.68632e-15 0.186976 -3.15544e-30 -2.07357e-17)
(0 -1.2916e-28 6.54601e-32 13.3642 0 3.40409e-30 0.186976 0 2.35845e-16)
(-5.97673e-18 -1.46034e-29 2.33401e-32 13.3576 2.37334e-13 5.09087e-15 0.275433 -6.00475e-15 -4.5441e-18)
(4.78138e-17 1.67302e-29 -2.33401e-32 13.3576 -6.95192e-16 4.82177e-17 0.275433 4.34221e-18 2.57427e-16)
(0 -4.56279e-30 -8.9117e-33 13.3507 1.07619e-13 6.51961e-15 0.288395 -3.49942e-15 2.65683e-17)
(0 4.56279e-30 8.9117e-33 13.3507 3.63948e-16 1.6947e-17 0.288395 7.12548e-18 2.79708e-16)
(-4.14188e-17 -1.68817e-30 3.40266e-32 13.3435 2.50616e-14 6.59787e-15 0.30196 -9.84641e-16 6.06041e-17)
(0 8.71081e-30 -5.10399e-32 13.3435 1.63365e-16 1.05339e-17 0.30196 5.09227e-18 3.02786e-16)
(0 1.24723e-29 -1.1368e-31 13.3359 -1.98011e-15 6.77364e-15 0.316154 -2.01885e-16 9.66583e-17)
(-2.41607e-16 -1.24723e-29 1.1368e-31 13.3359 -8.99983e-17 4.96708e-18 0.316154 1.43843e-17 3.26624e-16)
(-8.02781e-17 -4.60899e-29 -9.30113e-32 13.328 -2.34517e-15 7.20492e-15 0.331006 -2.84532e-17 1.37293e-16)
(0 -3.96848e-30 6.20075e-32 13.328 -2.41166e-16 -3.5838e-18 0.331006 1.66377e-17 3.5108e-16)
(-1.0109e-16 0 2.95946e-32 13.3196 2.20881e-28 7.69478e-15 0.346544 4.21102e-47 1.83596e-16)
(0 7.57621e-30 -8.87838e-32 13.3196 -3.44357e-16 -2.38064e-18 0.346544 1.82195e-17 3.76026e-16)
(-1.2288e-16 6.42288e-30 -5.73225e-32 13.3108 3.76365e-17 8.19307e-15 0.362799 -4.48354e-18 2.30217e-16)
(9.83044e-16 0 0 13.3108 -5.12013e-16 -5.17996e-18 0.362799 2.08101e-17 4.01393e-16)
(4.85767e-16 -2.8079e-30 1.07862e-31 13.3015 7.01974e-31 8.69418e-15 0.3798 -3.15544e-30 2.55493e-16)
(0 3.45158e-30 -5.3931e-32 13.3015 -9.30349e-16 -2.73173e-17 0.3798 2.33662e-17 4.27054e-16)
(2.31844e-16 -1.24244e-29 1.02959e-31 13.2916 5.31754e-16 9.20245e-15 0.397579 -7.77096e-18 2.83081e-16)
(-6.78328e-16 9.88411e-30 -1.02959e-31 13.2916 -1.32968e-15 -4.93604e-17 0.397579 2.06558e-17 4.52653e-16)
(-6.37203e-16 1.53823e-29 4.58251e-29 13.281 1.24961e-15 -3.9443e-31 0.416164 -3.16876e-17 4.93038e-32)
(7.78361e-16 -6.28991e-30 1.9656e-31 13.281 -1.41095e-15 -4.33977e-17 0.416164 1.36612e-17 4.78222e-16)
(0 6.00402e-30 -2.81438e-31 13.2694 1.42932e-15 -6.30376e-15 0.435584 -4.515e-17 1.36855e-16)
(8.8309e-16 -3.00201e-30 1.87626e-31 13.2694 -1.40815e-15 -5.36804e-17 0.435584 6.18109e-18 5.03867e-16)
(-6.51475e-16 1.42596e-29 -1.44903e-31 13.2567 1.79457e-15 -8.56371e-15 0.455863 -4.65808e-17 2.70672e-16)
(0 -5.73113e-30 8.95489e-32 13.2567 -1.75574e-15 -1.03708e-16 0.455863 -1.76184e-18 5.28772e-16)
(0 1.09413e-29 -2.13697e-31 13.2423 2.59627e-15 -9.21298e-15 0.477018 -7.46845e-17 2.79249e-16)
(-3.84962e-16 -8.20596e-30 1.28218e-31 13.2423 -2.53364e-15 -1.16403e-16 0.477018 -1.46108e-17 5.52485e-16)
(0 1.3055e-29 -8.15936e-32 13.2258 3.15692e-15 -9.87159e-15 0.499058 -1.08914e-16 2.03349e-16)
(-7.3493e-16 -7.83299e-30 4.07968e-32 13.2258 -3.13395e-15 -1.02017e-16 0.499058 -3.2448e-17 5.7622e-16)
(0 7.47696e-30 -5.84138e-32 13.2062 3.47382e-15 -1.05564e-14 0.521976 -1.24306e-16 1.1868e-16)
(0 -4.98464e-30 1.94713e-32 13.2062 -3.11801e-15 -1.41207e-16 0.521976 -5.14196e-17 5.99368e-16)
(-7.42579e-16 1.26809e-29 0 13.1824 4.50237e-15 -1.13191e-14 0.545744 -1.44604e-16 2.43682e-17)
(-1.48516e-15 -2.37904e-30 1.16164e-33 13.1824 -3.44093e-15 -2.4932e-16 0.545744 -7.11767e-17 6.21041e-16)
(-8.72659e-16 4.05775e-30 5.32245e-32 13.1528 5.6931e-15 -1.20932e-14 0.570302 -2.21673e-16 -8.16953e-17)
(-3.246e-15 0 -1.77415e-32 13.1528 -4.31462e-15 -3.05212e-16 0.570302 -1.08269e-16 6.39894e-16)
(-1.05197e-15 2.00831e-29 2.03221e-31 13.1154 5.814e-15 -1.28826e-14 0.595547 -2.62092e-16 -1.994e-16)
(6.10152e-16 -1.73416e-29 -2.03221e-31 13.1154 -4.82324e-15 -3.22088e-16 0.595547 -1.57602e-16 6.57233e-16)
(4.79566e-16 -1.5151e-29 -1.29323e-31 13.0673 5.6719e-15 -1.38181e-14 0.621322 -2.54283e-16 -3.30743e-16)
(-1.91827e-15 1.2415e-29 1.29323e-31 13.0673 -5.43582e-15 -4.00425e-16 0.621322 -2.09523e-16 6.71991e-16)
(5.55947e-16 -7.90049e-30 -2.4689e-31 13.005 5.90218e-15 -1.47949e-14 0.647394 -2.74104e-16 -4.80916e-16)
(2.07624e-15 7.90049e-30 2.4689e-31 13.005 -5.56122e-15 -3.33934e-16 0.647394 -2.7082e-16 6.83527e-16)
(-5.60368e-16 -1.05421e-30 -1.17834e-31 12.9242 6.73786e-15 -1.56363e-14 0.673446 -3.02064e-16 -6.50172e-16)
(6.72441e-15 3.7707e-30 1.17834e-31 12.9242 -5.17305e-15 -2.72668e-16 0.673446 -3.21363e-16 6.95766e-16)
(1.01312e-15 -1.07979e-29 -3.37436e-31 12.8196 7.84884e-15 -1.65641e-14 0.699061 -3.88229e-16 -8.38234e-16)
(0 1.07979e-29 4.49914e-31 12.8196 -5.60083e-15 -5.22584e-16 0.699061 -3.70619e-16 7.04801e-16)
(0 0 0 12.6856 8.48213e-15 -1.7561e-14 0.72372 -4.53238e-16 -1.03338e-15)
(-9.6707e-16 0 0 12.6856 -5.83144e-15 -7.56856e-16 0.72372 -4.48337e-16 7.04401e-16)
(6.95641e-16 -2.65055e-30 -2.15704e-32 12.5159 8.73095e-15 -1.84259e-14 0.746814 -4.9877e-16 -1.13307e-15)
(0 0 0 12.5159 -5.91816e-15 -8.39435e-16 0.746814 -5.3244e-16 6.97335e-16)
(8.81158e-16 -9.3915e-30 -7.82625e-31 12.3046 9.3778e-15 -1.93861e-14 0.76767 -5.27348e-16 -1.2551e-15)
(-8.81158e-16 9.3915e-30 7.82625e-31 12.3046 -7.14263e-15 -8.25598e-16 0.76767 -6.30701e-16 6.8168e-16)
(-1.63645e-15 8.57202e-30 8.17328e-31 12.0468 1.06735e-14 -2.00795e-14 0.785603 -6.28884e-16 -1.33504e-15)
(3.18138e-15 -2.98822e-30 -3.73527e-31 12.0468 -8.26006e-15 -6.97988e-16 0.785603 -7.46639e-16 6.59799e-16)
(-8.47863e-16 -1.17029e-29 -2.03786e-30 11.7392 1.12583e-14 -2.04124e-14 0.79998 -7.49756e-16 -1.42349e-15)
(5.17715e-15 1.4262e-29 2.1393e-30 11.7392 -8.73618e-15 -6.11968e-16 0.79998 -8.68806e-16 6.34691e-16)
(9.01941e-16 1.86402e-31 -1.38628e-31 11.3808 1.13401e-14 -2.06141e-14 0.810296 -7.71058e-16 -1.49443e-15)
(0 -2.72275e-30 0 11.3808 -8.74345e-15 -7.04724e-16 0.810296 -1.01997e-15 6.04233e-16)
(1.46311e-15 -1.5594e-29 -2.599e-30 10.9739 1.1724e-14 -2.06439e-14 0.816233 -8.34703e-16 -1.56679e-15)
(6.19564e-15 1.5594e-29 2.599e-30 10.9739 -8.30122e-15 -7.64686e-16 0.816233 -1.18473e-15 5.5802e-16)
(1.01378e-15 -2.46724e-30 -2.23797e-31 10.5235 1.16442e-14 -2.04881e-14 0.817705 -9.04475e-16 -1.61538e-15)
(4.0551e-15 0 0 10.5235 -8.85362e-15 -7.60333e-16 0.817705 -1.37559e-15 5.03712e-16)
(1.33313e-15 -7.10433e-30 -1.77608e-30 10.0374 1.12492e-14 -2.04725e-14 0.814862 -9.03409e-16 -1.71695e-15)
(0 7.10433e-30 2.36811e-30 10.0374 -9.0636e-15 -8.92004e-16 0.814862 -1.58509e-15 4.37317e-16)
(-1.1284e-15 -1.1152e-29 -6.16479e-30 9.52512 1.1674e-14 -1.18568e-14 0.808065 -9.26875e-16 -5.051e-16)
(4.51358e-15 1.35629e-29 2.82559e-30 9.52512 -8.15329e-15 -7.92802e-16 0.808065 -1.78688e-15 3.57543e-16)
(-2.37178e-15 4.72781e-30 0 8.99721 1.31324e-14 7.55357e-31 0.797827 -1.06561e-15 0)
(4.74355e-15 0 0 8.99721 -9.50671e-15 -6.85437e-16 0.797827 -1.96388e-15 2.73237e-16)
(-1.15949e-15 0 1.02983e-30 8.46397 1.38043e-14 1.9319e-15 0.784753 -1.28378e-15 -1.27418e-16)
(-1.15949e-15 4.11932e-30 0 8.46397 -8.19035e-15 -8.28415e-16 0.784753 -2.19572e-15 1.84658e-16)
(-9.13935e-16 1.34694e-29 4.38469e-30 7.9348 1.27681e-14 2.86993e-15 0.769472 -1.29815e-15 -2.36409e-16)
(5.19854e-15 -1.17963e-29 -3.93209e-30 7.9348 -5.22823e-15 -7.11217e-16 0.769472 -2.31884e-15 9.23439e-17)
(1.35537e-15 -9.7271e-30 -2.38421e-30 7.41763 1.10739e-14 3.68463e-15 0.752589 -1.20112e-15 -3.27995e-16)
(5.42149e-15 7.50674e-30 1.87669e-30 7.41763 -5.76247e-15 -5.08409e-16 0.752589 -2.47127e-15 3.04348e-19)
(3.42701e-15 -5.78141e-30 -1.37271e-30 6.91865 1.0762e-14 4.30716e-15 0.734649 -1.06869e-15 -4.30656e-16)
(5.64033e-15 7.16555e-30 1.79139e-30 6.91865 -6.92886e-15 -4.11405e-16 0.734649 -2.66303e-15 -1.00825e-16)
(-4.6162e-16 1.28326e-30 4.03327e-31 6.44233 1.11058e-14 4.52117e-15 0.716116 -1.24958e-15 -4.97017e-16)
(0 -3.41993e-30 0 6.44233 -7.86185e-15 -2.84705e-16 0.716116 -2.86887e-15 -1.94723e-16)
(1.83775e-15 -9.79348e-30 -8.16123e-31 5.99157 1.10121e-14 4.82289e-15 0.697371 -1.25216e-15 -5.22001e-16)
(0 9.79348e-30 8.16123e-31 5.99157 -7.9261e-15 -2.75402e-16 0.697371 -3.07382e-15 -2.72354e-16)
(-3.13381e-15 7.19254e-30 3.13938e-30 5.56794 1.17322e-14 4.89881e-15 0.678711 -1.34877e-15 -6.18372e-16)
(0 0 -1.55806e-30 5.56794 -9.33186e-15 -2.046e-16 0.678711 -3.34772e-15 -3.55128e-16)
(1.61654e-15 1.01081e-30 1.10007e-30 5.17194 1.19843e-14 4.55462e-15 0.660362 -1.55653e-15 -5.9211e-16)
(-8.14066e-15 0 0 5.17194 -9.77951e-15 -1.23372e-16 0.660362 -3.77868e-15 -4.24513e-16)
(1.66485e-15 -4.7616e-30 -1.78943e-30 4.80332 1.11144e-14 4.39141e-15 0.642486 -1.54712e-15 -5.87399e-16)
(6.65939e-15 2.83929e-30 2.12947e-30 4.80332 -7.91415e-15 -7.32249e-17 0.642486 -4.11088e-15 -4.88231e-16)
(1.71183e-15 -1.88803e-30 -3.47704e-31 4.46123 1.06161e-14 4.40897e-15 0.625196 -1.46663e-15 -6.04502e-16)
(-8.37304e-15 5.42048e-30 -7.62979e-32 4.46123 -7.38822e-15 -1.10836e-45 0.625196 -4.45315e-15 -5.49784e-16)
(0 7.76116e-30 6.46763e-31 4.14449 1.1022e-14 4.2473e-15 0.608562 -1.55296e-15 -6.49777e-16)
(-2.91276e-15 0 -6.46763e-31 4.14449 -7.24992e-15 -3.52625e-16 0.608562 -4.75488e-15 -4.49716e-16)
(-1.80196e-15 6.7019e-30 9.2393e-31 3.85165 1.1297e-14 3.60824e-15 0.592624 -1.73338e-15 -6.14154e-16)
(0 4.93894e-30 0 3.85165 -7.69147e-15 -1.23915e-15 0.592624 -5.0104e-15 -3.45897e-16)
(0 0 -1.17861e-30 3.58118 9.44526e-15 2.81497e-15 0.577398 -1.79218e-15 -5.09021e-16)
(2.654e-15 0 1.17861e-30 3.58118 -6.3657e-15 -8.81578e-16 0.577398 -5.43501e-15 -4.17405e-16)
(-1.24117e-15 1.02038e-29 2.88458e-30 3.3315 6.59961e-15 2.69499e-15 0.562884 -1.2828e-15 -4.08613e-16)
(5.01571e-15 -6.75026e-30 -2.25009e-30 3.3315 -3.65249e-15 3.94421e-16 0.562884 -5.64018e-15 -3.75877e-16)
(2.41823e-15 2.14782e-30 5.36954e-31 3.10105 7.51894e-15 6.21503e-16 0.549067 -9.69448e-16 -5.16595e-16)
(-7.71299e-15 0 -1.07391e-30 3.10105 -4.4028e-15 2.10481e-16 0.549067 -5.76456e-15 -3.72745e-16)
(3.93634e-15 9.58626e-31 -3.73816e-30 2.88831 9.77516e-15 -4.04291e-30 0.535926 -1.74547e-15 -3.9443e-31)
(7.87268e-15 -4.10039e-30 -2.0502e-30 2.88831 -4.04877e-15 9.72032e-17 0.535926 -6.06207e-15 -3.83967e-16)
(0 1.95701e-30 -3.09539e-30 2.69187 9.39098e-15 1.22988e-17 0.52343 -1.93194e-15 -1.21034e-18)
(8.02836e-15 0 9.78506e-31 2.69187 -2.55859e-15 -3.03487e-16 0.52343 -6.41105e-15 -3.98857e-16)
(0 3.73612e-30 2.33508e-30 2.51038 8.52394e-15 2.041e-15 0.51155 -1.76081e-15 -4.4601e-16)
(0 -3.73612e-30 -2.33508e-30 2.51038 -3.82739e-15 -1.01797e-15 0.51155 -6.66012e-15 -4.32544e-16)
(-2.00766e-15 3.56631e-30 1.78316e-30 2.34259 6.97881e-15 1.83444e-15 0.50025 -1.75423e-15 -3.94482e-16)
(2.00766e-15 -3.56631e-30 -1.78316e-30 2.34259 -3.82157e-15 -1.27439e-15 0.50025 -7.00389e-15 -4.95632e-16)
(0 3.40422e-30 4.25527e-31 2.18736 5.8871e-15 2.12982e-15 0.489495 -1.24906e-15 -3.98132e-16)
(6.55691e-15 0 0 2.18736 -2.81103e-15 -1.40934e-15 0.489495 -7.37913e-15 -5.10532e-16)
(4.30743e-15 -2.70231e-30 3.34096e-31 2.04363 5.9873e-15 2.11595e-15 0.479251 -1.41939e-15 -5.69814e-16)
(0 0 -8.12373e-31 2.04363 -1.23379e-15 -1.40567e-15 0.479251 -7.51016e-15 -6.22615e-16)
(-2.18833e-15 -1.80157e-30 -9.24623e-31 1.91043 5.66588e-15 1.84301e-15 0.469482 -1.41948e-15 -4.30218e-16)
(1.75066e-14 3.1018e-30 1.16317e-30 1.91043 1.66962e-15 -1.45062e-15 0.469482 -7.49847e-15 -7.50964e-16)
(2.2222e-15 -4.21327e-30 -9.41535e-31 1.78688 4.05049e-15 1.72658e-15 0.460156 -1.39433e-15 -4.86563e-16)
(8.88879e-15 0 7.40204e-31 1.78688 3.155e-16 -1.40695e-15 0.460156 -7.32799e-15 -8.75613e-16)
(-2.25536e-15 -1.49738e-30 -1.22216e-30 1.67218 2.5892e-15 1.95441e-15 0.451238 -6.97252e-16 -4.10134e-16)
(0 2.82624e-30 1.41312e-30 1.67218 -1.49119e-15 -1.06431e-15 0.451238 -7.6042e-15 -8.1973e-16)
(0 0 -6.74446e-31 1.5656 3.206e-15 1.81531e-15 0.442699 -7.14674e-16 -6.6116e-16)
(1.83029e-14 0 6.74446e-31 1.5656 -2.02315e-16 -2.89343e-16 0.442699 -7.59482e-15 -8.64284e-16)
(2.31972e-15 -1.22272e-30 -4.86032e-31 1.46647 2.57699e-15 1.62537e-15 0.434509 -1.12588e-15 -3.68793e-16)
(1.21782e-14 0 3.21896e-31 1.46647 1.38609e-16 -2.04143e-16 0.434509 -7.47271e-15 -8.98224e-16)
(2.7676e-15 -2.45812e-30 0 1.37418 1.5819e-15 1.73988e-15 0.426638 -3.99057e-16 -6.09269e-16)
(9.40383e-15 2.45812e-30 0 1.37418 -6.52869e-16 -5.24657e-16 0.426638 -7.78851e-15 -1.13685e-15)
(0 2.3464e-30 0 1.28818 1.88586e-15 8.46656e-16 0.41906 -5.9708e-16 -4.78236e-16)
(-9.52645e-15 4.67498e-31 0 1.28818 3.69188e-17 -2.53337e-16 0.41906 -7.14186e-15 -1.00587e-15)
(2.41171e-15 -1.32928e-30 -2.04233e-30 1.20798 2.4905e-15 3.96441e-16 0.411749 -6.42308e-16 -6.81788e-17)
(9.64682e-15 -6.17527e-31 5.59937e-31 1.20798 4.27529e-16 -7.66549e-16 0.411749 -6.95355e-15 -8.84336e-16)
(2.44126e-15 8.91277e-31 -1.04569e-31 1.13311 3.16973e-15 8.76937e-16 0.404679 -1.08113e-15 -5.89911e-16)
(0 0 0 1.13311 -5.11258e-16 -3.25013e-16 0.404679 -5.69791e-15 -6.17432e-16)
(-2.47029e-15 -8.52998e-31 -1.54875e-31 1.06316 2.99125e-15 1.53772e-16 0.397828 -1.20609e-15 -2.90236e-17)
(1.97623e-14 -2.13685e-30 -3.77683e-31 1.06316 -2.72383e-16 9.31412e-16 0.397828 -4.29742e-15 -8.05123e-16)
(-4.69209e-15 1.20391e-30 -1.34125e-31 0.997757 3.58182e-15 1.36034e-15 0.391172 -1.04859e-15 -4.86984e-16)
(-9.99527e-15 2.81502e-30 3.02684e-31 0.997757 -3.15197e-16 1.53064e-15 0.391172 -3.24195e-15 -8.11044e-16)
(2.09359e-15 -1.85948e-30 0 0.936546 3.41192e-15 1.62933e-15 0.38469 -1.80189e-15 -5.91373e-16)
(-2.09359e-15 1.85948e-30 0 0.936546 1.58777e-15 1.11114e-15 0.38469 -1.19204e-15 -5.32712e-16)
(-5.10886e-15 2.12421e-30 9.86497e-34 0.879215 2.95064e-15 1.16935e-15 0.37836 -1.00669e-15 -7.62659e-16)
(0 1.77496e-30 0 0.879215 2.59448e-15 7.00145e-16 0.37836 -1.7921e-15 -3.65185e-16)
(-2.58155e-15 9.41144e-31 9.84577e-32 0.825472 3.0193e-15 1.44664e-16 0.372161 -1.56763e-15 -2.40236e-16)
(-1.03262e-14 4.01377e-30 0 0.825472 1.5343e-15 5.00589e-16 0.372161 -8.46941e-16 -3.48881e-16)
(0 0 -1.75162e-46 0.775054 2.55987e-15 8.08656e-31 0.366073 -1.16877e-15 0)
(-3.64179e-15 1.61728e-30 0 0.775054 1.0754e-15 9.654e-17 0.366073 -7.7636e-16 -4.31163e-16)
(-5.2689e-15 2.77081e-31 0 0.727715 2.99299e-15 9.11623e-16 0.360075 -1.27237e-15 2.60087e-17)
(0 1.54377e-30 9.20236e-31 0.727715 5.82925e-16 3.04522e-16 0.360075 -2.35577e-16 -7.59811e-17)
(2.66026e-15 -7.91362e-31 -1.84201e-31 0.683232 5.4818e-16 -1.07087e-15 0.354148 -1.95871e-15 -3.88403e-16)
(3.31826e-15 0 0 0.683232 5.85357e-16 5.32356e-16 0.354148 -3.48839e-16 -4.27534e-16)
(-2.20385e-15 -6.12963e-31 -8.11397e-32 0.641398 -1.23184e-15 -1.85222e-15 0.348269 -4.76924e-16 -9.76526e-16)
(1.07426e-14 -4.37509e-30 0 0.641398 3.38602e-16 1.24687e-18 0.348269 -2.61148e-16 -4.41519e-16)
(2.71062e-15 -1.11517e-30 -1.24568e-30 0.602022 -1.09834e-15 -4.01338e-30 0.342417 -1.18281e-15 -1.97215e-31)
(2.1685e-14 -1.01288e-29 5.0351e-31 0.602022 3.69964e-16 9.09252e-16 0.342417 -1.06134e-16 -1.69171e-16)
(5.77211e-15 -1.36831e-31 -6.39793e-31 0.564928 3.87035e-30 1.24455e-15 0.336571 0 -3.74032e-16)
(1.09408e-14 -3.63969e-30 -6.76982e-32 0.564928 -2.72899e-16 -2.46519e-31 0.336571 -1.7778e-15 -4.87817e-16)
(-2.75936e-15 8.79554e-31 0 0.529952 -1.72683e-16 1.1486e-15 0.330705 -1.71181e-15 -7.42659e-16)
(0 0 0 0.529952 -1.35619e-15 -1.00861e-15 0.330705 -4.49492e-16 -5.51075e-16)
(2.62967e-15 1.75162e-46 -2.97746e-30 0.49694 3.74709e-30 1.95758e-16 0.324795 1.97425e-46 -6.45681e-17)
(1.96354e-14 -9.42157e-30 -2.03856e-31 0.49694 9.83212e-16 5.75935e-16 0.324795 -3.78551e-16 -1.08819e-15)
(-2.8065e-15 1.22911e-30 1.18389e-30 0.46575 1.58365e-16 2.3599e-16 0.318812 -2.30019e-16 8.15446e-17)
(1.1226e-14 -3.74311e-30 -1.39341e-31 0.46575 1.0271e-15 1.32612e-15 0.318812 -1.94751e-15 -9.1293e-16)
(-2.82947e-15 0 0 0.436248 0 -5.47382e-47 0.312726 0 9.86076e-32)
(-1.13179e-14 4.29587e-30 1.33008e-31 0.436248 9.76966e-16 1.54588e-15 0.312726 -1.53316e-15 9.15733e-17)
(0 2.0314e-30 -1.26962e-31 0.408308 3.00374e-15 -1.39041e-15 0.306503 -1.80354e-15 3.23002e-16)
(1.14081e-14 -3.79805e-30 3.53461e-31 0.408308 3.21722e-15 2.48545e-16 0.306503 -1.90006e-15 9.42562e-17)
(-4.36639e-15 0 -2.42383e-31 0.381809 3.07589e-15 -1.55103e-15 0.300104 -2.77554e-15 2.26897e-16)
(4.36639e-15 0 2.42383e-31 0.381809 1.26619e-15 4.31427e-16 0.300104 -3.00595e-15 -3.84696e-16)
(-2.89593e-15 -2.90985e-31 2.89208e-31 0.356639 2.95823e-30 -2.63395e-15 0.293485 -2.09677e-15 -1.29177e-16)
(-1.57516e-14 6.03127e-30 -5.02126e-32 0.356639 -1.49153e-15 -2.46519e-32 0.293485 -1.4014e-15 0)
(0 0 0 0.332686 -2.67231e-16 -4.93038e-31 0.286594 -1.73452e-15 1.97215e-31)
(-1.1669e-14 4.3091e-30 -1.98766e-30 0.332686 0 -2.12362e-15 0.286594 -1.57772e-30 1.23247e-16)
(-4.65719e-15 -9.24234e-31 2.50945e-31 0.309845 -5.9455e-16 -2.87983e-16 0.279371 -1.70161e-15 -9.13203e-16)
(-4.15722e-15 4.48769e-30 0 0.309845 1.41286e-15 -8.63452e-16 0.279371 -6.88114e-16 -1.21672e-15)
(6.58363e-15 -2.37439e-30 -9.2118e-31 0.28801 2.46519e-30 -4.93038e-31 0.271746 0 0)
(8.20927e-15 -3.29979e-30 1.00615e-30 0.28801 2.60374e-15 1.38806e-15 0.271746 -2.01466e-15 -9.63049e-16)
(5.95713e-15 -1.74401e-30 -8.64381e-31 0.267077 2.53115e-15 2.05648e-15 0.263633 -1.99721e-15 -1.67888e-15)
(0 0 7.20317e-31 0.267077 4.28991e-16 1.55093e-15 0.263633 -3.10644e-15 9.89838e-16)
(2.99806e-15 -5.08634e-31 -4.81305e-31 0.24694 5.45973e-16 1.03305e-15 0.25493 -3.10422e-15 -5.14859e-16)
(0 0 4.81305e-31 0.24694 -3.21968e-29 1.43569e-15 0.25493 0 1.74113e-16)
(3.15289e-15 -3.55579e-31 -1.7502e-31 0.227488 -3.47228e-29 1.69537e-15 0.245508 0 -5.93357e-16)
(0 0 1.6947e-44 0.227488 1.33938e-15 -3.82093e-30 0.245508 -2.04923e-15 9.86076e-32)
(0 0 0 0.208605 5.40567e-17 6.27099e-16 0.235211 -5.8848e-16 7.15376e-16)
(0 0 -8.35327e-32 0.208605 0 -2.82989e-15 0.235211 -3.33277e-15 6.73695e-16)
(5.74559e-15 -1.27578e-30 3.18944e-31 0.190163 -4.70672e-16 5.46746e-16 0.22384 -6.5174e-16 1.44242e-15)
(0 1.27578e-30 1.27175e-31 0.190163 -1.99953e-15 1.97215e-31 0.22384 -3.18639e-15 9.16389e-16)
(-5.48444e-15 -2.72503e-31 -4.56671e-31 0.172019 6.1854e-16 -2.86908e-16 0.211141 -3.91287e-16 8.22326e-16)
(0 7.66315e-32 3.04448e-31 0.172019 1.82424e-30 1.86689e-15 0.211141 0 2.3446e-16)
(6.17472e-15 3.81661e-32 1.45305e-31 0.15401 -1.08922e-29 -1.10821e-15 0.196788 -3.89418e-15 -2.17372e-16)
(7.11428e-15 -7.46031e-31 1.24803e-44 0.15401 2.22657e-15 2.79375e-30 0.196788 -3.11187e-15 0)
(-4.99722e-15 1.2962e-43 -5.28129e-32 0.135944 2.91596e-29 -1.80531e-15 0.180359 2.42026e-46 5.30218e-16)
(0 0 1.04025e-31 0.135944 0 -1.87803e-15 0.180359 -2.78285e-15 5.52739e-17)
(-3.11845e-15 6.29387e-31 0 0.117592 1.18329e-30 0 0.161312 -2.27312e-15 3.49571e-49)
(1.24738e-14 -2.32344e-30 2.64793e-31 0.117592 -3.73408e-16 -3.78968e-16 0.161312 -1.9943e-15 -4.53501e-16)
(-3.13275e-15 -4.2316e-31 -5.05515e-31 0.0986897 -6.54289e-16 1.3393e-15 0.138961 -2.4948e-15 -1.16154e-15)
(0 0 5.05515e-31 0.0986897 -1.47755e-19 -2.09806e-16 0.138961 -6.004e-16 -1.33159e-16)
(4.34633e-15 -4.87021e-33 0 0.0789432 2.60064e-29 7.20075e-17 0.112488 -7.88861e-31 3.8818e-16)
(2.08222e-14 -2.73747e-30 9.02086e-45 0.0789432 5.93381e-16 2.04142e-30 0.112488 -2.76426e-15 0)
(-3.15824e-15 4.04632e-31 -4.37906e-46 0.0580621 8.43893e-16 1.74215e-30 0.080999 -2.5678e-15 0)
(1.2633e-14 -2.37144e-30 0 0.0580621 1.26252e-15 -2.87751e-15 0.080999 -1.1463e-15 -1.82984e-16)
(-7.92042e-15 6.98595e-31 0 0.0358267 1.58399e-15 -8.61504e-16 0.0436809 -1.3877e-15 1.91806e-15)
(3.96021e-15 0 1.75869e-30 0.0358267 -7.39557e-31 -1.58918e-29 0.0436809 -4.86821e-15 -3.9443e-31)
(1.84097e-18 -9.90387e-31 -8.15226e-32 9.38896e-11 1.72107e-16 0 8.61675e-11 -3.34597e-15 -2.44811e-30)
(-7.56042e-15 1.25906e-30 0 9.39089e-11 7.06946e-16 4.23154e-15 8.61924e-11 -6.55148e-16 -9.66725e-16)
(0 -5.12314e-33 -5.12314e-32 13.3705 -8.91906e-17 -2.79804e-15 -0.0613706 7.31445e-15 1.07634e-16)
(0 5.12314e-33 -2.65472e-28 13.3705 1.33674e-16 2.78274e-14 -0.0613706 2.07487e-17 -6.38961e-17)
(2.20239e-17 -6.84228e-49 1.15757e-31 13.3642 -1.59062e-50 -9.50283e-16 -0.186976 2.28274e-14 9.1369e-18)
(-2.20239e-17 1.22257e-33 6.71417e-28 13.3642 4.77148e-16 8.82692e-15 -0.186976 -1.34179e-17 -8.48702e-17)
(5.39992e-17 0 1.12032e-31 13.3576 -1.58179e-16 -4.2908e-16 -0.275433 2.133e-14 4.5441e-18)
(-4.20458e-17 0 -1.12032e-31 13.3576 1.48247e-16 4.30481e-15 -0.275433 -4.34221e-18 -8.86629e-17)
(0 0 0 13.3507 4.59944e-16 -3.52263e-16 -0.288395 2.04528e-14 -2.65683e-17)
(0 -2.22792e-33 -7.12936e-32 13.3507 3.70291e-16 4.27976e-15 -0.288395 -8.20968e-18 -9.20627e-17)
(4.14188e-17 0 6.80532e-32 13.3435 4.02603e-16 -2.61904e-16 -0.30196 2.02041e-14 -6.06041e-17)
(-2.42296e-16 -1.58012e-33 -2.17349e-31 13.3435 3.98515e-16 4.23181e-15 -0.30196 -9.244e-18 -9.51364e-17)
(0 0 3.248e-31 13.3359 2.61624e-16 -1.60963e-16 -0.316154 2.01764e-14 -9.66583e-17)
(-2.41607e-16 -6.51902e-34 -4.51815e-31 13.3359 4.82714e-16 4.16381e-15 -0.316154 -1.32099e-17 -9.7814e-17)
(0 0 -4.95918e-31 13.328 1.621e-16 6.28007e-30 -0.331006 2.02258e-14 -1.37293e-16)
(0 -3.87547e-33 -6.20075e-32 13.328 5.58562e-16 4.07446e-15 -0.331006 -1.39138e-17 -9.99723e-17)
(0 0 1.77568e-31 13.3196 8.51357e-17 1.6092e-17 -0.346544 2.0232e-14 -1.83596e-16)
(-4.0436e-16 0 -3.29962e-31 13.3196 6.70784e-16 3.96198e-15 -0.346544 -1.82195e-17 -1.01496e-16)
(-8.68766e-18 0 3.38994e-31 13.3108 -1.05525e-16 1.96015e-16 -0.362799 2.02307e-14 -2.36152e-16)
(-2.54449e-16 -1.41247e-32 -5.0849e-31 13.3108 8.98588e-16 3.83684e-15 -0.362799 -2.08101e-17 -1.02896e-16)
(6.31462e-16 1.34827e-32 3.23586e-31 13.3015 -2.57086e-16 3.17159e-16 -0.3798 2.0233e-14 -2.95459e-16)
(-1.06855e-15 -1.34827e-32 -5.57016e-31 13.3015 9.28062e-16 3.70213e-15 -0.3798 -2.33662e-17 -1.03696e-16)
(0 0 -2.05919e-31 13.2916 -1.7899e-16 4.47426e-16 -0.397579 2.0233e-14 -3.62025e-16)
(-6.78328e-16 3.34642e-33 1.15265e-31 13.2916 6.72399e-16 3.55079e-15 -0.397579 -1.50919e-17 -1.03871e-16)
(0 2.45699e-32 3.93119e-31 13.281 -1.11826e-16 5.90669e-16 -0.416164 2.02258e-14 -4.36668e-16)
(-7.78361e-16 -3.08462e-32 -6.0106e-31 13.281 4.66226e-16 3.38848e-15 -0.416164 -1.34202e-17 -1.0363e-16)
(-2.20772e-16 1.17266e-32 1.87626e-31 13.2694 -6.34153e-17 7.53177e-16 -0.435584 2.02155e-14 -4.07655e-16)
(8.8309e-16 -1.17266e-32 1.29244e-31 13.2694 4.4721e-16 3.20648e-15 -0.435584 -6.18109e-18 -1.02044e-16)
(-2.48183e-16 4.47744e-32 4.47744e-31 13.2567 -1.99821e-16 9.31091e-16 -0.455863 2.02038e-14 -3.46907e-16)
(-9.92732e-16 -4.47744e-32 -6.86068e-31 13.2567 5.25099e-16 2.99885e-15 -0.455863 1.76184e-18 -9.94468e-17)
(3.84962e-16 4.27394e-32 5.12872e-31 13.2423 -5.6148e-16 1.06829e-15 -0.477018 2.01886e-14 -2.79249e-16)
(-1.49248e-15 -4.27394e-32 -7.64875e-31 13.2423 7.96937e-16 2.8119e-15 -0.477018 1.46108e-17 -9.85166e-17)
(6.1384e-16 0 0 13.2258 -7.36136e-16 1.1753e-15 -0.499058 2.01679e-14 -2.03349e-16)
(0 0 0 13.2258 1.13931e-15 2.64516e-15 -0.499058 3.2448e-17 -9.65508e-17)
(-3.38369e-16 0 0 13.2062 -9.10003e-16 1.30337e-15 -0.521976 2.01439e-14 -1.1868e-16)
(1.35347e-15 1.94713e-32 4.36463e-31 13.2062 1.11422e-15 2.46309e-15 -0.521976 5.14196e-17 -9.37176e-17)
(5.96703e-16 5.57588e-32 4.4607e-31 13.1824 -1.0401e-15 1.43183e-15 -0.545744 2.01183e-14 -2.43682e-17)
(-2.1548e-15 -4.64657e-32 -6.67225e-31 13.1824 6.51892e-16 2.25497e-15 -0.545744 7.11767e-17 -8.87153e-17)
(1.04495e-15 -2.66122e-32 -1.41932e-31 13.1528 -9.32507e-16 1.55198e-15 -0.570302 2.00734e-14 8.16953e-17)
(0 5.32245e-32 2.83864e-31 13.1528 2.51785e-16 2.01389e-15 -0.570302 1.08269e-16 -8.19221e-17)
(4.41819e-16 6.77404e-32 2.70962e-31 13.1154 -1.12084e-15 1.68446e-15 -0.595547 2.00171e-14 1.994e-16)
(0 -9.31431e-32 -4.06443e-31 13.1154 2.67369e-16 1.76983e-15 -0.595547 1.57602e-16 -7.51652e-17)
(4.79566e-16 -6.06202e-32 -1.29323e-31 13.0673 -1.76131e-15 1.73882e-15 -0.621322 1.99694e-14 3.30743e-16)
(-1.91827e-15 6.46615e-32 -7.69701e-32 13.0673 5.79687e-16 1.53361e-15 -0.621322 2.09523e-16 -6.73985e-17)
(5.19061e-16 0 0 13.005 -2.09617e-15 1.70961e-15 -0.647394 1.99262e-14 4.80916e-16)
(0 -1.54306e-32 -2.4689e-31 13.005 9.63093e-16 1.30857e-15 -0.647394 2.7082e-16 -6.00283e-17)
(1.12074e-15 -1.23358e-31 -2.35669e-31 12.9242 -1.99016e-15 1.66182e-15 -0.673446 1.98764e-14 6.50172e-16)
(0 1.23358e-31 2.35669e-31 12.9242 1.26401e-15 1.10863e-15 -0.673446 3.21363e-16 -5.30593e-17)
(1.01312e-15 -7.71094e-32 -1.12479e-31 12.8196 -1.64302e-15 1.57728e-15 -0.699061 1.98044e-14 8.38234e-16)
(0 4.92135e-30 2.24957e-31 12.8196 7.63963e-16 8.53537e-16 -0.699061 3.70619e-16 -3.79314e-17)
(0 0 0 12.6856 -1.1313e-15 1.51558e-15 -0.72372 1.97099e-14 1.05172e-15)
(0 2.48877e-31 -1.07366e-31 12.6856 8.88701e-30 4.9601e-16 -0.72372 4.48337e-16 -1.71951e-17)
(-9.23115e-16 2.4981e-31 2.04973e-31 12.5159 -7.77065e-16 1.47969e-15 -0.746814 1.9598e-14 1.2885e-15)
(0 -2.43405e-31 7.00649e-46 12.5159 -2.81387e-16 -5.82489e-46 -0.746814 5.3244e-16 -1.27034e-30)
(7.44567e-16 -1.28399e-31 -1.95656e-31 12.3046 -7.49736e-16 1.43398e-15 -0.76767 1.94761e-14 1.54988e-15)
(0 1.28399e-31 3.35019e-30 12.3046 1.92614e-16 -3.02552e-16 -0.76767 6.30701e-16 -9.30673e-18)
(-8.41108e-16 1.22564e-31 0 12.0468 -1.7837e-15 1.33584e-15 -0.785603 1.93321e-14 1.84142e-15)
(3.18138e-15 -9.33817e-32 1.57642e-31 12.0468 8.75826e-16 -7.57804e-16 -0.785603 7.46639e-16 -3.93736e-17)
(-8.47863e-16 2.67412e-31 3.5655e-31 11.7392 -2.82448e-15 1.11948e-15 -0.79998 1.91896e-14 2.1544e-15)
(-1.60576e-15 1.56747e-30 -5.34824e-31 11.7392 5.51691e-16 -1.03026e-15 -0.79998 8.68806e-16 -5.87595e-17)
(1.80388e-15 -2.76529e-31 -1.70172e-31 11.3808 -2.31644e-15 9.27133e-16 -0.810296 1.90474e-14 2.49335e-15)
(3.60777e-15 0 4.60691e-31 11.3808 -8.24147e-46 -1.45276e-15 -0.810296 1.01997e-15 -8.08813e-17)
(1.91469e-15 0 0 10.9739 -1.89019e-15 8.28059e-16 -0.816233 1.88697e-14 2.85111e-15)
(0 7.30668e-31 0 10.9739 -1.23171e-15 -1.94326e-15 -0.816233 1.18473e-15 -1.25682e-16)
(0 2.71345e-31 1.55054e-31 10.5235 -2.11229e-15 7.81116e-16 -0.817705 1.86828e-14 3.228e-15)
(0 -4.26399e-31 -3.10109e-31 10.5235 -1.44948e-15 -2.34209e-15 -0.817705 1.37559e-15 -1.63192e-16)
(0 -1.85009e-31 0 10.0374 -1.81838e-15 7.06341e-16 -0.814862 1.84998e-14 3.61632e-15)
(0 1.85009e-31 2.96014e-31 10.0374 -1.05519e-15 -2.69491e-15 -0.814862 1.58509e-15 -2.01333e-16)
(1.1284e-15 -2.1192e-31 -1.4128e-31 9.52512 -2.27292e-15 6.85857e-16 -0.808065 1.82989e-14 4.03241e-15)
(0 2.1192e-31 1.4128e-31 9.52512 -7.52011e-16 -3.05636e-15 -0.808065 1.78688e-15 -2.37859e-16)
(0 4.72004e-31 1.34858e-31 8.99721 -3.67283e-15 4.63024e-16 -0.797827 1.80993e-14 4.14255e-15)
(0 -4.72004e-31 -1.34858e-31 8.99721 3.7428e-16 -3.18619e-15 -0.797827 1.96388e-15 -2.73237e-16)
(1.24306e-15 0 0 8.46397 -2.64159e-15 -1.40467e-16 -0.784753 1.78762e-14 4.10645e-15)
(-1.15949e-15 1.21887e-30 -1.28729e-31 8.46397 2.60324e-29 -3.03879e-15 -0.784753 2.19572e-15 -1.84658e-16)
(-9.13935e-16 7.98706e-31 -1.22878e-31 7.9348 9.92298e-16 -4.04054e-16 -0.769472 1.75756e-14 4.05851e-15)
(5.19854e-15 7.02916e-30 0 7.9348 -4.36212e-17 -3.05279e-15 -0.769472 2.31884e-15 -9.23439e-17)
(-7.57589e-16 -1.17293e-31 -1.17293e-31 7.41763 1.9082e-15 1.04232e-17 -0.752589 1.72005e-14 3.98508e-15)
(5.42149e-15 2.34586e-31 0 7.41763 -9.27447e-16 -3.25206e-15 -0.752589 2.47127e-15 -3.04348e-19)
(4.83709e-15 5.59809e-32 9.71076e-32 6.91865 -4.36148e-16 3.99422e-29 -0.734649 1.69115e-14 3.8679e-15)
(-2.01692e-15 -5.59809e-32 0 6.91865 -4.61583e-16 -3.21979e-15 -0.734649 2.66303e-15 1.00825e-16)
(2.92726e-15 0 2.98063e-34 6.44233 -1.16176e-15 -5.60941e-16 -0.716116 1.66459e-14 3.75154e-15)
(0 0 0 6.44233 5.67078e-16 -2.76792e-15 -0.716116 2.86887e-15 1.94723e-16)
(-3.21822e-16 3.06046e-31 -1.53023e-31 5.99157 -6.74935e-16 -7.22473e-16 -0.697371 1.63508e-14 3.64511e-15)
(2.3882e-15 1.70631e-30 5.10077e-32 5.99157 -2.8892e-29 -2.44147e-15 -0.697371 3.07382e-15 2.72354e-16)
(1.5669e-15 0 0 5.56794 -1.30895e-15 -6.37662e-16 -0.678711 1.60356e-14 3.50894e-15)
(0 0 0 5.56794 -2.01368e-15 -2.26234e-15 -0.678711 3.34772e-15 3.55128e-16)
(-3.23309e-15 0 0 5.17194 -2.1414e-15 -5.86705e-16 -0.660362 1.57063e-14 3.38197e-15)
(0 0 4.64763e-32 5.17194 -2.04254e-15 -1.93436e-15 -0.660362 3.77868e-15 4.24513e-16)
(1.66485e-15 -3.54911e-31 1.55274e-31 4.80332 -1.76e-15 -3.85674e-16 -0.642486 1.53988e-14 3.25195e-15)
(6.65939e-15 3.54911e-31 -3.83508e-31 4.80332 -2.0257e-15 -1.77431e-15 -0.642486 4.11088e-15 2.46908e-16)
(0 3.3878e-31 -2.43498e-31 4.46123 -1.36903e-15 -2.69279e-16 -0.625196 1.50713e-14 3.10997e-15)
(-8.37304e-15 -1.6939e-31 -7.00649e-46 4.46123 -1.68762e-15 0 -0.625196 4.45315e-15 0)
(1.75752e-15 -3.23382e-31 1.81902e-31 4.14449 -2.49261e-15 -3.89114e-16 -0.608562 1.47417e-14 2.95754e-15)
(7.03007e-15 3.23382e-31 -1.81902e-31 4.14449 -2.49922e-16 3.09023e-15 -0.608562 4.75488e-15 4.49716e-16)
(4.58233e-15 4.63025e-31 -1.54342e-31 3.85165 -2.31459e-15 -8.18894e-16 -0.592624 1.44369e-14 2.82317e-15)
(-9.9882e-15 -2.78133e-30 1.54342e-31 3.85165 -3.56628e-29 1.70574e-15 -0.592624 5.0104e-15 3.45897e-16)
(1.84519e-15 -2.94653e-31 5.52475e-32 3.58118 -7.15581e-16 -1.23146e-15 -0.577398 1.4039e-14 2.74122e-15)
(0 2.94653e-31 -5.52475e-32 3.58118 -1.40486e-15 4.82462e-16 -0.577398 5.43501e-15 4.17405e-16)
(-6.30792e-15 8.43783e-31 -1.05473e-31 3.3315 -4.33968e-16 -1.27506e-15 -0.562884 1.37256e-14 2.69462e-15)
(0 -8.43783e-31 8.7894e-32 3.3315 -2.19599e-16 1.37768e-16 -0.562884 5.64018e-15 3.75877e-16)
(-2.41823e-15 1.07391e-30 -6.71193e-32 3.10105 -2.1171e-16 -1.47443e-15 -0.549067 1.35136e-14 2.619e-15)
(0 0 6.29243e-32 3.10105 -2.64271e-45 -2.96979e-16 -0.549067 5.76456e-15 3.72745e-16)
(-4.27648e-15 -2.56274e-31 0 2.88831 -2.60167e-16 -1.35811e-15 -0.535926 1.30649e-14 2.77652e-15)
(2.30832e-15 8.01076e-30 0 2.88831 -1.50825e-15 -3.7426e-16 -0.535926 6.06207e-15 3.83967e-16)
(0 4.89253e-31 0 2.69187 -8.85629e-16 -8.07763e-16 -0.52343 1.26198e-14 2.82378e-15)
(-8.02836e-15 -4.89253e-31 0 2.69187 -3.54198e-15 -1.85679e-16 -0.52343 6.41105e-15 3.98857e-16)
(0 2.33508e-31 0 2.51038 -7.89034e-16 -3.19511e-16 -0.51155 1.22291e-14 2.74383e-15)
(8.18024e-15 0 0 2.51038 -1.90148e-15 8.59253e-17 -0.51155 6.66012e-15 4.32544e-16)
(-4.16425e-15 2.22894e-31 2.78618e-32 2.34259 -4.40134e-16 2.40254e-16 -0.50025 1.1822e-14 2.64588e-15)
(-8.3285e-15 -2.22894e-31 -2.78618e-32 2.34259 -2.82878e-15 5.41943e-16 -0.50025 7.00389e-15 4.95632e-16)
(-5.95114e-15 4.25527e-31 7.97863e-32 2.18736 -1.18385e-17 9.6863e-16 -0.489495 1.15255e-14 2.51908e-15)
(0 0 -2.83402e-31 2.18736 -1.71355e-15 -2.51449e-30 -0.489495 7.37913e-15 5.10532e-16)
(4.30743e-15 0 -3.96666e-33 2.04363 2.29417e-16 1.02095e-15 -0.479251 1.11555e-14 2.29299e-15)
(6.78556e-15 1.86449e-30 5.55333e-33 2.04363 3.5129e-29 -6.19464e-16 -0.479251 7.51016e-15 6.22615e-16)
(-1.30399e-15 3.87725e-31 -4.84656e-32 1.91043 2.62773e-16 1.00844e-15 -0.469482 1.07886e-14 2.14915e-15)
(0 0 7.57274e-32 1.91043 -2.32401e-16 -5.87406e-16 -0.469482 7.49847e-15 7.50964e-16)
(7.77798e-15 -3.70102e-31 1.09874e-31 1.78688 -4.47271e-17 1.07468e-15 -0.460156 1.04192e-14 1.93731e-15)
(5.55521e-15 5.63336e-30 -1.09874e-31 1.78688 -4.31645e-16 8.46103e-16 -0.460156 7.32799e-15 8.75613e-16)
(-2.25536e-15 -3.5328e-31 8.832e-32 1.67218 -8.59175e-16 5.55473e-16 -0.451238 1.02727e-14 1.78614e-15)
(-9.02146e-15 3.5328e-31 -1.3248e-31 1.67218 -5.15329e-16 1.16458e-15 -0.451238 7.6042e-15 8.1973e-16)
(-3.03743e-15 3.37223e-31 0 1.5656 -8.77897e-16 -6.19848e-30 -0.442699 1.01848e-14 1.59429e-15)
(1.83029e-14 0 -1.26459e-31 1.5656 1.10487e-15 -2.62144e-16 -0.442699 7.59482e-15 8.64284e-16)
(2.31972e-15 0 6.03554e-32 1.46647 -1.46766e-15 1.67352e-16 -0.434509 9.93654e-15 1.55152e-15)
(9.27886e-15 4.14819e-30 -6.03554e-32 1.46647 -2.78073e-29 -1.58631e-15 -0.434509 7.47271e-15 8.98224e-16)
(2.7676e-15 -9.21795e-31 9.60203e-32 1.37418 -3.31604e-15 1.1795e-17 -0.426638 1.00267e-14 1.3218e-15)
(0 0 -1.53633e-31 1.37418 -2.62802e-15 -2.17149e-16 -0.426638 7.78851e-15 1.13685e-15)
(7.40503e-15 -5.86599e-31 3.93037e-31 1.28818 -3.09227e-15 -9.86076e-32 -0.41906 1.02104e-14 1.20178e-15)
(0 0 1.83312e-31 1.28818 -1.74332e-15 1.79291e-15 -0.41906 7.98403e-15 1.00587e-15)
(0 0 0 1.20798 -1.66349e-15 -1.76599e-15 -0.411749 1.02208e-14 1.28522e-15)
(0 0 -3.49961e-32 1.20798 -8.69723e-16 1.81032e-16 -0.411749 8.06599e-15 8.84336e-16)
(4.88252e-15 0 -3.34054e-32 1.13311 -6.58121e-16 -2.84102e-15 -0.404679 1.00643e-14 1.34341e-15)
(9.76503e-15 0 3.34054e-32 1.13311 5.44213e-16 -1.1493e-15 -0.404679 8.05799e-15 1.11475e-15)
(-2.29771e-15 5.10194e-31 1.27548e-31 1.06316 -1.15459e-15 -3.90285e-16 -0.397828 9.76492e-15 1.64474e-15)
(-9.88116e-15 3.50325e-46 -6.37742e-32 1.06316 -3.42214e-45 8.09974e-17 -0.397828 8.06029e-15 1.14531e-15)
(-6.88537e-15 9.74009e-31 9.13134e-32 0.997757 6.86641e-16 3.40135e-15 -0.391172 9.72369e-15 1.27513e-15)
(-9.99527e-15 4.87005e-31 -3.04378e-32 0.997757 -8.21647e-16 1.54898e-15 -0.391172 8.31304e-15 9.17657e-16)
(-2.52686e-15 0 3.87678e-31 0.936546 1.78815e-15 -1.77494e-30 -0.38469 8.90278e-15 6.98379e-16)
(0 2.47387e-31 0 0.936546 2.21867e-29 1.08465e-15 -0.38469 8.2784e-15 5.32712e-16)
(3.99686e-15 0 0 0.879215 -4.07393e-16 -2.31505e-15 -0.37836 8.65995e-15 7.66213e-16)
(-1.42146e-14 0 5.54676e-32 0.879215 -1.6238e-15 1.40639e-16 -0.37836 7.96816e-15 4.70304e-16)
(0 0 1.52221e-31 0.825472 -9.43198e-16 -1.96253e-17 -0.372161 8.34929e-15 9.49698e-16)
(0 0 0 0.825472 -1.49859e-15 0 -0.372161 8.07751e-15 3.48881e-16)
(-3.64179e-15 8.0864e-31 5.054e-32 0.775054 -4.10407e-16 3.16925e-15 -0.366073 8.19152e-15 7.28373e-16)
(0 0 -1.0108e-31 0.775054 -8.53036e-16 -9.80315e-16 -0.366073 7.95465e-15 4.31163e-16)
(2.63445e-15 0 0 0.727715 0 0 -0.360075 7.83268e-15 -3.08149e-33)
(0 0 4.82429e-31 0.727715 -8.93739e-16 -7.28042e-16 -0.360075 8.02914e-15 5.60462e-16)
(8.63878e-15 -7.36802e-31 6.90752e-32 0.683232 -2.65367e-15 -4.02386e-15 -0.354148 7.66107e-15 3.88403e-16)
(-3.31826e-15 7.36802e-31 -6.90752e-32 0.683232 -1.0096e-15 -6.42451e-17 -0.354148 8.0305e-15 4.27534e-16)
(3.16744e-15 -7.03313e-31 -1.75828e-31 0.641398 -4.44944e-15 -2.25843e-15 -0.348269 8.40431e-15 1.26673e-15)
(0 0 2.63743e-31 0.641398 -1.77805e-15 9.17931e-16 -0.348269 8.1426e-15 4.41519e-16)
(-6.04695e-15 1.34269e-30 7.13306e-31 0.602022 1.04519e-15 2.69021e-15 -0.342417 7.95233e-15 1.4966e-15)
(3.02348e-15 0 9.39086e-32 0.602022 -1.52901e-15 -3.9443e-31 -0.342417 8.42872e-15 1.69171e-16)
(2.7352e-15 1.7455e-30 5.35468e-31 0.564928 -7.88861e-31 0 -0.336571 8.38115e-15 6.81276e-16)
(0 1.28167e-30 0 0.564928 -8.61325e-16 -1.97215e-31 -0.336571 8.33448e-15 0)
(2.75936e-15 2.29433e-31 0 0.529952 -3.03406e-16 -1.27846e-15 -0.330705 8.04967e-15 7.42659e-16)
(0 0 2.96385e-30 0.529952 -3.54974e-16 -5.92386e-16 -0.330705 8.78219e-15 5.51075e-16)
(0 0 -7.29879e-31 0.49694 -1.90001e-15 8.64267e-16 -0.324795 8.63429e-15 7.2021e-16)
(0 0 -3.50325e-46 0.49694 -7.23321e-16 0 -0.324795 8.86475e-15 1.97215e-31)
(-2.96355e-16 -1.11473e-30 -9.75387e-31 0.46575 -3.33155e-15 6.43383e-16 -0.318812 9.08671e-15 -6.91924e-16)
(-2.2452e-14 3.89699e-32 1.69306e-30 0.46575 -2.1546e-15 5.89664e-16 -0.318812 8.6554e-15 2.03754e-16)
(7.18816e-15 -1.06406e-30 3.32519e-32 0.436248 -4.3328e-15 -6.92496e-16 -0.312726 8.40486e-15 -6.4109e-16)
(-2.74278e-14 2.309e-30 0 0.436248 -1.19069e-15 2.43114e-15 -0.312726 7.19215e-15 -9.15733e-17)
(-4.5743e-15 1.0157e-30 2.10195e-45 0.408308 -2.28483e-15 4.72803e-31 -0.306503 2.87844e-15 -3.23002e-16)
(4.5743e-15 0 2.42034e-30 0.408308 -8.06776e-30 -1.79438e-16 -0.306503 5.51161e-15 -6.80488e-17)
(7.24057e-15 -5.12418e-30 1.5268e-31 0.381809 8.25768e-16 4.93038e-32 -0.300104 4.5462e-16 9.86076e-31)
(-1.14967e-14 3.17447e-30 -4.2039e-45 0.381809 -1.48328e-15 -2.80052e-44 -0.300104 3.32186e-15 -7.92887e-30)
(2.89593e-15 -1.06725e-30 -8.39486e-33 0.356639 9.32331e-16 -1.35921e-15 -0.293485 9.75053e-16 1.29177e-16)
(-1.15837e-14 4.44883e-30 1.15683e-31 0.356639 -1.21545e-15 1.44212e-15 -0.293485 9.17721e-16 -7.2364e-17)
(3.97849e-15 0 2.76063e-31 0.332686 9.36831e-16 -1.36779e-15 -0.286594 8.93093e-16 1.52089e-15)
(-3.97849e-15 0 -2.76063e-31 0.332686 7.60089e-16 -7.58646e-16 -0.286594 2.43449e-15 -1.23247e-16)
(6.7358e-15 -9.64895e-31 -2.10813e-31 0.309845 1.1003e-15 3.10975e-16 -0.279371 1.40862e-15 9.13203e-16)
(-3.79766e-15 0 2.8026e-45 0.309845 1.40414e-15 -1.62882e-44 -0.279371 2.98275e-15 5.16045e-30)
(-2.95858e-15 6.26668e-31 9.61572e-31 0.28801 3.65464e-17 -2.0094e-30 -0.271746 4.03901e-15 1.73221e-15)
(-1.54594e-14 3.09028e-30 -2.35812e-30 0.28801 1.1771e-15 3.88816e-16 -0.271746 2.39208e-15 1.86063e-16)
(-9.89914e-15 9.90909e-31 -1.75162e-46 0.267077 9.72662e-16 -7.82757e-46 -0.263633 1.14042e-15 1.77494e-30)
(-1.69079e-14 1.05097e-44 -7.00649e-46 0.267077 -2.41589e-30 1.97215e-31 -0.263633 2.18108e-15 -9.36567e-31)
(-3.60796e-15 -5.31257e-31 2.87725e-31 0.24694 1.93332e-15 0 -0.25493 2.94121e-15 5.14859e-16)
(6.60603e-15 0 -9.66521e-32 0.24694 5.36746e-16 -1.76083e-44 -0.25493 1.29349e-15 -1.74113e-16)
(0 0 -8.53916e-46 0.227488 8.38087e-16 1.97215e-31 -0.245508 4.13207e-15 -5.52203e-30)
(-2.41365e-14 5.8563e-30 -1.7502e-31 0.227488 1.76297e-16 1.49174e-15 -0.245508 1.40243e-15 -8.14154e-16)
(0 0 0 0.208605 -4.93038e-32 2.96199e-15 -0.235211 4.30379e-15 -1.13349e-15)
(0 0 0 0.208605 -2.32637e-46 2.9918e-15 -0.235211 4.83679e-32 -6.73695e-16)
(3.05342e-15 2.10697e-31 1.03207e-32 0.190163 -3.54195e-16 6.43573e-16 -0.22384 5.27812e-15 -1.36805e-15)
(0 0 -5.25487e-46 0.190163 -1.00599e-15 1.72029e-45 -0.22384 3.55878e-15 -9.86076e-31)
(2.74222e-15 -1.21779e-30 3.04448e-31 0.172019 0 -8.11448e-16 -0.211141 6.31089e-30 -5.1332e-16)
(1.22829e-14 -4.04083e-30 -3.04448e-31 0.172019 2.37511e-17 -2.31347e-15 -0.211141 9.9596e-16 -2.3446e-16)
(4.69779e-16 6.32184e-31 0 0.15401 1.86832e-15 0 -0.196788 2.83686e-15 8.28599e-31)
(1.23494e-14 2.05518e-30 -7.26525e-32 0.15401 1.97215e-31 -1.88241e-16 -0.196788 3.78977e-15 -6.59627e-16)
(0 -1.16499e-30 -4.2039e-45 0.135944 1.67633e-30 -6.07121e-44 -0.180359 2.09865e-15 7.41928e-30)
(-1.24132e-14 2.67138e-30 0 0.135944 -3.85479e-16 2.71539e-16 -0.180359 1.05226e-15 -5.52739e-17)
(0 0 0 0.117592 -1.09241e-16 -7.30987e-16 -0.161312 6.90767e-16 1.14185e-15)
(0 -2.18953e-47 0 0.117592 0 9.33858e-17 -0.161312 1.56529e-31 4.53501e-16)
(0 -1.41432e-33 -2.52758e-31 0.0986897 1.06744e-15 6.20808e-16 -0.138961 8.1335e-16 1.16154e-15)
(0 -8.2543e-31 7.39182e-32 0.0986897 6.45005e-16 2.46519e-32 -0.138961 4.91472e-16 1.33159e-16)
(0 -2.3959e-30 -2.8026e-45 0.0789432 0 -1.94594e-44 -0.112488 4.74407e-15 4.38804e-30)
(1.25843e-14 1.53196e-31 0 0.0789432 3.25183e-16 -5.44882e-17 -0.112488 3.26557e-15 4.60381e-16)
(-3.15824e-15 -4.77574e-31 -2.30303e-31 0.0580621 -9.9726e-16 1.3911e-15 -0.080999 2.28673e-15 3.70094e-16)
(0 9.21214e-31 2.30303e-31 0.0580621 -8.50487e-16 -5.93428e-16 -0.080999 1.12825e-15 1.82984e-16)
(0 0 0 0.0358267 4.1802e-45 -5.03135e-45 -0.0436809 1.57772e-30 1.18329e-30)
(0 8.79343e-31 -1.09918e-30 0.0358267 3.07142e-16 -4.194e-16 -0.0436809 2.72879e-16 3.44529e-15)
(-1.84097e-18 0 -2.09844e-31 9.38993e-11 1.09599e-15 -1.77421e-15 -8.61817e-11 3.34597e-15 1.01447e-15)
(1.47278e-17 0 1.04922e-31 9.39089e-11 1.20338e-15 1.17048e-15 -8.61888e-11 2.28392e-15 9.66725e-16)
(3.68194e-18 -4.19688e-31 3.73784e-31 -6.5806e-13 4.73529e-16 1.74562e-15 6.03961e-13 -3.27237e-15 -1.36925e-16)
(0 4.19688e-31 -1.90171e-31 -6.87093e-13 1.09397e-16 9.85229e-16 6.2883e-13 -3.11396e-15 1.455e-15)
(0 0 0 -0.0358267 -2.95823e-31 -7.21707e-16 0.0436809 -2.24813e-15 -1.00266e-16)
(0 -2.19836e-31 5.49589e-32 -0.0358267 -2.59927e-16 -5.5625e-16 0.0436809 -9.86002e-16 -7.73047e-16)
(4.14878e-15 4.60607e-31 -2.63124e-31 -0.0580621 -3.05528e-17 1.33856e-15 0.080999 -1.17703e-16 -1.11938e-15)
(-4.14878e-15 -4.60607e-31 4.60607e-31 -0.0580621 -2.47323e-16 8.4633e-16 0.080999 -2.06825e-16 -1.58189e-16)
(3.14607e-15 2.60339e-31 -1.42075e-31 -0.0789432 -4.64654e-45 -8.66908e-17 0.112488 -1.87594e-15 1.63632e-15)
(0 3.94115e-45 2.4127e-31 -0.0789432 2.34113e-29 3.72332e-16 0.112488 0 4.19978e-16)
(-6.2655e-15 2.55036e-43 1.28919e-43 -0.0986897 2.86459e-29 1.44637e-29 0.138961 9.21009e-46 -1.97215e-31)
(0 0 0 -0.0986897 -4.34031e-16 -1.43768e-15 0.138961 -2.31431e-15 6.63104e-16)
(-7.88854e-15 -3.53235e-31 -7.94379e-31 -0.117592 -3.79542e-46 1.36301e-15 0.161312 -2.54533e-15 1.41983e-15)
(-7.70373e-15 1.81063e-30 6.69547e-31 -0.117592 -1.7301e-15 4.35136e-30 0.161312 -2.43083e-15 0)
(-3.1033e-15 -3.62431e-31 -6.93503e-32 -0.135944 -1.19416e-15 -1.01422e-16 0.180359 -2.32952e-15 1.49077e-16)
(-1.24132e-14 -3.52427e-43 6.93503e-32 -0.135944 3.96432e-29 9.23062e-16 0.180359 7.88861e-31 3.31719e-16)
(3.08736e-15 8.22061e-31 1.63468e-31 -0.15401 -1.93302e-16 5.0152e-16 0.196788 -1.21396e-15 8.67526e-16)
(1.23494e-14 -3.20129e-30 -1.63468e-31 -0.15401 4.59112e-16 -2.93383e-16 0.196788 -3.04263e-16 -2.16726e-16)
(-3.07072e-15 5.16408e-31 1.92704e-31 -0.172019 6.73973e-17 2.08506e-31 0.211141 -5.07363e-16 0)
(1.22829e-14 -1.00542e-30 -2.82011e-44 -0.172019 -2.34625e-29 -3.17587e-30 0.211141 -1.53024e-15 4.93038e-32)
(0 7.54873e-32 1.25959e-31 -0.190163 -1.44141e-16 -3.89826e-16 0.22384 -6.98734e-16 2.35395e-16)
(1.86818e-14 -3.14592e-43 4.2039e-44 -0.190163 -3.54286e-29 4.73273e-30 0.22384 -7.88861e-31 7.90711e-47)
(-6.04511e-15 5.89638e-31 -8.35327e-32 -0.208605 -2.11441e-16 -2.13191e-15 0.235211 -1.8091e-16 6.63414e-16)
(0 0 8.35327e-32 -0.208605 4.80679e-29 -2.23997e-15 0.235211 -1.09499e-15 5.6576e-16)
(-3.01706e-15 -1.26326e-31 -4.62464e-31 -0.227488 3.88885e-17 -2.07046e-16 0.245508 -4.76096e-16 -1.13917e-16)
(1.20682e-14 -1.89211e-30 -3.18795e-44 -0.227488 -1.57838e-16 3.61746e-30 0.245508 -1.25912e-15 4.93038e-32)
(0 -3.21059e-31 0 -0.24694 4.07402e-17 3.00955e-16 0.25493 -2.13965e-17 3.03051e-16)
(-1.19923e-14 2.55231e-31 0 -0.24694 4.59046e-29 1.09136e-15 0.25493 -1.83914e-15 -4.85491e-16)
(3.46029e-15 2.27327e-33 -3.84169e-31 -0.267077 8.52203e-16 -1.85041e-15 0.263633 -2.38266e-15 -4.02253e-16)
(-3.46029e-15 0 3.84169e-31 -0.267077 1.18329e-30 8.54831e-16 0.263633 0 -2.95487e-16)
(0 4.02462e-31 4.37906e-47 -0.28801 1.18151e-15 4.93038e-31 0.271746 -1.13775e-15 -1.07672e-46)
(-3.62505e-15 0 -6.03693e-31 -0.28801 3.28609e-16 1.89566e-15 0.271746 -2.3513e-15 1.32029e-15)
(3.79766e-15 4.70192e-31 -3.03043e-31 -0.309845 7.28272e-30 2.37898e-15 0.279371 -2.26613e-15 1.58746e-16)
(0 2.48117e-43 4.87504e-31 -0.309845 2.79286e-29 6.35287e-17 0.279371 -3.9443e-31 4.68936e-16)
(-7.95698e-15 0 1.10425e-31 -0.332686 6.28432e-16 1.42863e-15 0.286594 -1.33146e-15 -5.12586e-16)
(2.3338e-14 -1.32834e-30 -2.76063e-32 -0.332686 1.27298e-15 -2.46401e-15 0.286594 -1.26341e-15 3.27829e-16)
(0 0 1.34286e-31 -0.356639 1.80301e-15 -1.61322e-31 0.293485 -1.39446e-15 -4.83818e-16)
(0 0 -1.26511e-43 -0.356639 4.29937e-16 -1.42511e-29 0.293485 -9.63771e-16 9.86076e-32)
(-1.49221e-15 4.54507e-31 6.39342e-44 -0.381809 -5.72009e-31 7.18994e-30 0.300104 -1.63753e-15 -2.4623e-46)
(-4.36639e-15 1.21192e-30 -1.18162e-30 -0.381809 1.14666e-16 3.47023e-15 0.300104 -1.18307e-15 3.32963e-16)
(0 -3.90746e-31 -3.80887e-31 -0.408308 -1.13404e-16 1.10073e-15 0.306503 -4.30065e-17 3.55067e-16)
(2.28162e-14 -7.90225e-31 8.82818e-44 -0.408308 1.15501e-15 9.95861e-30 0.306503 -1.91351e-15 3.01713e-46)
(5.65893e-15 -2.03155e-31 -1.45524e-31 -0.436248 5.81252e-16 -7.04806e-16 0.312726 -1.82892e-15 5.30548e-16)
(1.13179e-14 -2.90713e-31 4.98779e-32 -0.436248 -8.03498e-31 -4.13497e-15 0.312726 -2.09481e-15 4.73303e-16)
(-2.96355e-16 1.18496e-32 1.39341e-31 -0.46575 -9.86076e-32 -1.0549e-15 0.318812 -2.33082e-15 2.83587e-16)
(2.2452e-14 -1.34011e-30 -6.65617e-44 -0.46575 -4.57788e-16 -7.45573e-30 0.318812 -1.20617e-15 -6.02979e-46)
(2.78313e-15 -5.35702e-31 0 -0.49694 -5.19143e-16 -2.63378e-16 0.324795 -9.57753e-16 -2.52463e-16)
(0 -1.83312e-31 0 -0.49694 -7.58817e-30 1.10055e-15 0.324795 -1.3209e-15 -3.63004e-16)
(-5.51873e-15 3.92473e-31 1.52927e-31 -0.529952 9.25587e-16 1.32736e-15 0.330705 -1.04439e-15 5.22647e-17)
(-2.75488e-15 3.03604e-31 -1.24253e-31 -0.529952 1.94307e-29 4.11701e-15 0.330705 0 5.39279e-16)
(-5.47039e-15 7.08668e-31 3.20417e-31 -0.564928 1.59888e-15 1.35852e-15 0.336571 -6.09606e-16 -1.85058e-16)
(-2.88606e-15 0 -3.20417e-31 -0.564928 1.57744e-15 1.78965e-29 0.336571 -1.41744e-15 0)
(2.71062e-15 -3.20969e-32 0 -0.602022 7.56775e-16 -8.13706e-17 0.342417 -1.2965e-15 -1.00357e-16)
(1.08425e-14 -1.31565e-31 1.67837e-31 -0.602022 -3.95954e-30 -2.46685e-15 0.342417 -9.48024e-16 3.5627e-17)
(-2.68565e-15 -2.68965e-31 3.29678e-32 -0.641398 -1.10478e-15 -1.44373e-15 0.348269 -1.12383e-15 1.20361e-16)
(1.07426e-14 -5.24962e-31 -3.29678e-32 -0.641398 -8.44696e-16 -2.08649e-15 0.348269 -8.43006e-16 -4.73941e-17)
(2.66026e-15 -6.09545e-31 0 -0.683232 -2.33642e-16 1.18881e-16 0.354148 -1.42403e-16 2.23908e-16)
(1.0641e-14 2.98844e-32 -4.60501e-32 -0.683232 1.94641e-16 -1.11986e-15 0.354148 -1.29035e-15 -1.9974e-16)
(-2.63445e-15 1.03965e-31 -1.13277e-32 -0.727715 7.32437e-16 3.42709e-17 0.360075 -5.3578e-16 1.11951e-16)
(0 0 -1.77461e-44 -0.727715 9.201e-16 1.99894e-30 0.360075 -3.66466e-16 -4.93038e-32)
(-2.60821e-15 -5.04722e-31 -2.63445e-31 -0.775054 8.52169e-16 0 0.366073 -2.0296e-16 -2.46519e-32)
(0 -9.84258e-31 -3.7905e-32 -0.775054 -4.12499e-30 1.58267e-15 0.366073 -7.08244e-16 3.01757e-16)
(2.58155e-15 8.07681e-31 -1.32366e-32 -0.825472 -5.91646e-31 -1.88599e-16 0.372161 -1.09132e-15 2.30548e-16)
(1.03262e-14 -5.51802e-31 1.09257e-44 -0.825472 -6.89396e-16 1.23177e-30 0.372161 -3.62354e-16 1.43578e-47)
(0 -2.2187e-31 -5.54676e-32 -0.879215 -5.14815e-16 -9.20306e-16 0.37836 -5.64021e-16 -1.19109e-16)
(1.02177e-14 1.75162e-46 5.54676e-32 -0.879215 -1.25662e-29 -9.44353e-16 0.37836 0 -4.92053e-17)
(4.62045e-15 -3.13028e-31 -6.38419e-32 -0.936546 -4.31745e-16 -4.60987e-16 0.38469 -3.91029e-16 -1.79422e-16)
(1.81213e-14 -2.77465e-31 0 -0.936546 1.3719e-15 -4.5591e-16 0.38469 -7.74458e-16 1.25595e-17)
(2.19327e-15 -1.21751e-31 -4.37906e-47 -0.997757 -7.34813e-16 1.2326e-32 0.391172 -1.94721e-16 -2.46519e-32)
(0 0 6.08756e-32 -0.997757 2.05729e-16 4.21964e-16 0.391172 -6.53687e-16 -1.37936e-16)
(0 -7.00649e-45 3.18871e-32 -1.06316 9.38834e-30 5.51779e-16 0.397828 0 -1.48588e-16)
(7.58345e-15 0 -3.18871e-32 -1.06316 6.09399e-16 7.00142e-16 0.397828 -8.2113e-16 -8.02333e-18)
(4.88252e-15 2.1449e-31 6.68109e-32 -1.13311 8.76538e-16 8.62098e-16 0.404679 -5.26871e-16 -1.04095e-16)
(0 -1.43143e-30 -1.00216e-31 -1.13311 1.84474e-16 -3.50002e-16 0.404679 -6.35395e-16 7.47875e-17)
(0 0 0 -1.20798 4.44107e-16 1.1696e-15 0.411749 -1.1441e-16 1.64662e-16)
(-2.52173e-15 1.39984e-31 1.7498e-32 -1.20798 5.59932e-16 -1.34571e-15 0.411749 -7.12389e-16 -2.51449e-17)
(4.76323e-15 -3.15503e-31 1.4665e-31 -1.28818 1.11316e-15 6.23185e-16 0.41906 -1.89352e-16 3.49819e-16)
(9.52645e-15 -2.8026e-45 -7.00649e-44 -1.28818 -2.68575e-43 4.06064e-30 0.41906 -7.24842e-16 -4.93038e-32)
(-2.35096e-15 1.74784e-31 -2.11245e-31 -1.37418 1.1206e-15 -1.24535e-16 0.426638 -5.3359e-16 2.65902e-16)
(0 -3.69798e-30 1.7886e-30 -1.37418 -3.72675e-17 4.93168e-16 0.426638 -4.6354e-16 -7.72792e-17)
(-2.31972e-15 5.49582e-32 -2.01185e-32 -1.46647 8.62295e-16 -5.13364e-16 0.434509 -2.4528e-16 9.8867e-17)
(-2.89938e-15 0 1.00592e-32 -1.46647 5.48505e-31 1.29269e-15 0.434509 0 -2.57019e-17)
(2.28786e-15 -1.12628e-31 7.90366e-33 -1.5656 1.88925e-16 -3.0248e-16 0.442699 -3.35154e-16 -4.12186e-17)
(9.15144e-15 8.43058e-32 -7.90366e-33 -1.5656 1.11726e-15 1.18269e-15 0.442699 -3.54221e-16 -8.76672e-17)
(-3.18206e-15 4.07143e-44 3.312e-32 -1.67218 -4.58333e-30 -7.46349e-17 0.451238 -9.96523e-48 -1.00074e-16)
(0 8.832e-32 -3.312e-32 -1.67218 -2.55479e-16 1.01719e-15 0.451238 -2.86287e-16 4.29714e-17)
(2.2222e-15 -1.38857e-32 0 -1.78688 8.95053e-16 -3.17869e-16 0.460156 -2.6352e-16 -1.08135e-16)
(-8.88879e-15 1.34132e-31 -2.31314e-32 -1.78688 -9.62864e-16 5.39941e-16 0.460156 -3.40068e-16 1.10023e-16)
(-2.18833e-15 -1.93862e-31 1.57513e-31 -1.91043 1.05202e-16 5.20441e-17 0.469482 -3.185e-16 -1.26153e-16)
(-8.7533e-15 3.19458e-31 -8.66773e-32 -1.91043 -9.58171e-30 2.60111e-30 0.469482 9.86076e-32 0)
(0 0 -1.01547e-31 -2.04363 -3.27644e-16 3.8704e-16 0.479251 -1.43262e-16 -6.19022e-17)
(8.61486e-15 -4.6523e-32 1.01547e-31 -2.04363 2.314e-15 -7.56724e-16 0.479251 -3.91086e-16 1.1147e-16)
(2.11833e-15 2.16701e-32 2.65954e-32 -2.18736 -6.10502e-16 -3.08307e-17 0.489495 -2.55694e-16 1.01034e-18)
(-1.9164e-15 -5.31909e-32 -1.32977e-32 -2.18736 1.68707e-15 -1.06669e-15 0.489495 -4.13835e-16 4.51782e-17)
(0 2.22894e-31 -3.44626e-31 -2.34259 7.53783e-16 7.11518e-19 0.50025 -3.52211e-16 2.68435e-18)
(8.3285e-15 -7.95754e-32 0 -2.34259 -3.9443e-31 -1.28131e-15 0.50025 -2.867e-16 9.25649e-18)
(-4.14831e-15 1.18744e-30 3.40881e-31 -2.51038 7.88861e-31 3.15153e-18 0.51155 -5.5901e-16 3.24916e-19)
(2.10325e-15 0 -3.64856e-32 -2.51038 -4.30353e-16 -9.67026e-16 0.51155 -1.04779e-16 -7.85708e-17)
(-4.4068e-15 9.17349e-32 -1.16702e-44 -2.69187 2.23617e-15 -6.56924e-31 0.52343 -5.0453e-16 6.58783e-49)
(1.38533e-14 2.29603e-30 3.05783e-32 -2.69187 1.54972e-15 -7.12102e-16 0.52343 -4.74895e-16 -1.22423e-16)
(0 0 -1.28137e-31 -2.88831 -5.18292e-43 1.46963e-16 0.535926 -1.58923e-16 3.86278e-17)
(0 9.20986e-32 1.28137e-31 -2.88831 -1.69025e-16 -9.07276e-16 0.535926 -3.64909e-16 -1.02429e-16)
(1.92825e-15 -3.35596e-32 -6.71193e-32 -3.10105 -8.90304e-17 5.69256e-16 0.549067 -1.79484e-16 1.54536e-16)
(1.5426e-14 3.35596e-32 -1.35375e-32 -3.10105 3.4597e-16 -7.81697e-16 0.549067 -4.88222e-16 -9.913e-17)
(-2.53337e-15 2.65127e-30 -1.4063e-31 -3.3315 3.33945e-16 1.91896e-16 0.562884 -1.03854e-16 2.07557e-16)
(2.53337e-15 6.15258e-32 1.75788e-31 -3.3315 7.79339e-16 -3.0416e-16 0.562884 -3.30421e-16 -2.60341e-17)
(0 2.4181e-31 1.10495e-31 -3.58118 2.82496e-17 7.46649e-17 0.577398 -1.54358e-16 2.39133e-16)
(7.38077e-15 -4.14356e-32 -4.37906e-47 -3.58118 -5.56861e-16 2.19179e-30 0.577398 -1.96789e-16 -4.93038e-32)
(-1.80196e-15 0 -9.64636e-32 -3.85165 0 -4.70147e-17 0.592624 -1.81885e-16 2.15989e-16)
(0 3.85854e-32 9.64636e-32 -3.85165 -3.77785e-16 9.89638e-16 0.592624 -5.44399e-17 -1.35459e-16)
(-1.75752e-15 0 0 -4.14449 -5.66045e-16 -1.83406e-16 0.608562 -2.21474e-16 1.81685e-16)
(7.03007e-15 -2.81118e-32 -6.06341e-32 -4.14449 1.92401e-16 9.20776e-16 0.608562 -1.43233e-17 -1.40711e-16)
(1.71183e-15 1.52186e-32 1.05869e-32 -4.46123 1.80459e-16 -4.20613e-16 0.625196 -2.49224e-16 1.45051e-16)
(0 -2.31588e-32 -5.29344e-32 -4.46123 -3.18729e-16 6.87379e-16 0.625196 -3.7023e-17 -1.03386e-16)
(-1.66485e-15 3.87284e-31 0 -4.80332 2.88177e-16 -6.28002e-16 0.642486 -1.8547e-16 9.82762e-17)
(0 -1.52254e-44 -1.1091e-32 -4.80332 -8.57145e-31 5.6621e-16 0.642486 -3.07836e-48 -8.18799e-17)
(1.61654e-15 1.91303e-32 -3.48572e-32 -5.17194 8.75812e-47 -7.31192e-16 0.660362 -1.37848e-16 4.96833e-17)
(3.11721e-15 3.84882e-32 2.49257e-32 -5.17194 8.7452e-16 4.44896e-16 0.660362 -6.49775e-17 -6.20722e-17)
(1.75422e-15 -2.43446e-32 2.43446e-32 -5.56794 -1.43852e-15 -5.36686e-16 0.678711 -2.15198e-16 6.56916e-18)
(0 2.43446e-32 -3.6517e-32 -5.56794 5.71436e-17 4.81145e-16 0.678711 -4.38785e-17 -5.33556e-17)
(1.83775e-15 9.17662e-31 -1.27519e-32 -5.99157 -3.9443e-31 -2.9219e-16 0.697371 -1.76683e-16 -2.33414e-17)
(0 -2.36113e-44 -2.55038e-32 -5.99157 -1.32932e-30 3.14647e-16 0.697371 -3.53937e-48 -4.9196e-17)
(0 0 0 -6.44233 4.19408e-16 -2.18047e-16 0.716116 -1.55877e-16 -1.94189e-17)
(5.85453e-15 -1.25789e-32 -1.91268e-32 -6.44233 -2.34856e-31 1.15964e-16 0.716116 -9.06406e-17 -1.02174e-17)
(1.41008e-15 1.39952e-32 -1.86003e-32 -6.91865 9.50526e-16 -2.10982e-16 0.734649 -8.22608e-17 -2.57983e-17)
(1.12807e-14 -6.99416e-32 2.41695e-33 -6.91865 1.04683e-18 6.4806e-17 0.734649 -4.5779e-17 -3.45301e-17)
(-1.35537e-15 1.36074e-31 6.69361e-33 -7.41763 1.664e-31 -2.14578e-16 0.752589 -5.99505e-17 -1.84151e-17)
(1.0843e-14 -3.19808e-32 0 -7.41763 2.43008e-16 5.02885e-17 0.752589 -6.78385e-17 -5.30289e-17)
(0 0 -4.40095e-31 -7.9348 -4.41866e-16 -6.29176e-31 0.769472 -5.82891e-17 -1.2326e-32)
(0 -7.67987e-33 0 -7.9348 -3.64783e-16 1.4625e-16 0.769472 -5.29755e-17 -4.87089e-17)
(0 2.45954e-30 -1.11076e-31 -8.46397 -7.58516e-16 5.79253e-17 0.784753 -3.94721e-17 -2.70821e-18)
(-4.97225e-15 1.60911e-32 1.60911e-32 -8.46397 -9.24542e-16 1.14242e-16 0.784753 -6.54296e-17 -3.71121e-17)
(1.2147e-15 -1.68573e-32 0 -8.99721 -3.03059e-16 1.81623e-16 0.797827 -3.44809e-17 -1.19165e-17)
(0 1.36846e-48 0 -8.99721 2.21867e-31 1.00853e-16 0.797827 1.30283e-48 -3.41937e-17)
(1.1284e-15 1.766e-32 -5.82071e-33 -9.52512 3.23835e-16 2.09097e-16 0.808065 -3.28021e-17 -2.03106e-17)
(4.51358e-15 -3.95762e-32 0 -9.52512 4.31207e-16 2.43193e-16 0.808065 -4.15093e-17 -3.06683e-17)
(1.07091e-15 -2.48448e-32 -2.43895e-32 -10.0374 -3.10865e-16 2.00344e-16 0.814862 -2.01632e-17 -1.5433e-17)
(0 0 1.85009e-32 -10.0374 3.65084e-16 2.63822e-16 0.814862 -3.21854e-17 -2.58236e-17)
(0 0 9.69089e-33 -10.5235 8.41173e-17 2.14349e-16 0.817705 -8.35338e-18 -1.71149e-17)
(-1.3966e-15 1.93818e-32 0 -10.5235 4.85887e-16 1.24377e-16 0.817705 -2.73109e-17 -2.59555e-17)
(-1.91469e-15 1.6235e-32 8.30587e-33 -10.9739 -2.2566e-17 1.28371e-16 0.816233 -7.84046e-18 -1.6187e-17)
(0 0 0 -10.9739 2.60104e-16 4.37993e-17 0.816233 -4.76561e-17 -2.49987e-17)
(9.01941e-16 -5.84943e-33 -5.82815e-33 -11.3808 -4.08122e-16 6.36343e-17 0.810296 -4.89405e-17 -3.14161e-18)
(0 0 0 -11.3808 2.07713e-16 5.17211e-17 0.810296 -4.16839e-17 -2.49546e-17)
(8.02878e-16 -2.19827e-31 -1.11422e-32 -11.7392 -3.08149e-33 1.00592e-16 0.79998 -1.2326e-32 -5.7989e-18)
(3.39145e-15 2.22843e-32 0 -11.7392 3.64271e-16 1.16993e-16 0.79998 -4.05752e-17 -2.45838e-17)
(7.95346e-16 -6.69066e-33 -5.06929e-33 -12.0468 3.56188e-16 1.27495e-16 0.785603 -4.31874e-17 -7.73986e-18)
(-4.02249e-15 2.33454e-32 0 -12.0468 1.74264e-16 9.37205e-17 0.785603 -4.21832e-17 -2.04049e-17)
(-7.44567e-16 -1.6064e-31 4.6865e-33 -12.3046 1.18505e-16 1.33802e-16 0.76767 -3.64532e-18 -8.67275e-18)
(2.97827e-15 0 0 -12.3046 2.89459e-16 6.8494e-17 0.76767 -3.26945e-17 -1.95867e-17)
(-6.95641e-16 8.42495e-33 4.66609e-33 -12.5159 2.05179e-16 1.23195e-16 0.746814 -1.53546e-17 -7.81069e-18)
(0 0 0 -12.5159 4.5276e-17 1.12e-16 0.746814 -2.52776e-17 -1.72361e-17)
(0 -2.82643e-30 1.34208e-32 -12.6856 3.17323e-16 1.64432e-16 0.72372 -8.89393e-18 -6.68484e-18)
(0 -1.34208e-32 -1.34208e-32 -12.6856 1.34581e-16 6.2709e-17 0.72372 -3.24825e-17 -1.59096e-17)
(0 7.02992e-33 1.40598e-32 -12.8196 5.29055e-16 2.09098e-16 0.699061 -3.95962e-17 -1.16348e-17)
(2.41417e-15 0 -7.02992e-33 -12.8196 5.93279e-16 1.63863e-17 0.699061 -6.89071e-18 -1.65353e-17)
(-1.03167e-15 -5.23471e-30 4.38007e-33 -12.9242 1.0014e-17 1.78814e-16 0.673446 -2.55739e-19 -1.07623e-17)
(2.24147e-15 -7.36465e-33 0 -12.9242 1.09341e-16 4.32928e-17 0.673446 -5.82051e-18 -1.64435e-17)
(-5.55947e-16 3.85766e-33 0 -13.005 7.06016e-16 1.33116e-16 0.647394 -2.828e-17 -7.57797e-18)
(2.07624e-15 0 0 -13.005 -1.29369e-16 8.4294e-17 0.647394 -1.61881e-17 -1.55141e-17)
(-5.82419e-16 4.04135e-33 0 -13.0673 3.39056e-16 1.5145e-16 0.621322 -1.96822e-17 -5.45157e-18)
(3.83653e-15 -5.38356e-33 0 -13.0673 2.16097e-17 9.40378e-17 0.621322 -7.66473e-18 -1.37623e-17)
(-4.41819e-16 4.06651e-34 2.41608e-33 -13.1154 2.25342e-16 1.80556e-16 0.595547 -1.12625e-17 -8.57245e-18)
(0 0 0 -13.1154 -1.33902e-16 8.81244e-17 0.595547 -9.38e-18 -1.3051e-17)
(-8.115e-16 0 4.48112e-33 -13.1528 5.79707e-18 1.78079e-16 0.570302 -1.182e-17 -7.49445e-18)
(1.623e-15 1.4013e-45 0 -13.1528 1.97215e-31 9.77641e-17 0.570302 -4.05559e-46 -1.2227e-17)
(-3.71289e-16 1.03729e-45 1.90531e-33 -13.1824 1.16891e-31 1.92161e-16 0.545744 -1.54074e-33 -7.60559e-18)
(1.48516e-15 0 0 -13.1824 4.79871e-16 1.113e-16 0.545744 -5.41542e-18 -1.11809e-17)
(-3.50763e-16 2.43391e-33 4.86781e-33 -13.2062 1.3357e-16 1.98089e-16 0.521976 -7.03205e-18 -7.94279e-18)
(-7.01526e-16 -8.64962e-31 0 -13.2062 2.59569e-16 9.7324e-17 0.521976 -3.47937e-18 -1.01059e-17)
(-3.0692e-16 1.03554e-33 1.33492e-33 -13.2258 1.20442e-16 1.94676e-16 0.499058 -3.37458e-18 -7.37762e-18)
(-1.22768e-15 0 0 -13.2258 3.89432e-17 7.45086e-17 0.499058 -1.37558e-18 -9.42191e-18)
(-5.53758e-16 6.13808e-34 2.24562e-33 -13.2423 1.34357e-16 1.92505e-16 0.477017 -5.46098e-18 -6.99112e-18)
(1.10752e-15 0 0 -13.2423 3.905e-17 7.48076e-17 0.477017 -8.08776e-19 -8.73373e-18)
(0 2.0988e-33 2.7984e-33 -13.2567 1.03543e-16 1.89548e-16 0.455863 -2.64985e-18 -6.57284e-18)
(-9.92732e-16 -2.0988e-33 -2.7984e-33 -13.2567 5.92725e-17 7.03365e-17 0.455863 -8.53818e-19 -7.87445e-18)
(-2.20772e-16 1.09937e-33 7.19408e-34 -13.2694 8.5809e-17 1.80707e-16 0.435584 6.9422e-19 -6.1758e-18)
(8.8309e-16 -3.66456e-34 0 -13.2694 1.24768e-16 6.34926e-17 0.435584 2.84781e-19 -7.50649e-18)
(-3.89181e-16 0 1.23146e-33 -13.281 5.98583e-17 1.64257e-16 0.416164 8.36463e-19 -5.43464e-18)
(7.78361e-16 1.56609e-34 0 -13.281 0 6.45527e-17 0.416164 -1.12849e-18 -7.07664e-18)
(-3.39164e-16 0 1.11338e-33 -13.2916 2.24674e-17 1.48024e-16 0.397579 1.06466e-18 -4.64266e-18)
(6.78328e-16 0 0 -13.2916 -9.9738e-17 6.34498e-17 0.397579 -3.30836e-18 -6.57033e-18)
(0 -2.33632e-30 -3.37068e-33 -13.3015 1.42324e-17 1.39793e-16 0.3798 2.39915e-18 -4.0245e-18)
(1.74834e-15 0 3.37068e-33 -13.3015 4.02464e-17 6.36268e-17 0.3798 -2.57433e-18 -5.94637e-18)
(-3.77329e-16 2.75874e-34 -1.37483e-33 -13.3108 1.32317e-16 1.29805e-16 0.362799 3.73973e-18 -3.78139e-18)
(4.91522e-16 -3.31049e-34 1.76559e-33 -13.3108 -5.73948e-17 6.78832e-17 0.362799 -9.23218e-19 -5.51493e-18)
(-2.34372e-16 -8.09226e-34 2.2337e-33 -13.3196 3.17806e-17 1.14676e-16 0.346544 2.4732e-18 -3.14709e-18)
(-4.0436e-16 6.93623e-34 1.84966e-33 -13.3196 -1.44697e-16 6.95385e-17 0.346544 -1.83989e-18 -5.10464e-18)
(1.39629e-16 8.47759e-34 -1.93774e-33 -13.328 -8.34126e-17 1.07026e-16 0.331006 2.3014e-18 -2.69375e-18)
(3.21113e-16 -5.72357e-46 1.93774e-33 -13.328 3.22435e-32 6.93029e-17 0.331006 -3.4152e-49 -4.72053e-18)
(8.58754e-17 0 -1.69759e-33 -13.3359 -7.06097e-17 1.03131e-16 0.316154 2.04659e-19 -2.50468e-18)
(2.41607e-16 -2.5375e-34 2.03e-33 -13.3359 1.38635e-16 6.60471e-17 0.316154 -7.5466e-19 -4.30346e-18)
(4.14188e-17 -9.96874e-35 1.82018e-33 -13.3435 5.71861e-17 9.95868e-17 0.30196 2.51355e-19 -2.27812e-18)
(1.65675e-16 9.96874e-35 0 -13.3435 5.40697e-17 6.12582e-17 0.30196 -9.95729e-21 -3.95456e-18)
(0 -4.0033e-34 2.22792e-33 -13.3507 5.53657e-18 9.6444e-17 0.288395 4.3513e-19 -2.129e-18)
(0 7.58559e-48 -2.22792e-33 -13.3507 -8.54062e-34 6.00985e-17 0.288395 0 -3.61967e-18)
(-5.9767e-18 8.20549e-35 -2.08714e-33 -13.3576 -2.23475e-17 9.28205e-17 0.275433 1.42882e-19 -1.9461e-18)
(2.39068e-17 -9.11721e-35 2.33401e-33 -13.3576 3.96188e-17 5.82452e-17 0.275433 9.46842e-20 -3.30308e-18)
(4.40478e-17 -1.06277e-31 -3.34438e-30 -13.3642 2.31112e-33 1.86917e-16 0.186976 0 -1.79719e-18)
(-4.40478e-17 1.31372e-46 2.44515e-33 -13.3642 5.62957e-33 1.68622e-16 0.186976 2.40741e-35 -3.01647e-18)
(0 1.00061e-35 -6.40393e-34 -13.3705 1.02249e-17 7.43958e-16 0.0613706 1.38905e-20 -1.48411e-18)
(0 0 0 -13.3705 -7.70372e-34 5.11141e-16 0.0613706 -8.72172e-32 -1.70292e-18)
(0 8.39376e-31 4.19688e-31 -1.73472e-18 1.48657e-16 -7.48604e-16 -3.55271e-15 1.36436e-16 1.36925e-16)
(1.47278e-17 0 1.14731e-43 -3.29206e-13 1.60705e-15 -1.2923e-29 -1.20792e-13 2.0808e-15 -1.97215e-31)
(0 0 5.85801e-31 -0.0358267 1.09061e-15 -7.65381e-16 -0.0436809 2.24813e-15 1.00266e-16)
(1.26762e-14 2.14495e-30 1.1911e-44 -0.0358267 5.2062e-17 -3.10686e-44 -0.0436809 2.15581e-15 1.07482e-29)
(-4.14878e-15 4.56507e-31 0 -0.0580621 4.76316e-16 1.97215e-31 -0.080999 1.29854e-15 0)
(-1.2633e-14 1.02803e-30 -4.60607e-31 -0.0580621 -1.57053e-16 5.79273e-16 -0.080999 6.28383e-16 1.58189e-16)
(6.29213e-15 -7.26845e-31 -4.2039e-45 -0.0789432 -1.97254e-16 9.86076e-32 -0.112488 9.95735e-16 7.09975e-30)
(1.25843e-14 -6.0897e-31 -2.33135e-31 -0.0789432 6.18433e-17 2.86743e-45 -0.112488 6.19629e-16 -4.19978e-16)
(1.42053e-15 -2.89725e-31 -7.26679e-31 -0.0986897 -4.54123e-16 -2.97213e-18 -0.138961 1.60369e-15 1.58406e-15)
(0 1.2847e-30 -2.8026e-45 -0.0986897 0 0 -0.138961 2.31431e-15 -5.52203e-30)
(4.77009e-15 -1.05917e-30 4.05063e-46 -0.117592 -6.42626e-16 9.86076e-32 -0.161312 1.81991e-15 8.71275e-31)
(-1.24738e-14 1.4164e-30 7.94379e-31 -0.117592 -9.40918e-16 1.2109e-16 -0.161312 6.84362e-16 5.01022e-16)
(0 0 1.38701e-31 -0.135944 -1.36373e-16 -6.27465e-16 -0.180359 1.06104e-15 -1.49077e-16)
(-1.24132e-14 1.75064e-30 0 -0.135944 5.11169e-16 -1.23633e-46 -0.180359 1.40967e-15 -5.02899e-30)
(5.23516e-15 4.81635e-31 5.47382e-47 -0.15401 -9.86076e-32 1.55575e-61 -0.196788 2.19372e-15 -9.86076e-32)
(-5.23516e-15 -5.8122e-31 -3.70241e-31 -0.15401 -2.36984e-18 -6.54482e-16 -0.196788 3.14597e-15 2.16726e-16)
(0 -1.35746e-31 -1.32725e-31 -0.172019 0 0 -0.211141 0 -2.34757e-17)
(-1.22829e-14 2.02121e-30 -1.52224e-31 -0.172019 -3.34766e-16 4.72376e-16 -0.211141 2.11772e-16 3.68673e-16)
(6.10685e-15 -8.45618e-31 0 -0.190163 -1.81516e-16 1.71699e-15 -0.22384 9.66684e-16 -4.29627e-16)
(1.22137e-14 6.4647e-32 0 -0.190163 0 1.45102e-15 -0.22384 6.77195e-16 -5.32858e-16)
(-3.03553e-15 6.00224e-31 2.6971e-31 -0.208605 -1.8152e-16 3.00732e-16 -0.235211 1.04628e-16 -1.99213e-16)
(-1.21421e-14 1.75269e-30 4.2039e-45 -0.208605 -1.40163e-16 9.86076e-32 -0.235211 2.22603e-15 1.0551e-29)
(-6.03412e-15 -4.29318e-31 1.7502e-31 -0.227488 7.64251e-16 -2.92015e-18 -0.245508 9.1038e-16 5.91252e-16)
(-1.20682e-14 0 8.20968e-33 -0.227488 0 -1.4162e-15 -0.245508 1.77214e-31 3.90636e-16)
(0 1.43696e-30 -1.75162e-46 -0.24694 -2.66241e-30 -1.54074e-33 -0.25493 2.5886e-15 -1.60506e-31)
(-2.39845e-14 5.64565e-30 8.25093e-31 -0.24694 1.24529e-16 -8.97575e-16 -0.25493 6.54021e-17 4.85491e-16)
(6.43885e-15 -4.2547e-31 9.60423e-32 -0.267077 -3.22589e-16 -6.88365e-16 -0.263633 6.50548e-16 4.02253e-16)
(-3.46029e-15 0 -9.60423e-32 -0.267077 2.65415e-15 2.81333e-15 -0.263633 1.62991e-15 2.95487e-16)
(5.91716e-15 0 0 -0.28801 5.96903e-60 5.36092e-16 -0.271746 2.36658e-30 9.7283e-16)
(0 2.8026e-45 0 -0.28801 -4.22428e-43 -3.48519e-43 -0.271746 2.3513e-15 1.71577e-29)
(5.87627e-15 -6.66405e-31 5.03596e-60 -0.309845 6.94061e-16 -1.2446e-60 -0.279371 6.74012e-16 1.29916e-29)
(-1.17525e-14 9.71609e-31 0 -0.309845 -7.41347e-16 -2.26649e-15 -0.279371 1.39418e-15 -1.12135e-15)
(0 9.90504e-31 9.24448e-31 -0.332686 1.36679e-15 -2.86498e-15 -0.286594 5.95955e-16 5.12586e-16)
(0 -8.83403e-31 -8.0119e-31 -0.332686 3.00305e-16 -2.00471e-15 -0.286594 6.81848e-16 -3.27829e-16)
(1.62392e-15 -2.86719e-31 -5.47382e-48 -0.356639 9.40842e-16 -7.08257e-46 -0.293485 2.07848e-15 1.57772e-30)
(-1.15837e-14 1.48308e-30 0 -0.356639 6.85465e-17 -3.4861e-16 -0.293485 6.2295e-16 8.18917e-16)
(2.87418e-15 -4.84767e-31 4.54469e-31 -0.381809 -1.29134e-16 1.88415e-15 -0.300104 1.63753e-15 7.76209e-16)
(0 4.84767e-31 -4.54469e-31 -0.381809 -5.17095e-16 1.39196e-15 -0.300104 3.41919e-16 -3.32963e-16)
(7.42633e-15 -5.91238e-31 -6.34812e-32 -0.408308 -9.35017e-16 2.28646e-15 -0.306503 1.66135e-15 -3.55067e-16)
(6.83382e-15 2.45227e-45 1.26962e-31 -0.408308 2.09086e-44 6.56616e-16 -0.306503 2.31262e-30 -1.12124e-15)
(5.65893e-15 -1.4013e-45 0 -0.436248 0 -9.86076e-32 -0.312726 -9.83151e-45 5.51711e-45)
(0 0 -1.33008e-31 -0.436248 5.24573e-16 -1.19851e-15 -0.312726 7.80491e-16 -4.73303e-16)
(2.8065e-15 2.27369e-31 -5.22529e-31 -0.46575 9.41946e-17 -1.23059e-15 -0.318812 3.83474e-17 -2.83587e-16)
(0 -5.57364e-31 5.22529e-31 -0.46575 5.53778e-16 -8.22546e-16 -0.318812 5.68296e-16 7.95032e-16)
(-2.78313e-15 4.29475e-31 0 -0.49694 2.74771e-16 -3.78667e-16 -0.324795 9.06297e-17 2.52463e-16)
(0 0 0 -0.49694 8.72018e-16 1.46644e-15 -0.324795 1.22827e-15 5.31308e-16)
(2.75936e-15 -2.76207e-31 0 -0.529952 1.33028e-15 -1.15331e-15 -0.330705 4.68145e-16 -5.22647e-17)
(-1.10375e-14 5.66055e-31 0 -0.529952 1.35896e-15 0 -0.330705 1.16799e-15 0)
(-1.5086e-16 2.0689e-31 1.05554e-31 -0.564928 1.50014e-15 -1.38382e-15 -0.336571 1.19039e-15 1.85058e-16)
(-1.09408e-14 7.4505e-32 -5.25683e-31 -0.564928 9.64627e-16 -2.35254e-15 -0.336571 1.28323e-15 -9.57524e-16)
(2.71062e-15 -4.60804e-31 -2.46476e-60 -0.602022 1.95212e-16 0 -0.342417 6.26115e-16 -1.02798e-29)
(0 3.35673e-31 -1.98837e-30 -0.602022 -8.9786e-16 -4.54336e-16 -0.342417 9.1941e-16 -3.5627e-17)
(2.68565e-15 1.75162e-46 -7.76117e-32 -0.641398 1.25012e-44 2.61793e-15 -0.348269 -1.38051e-30 -1.20361e-16)
(-1.07426e-14 7.45003e-31 7.76117e-32 -0.641398 -1.23708e-15 1.22109e-15 -0.348269 4.46614e-16 4.73941e-17)
(5.97852e-15 -1.75663e-31 -7.00649e-46 -0.683232 1.96413e-15 -1.17783e-44 -0.354148 6.14244e-16 1.3312e-30)
(0 0 -4.60501e-32 -0.683232 1.28435e-44 4.5146e-16 -0.354148 7.3625e-30 1.9974e-16)
(-8.41815e-16 0 -2.41214e-32 -0.727715 -1.98485e-43 -1.67593e-15 -0.360075 1.28492e-15 -1.93576e-16)
(0 0 0 -0.727715 1.66036e-15 9.50282e-16 -0.360075 1.12207e-15 2.25061e-16)
(-2.60821e-15 1.98084e-31 1.2635e-31 -0.775054 -1.60257e-16 5.43641e-16 -0.366073 3.81683e-17 1.77772e-16)
(0 0 2.18953e-47 -0.775054 4.34514e-16 -3.28732e-45 -0.366073 5.48378e-16 -1.37082e-30)
(5.16309e-15 -6.29552e-31 2.89302e-31 -0.825472 1.55677e-15 4.93038e-32 -0.372161 3.53923e-16 -3.25405e-30)
(0 0 -4.41061e-31 -0.825472 6.16298e-33 -8.97986e-16 -0.372161 1.34708e-31 -1.38685e-16)
(-1.44243e-15 6.49943e-31 -2.77338e-32 -0.879215 0 -1.13265e-15 -0.37836 8.00999e-16 1.19109e-16)
(0 -1.6009e-30 2.77338e-32 -0.879215 2.97105e-16 3.89912e-16 -0.37836 6.44749e-17 4.92053e-17)
(0 0 -2.90543e-32 -0.936546 -5.17733e-16 2.89551e-16 -0.38469 6.46631e-16 2.20735e-16)
(0 0 -1.09476e-47 -0.936546 2.35264e-15 -1.46804e-45 -0.38469 8.31776e-16 5.62443e-32)
(0 0 0 -0.997757 7.60038e-16 -4.93038e-32 -0.391172 1.00097e-15 1.58434e-16)
(-1.21885e-14 3.62869e-31 1.52189e-32 -0.997757 -9.86076e-32 -4.93081e-16 -0.391172 6.53687e-16 1.37936e-16)
(0 0 -1.59436e-32 -1.06316 1.06963e-15 -2.59615e-16 -0.397828 9.68215e-16 1.48588e-16)
(0 0 1.59436e-32 -1.06316 -4.68971e-16 4.21098e-16 -0.397828 5.63245e-16 8.02333e-18)
(2.44126e-15 2.01437e-44 0 -1.13311 -2.26798e-30 9.05522e-16 -0.404679 7.16934e-16 1.04095e-16)
(2.40712e-15 0 1.4013e-45 -1.13311 -8.37043e-16 -2.45849e-44 -0.404679 6.35395e-16 2.04611e-30)
(-2.41171e-15 -1.39984e-31 -1.39984e-31 -1.20798 -7.06058e-16 1.45848e-15 -0.411749 7.18688e-16 -1.64662e-16)
(-9.64682e-15 -2.10087e-30 1.39984e-31 -1.20798 -1.94547e-16 -4.65387e-16 -0.411749 3.34576e-17 2.51449e-17)
(4.76323e-15 0 -1.91584e-46 -1.28818 -8.87033e-16 3.89902e-46 -0.41906 7.97712e-16 3.45127e-31)
(-9.52645e-15 7.82757e-45 2.56637e-31 -1.28818 4.87626e-45 6.64656e-17 -0.41906 1.41009e-29 2.34145e-16)
(4.1664e-16 1.39722e-31 -1.15224e-31 -1.37418 -1.32344e-16 -1.48929e-15 -0.426638 2.32718e-16 -2.65902e-16)
(-2.7676e-15 3.50073e-30 1.15224e-31 -1.37418 8.43836e-16 3.94838e-16 -0.426638 4.6354e-16 1.40233e-16)
(0 0 0 -1.46647 1.27833e-16 -1.5357e-15 -0.434509 5.73693e-17 -9.8867e-17)
(0 8.04739e-32 5.03881e-30 -1.46647 7.36668e-16 -2.87128e-16 -0.434509 5.88014e-16 2.57019e-17)
(7.49575e-16 2.14097e-31 2.10764e-32 -1.5656 5.11867e-16 -1.07764e-15 -0.442699 7.30837e-17 4.12186e-17)
(6.11401e-15 6.24832e-31 0 -1.5656 5.91852e-16 0 -0.442699 3.54221e-16 1.2326e-32)
(4.51073e-15 -1.29966e-32 -3.98747e-31 -1.67218 1.20104e-15 0 -0.451238 3.11496e-16 3.62383e-30)
(-9.02146e-15 3.63816e-31 -4.416e-32 -1.67218 -1.18329e-30 4.22478e-16 -0.451238 3.27696e-16 -4.29714e-17)
(2.2222e-15 6.556e-31 -1.20575e-31 -1.78688 -1.47911e-30 1.63807e-17 -0.460156 3.63577e-16 2.13104e-18)
(-8.88879e-15 0 0 -1.78688 1.04557e-43 3.26243e-16 -0.460156 3.72162e-30 -1.10023e-16)
(0 0 0 -1.91043 -1.32248e-17 3.35661e-16 -0.469482 3.185e-16 5.67653e-17)
(0 0 0 -1.91043 7.40813e-16 7.19274e-17 -0.469482 5.00261e-16 -1.56144e-16)
(2.15372e-15 1.99187e-58 -3.17333e-32 -2.04363 -1.12132e-44 6.85471e-16 -0.479251 3.50366e-16 6.19022e-17)
(-8.61486e-15 1.12107e-32 3.17333e-32 -2.04363 -9.58047e-16 -1.83641e-16 -0.479251 4.54699e-16 -1.1147e-16)
(8.06946e-15 -1.18226e-31 1.10591e-31 -2.18736 -2.10613e-15 4.98883e-16 -0.489495 4.40151e-16 -1.01034e-18)
(0 0 -2.5079e-32 -2.18736 -2.29313e-44 2.21644e-31 -0.489495 -1.12497e-30 -4.51782e-17)
(0 -1.11447e-31 0 -2.34259 -1.40065e-15 9.30112e-17 -0.50025 1.71221e-16 -2.68435e-18)
(8.3285e-15 0 -2.62743e-46 -2.34259 6.26172e-16 0 -0.50025 2.867e-16 -6.39249e-31)
(2.04506e-15 -6.82289e-59 -1.82428e-33 -2.51038 7.68189e-45 5.4621e-17 -0.51155 5.2262e-30 -2.51343e-17)
(-8.18024e-15 1.73389e-30 1.82428e-33 -2.51038 -1.0163e-15 -3.00282e-16 -0.51155 5.06529e-16 7.85708e-17)
(-1.96308e-16 1.07691e-31 -9.55572e-34 -2.69187 1.89805e-15 4.5335e-16 -0.52343 3.99166e-16 -3.4206e-17)
(1.38533e-14 -1.4013e-45 1.91114e-33 -2.69187 -9.86076e-32 4.84756e-16 -0.52343 4.43734e-30 1.22423e-16)
(-3.40146e-16 0 0 -2.88831 1.5753e-15 1.16158e-15 -0.535926 1.58923e-16 -3.86278e-17)
(7.87268e-15 2.10618e-32 1.45382e-30 -2.88831 -3.05993e-17 2.36737e-16 -0.535926 2.87435e-16 1.02429e-16)
(1.92825e-15 -3.35596e-31 -1.67798e-31 -3.10105 7.28118e-16 1.29835e-15 -0.549067 1.79484e-16 -1.54536e-16)
(0 0 1.67798e-31 -3.10105 2.9807e-45 -4.94259e-16 -0.549067 1.6766e-30 1.71779e-16)
(2.53337e-15 -1.4063e-31 -7.03152e-32 -3.3315 -6.28767e-16 7.90632e-16 -0.562884 1.03854e-16 -9.69438e-17)
(-2.53337e-15 1.4063e-31 1.05473e-31 -3.3315 2.61895e-15 -5.11148e-16 -0.562884 3.11724e-16 2.17395e-16)
(0 0 8.75812e-47 -3.58118 -1.04117e-15 -5.2341e-45 -0.577398 1.12415e-16 -1.47911e-31)
(-7.38077e-15 0 2.94653e-31 -3.58118 2.89966e-15 -1.82013e-16 -0.577398 1.96789e-16 2.46774e-16)
(0 3.85854e-32 -5.78782e-32 -3.85165 -5.28652e-16 -6.92919e-16 -0.592624 5.38643e-17 -8.83976e-17)
(-2.78037e-15 0 1.92927e-32 -3.85165 2.6093e-15 3.774e-16 -0.592624 1.37283e-16 2.05611e-16)
(-4.67028e-15 1.45618e-31 -6.82413e-32 -4.14449 -3.3481e-16 -7.70212e-16 -0.608562 4.60177e-17 -1.2687e-16)
(0 1.33251e-32 2.02114e-32 -4.14449 9.86076e-32 3.77438e-16 -0.608562 2.40043e-17 1.40711e-16)
(3.42366e-15 0 1.16611e-32 -4.46123 0 -7.56469e-16 -0.625196 -4.24494e-46 -1.03038e-16)
(-9.89877e-15 0 0 -4.46123 -4.76944e-16 1.38496e-16 -0.625196 3.7023e-17 1.08212e-16)
(3.32969e-15 -1.44919e-31 4.43639e-32 -4.80332 1.15895e-15 -7.78578e-16 -0.642486 1.42858e-16 -9.82762e-17)
(0 0 -4.43639e-32 -4.80332 -6.16298e-33 -1.58122e-16 -0.642486 7.98526e-17 8.18799e-17)
(1.61654e-15 4.64763e-32 -3.48572e-32 -5.17194 1.28e-15 -6.83202e-16 -0.660362 1.37848e-16 -4.96833e-17)
(-6.46618e-15 -2.32382e-32 1.16191e-32 -5.17194 -3.16686e-16 -2.18055e-16 -0.660362 6.49775e-17 7.99633e-17)
(1.5669e-15 -5.62377e-32 6.08616e-33 -5.56794 8.53775e-16 -6.3987e-16 -0.678711 1.60807e-16 -6.56916e-18)
(0 4.86893e-32 -6.08616e-33 -5.56794 -2.45539e-16 1.88156e-17 -0.678711 4.38785e-17 6.7439e-17)
(0 -7.65115e-32 9.56394e-33 -5.99157 8.03471e-16 -5.79301e-16 -0.697371 5.27774e-17 2.33414e-17)
(-4.22595e-15 1.64155e-30 -9.56394e-33 -5.99157 -4.78239e-16 6.58295e-17 -0.697371 6.65076e-17 4.9196e-17)
(1.46363e-15 2.38098e-32 0 -6.44233 1.27909e-15 -4.11624e-16 -0.716116 1.3492e-16 4.50366e-17)
(0 0 2.47986e-32 -6.44233 -4.33786e-16 6.29251e-46 -0.716116 9.53025e-17 4.46732e-17)
(1.41008e-15 0 0 -6.91865 8.11789e-16 -1.88327e-16 -0.734649 8.22608e-17 5.89814e-17)
(5.64033e-15 -6.76251e-33 -4.37351e-34 -6.91865 9.98554e-17 -2.23613e-16 -0.734649 5.87772e-17 4.49589e-17)
(-3.46833e-15 3.42098e-32 0 -7.41763 4.07505e-16 -1.49337e-17 -0.752589 2.47388e-17 6.66476e-17)
(0 0 1.8327e-33 -7.41763 6.12833e-16 -1.17756e-16 -0.752589 3.52682e-17 5.30289e-17)
(1.29964e-15 -2.28602e-35 0 -7.9348 8.6811e-16 -1.24427e-45 -0.769472 5.81244e-17 7.08389e-17)
(-7.41212e-15 1.53597e-32 9.59983e-34 -7.9348 8.43758e-16 1.82172e-16 -0.769472 5.29755e-17 4.87089e-17)
(-1.15949e-15 0 4.2742e-33 -8.46397 9.12049e-16 -2.4644e-17 -0.784753 3.94721e-17 7.29223e-17)
(-4.97225e-15 0 4.77733e-31 -8.46397 6.15827e-16 1.51436e-16 -0.784753 6.54296e-17 3.71121e-17)
(1.2147e-15 3.95093e-33 4.21432e-33 -8.99721 4.87254e-16 5.83226e-17 -0.797827 6.94726e-17 6.84342e-17)
(-1.07018e-14 -3.75517e-32 -2.89735e-33 -8.99721 -1.68285e-30 1.99786e-17 -0.797827 6.76471e-17 3.41937e-17)
(2.25679e-15 1.82088e-32 1.65562e-33 -9.52512 6.56859e-47 3.80162e-17 -0.808065 3.28021e-17 6.22532e-17)
(3.24105e-15 8.82998e-33 1.70243e-32 -9.52512 1.20938e-16 2.09411e-44 -0.808065 8.09901e-17 3.06683e-17)
(1.07091e-15 -2.31261e-33 -4.33614e-34 -10.0374 -4.54456e-16 3.98099e-17 -0.814862 6.58759e-17 5.78654e-17)
(0 2.5128e-32 1.44538e-33 -10.0374 -6.90253e-31 -1.50772e-16 -0.814862 4.52666e-17 2.58236e-17)
(2.02755e-15 5.58568e-33 9.08521e-34 -10.5235 -9.59955e-17 8.90766e-17 -0.817705 6.4719e-17 5.25101e-17)
(0 -6.15453e-30 -9.08521e-34 -10.5235 -2.19602e-16 -1.02472e-16 -0.817705 8.52398e-18 2.59555e-17)
(1.46311e-15 -1.01523e-32 1.5863e-34 -10.9739 -3.03526e-16 2.03841e-17 -0.816233 6.63331e-17 4.6112e-17)
(3.82937e-15 2.98368e-32 -1.5863e-34 -10.9739 0 -1.73563e-17 -0.816233 5.37493e-17 2.49987e-17)
(9.01941e-16 -1.33448e-31 7.77773e-47 -11.3808 -6.5641e-16 0 -0.810296 2.32155e-17 4.51378e-17)
(-3.60777e-15 0 1.24638e-34 -11.3808 1.77202e-16 -3.97734e-17 -0.810296 5.66097e-17 2.49546e-17)
(0 1.11422e-32 -6.96386e-34 -11.7392 3.70207e-17 -7.46644e-17 -0.79998 6.40771e-17 4.48197e-17)
(0 -2.25238e-32 6.96386e-34 -11.7392 -6.71764e-31 2.0396e-17 -0.79998 4.05752e-17 2.45838e-17)
(0 1.16727e-32 7.29545e-34 -12.0468 2.536e-16 -5.28099e-17 -0.785603 3.3487e-17 4.42679e-17)
(-3.18138e-15 0 1.18781e-31 -12.0468 7.82929e-17 5.20042e-17 -0.785603 4.21832e-17 2.04049e-17)
(2.50688e-15 1.94966e-32 1.14642e-33 -12.3046 3.44612e-16 -4.22705e-17 -0.76767 4.97636e-17 4.24426e-17)
(-4.74058e-15 -2.4457e-32 -1.91071e-33 -12.3046 1.13141e-16 3.56799e-17 -0.76767 3.26945e-17 1.95867e-17)
(-6.95641e-16 2.66895e-33 0 -12.5159 5.32813e-16 -5.28366e-17 -0.746814 5.6831e-17 4.14334e-17)
(-2.78256e-15 2.80637e-32 1.91359e-32 -12.5159 2.61819e-44 -1.54074e-33 -0.746814 2.52776e-17 1.72361e-17)
(-1.93414e-15 6.71039e-33 2.5164e-33 -12.6856 7.07055e-16 3.93235e-17 -0.72372 6.39008e-17 4.03777e-17)
(2.59451e-15 0 -1.2582e-33 -12.6856 5.48646e-16 -3.93253e-17 -0.72372 3.24825e-17 1.59096e-17)
(2.02624e-15 8.7874e-33 8.7874e-34 -12.8196 4.3757e-16 9.31036e-17 -0.699061 3.95962e-17 3.58043e-17)
(3.87935e-16 7.65022e-33 -4.3937e-34 -12.8196 1.97215e-31 -3.57197e-17 -0.699061 6.89071e-18 1.65353e-17)
(1.12074e-15 3.68232e-33 4.6029e-34 -12.9242 -4.35807e-17 4.48993e-17 -0.673446 3.75226e-17 3.22685e-17)
(-2.24147e-15 -5.52349e-33 -6.90436e-34 -12.9242 -4.83817e-16 -2.54357e-18 -0.673446 5.82051e-18 1.64435e-17)
(5.19061e-16 2.19215e-33 7.23311e-34 -13.005 2.52141e-17 6.99703e-18 -0.647394 1.62787e-17 3.00603e-17)
(0 -3.85766e-33 -7.23311e-34 -13.005 -1.31806e-16 2.6481e-17 -0.647394 1.61881e-17 1.55141e-17)
(4.79566e-16 3.23615e-33 1.26292e-33 -13.0673 2.63237e-16 2.54236e-17 -0.621322 1.38801e-17 2.88301e-17)
(1.91827e-15 6.94656e-33 7.63959e-33 -13.0673 0 0 -0.621322 1.25138e-17 1.37623e-17)
(-4.41819e-16 -5.92776e-31 9.04432e-35 -13.1154 3.04066e-17 5.26089e-17 -0.595547 1.06954e-17 2.59821e-17)
(-2.37743e-15 2.75748e-33 -6.04678e-35 -13.1154 -2.78327e-17 -1.88851e-17 -0.595547 1.46275e-17 1.3051e-17)
(8.115e-16 -3.01961e-33 0 -13.1528 4.29874e-17 4.10728e-17 -0.570302 9.40706e-19 2.36394e-17)
(0 0 0 -13.1528 3.8987e-16 -9.31872e-18 -0.570302 1.61731e-17 1.2227e-17)
(-3.71289e-16 3.08187e-33 0 -13.1824 -4.52566e-17 3.3027e-17 -0.545744 1.17931e-17 2.13348e-17)
(-2.1548e-15 2.45227e-45 0 -13.1824 -1.47911e-31 -6.46575e-18 -0.545744 5.41542e-18 1.11809e-17)
(0 -8.75812e-47 -6.08477e-34 -13.2062 -4.87637e-45 2.62557e-17 -0.521976 2.75793e-31 1.90807e-17)
(0 0 3.04238e-34 -13.2062 -8.031e-17 -6.74068e-18 -0.521976 3.47937e-18 1.01059e-17)
(0 1.91235e-33 -3.18725e-34 -13.2258 1.64824e-16 2.19655e-17 -0.499058 4.90958e-18 1.69968e-17)
(-1.96261e-15 1.17999e-30 0 -13.2258 8.43196e-17 -9.0595e-20 -0.499058 1.37558e-18 9.42191e-18)
(-3.84962e-16 4.34072e-33 -1.16865e-33 -13.2423 3.33183e-16 2.51269e-17 -0.477017 7.19507e-18 1.50818e-17)
(0 -4.48961e-34 1.0017e-33 -13.2423 -2.55056e-32 1.33298e-17 -0.477017 8.08776e-19 8.73373e-18)
(-1.55109e-16 -8.74501e-35 -1.3992e-33 -13.2567 3.9208e-16 3.18246e-17 -0.455863 2.64985e-18 1.31659e-17)
(-9.92732e-16 0 1.3992e-33 -13.2567 7.44911e-18 2.02322e-18 -0.455863 8.53818e-19 7.87445e-18)
(-4.41545e-16 0 -7.32912e-34 -13.2694 0 2.42412e-17 -0.435584 -3.26548e-30 1.13597e-17)
(-8.8309e-16 0 3.66456e-34 -13.2694 -1.45594e-16 -1.36598e-17 -0.435584 -2.84781e-19 7.50649e-18)
(-1.9459e-16 -3.83906e-33 -1.91953e-33 -13.281 -3.55314e-17 1.20595e-17 -0.416164 -8.36463e-19 9.87145e-18)
(-7.78361e-16 -1.07534e-30 1.91953e-33 -13.281 -2.08371e-16 -3.28833e-18 -0.416164 1.12849e-18 7.07664e-18)
(1.69582e-16 -4.52458e-34 0 -13.2916 8.62253e-17 6.71022e-18 -0.397579 -1.06466e-18 8.65404e-18)
(6.78328e-16 0 4.02185e-34 -13.2916 1.47103e-44 1.40794e-17 -0.397579 3.02885e-31 6.57033e-18)
(-2.42883e-16 0 -1.68534e-33 -13.3015 0 7.59479e-18 -0.3798 1.18614e-45 7.60625e-18)
(5.82781e-16 3.79202e-33 1.26401e-33 -13.3015 1.32265e-16 1.17106e-17 -0.3798 2.57433e-18 5.94637e-18)
(0 -2.20699e-33 3.66215e-33 -13.3108 -1.22123e-16 -2.75027e-31 -0.362799 -1.62614e-18 6.59714e-18)
(0 4.41398e-34 0 -13.3108 1.08067e-16 -4.70605e-18 -0.362799 9.23218e-19 5.51493e-18)
(0 -9.2483e-34 -4.62415e-34 -13.3196 -1.42939e-16 -1.86404e-17 -0.346544 -2.4732e-18 5.91438e-18)
(-4.0436e-16 2.31208e-34 0 -13.3196 7.62455e-17 -7.08668e-18 -0.346544 1.83989e-18 5.10464e-18)
(1.39629e-16 -1.4533e-33 -2.17995e-33 -13.328 -1.07255e-16 -2.35427e-17 -0.331006 -2.05955e-18 5.3732e-18)
(-4.60741e-16 1.4533e-33 2.17995e-33 -13.328 5.12349e-17 -3.20423e-18 -0.331006 1.81515e-18 4.72053e-18)
(8.58754e-17 3.80625e-34 1.26875e-33 -13.3359 -1.02101e-16 -2.66914e-17 -0.316154 -2.04659e-19 4.89993e-18)
(0 -2.5375e-34 -1.26875e-33 -13.3359 1.66029e-17 -4.45168e-20 -0.316154 7.5466e-19 4.30346e-18)
(0 -6.64582e-35 -2.65833e-33 -13.3435 -3.60496e-17 -2.6206e-17 -0.30196 -2.51355e-19 4.48654e-18)
(-1.65675e-16 6.64582e-35 2.3925e-33 -13.3435 3.74927e-18 5.66657e-19 -0.30196 9.95729e-21 3.95456e-18)
(0 0 -1.67094e-33 -13.3507 -1.23675e-48 -2.43483e-17 -0.288395 -1.48635e-30 4.08837e-18)
(0 6.96226e-35 1.67094e-33 -13.3507 -6.57534e-18 1.59834e-18 -0.288395 9.61588e-20 3.61967e-18)
(0 0 2.91751e-34 -13.3576 -3.46006e-17 -2.43174e-17 -0.275433 -1.42882e-19 3.72495e-18)
(0 0 -2.91751e-34 -13.3576 -1.28553e-17 1.56939e-18 -0.275433 -9.46842e-20 3.30308e-18)
(0 7.13307e-35 -2.18037e-31 -13.3642 -8.68321e-18 -5.0696e-17 -0.186976 1.06522e-19 3.39751e-18)
(-4.40478e-17 -5.25324e-35 0 -13.3642 -1.63805e-17 2.87057e-19 -0.186976 -1.7597e-19 3.01647e-18)
(0 -1.00448e-46 -4.80294e-34 -13.3705 0 -2.16919e-16 -0.0613706 1.80948e-31 1.48411e-18)
(0 1.50092e-35 4.80294e-34 -13.3705 -8.52864e-18 -2.57713e-19 -0.0613706 3.97409e-20 1.70292e-18)
)
;

boundaryField
{
    walls
    {
        type            extrapolatedCalculated;
        value           nonuniform List<tensor> 8((-1.15363e-17 -9.13206e-28 -1.7247e-28 13.3735 -3.18473e-12 -4.9025e-14 0.0613706 -7.31445e-15 -1.76456e-48) (0 -5.12314e-33 -5.12314e-32 13.3735 -3.1197e-15 2.11509e-15 -0.0613706 7.31445e-15 1.07634e-16) (0 6.55762e-30 1.02463e-31 13.3735 -8.30049e-15 2.03377e-17 0.0613706 -2.07487e-17 6.38961e-17) (0 5.12314e-33 -2.65472e-28 13.3735 -7.42381e-16 2.78274e-14 -0.0613706 2.07487e-17 -6.38961e-17) (0 1.00061e-35 -6.40393e-34 -13.3735 5.57125e-18 9.73829e-16 0.0613706 1.38905e-20 -1.48411e-18) (0 -1.00448e-46 -4.80294e-34 -13.3735 -1.16251e-17 -3.27013e-16 -0.0613706 1.80948e-31 1.48411e-18) (0 0 0 -13.3735 2.08169e-17 7.42179e-16 0.0613706 -8.72172e-32 -1.70292e-18) (0 1.50092e-35 4.80294e-34 -13.3735 -3.49673e-18 -1.95901e-29 -0.0613706 3.97409e-20 1.70292e-18));
    }
    inlet
    {
        type            cyclic;
    }
    outlet
    {
        type            cyclic;
    }
    sides
    {
        type            empty;
    }
}


// ************************************************************************* //
