/*--------------------------------*- C++ -*----------------------------------*\
| =========                 |                                                 |
| \\      /  F ield         | OpenFOAM: The Open Source CFD Toolbox           |
|  \\    /   O peration     | Version:  2106                                  |
|   \\  /    A nd           | Website:  www.openfoam.com                      |
|    \\/     M anipulation  |                                                 |
\*---------------------------------------------------------------------------*/
FoamFile
{
    version     2.0;
    format      ascii;
    arch        "LSB;label=32;scalar=64";
    class       volScalarField;
    location    "10100";
    object      k;
}
// * * * * * * * * * * * * * * * * * * * * * * * * * * * * * * * * * * * * * //

dimensions      [0 2 -2 0 0 0 0];

internalField   nonuniform List<scalar> 
2000
(
3.10252e-08
3.10252e-08
4.65019e-09
4.65019e-09
2.12794e-09
2.12794e-09
3.46219e-09
3.46219e-09
7.91588e-09
7.91588e-09
1.65958e-08
1.65958e-08
3.11368e-08
3.11368e-08
5.35202e-08
5.35202e-08
8.60498e-08
8.60498e-08
1.31361e-07
1.31361e-07
1.92442e-07
1.92442e-07
2.7266e-07
2.7266e-07
3.7579e-07
3.7579e-07
5.06049e-07
5.06049e-07
6.68132e-07
6.68132e-07
8.6725e-07
8.6725e-07
1.10917e-06
1.10917e-06
1.40027e-06
1.40027e-06
1.74757e-06
1.74757e-06
2.1588e-06
2.1588e-06
2.64246e-06
2.64246e-06
3.20785e-06
3.20785e-06
3.86519e-06
3.86519e-06
4.62562e-06
4.62562e-06
5.50134e-06
5.50134e-06
6.50564e-06
6.50564e-06
7.65303e-06
7.65303e-06
8.95927e-06
8.95927e-06
1.04415e-05
1.04415e-05
1.21185e-05
1.21185e-05
1.40104e-05
1.40104e-05
1.61392e-05
1.61392e-05
1.85287e-05
1.85287e-05
2.12048e-05
2.12048e-05
2.41952e-05
2.41952e-05
2.75303e-05
2.75303e-05
3.12425e-05
3.12425e-05
3.53672e-05
3.53672e-05
3.99422e-05
3.99422e-05
4.50085e-05
4.50085e-05
5.06101e-05
5.06101e-05
5.67947e-05
5.67947e-05
6.3613e-05
6.3613e-05
7.112e-05
7.112e-05
7.93746e-05
7.93746e-05
8.84399e-05
8.84399e-05
9.83834e-05
9.83834e-05
0.000109278
0.000109278
0.0001212
0.0001212
0.000134234
0.000134234
0.000148466
0.000148466
0.000163992
0.000163992
0.000180911
0.000180911
0.00019933
0.00019933
0.000219361
0.000219361
0.000241124
0.000241124
0.000264745
0.000264745
0.000290358
0.000290358
0.000318101
0.000318101
0.000348123
0.000348123
0.000380577
0.000380577
0.000415624
0.000415624
0.00045343
0.00045343
0.000494169
0.000494169
0.000538019
0.000538019
0.000585164
0.000585164
0.000635791
0.000635791
0.00069009
0.00069009
0.000748253
0.000748253
0.000810473
0.000810473
0.00087694
0.00087694
0.000947844
0.000947844
0.00102337
0.00102337
0.00110368
0.00110368
0.00118896
0.00118896
0.00127935
0.00127935
0.00137499
0.00137499
0.001476
0.001476
0.00158248
0.00158248
0.00169452
0.00169452
0.00181215
0.00181215
0.00193539
0.00193539
0.00206425
0.00206425
0.00219868
0.00219868
0.0023386
0.0023386
0.0024839
0.0024839
0.00263444
0.00263444
0.00279004
0.00279004
0.00295047
0.00295047
0.0031155
0.0031155
0.00328483
0.00328483
0.00345816
0.00345816
0.00363516
0.00363516
0.00381547
0.00381547
0.0039987
0.0039987
0.00418446
0.00418446
0.00437236
0.00437236
0.00456197
0.00456197
0.00475289
0.00475289
0.00494469
0.00494469
0.00513697
0.00513697
0.00532933
0.00532933
0.00552137
0.00552137
0.00571271
0.00571271
0.005903
0.005903
0.00609187
0.00609187
0.00627902
0.00627902
0.00646413
0.00646413
0.00664693
0.00664693
0.00682714
0.00682714
0.00700452
0.00700452
0.00717887
0.00717887
0.00734999
0.00734999
0.00751769
0.00751769
0.00768183
0.00768183
0.00784227
0.00784227
0.0079989
0.0079989
0.00815161
0.00815161
0.00830034
0.00830034
0.008445
0.008445
0.00858556
0.00858556
0.00872198
0.00872198
0.00885423
0.00885423
0.0089823
0.0089823
0.00910618
0.00910618
0.00922589
0.00922589
0.00934143
0.00934143
0.00945284
0.00945284
0.00956013
0.00956013
0.00966334
0.00966334
0.00976251
0.00976251
0.00985769
0.00985769
0.00994892
0.00994892
0.0100363
0.0100363
0.0101197
0.0101197
0.0101994
0.0101994
0.0102754
0.0102754
0.0103477
0.0103477
0.0104164
0.0104164
0.0104815
0.0104815
0.0105431
0.0105431
0.0106012
0.0106012
0.010656
0.010656
0.0107075
0.0107075
0.0107557
0.0107557
0.0108007
0.0108007
0.0108425
0.0108425
0.0108812
0.0108812
0.0109169
0.0109169
0.0109495
0.0109495
0.0109793
0.0109793
0.0110061
0.0110061
0.0110301
0.0110301
0.0110512
0.0110512
0.0110696
0.0110696
0.0110853
0.0110853
0.0110983
0.0110983
0.0111087
0.0111087
0.0111165
0.0111165
0.0111217
0.0111217
0.0111243
0.0111243
0.0111245
0.0111245
0.0111222
0.0111222
0.0111175
0.0111175
0.0111103
0.0111103
0.0111008
0.0111008
0.0110889
0.0110889
0.0110746
0.0110746
0.0110581
0.0110581
0.0110393
0.0110393
0.0110181
0.0110181
0.0109948
0.0109948
0.0109691
0.0109691
0.0109413
0.0109413
0.0109112
0.0109112
0.010879
0.010879
0.0108445
0.0108445
0.0108079
0.0108079
0.010769
0.010769
0.0107281
0.0107281
0.0106849
0.0106849
0.0106396
0.0106396
0.0105922
0.0105922
0.0105426
0.0105426
0.0104908
0.0104908
0.0104369
0.0104369
0.0103808
0.0103808
0.0103226
0.0103226
0.0102623
0.0102623
0.0101998
0.0101998
0.0101351
0.0101351
0.0100683
0.0100683
0.00999928
0.00999928
0.00992811
0.00992811
0.00985477
0.00985477
0.00977924
0.00977924
0.00970153
0.00970153
0.00962162
0.00962162
0.0095395
0.0095395
0.00945518
0.00945518
0.00936865
0.00936865
0.0092799
0.0092799
0.00918893
0.00918893
0.00909573
0.00909573
0.00900029
0.00900029
0.00890263
0.00890263
0.00880273
0.00880273
0.00870061
0.00870061
0.00859625
0.00859625
0.00848968
0.00848968
0.00838089
0.00838089
0.0082699
0.0082699
0.00815673
0.00815673
0.00804139
0.00804139
0.00792392
0.00792392
0.00780435
0.00780435
0.0076827
0.0076827
0.00755904
0.00755904
0.0074334
0.0074334
0.00730586
0.00730586
0.00717649
0.00717649
0.00704538
0.00704538
0.00691262
0.00691262
0.00677832
0.00677832
0.00664263
0.00664263
0.0065057
0.0065057
0.00636768
0.00636768
0.00622879
0.00622879
0.00608923
0.00608923
0.00594928
0.00594928
0.0058092
0.0058092
0.00566933
0.00566933
0.00553003
0.00553003
0.0053917
0.0053917
0.00525481
0.00525481
0.00511987
0.00511987
0.00498745
0.00498745
0.00485819
0.00485819
0.00473279
0.00473279
0.00461203
0.00461203
0.00449677
0.00449677
0.00438794
0.00438794
0.00428654
0.00428654
0.00419366
0.00419366
0.00411043
0.00411043
0.00403805
0.00403805
0.00397776
0.00397776
0.00393079
0.00393079
0.00389834
0.00389834
0.00388158
0.00388158
3.10252e-08
3.10252e-08
4.65019e-09
4.65019e-09
2.12794e-09
2.12794e-09
3.46219e-09
3.46219e-09
7.91588e-09
7.91588e-09
1.65958e-08
1.65958e-08
3.11368e-08
3.11368e-08
5.35202e-08
5.35202e-08
8.60498e-08
8.60498e-08
1.31361e-07
1.31361e-07
1.92442e-07
1.92442e-07
2.7266e-07
2.7266e-07
3.7579e-07
3.7579e-07
5.06049e-07
5.06049e-07
6.68132e-07
6.68132e-07
8.6725e-07
8.6725e-07
1.10917e-06
1.10917e-06
1.40027e-06
1.40027e-06
1.74757e-06
1.74757e-06
2.1588e-06
2.1588e-06
2.64246e-06
2.64246e-06
3.20785e-06
3.20785e-06
3.86519e-06
3.86519e-06
4.62562e-06
4.62562e-06
5.50134e-06
5.50134e-06
6.50564e-06
6.50564e-06
7.65303e-06
7.65303e-06
8.95927e-06
8.95927e-06
1.04415e-05
1.04415e-05
1.21185e-05
1.21185e-05
1.40104e-05
1.40104e-05
1.61392e-05
1.61392e-05
1.85287e-05
1.85287e-05
2.12048e-05
2.12048e-05
2.41952e-05
2.41952e-05
2.75303e-05
2.75303e-05
3.12425e-05
3.12425e-05
3.53672e-05
3.53672e-05
3.99422e-05
3.99422e-05
4.50085e-05
4.50085e-05
5.06101e-05
5.06101e-05
5.67947e-05
5.67947e-05
6.3613e-05
6.3613e-05
7.112e-05
7.112e-05
7.93746e-05
7.93746e-05
8.84399e-05
8.84399e-05
9.83834e-05
9.83834e-05
0.000109278
0.000109278
0.0001212
0.0001212
0.000134234
0.000134234
0.000148466
0.000148466
0.000163992
0.000163992
0.000180911
0.000180911
0.00019933
0.00019933
0.000219361
0.000219361
0.000241124
0.000241124
0.000264745
0.000264745
0.000290358
0.000290358
0.000318101
0.000318101
0.000348123
0.000348123
0.000380577
0.000380577
0.000415624
0.000415624
0.00045343
0.00045343
0.000494169
0.000494169
0.000538019
0.000538019
0.000585164
0.000585164
0.000635791
0.000635791
0.00069009
0.00069009
0.000748253
0.000748253
0.000810473
0.000810473
0.00087694
0.00087694
0.000947844
0.000947844
0.00102337
0.00102337
0.00110368
0.00110368
0.00118896
0.00118896
0.00127935
0.00127935
0.00137499
0.00137499
0.001476
0.001476
0.00158248
0.00158248
0.00169452
0.00169452
0.00181215
0.00181215
0.00193539
0.00193539
0.00206425
0.00206425
0.00219868
0.00219868
0.0023386
0.0023386
0.0024839
0.0024839
0.00263444
0.00263444
0.00279004
0.00279004
0.00295047
0.00295047
0.0031155
0.0031155
0.00328483
0.00328483
0.00345816
0.00345816
0.00363516
0.00363516
0.00381547
0.00381547
0.0039987
0.0039987
0.00418446
0.00418446
0.00437236
0.00437236
0.00456197
0.00456197
0.00475289
0.00475289
0.00494469
0.00494469
0.00513697
0.00513697
0.00532933
0.00532933
0.00552137
0.00552137
0.00571271
0.00571271
0.005903
0.005903
0.00609187
0.00609187
0.00627902
0.00627902
0.00646413
0.00646413
0.00664693
0.00664693
0.00682714
0.00682714
0.00700452
0.00700452
0.00717887
0.00717887
0.00734999
0.00734999
0.00751769
0.00751769
0.00768183
0.00768183
0.00784227
0.00784227
0.0079989
0.0079989
0.00815161
0.00815161
0.00830034
0.00830034
0.008445
0.008445
0.00858556
0.00858556
0.00872198
0.00872198
0.00885423
0.00885423
0.0089823
0.0089823
0.00910618
0.00910618
0.00922589
0.00922589
0.00934143
0.00934143
0.00945284
0.00945284
0.00956013
0.00956013
0.00966334
0.00966334
0.00976251
0.00976251
0.00985769
0.00985769
0.00994892
0.00994892
0.0100363
0.0100363
0.0101197
0.0101197
0.0101994
0.0101994
0.0102754
0.0102754
0.0103477
0.0103477
0.0104164
0.0104164
0.0104815
0.0104815
0.0105431
0.0105431
0.0106012
0.0106012
0.010656
0.010656
0.0107075
0.0107075
0.0107557
0.0107557
0.0108007
0.0108007
0.0108425
0.0108425
0.0108812
0.0108812
0.0109169
0.0109169
0.0109495
0.0109495
0.0109793
0.0109793
0.0110061
0.0110061
0.0110301
0.0110301
0.0110512
0.0110512
0.0110696
0.0110696
0.0110853
0.0110853
0.0110983
0.0110983
0.0111087
0.0111087
0.0111165
0.0111165
0.0111217
0.0111217
0.0111243
0.0111243
0.0111245
0.0111245
0.0111222
0.0111222
0.0111175
0.0111175
0.0111103
0.0111103
0.0111008
0.0111008
0.0110889
0.0110889
0.0110746
0.0110746
0.0110581
0.0110581
0.0110393
0.0110393
0.0110181
0.0110181
0.0109948
0.0109948
0.0109691
0.0109691
0.0109413
0.0109413
0.0109112
0.0109112
0.010879
0.010879
0.0108445
0.0108445
0.0108079
0.0108079
0.010769
0.010769
0.0107281
0.0107281
0.0106849
0.0106849
0.0106396
0.0106396
0.0105922
0.0105922
0.0105426
0.0105426
0.0104908
0.0104908
0.0104369
0.0104369
0.0103808
0.0103808
0.0103226
0.0103226
0.0102623
0.0102623
0.0101998
0.0101998
0.0101351
0.0101351
0.0100683
0.0100683
0.00999928
0.00999928
0.00992811
0.00992811
0.00985477
0.00985477
0.00977924
0.00977924
0.00970153
0.00970153
0.00962162
0.00962162
0.0095395
0.0095395
0.00945518
0.00945518
0.00936865
0.00936865
0.0092799
0.0092799
0.00918893
0.00918893
0.00909573
0.00909573
0.00900029
0.00900029
0.00890263
0.00890263
0.00880273
0.00880273
0.00870061
0.00870061
0.00859625
0.00859625
0.00848968
0.00848968
0.00838089
0.00838089
0.0082699
0.0082699
0.00815673
0.00815673
0.00804139
0.00804139
0.00792392
0.00792392
0.00780435
0.00780435
0.0076827
0.0076827
0.00755904
0.00755904
0.0074334
0.0074334
0.00730586
0.00730586
0.00717649
0.00717649
0.00704538
0.00704538
0.00691262
0.00691262
0.00677832
0.00677832
0.00664263
0.00664263
0.0065057
0.0065057
0.00636768
0.00636768
0.00622879
0.00622879
0.00608923
0.00608923
0.00594928
0.00594928
0.0058092
0.0058092
0.00566933
0.00566933
0.00553003
0.00553003
0.0053917
0.0053917
0.00525481
0.00525481
0.00511987
0.00511987
0.00498745
0.00498745
0.00485819
0.00485819
0.00473279
0.00473279
0.00461203
0.00461203
0.00449677
0.00449677
0.00438794
0.00438794
0.00428654
0.00428654
0.00419366
0.00419366
0.00411043
0.00411043
0.00403805
0.00403805
0.00397776
0.00397776
0.00393079
0.00393079
0.00389834
0.00389834
0.00388158
0.00388158
0.00388158
0.00388158
0.00389834
0.00389834
0.00393079
0.00393079
0.00397776
0.00397776
0.00403805
0.00403805
0.00411043
0.00411043
0.00419365
0.00419365
0.00428654
0.00428654
0.00438794
0.00438794
0.00449677
0.00449677
0.00461203
0.00461203
0.00473279
0.00473279
0.00485819
0.00485819
0.00498745
0.00498745
0.00511987
0.00511987
0.00525481
0.00525481
0.0053917
0.0053917
0.00553003
0.00553003
0.00566933
0.00566933
0.0058092
0.0058092
0.00594928
0.00594928
0.00608923
0.00608923
0.00622878
0.00622878
0.00636768
0.00636768
0.00650569
0.00650569
0.00664263
0.00664263
0.00677832
0.00677832
0.00691261
0.00691261
0.00704537
0.00704537
0.00717649
0.00717649
0.00730586
0.00730586
0.0074334
0.0074334
0.00755903
0.00755903
0.0076827
0.0076827
0.00780434
0.00780434
0.00792392
0.00792392
0.00804139
0.00804139
0.00815673
0.00815673
0.0082699
0.0082699
0.00838088
0.00838088
0.00848967
0.00848967
0.00859625
0.00859625
0.0087006
0.0087006
0.00880273
0.00880273
0.00890263
0.00890263
0.00900029
0.00900029
0.00909572
0.00909572
0.00918893
0.00918893
0.0092799
0.0092799
0.00936865
0.00936865
0.00945518
0.00945518
0.0095395
0.0095395
0.00962161
0.00962161
0.00970152
0.00970152
0.00977924
0.00977924
0.00985476
0.00985476
0.00992811
0.00992811
0.00999927
0.00999927
0.0100683
0.0100683
0.0101351
0.0101351
0.0101998
0.0101998
0.0102623
0.0102623
0.0103226
0.0103226
0.0103808
0.0103808
0.0104369
0.0104369
0.0104908
0.0104908
0.0105425
0.0105425
0.0105922
0.0105922
0.0106396
0.0106396
0.0106849
0.0106849
0.0107281
0.0107281
0.010769
0.010769
0.0108079
0.0108079
0.0108445
0.0108445
0.010879
0.010879
0.0109112
0.0109112
0.0109413
0.0109413
0.0109691
0.0109691
0.0109948
0.0109948
0.0110181
0.0110181
0.0110393
0.0110393
0.0110581
0.0110581
0.0110746
0.0110746
0.0110889
0.0110889
0.0111008
0.0111008
0.0111103
0.0111103
0.0111174
0.0111174
0.0111222
0.0111222
0.0111245
0.0111245
0.0111243
0.0111243
0.0111217
0.0111217
0.0111165
0.0111165
0.0111087
0.0111087
0.0110983
0.0110983
0.0110853
0.0110853
0.0110696
0.0110696
0.0110512
0.0110512
0.0110301
0.0110301
0.0110061
0.0110061
0.0109793
0.0109793
0.0109495
0.0109495
0.0109169
0.0109169
0.0108812
0.0108812
0.0108425
0.0108425
0.0108007
0.0108007
0.0107557
0.0107557
0.0107075
0.0107075
0.010656
0.010656
0.0106012
0.0106012
0.0105431
0.0105431
0.0104815
0.0104815
0.0104164
0.0104164
0.0103477
0.0103477
0.0102754
0.0102754
0.0101994
0.0101994
0.0101197
0.0101197
0.0100363
0.0100363
0.00994892
0.00994892
0.00985769
0.00985769
0.00976251
0.00976251
0.00966334
0.00966334
0.00956013
0.00956013
0.00945284
0.00945284
0.00934143
0.00934143
0.00922589
0.00922589
0.00910618
0.00910618
0.0089823
0.0089823
0.00885423
0.00885423
0.00872198
0.00872198
0.00858556
0.00858556
0.008445
0.008445
0.00830033
0.00830033
0.00815161
0.00815161
0.00799889
0.00799889
0.00784227
0.00784227
0.00768183
0.00768183
0.00751769
0.00751769
0.00734998
0.00734998
0.00717887
0.00717887
0.00700452
0.00700452
0.00682713
0.00682713
0.00664692
0.00664692
0.00646413
0.00646413
0.00627902
0.00627902
0.00609187
0.00609187
0.005903
0.005903
0.00571271
0.00571271
0.00552137
0.00552137
0.00532933
0.00532933
0.00513697
0.00513697
0.00494469
0.00494469
0.00475289
0.00475289
0.00456197
0.00456197
0.00437236
0.00437236
0.00418446
0.00418446
0.0039987
0.0039987
0.00381546
0.00381546
0.00363516
0.00363516
0.00345816
0.00345816
0.00328483
0.00328483
0.0031155
0.0031155
0.00295047
0.00295047
0.00279004
0.00279004
0.00263444
0.00263444
0.0024839
0.0024839
0.0023386
0.0023386
0.00219868
0.00219868
0.00206425
0.00206425
0.00193539
0.00193539
0.00181215
0.00181215
0.00169452
0.00169452
0.00158248
0.00158248
0.001476
0.001476
0.00137499
0.00137499
0.00127935
0.00127935
0.00118896
0.00118896
0.00110368
0.00110368
0.00102337
0.00102337
0.000947843
0.000947843
0.00087694
0.00087694
0.000810473
0.000810473
0.000748253
0.000748253
0.00069009
0.00069009
0.000635791
0.000635791
0.000585164
0.000585164
0.000538019
0.000538019
0.000494169
0.000494169
0.00045343
0.00045343
0.000415624
0.000415624
0.000380577
0.000380577
0.000348123
0.000348123
0.000318101
0.000318101
0.000290358
0.000290358
0.000264745
0.000264745
0.000241124
0.000241124
0.000219361
0.000219361
0.00019933
0.00019933
0.000180911
0.000180911
0.000163992
0.000163992
0.000148466
0.000148466
0.000134234
0.000134234
0.0001212
0.0001212
0.000109278
0.000109278
9.83834e-05
9.83834e-05
8.84398e-05
8.84398e-05
7.93746e-05
7.93746e-05
7.112e-05
7.112e-05
6.3613e-05
6.3613e-05
5.67946e-05
5.67946e-05
5.06101e-05
5.06101e-05
4.50085e-05
4.50085e-05
3.99422e-05
3.99422e-05
3.53672e-05
3.53672e-05
3.12425e-05
3.12425e-05
2.75303e-05
2.75303e-05
2.41952e-05
2.41952e-05
2.12048e-05
2.12048e-05
1.85287e-05
1.85287e-05
1.61392e-05
1.61392e-05
1.40104e-05
1.40104e-05
1.21185e-05
1.21185e-05
1.04415e-05
1.04415e-05
8.95927e-06
8.95927e-06
7.65302e-06
7.65302e-06
6.50564e-06
6.50564e-06
5.50134e-06
5.50134e-06
4.62562e-06
4.62562e-06
3.86519e-06
3.86519e-06
3.20785e-06
3.20785e-06
2.64246e-06
2.64246e-06
2.1588e-06
2.1588e-06
1.74757e-06
1.74757e-06
1.40027e-06
1.40027e-06
1.10917e-06
1.10917e-06
8.6725e-07
8.6725e-07
6.68132e-07
6.68132e-07
5.06049e-07
5.06049e-07
3.7579e-07
3.7579e-07
2.7266e-07
2.7266e-07
1.92442e-07
1.92442e-07
1.31361e-07
1.31361e-07
8.60497e-08
8.60497e-08
5.35203e-08
5.35203e-08
3.11368e-08
3.11368e-08
1.65958e-08
1.65958e-08
7.91589e-09
7.91589e-09
3.4622e-09
3.4622e-09
2.12796e-09
2.12796e-09
4.65023e-09
4.65023e-09
3.10254e-08
3.10254e-08
0.00388158
0.00388158
0.00389834
0.00389834
0.00393079
0.00393079
0.00397776
0.00397776
0.00403805
0.00403805
0.00411043
0.00411043
0.00419365
0.00419365
0.00428654
0.00428654
0.00438794
0.00438794
0.00449677
0.00449677
0.00461203
0.00461203
0.00473279
0.00473279
0.00485819
0.00485819
0.00498745
0.00498745
0.00511987
0.00511987
0.00525481
0.00525481
0.0053917
0.0053917
0.00553003
0.00553003
0.00566933
0.00566933
0.0058092
0.0058092
0.00594928
0.00594928
0.00608923
0.00608923
0.00622878
0.00622878
0.00636768
0.00636768
0.00650569
0.00650569
0.00664263
0.00664263
0.00677832
0.00677832
0.00691261
0.00691261
0.00704537
0.00704537
0.00717649
0.00717649
0.00730586
0.00730586
0.0074334
0.0074334
0.00755903
0.00755903
0.0076827
0.0076827
0.00780434
0.00780434
0.00792392
0.00792392
0.00804139
0.00804139
0.00815673
0.00815673
0.0082699
0.0082699
0.00838088
0.00838088
0.00848967
0.00848967
0.00859625
0.00859625
0.0087006
0.0087006
0.00880273
0.00880273
0.00890263
0.00890263
0.00900029
0.00900029
0.00909572
0.00909572
0.00918893
0.00918893
0.0092799
0.0092799
0.00936865
0.00936865
0.00945518
0.00945518
0.0095395
0.0095395
0.00962161
0.00962161
0.00970152
0.00970152
0.00977924
0.00977924
0.00985476
0.00985476
0.00992811
0.00992811
0.00999927
0.00999927
0.0100683
0.0100683
0.0101351
0.0101351
0.0101998
0.0101998
0.0102623
0.0102623
0.0103226
0.0103226
0.0103808
0.0103808
0.0104369
0.0104369
0.0104908
0.0104908
0.0105425
0.0105425
0.0105922
0.0105922
0.0106396
0.0106396
0.0106849
0.0106849
0.0107281
0.0107281
0.010769
0.010769
0.0108079
0.0108079
0.0108445
0.0108445
0.010879
0.010879
0.0109112
0.0109112
0.0109413
0.0109413
0.0109691
0.0109691
0.0109948
0.0109948
0.0110181
0.0110181
0.0110393
0.0110393
0.0110581
0.0110581
0.0110746
0.0110746
0.0110889
0.0110889
0.0111008
0.0111008
0.0111103
0.0111103
0.0111174
0.0111174
0.0111222
0.0111222
0.0111245
0.0111245
0.0111243
0.0111243
0.0111217
0.0111217
0.0111165
0.0111165
0.0111087
0.0111087
0.0110983
0.0110983
0.0110853
0.0110853
0.0110696
0.0110696
0.0110512
0.0110512
0.0110301
0.0110301
0.0110061
0.0110061
0.0109793
0.0109793
0.0109495
0.0109495
0.0109169
0.0109169
0.0108812
0.0108812
0.0108425
0.0108425
0.0108007
0.0108007
0.0107557
0.0107557
0.0107075
0.0107075
0.010656
0.010656
0.0106012
0.0106012
0.0105431
0.0105431
0.0104815
0.0104815
0.0104164
0.0104164
0.0103477
0.0103477
0.0102754
0.0102754
0.0101994
0.0101994
0.0101197
0.0101197
0.0100363
0.0100363
0.00994892
0.00994892
0.00985769
0.00985769
0.00976251
0.00976251
0.00966334
0.00966334
0.00956013
0.00956013
0.00945284
0.00945284
0.00934143
0.00934143
0.00922589
0.00922589
0.00910618
0.00910618
0.0089823
0.0089823
0.00885423
0.00885423
0.00872198
0.00872198
0.00858556
0.00858556
0.008445
0.008445
0.00830033
0.00830033
0.00815161
0.00815161
0.00799889
0.00799889
0.00784227
0.00784227
0.00768183
0.00768183
0.00751769
0.00751769
0.00734998
0.00734998
0.00717887
0.00717887
0.00700452
0.00700452
0.00682713
0.00682713
0.00664692
0.00664692
0.00646413
0.00646413
0.00627902
0.00627902
0.00609187
0.00609187
0.005903
0.005903
0.00571271
0.00571271
0.00552137
0.00552137
0.00532933
0.00532933
0.00513697
0.00513697
0.00494469
0.00494469
0.00475289
0.00475289
0.00456197
0.00456197
0.00437236
0.00437236
0.00418446
0.00418446
0.0039987
0.0039987
0.00381546
0.00381546
0.00363516
0.00363516
0.00345816
0.00345816
0.00328483
0.00328483
0.0031155
0.0031155
0.00295047
0.00295047
0.00279004
0.00279004
0.00263444
0.00263444
0.0024839
0.0024839
0.0023386
0.0023386
0.00219868
0.00219868
0.00206425
0.00206425
0.00193539
0.00193539
0.00181215
0.00181215
0.00169452
0.00169452
0.00158248
0.00158248
0.001476
0.001476
0.00137499
0.00137499
0.00127935
0.00127935
0.00118896
0.00118896
0.00110368
0.00110368
0.00102337
0.00102337
0.000947843
0.000947843
0.00087694
0.00087694
0.000810473
0.000810473
0.000748253
0.000748253
0.00069009
0.00069009
0.000635791
0.000635791
0.000585164
0.000585164
0.000538019
0.000538019
0.000494169
0.000494169
0.00045343
0.00045343
0.000415624
0.000415624
0.000380577
0.000380577
0.000348123
0.000348123
0.000318101
0.000318101
0.000290358
0.000290358
0.000264745
0.000264745
0.000241124
0.000241124
0.000219361
0.000219361
0.00019933
0.00019933
0.000180911
0.000180911
0.000163992
0.000163992
0.000148466
0.000148466
0.000134234
0.000134234
0.0001212
0.0001212
0.000109278
0.000109278
9.83834e-05
9.83834e-05
8.84398e-05
8.84398e-05
7.93746e-05
7.93746e-05
7.112e-05
7.112e-05
6.3613e-05
6.3613e-05
5.67946e-05
5.67946e-05
5.06101e-05
5.06101e-05
4.50085e-05
4.50085e-05
3.99422e-05
3.99422e-05
3.53672e-05
3.53672e-05
3.12425e-05
3.12425e-05
2.75303e-05
2.75303e-05
2.41952e-05
2.41952e-05
2.12048e-05
2.12048e-05
1.85287e-05
1.85287e-05
1.61392e-05
1.61392e-05
1.40104e-05
1.40104e-05
1.21185e-05
1.21185e-05
1.04415e-05
1.04415e-05
8.95927e-06
8.95927e-06
7.65302e-06
7.65302e-06
6.50564e-06
6.50564e-06
5.50134e-06
5.50134e-06
4.62562e-06
4.62562e-06
3.86519e-06
3.86519e-06
3.20785e-06
3.20785e-06
2.64246e-06
2.64246e-06
2.1588e-06
2.1588e-06
1.74757e-06
1.74757e-06
1.40027e-06
1.40027e-06
1.10917e-06
1.10917e-06
8.6725e-07
8.6725e-07
6.68132e-07
6.68132e-07
5.06049e-07
5.06049e-07
3.7579e-07
3.7579e-07
2.7266e-07
2.7266e-07
1.92442e-07
1.92442e-07
1.31361e-07
1.31361e-07
8.60497e-08
8.60497e-08
5.35203e-08
5.35203e-08
3.11368e-08
3.11368e-08
1.65958e-08
1.65958e-08
7.91589e-09
7.91589e-09
3.4622e-09
3.4622e-09
2.12796e-09
2.12796e-09
4.65023e-09
4.65023e-09
3.10254e-08
3.10254e-08
)
;

boundaryField
{
    walls
    {
        type            kqRWallFunction;
        value           nonuniform List<scalar> 8(3.10252e-08 3.10252e-08 3.10252e-08 3.10252e-08 3.10254e-08 3.10254e-08 3.10254e-08 3.10254e-08);
    }
    inlet
    {
        type            cyclic;
    }
    outlet
    {
        type            cyclic;
    }
    sides
    {
        type            empty;
    }
}


// ************************************************************************* //
