/*--------------------------------*- C++ -*----------------------------------*\
| =========                 |                                                 |
| \\      /  F ield         | OpenFOAM: The Open Source CFD Toolbox           |
|  \\    /   O peration     | Version:  2106                                  |
|   \\  /    A nd           | Website:  www.openfoam.com                      |
|    \\/     M anipulation  |                                                 |
\*---------------------------------------------------------------------------*/
FoamFile
{
    version     2.0;
    format      ascii;
    arch        "LSB;label=32;scalar=64";
    class       volScalarField;
    location    "10100";
    object      T;
}
// * * * * * * * * * * * * * * * * * * * * * * * * * * * * * * * * * * * * * //

dimensions      [0 0 0 1 0 0 0];

internalField   nonuniform List<scalar> 
2000
(
0.00973769
0.00973769
0.0293948
0.0293948
0.0494189
0.0494189
0.0698167
0.0698167
0.0905953
0.0905953
0.111762
0.111762
0.133323
0.133323
0.155287
0.155287
0.177661
0.177661
0.200452
0.200452
0.223669
0.223669
0.247319
0.247319
0.27141
0.27141
0.295951
0.295951
0.32095
0.32095
0.346415
0.346415
0.372355
0.372355
0.39878
0.39878
0.425697
0.425697
0.453116
0.453116
0.481047
0.481047
0.509499
0.509499
0.538482
0.538482
0.568005
0.568005
0.598078
0.598078
0.628713
0.628713
0.659919
0.659919
0.691706
0.691706
0.724086
0.724086
0.757069
0.757069
0.790668
0.790668
0.824892
0.824892
0.859754
0.859754
0.895265
0.895265
0.931437
0.931437
0.968283
0.968283
1.00581
1.00581
1.04404
1.04404
1.08299
1.08299
1.12265
1.12265
1.16305
1.16305
1.2042
1.2042
1.24612
1.24612
1.28881
1.28881
1.3323
1.3323
1.37659
1.37659
1.4217
1.4217
1.46764
1.46764
1.51443
1.51443
1.56208
1.56208
1.6106
1.6106
1.66002
1.66002
1.71035
1.71035
1.76159
1.76159
1.81376
1.81376
1.86688
1.86688
1.92097
1.92097
1.97602
1.97602
2.03207
2.03207
2.08911
2.08911
2.14716
2.14716
2.20624
2.20624
2.26635
2.26635
2.3275
2.3275
2.3897
2.3897
2.45296
2.45296
2.51728
2.51728
2.58267
2.58267
2.64912
2.64912
2.71665
2.71665
2.78524
2.78524
2.8549
2.8549
2.92561
2.92561
2.99737
2.99737
3.07017
3.07017
3.14399
3.14399
3.2188
3.2188
3.2946
3.2946
3.37136
3.37136
3.44904
3.44904
3.52762
3.52762
3.60707
3.60707
3.68734
3.68734
3.76839
3.76839
3.85018
3.85018
3.93267
3.93267
4.01581
4.01581
4.09954
4.09954
4.18381
4.18381
4.26857
4.26857
4.35376
4.35376
4.43933
4.43933
4.52522
4.52522
4.61138
4.61138
4.69774
4.69774
4.78427
4.78427
4.87089
4.87089
4.95757
4.95757
5.04424
5.04424
5.13086
5.13086
5.21739
5.21739
5.30378
5.30378
5.39
5.39
5.47599
5.47599
5.56172
5.56172
5.64717
5.64717
5.73229
5.73229
5.81707
5.81707
5.90147
5.90147
5.98547
5.98547
6.06905
6.06905
6.15219
6.15219
6.23488
6.23488
6.3171
6.3171
6.39884
6.39884
6.48008
6.48008
6.56083
6.56083
6.64106
6.64106
6.72078
6.72078
6.79998
6.79998
6.87866
6.87866
6.95681
6.95681
7.03444
7.03444
7.11154
7.11154
7.18813
7.18813
7.26418
7.26418
7.33972
7.33972
7.41475
7.41475
7.48926
7.48926
7.56326
7.56326
7.63676
7.63676
7.70976
7.70976
7.78227
7.78227
7.8543
7.8543
7.92584
7.92584
7.99691
7.99691
8.06751
8.06751
8.13765
8.13765
8.20733
8.20733
8.27657
8.27657
8.34537
8.34537
8.41373
8.41373
8.48167
8.48167
8.54918
8.54918
8.61629
8.61629
8.68299
8.68299
8.74928
8.74928
8.81519
8.81519
8.88071
8.88071
8.94586
8.94586
9.01063
9.01063
9.07503
9.07503
9.13908
9.13908
9.20277
9.20277
9.26611
9.26611
9.32912
9.32912
9.39178
9.39178
9.45412
9.45412
9.51614
9.51614
9.57783
9.57783
9.63921
9.63921
9.70029
9.70029
9.76106
9.76106
9.82153
9.82153
9.88171
9.88171
9.9416
9.9416
10.0012
10.0012
10.0605
10.0605
10.1196
10.1196
10.1783
10.1783
10.2368
10.2368
10.2951
10.2951
10.3531
10.3531
10.4108
10.4108
10.4682
10.4682
10.5254
10.5254
10.5824
10.5824
10.6391
10.6391
10.6955
10.6955
10.7517
10.7517
10.8077
10.8077
10.8634
10.8634
10.9189
10.9189
10.9741
10.9741
11.0291
11.0291
11.0839
11.0839
11.1384
11.1384
11.1927
11.1927
11.2467
11.2467
11.3005
11.3005
11.3541
11.3541
11.4074
11.4074
11.4605
11.4605
11.5133
11.5133
11.5659
11.5659
11.6182
11.6182
11.6703
11.6703
11.7221
11.7221
11.7736
11.7736
11.8249
11.8249
11.8759
11.8759
11.9266
11.9266
11.9771
11.9771
12.0273
12.0273
12.0771
12.0771
12.1267
12.1267
12.176
12.176
12.2249
12.2249
12.2735
12.2735
12.3218
12.3218
12.3698
12.3698
12.4173
12.4173
12.4645
12.4645
12.5114
12.5114
12.5578
12.5578
12.6038
12.6038
12.6493
12.6493
12.6945
12.6945
12.7391
12.7391
12.7833
12.7833
12.8269
12.8269
12.8701
12.8701
12.9126
12.9126
12.9546
12.9546
12.9959
12.9959
13.0366
13.0366
13.0766
13.0766
13.1159
13.1159
13.1545
13.1545
13.1922
13.1922
13.229
13.229
13.265
13.265
13.2999
13.2999
13.3339
13.3339
13.3667
13.3667
13.3984
13.3984
13.4289
13.4289
13.458
13.458
13.4856
13.4856
13.5118
13.5118
13.5363
13.5363
13.559
13.559
13.5799
13.5799
13.5987
13.5987
13.6153
13.6153
13.6296
13.6296
13.6414
13.6414
13.6505
13.6505
13.6568
13.6568
13.66
13.66
0.00973769
0.00973769
0.0293948
0.0293948
0.0494189
0.0494189
0.0698167
0.0698167
0.0905953
0.0905953
0.111762
0.111762
0.133323
0.133323
0.155287
0.155287
0.177661
0.177661
0.200452
0.200452
0.223669
0.223669
0.247319
0.247319
0.27141
0.27141
0.295951
0.295951
0.32095
0.32095
0.346415
0.346415
0.372355
0.372355
0.39878
0.39878
0.425697
0.425697
0.453116
0.453116
0.481047
0.481047
0.509499
0.509499
0.538482
0.538482
0.568005
0.568005
0.598078
0.598078
0.628713
0.628713
0.659919
0.659919
0.691706
0.691706
0.724086
0.724086
0.757069
0.757069
0.790668
0.790668
0.824892
0.824892
0.859754
0.859754
0.895265
0.895265
0.931437
0.931437
0.968283
0.968283
1.00581
1.00581
1.04404
1.04404
1.08299
1.08299
1.12265
1.12265
1.16305
1.16305
1.2042
1.2042
1.24612
1.24612
1.28881
1.28881
1.3323
1.3323
1.37659
1.37659
1.4217
1.4217
1.46764
1.46764
1.51443
1.51443
1.56208
1.56208
1.6106
1.6106
1.66002
1.66002
1.71035
1.71035
1.76159
1.76159
1.81376
1.81376
1.86688
1.86688
1.92097
1.92097
1.97602
1.97602
2.03207
2.03207
2.08911
2.08911
2.14716
2.14716
2.20624
2.20624
2.26635
2.26635
2.3275
2.3275
2.3897
2.3897
2.45296
2.45296
2.51728
2.51728
2.58267
2.58267
2.64912
2.64912
2.71665
2.71665
2.78524
2.78524
2.8549
2.8549
2.92561
2.92561
2.99737
2.99737
3.07017
3.07017
3.14399
3.14399
3.2188
3.2188
3.2946
3.2946
3.37136
3.37136
3.44904
3.44904
3.52762
3.52762
3.60707
3.60707
3.68734
3.68734
3.76839
3.76839
3.85018
3.85018
3.93267
3.93267
4.01581
4.01581
4.09954
4.09954
4.18381
4.18381
4.26857
4.26857
4.35376
4.35376
4.43933
4.43933
4.52522
4.52522
4.61138
4.61138
4.69774
4.69774
4.78427
4.78427
4.87089
4.87089
4.95757
4.95757
5.04424
5.04424
5.13086
5.13086
5.21739
5.21739
5.30378
5.30378
5.39
5.39
5.47599
5.47599
5.56172
5.56172
5.64717
5.64717
5.73229
5.73229
5.81707
5.81707
5.90147
5.90147
5.98547
5.98547
6.06905
6.06905
6.15219
6.15219
6.23488
6.23488
6.3171
6.3171
6.39884
6.39884
6.48008
6.48008
6.56083
6.56083
6.64106
6.64106
6.72078
6.72078
6.79998
6.79998
6.87866
6.87866
6.95681
6.95681
7.03444
7.03444
7.11154
7.11154
7.18813
7.18813
7.26418
7.26418
7.33972
7.33972
7.41475
7.41475
7.48926
7.48926
7.56326
7.56326
7.63676
7.63676
7.70976
7.70976
7.78227
7.78227
7.8543
7.8543
7.92584
7.92584
7.99691
7.99691
8.06751
8.06751
8.13765
8.13765
8.20733
8.20733
8.27657
8.27657
8.34537
8.34537
8.41373
8.41373
8.48167
8.48167
8.54918
8.54918
8.61629
8.61629
8.68299
8.68299
8.74928
8.74928
8.81519
8.81519
8.88071
8.88071
8.94586
8.94586
9.01063
9.01063
9.07503
9.07503
9.13908
9.13908
9.20277
9.20277
9.26611
9.26611
9.32912
9.32912
9.39178
9.39178
9.45412
9.45412
9.51614
9.51614
9.57783
9.57783
9.63921
9.63921
9.70029
9.70029
9.76106
9.76106
9.82153
9.82153
9.88171
9.88171
9.9416
9.9416
10.0012
10.0012
10.0605
10.0605
10.1196
10.1196
10.1783
10.1783
10.2368
10.2368
10.2951
10.2951
10.3531
10.3531
10.4108
10.4108
10.4682
10.4682
10.5254
10.5254
10.5824
10.5824
10.6391
10.6391
10.6955
10.6955
10.7517
10.7517
10.8077
10.8077
10.8634
10.8634
10.9189
10.9189
10.9741
10.9741
11.0291
11.0291
11.0839
11.0839
11.1384
11.1384
11.1927
11.1927
11.2467
11.2467
11.3005
11.3005
11.3541
11.3541
11.4074
11.4074
11.4605
11.4605
11.5133
11.5133
11.5659
11.5659
11.6182
11.6182
11.6703
11.6703
11.7221
11.7221
11.7736
11.7736
11.8249
11.8249
11.8759
11.8759
11.9266
11.9266
11.9771
11.9771
12.0273
12.0273
12.0771
12.0771
12.1267
12.1267
12.176
12.176
12.2249
12.2249
12.2735
12.2735
12.3218
12.3218
12.3698
12.3698
12.4173
12.4173
12.4645
12.4645
12.5114
12.5114
12.5578
12.5578
12.6038
12.6038
12.6493
12.6493
12.6945
12.6945
12.7391
12.7391
12.7833
12.7833
12.8269
12.8269
12.8701
12.8701
12.9126
12.9126
12.9546
12.9546
12.9959
12.9959
13.0366
13.0366
13.0766
13.0766
13.1159
13.1159
13.1545
13.1545
13.1922
13.1922
13.229
13.229
13.265
13.265
13.2999
13.2999
13.3339
13.3339
13.3667
13.3667
13.3984
13.3984
13.4289
13.4289
13.458
13.458
13.4856
13.4856
13.5118
13.5118
13.5363
13.5363
13.559
13.559
13.5799
13.5799
13.5987
13.5987
13.6153
13.6153
13.6296
13.6296
13.6414
13.6414
13.6505
13.6505
13.6568
13.6568
13.66
13.66
13.66
13.66
13.6568
13.6568
13.6505
13.6505
13.6414
13.6414
13.6296
13.6296
13.6153
13.6153
13.5987
13.5987
13.5799
13.5799
13.559
13.559
13.5363
13.5363
13.5118
13.5118
13.4856
13.4856
13.458
13.458
13.4289
13.4289
13.3984
13.3984
13.3667
13.3667
13.3339
13.3339
13.2999
13.2999
13.265
13.265
13.229
13.229
13.1922
13.1922
13.1545
13.1545
13.1159
13.1159
13.0766
13.0766
13.0366
13.0366
12.9959
12.9959
12.9546
12.9546
12.9126
12.9126
12.8701
12.8701
12.8269
12.8269
12.7833
12.7833
12.7391
12.7391
12.6945
12.6945
12.6493
12.6493
12.6038
12.6038
12.5578
12.5578
12.5114
12.5114
12.4645
12.4645
12.4173
12.4173
12.3698
12.3698
12.3218
12.3218
12.2735
12.2735
12.2249
12.2249
12.176
12.176
12.1267
12.1267
12.0771
12.0771
12.0273
12.0273
11.9771
11.9771
11.9266
11.9266
11.8759
11.8759
11.8249
11.8249
11.7736
11.7736
11.7221
11.7221
11.6703
11.6703
11.6182
11.6182
11.5659
11.5659
11.5133
11.5133
11.4605
11.4605
11.4074
11.4074
11.3541
11.3541
11.3005
11.3005
11.2467
11.2467
11.1927
11.1927
11.1384
11.1384
11.0839
11.0839
11.0291
11.0291
10.9741
10.9741
10.9189
10.9189
10.8634
10.8634
10.8077
10.8077
10.7517
10.7517
10.6955
10.6955
10.6391
10.6391
10.5824
10.5824
10.5254
10.5254
10.4682
10.4682
10.4108
10.4108
10.3531
10.3531
10.2951
10.2951
10.2368
10.2368
10.1783
10.1783
10.1196
10.1196
10.0605
10.0605
10.0012
10.0012
9.9416
9.9416
9.88171
9.88171
9.82153
9.82153
9.76106
9.76106
9.70029
9.70029
9.63921
9.63921
9.57783
9.57783
9.51614
9.51614
9.45412
9.45412
9.39178
9.39178
9.32912
9.32912
9.26611
9.26611
9.20277
9.20277
9.13908
9.13908
9.07503
9.07503
9.01063
9.01063
8.94586
8.94586
8.88071
8.88071
8.81519
8.81519
8.74928
8.74928
8.68299
8.68299
8.61629
8.61629
8.54918
8.54918
8.48167
8.48167
8.41373
8.41373
8.34537
8.34537
8.27657
8.27657
8.20733
8.20733
8.13765
8.13765
8.06751
8.06751
7.99691
7.99691
7.92584
7.92584
7.8543
7.8543
7.78227
7.78227
7.70976
7.70976
7.63676
7.63676
7.56326
7.56326
7.48926
7.48926
7.41475
7.41475
7.33972
7.33972
7.26418
7.26418
7.18812
7.18812
7.11154
7.11154
7.03444
7.03444
6.95681
6.95681
6.87866
6.87866
6.79998
6.79998
6.72078
6.72078
6.64106
6.64106
6.56083
6.56083
6.48008
6.48008
6.39884
6.39884
6.3171
6.3171
6.23488
6.23488
6.15219
6.15219
6.06905
6.06905
5.98547
5.98547
5.90147
5.90147
5.81707
5.81707
5.73229
5.73229
5.64717
5.64717
5.56172
5.56172
5.47599
5.47599
5.38999
5.38999
5.30378
5.30378
5.21739
5.21739
5.13086
5.13086
5.04424
5.04424
4.95757
4.95757
4.87089
4.87089
4.78427
4.78427
4.69774
4.69774
4.61138
4.61138
4.52522
4.52522
4.43933
4.43933
4.35376
4.35376
4.26857
4.26857
4.18381
4.18381
4.09954
4.09954
4.01581
4.01581
3.93267
3.93267
3.85018
3.85018
3.76839
3.76839
3.68734
3.68734
3.60707
3.60707
3.52762
3.52762
3.44904
3.44904
3.37136
3.37136
3.2946
3.2946
3.2188
3.2188
3.14399
3.14399
3.07017
3.07017
2.99737
2.99737
2.92561
2.92561
2.8549
2.8549
2.78524
2.78524
2.71665
2.71665
2.64912
2.64912
2.58267
2.58267
2.51728
2.51728
2.45296
2.45296
2.3897
2.3897
2.3275
2.3275
2.26635
2.26635
2.20624
2.20624
2.14716
2.14716
2.08911
2.08911
2.03207
2.03207
1.97602
1.97602
1.92097
1.92097
1.86688
1.86688
1.81376
1.81376
1.76159
1.76159
1.71035
1.71035
1.66002
1.66002
1.6106
1.6106
1.56208
1.56208
1.51443
1.51443
1.46764
1.46764
1.4217
1.4217
1.37659
1.37659
1.3323
1.3323
1.28881
1.28881
1.24612
1.24612
1.2042
1.2042
1.16305
1.16305
1.12265
1.12265
1.08299
1.08299
1.04404
1.04404
1.00581
1.00581
0.968283
0.968283
0.931437
0.931437
0.895265
0.895265
0.859754
0.859754
0.824892
0.824892
0.790668
0.790668
0.757069
0.757069
0.724086
0.724086
0.691706
0.691706
0.659918
0.659918
0.628713
0.628713
0.598078
0.598078
0.568005
0.568005
0.538482
0.538482
0.509499
0.509499
0.481047
0.481047
0.453116
0.453116
0.425697
0.425697
0.39878
0.39878
0.372355
0.372355
0.346415
0.346415
0.32095
0.32095
0.295951
0.295951
0.27141
0.27141
0.247319
0.247319
0.223669
0.223669
0.200452
0.200452
0.177661
0.177661
0.155287
0.155287
0.133323
0.133323
0.111762
0.111762
0.0905953
0.0905953
0.0698168
0.0698168
0.0494189
0.0494189
0.0293949
0.0293949
0.00973771
0.00973771
13.66
13.66
13.6568
13.6568
13.6505
13.6505
13.6414
13.6414
13.6296
13.6296
13.6153
13.6153
13.5987
13.5987
13.5799
13.5799
13.559
13.559
13.5363
13.5363
13.5118
13.5118
13.4856
13.4856
13.458
13.458
13.4289
13.4289
13.3984
13.3984
13.3667
13.3667
13.3339
13.3339
13.2999
13.2999
13.265
13.265
13.229
13.229
13.1922
13.1922
13.1545
13.1545
13.1159
13.1159
13.0766
13.0766
13.0366
13.0366
12.9959
12.9959
12.9546
12.9546
12.9126
12.9126
12.8701
12.8701
12.8269
12.8269
12.7833
12.7833
12.7391
12.7391
12.6945
12.6945
12.6493
12.6493
12.6038
12.6038
12.5578
12.5578
12.5114
12.5114
12.4645
12.4645
12.4173
12.4173
12.3698
12.3698
12.3218
12.3218
12.2735
12.2735
12.2249
12.2249
12.176
12.176
12.1267
12.1267
12.0771
12.0771
12.0273
12.0273
11.9771
11.9771
11.9266
11.9266
11.8759
11.8759
11.8249
11.8249
11.7736
11.7736
11.7221
11.7221
11.6703
11.6703
11.6182
11.6182
11.5659
11.5659
11.5133
11.5133
11.4605
11.4605
11.4074
11.4074
11.3541
11.3541
11.3005
11.3005
11.2467
11.2467
11.1927
11.1927
11.1384
11.1384
11.0839
11.0839
11.0291
11.0291
10.9741
10.9741
10.9189
10.9189
10.8634
10.8634
10.8077
10.8077
10.7517
10.7517
10.6955
10.6955
10.6391
10.6391
10.5824
10.5824
10.5254
10.5254
10.4682
10.4682
10.4108
10.4108
10.3531
10.3531
10.2951
10.2951
10.2368
10.2368
10.1783
10.1783
10.1196
10.1196
10.0605
10.0605
10.0012
10.0012
9.9416
9.9416
9.88171
9.88171
9.82153
9.82153
9.76106
9.76106
9.70029
9.70029
9.63921
9.63921
9.57783
9.57783
9.51614
9.51614
9.45412
9.45412
9.39178
9.39178
9.32912
9.32912
9.26611
9.26611
9.20277
9.20277
9.13908
9.13908
9.07503
9.07503
9.01063
9.01063
8.94586
8.94586
8.88071
8.88071
8.81519
8.81519
8.74928
8.74928
8.68299
8.68299
8.61629
8.61629
8.54918
8.54918
8.48167
8.48167
8.41373
8.41373
8.34537
8.34537
8.27657
8.27657
8.20733
8.20733
8.13765
8.13765
8.06751
8.06751
7.99691
7.99691
7.92584
7.92584
7.8543
7.8543
7.78227
7.78227
7.70976
7.70976
7.63676
7.63676
7.56326
7.56326
7.48926
7.48926
7.41475
7.41475
7.33972
7.33972
7.26418
7.26418
7.18812
7.18812
7.11154
7.11154
7.03444
7.03444
6.95681
6.95681
6.87866
6.87866
6.79998
6.79998
6.72078
6.72078
6.64106
6.64106
6.56083
6.56083
6.48008
6.48008
6.39884
6.39884
6.3171
6.3171
6.23488
6.23488
6.15219
6.15219
6.06905
6.06905
5.98547
5.98547
5.90147
5.90147
5.81707
5.81707
5.73229
5.73229
5.64717
5.64717
5.56172
5.56172
5.47599
5.47599
5.38999
5.38999
5.30378
5.30378
5.21739
5.21739
5.13086
5.13086
5.04424
5.04424
4.95757
4.95757
4.87089
4.87089
4.78427
4.78427
4.69774
4.69774
4.61138
4.61138
4.52522
4.52522
4.43933
4.43933
4.35376
4.35376
4.26857
4.26857
4.18381
4.18381
4.09954
4.09954
4.01581
4.01581
3.93267
3.93267
3.85018
3.85018
3.76839
3.76839
3.68734
3.68734
3.60707
3.60707
3.52762
3.52762
3.44904
3.44904
3.37136
3.37136
3.2946
3.2946
3.2188
3.2188
3.14399
3.14399
3.07017
3.07017
2.99737
2.99737
2.92561
2.92561
2.8549
2.8549
2.78524
2.78524
2.71665
2.71665
2.64912
2.64912
2.58267
2.58267
2.51728
2.51728
2.45296
2.45296
2.3897
2.3897
2.3275
2.3275
2.26635
2.26635
2.20624
2.20624
2.14716
2.14716
2.08911
2.08911
2.03207
2.03207
1.97602
1.97602
1.92097
1.92097
1.86688
1.86688
1.81376
1.81376
1.76159
1.76159
1.71035
1.71035
1.66002
1.66002
1.6106
1.6106
1.56208
1.56208
1.51443
1.51443
1.46764
1.46764
1.4217
1.4217
1.37659
1.37659
1.3323
1.3323
1.28881
1.28881
1.24612
1.24612
1.2042
1.2042
1.16305
1.16305
1.12265
1.12265
1.08299
1.08299
1.04404
1.04404
1.00581
1.00581
0.968283
0.968283
0.931437
0.931437
0.895265
0.895265
0.859754
0.859754
0.824892
0.824892
0.790668
0.790668
0.757069
0.757069
0.724086
0.724086
0.691706
0.691706
0.659918
0.659918
0.628713
0.628713
0.598078
0.598078
0.568005
0.568005
0.538482
0.538482
0.509499
0.509499
0.481047
0.481047
0.453116
0.453116
0.425697
0.425697
0.39878
0.39878
0.372355
0.372355
0.346415
0.346415
0.32095
0.32095
0.295951
0.295951
0.27141
0.27141
0.247319
0.247319
0.223669
0.223669
0.200452
0.200452
0.177661
0.177661
0.155287
0.155287
0.133323
0.133323
0.111762
0.111762
0.0905953
0.0905953
0.0698168
0.0698168
0.0494189
0.0494189
0.0293949
0.0293949
0.00973771
0.00973771
)
;

boundaryField
{
    walls
    {
        type            fixedValue;
        value           uniform 0;
    }
    inlet
    {
        type            cyclic;
    }
    outlet
    {
        type            cyclic;
    }
    sides
    {
        type            empty;
    }
}


// ************************************************************************* //
