/*--------------------------------*- C++ -*----------------------------------*\
| =========                 |                                                 |
| \\      /  F ield         | OpenFOAM: The Open Source CFD Toolbox           |
|  \\    /   O peration     | Version:  2106                                  |
|   \\  /    A nd           | Website:  www.openfoam.com                      |
|    \\/     M anipulation  |                                                 |
\*---------------------------------------------------------------------------*/
FoamFile
{
    version     2.0;
    format      ascii;
    arch        "LSB;label=32;scalar=64";
    class       volScalarField;
    location    "10070";
    object      alphat;
}
// * * * * * * * * * * * * * * * * * * * * * * * * * * * * * * * * * * * * * //

dimensions      [0 2 -1 0 0 0 0];

internalField   nonuniform List<scalar> 
2000
(
8.14496e-15
8.14496e-15
7.03572e-15
7.03572e-15
9.57185e-15
9.57185e-15
3.33437e-14
3.33437e-14
1.35289e-13
1.35289e-13
4.48709e-13
4.48709e-13
1.23379e-12
1.23379e-12
2.94377e-12
2.94377e-12
6.30956e-12
6.30956e-12
1.2446e-11
1.2446e-11
2.2984e-11
2.2984e-11
4.0232e-11
4.0232e-11
6.73735e-11
6.73735e-11
1.08705e-10
1.08705e-10
1.69921e-10
1.69921e-10
2.58458e-10
2.58458e-10
3.83898e-10
3.83898e-10
5.58446e-10
5.58446e-10
7.97504e-10
7.97504e-10
1.12032e-09
1.12032e-09
1.5508e-09
1.5508e-09
2.11835e-09
2.11835e-09
2.85902e-09
2.85902e-09
3.81664e-09
3.81664e-09
5.04432e-09
5.04432e-09
6.60601e-09
6.60601e-09
8.57847e-09
8.57847e-09
1.10534e-08
1.10534e-08
1.41399e-08
1.41399e-08
1.79673e-08
1.79673e-08
2.26887e-08
2.26887e-08
2.84843e-08
2.84843e-08
3.55659e-08
3.55659e-08
4.41817e-08
4.41817e-08
5.46215e-08
5.46215e-08
6.72233e-08
6.72233e-08
8.23802e-08
8.23802e-08
1.00548e-07
1.00548e-07
1.22255e-07
1.22255e-07
1.4811e-07
1.4811e-07
1.78816e-07
1.78816e-07
2.15182e-07
2.15182e-07
2.58135e-07
2.58135e-07
3.08739e-07
3.08739e-07
3.68209e-07
3.68209e-07
4.37933e-07
4.37933e-07
5.1949e-07
5.1949e-07
6.14678e-07
6.14678e-07
7.25535e-07
7.25535e-07
8.5437e-07
8.5437e-07
1.00379e-06
1.00379e-06
1.17674e-06
1.17674e-06
1.37652e-06
1.37652e-06
1.60686e-06
1.60686e-06
1.87193e-06
1.87193e-06
2.17638e-06
2.17638e-06
2.5254e-06
2.5254e-06
2.92477e-06
2.92477e-06
3.38092e-06
3.38092e-06
3.90094e-06
3.90094e-06
4.49267e-06
4.49267e-06
5.16474e-06
5.16474e-06
5.92662e-06
5.92662e-06
6.78866e-06
6.78866e-06
7.76216e-06
7.76216e-06
8.85939e-06
8.85939e-06
1.00936e-05
1.00936e-05
1.14793e-05
1.14793e-05
1.30317e-05
1.30317e-05
1.47673e-05
1.47673e-05
1.67038e-05
1.67038e-05
1.88598e-05
1.88598e-05
2.1255e-05
2.1255e-05
2.39102e-05
2.39102e-05
2.6847e-05
2.6847e-05
3.00879e-05
3.00879e-05
3.36564e-05
3.36564e-05
3.75765e-05
3.75765e-05
4.18729e-05
4.18729e-05
4.65708e-05
4.65708e-05
5.16955e-05
5.16955e-05
5.72727e-05
5.72727e-05
6.3328e-05
6.3328e-05
6.9887e-05
6.9887e-05
7.69749e-05
7.69749e-05
8.46164e-05
8.46164e-05
9.28358e-05
9.28358e-05
0.000101657
0.000101657
0.000111101
0.000111101
0.000121192
0.000121192
0.000131949
0.000131949
0.000143393
0.000143393
0.000155541
0.000155541
0.000168411
0.000168411
0.000182019
0.000182019
0.00019638
0.00019638
0.000211509
0.000211509
0.000227417
0.000227417
0.000244116
0.000244116
0.000261618
0.000261618
0.000279931
0.000279931
0.000299065
0.000299065
0.000319027
0.000319027
0.000339826
0.000339826
0.000361467
0.000361467
0.000383956
0.000383956
0.0004073
0.0004073
0.000431503
0.000431503
0.000456571
0.000456571
0.000482507
0.000482507
0.000509316
0.000509316
0.000537002
0.000537002
0.000565568
0.000565568
0.000595019
0.000595019
0.000625358
0.000625358
0.000656588
0.000656588
0.000688714
0.000688714
0.000721738
0.000721738
0.000755664
0.000755664
0.000790496
0.000790496
0.000826236
0.000826236
0.00086289
0.00086289
0.000900459
0.000900459
0.000938947
0.000938947
0.000978359
0.000978359
0.0010187
0.0010187
0.00105997
0.00105997
0.00110217
0.00110217
0.00114531
0.00114531
0.00118939
0.00118939
0.00123441
0.00123441
0.00128038
0.00128038
0.0013273
0.0013273
0.00137518
0.00137518
0.00142401
0.00142401
0.0014738
0.0014738
0.00152456
0.00152456
0.00157628
0.00157628
0.00162897
0.00162897
0.00168263
0.00168263
0.00173726
0.00173726
0.00179286
0.00179286
0.00184945
0.00184945
0.001907
0.001907
0.00196554
0.00196554
0.00202505
0.00202505
0.00208555
0.00208555
0.00214702
0.00214702
0.00220947
0.00220947
0.0022729
0.0022729
0.0023373
0.0023373
0.00240268
0.00240268
0.00246903
0.00246903
0.00253635
0.00253635
0.00260464
0.00260464
0.00267389
0.00267389
0.00274409
0.00274409
0.00281525
0.00281525
0.00288735
0.00288735
0.00296039
0.00296039
0.00303436
0.00303436
0.00310926
0.00310926
0.00318507
0.00318507
0.00326178
0.00326178
0.00333939
0.00333939
0.00341787
0.00341787
0.00349723
0.00349723
0.00357744
0.00357744
0.00365849
0.00365849
0.00374036
0.00374036
0.00382304
0.00382304
0.0039065
0.0039065
0.00399073
0.00399073
0.00407571
0.00407571
0.00416142
0.00416142
0.00424782
0.00424782
0.0043349
0.0043349
0.00442262
0.00442262
0.00451097
0.00451097
0.0045999
0.0045999
0.00468939
0.00468939
0.00477941
0.00477941
0.00486991
0.00486991
0.00496086
0.00496086
0.00505223
0.00505223
0.00514396
0.00514396
0.00523602
0.00523602
0.00532835
0.00532835
0.00542092
0.00542092
0.00551367
0.00551367
0.00560655
0.00560655
0.0056995
0.0056995
0.00579246
0.00579246
0.00588537
0.00588537
0.00597818
0.00597818
0.0060708
0.0060708
0.00616318
0.00616318
0.00625524
0.00625524
0.0063469
0.0063469
0.00643809
0.00643809
0.00652871
0.00652871
0.0066187
0.0066187
0.00670794
0.00670794
0.00679636
0.00679636
0.00688386
0.00688386
0.00697032
0.00697032
0.00705566
0.00705566
0.00713975
0.00713975
0.00722249
0.00722249
0.00730376
0.00730376
0.00738344
0.00738344
0.00746139
0.00746139
0.0075375
0.0075375
0.00761162
0.00761162
0.00768362
0.00768362
0.00775336
0.00775336
0.00782069
0.00782069
0.00788545
0.00788545
0.0079475
0.0079475
0.00800668
0.00800668
0.00806283
0.00806283
0.0081158
0.0081158
0.00816541
0.00816541
0.00821151
0.00821151
0.00825395
0.00825395
0.00829256
0.00829256
0.00832719
0.00832719
0.00835771
0.00835771
0.00838399
0.00838399
0.0084059
0.0084059
0.00842335
0.00842335
0.00843627
0.00843627
0.00844461
0.00844461
0.00844838
0.00844838
0.0084476
0.0084476
0.00844239
0.00844239
0.0084329
0.0084329
0.00841937
0.00841937
0.00840214
0.00840214
0.00838162
0.00838162
0.00835837
0.00835837
0.00833304
0.00833304
0.00830641
0.00830641
0.0082794
0.0082794
0.00825302
0.00825302
0.00822836
0.00822836
0.00820658
0.00820658
0.00818882
0.00818882
0.00817615
0.00817615
0.00816946
0.00816946
8.14496e-15
8.14496e-15
7.03572e-15
7.03572e-15
9.57185e-15
9.57185e-15
3.33437e-14
3.33437e-14
1.35289e-13
1.35289e-13
4.48709e-13
4.48709e-13
1.23379e-12
1.23379e-12
2.94377e-12
2.94377e-12
6.30956e-12
6.30956e-12
1.2446e-11
1.2446e-11
2.2984e-11
2.2984e-11
4.0232e-11
4.0232e-11
6.73735e-11
6.73735e-11
1.08705e-10
1.08705e-10
1.69921e-10
1.69921e-10
2.58458e-10
2.58458e-10
3.83898e-10
3.83898e-10
5.58446e-10
5.58446e-10
7.97504e-10
7.97504e-10
1.12032e-09
1.12032e-09
1.5508e-09
1.5508e-09
2.11835e-09
2.11835e-09
2.85902e-09
2.85902e-09
3.81664e-09
3.81664e-09
5.04432e-09
5.04432e-09
6.60601e-09
6.60601e-09
8.57847e-09
8.57847e-09
1.10534e-08
1.10534e-08
1.41399e-08
1.41399e-08
1.79673e-08
1.79673e-08
2.26887e-08
2.26887e-08
2.84843e-08
2.84843e-08
3.55659e-08
3.55659e-08
4.41817e-08
4.41817e-08
5.46215e-08
5.46215e-08
6.72233e-08
6.72233e-08
8.23802e-08
8.23802e-08
1.00548e-07
1.00548e-07
1.22255e-07
1.22255e-07
1.4811e-07
1.4811e-07
1.78816e-07
1.78816e-07
2.15182e-07
2.15182e-07
2.58135e-07
2.58135e-07
3.08739e-07
3.08739e-07
3.68209e-07
3.68209e-07
4.37933e-07
4.37933e-07
5.1949e-07
5.1949e-07
6.14678e-07
6.14678e-07
7.25535e-07
7.25535e-07
8.5437e-07
8.5437e-07
1.00379e-06
1.00379e-06
1.17674e-06
1.17674e-06
1.37652e-06
1.37652e-06
1.60686e-06
1.60686e-06
1.87193e-06
1.87193e-06
2.17638e-06
2.17638e-06
2.5254e-06
2.5254e-06
2.92477e-06
2.92477e-06
3.38092e-06
3.38092e-06
3.90094e-06
3.90094e-06
4.49267e-06
4.49267e-06
5.16474e-06
5.16474e-06
5.92662e-06
5.92662e-06
6.78866e-06
6.78866e-06
7.76216e-06
7.76216e-06
8.85939e-06
8.85939e-06
1.00936e-05
1.00936e-05
1.14793e-05
1.14793e-05
1.30317e-05
1.30317e-05
1.47673e-05
1.47673e-05
1.67038e-05
1.67038e-05
1.88598e-05
1.88598e-05
2.1255e-05
2.1255e-05
2.39102e-05
2.39102e-05
2.6847e-05
2.6847e-05
3.00879e-05
3.00879e-05
3.36564e-05
3.36564e-05
3.75765e-05
3.75765e-05
4.18729e-05
4.18729e-05
4.65708e-05
4.65708e-05
5.16955e-05
5.16955e-05
5.72727e-05
5.72727e-05
6.3328e-05
6.3328e-05
6.9887e-05
6.9887e-05
7.69749e-05
7.69749e-05
8.46164e-05
8.46164e-05
9.28358e-05
9.28358e-05
0.000101657
0.000101657
0.000111101
0.000111101
0.000121192
0.000121192
0.000131949
0.000131949
0.000143393
0.000143393
0.000155541
0.000155541
0.000168411
0.000168411
0.000182019
0.000182019
0.00019638
0.00019638
0.000211509
0.000211509
0.000227417
0.000227417
0.000244116
0.000244116
0.000261618
0.000261618
0.000279931
0.000279931
0.000299065
0.000299065
0.000319027
0.000319027
0.000339826
0.000339826
0.000361467
0.000361467
0.000383956
0.000383956
0.0004073
0.0004073
0.000431503
0.000431503
0.000456571
0.000456571
0.000482507
0.000482507
0.000509316
0.000509316
0.000537002
0.000537002
0.000565568
0.000565568
0.000595019
0.000595019
0.000625358
0.000625358
0.000656588
0.000656588
0.000688714
0.000688714
0.000721738
0.000721738
0.000755664
0.000755664
0.000790496
0.000790496
0.000826236
0.000826236
0.00086289
0.00086289
0.000900459
0.000900459
0.000938947
0.000938947
0.000978359
0.000978359
0.0010187
0.0010187
0.00105997
0.00105997
0.00110217
0.00110217
0.00114531
0.00114531
0.00118939
0.00118939
0.00123441
0.00123441
0.00128038
0.00128038
0.0013273
0.0013273
0.00137518
0.00137518
0.00142401
0.00142401
0.0014738
0.0014738
0.00152456
0.00152456
0.00157628
0.00157628
0.00162897
0.00162897
0.00168263
0.00168263
0.00173726
0.00173726
0.00179286
0.00179286
0.00184945
0.00184945
0.001907
0.001907
0.00196554
0.00196554
0.00202505
0.00202505
0.00208555
0.00208555
0.00214702
0.00214702
0.00220947
0.00220947
0.0022729
0.0022729
0.0023373
0.0023373
0.00240268
0.00240268
0.00246903
0.00246903
0.00253635
0.00253635
0.00260464
0.00260464
0.00267389
0.00267389
0.00274409
0.00274409
0.00281525
0.00281525
0.00288735
0.00288735
0.00296039
0.00296039
0.00303436
0.00303436
0.00310926
0.00310926
0.00318507
0.00318507
0.00326178
0.00326178
0.00333939
0.00333939
0.00341787
0.00341787
0.00349723
0.00349723
0.00357744
0.00357744
0.00365849
0.00365849
0.00374036
0.00374036
0.00382304
0.00382304
0.0039065
0.0039065
0.00399073
0.00399073
0.00407571
0.00407571
0.00416142
0.00416142
0.00424782
0.00424782
0.0043349
0.0043349
0.00442262
0.00442262
0.00451097
0.00451097
0.0045999
0.0045999
0.00468939
0.00468939
0.00477941
0.00477941
0.00486991
0.00486991
0.00496086
0.00496086
0.00505223
0.00505223
0.00514396
0.00514396
0.00523602
0.00523602
0.00532835
0.00532835
0.00542092
0.00542092
0.00551367
0.00551367
0.00560655
0.00560655
0.0056995
0.0056995
0.00579246
0.00579246
0.00588537
0.00588537
0.00597818
0.00597818
0.0060708
0.0060708
0.00616318
0.00616318
0.00625524
0.00625524
0.0063469
0.0063469
0.00643809
0.00643809
0.00652871
0.00652871
0.0066187
0.0066187
0.00670794
0.00670794
0.00679636
0.00679636
0.00688386
0.00688386
0.00697032
0.00697032
0.00705566
0.00705566
0.00713975
0.00713975
0.00722249
0.00722249
0.00730376
0.00730376
0.00738344
0.00738344
0.00746139
0.00746139
0.0075375
0.0075375
0.00761162
0.00761162
0.00768362
0.00768362
0.00775336
0.00775336
0.00782069
0.00782069
0.00788545
0.00788545
0.0079475
0.0079475
0.00800668
0.00800668
0.00806283
0.00806283
0.0081158
0.0081158
0.00816541
0.00816541
0.00821151
0.00821151
0.00825395
0.00825395
0.00829256
0.00829256
0.00832719
0.00832719
0.00835771
0.00835771
0.00838399
0.00838399
0.0084059
0.0084059
0.00842335
0.00842335
0.00843627
0.00843627
0.00844461
0.00844461
0.00844838
0.00844838
0.0084476
0.0084476
0.00844239
0.00844239
0.0084329
0.0084329
0.00841937
0.00841937
0.00840214
0.00840214
0.00838162
0.00838162
0.00835837
0.00835837
0.00833304
0.00833304
0.00830641
0.00830641
0.0082794
0.0082794
0.00825302
0.00825302
0.00822836
0.00822836
0.00820658
0.00820658
0.00818882
0.00818882
0.00817615
0.00817615
0.00816946
0.00816946
0.00816946
0.00816946
0.00817614
0.00817614
0.00818882
0.00818882
0.00820658
0.00820658
0.00822836
0.00822836
0.00825302
0.00825302
0.0082794
0.0082794
0.00830641
0.00830641
0.00833304
0.00833304
0.00835837
0.00835837
0.00838162
0.00838162
0.00840213
0.00840213
0.00841937
0.00841937
0.0084329
0.0084329
0.00844239
0.00844239
0.0084476
0.0084476
0.00844838
0.00844838
0.00844461
0.00844461
0.00843627
0.00843627
0.00842335
0.00842335
0.0084059
0.0084059
0.00838399
0.00838399
0.00835771
0.00835771
0.00832719
0.00832719
0.00829256
0.00829256
0.00825395
0.00825395
0.00821151
0.00821151
0.00816541
0.00816541
0.00811579
0.00811579
0.00806283
0.00806283
0.00800668
0.00800668
0.0079475
0.0079475
0.00788545
0.00788545
0.00782068
0.00782068
0.00775336
0.00775336
0.00768362
0.00768362
0.00761162
0.00761162
0.0075375
0.0075375
0.00746139
0.00746139
0.00738343
0.00738343
0.00730376
0.00730376
0.00722249
0.00722249
0.00713975
0.00713975
0.00705566
0.00705566
0.00697032
0.00697032
0.00688385
0.00688385
0.00679636
0.00679636
0.00670794
0.00670794
0.00661869
0.00661869
0.00652871
0.00652871
0.00643808
0.00643808
0.0063469
0.0063469
0.00625524
0.00625524
0.00616318
0.00616318
0.0060708
0.0060708
0.00597818
0.00597818
0.00588537
0.00588537
0.00579246
0.00579246
0.0056995
0.0056995
0.00560655
0.00560655
0.00551367
0.00551367
0.00542092
0.00542092
0.00532835
0.00532835
0.00523601
0.00523601
0.00514396
0.00514396
0.00505222
0.00505222
0.00496086
0.00496086
0.00486991
0.00486991
0.00477941
0.00477941
0.00468939
0.00468939
0.0045999
0.0045999
0.00451097
0.00451097
0.00442262
0.00442262
0.0043349
0.0043349
0.00424782
0.00424782
0.00416142
0.00416142
0.00407571
0.00407571
0.00399073
0.00399073
0.0039065
0.0039065
0.00382304
0.00382304
0.00374036
0.00374036
0.00365849
0.00365849
0.00357744
0.00357744
0.00349723
0.00349723
0.00341787
0.00341787
0.00333939
0.00333939
0.00326178
0.00326178
0.00318507
0.00318507
0.00310926
0.00310926
0.00303436
0.00303436
0.00296039
0.00296039
0.00288735
0.00288735
0.00281525
0.00281525
0.00274409
0.00274409
0.00267389
0.00267389
0.00260464
0.00260464
0.00253635
0.00253635
0.00246903
0.00246903
0.00240268
0.00240268
0.0023373
0.0023373
0.0022729
0.0022729
0.00220947
0.00220947
0.00214702
0.00214702
0.00208555
0.00208555
0.00202505
0.00202505
0.00196554
0.00196554
0.001907
0.001907
0.00184944
0.00184944
0.00179286
0.00179286
0.00173726
0.00173726
0.00168263
0.00168263
0.00162897
0.00162897
0.00157628
0.00157628
0.00152456
0.00152456
0.0014738
0.0014738
0.00142401
0.00142401
0.00137518
0.00137518
0.0013273
0.0013273
0.00128038
0.00128038
0.00123441
0.00123441
0.00118939
0.00118939
0.00114531
0.00114531
0.00110217
0.00110217
0.00105997
0.00105997
0.0010187
0.0010187
0.000978359
0.000978359
0.000938947
0.000938947
0.000900458
0.000900458
0.000862889
0.000862889
0.000826236
0.000826236
0.000790496
0.000790496
0.000755664
0.000755664
0.000721738
0.000721738
0.000688714
0.000688714
0.000656588
0.000656588
0.000625358
0.000625358
0.000595019
0.000595019
0.000565568
0.000565568
0.000537001
0.000537001
0.000509316
0.000509316
0.000482507
0.000482507
0.000456571
0.000456571
0.000431503
0.000431503
0.0004073
0.0004073
0.000383956
0.000383956
0.000361467
0.000361467
0.000339826
0.000339826
0.000319027
0.000319027
0.000299065
0.000299065
0.000279931
0.000279931
0.000261618
0.000261618
0.000244116
0.000244116
0.000227417
0.000227417
0.000211509
0.000211509
0.00019638
0.00019638
0.000182019
0.000182019
0.000168411
0.000168411
0.000155541
0.000155541
0.000143393
0.000143393
0.000131949
0.000131949
0.000121192
0.000121192
0.000111101
0.000111101
0.000101657
0.000101657
9.28358e-05
9.28358e-05
8.46164e-05
8.46164e-05
7.69748e-05
7.69748e-05
6.9887e-05
6.9887e-05
6.3328e-05
6.3328e-05
5.72727e-05
5.72727e-05
5.16955e-05
5.16955e-05
4.65708e-05
4.65708e-05
4.18729e-05
4.18729e-05
3.75765e-05
3.75765e-05
3.36564e-05
3.36564e-05
3.00879e-05
3.00879e-05
2.6847e-05
2.6847e-05
2.39102e-05
2.39102e-05
2.1255e-05
2.1255e-05
1.88598e-05
1.88598e-05
1.67038e-05
1.67038e-05
1.47673e-05
1.47673e-05
1.30317e-05
1.30317e-05
1.14793e-05
1.14793e-05
1.00936e-05
1.00936e-05
8.85939e-06
8.85939e-06
7.76216e-06
7.76216e-06
6.78866e-06
6.78866e-06
5.92662e-06
5.92662e-06
5.16474e-06
5.16474e-06
4.49267e-06
4.49267e-06
3.90094e-06
3.90094e-06
3.38092e-06
3.38092e-06
2.92477e-06
2.92477e-06
2.5254e-06
2.5254e-06
2.17637e-06
2.17637e-06
1.87193e-06
1.87193e-06
1.60686e-06
1.60686e-06
1.37652e-06
1.37652e-06
1.17674e-06
1.17674e-06
1.00379e-06
1.00379e-06
8.5437e-07
8.5437e-07
7.25535e-07
7.25535e-07
6.14678e-07
6.14678e-07
5.1949e-07
5.1949e-07
4.37933e-07
4.37933e-07
3.68209e-07
3.68209e-07
3.08739e-07
3.08739e-07
2.58135e-07
2.58135e-07
2.15182e-07
2.15182e-07
1.78816e-07
1.78816e-07
1.4811e-07
1.4811e-07
1.22255e-07
1.22255e-07
1.00548e-07
1.00548e-07
8.23802e-08
8.23802e-08
6.72233e-08
6.72233e-08
5.46214e-08
5.46214e-08
4.41817e-08
4.41817e-08
3.55659e-08
3.55659e-08
2.84843e-08
2.84843e-08
2.26887e-08
2.26887e-08
1.79673e-08
1.79673e-08
1.41399e-08
1.41399e-08
1.10534e-08
1.10534e-08
8.57847e-09
8.57847e-09
6.60601e-09
6.60601e-09
5.04432e-09
5.04432e-09
3.81664e-09
3.81664e-09
2.85902e-09
2.85902e-09
2.11835e-09
2.11835e-09
1.5508e-09
1.5508e-09
1.12032e-09
1.12032e-09
7.97503e-10
7.97503e-10
5.58446e-10
5.58446e-10
3.83898e-10
3.83898e-10
2.58459e-10
2.58459e-10
1.69921e-10
1.69921e-10
1.08705e-10
1.08705e-10
6.73736e-11
6.73736e-11
4.02321e-11
4.02321e-11
2.2984e-11
2.2984e-11
1.2446e-11
1.2446e-11
6.30955e-12
6.30955e-12
2.94377e-12
2.94377e-12
1.23379e-12
1.23379e-12
4.48709e-13
4.48709e-13
1.35289e-13
1.35289e-13
3.33439e-14
3.33439e-14
9.57193e-15
9.57193e-15
7.03579e-15
7.03579e-15
8.14504e-15
8.14504e-15
0.00816946
0.00816946
0.00817614
0.00817614
0.00818882
0.00818882
0.00820658
0.00820658
0.00822836
0.00822836
0.00825302
0.00825302
0.0082794
0.0082794
0.00830641
0.00830641
0.00833304
0.00833304
0.00835837
0.00835837
0.00838162
0.00838162
0.00840213
0.00840213
0.00841937
0.00841937
0.0084329
0.0084329
0.00844239
0.00844239
0.0084476
0.0084476
0.00844838
0.00844838
0.00844461
0.00844461
0.00843627
0.00843627
0.00842335
0.00842335
0.0084059
0.0084059
0.00838399
0.00838399
0.00835771
0.00835771
0.00832719
0.00832719
0.00829256
0.00829256
0.00825395
0.00825395
0.00821151
0.00821151
0.00816541
0.00816541
0.00811579
0.00811579
0.00806283
0.00806283
0.00800668
0.00800668
0.0079475
0.0079475
0.00788545
0.00788545
0.00782068
0.00782068
0.00775336
0.00775336
0.00768362
0.00768362
0.00761162
0.00761162
0.0075375
0.0075375
0.00746139
0.00746139
0.00738343
0.00738343
0.00730376
0.00730376
0.00722249
0.00722249
0.00713975
0.00713975
0.00705566
0.00705566
0.00697032
0.00697032
0.00688385
0.00688385
0.00679636
0.00679636
0.00670794
0.00670794
0.00661869
0.00661869
0.00652871
0.00652871
0.00643808
0.00643808
0.0063469
0.0063469
0.00625524
0.00625524
0.00616318
0.00616318
0.0060708
0.0060708
0.00597818
0.00597818
0.00588537
0.00588537
0.00579246
0.00579246
0.0056995
0.0056995
0.00560655
0.00560655
0.00551367
0.00551367
0.00542092
0.00542092
0.00532835
0.00532835
0.00523601
0.00523601
0.00514396
0.00514396
0.00505222
0.00505222
0.00496086
0.00496086
0.00486991
0.00486991
0.00477941
0.00477941
0.00468939
0.00468939
0.0045999
0.0045999
0.00451097
0.00451097
0.00442262
0.00442262
0.0043349
0.0043349
0.00424782
0.00424782
0.00416142
0.00416142
0.00407571
0.00407571
0.00399073
0.00399073
0.0039065
0.0039065
0.00382304
0.00382304
0.00374036
0.00374036
0.00365849
0.00365849
0.00357744
0.00357744
0.00349723
0.00349723
0.00341787
0.00341787
0.00333939
0.00333939
0.00326178
0.00326178
0.00318507
0.00318507
0.00310926
0.00310926
0.00303436
0.00303436
0.00296039
0.00296039
0.00288735
0.00288735
0.00281525
0.00281525
0.00274409
0.00274409
0.00267389
0.00267389
0.00260464
0.00260464
0.00253635
0.00253635
0.00246903
0.00246903
0.00240268
0.00240268
0.0023373
0.0023373
0.0022729
0.0022729
0.00220947
0.00220947
0.00214702
0.00214702
0.00208555
0.00208555
0.00202505
0.00202505
0.00196554
0.00196554
0.001907
0.001907
0.00184944
0.00184944
0.00179286
0.00179286
0.00173726
0.00173726
0.00168263
0.00168263
0.00162897
0.00162897
0.00157628
0.00157628
0.00152456
0.00152456
0.0014738
0.0014738
0.00142401
0.00142401
0.00137518
0.00137518
0.0013273
0.0013273
0.00128038
0.00128038
0.00123441
0.00123441
0.00118939
0.00118939
0.00114531
0.00114531
0.00110217
0.00110217
0.00105997
0.00105997
0.0010187
0.0010187
0.000978359
0.000978359
0.000938947
0.000938947
0.000900458
0.000900458
0.000862889
0.000862889
0.000826236
0.000826236
0.000790496
0.000790496
0.000755664
0.000755664
0.000721738
0.000721738
0.000688714
0.000688714
0.000656588
0.000656588
0.000625358
0.000625358
0.000595019
0.000595019
0.000565568
0.000565568
0.000537001
0.000537001
0.000509316
0.000509316
0.000482507
0.000482507
0.000456571
0.000456571
0.000431503
0.000431503
0.0004073
0.0004073
0.000383956
0.000383956
0.000361467
0.000361467
0.000339826
0.000339826
0.000319027
0.000319027
0.000299065
0.000299065
0.000279931
0.000279931
0.000261618
0.000261618
0.000244116
0.000244116
0.000227417
0.000227417
0.000211509
0.000211509
0.00019638
0.00019638
0.000182019
0.000182019
0.000168411
0.000168411
0.000155541
0.000155541
0.000143393
0.000143393
0.000131949
0.000131949
0.000121192
0.000121192
0.000111101
0.000111101
0.000101657
0.000101657
9.28358e-05
9.28358e-05
8.46164e-05
8.46164e-05
7.69748e-05
7.69748e-05
6.9887e-05
6.9887e-05
6.3328e-05
6.3328e-05
5.72727e-05
5.72727e-05
5.16955e-05
5.16955e-05
4.65708e-05
4.65708e-05
4.18729e-05
4.18729e-05
3.75765e-05
3.75765e-05
3.36564e-05
3.36564e-05
3.00879e-05
3.00879e-05
2.6847e-05
2.6847e-05
2.39102e-05
2.39102e-05
2.1255e-05
2.1255e-05
1.88598e-05
1.88598e-05
1.67038e-05
1.67038e-05
1.47673e-05
1.47673e-05
1.30317e-05
1.30317e-05
1.14793e-05
1.14793e-05
1.00936e-05
1.00936e-05
8.85939e-06
8.85939e-06
7.76216e-06
7.76216e-06
6.78866e-06
6.78866e-06
5.92662e-06
5.92662e-06
5.16474e-06
5.16474e-06
4.49267e-06
4.49267e-06
3.90094e-06
3.90094e-06
3.38092e-06
3.38092e-06
2.92477e-06
2.92477e-06
2.5254e-06
2.5254e-06
2.17637e-06
2.17637e-06
1.87193e-06
1.87193e-06
1.60686e-06
1.60686e-06
1.37652e-06
1.37652e-06
1.17674e-06
1.17674e-06
1.00379e-06
1.00379e-06
8.5437e-07
8.5437e-07
7.25535e-07
7.25535e-07
6.14678e-07
6.14678e-07
5.1949e-07
5.1949e-07
4.37933e-07
4.37933e-07
3.68209e-07
3.68209e-07
3.08739e-07
3.08739e-07
2.58135e-07
2.58135e-07
2.15182e-07
2.15182e-07
1.78816e-07
1.78816e-07
1.4811e-07
1.4811e-07
1.22255e-07
1.22255e-07
1.00548e-07
1.00548e-07
8.23802e-08
8.23802e-08
6.72233e-08
6.72233e-08
5.46214e-08
5.46214e-08
4.41817e-08
4.41817e-08
3.55659e-08
3.55659e-08
2.84843e-08
2.84843e-08
2.26887e-08
2.26887e-08
1.79673e-08
1.79673e-08
1.41399e-08
1.41399e-08
1.10534e-08
1.10534e-08
8.57847e-09
8.57847e-09
6.60601e-09
6.60601e-09
5.04432e-09
5.04432e-09
3.81664e-09
3.81664e-09
2.85902e-09
2.85902e-09
2.11835e-09
2.11835e-09
1.5508e-09
1.5508e-09
1.12032e-09
1.12032e-09
7.97503e-10
7.97503e-10
5.58446e-10
5.58446e-10
3.83898e-10
3.83898e-10
2.58459e-10
2.58459e-10
1.69921e-10
1.69921e-10
1.08705e-10
1.08705e-10
6.73736e-11
6.73736e-11
4.02321e-11
4.02321e-11
2.2984e-11
2.2984e-11
1.2446e-11
1.2446e-11
6.30955e-12
6.30955e-12
2.94377e-12
2.94377e-12
1.23379e-12
1.23379e-12
4.48709e-13
4.48709e-13
1.35289e-13
1.35289e-13
3.33439e-14
3.33439e-14
9.57193e-15
9.57193e-15
7.03579e-15
7.03579e-15
8.14504e-15
8.14504e-15
)
;

boundaryField
{
    walls
    {
        type            alphatJayatillekeWallFunction;
        Prt             0.85;
        kappa           0.41;
        E               9.8;
        value           uniform 0;
    }
    inlet
    {
        type            cyclic;
    }
    outlet
    {
        type            cyclic;
    }
    sides
    {
        type            empty;
    }
}


// ************************************************************************* //
