/*--------------------------------*- C++ -*----------------------------------*\
| =========                 |                                                 |
| \\      /  F ield         | OpenFOAM: The Open Source CFD Toolbox           |
|  \\    /   O peration     | Version:  2106                                  |
|   \\  /    A nd           | Website:  www.openfoam.com                      |
|    \\/     M anipulation  |                                                 |
\*---------------------------------------------------------------------------*/
FoamFile
{
    version     2.0;
    format      ascii;
    arch        "LSB;label=32;scalar=64";
    class       volTensorField;
    location    "10070";
    object      grad(U);
}
// * * * * * * * * * * * * * * * * * * * * * * * * * * * * * * * * * * * * * //

dimensions      [0 0 -1 0 0 0 0];

internalField   nonuniform List<tensor> 
800
(
(0 -1.81685e-26 7.54725e-28 13.3705 -2.74789e-40 4.12202e-14 0.0613706 1.57772e-30 5.98209e-17)
(-1.15363e-17 9.18067e-30 -2.65821e-28 13.3705 1.61381e-15 3.56168e-14 0.0613706 1.20236e-18 6.15791e-17)
(0 5.97195e-29 5.44487e-28 13.3642 -5.2836e-13 4.83924e-14 0.186976 -1.24731e-15 4.6529e-16)
(0 -3.12978e-31 1.56489e-31 13.3642 3.68567e-15 2.74031e-14 0.186976 1.6436e-17 1.72462e-16)
(-5.97673e-18 -1.55538e-26 4.14244e-31 13.3576 2.01948e-28 2.59844e-14 0.275433 -3.15544e-30 5.84417e-16)
(4.78138e-17 9.5601e-30 -4.4813e-31 13.3576 4.65323e-15 6.18199e-15 0.275433 4.18028e-17 1.89759e-16)
(0 0 0 13.3507 3.02409e-13 2.91327e-14 0.288395 -1.19369e-14 6.46707e-16)
(0 0 0 13.3507 4.82013e-15 6.53397e-15 0.288395 7.0567e-17 2.09093e-16)
(3.52023e-17 -2.76214e-30 -4.86922e-32 13.3435 1.68863e-15 3.07544e-14 0.30196 -5.63194e-16 7.14814e-16)
(-7.66211e-17 6.5331e-30 -2.72213e-31 13.3435 4.77246e-15 6.90194e-15 0.30196 1.01183e-16 2.30733e-16)
(-1.46277e-16 1.45511e-29 -5.1968e-31 13.3359 -1.82442e-14 3.25578e-14 0.316154 -3.27265e-16 7.95294e-16)
(-9.53295e-17 -1.45651e-29 5.1968e-31 13.3359 4.63758e-15 7.28994e-15 0.316154 1.07652e-16 2.54951e-16)
(-8.02781e-17 3.65466e-30 -5.70255e-31 13.328 -1.06178e-14 3.45735e-14 0.331006 -1.84706e-16 8.84657e-16)
(0 0 2.4803e-31 13.328 4.51434e-15 7.70645e-15 0.331006 1.11522e-16 2.82002e-16)
(-1.0109e-16 1.67201e-30 3.83965e-31 13.3196 -7.61797e-15 3.66756e-14 0.346544 -2.03029e-16 9.82253e-16)
(0 1.89405e-30 -4.73513e-31 13.3196 4.49916e-15 8.14971e-15 0.346544 1.17358e-16 3.12298e-16)
(-1.2288e-16 5.28831e-30 -5.5885e-31 13.3108 -8.16833e-15 3.88491e-14 0.362799 -2.32726e-16 1.08943e-15)
(9.83044e-16 -1.67896e-30 4.51991e-31 13.3108 4.49994e-15 8.60781e-15 0.362799 1.22438e-16 3.46302e-16)
(7.28651e-16 -6.90316e-30 1.72579e-30 13.3015 -8.69576e-15 4.11073e-14 0.3798 -2.52954e-16 1.20703e-15)
(0 5.17737e-30 -8.62896e-31 13.3015 4.45373e-15 9.10484e-15 0.3798 1.2616e-16 3.84204e-16)
(2.31844e-16 -1.64735e-30 1.23551e-30 13.2916 -8.82418e-15 4.34519e-14 0.397579 -2.63102e-16 1.33597e-15)
(-6.78328e-16 1.54366e-30 -1.23551e-30 13.2916 4.35797e-15 9.65054e-15 0.397579 1.28644e-16 4.26807e-16)
(-1.9459e-16 6.40229e-30 -1.72941e-31 13.281 -8.67596e-15 4.5885e-14 0.416164 -2.68324e-16 1.47726e-15)
(3.35748e-16 1.24128e-31 0 13.281 4.2645e-15 1.02079e-14 0.416164 1.326e-16 4.74722e-16)
(0 6.00402e-30 -7.50503e-31 13.2694 -8.28815e-15 3.14057e-14 0.435584 -2.63282e-16 5.15198e-16)
(8.8309e-16 -4.34734e-30 7.50503e-31 13.2694 3.96356e-15 1.07959e-14 0.435584 1.21421e-16 5.28284e-16)
(-2.48183e-16 5.99655e-30 -2.53821e-30 13.2567 -7.79124e-15 1.34622e-14 0.455863 -2.60293e-16 3.86602e-16)
(0 -2.86556e-30 7.16391e-31 13.2567 3.47868e-15 1.14379e-14 0.455863 1.12164e-16 5.88356e-16)
(0 2.73532e-30 -1.36766e-30 13.2423 -7.62975e-15 1.12344e-14 0.477018 -2.7731e-16 4.04836e-16)
(0 0 0 13.2423 3.18488e-15 1.21052e-14 0.477018 1.12081e-16 6.55785e-16)
(0 2.611e-30 -1.3055e-30 13.2258 -7.51141e-15 1.52144e-14 0.499058 -2.76735e-16 7.24855e-16)
(-3.67465e-16 -2.611e-30 0 13.2258 2.86898e-15 1.27912e-14 0.499058 9.9243e-17 7.31594e-16)
(0 4.98464e-30 -1.24616e-30 13.2062 -7.16873e-15 2.82385e-14 0.521976 -2.77237e-16 1.4747e-15)
(0 -2.49232e-30 0 13.2062 2.71864e-15 1.35114e-14 0.521976 1.11115e-16 8.16296e-16)
(-7.42579e-16 8.1937e-30 -3.13933e-30 13.1824 -6.99653e-15 3.23141e-14 0.545744 -2.89444e-16 1.13332e-15)
(-1.48516e-15 -2.66845e-30 0 13.1824 2.57705e-15 1.42964e-14 0.545744 9.71834e-17 9.10861e-16)
(-2.33455e-16 5.08643e-30 -7.53217e-31 13.1528 -6.67704e-15 2.7132e-14 0.570302 -2.76527e-16 1.16853e-15)
(-3.246e-15 -5.18633e-30 0 13.1528 2.08053e-15 1.51242e-14 0.570302 7.88375e-17 1.01812e-15)
(-4.41819e-16 1.25718e-29 -3.62146e-30 13.1154 -6.10714e-15 2.69238e-14 0.595547 -2.65825e-16 1.22488e-15)
(0 -1.08385e-29 3.25154e-30 13.1154 1.42435e-15 1.58986e-14 0.595547 4.69702e-17 1.13902e-15)
(4.79566e-16 -7.94741e-30 1.39083e-30 13.0673 -5.556e-15 2.68513e-14 0.621322 -2.50967e-16 1.27554e-15)
(-1.91827e-15 5.8021e-30 -1.03458e-30 13.0673 1.53612e-16 1.67e-14 0.621322 3.57444e-18 1.27323e-15)
(5.55947e-16 -5.92537e-30 9.87561e-31 13.005 -4.97107e-15 2.66253e-14 0.647394 -2.33349e-16 1.32175e-15)
(2.07624e-15 8.31267e-30 -9.87561e-31 13.005 3.01747e-16 1.7459e-14 0.647394 2.63791e-17 1.42375e-15)
(-5.60368e-16 1.74338e-30 -3.2557e-31 12.9242 -5.27518e-15 2.61556e-14 0.673446 -3.07241e-16 1.35079e-15)
(6.72441e-15 1.25022e-30 0 12.9242 9.55729e-16 1.80016e-14 0.673446 7.23192e-17 1.59033e-15)
(1.01312e-15 -5.39897e-30 1.79966e-30 12.8196 -5.20472e-15 2.54891e-14 0.699061 -2.48381e-16 1.37759e-15)
(-1.01312e-15 7.19863e-30 0 12.8196 2.4902e-16 1.85995e-14 0.699061 6.66231e-18 1.76982e-15)
(0 1.71786e-30 0 12.6856 -3.58877e-15 2.43552e-14 0.72372 -1.51716e-16 1.35233e-15)
(0 -2.18953e-47 0 12.6856 -2.62719e-31 1.9253e-14 0.72372 1.97215e-31 1.96846e-15)
(6.95641e-16 1.5064e-30 2.81814e-31 12.5159 -2.95873e-15 2.25616e-14 0.746814 -1.96838e-16 1.29624e-15)
(0 -3.27956e-30 0 12.5159 -1.17631e-15 1.95655e-14 0.746814 5.25863e-17 2.19124e-15)
(0 -7.82625e-30 3.1305e-30 12.3046 -2.63566e-15 2.05568e-14 0.76767 -1.25809e-16 1.23164e-15)
(0 9.3915e-30 -3.1305e-30 12.3046 -2.31415e-15 1.9603e-14 0.76767 8.63573e-17 2.43217e-15)
(-7.95346e-16 1.4013e-45 -1.74889e-30 12.0468 1.80113e-30 1.83343e-14 0.785603 -1.57772e-30 1.1293e-15)
(2.34028e-15 -5.56386e-30 1.49411e-30 12.0468 -3.51209e-15 1.94439e-14 0.785603 2.42822e-16 2.68843e-15)
(-8.47863e-16 -6.76303e-30 4.03377e-30 11.7392 1.13073e-15 1.56929e-14 0.79998 -3.95123e-17 9.86544e-16)
(6.7829e-15 1.16846e-29 -4.27859e-30 11.7392 -4.42441e-15 1.90447e-14 0.79998 7.3495e-16 2.95879e-15)
(-6.30831e-16 -1.78016e-30 2.35857e-31 11.3808 1.8151e-15 1.27374e-14 0.810296 -1.14935e-16 8.11331e-16)
(0 -2.72275e-30 0 11.3808 -5.45145e-15 1.83676e-14 0.810296 9.48578e-16 3.24692e-15)
(0 -1.2995e-29 2.599e-30 10.9739 1.81452e-15 9.68622e-15 0.816233 -1.42487e-16 6.19768e-16)
(7.65874e-15 1.2995e-29 -2.599e-30 10.9739 -5.41661e-15 1.75062e-14 0.816233 8.86752e-16 3.54005e-15)
(1.01378e-15 -1.76695e-30 2.15685e-31 10.5235 1.63161e-15 6.62388e-15 0.817705 -1.26053e-16 4.03647e-16)
(4.0551e-15 0 0 10.5235 -5.1085e-15 1.65787e-14 0.817705 8.2454e-16 3.82588e-15)
(0 -7.10433e-30 2.36811e-30 10.0374 2.81252e-15 3.8454e-15 0.814862 -1.27304e-16 2.175e-16)
(0 9.47244e-30 -2.36811e-30 10.0374 -5.87021e-15 1.57421e-14 0.814862 7.58881e-16 4.11675e-15)
(-1.1284e-15 -5.06148e-30 4.00122e-30 9.52512 4.38059e-15 5.74523e-31 0.808065 -3.34998e-16 1.97215e-31)
(4.51358e-15 9.0419e-30 0 9.52512 -6.31393e-15 1.48331e-14 0.808065 6.73042e-16 4.42317e-15)
(-2.37178e-15 5.54721e-30 -2.90318e-31 8.99721 5.18068e-15 -7.79361e-17 0.797827 -4.13278e-16 3.47818e-18)
(4.74355e-15 -2.15773e-30 0 8.99721 -6.55086e-15 1.38516e-14 0.797827 5.90197e-16 4.7282e-15)
(-1.15949e-15 2.05966e-30 -2.05966e-30 8.46397 5.87959e-15 -2.39125e-15 0.784752 -5.13887e-16 1.59819e-16)
(0 0 -2.05966e-30 8.46397 -6.86298e-15 1.32369e-14 0.784752 4.76142e-16 5.04262e-15)
(-9.13935e-16 1.21347e-29 -5.8738e-30 7.9348 5.45768e-15 -3.57657e-15 0.769472 -5.8739e-16 2.90417e-16)
(5.19854e-15 -1.17963e-29 1.96605e-30 7.9348 -6.35944e-15 1.24381e-14 0.769472 3.56005e-16 5.38422e-15)
(3.46833e-15 -3.49252e-30 0 7.41763 4.70858e-15 -4.77633e-15 0.752589 -4.79362e-16 1.7967e-16)
(3.30853e-15 1.87669e-30 2.89145e-31 7.41763 -6.05672e-15 1.15902e-14 0.752589 1.92453e-16 5.18603e-15)
(1.41008e-15 -6.96217e-30 1.79139e-30 6.91865 5.04403e-15 -5.55814e-15 0.734649 -4.87247e-16 -9.67647e-17)
(5.64033e-15 3.58278e-30 1.42796e-30 6.91865 -6.0615e-15 1.13962e-14 0.734649 -3.57992e-18 3.42496e-15)
(1.46363e-15 1.87225e-30 0 6.44233 5.98719e-15 -6.37147e-15 0.716116 -5.99946e-16 -3.26197e-16)
(-1.92525e-15 -1.70997e-30 0 6.44233 -6.38225e-15 1.12701e-14 0.716116 -1.09534e-16 1.53755e-15)
(3.67549e-15 -4.89674e-30 3.26449e-30 5.99157 6.87678e-15 -6.7272e-15 0.697371 -7.52267e-16 -5.77692e-16)
(0 4.89674e-30 0 5.99157 -6.28983e-15 1.0909e-14 0.697371 -2.25618e-16 1.29766e-15)
(-3.13381e-15 7.57347e-30 0 5.56794 7.66817e-15 -6.75334e-15 0.678711 -8.73368e-16 -7.63135e-16)
(-1.75422e-15 -3.11612e-30 0 5.56794 -7.01531e-15 1.09798e-14 0.678711 -3.77974e-16 1.41963e-15)
(1.61654e-15 -1.39721e-30 0 5.17194 7.24441e-15 -7.55796e-15 0.660362 -1.02592e-15 -9.83469e-16)
(-6.46618e-15 0 -3.34717e-30 5.17194 -7.98922e-15 1.09556e-14 0.660362 -6.37548e-16 1.41776e-15)
(3.26322e-15 -4.23606e-30 0 4.80332 6.2687e-15 -7.55887e-15 0.642486 -8.46156e-16 -1.21827e-15)
(5.06101e-15 2.83929e-30 3.57561e-30 4.80332 -7.04941e-15 1.04323e-14 0.642486 -8.57124e-16 1.41266e-15)
(1.71183e-15 -1.37058e-30 0 4.46123 6.75474e-15 -7.28956e-15 0.625196 -8.54907e-16 -1.40032e-15)
(-6.84731e-15 0 -1.21247e-29 4.46123 -7.65275e-15 -4.58157e-30 0.625196 -1.09675e-15 0)
(-2.91276e-15 2.58705e-30 0 4.14449 7.6074e-15 -7.40013e-15 0.608561 -1.0701e-15 -1.56685e-15)
(0 0 -2.58705e-30 4.14449 -7.63625e-15 -8.85967e-15 0.608561 -1.42337e-15 1.19892e-15)
(-1.80196e-15 1.26077e-30 0 3.85165 6.91572e-15 -7.85358e-15 0.592624 -1.19821e-15 -1.73723e-15)
(-2.78037e-15 0 0 3.85165 -6.30345e-15 -9.69105e-15 0.592624 -1.69714e-15 1.44503e-15)
(0 -4.71445e-30 0 3.58118 6.3621e-15 -6.75565e-15 0.577398 -9.5352e-16 -1.96036e-15)
(0 2.35723e-30 2.35723e-30 3.58118 -5.95557e-15 -1.03425e-14 0.577398 -2.02519e-15 1.58135e-15)
(-3.77454e-15 6.92195e-30 0 3.3315 7.5832e-15 -5.84062e-15 0.562884 -1.12979e-15 -2.0294e-15)
(7.54908e-15 -4.50018e-30 3.00537e-30 3.3315 -6.26218e-15 -9.48791e-15 0.562884 -2.23263e-15 1.80391e-15)
(4.83646e-15 0 2.14782e-30 3.10105 8.1874e-15 -6.68066e-15 0.549067 -1.47451e-15 -2.19207e-15)
(-1.01312e-14 0 -3.038e-30 3.10105 -7.07025e-15 -7.59818e-15 0.549067 -2.51259e-15 1.43595e-15)
(1.62802e-15 -4.81206e-32 2.0502e-30 2.88831 8.03607e-15 -6.20631e-15 0.535926 -1.46182e-15 -2.31119e-15)
(1.0181e-14 -2.0502e-30 8.17519e-31 2.88831 -5.39035e-15 -5.84419e-15 0.535926 -2.82995e-15 1.28585e-15)
(0 1.95701e-30 -1.95701e-30 2.69187 7.06221e-15 -5.31178e-15 0.52343 -1.56006e-15 -2.41523e-15)
(8.02836e-15 1.95701e-30 4.78813e-30 2.69187 -3.22485e-15 -4.17135e-15 0.52343 -3.05054e-15 9.01189e-16)
(-2.10325e-15 5.60419e-30 3.73612e-30 2.51038 6.31036e-15 -3.03463e-15 0.51155 -1.21186e-15 -2.53765e-15)
(2.10325e-15 -5.60419e-30 -3.73612e-30 2.51038 -3.07572e-15 -4.20036e-15 0.51155 -3.18497e-15 7.37033e-16)
(0 7.13262e-30 3.56631e-30 2.34259 6.78408e-15 -8.55309e-16 0.50025 -1.39473e-15 -2.42637e-15)
(0 -7.13262e-30 -3.56631e-30 2.34259 -2.4729e-15 -4.44964e-15 0.50025 -3.3879e-15 1.0013e-15)
(0 1.70211e-30 0 2.18736 6.49069e-15 -1.34806e-15 0.489495 -1.53955e-15 -2.31715e-15)
(8.47331e-15 0 4.72609e-31 2.18736 -2.42941e-15 -4.27771e-15 0.489495 -3.64767e-15 9.1915e-16)
(4.30743e-15 -8.0514e-32 0 2.04363 5.75418e-15 -7.54619e-16 0.479251 -1.39476e-15 -2.24296e-15)
(0 -1.62475e-30 -1.62475e-30 2.04363 -1.76343e-15 -4.41686e-15 0.479251 -3.76683e-15 1.01926e-15)
(-2.18833e-15 -2.28692e-30 -3.1018e-30 1.91043 5.83111e-15 -6.38098e-16 0.469482 -1.33212e-15 -2.02658e-15)
(1.75066e-14 3.1018e-30 4.65849e-30 1.91043 5.59671e-16 -3.61396e-15 0.469482 -3.81817e-15 1.07631e-15)
(2.2222e-15 -7.26664e-31 0 1.78688 4.72263e-15 -1.46335e-15 0.460156 -1.56987e-15 -2.0503e-15)
(8.88879e-15 0 1.57562e-30 1.78688 -4.60903e-16 -2.81967e-15 0.460156 -3.72075e-15 7.10327e-16)
(9.26701e-16 -3.44896e-30 0 1.67218 2.55617e-15 -1.08489e-16 0.451239 -8.71438e-16 -1.9976e-15)
(0 4.23936e-30 1.41312e-30 1.67218 -7.13642e-16 -3.75528e-15 0.451239 -3.96763e-15 7.58079e-16)
(0 -1.34889e-30 0 1.5656 3.09986e-15 -2.6042e-16 0.4427 -5.13759e-16 -1.66948e-15)
(1.83029e-14 1.34889e-30 1.67563e-30 1.5656 5.60958e-16 -3.62601e-15 0.4427 -3.9392e-15 1.30178e-15)
(2.31972e-15 -1.93259e-30 0 1.46647 2.56301e-15 -2.04023e-15 0.434509 -1.2743e-15 -1.5406e-15)
(9.27886e-15 0 9.03828e-31 1.46647 -2.53365e-16 -1.60794e-15 0.434509 -4.08465e-15 7.56405e-16)
(0 -2.45812e-30 0 1.37418 5.13069e-16 -1.50299e-15 0.426639 -2.35001e-16 -1.55185e-15)
(9.40383e-15 0 1.14748e-30 1.37418 -4.20217e-16 -1.22864e-15 0.426639 -4.5002e-15 1.92527e-16)
(0 -3.32117e-31 0 1.28818 5.05943e-16 -1.37215e-15 0.41906 -8.3056e-17 -1.35333e-15)
(-9.52645e-15 0 -1.81219e-30 1.28818 1.18882e-15 -3.5446e-15 0.41906 -4.70849e-15 8.531e-16)
(4.93344e-15 -8.53836e-31 0 1.20798 1.60981e-15 -1.75096e-15 0.411749 -5.17235e-16 -1.35845e-15)
(7.12509e-15 0 0 1.20798 1.49601e-15 -5.69625e-15 0.411749 -4.6253e-15 1.3143e-15)
(2.44126e-15 1.31235e-30 0 1.13311 2.80109e-15 -1.01967e-15 0.404679 -5.91906e-16 -1.11741e-15)
(-2.40712e-15 0 -1.06897e-30 1.13311 -7.90417e-16 -4.63004e-15 0.404679 -4.55509e-15 4.20934e-17)
(-2.47029e-15 -1.39215e-30 1.02039e-30 1.06316 4.07963e-15 1.2802e-15 0.397828 -1.44662e-15 -1.11361e-15)
(2.206e-14 2.04077e-30 -1.02039e-30 1.06316 -9.44961e-16 -7.30806e-16 0.397828 -4.68177e-15 -4.78917e-16)
(-2.49882e-15 -1.38913e-30 4.12946e-31 0.997758 3.87893e-15 -4.93038e-31 0.391172 -1.63786e-15 -5.82299e-16)
(-9.99527e-15 2.98995e-30 0 0.997758 -4.1959e-16 1.00604e-15 0.391172 -3.07821e-15 -1.98593e-16)
(2.09359e-15 -1.85948e-30 9.29739e-31 0.936547 3.44622e-15 -1.15557e-15 0.38469 -1.42515e-15 -5.76735e-16)
(-2.09359e-15 1.85948e-30 -9.29739e-31 0.936547 5.88621e-16 1.37419e-15 0.38469 -1.28428e-15 -2.06765e-17)
(-5.10886e-15 9.45788e-31 -8.87481e-31 0.879215 2.29093e-15 3.56693e-16 0.37836 -1.43048e-15 -2.49017e-16)
(0 0 -1.75162e-46 0.879215 9.16662e-16 -1.11143e-31 0.37836 -8.85677e-16 1.21652e-46)
(-2.58155e-15 6.03631e-31 0 0.825473 9.47267e-16 9.5261e-16 0.372161 -5.37379e-16 7.29431e-17)
(-1.03262e-14 2.59795e-30 0 0.825473 -5.70663e-16 -1.00583e-15 0.372161 -4.12709e-16 5.37989e-17)
(0 0 0 0.775054 -3.22317e-17 -2.575e-31 0.366073 -6.42777e-16 0)
(-3.64179e-15 -6.39342e-45 -1.61728e-30 0.775054 5.71203e-30 -7.46381e-16 0.366073 -7.88861e-31 7.00501e-17)
(-5.2689e-15 -1.65056e-31 0 0.727715 -1.04537e-15 -2.30827e-15 0.360076 -6.85169e-16 -1.80842e-16)
(0 1.54377e-30 0 0.727715 -4.39487e-16 4.2956e-16 0.360076 -5.3991e-16 2.69452e-16)
(2.66026e-15 -6.96939e-31 0 0.683232 -1.38443e-15 -2.72607e-15 0.354148 -7.64172e-16 -6.65953e-16)
(0 -2.94721e-30 0 0.683232 -1.76958e-15 8.08528e-31 0.354148 -1.32863e-15 4.93038e-32)
(-2.20385e-15 9.59647e-32 0 0.641398 -1.48122e-15 -2.15733e-16 0.348269 -8.60516e-16 -1.23206e-15)
(1.07426e-14 -1.47136e-44 0 0.641398 -3.35266e-30 -7.43488e-16 0.348269 -7.88861e-31 5.83461e-17)
(2.71062e-15 -9.89435e-31 -1.19966e-30 0.602023 -1.18687e-29 -1.5455e-16 0.342417 7.88861e-31 -7.91239e-16)
(2.1685e-14 -6.75856e-30 1.34269e-30 0.602023 1.55308e-15 -2.19949e-15 0.342417 -4.45541e-16 -2.06799e-16)
(0 -1.28167e-30 0 0.564928 4.95771e-16 -1.19643e-15 0.336571 -9.51029e-16 -7.23192e-16)
(1.38268e-14 -2.27139e-30 1.28167e-30 0.564928 3.89457e-16 -1.77832e-15 0.336571 -1.72811e-15 -3.69686e-16)
(-2.75936e-15 6.98922e-31 -5.47382e-48 0.529952 -1.69403e-16 -4.73883e-32 0.330705 -5.33359e-17 -1.0751e-16)
(0 0 -1.22341e-30 0.529952 -1.70749e-15 -1.5831e-15 0.330705 -8.07128e-16 -1.09979e-16)
(5.25933e-15 0 0 0.49694 6.64031e-16 -2.29075e-15 0.324794 -4.761e-16 -5.47629e-16)
(2.22651e-14 -4.34403e-44 0 0.49694 -2.01197e-29 -2.30609e-15 0.324794 -1.57772e-30 -5.36348e-16)
(-2.8065e-15 7.9413e-31 0 0.46575 -1.17631e-16 -2.28317e-15 0.318812 -1.16465e-15 -7.53905e-16)
(1.1226e-14 -3.5533e-30 0 0.46575 4.55278e-16 -8.75683e-16 0.318812 -2.84502e-16 -8.23955e-16)
(-7.62157e-15 8.75812e-47 0 0.436247 9.86076e-32 -1.59763e-15 0.312726 0 -9.79414e-16)
(-1.13179e-14 4.06957e-30 -1.36229e-31 0.436247 -4.82563e-17 -3.9443e-31 0.312726 -4.34226e-16 0)
(-4.5743e-15 -2.16547e-30 4.50259e-31 0.408307 5.40161e-16 -1.78336e-15 0.306503 -2.04847e-16 -6.56079e-16)
(1.14081e-14 -1.26117e-44 0 0.408307 5.91646e-30 -2.48489e-15 0.306503 0 -7.6385e-16)
(4.36639e-15 -1.93907e-30 -4.84767e-31 0.381809 2.15859e-15 1.15893e-15 0.300104 -1.26433e-15 -7.99782e-16)
(-4.36639e-15 1.93907e-30 4.84767e-31 0.381809 2.82655e-15 1.60746e-15 0.300104 -2.23389e-15 -4.08746e-16)
(-2.89593e-15 7.24238e-31 -1.89587e-31 0.356638 2.8878e-15 3.83334e-15 0.293484 -2.18748e-15 4.69256e-16)
(-1.15837e-14 3.35908e-30 -1.70581e-31 0.356638 2.00878e-15 8.30104e-16 0.293484 -2.25852e-15 2.66681e-16)
(0 0 0 0.332686 1.44519e-15 2.95823e-31 0.286593 -2.63052e-15 3.46811e-46)
(-1.1669e-14 3.40564e-30 8.83403e-31 0.332686 8.9779e-16 3.39562e-15 0.286593 -1.05784e-15 2.48013e-16)
(1.05335e-14 -8.34638e-31 0 0.309845 -4.15576e-16 1.57153e-15 0.279371 -5.93841e-16 1.62674e-15)
(-1.93479e-14 2.26368e-30 5.60519e-45 0.309845 -1.01899e-15 -2.51868e-30 0.279371 -2.42464e-15 0)
(2.95858e-15 -6.81766e-31 5.8759e-31 0.28801 -2.05522e-16 2.95823e-31 0.271746 -1.89761e-15 0)
(1.18343e-14 0 -8.04924e-31 0.28801 -1.87354e-30 -3.01614e-15 0.271746 7.88861e-31 -6.27406e-16)
(1.28777e-14 -1.84067e-30 1.53668e-30 0.267077 6.56748e-16 -7.08729e-16 0.263633 -3.29243e-16 1.09238e-16)
(0 -1.53668e-30 -1.53668e-30 0.267077 1.1041e-15 -1.96578e-16 0.263633 -1.78772e-15 -3.64972e-17)
(2.99806e-15 7.68914e-31 3.50069e-31 0.24694 2.30613e-16 5.30528e-30 0.254929 -1.21491e-15 0)
(0 -1.46683e-30 0 0.24694 4.80412e-16 -9.14574e-16 0.254929 -3.93906e-16 7.95797e-16)
(6.30577e-15 -1.44702e-30 0 0.227488 -3.23943e-29 -7.52382e-17 0.245508 -7.88861e-31 2.82973e-16)
(-6.30577e-15 0 0 0.227488 2.53348e-16 -2.72362e-16 0.245508 -6.20604e-16 -1.33255e-16)
(0 0 2.3174e-31 0.208604 5.44143e-16 6.67667e-16 0.235211 -6.04455e-16 -9.5057e-16)
(0 0 0 0.208604 0 2.66146e-15 0.235211 0 -2.14342e-16)
(5.74559e-15 -1.27578e-30 0 0.190163 -7.65096e-16 2.72741e-16 0.22384 -2.57421e-15 -1.44397e-15)
(0 1.27578e-30 0 0.190163 -5.86211e-16 1.44454e-15 0.22384 -2.65184e-15 -9.88699e-16)
(0 -2.64368e-31 1.21779e-30 0.172019 -5.80081e-16 2.6795e-16 0.211141 -3.66958e-16 7.09332e-16)
(-5.48444e-15 7.5983e-31 -1.2601e-30 0.172019 1.47911e-30 4.82419e-16 0.211141 7.88861e-31 2.59061e-16)
(9.39558e-16 -1.01594e-44 1.16244e-30 0.15401 -3.24694e-29 -7.59417e-17 0.196788 -1.57772e-30 4.54822e-17)
(1.23494e-14 -3.39552e-30 1.33999e-44 0.15401 4.46342e-16 3.00324e-30 0.196788 -8.83934e-16 9.86076e-32)
(0 1.17469e-31 0 0.135944 7.18236e-16 2.77651e-16 0.180359 -2.27077e-15 -5.88616e-17)
(0 0 0 0.135944 6.22383e-18 -1.54441e-15 0.180359 -6.64303e-16 -3.56206e-16)
(-3.11845e-15 7.38256e-31 0 0.117592 -1.3312e-30 -1.52898e-32 0.161312 -1.89879e-15 -3.08665e-48)
(1.24738e-14 -4.81542e-30 -1.05917e-30 0.117592 7.45094e-17 1.47609e-15 0.161312 -9.18503e-16 -4.22393e-16)
(1.42053e-15 -3.60958e-31 1.01103e-30 0.0986896 -1.43939e-15 -2.99279e-15 0.138961 -3.15337e-15 5.66029e-16)
(0 -3.56393e-31 2.25959e-44 0.0986896 2.0307e-29 -5.10101e-30 0.138961 -2.56809e-15 1.40309e-46)
(0 -1.09848e-30 2.4127e-31 0.0789431 -8.29414e-16 2.17686e-15 0.112488 -6.62079e-16 -1.7645e-15)
(2.51685e-14 -8.1349e-30 -2.4127e-31 0.0789431 -6.88592e-16 -3.162e-15 0.112488 -8.81688e-16 -3.70015e-16)
(-3.15824e-15 1.74286e-43 1.01688e-31 0.058062 3.92516e-29 1.85824e-15 0.0809989 -1.37593e-46 1.55397e-15)
(1.2633e-14 -3.26968e-30 0 0.058062 1.09598e-15 2.80211e-15 0.0809989 -1.98312e-15 9.5211e-17)
(-3.96021e-15 2.63803e-30 -2.63803e-30 0.0358266 2.64661e-15 1.15884e-15 0.0436808 -4.52888e-15 2.03669e-15)
(0 0 8.79343e-31 0.0358266 1.3624e-15 1.35393e-15 0.0436808 -3.29309e-15 1.96722e-15)
(1.84097e-18 0 4.16975e-31 8.38155e-11 2.45695e-15 2.8026e-45 7.69269e-11 -4.7508e-15 2.26959e-45)
(0 0 0 8.38251e-11 1.56685e-15 -1.20709e-15 7.6934e-11 -1.43804e-15 5.56913e-16)
(0 1.60098e-34 -1.02463e-32 13.3705 9.63072e-16 -6.90522e-15 -0.0613706 9.58024e-15 -5.98209e-17)
(0 -4.67486e-30 1.02463e-32 13.3705 1.92123e-16 -1.47922e-14 -0.0613706 -1.20236e-18 -6.15791e-17)
(2.20239e-17 -1.22257e-33 -3.91223e-32 13.3642 2.08904e-15 -4.79458e-15 -0.186976 1.24731e-15 -7.28771e-16)
(-2.20239e-17 0 -5.04282e-28 13.3642 5.12467e-16 -5.11094e-15 -0.186976 -1.6436e-17 -1.72462e-16)
(1.19535e-17 -9.33603e-33 -7.46883e-32 13.3576 2.64637e-15 -7.46701e-15 -0.275433 1.51979e-14 -8.28591e-16)
(0 9.33603e-33 7.46883e-32 13.3576 7.12927e-16 -2.55012e-15 -0.275433 -4.18028e-17 -1.89759e-16)
(0 0 0 13.3507 2.74564e-15 -6.80664e-15 -0.288395 1.21994e-14 -9.1498e-16)
(-8.02694e-17 0 7.12936e-32 13.3507 8.0298e-16 -2.65608e-15 -0.288395 -7.0567e-17 -2.09093e-16)
(4.14188e-17 -8.50665e-33 0 13.3435 2.78639e-15 -2.04518e-15 -0.30196 1.20438e-14 -1.06568e-15)
(-2.42296e-16 0 3.40266e-32 13.3435 8.62505e-16 -2.75913e-15 -0.30196 -1.01183e-16 -2.30733e-16)
(0 -4.872e-32 -6.496e-32 13.3359 2.8216e-15 -2.06384e-15 -0.316154 1.21562e-14 -1.23274e-15)
(-2.41606e-16 4.872e-32 6.496e-32 13.3359 9.35744e-16 -2.86875e-15 -0.316154 -1.32886e-16 -2.54951e-16)
(0 0 0 13.328 2.72755e-15 -2.07608e-15 -0.331006 1.22214e-14 -1.41929e-15)
(0 0 6.20075e-32 13.328 1.11091e-15 -2.98597e-15 -0.331006 -1.65756e-16 -2.82002e-16)
(0 -1.47973e-32 -5.91892e-32 13.3196 2.73309e-15 -2.09039e-15 -0.346544 1.22511e-14 -1.62752e-15)
(-5.37642e-16 0 5.91892e-32 13.3196 1.23133e-15 -3.09759e-15 -0.346544 -2.01195e-16 -3.12298e-16)
(-8.68769e-18 -1.12998e-31 1.12998e-31 13.3108 2.93818e-15 -2.09072e-15 -0.362799 1.22835e-14 -1.85943e-15)
(0 5.64989e-32 0 13.3108 1.17163e-15 -3.21452e-15 -0.362799 -2.38639e-16 -3.46302e-16)
(1.45695e-16 -5.3931e-32 -5.3931e-32 13.3015 2.99117e-15 -2.07166e-15 -0.3798 1.23209e-14 -2.11759e-15)
(-5.82781e-16 5.3931e-32 5.3931e-32 13.3015 1.0512e-15 -3.34159e-15 -0.3798 -2.7673e-16 -3.84204e-16)
(0 7.72196e-32 0 13.2916 2.79786e-15 -2.04582e-15 -0.397579 1.23632e-14 -2.40464e-15)
(-6.78328e-16 -2.57399e-32 0 13.2916 1.07738e-15 -3.46498e-15 -0.397579 -3.15446e-16 -4.26807e-16)
(2.21306e-16 -9.82798e-32 0 13.281 2.65332e-15 -2.01644e-15 -0.416164 1.2409e-14 -2.72343e-15)
(-9.99667e-16 9.82798e-32 0 13.281 1.37215e-15 -3.58817e-15 -0.416164 -3.56209e-16 -4.74722e-16)
(-2.20772e-16 0 0 13.2694 2.78462e-15 -1.97011e-15 -0.435584 1.24554e-14 -3.07706e-15)
(8.8309e-16 0 1.87626e-31 13.2694 1.56257e-15 -3.72029e-15 -0.435584 -4.01854e-16 -5.28284e-16)
(-2.48183e-16 -1.34323e-31 -8.95489e-32 13.2567 2.96394e-15 -1.90744e-15 -0.455863 1.24972e-14 -3.18994e-15)
(-9.92732e-16 1.34323e-31 8.95489e-32 13.2567 1.30788e-15 -3.85982e-15 -0.455863 -4.44778e-16 -5.88356e-16)
(0 -1.28218e-31 -8.54787e-32 13.2423 3.07403e-15 -1.84795e-15 -0.477018 1.25365e-14 -3.27045e-15)
(-1.10752e-15 1.28218e-31 8.54787e-32 13.2423 1.17913e-15 -3.97894e-15 -0.477018 -4.82151e-16 -6.55785e-16)
(6.1384e-16 0 0 13.2258 3.01197e-15 -1.77008e-15 -0.499058 1.25774e-14 -3.35526e-15)
(0 0 0 13.2258 1.7963e-15 -4.09816e-15 -0.499058 -5.21644e-16 -7.31594e-16)
(-3.38369e-16 0 0 13.2062 2.50851e-15 -1.68853e-15 -0.521976 1.26195e-14 -3.52024e-15)
(1.35347e-15 0 -1.5577e-31 13.2062 2.29274e-15 -4.24376e-15 -0.521976 -5.68349e-16 -8.16296e-16)
(-7.29381e-17 0 -1.4869e-31 13.1824 2.2361e-15 -1.2074e-14 -0.545744 1.26676e-14 -3.87253e-15)
(-2.1548e-15 0 0 13.1824 1.93052e-15 -4.33862e-15 -0.545744 -6.18538e-16 -9.10861e-16)
(4.0575e-16 7.0966e-32 0 13.1528 2.52163e-15 -2.61969e-14 -0.570302 1.27158e-14 -3.92285e-15)
(0 0 0 13.1528 1.82499e-15 -4.37782e-15 -0.570302 -6.59357e-16 -1.01812e-15)
(4.41819e-16 0 0 13.1154 2.83937e-15 -3.05218e-14 -0.595547 1.27555e-14 -3.89043e-15)
(0 1.35481e-31 0 13.1154 1.94115e-15 -4.42709e-15 -0.595547 -7.01372e-16 -1.13902e-15)
(1.06199e-15 0 -2.58646e-31 13.0673 2.55309e-15 -3.16469e-14 -0.621322 1.27883e-14 -3.84257e-15)
(-1.91827e-15 0 0 13.0673 2.34555e-15 -4.48024e-15 -0.621322 -7.3389e-16 -1.27323e-15)
(5.19061e-16 0 0 13.005 1.63923e-15 -3.25894e-14 -0.647394 1.28254e-14 -3.77846e-15)
(-5.55947e-16 0 4.93781e-31 13.005 3.33763e-15 -4.46664e-15 -0.647394 -7.68898e-16 -1.42375e-15)
(1.12074e-15 1.17834e-31 -4.71337e-31 12.9242 1.02631e-15 -3.33892e-14 -0.673446 1.28696e-14 -3.69677e-15)
(0 -1.17834e-31 4.71337e-31 12.9242 3.7527e-15 -4.46215e-15 -0.673446 -8.23054e-16 -1.59033e-15)
(2.02623e-15 1.12479e-31 -1.34974e-30 12.8196 1.28485e-15 -3.38341e-14 -0.699061 1.29344e-14 -3.59322e-15)
(-2.02623e-15 -1.12479e-31 8.99829e-31 12.8196 3.87157e-15 -4.48253e-15 -0.699061 -8.10275e-16 -1.76982e-15)
(0 0 0 12.6856 2.15187e-15 -3.38348e-14 -0.72372 1.29739e-14 -3.47313e-15)
(0 0 0 12.6856 3.73634e-15 -4.23733e-15 -0.72372 -5.9512e-16 -1.96846e-15)
(0 -2.04973e-31 3.27956e-30 12.5159 2.82119e-15 -3.33897e-14 -0.746814 1.29738e-14 -3.32692e-15)
(-9.23115e-16 2.04973e-31 -2.45967e-30 12.5159 2.65944e-15 -3.78717e-15 -0.746814 -3.46052e-16 -2.19124e-15)
(7.44567e-16 0 -7.82625e-31 12.3046 2.47971e-15 -3.23037e-14 -0.76767 1.29781e-14 -3.15458e-15)
(0 0 7.82625e-31 12.3046 2.43619e-15 -3.45145e-15 -0.76767 -3.77381e-16 -2.43217e-15)
(0 -3.73527e-31 1.49411e-30 12.0468 1.04407e-16 -3.08488e-14 -0.785603 1.29785e-14 -2.96518e-15)
(1.49917e-15 3.73089e-31 0 12.0468 3.30151e-15 -3.11247e-15 -0.785603 -3.13938e-16 -2.68843e-15)
(-8.47863e-16 -2.83644e-31 2.8524e-30 11.7392 0 -2.91329e-14 -0.79998 1.29678e-14 -2.75071e-15)
(-8.02878e-16 -3.5655e-31 -2.1393e-30 11.7392 3.33602e-15 -2.51421e-15 -0.79998 -2.10569e-16 -2.95879e-15)
(1.80388e-15 0 -2.72275e-30 11.3808 1.97322e-16 -2.70951e-14 -0.810296 1.29423e-14 -2.51086e-15)
(3.60777e-15 4.27216e-31 2.72275e-30 11.3808 2.75875e-15 -1.93582e-15 -0.810296 -1.78974e-16 -3.24692e-15)
(1.91469e-15 0 0 10.9739 4.58799e-16 -2.46024e-14 -0.816233 1.28961e-14 -2.24225e-15)
(0 0 0 10.9739 2.06912e-15 -1.87555e-15 -0.816233 -1.2646e-16 -3.54005e-15)
(1.3966e-15 0 3.7213e-30 10.5235 2.46061e-16 -2.17145e-14 -0.817705 1.28583e-14 -1.95782e-15)
(-1.3966e-15 -3.10109e-31 -4.96174e-30 10.5235 1.81625e-15 -1.7243e-15 -0.817705 -1.56229e-16 -3.82588e-15)
(1.33313e-15 2.96014e-31 -1.18405e-30 10.0374 3.44225e-16 -1.85648e-14 -0.814862 1.28233e-14 -1.6561e-15)
(0 0 2.36811e-30 10.0374 2.15614e-15 -1.06256e-15 -0.814862 -1.9539e-16 -4.11675e-15)
(1.1284e-15 0 -3.39071e-30 9.52512 2.66126e-16 -1.55192e-14 -0.808065 1.27285e-14 -1.35939e-15)
(0 0 3.39071e-30 9.52512 2.35258e-15 -4.79261e-16 -0.808065 -2.05732e-16 -4.42317e-15)
(0 2.69717e-31 5.39433e-30 8.99721 7.19972e-17 -1.2706e-14 -0.797827 1.26252e-14 -1.04946e-15)
(0 -2.69717e-31 -5.39433e-30 8.99721 2.15516e-15 2.36046e-17 -0.797827 -1.78357e-16 -4.7282e-15)
(1.24306e-15 0 0 8.46397 7.18582e-16 -1.00972e-14 -0.784752 1.24934e-14 -7.52734e-16)
(-1.15949e-15 -2.57458e-31 0 8.46397 1.85692e-15 7.81132e-16 -0.784752 -1.68689e-16 -5.04262e-15)
(-9.13935e-16 2.45756e-31 7.86418e-30 7.9348 2.10559e-15 -8.12383e-15 -0.769472 1.23156e-14 -4.65805e-16)
(5.19854e-15 0 -5.89814e-30 7.9348 -9.86076e-32 1.13332e-15 -0.769472 -2.95823e-31 -5.38422e-15)
(-4.98351e-15 -4.69172e-31 -1.87669e-30 7.41763 2.80605e-15 -6.19177e-15 -0.752589 1.21226e-14 -1.7967e-16)
(7.53445e-15 7.42141e-32 3.75337e-30 7.41763 -9.36364e-16 3.73365e-16 -0.752589 -5.8761e-17 -5.70691e-15)
(2.82017e-15 0 3.58278e-30 6.91865 1.85368e-15 -3.87274e-15 -0.734649 1.193e-14 9.67647e-17)
(-4.03385e-15 -2.23923e-31 -3.58278e-30 6.91865 4.0471e-16 1.63739e-16 -0.734649 3.57992e-18 -5.99735e-15)
(2.92726e-15 0 -3.72732e-32 6.44233 8.62645e-16 -2.15939e-15 -0.716116 1.17522e-14 1.91906e-16)
(-1.92525e-15 0 0 6.44233 2.44364e-15 1.00253e-15 -0.716116 1.09534e-16 -6.32928e-15)
(-3.21822e-16 -4.08061e-31 0 5.99157 4.5687e-16 9.86076e-32 -0.697371 1.15435e-14 -2.95823e-31)
(4.22595e-15 5.38043e-30 -1.63225e-30 5.99157 1.4681e-15 1.18367e-15 -0.697371 2.25618e-16 -6.68913e-15)
(1.5669e-15 0 -1.01645e-31 5.56794 -3.92634e-16 2.01078e-16 -0.678711 1.13192e-14 3.07061e-17)
(0 4.64863e-30 0 5.56794 1.31915e-16 1.27085e-15 -0.678711 3.77974e-16 -7.04255e-15)
(-3.23309e-15 0 1.84067e-30 5.17194 -9.24911e-16 2.89214e-16 -0.660362 1.10939e-14 1.87261e-17)
(-1.67449e-15 0 0 5.17194 5.74678e-16 1.57483e-15 -0.660362 6.37548e-16 -7.44748e-15)
(1.66485e-15 0 -2.99144e-30 4.80332 -9.1811e-16 1.3954e-15 -0.642486 1.0911e-14 1.21933e-16)
(6.65939e-15 4.75799e-31 2.83929e-30 4.80332 0 1.4515e-15 -0.642486 8.57124e-16 -7.85392e-15)
(0 3.3878e-31 4.06536e-30 4.46123 -1.48172e-15 2.3792e-15 -0.625196 1.0731e-14 2.59884e-16)
(-8.37304e-15 -3.3878e-31 -1.35512e-30 4.46123 -2.8716e-16 1.92268e-15 -0.625196 1.09675e-15 -8.25341e-15)
(1.75752e-15 -3.23382e-31 -4.03972e-30 4.14449 -1.60772e-15 2.87574e-15 -0.608561 1.05359e-14 4.20119e-16)
(7.03007e-15 5.14032e-30 3.88058e-30 4.14449 -1.22203e-16 2.58463e-15 -0.608561 1.42337e-15 -8.04503e-15)
(1.80196e-15 3.08684e-31 3.5237e-30 3.85165 -1.21428e-15 2.82356e-15 -0.592624 1.0283e-14 4.36599e-16)
(-7.20783e-15 -3.08684e-31 -3.7042e-30 3.85165 -1.39707e-15 2.9325e-15 -0.592624 1.69714e-15 -7.78507e-15)
(1.84519e-15 -2.94653e-31 -4.92483e-30 3.58118 -1.13892e-15 3.13573e-15 -0.577398 1.00927e-14 4.44417e-16)
(0 2.94653e-31 4.71445e-30 3.58118 -6.32886e-16 3.40989e-15 -0.577398 2.02519e-15 -7.51776e-15)
(-6.30792e-15 2.81261e-31 7.15155e-30 3.3315 1.81756e-16 3.15898e-15 -0.562884 9.85514e-15 5.83616e-16)
(0 -5.62522e-31 -5.62522e-30 3.3315 5.87544e-16 2.37506e-15 -0.562884 2.23263e-15 -7.21789e-15)
(-2.41823e-15 2.68477e-31 6.44345e-30 3.10105 1.11383e-15 3.52689e-15 -0.549067 9.42359e-15 4.95899e-16)
(0 -5.36954e-31 -5.36954e-30 3.10105 4.18619e-16 -9.06325e-16 -0.549067 2.51259e-15 -6.90873e-15)
(-1.96817e-15 0 -1.83709e-30 2.88831 -2.88213e-16 3.82703e-15 -0.535926 9.0218e-15 7.75617e-16)
(0 2.12883e-30 4.10039e-30 2.88831 1.25843e-44 -3.81731e-15 -0.535926 2.82995e-15 -6.45187e-15)
(0 4.89253e-31 5.87103e-30 2.69187 -1.44605e-15 3.01492e-15 -0.52343 8.69756e-15 6.59713e-16)
(-8.02836e-15 -4.89253e-31 -5.87103e-30 2.69187 -4.03036e-16 -4.00592e-15 -0.52343 3.05054e-15 -6.00128e-15)
(0 4.67016e-31 2.80209e-30 2.51038 -1.6751e-15 2.8738e-15 -0.51155 8.47139e-15 5.23946e-16)
(3.97374e-15 0 -1.86806e-30 2.51038 -1.71489e-29 -3.34089e-15 -0.51155 3.18497e-15 -5.64942e-15)
(-2.15659e-15 4.45789e-31 5.8385e-30 2.34259 -1.63123e-15 2.89732e-15 -0.50025 8.21907e-15 6.64451e-16)
(-1.03362e-14 -4.45789e-31 -5.34947e-30 2.34259 -1.24912e-15 -3.08348e-15 -0.50025 3.3879e-15 -5.22204e-15)
(-5.95114e-15 2.12764e-31 7.04876e-30 2.18736 -4.91149e-16 2.97626e-15 -0.489495 7.91361e-15 5.85431e-16)
(0 -4.25527e-31 -5.10633e-30 2.18736 -9.48447e-16 -3.26136e-15 -0.489495 3.64767e-15 -4.83677e-15)
(7.96603e-15 0 -4.09989e-31 2.04363 2.40783e-16 3.17799e-15 -0.479251 7.53861e-15 7.65817e-16)
(4.95626e-15 2.71671e-30 0 2.04363 1.75522e-29 -3.68927e-15 -0.479251 3.76683e-15 -4.36704e-15)
(-1.30399e-15 -1.93862e-31 2.92331e-30 1.91043 5.61995e-17 2.23446e-15 -0.469482 7.20392e-15 7.40436e-16)
(0 -1.93862e-31 -3.1018e-30 1.91043 -2.16441e-16 -3.0067e-15 -0.469482 3.81817e-15 -3.87539e-15)
(4.44439e-15 -3.70102e-31 -1.94938e-30 1.78688 2.02204e-16 1.67243e-15 -0.460156 6.80604e-15 3.60649e-16)
(8.88879e-15 -1.75162e-44 1.48041e-30 1.78688 -1.58764e-29 -1.79975e-15 -0.460156 3.72075e-15 -3.54871e-15)
(-2.25536e-15 -3.5328e-31 -2.62024e-30 1.67218 6.55085e-16 2.8557e-15 -0.451239 6.56691e-15 5.13194e-16)
(-9.02146e-15 3.5328e-31 4.23936e-30 1.67218 -9.36237e-16 -1.62442e-15 -0.451239 3.96763e-15 -3.27567e-15)
(-6.07487e-15 -3.37223e-31 -2.69778e-30 1.5656 1.37581e-15 3.49366e-15 -0.4427 6.36935e-15 1.05624e-15)
(2.13403e-14 1.93365e-30 4.04668e-30 1.5656 -1.20093e-15 -2.62115e-15 -0.4427 3.9392e-15 -2.81106e-15)
(2.31972e-15 0 -2.65904e-30 1.46647 0 2.84842e-15 -0.434509 5.92208e-15 9.36252e-16)
(1.21782e-14 0 1.28758e-30 1.46647 -3.45516e-15 -2.12546e-15 -0.434509 4.08465e-15 -2.3846e-15)
(5.5352e-15 7.68163e-32 -2.45812e-30 1.37418 -4.62776e-15 2.66692e-15 -0.426639 6.15354e-15 7.63977e-16)
(0 0 1.22906e-30 1.37418 -3.59165e-15 -7.64471e-16 -0.426639 4.5002e-15 -2.25964e-15)
(4.76323e-15 7.33248e-32 1.05044e-30 1.28818 -4.0887e-15 2.57913e-15 -0.41906 6.57118e-15 9.11061e-16)
(0 -1.28318e-31 -2.3464e-30 1.28818 -1.99218e-15 -2.15244e-15 -0.41906 4.70849e-15 -2.0042e-15)
(0 0 0 1.20798 -1.46489e-15 3.08949e-15 -0.411749 6.66977e-15 7.79447e-16)
(0 0 0 1.20798 -6.02287e-16 -5.63413e-15 -0.411749 4.6253e-15 -1.3143e-15)
(4.88252e-15 -6.68109e-32 -1.06897e-30 1.13311 2.1034e-16 2.40924e-15 -0.404679 6.54096e-15 1.11741e-15)
(9.76503e-15 6.68109e-32 1.06897e-30 1.13311 5.02383e-16 -5.42007e-15 -0.404679 4.55509e-15 -4.20934e-17)
(0 6.37742e-32 0 1.06316 5.56488e-16 1.48993e-15 -0.397828 6.12043e-15 3.53536e-16)
(-1.21789e-14 7.00649e-46 0 1.06316 -3.77692e-45 -6.43117e-16 -0.397828 4.68177e-15 4.78917e-16)
(-4.69209e-15 2.43502e-31 1.94802e-30 0.997758 9.84219e-16 2.18865e-15 -0.391172 5.66511e-15 5.82299e-16)
(-9.99527e-15 0 0 0.997758 -1.08337e-15 1.32349e-15 -0.391172 4.95518e-15 1.98593e-16)
(-2.52686e-15 2.86305e-30 0 0.936547 -1.38051e-29 2.72832e-15 -0.38469 5.15762e-15 5.76735e-16)
(0 0 0 0.936547 -2.00074e-16 2.83599e-16 -0.38469 4.97301e-15 2.06765e-17)
(0 0 -1.77496e-30 0.879215 -7.0122e-16 2.63768e-15 -0.37836 4.83804e-15 2.49017e-16)
(-1.02177e-14 0 0 0.879215 -1.43402e-15 2.79219e-17 -0.37836 4.87193e-15 -1.44518e-16)
(0 0 0 0.825473 -2.94598e-15 1.17958e-15 -0.372161 4.887e-15 -7.29431e-17)
(0 1.05893e-31 0 0.825473 -4.56628e-16 6.67336e-16 -0.372161 5.09277e-15 -5.37989e-17)
(-7.28358e-15 8.0864e-31 8.0864e-31 0.775054 -3.18801e-15 -7.80892e-16 -0.366073 5.30092e-15 -2.31935e-16)
(3.64179e-15 -1.33123e-44 0 0.775054 -1.19315e-29 1.63396e-15 -0.366073 5.10053e-15 -7.00501e-17)
(-8.41815e-16 0 7.71886e-31 0.727715 -9.19665e-16 -1.2836e-15 -0.360076 5.65251e-15 1.80842e-16)
(3.47626e-15 -3.85943e-31 0 0.727715 -2.13705e-15 7.58826e-16 -0.360076 5.23177e-15 -2.69452e-16)
(8.63878e-15 0 0 0.683232 -6.88617e-16 -1.28837e-15 -0.354148 5.78615e-15 6.65953e-16)
(0 0 0 0.683232 -2.46683e-15 -1.19556e-15 -0.354148 5.75246e-15 -3.64129e-16)
(3.16744e-15 -3.51657e-31 8.75812e-47 0.641398 -2.34515e-15 1.61369e-45 -0.348269 6.27417e-15 6.63482e-31)
(0 0 1.40663e-30 0.641398 -1.24805e-15 -9.99397e-16 -0.348269 6.3407e-15 -5.83461e-17)
(-3.02348e-15 1.34269e-30 2.68539e-30 0.602023 7.23462e-16 2.10644e-15 -0.342417 6.83566e-15 6.17578e-16)
(0 -6.71347e-31 -1.34269e-30 0.602023 1.23336e-16 6.99156e-16 -0.342417 6.37364e-15 2.06799e-16)
(2.7352e-15 6.79236e-31 0 0.564928 1.97215e-31 3.4291e-15 -0.336571 6.02257e-15 7.23192e-16)
(-2.88606e-15 0 0 0.564928 -1.80859e-16 2.06778e-15 -0.336571 5.81989e-15 3.69686e-16)
(2.75936e-15 0 0 0.529952 -1.38059e-15 1.65699e-15 -0.330705 6.26923e-15 1.0751e-16)
(0 0 0 0.529952 -7.08813e-16 1.10442e-15 -0.330705 6.33583e-15 1.09979e-16)
(0 5.83903e-31 -5.47382e-47 0.49694 -2.53574e-15 0 -0.324794 6.57031e-15 9.86076e-32)
(0 -2.30038e-31 0 0.49694 -4.43647e-16 1.31679e-16 -0.324794 6.57419e-15 5.36348e-16)
(-2.96355e-16 -5.57364e-31 5.10514e-33 0.46575 -2.83918e-15 1.03487e-15 -0.318812 6.88695e-15 7.17119e-16)
(-2.2452e-14 0 -7.232e-31 0.46575 -2.11254e-15 1.36394e-15 -0.318812 6.68556e-15 4.71298e-16)
(2.39605e-15 -2.12812e-30 0 0.436247 -1.57683e-15 1.83261e-15 -0.312726 7.60126e-15 7.13163e-16)
(-2.26357e-14 1.06406e-30 -5.32031e-31 0.436247 -4.49125e-15 1.97594e-15 -0.312726 7.76531e-15 -1.96327e-16)
(0 -1.37741e-30 0 0.408307 -1.48832e-15 3.51607e-15 -0.306503 7.7081e-15 6.56079e-16)
(0 1.0157e-30 0 0.408307 -1.76262e-15 8.08718e-16 -0.306503 7.27744e-15 4.90337e-16)
(7.24058e-15 -3.38375e-30 -4.84767e-31 0.381809 -1.47455e-15 1.59091e-15 -0.300104 4.782e-15 7.99782e-16)
(-7.13035e-15 4.62326e-30 0 0.381809 -2.221e-15 9.67692e-16 -0.300104 4.16116e-15 4.08746e-16)
(7.06386e-15 -4.10268e-31 -4.62733e-31 0.356638 1.15259e-15 -5.23066e-16 -0.293484 4.44988e-15 -4.69256e-16)
(-1.57516e-14 -8.75812e-47 -1.48037e-31 0.356638 1.59179e-45 5.94672e-46 -0.293484 -3.72092e-45 -2.66681e-16)
(0 -1.12104e-44 0 0.332686 -2.46519e-30 2.8716e-16 -0.286593 1.94573e-15 -8.99424e-16)
(0 0 0 0.332686 3.26961e-15 -1.45402e-15 -0.286593 3.40941e-15 -2.48013e-16)
(6.7358e-15 1.8815e-31 -4.21625e-31 0.309845 -2.09056e-16 -9.76275e-16 -0.279371 1.88754e-15 -1.62674e-15)
(-3.79766e-15 0 4.21625e-31 0.309845 2.08334e-15 -4.47201e-15 -0.279371 2.44324e-15 -1.13431e-15)
(-2.95858e-15 6.30588e-31 0 0.28801 -2.47741e-16 -3.45506e-15 -0.271746 2.26639e-15 -1.14317e-15)
(-1.54594e-14 0 0 0.28801 -4.93038e-32 0 -0.271746 6.39061e-15 0)
(-2.97856e-15 6.98568e-31 0 0.267077 3.98723e-16 -2.51796e-46 -0.263633 1.78677e-15 -1.09238e-16)
(-2.38285e-14 2.93058e-30 0 0.267077 -5.2293e-16 3.02427e-15 -0.263633 3.83373e-15 3.64972e-17)
(2.99806e-15 -6.35718e-31 7.33416e-31 0.24694 3.22164e-16 1.16903e-15 -0.254929 1.66311e-15 -1.26126e-15)
(0 1.50339e-31 -7.33416e-31 0.24694 -5.09908e-16 8.08329e-16 -0.254929 3.17202e-15 -7.95797e-16)
(3.15289e-15 -1.40016e-30 0 0.227488 -2.1782e-16 -3.934e-15 -0.245508 1.98956e-15 -2.82973e-16)
(-2.72894e-14 6.89206e-30 0 0.227488 -9.6912e-16 -1.59942e-15 -0.245508 1.5823e-15 1.33255e-16)
(0 0 1.35899e-31 0.208604 1.09245e-15 -4.09168e-15 -0.235211 1.36606e-15 9.5057e-16)
(0 0 1.33652e-30 0.208604 5.37372e-16 -4.1176e-15 -0.235211 4.93248e-16 2.14342e-16)
(5.92622e-15 4.13421e-32 -4.11631e-45 0.190163 0 3.9443e-31 -0.22384 4.6194e-15 -1.06496e-29)
(-2.87279e-15 0 0 0.190163 4.45563e-16 -7.38429e-16 -0.22384 2.49246e-15 9.88699e-16)
(5.48444e-15 0 0 0.172019 -2.00497e-15 2.19011e-15 -0.211141 1.26834e-15 -7.09332e-16)
(1.22829e-14 -2.21517e-30 0 0.172019 -8.62496e-16 2.20041e-15 -0.211141 2.98067e-15 -2.59061e-16)
(3.08736e-15 2.18335e-31 0 0.15401 1.86904e-16 0 -0.196788 8.70287e-16 -4.54822e-17)
(7.11428e-15 -2.88356e-30 0 0.15401 -6.3737e-16 4.67609e-16 -0.196788 1.80619e-15 -7.20678e-16)
(0 0 0 0.135944 1.32197e-16 -2.35891e-16 -0.180359 1.3087e-15 5.88616e-17)
(-1.24132e-14 3.00898e-30 0 0.135944 -9.75698e-16 -1.35864e-16 -0.180359 1.67887e-15 3.56206e-16)
(0 0 -4.44833e-32 0.117592 -1.17485e-15 1.22319e-31 -0.161312 2.59315e-15 -8.0134e-17)
(0 8.75812e-47 -1.05917e-30 0.117592 -9.86076e-32 4.21281e-16 -0.161312 4.40929e-31 4.22393e-16)
(0 -1.20144e-31 0 0.0986896 -9.86076e-32 6.57853e-16 -0.138961 -1.09715e-30 -5.66029e-16)
(0 1.01103e-30 -6.41837e-31 0.0986896 -1.42019e-16 1.68016e-15 -0.138961 1.26935e-15 -1.05983e-15)
(0 0 -3.7222e-45 0.0789431 3.86586e-16 1.65299e-59 -0.112488 1.04026e-15 6.70532e-30)
(1.25843e-14 -3.43263e-30 0 0.0789431 1.21615e-16 1.89837e-15 -0.112488 2.86747e-16 3.70015e-16)
(-3.15824e-15 1.78259e-30 -4.60607e-31 0.058062 7.59276e-17 5.18513e-16 -0.0809989 2.27653e-15 -3.64817e-15)
(0 -9.21214e-31 4.60607e-31 0.058062 4.01389e-16 -4.63491e-17 -0.0809989 9.03514e-16 -9.5211e-17)
(0 0 -7.00649e-46 0.0358266 7.00705e-46 2.55883e-44 -0.0436808 4.73317e-30 -2.03669e-15)
(0 0 0 0.0358266 9.7833e-16 -7.39795e-16 -0.0436808 1.22709e-15 -1.96722e-15)
(-1.84097e-18 0 0 8.37864e-11 2.91023e-15 -1.51731e-15 -7.6902e-11 3.93138e-15 -3.55751e-15)
(1.47277e-17 8.97231e-31 -1.00379e-31 8.38251e-11 1.074e-15 -4.43734e-31 -7.69376e-11 3.06152e-15 -5.56913e-16)
(3.68194e-18 -1.8179e-31 0 -6.96771e-13 4.65095e-16 -3.29693e-15 6.43041e-13 -2.56108e-15 -1.92217e-15)
(0 4.19688e-31 0 -7.45156e-13 2.19733e-15 8.60436e-16 6.85674e-13 -4.40563e-15 4.97581e-16)
(0 0 0 -0.0358266 8.22263e-16 1.16717e-15 0.0436808 -3.00846e-15 -5.57764e-16)
(0 0 0 -0.0358266 1.50813e-15 1.94189e-15 0.0436808 -2.26846e-15 -1.05487e-15)
(0 0 0 -0.058062 6.76807e-18 -1.38813e-15 0.0809989 -1.3936e-15 1.63851e-16)
(0 -1.21589e-31 0 -0.058062 -1.45397e-31 -3.9443e-31 0.0809989 -8.76141e-16 1.27844e-46)
(3.14607e-15 -7.6693e-32 -2.4127e-31 -0.0789431 -2.5833e-16 -1.66771e-15 0.112488 -2.06212e-16 -1.14545e-15)
(0 -2.4127e-31 2.4127e-31 -0.0789431 -1.60388e-16 -3.27953e-15 0.112488 -2.62847e-16 -2.02628e-15)
(-6.2655e-15 8.39921e-32 0 -0.0986896 -4.42256e-16 1.91787e-15 0.138961 -1.12046e-15 2.07394e-16)
(0 0 0 -0.0986896 3.98312e-16 3.3844e-16 0.138961 -1.3563e-16 4.48738e-16)
(-3.11845e-15 0 -7.91333e-31 -0.117592 4.93288e-47 6.32924e-16 0.161312 -1.97215e-31 4.60347e-16)
(-1.24738e-14 -2.64793e-31 1.05917e-30 -0.117592 -1.00056e-15 5.71131e-16 0.161312 -1.08744e-15 -3.94043e-16)
(-3.1033e-15 0 0 -0.135944 5.39126e-16 -2.98622e-31 0.180359 -1.46795e-15 -2.13406e-46)
(-1.24132e-14 3.76427e-31 5.54803e-31 -0.135944 -1.36465e-15 1.05178e-15 0.180359 -1.49311e-15 2.90674e-16)
(3.08736e-15 5.8122e-31 3.7303e-31 -0.15401 -6.88814e-16 -2.15744e-15 0.196788 -2.04349e-15 1.14644e-15)
(1.23494e-14 -1.6339e-30 0 -0.15401 -6.96213e-16 4.47234e-16 0.196788 -4.61394e-16 4.0718e-16)
(2.41372e-15 -4.85626e-31 0 -0.172019 -9.25355e-16 -2.26755e-15 0.211141 -1.68259e-15 -5.05248e-16)
(1.22829e-14 -2.12502e-30 8.13724e-31 -0.172019 -3.36287e-16 -7.60477e-16 0.211141 -3.91178e-16 -1.15331e-16)
(0 -6.37888e-31 0 -0.190163 -1.12925e-16 3.34018e-16 0.22384 -1.01356e-15 1.31122e-16)
(2.44274e-14 -2.38221e-43 0 -0.190163 -2.68174e-29 -2.04531e-16 0.22384 -5.45751e-46 -6.70627e-17)
(-3.03553e-15 2.905e-31 6.68262e-31 -0.208604 2.56719e-16 -4.59444e-16 0.235211 -8.61391e-16 -1.18845e-16)
(0 0 0 -0.208604 5.19539e-16 -8.85286e-30 0.235211 -2.26515e-15 0)
(-3.01706e-15 2.92828e-31 3.50041e-31 -0.227488 -3.21208e-16 7.59385e-16 0.245508 -9.27783e-16 -5.21729e-16)
(1.20682e-14 3.52955e-31 0 -0.227488 -5.42342e-31 -1.94143e-15 0.245508 -1.96973e-15 2.58079e-16)
(0 0 0 -0.24694 -5.55341e-16 1.97215e-31 0.254929 -6.01997e-16 -5.88593e-16)
(-1.52953e-14 3.66708e-31 0 -0.24694 -1.79065e-15 1.26202e-15 0.254929 -3.17205e-15 -7.42493e-16)
(0 -7.68339e-31 0 -0.267077 7.66539e-17 1.4548e-15 0.263633 -6.54732e-16 3.86e-16)
(0 0 0 -0.267077 -1.6263e-15 0 0.263633 -8.15303e-16 0)
(0 6.91554e-31 1.0491e-31 -0.28801 -1.87225e-30 9.36772e-31 0.271746 -2.49159e-15 1.97215e-31)
(0 4.02462e-31 0 -0.28801 -9.32201e-16 7.85287e-17 0.271746 -9.65574e-16 5.07388e-16)
(3.79766e-15 -4.02204e-31 0 -0.309845 -8.68459e-16 -1.32645e-15 0.279371 -3.96701e-16 4.39977e-16)
(-3.79766e-15 3.1857e-43 -8.13835e-44 -0.309845 3.58678e-29 -9.16297e-30 0.279371 0 1.97215e-31)
(-3.97849e-15 0 0 -0.332686 1.40756e-30 4.90255e-16 0.286593 0 -1.3009e-16)
(2.3338e-14 -2.13081e-30 0 -0.332686 4.18889e-16 -2.03621e-15 0.286593 -1.87168e-15 -4.01198e-16)
(0 -9.42297e-32 0 -0.356638 2.24839e-15 6.80477e-16 0.293484 -9.35798e-16 3.30777e-16)
(0 -2.88424e-31 0 -0.356638 -3.47983e-29 6.65332e-18 0.293484 -2.07831e-15 -6.92801e-16)
(-1.4922e-15 -6.82137e-31 1.56365e-32 -0.381809 1.17807e-15 -1.9679e-32 0.300104 -3.17482e-15 -5.63365e-17)
(0 1.93907e-30 1.4543e-30 -0.381809 5.43755e-16 -7.39191e-17 0.300104 -2.39708e-15 -4.45308e-16)
(0 2.41724e-44 -2.53925e-31 -0.408307 2.67532e-30 -3.41743e-15 0.306503 -2.60426e-15 7.83321e-17)
(2.28162e-14 -9.09641e-31 2.53925e-31 -0.408307 1.03987e-15 -1.2894e-16 0.306503 -2.96673e-15 -3.73487e-16)
(5.65893e-15 -1.23467e-31 -2.66015e-31 -0.436247 -2.57179e-16 -2.0772e-16 0.312726 -2.34022e-15 -7.89435e-16)
(1.13179e-14 -1.06973e-30 2.66015e-31 -0.436247 -1.8707e-17 9.77341e-16 0.312726 -1.62225e-15 -6.03786e-16)
(2.21379e-15 1.7196e-31 0 -0.46575 -6.94409e-16 1.78963e-15 0.318812 -1.56621e-15 -5.20305e-16)
(2.2452e-14 -3.88731e-30 2.78682e-31 -0.46575 4.72339e-16 2.08686e-15 0.318812 -1.63213e-16 2.77229e-16)
(2.78313e-15 -2.06898e-31 0 -0.49694 -1.95541e-16 2.15688e-15 0.324794 -1.5927e-15 -3.2356e-16)
(0 0 0 -0.49694 2.17281e-15 8.41392e-30 0.324794 -7.16673e-16 0)
(-5.51873e-15 5.39032e-31 0 -0.529952 1.36617e-15 0 0.330705 -6.94106e-16 -2.46519e-32)
(-5.50976e-15 -2.09142e-31 0 -0.529952 -1.97215e-31 -1.20458e-15 0.330705 -1.50703e-15 2.72729e-16)
(3.01719e-16 4.40635e-31 0 -0.564928 2.38604e-15 -2.77218e-15 0.336571 -1.25619e-15 -3.12186e-16)
(-5.77211e-15 0 0 -0.564928 3.13736e-16 -2.33952e-16 0.336571 -1.26402e-15 -2.86814e-17)
(2.71062e-15 1.00812e-30 -5.0351e-31 -0.602023 3.92503e-17 2.43707e-16 0.342417 -1.21542e-15 -6.51396e-16)
(1.08425e-14 -2.20259e-31 2.62801e-30 -0.602023 -6.90253e-31 -4.07631e-16 0.342417 -1.58714e-15 1.16939e-16)
(-2.68565e-15 -6.93354e-32 0 -0.641398 -1.26007e-15 5.11265e-16 0.348269 -6.72886e-16 -1.1219e-16)
(1.07426e-14 1.75828e-31 0 -0.641398 -9.82626e-17 -1.92826e-15 0.348269 -1.5782e-15 3.98769e-17)
(5.97852e-15 -3.85045e-31 1.84201e-31 -0.683232 -2.8635e-16 3.47685e-16 0.354148 -3.67729e-16 -1.95225e-16)
(1.0641e-14 1.84201e-31 0 -0.683232 4.92202e-16 -1.20208e-15 0.354148 -1.72367e-15 -1.26736e-16)
(-2.63445e-15 1.11166e-31 3.76738e-32 -0.727715 6.52497e-16 -3.9443e-31 0.360076 -3.4971e-16 0)
(0 0 -1.92971e-31 -0.727715 -2.33478e-45 -3.66386e-16 0.360076 -1.3561e-15 -3.75123e-16)
(-2.60822e-15 -2.39162e-31 0 -0.775054 1.27054e-15 -1.99493e-15 0.366073 -3.02604e-16 -1.2496e-16)
(0 0 -3.56248e-31 -0.775054 -2.38108e-16 5.49789e-17 0.366073 -6.66779e-16 -1.77978e-16)
(2.58155e-15 7.60792e-31 0 -0.825473 -5.91646e-31 -4.43526e-16 0.372161 -1.16606e-15 -6.30091e-17)
(1.03262e-14 -4.96968e-31 2.62743e-45 -0.825473 -1.89462e-16 2.97315e-31 0.372161 -2.33427e-16 1.72744e-47)
(0 0 0 -0.879215 -5.10313e-16 -6.72758e-16 0.37836 -1.84151e-16 -1.95565e-16)
(1.02177e-14 0 5.54676e-32 -0.879215 -7.85594e-30 -1.0559e-15 0.37836 0 -3.34875e-16)
(4.62045e-15 -2.14364e-31 -5.81087e-32 -0.936547 -5.60882e-17 -1.02092e-16 0.38469 -1.05229e-16 -3.93348e-16)
(1.81213e-14 1.16217e-31 1.16217e-31 -0.936547 4.86048e-17 1.40871e-16 0.38469 -6.21329e-16 -2.65314e-16)
(0 -1.21751e-31 6.08756e-32 -0.997758 -1.48407e-16 1.86416e-16 0.391172 -6.65266e-17 -2.89672e-16)
(0 0 -2.74613e-32 -0.997758 -2.50701e-29 -1.38881e-31 0.391172 0 -9.89399e-17)
(-2.29771e-15 0 0 -1.06316 -1.13759e-16 -3.62178e-16 0.397828 -7.03169e-17 -1.28361e-16)
(9.88116e-15 -7.37947e-32 0 -1.06316 8.91203e-16 -4.33609e-18 0.397828 -4.58196e-16 -9.0255e-17)
(4.88252e-15 -9.39727e-32 6.68109e-32 -1.13311 -1.47165e-16 -2.02392e-16 0.404679 -3.65253e-17 -2.02751e-16)
(0 -1.33622e-31 4.99213e-45 -1.13311 6.85388e-16 -5.53773e-31 0.404679 -6.39034e-16 1.2326e-32)
(0 7.00649e-45 0 -1.20798 -7.72626e-30 4.82054e-16 0.411749 0 -1.5927e-16)
(0 -4.86075e-45 -3.49961e-32 -1.20798 -5.47559e-31 -8.87074e-16 0.411749 -6.7855e-16 -8.86033e-17)
(4.76323e-15 -2.20816e-30 3.13582e-31 -1.28818 9.26234e-16 -2.46519e-32 0.41906 -1.52051e-16 -8.75383e-18)
(9.52645e-15 -1.3137e-31 -3.66624e-32 -1.28818 -5.05682e-16 -1.04542e-16 0.41906 -5.49064e-16 -2.87355e-16)
(-2.35096e-15 -1.66825e-31 0 -1.37418 3.9443e-31 9.64191e-17 0.426639 -6.0105e-16 8.82285e-17)
(0 0 -2.21542e-32 -1.37418 8.717e-16 -2.0822e-44 0.426639 -3.22736e-16 -1.59638e-16)
(-2.31972e-15 7.38117e-32 -1.1911e-44 -1.46647 2.72767e-16 -1.32541e-30 0.434509 -1.91081e-16 2.46519e-32)
(-2.89938e-15 1.60948e-31 0 -1.46647 7.93742e-17 -5.32143e-16 0.434509 -3.34396e-16 -9.17076e-17)
(2.28786e-15 1.3202e-31 8.43058e-32 -1.5656 -1.67633e-30 -4.55766e-16 0.4427 -3.17101e-16 4.54178e-17)
(9.15144e-15 -3.18052e-31 -8.43058e-32 -1.5656 9.03018e-16 -3.97245e-16 0.4427 -1.28932e-16 -2.14976e-16)
(0 0 -2.208e-32 -1.67218 -6.77262e-16 1.84341e-16 0.451239 -1.56417e-16 -1.5851e-17)
(0 0 -4.416e-32 -1.67218 9.54587e-17 5.40672e-16 0.451239 -3.77565e-16 -2.19206e-16)
(2.2222e-15 -1.77982e-31 7.55042e-31 -1.78688 6.90253e-31 7.4695e-17 0.460156 0 -9.22798e-18)
(-8.88879e-15 -2.58891e-58 -4.62627e-32 -1.78688 0 4.288e-16 0.460156 -5.20995e-16 -1.17213e-16)
(-5.68064e-15 -9.69311e-32 0 -1.91043 2.02813e-15 -1.99383e-48 0.469482 -4.63864e-16 7.70372e-34)
(-5.26099e-15 5.94618e-30 0 -1.91043 -1.15752e-29 1.89553e-16 0.469482 9.86076e-32 -1.66526e-16)
(0 1.5232e-31 0 -2.04363 1.45368e-15 -8.74645e-16 0.479251 -3.75723e-16 -6.53999e-17)
(8.61486e-15 -3.5756e-31 1.95302e-32 -2.04363 5.90777e-16 2.95823e-31 0.479251 -1.79889e-16 -1.4073e-16)
(2.11833e-15 -5.31909e-32 5.31909e-32 -2.18736 8.4669e-16 -6.23685e-16 0.489495 -3.95455e-16 -6.98729e-17)
(-1.9164e-15 0 -5.31909e-32 -2.18736 9.01796e-16 -1.68635e-16 0.489495 -1.02038e-16 -7.46636e-17)
(0 1.04955e-31 5.57236e-32 -2.34259 -9.71742e-31 -1.30989e-16 0.50025 -3.7814e-16 -9.28361e-17)
(8.3285e-15 1.33177e-31 -5.57236e-32 -2.34259 1.23768e-15 -2.45418e-17 0.50025 -3.1632e-16 -1.14323e-17)
(-2.04506e-15 0 -2.91885e-32 -2.51038 2.57492e-17 9.94974e-16 0.51155 -4.19539e-16 -1.35774e-16)
(0 -2.91885e-32 -6.74964e-33 -2.51038 4.06021e-16 -6.54684e-32 0.51155 -4.31724e-16 -4.86363e-17)
(-4.4068e-15 4.2649e-32 3.33213e-33 -2.69187 -4.43734e-31 -6.85705e-44 0.52343 -3.07318e-16 -2.40106e-17)
(1.60567e-14 3.05783e-32 0 -2.69187 2.41525e-16 1.86815e-18 0.52343 -3.94057e-16 -1.25364e-16)
(2.30832e-15 -8.00858e-32 0 -2.88831 3.26206e-16 -5.45165e-16 0.535926 -1.94519e-16 -1.1193e-16)
(-2.30832e-15 8.00858e-32 0 -2.88831 5.0127e-16 8.74562e-16 0.535926 -1.37737e-16 -4.92264e-17)
(1.92825e-15 2.37847e-31 6.71193e-32 -3.10105 -2.34193e-31 -3.6385e-16 0.549067 -1.4306e-16 -1.29018e-16)
(1.30077e-14 -5.98885e-32 -6.71193e-32 -3.10105 4.2791e-16 6.23801e-16 0.549067 -5.25981e-17 -1.14064e-17)
(-2.53337e-15 -8.7894e-33 3.51576e-32 -3.3315 -3.20233e-16 -2.65754e-16 0.562884 -1.75781e-16 -1.47866e-16)
(2.53337e-15 2.63682e-32 -1.05473e-31 -3.3315 -1.43857e-16 2.29576e-16 0.562884 -1.06602e-16 1.96503e-17)
(0 1.36537e-58 0 -3.58118 -1.53727e-44 1.23919e-16 0.577398 -1.62501e-16 -1.54113e-16)
(7.38077e-15 -1.43397e-31 -5.47382e-48 -3.58118 -1.53566e-16 -6.01529e-31 0.577398 -1.37965e-17 0)
(-1.80196e-15 -1.92927e-32 0 -3.85165 -7.64884e-16 -3.12928e-18 0.592623 -1.7817e-16 -1.09729e-16)
(0 3.85854e-32 -3.85854e-32 -3.85165 1.55093e-16 -3.43138e-16 0.592623 -2.44964e-16 5.51449e-17)
(-1.75752e-15 0 0 -4.14449 -1.04905e-16 -2.63938e-16 0.608562 -1.93788e-16 -1.29464e-16)
(7.03007e-15 0 6.61955e-32 -4.14449 2.94869e-31 -1.84023e-17 0.608562 1.52319e-47 1.05046e-17)
(1.71183e-15 2.31123e-31 -4.23475e-32 -4.46123 0 6.50668e-17 0.625196 -2.17722e-16 -1.32777e-16)
(0 0 -1.09476e-47 -4.46123 -6.28752e-16 -1.97215e-31 0.625196 -1.79638e-16 1.2326e-32)
(-1.66485e-15 0 0 -4.80332 3.29363e-16 5.40507e-17 0.642486 -1.93607e-16 -1.02457e-16)
(0 -4.65384e-44 4.43639e-32 -4.80332 -2.62007e-30 -2.22484e-16 0.642486 -6.15672e-48 8.4858e-17)
(1.61654e-15 -2.32382e-32 0 -5.17194 9.52531e-16 -1.70808e-16 0.660362 -1.68305e-16 -1.20563e-16)
(3.11721e-15 2.32382e-32 5.22621e-32 -5.17194 1.85054e-15 1.84713e-16 0.660362 -1.96328e-16 1.87038e-17)
(1.75422e-15 1.68413e-32 -4.86893e-32 -5.56794 -2.72488e-31 -1.6859e-16 0.678711 -1.21354e-16 -1.4217e-16)
(-1.75422e-15 -6.08616e-33 2.68874e-44 -5.56794 1.30507e-15 3.02794e-30 0.678711 -1.47785e-16 1.3514e-47)
(3.67549e-15 -2.8727e-30 -2.55038e-32 -5.99157 -6.32926e-16 -1.65e-16 0.697371 -3.73403e-17 -1.51961e-16)
(0 -4.27605e-32 5.10077e-32 -5.99157 -3.45127e-31 -6.39489e-16 0.697371 -1.54061e-16 4.81619e-17)
(0 0 0 -6.44233 1.48377e-15 -3.00084e-16 0.716116 -8.92779e-17 -1.54649e-16)
(5.85453e-15 1.33591e-32 0 -6.44233 7.62886e-17 -7.81417e-16 0.716116 -1.6558e-16 4.65729e-17)
(1.41008e-15 -1.31205e-32 -2.79904e-32 -6.91865 1.02327e-15 -2.55512e-16 0.734649 -3.35112e-17 -1.56286e-16)
(1.12807e-14 -1.86953e-32 2.79904e-32 -6.91865 -3.47785e-31 -8.81239e-17 0.734649 -1.34714e-16 5.46046e-18)
(-1.35537e-15 0 0 -7.41763 1.97973e-16 -3.24815e-17 0.752589 1.955e-18 -1.74736e-16)
(1.0843e-14 0 2.93232e-32 -7.41763 -9.72866e-16 3.68029e-16 0.752589 -1.61635e-16 1.37728e-17)
(0 7.67987e-33 -3.07195e-32 -7.9348 3.43297e-16 1.01972e-17 0.769472 2.01569e-17 -1.74687e-16)
(0 -1.53597e-32 6.14389e-32 -7.9348 -9.0382e-16 2.73378e-16 0.769472 -1.79937e-16 1.66558e-17)
(0 -2.41366e-32 6.43644e-32 -8.46397 -2.17998e-16 -4.81085e-17 0.784752 3.75185e-17 -1.75459e-16)
(-6.13174e-15 5.52131e-30 -1.26733e-30 -8.46397 -2.07958e-16 4.33217e-31 0.784752 -9.72279e-18 0)
(1.2147e-15 1.68573e-32 0 -8.99721 -4.2179e-16 1.25844e-18 0.797827 -3.44514e-18 -1.73344e-16)
(0 -3.37146e-32 3.37146e-32 -8.99721 2.03719e-16 -2.37071e-16 0.797827 -1.36105e-16 1.07601e-17)
(2.40093e-15 3.53199e-32 -7.06398e-32 -9.52512 4.94025e-17 3.0107e-17 0.808065 -2.00912e-17 -1.6189e-16)
(3.24105e-15 -7.6358e-32 7.06398e-32 -9.52512 2.14648e-16 -2.042e-16 0.808065 -4.48211e-17 2.83102e-17)
(1.07091e-15 -1.85009e-32 0 -10.0374 -6.58266e-16 1.00311e-17 0.814862 -1.77537e-17 -1.57015e-16)
(0 0 3.70017e-32 -10.0374 0 -1.05628e-16 0.814862 -1.2326e-32 4.33023e-18)
(0 0 0 -10.5235 -5.45742e-16 1.27834e-17 0.817705 -3.71863e-17 -1.44325e-16)
(0 1.93818e-32 -3.87636e-32 -10.5235 5.62389e-16 -3.038e-16 0.817705 -3.05285e-17 1.26571e-17)
(-1.91469e-15 -1.4317e-32 2.03047e-32 -10.9739 3.77869e-16 -7.57908e-17 0.816233 -2.48219e-17 -1.31272e-16)
(0 2.03047e-32 -2.03047e-32 -10.9739 1.56629e-16 -3.18677e-16 0.816233 -5.61926e-17 3.4015e-17)
(9.01941e-16 0 -6.38145e-32 -11.3808 4.48872e-16 -6.58601e-17 0.810296 -4.16057e-17 -1.24164e-16)
(0 0 6.38145e-32 -11.3808 4.02675e-17 -1.78742e-16 0.810296 -1.42416e-18 1.36875e-17)
(1.60576e-15 0 0 -11.7392 5.26915e-16 -6.44368e-17 0.79998 -3.66332e-17 -1.1568e-16)
(3.39145e-15 0 3.83235e-32 -11.7392 5.23526e-16 -2.38804e-16 0.79998 -8.92575e-17 1.16465e-17)
(7.95346e-16 3.44881e-30 0 -12.0468 3.41002e-17 -1.28636e-16 0.785603 -3.20702e-17 -1.07119e-16)
(-3.18138e-15 6.35218e-33 -1.081e-32 -12.0468 -8.18236e-17 -3.53988e-16 0.785603 -7.52639e-17 2.0398e-17)
(-7.44567e-16 6.46611e-33 0 -12.3046 0 -7.65466e-17 0.76767 -3.4353e-17 -9.96226e-17)
(2.97827e-15 -2.99984e-32 3.14462e-32 -12.3046 8.20937e-17 -4.26722e-16 0.76767 -3.3775e-17 2.51218e-17)
(-6.95641e-16 0 0 -12.5159 1.34526e-17 -4.3147e-17 0.746814 -3.7135e-17 -8.91503e-17)
(0 -6.4054e-33 0 -12.5159 6.94745e-17 -4.34665e-16 0.746814 -3.08335e-17 2.73319e-17)
(0 -4.86173e-63 4.02623e-32 -12.6856 -3.42114e-49 -1.69305e-16 0.72372 -2.59572e-17 -8.09584e-17)
(0 5.15436e-30 -4.02623e-32 -12.6856 1.66147e-16 -3.71444e-16 0.72372 -4.65677e-18 2.38019e-17)
(1.01312e-15 -3.51496e-33 2.81197e-32 -12.8196 -6.61078e-16 -1.69445e-16 0.699061 -1.75195e-17 -7.49423e-17)
(1.40105e-15 3.51496e-33 -1.71999e-32 -12.8196 1.38779e-15 -5.08081e-16 0.699061 -3.02125e-17 1.7977e-17)
(2.96889e-17 1.08601e-44 -2.94586e-32 -12.9242 -6.01198e-31 -1.91249e-16 0.673446 -6.16298e-33 -6.4481e-17)
(1.18011e-15 5.60519e-45 -1.47293e-32 -12.9242 -1.97215e-31 -5.98395e-16 0.673446 -1.6955e-17 3.1174e-17)
(-5.55947e-16 1.1573e-32 1.54306e-32 -13.005 6.20353e-16 -2.15296e-16 0.647394 -2.19502e-17 -5.9433e-17)
(2.07624e-15 -7.71532e-33 -1.38543e-32 -13.005 -3.27779e-17 -4.96674e-16 0.647394 -1.75373e-17 2.53961e-17)
(-5.82419e-16 8.08269e-33 3.23308e-32 -13.0673 5.76904e-16 -1.25454e-16 0.621322 -1.15071e-17 -5.27093e-17)
(3.83653e-15 7.10913e-46 -3.004e-32 -13.0673 -8.34939e-32 -4.32315e-16 0.621322 -1.39997e-17 2.30879e-17)
(-4.41819e-16 -2.11689e-33 0 -13.1154 4.30875e-16 -1.30719e-16 0.595547 -8.34954e-18 -4.68928e-17)
(0 3.70455e-33 1.69351e-32 -13.1154 -1.74697e-16 -3.99064e-16 0.595547 -8.57607e-18 1.72858e-17)
(-8.115e-16 3.91094e-34 0 -13.1528 1.34368e-16 -1.53183e-16 0.570302 -7.63191e-18 -4.21116e-17)
(1.623e-15 0 1.95626e-33 -13.1528 -7.0197e-17 -3.98614e-16 0.570302 -1.24804e-17 1.81498e-17)
(-3.71289e-16 1.543e-34 0 -13.1824 6.65904e-17 -1.5023e-16 0.545744 -3.85155e-18 -3.80992e-17)
(1.48516e-15 7.26026e-34 2.50765e-33 -13.1824 9.83202e-17 -3.93399e-16 0.545744 -1.02207e-17 1.57129e-17)
(3.50763e-16 1.90149e-33 0 -13.2062 9.00053e-17 -1.28622e-16 0.521976 -6.81774e-18 -3.36645e-17)
(-7.01526e-16 2.17883e-58 -9.73563e-33 -13.2062 -2.45294e-44 -4.15729e-16 0.521976 -8.2509e-18 1.61248e-17)
(-3.0692e-16 0 0 -13.2258 3.3189e-17 -1.26318e-16 0.499058 -7.09556e-18 -2.96704e-17)
(-1.22768e-15 1.59363e-34 9.8091e-33 -13.2258 -1.36378e-16 -4.07565e-16 0.499058 -5.29428e-18 1.60033e-17)
(-5.53758e-16 0 0 -13.2423 -2.61806e-16 -1.5096e-16 0.477018 -6.41505e-18 -2.64408e-17)
(1.10752e-15 0 6.27413e-34 -13.2423 1.58256e-17 -3.69732e-16 0.477018 -4.40757e-18 1.41038e-17)
(4.03292e-16 0 2.23872e-32 -13.2567 4.93038e-32 -1.56177e-16 0.455863 0 -2.40959e-17)
(-1.39602e-15 -8.88244e-34 -2.34586e-32 -13.2567 -3.69779e-32 -3.54166e-16 0.455863 -3.20024e-18 1.19783e-17)
(-2.20772e-16 2.13153e-30 5.8633e-33 -13.2694 2.73188e-16 -1.32039e-16 0.435584 -1.43493e-18 -2.17118e-17)
(8.8309e-16 3.66456e-34 -5.51314e-33 -13.2694 -3.23227e-17 -3.53133e-16 0.435584 -3.99449e-18 1.18284e-17)
(-3.89181e-16 0 0 -13.281 1.0286e-16 -1.18288e-16 0.416164 -1.59695e-18 -1.95279e-17)
(7.78361e-16 -3.83906e-34 6.33379e-33 -13.281 -1.56454e-17 -3.30389e-16 0.416164 -2.48504e-18 1.08494e-17)
(-3.39164e-16 0 0 -13.2916 0 -1.15307e-16 0.397579 -6.45175e-19 -1.76749e-17)
(6.78328e-16 -8.75812e-46 5.06922e-34 -13.2916 3.15825e-32 -3.07951e-16 0.397579 0 9.41647e-18)
(4.85767e-16 5.2667e-34 -6.74137e-33 -13.3015 2.05706e-17 -1.22097e-16 0.3798 -3.42906e-19 -1.60611e-17)
(1.74834e-15 -8.42671e-34 1.49965e-32 -13.3015 8.0494e-17 -2.92311e-16 0.3798 -1.73757e-18 8.60381e-18)
(-3.77329e-16 1.72819e-31 -1.41247e-32 -13.3108 3.08149e-33 -1.19038e-16 0.362799 1.92593e-34 -1.46995e-17)
(4.91522e-16 -1.98629e-33 1.46988e-32 -13.3108 -5.45095e-17 -2.76404e-16 0.362799 -4.74283e-19 7.72707e-18)
(-1.0109e-16 -9.2483e-34 3.69932e-33 -13.3196 -6.08096e-17 -1.10292e-16 0.346544 1.38907e-18 -1.34032e-17)
(-5.37642e-16 3.47508e-30 -8.01801e-33 -13.3196 -1.29825e-33 -2.64965e-16 0.346544 -1.92593e-34 7.01149e-18)
(1.39629e-16 2.21776e-34 0 -13.328 0 -1.12376e-16 0.331006 1.92593e-34 -1.22738e-17)
(3.21112e-16 -2.35831e-33 5.51108e-34 -13.328 7.85149e-18 -2.56466e-16 0.331006 -9.52594e-20 6.47225e-18)
(8.58754e-17 2.5375e-34 0 -13.3359 -4.89306e-17 -1.07391e-16 0.316154 1.26452e-19 -1.12832e-17)
(2.41606e-16 -3.80625e-34 4.55325e-33 -13.3359 1.31174e-16 -2.49992e-16 0.316154 -1.29353e-19 5.98553e-18)
(1.1804e-16 4.36287e-35 8.50666e-33 -13.3435 -1.97329e-33 -9.72333e-17 0.30196 -1.57189e-19 -1.03228e-17)
(8.9054e-17 1.74453e-34 -8.10902e-33 -13.3435 6.66946e-17 -2.4276e-16 0.30196 5.4341e-19 5.60418e-18)
(0 -1.04434e-34 6.68377e-33 -13.3507 -6.82564e-18 -9.22257e-17 0.288395 -2.87569e-19 -9.42375e-18)
(0 1.04434e-34 -6.68377e-33 -13.3507 1.1683e-17 -2.32083e-16 0.288395 2.2475e-19 5.14128e-18)
(-5.97669e-18 2.33268e-31 -7.00202e-33 -13.3576 3.08149e-33 -8.83233e-17 0.275433 0 -8.60075e-18)
(2.39068e-17 -4.27642e-50 7.3353e-33 -13.3576 0 -2.19976e-16 0.275433 -5.0959e-50 4.66587e-18)
(2.20239e-17 5.84052e-31 -9.78059e-33 -13.3642 -4.8874e-18 -4.67367e-16 0.186976 4.69919e-20 -7.85328e-18)
(-2.20239e-17 -5.36486e-31 7.19144e-29 -13.3642 1.19745e-17 -4.37639e-16 0.186976 -1.15134e-19 4.20786e-18)
(0 -2.11455e-31 -3.20196e-34 -13.3705 0 -4.97952e-16 0.0613706 8.79307e-32 -2.04649e-18)
(0 1.11863e-31 9.60589e-34 -13.3705 1.64895e-17 -1.37865e-15 0.0613706 -4.80273e-21 4.97741e-19)
(0 -8.39376e-31 0 0 9.92314e-16 0 0 2.56108e-15 0)
(1.47277e-17 5.26596e-32 0 -3.29208e-13 1.074e-15 -2.65593e-15 -1.20792e-13 9.8571e-16 -4.97581e-16)
(0 -2.18953e-47 1.75869e-30 -0.0358266 8.86345e-48 1.19686e-15 -0.0436808 -3.63672e-32 5.57764e-16)
(1.26762e-14 0 9.80909e-45 -0.0358266 2.50084e-15 -3.67627e-44 -0.0436808 2.26846e-15 8.48025e-30)
(0 2.30303e-31 0 -0.058062 2.07476e-15 9.86076e-32 -0.0809989 1.3936e-15 -1.63851e-16)
(-1.67817e-14 0 0 -0.058062 1.59869e-15 1.18633e-15 -0.0809989 8.76141e-16 -1.2812e-15)
(6.29213e-15 5.981e-33 0 -0.0789431 6.81112e-16 1.79981e-15 -0.112488 1.23393e-15 1.14545e-15)
(1.25843e-14 0 1.12104e-44 -0.0789431 1.11873e-15 3.34826e-44 -0.112488 1.03229e-15 2.12992e-29)
(-3.13275e-15 -6.16097e-31 -5.05515e-31 -0.0986896 8.67269e-19 2.41559e-16 -0.138961 1.42308e-15 -2.07394e-16)
(0 7.52896e-32 1.01103e-30 -0.0986896 0 1.70245e-15 -0.138961 1.3563e-16 -4.48738e-16)
(4.77009e-15 -1.8679e-31 -1.18129e-31 -0.117592 -1.18329e-30 -3.9443e-31 -0.161312 1.57121e-15 -5.24067e-16)
(-1.24738e-14 1.32396e-31 -5.29586e-31 -0.117592 -1.80236e-15 -7.39614e-16 -0.161312 1.08744e-15 3.94043e-16)
(0 0 4.25658e-31 -0.135944 -1.24212e-15 6.21172e-16 -0.180359 1.46795e-15 -7.4697e-16)
(-1.24132e-14 5.95179e-31 -5.54803e-31 -0.135944 -4.34983e-16 8.32316e-17 -0.180359 1.09904e-15 -2.90674e-16)
(0 0 0 -0.15401 -9.7368e-16 1.08664e-15 -0.196788 8.22826e-16 -1.14644e-15)
(0 8.99787e-31 0 -0.15401 0 -1.08229e-15 -0.196788 2.35774e-15 -4.0718e-16)
(0 0 -1.21779e-30 -0.172019 -8.05808e-16 7.4667e-16 -0.211141 1.20725e-15 5.05248e-16)
(-1.22829e-14 1.36968e-30 5.16729e-45 -0.172019 -6.77701e-16 3.90973e-45 -0.211141 1.20342e-15 9.34652e-30)
(6.10685e-15 -1.08407e-30 -3.18944e-31 -0.190163 -2.19941e-17 2.71752e-16 -0.22384 1.32811e-17 -1.31122e-16)
(1.22137e-14 -1.25335e-31 3.18944e-31 -0.190163 0 1.25488e-15 -0.22384 2.39784e-15 6.70627e-17)
(-3.03553e-15 3.82351e-31 -3.34131e-31 -0.208604 -9.41812e-17 -6.7936e-16 -0.235211 1.99532e-16 1.18845e-16)
(-1.21421e-14 6.93685e-31 1.58378e-32 -0.208604 1.8619e-16 1.52529e-47 -0.235211 1.01551e-15 -5.06698e-16)
(-6.03412e-15 3.50325e-46 3.50041e-31 -0.227488 0 -1.59896e-15 -0.245508 3.78497e-31 5.21729e-16)
(-1.20682e-14 -3.50041e-31 -3.50041e-31 -0.227488 -1.36178e-15 -3.60777e-16 -0.245508 1.96973e-15 -2.58079e-16)
(0 1.48276e-30 0 -0.24694 -2.82325e-30 0 -0.254929 2.6711e-15 7.17193e-30)
(-2.39845e-14 8.40779e-45 0 -0.24694 -9.86076e-32 -1.23579e-15 -0.254929 -1.37305e-29 7.42493e-16)
(2.97856e-15 -1.05107e-30 0 -0.267077 -9.86076e-32 2.89146e-15 -0.263633 5.1276e-30 -3.86e-16)
(0 3.84169e-31 3.50325e-46 -0.267077 1.72973e-15 0 -0.263633 1.92244e-15 -2.26066e-16)
(5.91716e-15 -4.35464e-31 0 -0.28801 -5.9447e-16 -1.81994e-16 -0.271746 1.65905e-15 -1.58506e-15)
(0 0 0 -0.28801 -2.18604e-44 1.56925e-15 -0.271746 3.17788e-15 -5.07388e-16)
(5.87627e-15 -1.37708e-30 0 -0.309845 -5.97206e-16 -2.39909e-15 -0.279371 2.72796e-16 -4.39977e-16)
(-1.17525e-14 1.28223e-30 0 -0.309845 -1.81773e-15 -1.02311e-15 -0.279371 1.72849e-15 -1.00945e-15)
(0 8.83403e-31 -3.50325e-46 -0.332686 1.73871e-16 -9.86076e-32 -0.286593 1.0756e-16 8.72999e-31)
(0 -8.83403e-31 -8.83403e-31 -0.332686 -1.00465e-15 -1.80814e-15 -0.286593 8.70456e-16 4.01198e-16)
(5.79186e-15 -9.21105e-31 0 -0.356638 4.94539e-16 -5.50652e-16 -0.293484 7.30648e-16 -3.30777e-16)
(-1.57516e-14 1.45376e-30 3.28429e-46 -0.356638 -1.33678e-15 0 -0.293484 1.34404e-15 5.80203e-31)
(2.87419e-15 -1.14765e-31 -1.16364e-44 -0.381809 8.6765e-16 1.46479e-44 -0.300104 2.34785e-15 1.04812e-29)
(0 0 0 -0.381809 0 8.67368e-16 -0.300104 -2.9418e-47 4.45308e-16)
(2.85203e-15 -8.39637e-32 0 -0.408307 7.90251e-16 1.42286e-15 -0.306503 2.1811e-15 -7.83321e-17)
(1.14081e-14 -1.9137e-30 0 -0.408307 1.58e-15 -3.07478e-16 -0.306503 1.2535e-15 3.73487e-16)
(5.65893e-15 -4.48407e-31 0 -0.436247 4.67908e-16 -1.37296e-15 -0.312726 1.1695e-15 7.89435e-16)
(0 5.32031e-31 -1.57646e-45 -0.436247 2.46068e-15 7.41856e-45 -0.312726 1.14576e-15 2.73457e-30)
(2.8065e-15 2.86163e-31 2.78682e-31 -0.46575 -1.83251e-16 -4.46264e-16 -0.318812 7.57322e-16 5.20305e-16)
(-5.02029e-15 0 0 -0.46575 2.98301e-15 2.26046e-15 -0.318812 2.38837e-15 -2.77229e-16)
(2.4762e-15 2.97776e-45 -2.62743e-46 -0.49694 5.60116e-45 -6.16298e-33 -0.324794 5.14955e-30 -4.02776e-31)
(-5.25933e-15 3.95685e-30 0 -0.49694 3.93909e-16 -1.90489e-16 -0.324794 2.29486e-15 -9.04302e-16)
(-2.7504e-15 -1.79314e-31 0 -0.529952 3.09904e-15 1.00769e-15 -0.330705 1.34408e-15 -1.66603e-16)
(-5.5277e-15 0 0 -0.529952 -5.52205e-16 -1.73434e-15 -0.330705 1.50703e-15 -2.72729e-16)
(-1.50859e-16 1.23258e-30 0 -0.564928 9.70159e-16 6.11786e-17 -0.336571 1.68933e-15 3.12186e-16)
(-1.09408e-14 0 0 -0.564928 1.82753e-43 2.67398e-44 -0.336571 -4.73317e-30 1.04031e-29)
(2.71062e-15 3.35673e-31 -4.36342e-60 -0.602023 7.77056e-17 -1.2446e-60 -0.342417 1.21542e-15 -4.73317e-30)
(0 -3.35673e-31 6.71347e-31 -0.602023 4.09782e-16 1.53917e-15 -0.342417 1.50793e-16 -5.3411e-16)
(2.68565e-15 -2.53491e-31 0 -0.641398 -7.83785e-16 1.10174e-15 -0.348269 9.9136e-16 1.1219e-16)
(-1.07426e-14 8.14813e-31 0 -0.641398 -4.13467e-16 -4.57201e-16 -0.348269 7.43853e-16 -3.98769e-17)
(5.97852e-15 -4.94098e-31 -5.7612e-45 -0.683232 1.48632e-15 2.40634e-46 -0.354148 9.09228e-16 1.03785e-29)
(0 0 0 -0.683232 -3.56813e-45 -3.92864e-16 -0.354148 4.406e-30 1.26736e-16)
(-8.41815e-16 0 1.92971e-31 -0.727715 -2.31421e-43 1.39732e-15 -0.360076 1.15075e-15 -2.71468e-16)
(-3.47626e-15 3.85943e-31 -5.25487e-46 -0.727715 3.29637e-15 2.46519e-32 -0.360076 1.12196e-15 4.93038e-32)
(-2.60822e-15 5.48881e-31 0 -0.775054 -1.42954e-15 6.35318e-16 -0.366073 3.40472e-16 1.2496e-16)
(-3.64179e-15 3.36312e-44 2.0216e-31 -0.775054 -1.57772e-30 1.50915e-15 -0.366073 8.95967e-16 1.77978e-16)
(5.16309e-15 -1.05097e-44 0 -0.825473 -9.95682e-60 1.13068e-16 -0.372161 -1.87354e-29 6.30091e-17)
(0 0 1.05893e-31 -0.825473 2.49655e-16 3.74082e-16 -0.372161 9.37926e-16 -3.34747e-17)
(-1.44243e-15 1.33489e-30 1.10935e-31 -0.879215 3.9443e-31 -8.56454e-16 -0.37836 7.44909e-16 1.95565e-16)
(0 0 0 -0.879215 8.18232e-16 2.78414e-44 -0.37836 8.84501e-16 0)
(0 0 -1.57646e-45 -0.936547 -2.57705e-16 0 -0.38469 8.12447e-16 2.85962e-30)
(0 2.51358e-44 -7.07505e-34 -0.936547 -1.41612e-30 1.00871e-15 -0.38469 5.28443e-16 2.08951e-16)
(0 0 1.21751e-31 -0.997758 2.96571e-16 8.46237e-16 -0.391172 8.11503e-16 1.67328e-16)
(-9.99527e-15 1.43243e-31 0 -0.997758 5.04957e-16 1.2697e-15 -0.391172 8.55907e-16 9.89399e-17)
(0 1.27548e-31 6.37742e-32 -1.06316 -1.37131e-16 7.93662e-16 -0.397828 7.83773e-16 1.28361e-16)
(0 3.28145e-31 -6.37742e-32 -1.06316 4.93038e-32 8.76603e-16 -0.397828 5.91133e-16 9.0255e-17)
(2.44126e-15 -6.68109e-32 -4.37906e-47 -1.13311 -8.2765e-16 -4.36537e-46 -0.404679 8.56521e-16 1.41884e-31)
(0 6.68109e-32 6.68109e-32 -1.13311 -1.16951e-15 -1.60876e-16 -0.404679 5.21513e-16 -6.23493e-17)
(-4.93344e-15 3.4698e-32 1.94562e-33 -1.20798 9.62394e-16 6.60456e-16 -0.411749 7.08692e-16 1.4525e-16)
(-7.12509e-15 0 0 -1.20798 -1.98943e-15 -1.15282e-15 -0.411749 6.7855e-16 8.86033e-17)
(7.40503e-15 2.46681e-31 -1.4665e-31 -1.28818 0 1.39089e-15 -0.41906 6.70121e-16 8.75383e-18)
(-1.21683e-14 -3.50325e-45 -1.4013e-45 -1.28818 5.51845e-44 2.22401e-44 -0.41906 -6.11367e-30 -2.51449e-30)
(-2.35096e-15 0 -1.92041e-31 -1.37418 -1.55214e-15 9.06425e-16 -0.426639 6.0105e-16 -8.82285e-17)
(0 0 1.92041e-31 -1.37418 1.77064e-15 8.08903e-16 -0.426639 4.35397e-16 1.59638e-16)
(0 1.75162e-46 0 -1.46647 2.46519e-32 -3.9182e-16 -0.434509 -1.18329e-30 -1.49228e-16)
(0 7.00649e-46 0 -1.46647 -2.36658e-30 1.32453e-16 -0.434509 6.37933e-16 9.17076e-17)
(-2.28786e-15 5.00146e-32 8.43058e-32 -1.5656 3.10957e-16 -6.93493e-16 -0.4427 2.26625e-16 -4.54178e-17)
(9.15144e-15 0 -2.02308e-31 -1.5656 0 -4.76348e-16 -0.4427 -2.3693e-45 7.83374e-17)
(4.51073e-15 -1.97699e-45 -8.832e-32 -1.67218 0 -5.73711e-16 -0.451239 -2.5638e-30 1.5851e-17)
(-9.02146e-15 0 1.05097e-45 -1.67218 -2.63345e-16 6.70278e-45 -0.451239 3.77565e-16 9.56964e-31)
(2.2222e-15 -2.98573e-32 0 -1.78688 6.65874e-16 -1.37761e-16 -0.460156 4.26103e-16 9.22798e-18)
(-8.88879e-15 -3.50325e-46 9.25255e-32 -1.78688 2.46519e-32 -5.09058e-17 -0.460156 6.57466e-31 1.17213e-16)
(0 0 0 -1.91043 9.33566e-17 -1.31007e-16 -0.469482 1.51149e-16 -6.42798e-18)
(0 2.5192e-30 -2.8026e-45 -1.91043 7.69451e-16 -2.81115e-44 -0.469482 4.817e-16 4.83575e-30)
(2.15372e-15 -7.52203e-33 0 -2.04363 -8.97726e-16 2.44172e-16 -0.479251 3.21521e-16 6.53999e-17)
(-8.61486e-15 6.83841e-31 -2.56992e-30 -2.04363 1.70485e-17 8.67e-17 -0.479251 8.83192e-17 1.02772e-17)
(6.15306e-15 -4.52411e-31 0 -2.18736 -6.51127e-16 3.77408e-16 -0.489495 7.36748e-17 6.98729e-17)
(0 0 -5.31909e-32 -2.18736 1.56044e-16 1.31077e-15 -0.489495 3.77451e-16 7.46636e-17)
(0 0 0 -2.34259 -5.45522e-17 -4.83465e-16 -0.50025 5.89201e-18 9.28361e-17)
(8.3285e-15 0 0 -2.34259 -4.08499e-16 2.43896e-16 -0.50025 4.2775e-16 1.14323e-17)
(4.14831e-15 -7.84814e-59 -8.47915e-33 -2.51038 8.83622e-45 -2.92505e-16 -0.51155 6.16298e-30 7.46749e-17)
(-1.02835e-14 8.00073e-32 -8.91521e-32 -2.51038 -6.9824e-17 -5.65109e-16 -0.51155 2.87595e-16 4.86363e-17)
(-1.96308e-16 1.19363e-31 6.11566e-32 -2.69187 2.05396e-15 -4.41745e-16 -0.52343 2.86058e-16 2.40106e-17)
(1.60567e-14 -7.39301e-30 -8.75812e-47 -2.69187 2.02375e-15 -5.48319e-45 -0.52343 1.99161e-16 -2.46519e-31)
(1.96817e-15 3.20343e-32 4.97699e-32 -2.88831 1.40718e-15 -9.4708e-17 -0.535926 1.94519e-16 8.89676e-18)
(5.56436e-15 1.51046e-29 0 -2.88831 9.13013e-16 3.29053e-16 -0.535926 1.7136e-16 4.92264e-17)
(4.34647e-15 1.84716e-31 4.98533e-32 -3.10105 9.94511e-17 -3.73604e-17 -0.549067 2.3139e-17 4.60339e-18)
(-2.41823e-15 -2.01358e-31 -6.71193e-32 -3.10105 2.32872e-16 3.47311e-16 -0.549067 1.36769e-16 1.14064e-17)
(0 7.03152e-32 7.03152e-32 -3.3315 1.05595e-16 -2.4011e-17 -0.562884 1.27728e-17 3.63978e-18)
(0 5.9176e-32 -7.03152e-32 -3.3315 -6.90253e-31 4.26229e-16 -0.562884 1.06602e-16 -3.75925e-17)
(0 1.10495e-31 1.77352e-45 -3.58118 2.83211e-16 2.61705e-45 -0.577398 2.31392e-17 -3.15544e-30)
(-7.38077e-15 -1.10495e-31 -1.47327e-31 -3.58118 -1.52284e-15 4.55788e-16 -0.577398 2.05768e-16 -6.21751e-17)
(0 0 0 -3.85165 3.63732e-16 3.00066e-16 -0.592623 1.42117e-16 1.09729e-16)
(0 0 0 -3.85165 0 2.78549e-16 -0.592623 3.50684e-30 -5.51449e-17)
(-1.75752e-15 5.13524e-32 -2.62743e-46 -4.14449 -4.28989e-16 -6.16298e-33 -0.608562 1.15031e-16 3.69779e-31)
(0 8.78059e-32 0 -4.14449 9.86076e-32 5.59515e-16 -0.608562 1.58177e-16 -5.69327e-17)
(3.42366e-15 -7.98851e-32 -4.51023e-31 -4.46123 0 1.12779e-16 -0.625196 2.46519e-32 8.01424e-18)
(-6.84731e-15 0 0 -4.46123 -5.2797e-16 6.94712e-16 -0.625196 1.79638e-16 -9.45938e-17)
(1.73132e-15 -2.64142e-32 -4.97902e-32 -4.80332 3.99583e-16 1.09409e-16 -0.642486 9.844e-17 8.29064e-17)
(1.59838e-15 1.13142e-30 4.43639e-32 -4.80332 -9.48728e-17 5.0457e-16 -0.642486 1.15106e-16 -8.4858e-17)
(1.61654e-15 -2.16933e-32 3.86934e-32 -5.17194 1.71151e-16 -4.43805e-16 -0.660362 1.19875e-17 6.44815e-17)
(-6.46618e-15 6.80204e-32 0 -5.17194 -4.32381e-16 4.10848e-16 -0.660362 7.37932e-17 -1.12851e-16)
(-1.87314e-16 -1.13047e-32 -1.13843e-31 -5.56794 3.83772e-16 -3.13539e-16 -0.678711 3.9895e-17 1.93784e-17)
(1.75422e-15 0 4.86893e-32 -5.56794 -7.29316e-16 -5.32216e-17 -0.678711 1.05766e-16 -1.23816e-16)
(1.83775e-15 0 0 -5.99157 1.86009e-15 -6.16298e-33 -0.697371 2.07954e-16 7.88861e-31)
(-6.06369e-15 -2.26481e-30 5.10077e-32 -5.99157 -2.53782e-16 -6.83477e-16 -0.697371 1.49722e-17 -1.02557e-16)
(-2.38687e-15 -5.34364e-32 3.31428e-32 -6.44233 1.83051e-16 1.49471e-16 -0.716116 8.92779e-17 8.41746e-18)
(0 1.05097e-45 0 -6.44233 -2.68187e-45 -9.36623e-16 -0.716116 2.53915e-30 -4.65729e-17)
(1.41008e-15 0 -1.25712e-32 -6.91865 6.65135e-16 -1.25439e-16 -0.734649 3.35112e-17 6.57003e-17)
(3.62341e-15 -4.05718e-33 0 -6.91865 5.19678e-16 -5.0067e-16 -0.734649 7.69817e-17 -5.46046e-18)
(-3.46833e-15 -1.31955e-31 1.06426e-30 -7.41763 8.4012e-16 -1.98955e-17 -0.752589 -1.955e-18 1.02088e-18)
(0 1.46616e-31 -1.17293e-31 -7.41763 9.54246e-17 -1.52308e-16 -0.752589 3.57196e-17 -1.37728e-17)
(1.29964e-15 -1.53597e-32 -2.37044e-32 -7.9348 3.82388e-16 -2.53474e-17 -0.769472 -2.01569e-17 3.87871e-18)
(-7.41212e-15 0 0 -7.9348 -3.50787e-43 1.94213e-16 -0.769472 -1.37065e-29 -1.66558e-17)
(0 -5.20013e-45 0 -8.46397 -3.21565e-46 1.2326e-32 -0.784752 -9.35819e-30 2.30965e-30)
(-6.13174e-15 2.41366e-32 0 -8.46397 7.46978e-16 2.37511e-16 -0.784752 1.31824e-16 -3.62859e-17)
(1.2147e-15 -5.05719e-32 0 -8.99721 -8.56409e-16 3.07644e-16 -0.797827 3.44514e-18 1.80048e-17)
(-1.07018e-14 3.28429e-45 0 -8.99721 2.16571e-45 5.7677e-17 -0.797827 5.97549e-30 -3.2952e-17)
(2.25679e-15 -8.82998e-33 -3.48071e-32 -9.52512 -3.74922e-16 3.49619e-16 -0.808065 2.00912e-17 3.64844e-17)
(4.51358e-15 1.766e-32 0 -9.52512 1.81588e-15 3.66115e-16 -0.808065 1.18749e-16 -2.83102e-17)
(1.07091e-15 0 -1.85435e-32 -10.0374 -2.43438e-31 4.26409e-16 -0.814862 1.77537e-17 2.33953e-17)
(0 -9.25043e-33 0 -10.0374 4.8172e-16 5.52913e-16 -0.814862 8.70278e-17 -3.94818e-17)
(3.42416e-15 3.22653e-31 1.13202e-32 -10.5235 -8.29444e-17 6.50636e-16 -0.817705 4.67472e-17 4.54496e-17)
(-1.3966e-15 2.42272e-32 -3.87636e-32 -10.5235 -3.43054e-16 3.48793e-16 -0.817705 5.4741e-17 -4.6593e-17)
(0 0 -4.06093e-32 -10.9739 -2.36319e-16 6.16191e-16 -0.816233 4.63945e-17 5.53399e-17)
(3.82937e-15 -3.85404e-32 4.06093e-32 -10.9739 -2.12538e-16 1.24819e-16 -0.816233 2.78039e-17 -4.15118e-17)
(9.01941e-16 0 -1.21765e-32 -11.3808 -1.72753e-16 5.07637e-16 -0.810296 4.16057e-17 3.64229e-17)
(-3.60777e-15 3.92468e-32 4.2543e-32 -11.3808 -4.96415e-16 1.53478e-16 -0.810296 4.20914e-17 -3.93426e-17)
(-1.60576e-15 -1.11422e-32 4.45687e-32 -11.7392 -2.44747e-16 5.69364e-16 -0.79998 3.66332e-17 3.54156e-17)
(0 5.47382e-48 0 -11.7392 2.18181e-46 2.53187e-16 -0.79998 -8.7022e-33 -4.054e-17)
(0 0 2.33454e-32 -12.0468 -2.35228e-16 6.26149e-16 -0.785603 3.20702e-17 4.13333e-17)
(-3.18138e-15 2.00633e-32 0 -12.0468 4.58503e-16 2.65167e-16 -0.785603 4.00503e-17 -3.98715e-17)
(7.44567e-16 -2.4457e-32 4.05597e-32 -12.3046 -1.66462e-16 6.62949e-16 -0.76767 3.4353e-17 3.94228e-17)
(-2.97827e-15 5.62494e-32 -4.89141e-32 -12.3046 4.55116e-16 3.44883e-16 -0.76767 1.95288e-17 -3.77124e-17)
(-6.95641e-16 5.21254e-34 6.53143e-33 -12.5159 2.83535e-16 6.76986e-16 -0.746814 3.3379e-17 4.20864e-17)
(-2.78256e-15 1.3315e-32 2.56216e-32 -12.5159 3.21079e-16 4.43911e-16 -0.746814 3.60851e-17 -3.73132e-17)
(-9.67069e-16 0 8.05247e-32 -12.6856 7.20805e-16 6.74421e-16 -0.72372 2.59572e-17 3.75318e-17)
(2.59451e-15 -2.32463e-29 0 -12.6856 8.59484e-17 3.82604e-16 -0.72372 2.40897e-18 -3.79595e-17)
(0 -9.72527e-33 2.81197e-32 -12.8196 4.93038e-32 7.89191e-16 -0.699061 1.75195e-17 3.80665e-17)
(1.40105e-15 3.51496e-33 0 -12.8196 3.83212e-16 2.491e-16 -0.699061 3.02125e-17 -3.76482e-17)
(1.12074e-15 -7.36465e-33 2.43848e-32 -12.9242 8.28851e-17 7.93619e-16 -0.673446 3.38444e-17 4.62008e-17)
(-2.24147e-15 -1.4013e-45 -2.94586e-32 -12.9242 6.48794e-44 2.33048e-16 -0.673446 -2.12006e-30 -3.1174e-17)
(-3.68863e-17 -1.54306e-32 4.29187e-32 -13.005 2.94578e-16 6.9979e-16 -0.647394 2.19502e-17 3.51268e-17)
(5.55947e-16 -8.29957e-31 -4.62919e-32 -13.005 1.20813e-16 2.4947e-16 -0.647394 2.94511e-18 -2.82358e-17)
(4.79566e-16 -1.27755e-32 2.96171e-32 -13.0673 0 6.63463e-16 -0.621322 1.15071e-17 3.31552e-17)
(1.91827e-15 1.31674e-32 -3.23308e-32 -13.0673 4.24267e-16 2.41368e-16 -0.621322 1.22392e-17 -2.51513e-17)
(1.68333e-16 -4.23378e-33 1.94596e-32 -13.1154 -3.23876e-16 6.06756e-16 -0.595547 8.34954e-18 2.87019e-17)
(-2.37743e-15 4.23378e-33 0 -13.1154 2.33333e-16 2.41792e-16 -0.595547 8.57607e-18 -2.37533e-17)
(8.115e-16 0 -4.67006e-33 -13.1528 3.05701e-17 5.67089e-16 -0.570302 9.04097e-18 2.5286e-17)
(0 -5.47382e-48 0 -13.1528 7.60669e-46 2.33147e-16 -0.570302 -9.24446e-33 -2.16738e-17)
(-3.71289e-16 -1.22614e-45 3.92868e-32 -13.1824 -1.35585e-31 5.68094e-16 -0.545744 4.9634e-18 2.28645e-17)
(-2.1548e-15 7.47293e-33 -1.85863e-32 -13.1824 1.10328e-16 2.56654e-16 -0.545744 5.12916e-18 -2.02303e-17)
(3.50763e-16 0 0 -13.2062 -1.98476e-16 5.64394e-16 -0.521976 6.81774e-18 2.31191e-17)
(-3.50763e-16 -4.41906e-30 0 -13.2062 1.98385e-16 2.32255e-16 -0.521976 3.83252e-18 -1.89036e-17)
(0 2.29901e-46 0 -13.2258 -1.54074e-33 5.17084e-16 -0.499058 2.14445e-31 2.05539e-17)
(-1.22768e-15 0 0 -13.2258 3.42185e-16 2.09485e-16 -0.499058 5.29428e-18 -1.6706e-17)
(0 1.33561e-33 3.20545e-32 -13.2423 2.73931e-16 4.66484e-16 -0.477018 5.36734e-18 1.76548e-17)
(0 0 -2.13697e-32 -13.2423 1.03561e-16 2.10984e-16 -0.477018 2.76588e-18 -1.5234e-17)
(-1.55109e-16 1.5599e-30 2.11591e-32 -13.2567 1.4258e-17 4.37681e-16 -0.455863 6.85604e-18 1.52462e-17)
(-9.92732e-16 2.0988e-33 -1.11936e-32 -13.2567 1.06548e-16 1.88852e-16 -0.455863 3.20024e-18 -1.39083e-17)
(-4.41545e-16 0 1.3813e-32 -13.2694 -7.65744e-17 4.16561e-16 -0.435584 1.43493e-18 1.41946e-17)
(-8.8309e-16 1.44244e-33 0 -13.2694 8.02551e-17 1.84167e-16 -0.435584 2.71632e-18 -1.24592e-17)
(-4.15897e-16 0 1.32509e-32 -13.281 -6.16298e-33 3.81465e-16 -0.416164 4.4046e-31 1.25676e-17)
(-5.57055e-16 -7.42182e-34 -1.2285e-32 -13.281 8.67533e-17 1.91898e-16 -0.416164 2.43887e-18 -1.1194e-17)
(1.69582e-16 0 -9.49486e-34 -13.2916 1.16332e-16 3.52152e-16 -0.397579 6.45175e-19 1.08332e-17)
(6.78328e-16 0 0 -13.2916 9.33604e-17 1.92982e-16 -0.397579 2.86199e-18 -1.03297e-17)
(-7.2865e-16 4.21336e-34 2.02241e-32 -13.3015 1.43835e-16 3.34978e-16 -0.3798 3.42906e-19 9.77655e-18)
(1.06855e-15 -2.10668e-34 -1.34827e-32 -13.3015 9.09037e-17 1.79989e-16 -0.3798 1.73757e-18 -9.5128e-18)
(0 4.13811e-35 0 -13.3108 1.09672e-16 3.18531e-16 -0.362799 -1.60984e-18 8.9343e-18)
(0 -2.06905e-35 0 -13.3108 8.82098e-17 1.72555e-16 -0.362799 4.74283e-19 -8.76129e-18)
(0 0 3.69932e-33 -13.3196 3.57285e-17 3.00827e-16 -0.346544 -4.54123e-19 8.05192e-18)
(-5.37642e-16 -2.31208e-34 0 -13.3196 1.93294e-18 1.62929e-16 -0.346544 1.24161e-18 -8.12725e-18)
(1.39629e-16 -6.05542e-34 7.75094e-33 -13.328 -2.76942e-17 2.8685e-16 -0.331006 -3.36005e-19 7.26095e-18)
(-4.60741e-16 6.05542e-34 -7.75094e-33 -13.328 1.23321e-17 1.53313e-16 -0.331006 1.72558e-18 -7.46503e-18)
(2.32152e-16 0 -7.48032e-33 -13.3359 -1.00245e-16 2.75796e-16 -0.316154 -1.26452e-19 6.67373e-18)
(0 2.40189e-30 4.06e-33 -13.3359 3.7839e-17 1.51239e-16 -0.316154 1.29353e-19 -6.87408e-18)
(0 -4.37906e-47 1.276e-32 -13.3435 3.08149e-33 2.65303e-16 -0.30196 -1.64589e-46 6.11546e-18)
(-1.65675e-16 -2.51939e-57 -8.50666e-33 -13.3435 1.41829e-43 1.42768e-16 -0.30196 -2.82445e-30 -6.32049e-18)
(0 5.48278e-34 4.45585e-33 -13.3507 3.45788e-17 2.55246e-16 -0.288395 2.87569e-19 5.6274e-18)
(0 -5.48278e-34 -4.45585e-33 -13.3507 -6.93833e-17 1.32287e-16 -0.288395 -2.2475e-19 -5.76864e-18)
(0 -3.64689e-35 0 -13.3576 1.9764e-17 2.44062e-16 -0.275433 -1.23092e-19 5.15733e-18)
(0 7.29377e-35 0 -13.3576 -3.15886e-17 1.25485e-16 -0.275433 6.6112e-20 -5.26626e-18)
(0 5.12456e-35 9.72817e-30 -13.3642 0 4.87485e-16 -0.186976 -9.23159e-20 4.68713e-18)
(-4.40478e-17 -1.4327e-35 0 -13.3642 -9.82056e-18 5.55046e-16 -0.186976 1.22316e-19 -4.81564e-18)
(1.15363e-17 -1.00061e-35 1.28079e-33 -13.3705 1.54074e-33 1.18667e-15 -0.0613706 2.8906e-20 2.04649e-18)
(-1.15363e-17 1.00061e-35 -1.28079e-33 -13.3705 -4.78605e-18 8.10654e-16 -0.0613706 4.80273e-21 -4.97741e-19)
)
;

boundaryField
{
    walls
    {
        type            extrapolatedCalculated;
        value           nonuniform List<tensor> 8((0 -1.81685e-26 7.54725e-28 13.3735 -4.17563e-12 3.36459e-14 0.0613706 1.57772e-30 5.98209e-17) (0 1.60098e-34 -1.02463e-32 13.3735 2.87536e-16 -7.57424e-15 -0.0613706 9.58024e-15 -5.98209e-17) (-1.15363e-17 9.18067e-30 -2.65821e-28 13.3735 3.31901e-16 3.12274e-14 0.0613706 1.20236e-18 6.15791e-17) (0 -4.67486e-30 1.02463e-32 13.3735 1.92123e-16 -4.38942e-15 -0.0613706 -1.20236e-18 -6.15791e-17) (0 -2.11455e-31 -3.20196e-34 -13.3735 2.80256e-17 -1.47377e-16 0.0613706 8.79307e-32 -2.04649e-18) (1.15363e-17 -1.00061e-35 1.28079e-33 -13.3735 -1.54275e-17 1.03929e-15 -0.0613706 2.8906e-20 2.04649e-18) (0 1.11863e-31 9.60589e-34 -13.3735 9.29134e-18 -8.50323e-16 0.0613706 -4.80273e-21 4.97741e-19) (-1.15363e-17 1.00061e-35 -1.28079e-33 -13.3735 -7.19818e-18 6.33394e-16 -0.0613706 4.80273e-21 -4.97741e-19));
    }
    inlet
    {
        type            cyclic;
    }
    outlet
    {
        type            cyclic;
    }
    sides
    {
        type            empty;
    }
}


// ************************************************************************* //
