/*--------------------------------*- C++ -*----------------------------------*\
| =========                 |                                                 |
| \\      /  F ield         | OpenFOAM: The Open Source CFD Toolbox           |
|  \\    /   O peration     | Version:  2106                                  |
|   \\  /    A nd           | Website:  www.openfoam.com                      |
|    \\/     M anipulation  |                                                 |
\*---------------------------------------------------------------------------*/
FoamFile
{
    version     2.0;
    format      ascii;
    arch        "LSB;label=32;scalar=64";
    class       volScalarField;
    location    "10070";
    object      k;
}
// * * * * * * * * * * * * * * * * * * * * * * * * * * * * * * * * * * * * * //

dimensions      [0 2 -2 0 0 0 0];

internalField   nonuniform List<scalar> 
2000
(
3.10497e-08
3.10497e-08
4.65508e-09
4.65508e-09
2.13851e-09
2.13851e-09
3.49791e-09
3.49791e-09
8.00913e-09
8.00913e-09
1.67964e-08
1.67964e-08
3.15155e-08
3.15155e-08
5.41723e-08
5.41723e-08
8.70985e-08
8.70985e-08
1.32961e-07
1.32961e-07
1.94785e-07
1.94785e-07
2.75978e-07
2.75978e-07
3.8036e-07
3.8036e-07
5.12199e-07
5.12199e-07
6.76245e-07
6.76245e-07
8.77771e-07
8.77771e-07
1.12262e-06
1.12262e-06
1.41722e-06
1.41722e-06
1.76871e-06
1.76871e-06
2.18488e-06
2.18488e-06
2.67435e-06
2.67435e-06
3.24652e-06
3.24652e-06
3.91172e-06
3.91172e-06
4.68123e-06
4.68123e-06
5.56738e-06
5.56738e-06
6.58363e-06
6.58363e-06
7.74463e-06
7.74463e-06
9.06635e-06
9.06635e-06
1.05661e-05
1.05661e-05
1.22629e-05
1.22629e-05
1.4177e-05
1.4177e-05
1.63308e-05
1.63308e-05
1.87483e-05
1.87483e-05
2.14556e-05
2.14556e-05
2.44808e-05
2.44808e-05
2.78546e-05
2.78546e-05
3.16099e-05
3.16099e-05
3.57821e-05
3.57821e-05
4.04098e-05
4.04098e-05
4.55343e-05
4.55343e-05
5.12001e-05
5.12001e-05
5.74552e-05
5.74552e-05
6.43511e-05
6.43511e-05
7.19432e-05
7.19432e-05
8.0291e-05
8.0291e-05
8.94583e-05
8.94583e-05
9.95135e-05
9.95135e-05
0.00011053
0.00011053
0.000122585
0.000122585
0.000135763
0.000135763
0.000150153
0.000150153
0.000165849
0.000165849
0.000182954
0.000182954
0.000201574
0.000201574
0.000221822
0.000221822
0.000243821
0.000243821
0.000267696
0.000267696
0.000293582
0.000293582
0.000321621
0.000321621
0.00035196
0.00035196
0.000384756
0.000384756
0.000420169
0.000420169
0.000458368
0.000458368
0.000499527
0.000499527
0.000543826
0.000543826
0.00059145
0.00059145
0.000642587
0.000642587
0.000697428
0.000697428
0.000756167
0.000756167
0.000818996
0.000818996
0.000886108
0.000886108
0.000957692
0.000957692
0.00103393
0.00103393
0.001115
0.001115
0.00120106
0.00120106
0.00129228
0.00129228
0.00138877
0.00138877
0.00149068
0.00149068
0.00159809
0.00159809
0.00171107
0.00171107
0.00182969
0.00182969
0.00195395
0.00195395
0.00208384
0.00208384
0.00221933
0.00221933
0.00236032
0.00236032
0.00250671
0.00250671
0.00265835
0.00265835
0.00281505
0.00281505
0.0029766
0.0029766
0.00314273
0.00314273
0.00331317
0.00331317
0.0034876
0.0034876
0.00366568
0.00366568
0.00384705
0.00384705
0.00403133
0.00403133
0.00421813
0.00421813
0.00440703
0.00440703
0.00459763
0.00459763
0.0047895
0.0047895
0.00498223
0.00498223
0.0051754
0.0051754
0.00536863
0.00536863
0.0055615
0.0055615
0.00575364
0.00575364
0.0059447
0.0059447
0.00613432
0.00613432
0.00632218
0.00632218
0.00650797
0.00650797
0.00669142
0.00669142
0.00687226
0.00687226
0.00705025
0.00705025
0.00722518
0.00722518
0.00739686
0.00739686
0.0075651
0.0075651
0.00772976
0.00772976
0.0078907
0.0078907
0.00804782
0.00804782
0.00820101
0.00820101
0.00835019
0.00835019
0.00849531
0.00849531
0.00863631
0.00863631
0.00877316
0.00877316
0.00890584
0.00890584
0.00903432
0.00903432
0.00915862
0.00915862
0.00927874
0.00927874
0.00939469
0.00939469
0.0095065
0.0095065
0.00961419
0.00961419
0.00971781
0.00971781
0.00981738
0.00981738
0.00991296
0.00991296
0.0100046
0.0100046
0.0100923
0.0100923
0.0101762
0.0101762
0.0102563
0.0102563
0.0103327
0.0103327
0.0104054
0.0104054
0.0104745
0.0104745
0.01054
0.01054
0.010602
0.010602
0.0106606
0.0106606
0.0107158
0.0107158
0.0107677
0.0107677
0.0108163
0.0108163
0.0108617
0.0108617
0.0109039
0.0109039
0.0109431
0.0109431
0.0109792
0.0109792
0.0110123
0.0110123
0.0110424
0.0110424
0.0110697
0.0110697
0.0110941
0.0110941
0.0111156
0.0111156
0.0111345
0.0111345
0.0111505
0.0111505
0.011164
0.011164
0.0111747
0.0111747
0.0111829
0.0111829
0.0111885
0.0111885
0.0111915
0.0111915
0.0111921
0.0111921
0.0111902
0.0111902
0.0111858
0.0111858
0.011179
0.011179
0.0111698
0.0111698
0.0111583
0.0111583
0.0111444
0.0111444
0.0111281
0.0111281
0.0111096
0.0111096
0.0110888
0.0110888
0.0110657
0.0110657
0.0110403
0.0110403
0.0110127
0.0110127
0.0109829
0.0109829
0.0109509
0.0109509
0.0109167
0.0109167
0.0108802
0.0108802
0.0108416
0.0108416
0.0108008
0.0108008
0.0107578
0.0107578
0.0107126
0.0107126
0.0106653
0.0106653
0.0106157
0.0106157
0.0105641
0.0105641
0.0105102
0.0105102
0.0104542
0.0104542
0.010396
0.010396
0.0103357
0.0103357
0.0102731
0.0102731
0.0102084
0.0102084
0.0101415
0.0101415
0.0100724
0.0100724
0.0100012
0.0100012
0.00992768
0.00992768
0.00985199
0.00985199
0.0097741
0.0097741
0.00969398
0.00969398
0.00961164
0.00961164
0.00952707
0.00952707
0.00944027
0.00944027
0.00935122
0.00935122
0.00925992
0.00925992
0.00916637
0.00916637
0.00907057
0.00907057
0.00897251
0.00897251
0.0088722
0.0088722
0.00876963
0.00876963
0.00866481
0.00866481
0.00855775
0.00855775
0.00844845
0.00844845
0.00833693
0.00833693
0.00822321
0.00822321
0.0081073
0.0081073
0.00798923
0.00798923
0.00786904
0.00786904
0.00774676
0.00774676
0.00762244
0.00762244
0.00749614
0.00749614
0.00736791
0.00736791
0.00723784
0.00723784
0.00710601
0.00710601
0.00697252
0.00697252
0.00683749
0.00683749
0.00670105
0.00670105
0.00656335
0.00656335
0.00642457
0.00642457
0.00628491
0.00628491
0.00614459
0.00614459
0.00600386
0.00600386
0.00586302
0.00586302
0.00572239
0.00572239
0.00558233
0.00558233
0.00544327
0.00544327
0.00530565
0.00530565
0.00517
0.00517
0.00503689
0.00503689
0.00490696
0.00490696
0.00478093
0.00478093
0.00465957
0.00465957
0.00454375
0.00454375
0.00443439
0.00443439
0.00433251
0.00433251
0.00423919
0.00423919
0.00415558
0.00415558
0.00408288
0.00408288
0.00402232
0.00402232
0.00397513
0.00397513
0.00394255
0.00394255
0.00392572
0.00392572
3.10497e-08
3.10497e-08
4.65508e-09
4.65508e-09
2.13851e-09
2.13851e-09
3.49791e-09
3.49791e-09
8.00913e-09
8.00913e-09
1.67964e-08
1.67964e-08
3.15155e-08
3.15155e-08
5.41723e-08
5.41723e-08
8.70985e-08
8.70985e-08
1.32961e-07
1.32961e-07
1.94785e-07
1.94785e-07
2.75978e-07
2.75978e-07
3.8036e-07
3.8036e-07
5.12199e-07
5.12199e-07
6.76245e-07
6.76245e-07
8.77771e-07
8.77771e-07
1.12262e-06
1.12262e-06
1.41722e-06
1.41722e-06
1.76871e-06
1.76871e-06
2.18488e-06
2.18488e-06
2.67435e-06
2.67435e-06
3.24652e-06
3.24652e-06
3.91172e-06
3.91172e-06
4.68123e-06
4.68123e-06
5.56738e-06
5.56738e-06
6.58363e-06
6.58363e-06
7.74463e-06
7.74463e-06
9.06635e-06
9.06635e-06
1.05661e-05
1.05661e-05
1.22629e-05
1.22629e-05
1.4177e-05
1.4177e-05
1.63308e-05
1.63308e-05
1.87483e-05
1.87483e-05
2.14556e-05
2.14556e-05
2.44808e-05
2.44808e-05
2.78546e-05
2.78546e-05
3.16099e-05
3.16099e-05
3.57821e-05
3.57821e-05
4.04098e-05
4.04098e-05
4.55343e-05
4.55343e-05
5.12001e-05
5.12001e-05
5.74552e-05
5.74552e-05
6.43511e-05
6.43511e-05
7.19432e-05
7.19432e-05
8.0291e-05
8.0291e-05
8.94583e-05
8.94583e-05
9.95135e-05
9.95135e-05
0.00011053
0.00011053
0.000122585
0.000122585
0.000135763
0.000135763
0.000150153
0.000150153
0.000165849
0.000165849
0.000182954
0.000182954
0.000201574
0.000201574
0.000221822
0.000221822
0.000243821
0.000243821
0.000267696
0.000267696
0.000293582
0.000293582
0.000321621
0.000321621
0.00035196
0.00035196
0.000384756
0.000384756
0.000420169
0.000420169
0.000458368
0.000458368
0.000499527
0.000499527
0.000543826
0.000543826
0.00059145
0.00059145
0.000642587
0.000642587
0.000697428
0.000697428
0.000756167
0.000756167
0.000818996
0.000818996
0.000886108
0.000886108
0.000957692
0.000957692
0.00103393
0.00103393
0.001115
0.001115
0.00120106
0.00120106
0.00129228
0.00129228
0.00138877
0.00138877
0.00149068
0.00149068
0.00159809
0.00159809
0.00171107
0.00171107
0.00182969
0.00182969
0.00195395
0.00195395
0.00208384
0.00208384
0.00221933
0.00221933
0.00236032
0.00236032
0.00250671
0.00250671
0.00265835
0.00265835
0.00281505
0.00281505
0.0029766
0.0029766
0.00314273
0.00314273
0.00331317
0.00331317
0.0034876
0.0034876
0.00366568
0.00366568
0.00384705
0.00384705
0.00403133
0.00403133
0.00421813
0.00421813
0.00440703
0.00440703
0.00459763
0.00459763
0.0047895
0.0047895
0.00498223
0.00498223
0.0051754
0.0051754
0.00536863
0.00536863
0.0055615
0.0055615
0.00575364
0.00575364
0.0059447
0.0059447
0.00613432
0.00613432
0.00632218
0.00632218
0.00650797
0.00650797
0.00669142
0.00669142
0.00687226
0.00687226
0.00705025
0.00705025
0.00722518
0.00722518
0.00739686
0.00739686
0.0075651
0.0075651
0.00772976
0.00772976
0.0078907
0.0078907
0.00804782
0.00804782
0.00820101
0.00820101
0.00835019
0.00835019
0.00849531
0.00849531
0.00863631
0.00863631
0.00877316
0.00877316
0.00890584
0.00890584
0.00903432
0.00903432
0.00915862
0.00915862
0.00927874
0.00927874
0.00939469
0.00939469
0.0095065
0.0095065
0.00961419
0.00961419
0.00971781
0.00971781
0.00981738
0.00981738
0.00991296
0.00991296
0.0100046
0.0100046
0.0100923
0.0100923
0.0101762
0.0101762
0.0102563
0.0102563
0.0103327
0.0103327
0.0104054
0.0104054
0.0104745
0.0104745
0.01054
0.01054
0.010602
0.010602
0.0106606
0.0106606
0.0107158
0.0107158
0.0107677
0.0107677
0.0108163
0.0108163
0.0108617
0.0108617
0.0109039
0.0109039
0.0109431
0.0109431
0.0109792
0.0109792
0.0110123
0.0110123
0.0110424
0.0110424
0.0110697
0.0110697
0.0110941
0.0110941
0.0111156
0.0111156
0.0111345
0.0111345
0.0111505
0.0111505
0.011164
0.011164
0.0111747
0.0111747
0.0111829
0.0111829
0.0111885
0.0111885
0.0111915
0.0111915
0.0111921
0.0111921
0.0111902
0.0111902
0.0111858
0.0111858
0.011179
0.011179
0.0111698
0.0111698
0.0111583
0.0111583
0.0111444
0.0111444
0.0111281
0.0111281
0.0111096
0.0111096
0.0110888
0.0110888
0.0110657
0.0110657
0.0110403
0.0110403
0.0110127
0.0110127
0.0109829
0.0109829
0.0109509
0.0109509
0.0109167
0.0109167
0.0108802
0.0108802
0.0108416
0.0108416
0.0108008
0.0108008
0.0107578
0.0107578
0.0107126
0.0107126
0.0106653
0.0106653
0.0106157
0.0106157
0.0105641
0.0105641
0.0105102
0.0105102
0.0104542
0.0104542
0.010396
0.010396
0.0103357
0.0103357
0.0102731
0.0102731
0.0102084
0.0102084
0.0101415
0.0101415
0.0100724
0.0100724
0.0100012
0.0100012
0.00992768
0.00992768
0.00985199
0.00985199
0.0097741
0.0097741
0.00969398
0.00969398
0.00961164
0.00961164
0.00952707
0.00952707
0.00944027
0.00944027
0.00935122
0.00935122
0.00925992
0.00925992
0.00916637
0.00916637
0.00907057
0.00907057
0.00897251
0.00897251
0.0088722
0.0088722
0.00876963
0.00876963
0.00866481
0.00866481
0.00855775
0.00855775
0.00844845
0.00844845
0.00833693
0.00833693
0.00822321
0.00822321
0.0081073
0.0081073
0.00798923
0.00798923
0.00786904
0.00786904
0.00774676
0.00774676
0.00762244
0.00762244
0.00749614
0.00749614
0.00736791
0.00736791
0.00723784
0.00723784
0.00710601
0.00710601
0.00697252
0.00697252
0.00683749
0.00683749
0.00670105
0.00670105
0.00656335
0.00656335
0.00642457
0.00642457
0.00628491
0.00628491
0.00614459
0.00614459
0.00600386
0.00600386
0.00586302
0.00586302
0.00572239
0.00572239
0.00558233
0.00558233
0.00544327
0.00544327
0.00530565
0.00530565
0.00517
0.00517
0.00503689
0.00503689
0.00490696
0.00490696
0.00478093
0.00478093
0.00465957
0.00465957
0.00454375
0.00454375
0.00443439
0.00443439
0.00433251
0.00433251
0.00423919
0.00423919
0.00415558
0.00415558
0.00408288
0.00408288
0.00402232
0.00402232
0.00397513
0.00397513
0.00394255
0.00394255
0.00392572
0.00392572
0.00392572
0.00392572
0.00394255
0.00394255
0.00397513
0.00397513
0.00402232
0.00402232
0.00408288
0.00408288
0.00415558
0.00415558
0.00423919
0.00423919
0.00433251
0.00433251
0.00443439
0.00443439
0.00454375
0.00454375
0.00465957
0.00465957
0.00478093
0.00478093
0.00490696
0.00490696
0.00503689
0.00503689
0.00517
0.00517
0.00530565
0.00530565
0.00544326
0.00544326
0.00558233
0.00558233
0.00572239
0.00572239
0.00586302
0.00586302
0.00600386
0.00600386
0.00614459
0.00614459
0.00628491
0.00628491
0.00642457
0.00642457
0.00656335
0.00656335
0.00670105
0.00670105
0.00683749
0.00683749
0.00697252
0.00697252
0.00710601
0.00710601
0.00723784
0.00723784
0.00736791
0.00736791
0.00749614
0.00749614
0.00762244
0.00762244
0.00774676
0.00774676
0.00786904
0.00786904
0.00798923
0.00798923
0.0081073
0.0081073
0.00822321
0.00822321
0.00833693
0.00833693
0.00844845
0.00844845
0.00855775
0.00855775
0.00866481
0.00866481
0.00876963
0.00876963
0.0088722
0.0088722
0.00897251
0.00897251
0.00907057
0.00907057
0.00916637
0.00916637
0.00925992
0.00925992
0.00935121
0.00935121
0.00944026
0.00944026
0.00952707
0.00952707
0.00961164
0.00961164
0.00969398
0.00969398
0.00977409
0.00977409
0.00985199
0.00985199
0.00992767
0.00992767
0.0100011
0.0100011
0.0100724
0.0100724
0.0101415
0.0101415
0.0102084
0.0102084
0.0102731
0.0102731
0.0103357
0.0103357
0.010396
0.010396
0.0104542
0.0104542
0.0105102
0.0105102
0.0105641
0.0105641
0.0106157
0.0106157
0.0106653
0.0106653
0.0107126
0.0107126
0.0107578
0.0107578
0.0108008
0.0108008
0.0108416
0.0108416
0.0108802
0.0108802
0.0109166
0.0109166
0.0109509
0.0109509
0.0109829
0.0109829
0.0110127
0.0110127
0.0110403
0.0110403
0.0110657
0.0110657
0.0110888
0.0110888
0.0111096
0.0111096
0.0111281
0.0111281
0.0111444
0.0111444
0.0111583
0.0111583
0.0111698
0.0111698
0.011179
0.011179
0.0111858
0.0111858
0.0111902
0.0111902
0.0111921
0.0111921
0.0111915
0.0111915
0.0111885
0.0111885
0.0111829
0.0111829
0.0111747
0.0111747
0.011164
0.011164
0.0111505
0.0111505
0.0111344
0.0111344
0.0111156
0.0111156
0.011094
0.011094
0.0110697
0.0110697
0.0110424
0.0110424
0.0110123
0.0110123
0.0109792
0.0109792
0.0109431
0.0109431
0.0109039
0.0109039
0.0108617
0.0108617
0.0108163
0.0108163
0.0107677
0.0107677
0.0107158
0.0107158
0.0106606
0.0106606
0.010602
0.010602
0.01054
0.01054
0.0104745
0.0104745
0.0104054
0.0104054
0.0103327
0.0103327
0.0102563
0.0102563
0.0101762
0.0101762
0.0100923
0.0100923
0.0100046
0.0100046
0.00991296
0.00991296
0.00981738
0.00981738
0.0097178
0.0097178
0.00961419
0.00961419
0.0095065
0.0095065
0.00939469
0.00939469
0.00927874
0.00927874
0.00915862
0.00915862
0.00903432
0.00903432
0.00890583
0.00890583
0.00877316
0.00877316
0.00863631
0.00863631
0.00849531
0.00849531
0.00835019
0.00835019
0.008201
0.008201
0.00804782
0.00804782
0.0078907
0.0078907
0.00772976
0.00772976
0.0075651
0.0075651
0.00739685
0.00739685
0.00722518
0.00722518
0.00705025
0.00705025
0.00687226
0.00687226
0.00669142
0.00669142
0.00650797
0.00650797
0.00632218
0.00632218
0.00613432
0.00613432
0.0059447
0.0059447
0.00575364
0.00575364
0.0055615
0.0055615
0.00536862
0.00536862
0.0051754
0.0051754
0.00498223
0.00498223
0.0047895
0.0047895
0.00459763
0.00459763
0.00440703
0.00440703
0.00421813
0.00421813
0.00403133
0.00403133
0.00384705
0.00384705
0.00366568
0.00366568
0.0034876
0.0034876
0.00331317
0.00331317
0.00314273
0.00314273
0.00297659
0.00297659
0.00281505
0.00281505
0.00265835
0.00265835
0.00250671
0.00250671
0.00236032
0.00236032
0.00221933
0.00221933
0.00208384
0.00208384
0.00195395
0.00195395
0.00182969
0.00182969
0.00171107
0.00171107
0.00159809
0.00159809
0.00149068
0.00149068
0.00138877
0.00138877
0.00129228
0.00129228
0.00120106
0.00120106
0.001115
0.001115
0.00103393
0.00103393
0.000957692
0.000957692
0.000886108
0.000886108
0.000818996
0.000818996
0.000756167
0.000756167
0.000697428
0.000697428
0.000642587
0.000642587
0.00059145
0.00059145
0.000543826
0.000543826
0.000499527
0.000499527
0.000458368
0.000458368
0.000420169
0.000420169
0.000384756
0.000384756
0.00035196
0.00035196
0.000321621
0.000321621
0.000293582
0.000293582
0.000267696
0.000267696
0.000243821
0.000243821
0.000221822
0.000221822
0.000201574
0.000201574
0.000182954
0.000182954
0.000165849
0.000165849
0.000150153
0.000150153
0.000135763
0.000135763
0.000122585
0.000122585
0.00011053
0.00011053
9.95135e-05
9.95135e-05
8.94583e-05
8.94583e-05
8.0291e-05
8.0291e-05
7.19432e-05
7.19432e-05
6.43511e-05
6.43511e-05
5.74551e-05
5.74551e-05
5.12001e-05
5.12001e-05
4.55343e-05
4.55343e-05
4.04098e-05
4.04098e-05
3.57821e-05
3.57821e-05
3.16099e-05
3.16099e-05
2.78546e-05
2.78546e-05
2.44808e-05
2.44808e-05
2.14556e-05
2.14556e-05
1.87483e-05
1.87483e-05
1.63308e-05
1.63308e-05
1.4177e-05
1.4177e-05
1.22629e-05
1.22629e-05
1.05661e-05
1.05661e-05
9.06635e-06
9.06635e-06
7.74463e-06
7.74463e-06
6.58363e-06
6.58363e-06
5.56738e-06
5.56738e-06
4.68123e-06
4.68123e-06
3.91172e-06
3.91172e-06
3.24652e-06
3.24652e-06
2.67435e-06
2.67435e-06
2.18488e-06
2.18488e-06
1.76871e-06
1.76871e-06
1.41722e-06
1.41722e-06
1.12262e-06
1.12262e-06
8.77772e-07
8.77772e-07
6.76245e-07
6.76245e-07
5.12199e-07
5.12199e-07
3.8036e-07
3.8036e-07
2.75978e-07
2.75978e-07
1.94785e-07
1.94785e-07
1.32961e-07
1.32961e-07
8.70984e-08
8.70984e-08
5.41723e-08
5.41723e-08
3.15155e-08
3.15155e-08
1.67964e-08
1.67964e-08
8.00915e-09
8.00915e-09
3.49793e-09
3.49793e-09
2.13852e-09
2.13852e-09
4.65511e-09
4.65511e-09
3.10498e-08
3.10498e-08
0.00392572
0.00392572
0.00394255
0.00394255
0.00397513
0.00397513
0.00402232
0.00402232
0.00408288
0.00408288
0.00415558
0.00415558
0.00423919
0.00423919
0.00433251
0.00433251
0.00443439
0.00443439
0.00454375
0.00454375
0.00465957
0.00465957
0.00478093
0.00478093
0.00490696
0.00490696
0.00503689
0.00503689
0.00517
0.00517
0.00530565
0.00530565
0.00544326
0.00544326
0.00558233
0.00558233
0.00572239
0.00572239
0.00586302
0.00586302
0.00600386
0.00600386
0.00614459
0.00614459
0.00628491
0.00628491
0.00642457
0.00642457
0.00656335
0.00656335
0.00670105
0.00670105
0.00683749
0.00683749
0.00697252
0.00697252
0.00710601
0.00710601
0.00723784
0.00723784
0.00736791
0.00736791
0.00749614
0.00749614
0.00762244
0.00762244
0.00774676
0.00774676
0.00786904
0.00786904
0.00798923
0.00798923
0.0081073
0.0081073
0.00822321
0.00822321
0.00833693
0.00833693
0.00844845
0.00844845
0.00855775
0.00855775
0.00866481
0.00866481
0.00876963
0.00876963
0.0088722
0.0088722
0.00897251
0.00897251
0.00907057
0.00907057
0.00916637
0.00916637
0.00925992
0.00925992
0.00935121
0.00935121
0.00944026
0.00944026
0.00952707
0.00952707
0.00961164
0.00961164
0.00969398
0.00969398
0.00977409
0.00977409
0.00985199
0.00985199
0.00992767
0.00992767
0.0100011
0.0100011
0.0100724
0.0100724
0.0101415
0.0101415
0.0102084
0.0102084
0.0102731
0.0102731
0.0103357
0.0103357
0.010396
0.010396
0.0104542
0.0104542
0.0105102
0.0105102
0.0105641
0.0105641
0.0106157
0.0106157
0.0106653
0.0106653
0.0107126
0.0107126
0.0107578
0.0107578
0.0108008
0.0108008
0.0108416
0.0108416
0.0108802
0.0108802
0.0109166
0.0109166
0.0109509
0.0109509
0.0109829
0.0109829
0.0110127
0.0110127
0.0110403
0.0110403
0.0110657
0.0110657
0.0110888
0.0110888
0.0111096
0.0111096
0.0111281
0.0111281
0.0111444
0.0111444
0.0111583
0.0111583
0.0111698
0.0111698
0.011179
0.011179
0.0111858
0.0111858
0.0111902
0.0111902
0.0111921
0.0111921
0.0111915
0.0111915
0.0111885
0.0111885
0.0111829
0.0111829
0.0111747
0.0111747
0.011164
0.011164
0.0111505
0.0111505
0.0111344
0.0111344
0.0111156
0.0111156
0.011094
0.011094
0.0110697
0.0110697
0.0110424
0.0110424
0.0110123
0.0110123
0.0109792
0.0109792
0.0109431
0.0109431
0.0109039
0.0109039
0.0108617
0.0108617
0.0108163
0.0108163
0.0107677
0.0107677
0.0107158
0.0107158
0.0106606
0.0106606
0.010602
0.010602
0.01054
0.01054
0.0104745
0.0104745
0.0104054
0.0104054
0.0103327
0.0103327
0.0102563
0.0102563
0.0101762
0.0101762
0.0100923
0.0100923
0.0100046
0.0100046
0.00991296
0.00991296
0.00981738
0.00981738
0.0097178
0.0097178
0.00961419
0.00961419
0.0095065
0.0095065
0.00939469
0.00939469
0.00927874
0.00927874
0.00915862
0.00915862
0.00903432
0.00903432
0.00890583
0.00890583
0.00877316
0.00877316
0.00863631
0.00863631
0.00849531
0.00849531
0.00835019
0.00835019
0.008201
0.008201
0.00804782
0.00804782
0.0078907
0.0078907
0.00772976
0.00772976
0.0075651
0.0075651
0.00739685
0.00739685
0.00722518
0.00722518
0.00705025
0.00705025
0.00687226
0.00687226
0.00669142
0.00669142
0.00650797
0.00650797
0.00632218
0.00632218
0.00613432
0.00613432
0.0059447
0.0059447
0.00575364
0.00575364
0.0055615
0.0055615
0.00536862
0.00536862
0.0051754
0.0051754
0.00498223
0.00498223
0.0047895
0.0047895
0.00459763
0.00459763
0.00440703
0.00440703
0.00421813
0.00421813
0.00403133
0.00403133
0.00384705
0.00384705
0.00366568
0.00366568
0.0034876
0.0034876
0.00331317
0.00331317
0.00314273
0.00314273
0.00297659
0.00297659
0.00281505
0.00281505
0.00265835
0.00265835
0.00250671
0.00250671
0.00236032
0.00236032
0.00221933
0.00221933
0.00208384
0.00208384
0.00195395
0.00195395
0.00182969
0.00182969
0.00171107
0.00171107
0.00159809
0.00159809
0.00149068
0.00149068
0.00138877
0.00138877
0.00129228
0.00129228
0.00120106
0.00120106
0.001115
0.001115
0.00103393
0.00103393
0.000957692
0.000957692
0.000886108
0.000886108
0.000818996
0.000818996
0.000756167
0.000756167
0.000697428
0.000697428
0.000642587
0.000642587
0.00059145
0.00059145
0.000543826
0.000543826
0.000499527
0.000499527
0.000458368
0.000458368
0.000420169
0.000420169
0.000384756
0.000384756
0.00035196
0.00035196
0.000321621
0.000321621
0.000293582
0.000293582
0.000267696
0.000267696
0.000243821
0.000243821
0.000221822
0.000221822
0.000201574
0.000201574
0.000182954
0.000182954
0.000165849
0.000165849
0.000150153
0.000150153
0.000135763
0.000135763
0.000122585
0.000122585
0.00011053
0.00011053
9.95135e-05
9.95135e-05
8.94583e-05
8.94583e-05
8.0291e-05
8.0291e-05
7.19432e-05
7.19432e-05
6.43511e-05
6.43511e-05
5.74551e-05
5.74551e-05
5.12001e-05
5.12001e-05
4.55343e-05
4.55343e-05
4.04098e-05
4.04098e-05
3.57821e-05
3.57821e-05
3.16099e-05
3.16099e-05
2.78546e-05
2.78546e-05
2.44808e-05
2.44808e-05
2.14556e-05
2.14556e-05
1.87483e-05
1.87483e-05
1.63308e-05
1.63308e-05
1.4177e-05
1.4177e-05
1.22629e-05
1.22629e-05
1.05661e-05
1.05661e-05
9.06635e-06
9.06635e-06
7.74463e-06
7.74463e-06
6.58363e-06
6.58363e-06
5.56738e-06
5.56738e-06
4.68123e-06
4.68123e-06
3.91172e-06
3.91172e-06
3.24652e-06
3.24652e-06
2.67435e-06
2.67435e-06
2.18488e-06
2.18488e-06
1.76871e-06
1.76871e-06
1.41722e-06
1.41722e-06
1.12262e-06
1.12262e-06
8.77772e-07
8.77772e-07
6.76245e-07
6.76245e-07
5.12199e-07
5.12199e-07
3.8036e-07
3.8036e-07
2.75978e-07
2.75978e-07
1.94785e-07
1.94785e-07
1.32961e-07
1.32961e-07
8.70984e-08
8.70984e-08
5.41723e-08
5.41723e-08
3.15155e-08
3.15155e-08
1.67964e-08
1.67964e-08
8.00915e-09
8.00915e-09
3.49793e-09
3.49793e-09
2.13852e-09
2.13852e-09
4.65511e-09
4.65511e-09
3.10498e-08
3.10498e-08
)
;

boundaryField
{
    walls
    {
        type            kqRWallFunction;
        value           nonuniform List<scalar> 8(3.10497e-08 3.10497e-08 3.10497e-08 3.10497e-08 3.10498e-08 3.10498e-08 3.10498e-08 3.10498e-08);
    }
    inlet
    {
        type            cyclic;
    }
    outlet
    {
        type            cyclic;
    }
    sides
    {
        type            empty;
    }
}


// ************************************************************************* //
