/*--------------------------------*- C++ -*----------------------------------*\
| =========                 |                                                 |
| \\      /  F ield         | OpenFOAM: The Open Source CFD Toolbox           |
|  \\    /   O peration     | Version:  2106                                  |
|   \\  /    A nd           | Website:  www.openfoam.com                      |
|    \\/     M anipulation  |                                                 |
\*---------------------------------------------------------------------------*/
FoamFile
{
    version     2.0;
    format      ascii;
    arch        "LSB;label=32;scalar=64";
    class       volScalarField;
    location    "10070";
    object      nut;
}
// * * * * * * * * * * * * * * * * * * * * * * * * * * * * * * * * * * * * * //

dimensions      [0 2 -1 0 0 0 0];

internalField   nonuniform List<scalar> 
2000
(
6.92321e-15
6.92321e-15
5.98035e-15
5.98035e-15
8.13594e-15
8.13594e-15
2.83411e-14
2.83411e-14
1.14991e-13
1.14991e-13
3.81386e-13
3.81386e-13
1.04867e-12
1.04867e-12
2.50209e-12
2.50209e-12
5.36289e-12
5.36289e-12
1.05787e-11
1.05787e-11
1.95356e-11
1.95356e-11
3.41957e-11
3.41957e-11
5.7265e-11
5.7265e-11
9.23951e-11
9.23951e-11
1.44427e-10
1.44427e-10
2.1968e-10
2.1968e-10
3.26299e-10
3.26299e-10
4.74659e-10
4.74659e-10
6.77849e-10
6.77849e-10
9.52234e-10
9.52234e-10
1.31812e-09
1.31812e-09
1.80052e-09
1.80052e-09
2.43006e-09
2.43006e-09
3.24401e-09
3.24401e-09
4.28748e-09
4.28748e-09
5.61487e-09
5.61487e-09
7.29139e-09
7.29139e-09
9.39497e-09
9.39497e-09
1.20184e-08
1.20184e-08
1.52716e-08
1.52716e-08
1.92846e-08
1.92846e-08
2.42107e-08
2.42107e-08
3.02298e-08
3.02298e-08
3.75528e-08
3.75528e-08
4.64263e-08
4.64263e-08
5.71374e-08
5.71374e-08
7.00202e-08
7.00202e-08
8.54623e-08
8.54623e-08
1.03912e-07
1.03912e-07
1.25888e-07
1.25888e-07
1.51988e-07
1.51988e-07
1.82897e-07
1.82897e-07
2.19406e-07
2.19406e-07
2.62417e-07
2.62417e-07
3.12965e-07
3.12965e-07
3.72227e-07
3.72227e-07
4.41548e-07
4.41548e-07
5.22455e-07
5.22455e-07
6.1668e-07
6.1668e-07
7.26184e-07
7.26184e-07
8.53186e-07
8.53186e-07
1.00019e-06
1.00019e-06
1.17e-06
1.17e-06
1.36578e-06
1.36578e-06
1.59108e-06
1.59108e-06
1.84984e-06
1.84984e-06
2.1465e-06
2.1465e-06
2.48596e-06
2.48596e-06
2.87367e-06
2.87367e-06
3.31567e-06
3.31567e-06
3.81862e-06
3.81862e-06
4.38986e-06
4.38986e-06
5.03743e-06
5.03743e-06
5.77013e-06
5.77013e-06
6.59758e-06
6.59758e-06
7.53019e-06
7.53019e-06
8.57927e-06
8.57927e-06
9.757e-06
9.757e-06
1.10765e-05
1.10765e-05
1.25517e-05
1.25517e-05
1.41977e-05
1.41977e-05
1.60303e-05
1.60303e-05
1.80661e-05
1.80661e-05
2.03229e-05
2.03229e-05
2.28191e-05
2.28191e-05
2.55738e-05
2.55738e-05
2.86069e-05
2.86069e-05
3.19389e-05
3.19389e-05
3.55907e-05
3.55907e-05
3.95838e-05
3.95838e-05
4.39396e-05
4.39396e-05
4.86801e-05
4.86801e-05
5.3827e-05
5.3827e-05
5.94019e-05
5.94019e-05
6.54265e-05
6.54265e-05
7.19216e-05
7.19216e-05
7.89079e-05
7.89079e-05
8.64053e-05
8.64053e-05
9.44333e-05
9.44333e-05
0.00010301
0.00010301
0.000112153
0.000112153
0.00012188
0.00012188
0.000132206
0.000132206
0.000143145
0.000143145
0.000154712
0.000154712
0.000166918
0.000166918
0.000179777
0.000179777
0.000193299
0.000193299
0.000207493
0.000207493
0.000222369
0.000222369
0.000237935
0.000237935
0.000254198
0.000254198
0.000271166
0.000271166
0.000288844
0.000288844
0.000307238
0.000307238
0.000326354
0.000326354
0.000346196
0.000346196
0.000366768
0.000366768
0.000388075
0.000388075
0.00041012
0.00041012
0.000432907
0.000432907
0.00045644
0.00045644
0.000480721
0.000480721
0.000505753
0.000505753
0.000531541
0.000531541
0.000558086
0.000558086
0.000585392
0.000585392
0.000613462
0.000613462
0.000642299
0.000642299
0.000671905
0.000671905
0.000702284
0.000702284
0.000733438
0.000733438
0.000765371
0.000765371
0.000798086
0.000798086
0.000831585
0.000831585
0.000865872
0.000865872
0.000900949
0.000900949
0.00093682
0.00093682
0.000973487
0.000973487
0.00101095
0.00101095
0.00104922
0.00104922
0.0010883
0.0010883
0.00112818
0.00112818
0.00116887
0.00116887
0.00121038
0.00121038
0.0012527
0.0012527
0.00129584
0.00129584
0.00133981
0.00133981
0.00138459
0.00138459
0.0014302
0.0014302
0.00147663
0.00147663
0.0015239
0.0015239
0.00157199
0.00157199
0.00162091
0.00162091
0.00167067
0.00167067
0.00172125
0.00172125
0.00177267
0.00177267
0.00182492
0.00182492
0.00187801
0.00187801
0.00193192
0.00193192
0.00198666
0.00198666
0.00204223
0.00204223
0.00209863
0.00209863
0.00215585
0.00215585
0.00221389
0.00221389
0.00227275
0.00227275
0.00233242
0.00233242
0.0023929
0.0023929
0.00245419
0.00245419
0.00251627
0.00251627
0.00257915
0.00257915
0.0026428
0.0026428
0.00270724
0.00270724
0.00277245
0.00277245
0.00283841
0.00283841
0.00290512
0.00290512
0.00297257
0.00297257
0.00304075
0.00304075
0.00310964
0.00310964
0.00317923
0.00317923
0.0032495
0.0032495
0.00332044
0.00332044
0.00339204
0.00339204
0.00346427
0.00346427
0.00353712
0.00353712
0.00361056
0.00361056
0.00368457
0.00368457
0.00375914
0.00375914
0.00383423
0.00383423
0.00390982
0.00390982
0.00398589
0.00398589
0.0040624
0.0040624
0.00413932
0.00413932
0.00421663
0.00421663
0.00429428
0.00429428
0.00437226
0.00437226
0.0044505
0.0044505
0.00452899
0.00452899
0.00460767
0.00460767
0.0046865
0.0046865
0.00476545
0.00476545
0.00484445
0.00484445
0.00492347
0.00492347
0.00500244
0.00500244
0.00508132
0.00508132
0.00516005
0.00516005
0.00523857
0.00523857
0.00531682
0.00531682
0.00539473
0.00539473
0.00547224
0.00547224
0.00554927
0.00554927
0.00562575
0.00562575
0.00570161
0.00570161
0.00577676
0.00577676
0.00585113
0.00585113
0.00592463
0.00592463
0.00599716
0.00599716
0.00606864
0.00606864
0.00613897
0.00613897
0.00620804
0.00620804
0.00627576
0.00627576
0.00634203
0.00634203
0.00640672
0.00640672
0.00646972
0.00646972
0.00653092
0.00653092
0.00659019
0.00659019
0.00664742
0.00664742
0.00670247
0.00670247
0.00675521
0.00675521
0.00680551
0.00680551
0.00685324
0.00685324
0.00689825
0.00689825
0.00694043
0.00694043
0.00697961
0.00697961
0.00701568
0.00701568
0.0070485
0.0070485
0.00707794
0.00707794
0.00710388
0.00710388
0.00712621
0.00712621
0.00714483
0.00714483
0.00715967
0.00715967
0.00717065
0.00717065
0.00717774
0.00717774
0.00718094
0.00718094
0.00718028
0.00718028
0.00717585
0.00717585
0.00716778
0.00716778
0.00715628
0.00715628
0.00714163
0.00714163
0.00712419
0.00712419
0.00710442
0.00710442
0.00708289
0.00708289
0.00706026
0.00706026
0.0070373
0.0070373
0.00701488
0.00701488
0.00699392
0.00699392
0.0069754
0.0069754
0.00696031
0.00696031
0.00694953
0.00694953
0.00694385
0.00694385
6.92321e-15
6.92321e-15
5.98035e-15
5.98035e-15
8.13594e-15
8.13594e-15
2.83411e-14
2.83411e-14
1.14991e-13
1.14991e-13
3.81386e-13
3.81386e-13
1.04867e-12
1.04867e-12
2.50209e-12
2.50209e-12
5.36289e-12
5.36289e-12
1.05787e-11
1.05787e-11
1.95356e-11
1.95356e-11
3.41957e-11
3.41957e-11
5.7265e-11
5.7265e-11
9.23951e-11
9.23951e-11
1.44427e-10
1.44427e-10
2.1968e-10
2.1968e-10
3.26299e-10
3.26299e-10
4.74659e-10
4.74659e-10
6.77849e-10
6.77849e-10
9.52234e-10
9.52234e-10
1.31812e-09
1.31812e-09
1.80052e-09
1.80052e-09
2.43006e-09
2.43006e-09
3.24401e-09
3.24401e-09
4.28748e-09
4.28748e-09
5.61487e-09
5.61487e-09
7.29139e-09
7.29139e-09
9.39497e-09
9.39497e-09
1.20184e-08
1.20184e-08
1.52716e-08
1.52716e-08
1.92846e-08
1.92846e-08
2.42107e-08
2.42107e-08
3.02298e-08
3.02298e-08
3.75528e-08
3.75528e-08
4.64263e-08
4.64263e-08
5.71374e-08
5.71374e-08
7.00202e-08
7.00202e-08
8.54623e-08
8.54623e-08
1.03912e-07
1.03912e-07
1.25888e-07
1.25888e-07
1.51988e-07
1.51988e-07
1.82897e-07
1.82897e-07
2.19406e-07
2.19406e-07
2.62417e-07
2.62417e-07
3.12965e-07
3.12965e-07
3.72227e-07
3.72227e-07
4.41548e-07
4.41548e-07
5.22455e-07
5.22455e-07
6.1668e-07
6.1668e-07
7.26184e-07
7.26184e-07
8.53186e-07
8.53186e-07
1.00019e-06
1.00019e-06
1.17e-06
1.17e-06
1.36578e-06
1.36578e-06
1.59108e-06
1.59108e-06
1.84984e-06
1.84984e-06
2.1465e-06
2.1465e-06
2.48596e-06
2.48596e-06
2.87367e-06
2.87367e-06
3.31567e-06
3.31567e-06
3.81862e-06
3.81862e-06
4.38986e-06
4.38986e-06
5.03743e-06
5.03743e-06
5.77013e-06
5.77013e-06
6.59758e-06
6.59758e-06
7.53019e-06
7.53019e-06
8.57927e-06
8.57927e-06
9.757e-06
9.757e-06
1.10765e-05
1.10765e-05
1.25517e-05
1.25517e-05
1.41977e-05
1.41977e-05
1.60303e-05
1.60303e-05
1.80661e-05
1.80661e-05
2.03229e-05
2.03229e-05
2.28191e-05
2.28191e-05
2.55738e-05
2.55738e-05
2.86069e-05
2.86069e-05
3.19389e-05
3.19389e-05
3.55907e-05
3.55907e-05
3.95838e-05
3.95838e-05
4.39396e-05
4.39396e-05
4.86801e-05
4.86801e-05
5.3827e-05
5.3827e-05
5.94019e-05
5.94019e-05
6.54265e-05
6.54265e-05
7.19216e-05
7.19216e-05
7.89079e-05
7.89079e-05
8.64053e-05
8.64053e-05
9.44333e-05
9.44333e-05
0.00010301
0.00010301
0.000112153
0.000112153
0.00012188
0.00012188
0.000132206
0.000132206
0.000143145
0.000143145
0.000154712
0.000154712
0.000166918
0.000166918
0.000179777
0.000179777
0.000193299
0.000193299
0.000207493
0.000207493
0.000222369
0.000222369
0.000237935
0.000237935
0.000254198
0.000254198
0.000271166
0.000271166
0.000288844
0.000288844
0.000307238
0.000307238
0.000326354
0.000326354
0.000346196
0.000346196
0.000366768
0.000366768
0.000388075
0.000388075
0.00041012
0.00041012
0.000432907
0.000432907
0.00045644
0.00045644
0.000480721
0.000480721
0.000505753
0.000505753
0.000531541
0.000531541
0.000558086
0.000558086
0.000585392
0.000585392
0.000613462
0.000613462
0.000642299
0.000642299
0.000671905
0.000671905
0.000702284
0.000702284
0.000733438
0.000733438
0.000765371
0.000765371
0.000798086
0.000798086
0.000831585
0.000831585
0.000865872
0.000865872
0.000900949
0.000900949
0.00093682
0.00093682
0.000973487
0.000973487
0.00101095
0.00101095
0.00104922
0.00104922
0.0010883
0.0010883
0.00112818
0.00112818
0.00116887
0.00116887
0.00121038
0.00121038
0.0012527
0.0012527
0.00129584
0.00129584
0.00133981
0.00133981
0.00138459
0.00138459
0.0014302
0.0014302
0.00147663
0.00147663
0.0015239
0.0015239
0.00157199
0.00157199
0.00162091
0.00162091
0.00167067
0.00167067
0.00172125
0.00172125
0.00177267
0.00177267
0.00182492
0.00182492
0.00187801
0.00187801
0.00193192
0.00193192
0.00198666
0.00198666
0.00204223
0.00204223
0.00209863
0.00209863
0.00215585
0.00215585
0.00221389
0.00221389
0.00227275
0.00227275
0.00233242
0.00233242
0.0023929
0.0023929
0.00245419
0.00245419
0.00251627
0.00251627
0.00257915
0.00257915
0.0026428
0.0026428
0.00270724
0.00270724
0.00277245
0.00277245
0.00283841
0.00283841
0.00290512
0.00290512
0.00297257
0.00297257
0.00304075
0.00304075
0.00310964
0.00310964
0.00317923
0.00317923
0.0032495
0.0032495
0.00332044
0.00332044
0.00339204
0.00339204
0.00346427
0.00346427
0.00353712
0.00353712
0.00361056
0.00361056
0.00368457
0.00368457
0.00375914
0.00375914
0.00383423
0.00383423
0.00390982
0.00390982
0.00398589
0.00398589
0.0040624
0.0040624
0.00413932
0.00413932
0.00421663
0.00421663
0.00429428
0.00429428
0.00437226
0.00437226
0.0044505
0.0044505
0.00452899
0.00452899
0.00460767
0.00460767
0.0046865
0.0046865
0.00476545
0.00476545
0.00484445
0.00484445
0.00492347
0.00492347
0.00500244
0.00500244
0.00508132
0.00508132
0.00516005
0.00516005
0.00523857
0.00523857
0.00531682
0.00531682
0.00539473
0.00539473
0.00547224
0.00547224
0.00554927
0.00554927
0.00562575
0.00562575
0.00570161
0.00570161
0.00577676
0.00577676
0.00585113
0.00585113
0.00592463
0.00592463
0.00599716
0.00599716
0.00606864
0.00606864
0.00613897
0.00613897
0.00620804
0.00620804
0.00627576
0.00627576
0.00634203
0.00634203
0.00640672
0.00640672
0.00646972
0.00646972
0.00653092
0.00653092
0.00659019
0.00659019
0.00664742
0.00664742
0.00670247
0.00670247
0.00675521
0.00675521
0.00680551
0.00680551
0.00685324
0.00685324
0.00689825
0.00689825
0.00694043
0.00694043
0.00697961
0.00697961
0.00701568
0.00701568
0.0070485
0.0070485
0.00707794
0.00707794
0.00710388
0.00710388
0.00712621
0.00712621
0.00714483
0.00714483
0.00715967
0.00715967
0.00717065
0.00717065
0.00717774
0.00717774
0.00718094
0.00718094
0.00718028
0.00718028
0.00717585
0.00717585
0.00716778
0.00716778
0.00715628
0.00715628
0.00714163
0.00714163
0.00712419
0.00712419
0.00710442
0.00710442
0.00708289
0.00708289
0.00706026
0.00706026
0.0070373
0.0070373
0.00701488
0.00701488
0.00699392
0.00699392
0.0069754
0.0069754
0.00696031
0.00696031
0.00694953
0.00694953
0.00694385
0.00694385
0.00694385
0.00694385
0.00694953
0.00694953
0.00696031
0.00696031
0.0069754
0.0069754
0.00699392
0.00699392
0.00701487
0.00701487
0.0070373
0.0070373
0.00706026
0.00706026
0.00708289
0.00708289
0.00710442
0.00710442
0.00712419
0.00712419
0.00714163
0.00714163
0.00715628
0.00715628
0.00716778
0.00716778
0.00717585
0.00717585
0.00718028
0.00718028
0.00718093
0.00718093
0.00717774
0.00717774
0.00717064
0.00717064
0.00715966
0.00715966
0.00714483
0.00714483
0.00712621
0.00712621
0.00710388
0.00710388
0.00707794
0.00707794
0.0070485
0.0070485
0.00701568
0.00701568
0.00697961
0.00697961
0.00694042
0.00694042
0.00689825
0.00689825
0.00685324
0.00685324
0.00680551
0.00680551
0.00675521
0.00675521
0.00670246
0.00670246
0.00664742
0.00664742
0.00659019
0.00659019
0.00653092
0.00653092
0.00646972
0.00646972
0.00640671
0.00640671
0.00634202
0.00634202
0.00627576
0.00627576
0.00620804
0.00620804
0.00613896
0.00613896
0.00606864
0.00606864
0.00599716
0.00599716
0.00592462
0.00592462
0.00585113
0.00585113
0.00577676
0.00577676
0.00570161
0.00570161
0.00562575
0.00562575
0.00554927
0.00554927
0.00547224
0.00547224
0.00539473
0.00539473
0.00531682
0.00531682
0.00523857
0.00523857
0.00516005
0.00516005
0.00508132
0.00508132
0.00500244
0.00500244
0.00492347
0.00492347
0.00484445
0.00484445
0.00476545
0.00476545
0.0046865
0.0046865
0.00460767
0.00460767
0.00452899
0.00452899
0.0044505
0.0044505
0.00437225
0.00437225
0.00429428
0.00429428
0.00421663
0.00421663
0.00413932
0.00413932
0.00406239
0.00406239
0.00398588
0.00398588
0.00390982
0.00390982
0.00383423
0.00383423
0.00375914
0.00375914
0.00368457
0.00368457
0.00361056
0.00361056
0.00353712
0.00353712
0.00346427
0.00346427
0.00339204
0.00339204
0.00332044
0.00332044
0.0032495
0.0032495
0.00317922
0.00317922
0.00310964
0.00310964
0.00304075
0.00304075
0.00297257
0.00297257
0.00290512
0.00290512
0.00283841
0.00283841
0.00277244
0.00277244
0.00270724
0.00270724
0.0026428
0.0026428
0.00257914
0.00257914
0.00251627
0.00251627
0.00245419
0.00245419
0.0023929
0.0023929
0.00233242
0.00233242
0.00227275
0.00227275
0.00221389
0.00221389
0.00215585
0.00215585
0.00209863
0.00209863
0.00204223
0.00204223
0.00198666
0.00198666
0.00193192
0.00193192
0.001878
0.001878
0.00182492
0.00182492
0.00177267
0.00177267
0.00172125
0.00172125
0.00167067
0.00167067
0.00162091
0.00162091
0.00157199
0.00157199
0.0015239
0.0015239
0.00147663
0.00147663
0.0014302
0.0014302
0.00138459
0.00138459
0.00133981
0.00133981
0.00129584
0.00129584
0.0012527
0.0012527
0.00121038
0.00121038
0.00116887
0.00116887
0.00112818
0.00112818
0.0010883
0.0010883
0.00104922
0.00104922
0.00101095
0.00101095
0.000973487
0.000973487
0.00093682
0.00093682
0.000900949
0.000900949
0.000865872
0.000865872
0.000831585
0.000831585
0.000798086
0.000798086
0.000765371
0.000765371
0.000733438
0.000733438
0.000702284
0.000702284
0.000671905
0.000671905
0.000642299
0.000642299
0.000613462
0.000613462
0.000585392
0.000585392
0.000558086
0.000558086
0.000531541
0.000531541
0.000505753
0.000505753
0.00048072
0.00048072
0.00045644
0.00045644
0.000432907
0.000432907
0.00041012
0.00041012
0.000388075
0.000388075
0.000366768
0.000366768
0.000346196
0.000346196
0.000326354
0.000326354
0.000307238
0.000307238
0.000288844
0.000288844
0.000271166
0.000271166
0.000254198
0.000254198
0.000237935
0.000237935
0.000222369
0.000222369
0.000207493
0.000207493
0.000193299
0.000193299
0.000179777
0.000179777
0.000166918
0.000166918
0.000154712
0.000154712
0.000143145
0.000143145
0.000132206
0.000132206
0.00012188
0.00012188
0.000112153
0.000112153
0.00010301
0.00010301
9.44332e-05
9.44332e-05
8.64053e-05
8.64053e-05
7.89079e-05
7.89079e-05
7.19216e-05
7.19216e-05
6.54264e-05
6.54264e-05
5.94019e-05
5.94019e-05
5.3827e-05
5.3827e-05
4.86801e-05
4.86801e-05
4.39396e-05
4.39396e-05
3.95838e-05
3.95838e-05
3.55907e-05
3.55907e-05
3.19389e-05
3.19389e-05
2.86069e-05
2.86069e-05
2.55738e-05
2.55738e-05
2.28191e-05
2.28191e-05
2.03229e-05
2.03229e-05
1.80661e-05
1.80661e-05
1.60303e-05
1.60303e-05
1.41977e-05
1.41977e-05
1.25517e-05
1.25517e-05
1.10765e-05
1.10765e-05
9.757e-06
9.757e-06
8.57927e-06
8.57927e-06
7.53019e-06
7.53019e-06
6.59758e-06
6.59758e-06
5.77013e-06
5.77013e-06
5.03743e-06
5.03743e-06
4.38986e-06
4.38986e-06
3.81862e-06
3.81862e-06
3.31567e-06
3.31567e-06
2.87367e-06
2.87367e-06
2.48596e-06
2.48596e-06
2.1465e-06
2.1465e-06
1.84984e-06
1.84984e-06
1.59108e-06
1.59108e-06
1.36578e-06
1.36578e-06
1.17e-06
1.17e-06
1.00019e-06
1.00019e-06
8.53186e-07
8.53186e-07
7.26184e-07
7.26184e-07
6.1668e-07
6.1668e-07
5.22455e-07
5.22455e-07
4.41548e-07
4.41548e-07
3.72227e-07
3.72227e-07
3.12965e-07
3.12965e-07
2.62417e-07
2.62417e-07
2.19406e-07
2.19406e-07
1.82897e-07
1.82897e-07
1.51988e-07
1.51988e-07
1.25888e-07
1.25888e-07
1.03912e-07
1.03912e-07
8.54623e-08
8.54623e-08
7.00202e-08
7.00202e-08
5.71374e-08
5.71374e-08
4.64263e-08
4.64263e-08
3.75528e-08
3.75528e-08
3.02298e-08
3.02298e-08
2.42107e-08
2.42107e-08
1.92846e-08
1.92846e-08
1.52716e-08
1.52716e-08
1.20184e-08
1.20184e-08
9.39497e-09
9.39497e-09
7.29139e-09
7.29139e-09
5.61487e-09
5.61487e-09
4.28748e-09
4.28748e-09
3.24401e-09
3.24401e-09
2.43006e-09
2.43006e-09
1.80052e-09
1.80052e-09
1.31812e-09
1.31812e-09
9.52235e-10
9.52235e-10
6.77848e-10
6.77848e-10
4.74659e-10
4.74659e-10
3.26299e-10
3.26299e-10
2.1968e-10
2.1968e-10
1.44427e-10
1.44427e-10
9.23951e-11
9.23951e-11
5.7265e-11
5.7265e-11
3.41958e-11
3.41958e-11
1.95356e-11
1.95356e-11
1.05787e-11
1.05787e-11
5.36288e-12
5.36288e-12
2.50209e-12
2.50209e-12
1.04867e-12
1.04867e-12
3.81386e-13
3.81386e-13
1.14991e-13
1.14991e-13
2.83413e-14
2.83413e-14
8.136e-15
8.136e-15
5.98041e-15
5.98041e-15
6.92328e-15
6.92328e-15
0.00694385
0.00694385
0.00694953
0.00694953
0.00696031
0.00696031
0.0069754
0.0069754
0.00699392
0.00699392
0.00701487
0.00701487
0.0070373
0.0070373
0.00706026
0.00706026
0.00708289
0.00708289
0.00710442
0.00710442
0.00712419
0.00712419
0.00714163
0.00714163
0.00715628
0.00715628
0.00716778
0.00716778
0.00717585
0.00717585
0.00718028
0.00718028
0.00718093
0.00718093
0.00717774
0.00717774
0.00717064
0.00717064
0.00715966
0.00715966
0.00714483
0.00714483
0.00712621
0.00712621
0.00710388
0.00710388
0.00707794
0.00707794
0.0070485
0.0070485
0.00701568
0.00701568
0.00697961
0.00697961
0.00694042
0.00694042
0.00689825
0.00689825
0.00685324
0.00685324
0.00680551
0.00680551
0.00675521
0.00675521
0.00670246
0.00670246
0.00664742
0.00664742
0.00659019
0.00659019
0.00653092
0.00653092
0.00646972
0.00646972
0.00640671
0.00640671
0.00634202
0.00634202
0.00627576
0.00627576
0.00620804
0.00620804
0.00613896
0.00613896
0.00606864
0.00606864
0.00599716
0.00599716
0.00592462
0.00592462
0.00585113
0.00585113
0.00577676
0.00577676
0.00570161
0.00570161
0.00562575
0.00562575
0.00554927
0.00554927
0.00547224
0.00547224
0.00539473
0.00539473
0.00531682
0.00531682
0.00523857
0.00523857
0.00516005
0.00516005
0.00508132
0.00508132
0.00500244
0.00500244
0.00492347
0.00492347
0.00484445
0.00484445
0.00476545
0.00476545
0.0046865
0.0046865
0.00460767
0.00460767
0.00452899
0.00452899
0.0044505
0.0044505
0.00437225
0.00437225
0.00429428
0.00429428
0.00421663
0.00421663
0.00413932
0.00413932
0.00406239
0.00406239
0.00398588
0.00398588
0.00390982
0.00390982
0.00383423
0.00383423
0.00375914
0.00375914
0.00368457
0.00368457
0.00361056
0.00361056
0.00353712
0.00353712
0.00346427
0.00346427
0.00339204
0.00339204
0.00332044
0.00332044
0.0032495
0.0032495
0.00317922
0.00317922
0.00310964
0.00310964
0.00304075
0.00304075
0.00297257
0.00297257
0.00290512
0.00290512
0.00283841
0.00283841
0.00277244
0.00277244
0.00270724
0.00270724
0.0026428
0.0026428
0.00257914
0.00257914
0.00251627
0.00251627
0.00245419
0.00245419
0.0023929
0.0023929
0.00233242
0.00233242
0.00227275
0.00227275
0.00221389
0.00221389
0.00215585
0.00215585
0.00209863
0.00209863
0.00204223
0.00204223
0.00198666
0.00198666
0.00193192
0.00193192
0.001878
0.001878
0.00182492
0.00182492
0.00177267
0.00177267
0.00172125
0.00172125
0.00167067
0.00167067
0.00162091
0.00162091
0.00157199
0.00157199
0.0015239
0.0015239
0.00147663
0.00147663
0.0014302
0.0014302
0.00138459
0.00138459
0.00133981
0.00133981
0.00129584
0.00129584
0.0012527
0.0012527
0.00121038
0.00121038
0.00116887
0.00116887
0.00112818
0.00112818
0.0010883
0.0010883
0.00104922
0.00104922
0.00101095
0.00101095
0.000973487
0.000973487
0.00093682
0.00093682
0.000900949
0.000900949
0.000865872
0.000865872
0.000831585
0.000831585
0.000798086
0.000798086
0.000765371
0.000765371
0.000733438
0.000733438
0.000702284
0.000702284
0.000671905
0.000671905
0.000642299
0.000642299
0.000613462
0.000613462
0.000585392
0.000585392
0.000558086
0.000558086
0.000531541
0.000531541
0.000505753
0.000505753
0.00048072
0.00048072
0.00045644
0.00045644
0.000432907
0.000432907
0.00041012
0.00041012
0.000388075
0.000388075
0.000366768
0.000366768
0.000346196
0.000346196
0.000326354
0.000326354
0.000307238
0.000307238
0.000288844
0.000288844
0.000271166
0.000271166
0.000254198
0.000254198
0.000237935
0.000237935
0.000222369
0.000222369
0.000207493
0.000207493
0.000193299
0.000193299
0.000179777
0.000179777
0.000166918
0.000166918
0.000154712
0.000154712
0.000143145
0.000143145
0.000132206
0.000132206
0.00012188
0.00012188
0.000112153
0.000112153
0.00010301
0.00010301
9.44332e-05
9.44332e-05
8.64053e-05
8.64053e-05
7.89079e-05
7.89079e-05
7.19216e-05
7.19216e-05
6.54264e-05
6.54264e-05
5.94019e-05
5.94019e-05
5.3827e-05
5.3827e-05
4.86801e-05
4.86801e-05
4.39396e-05
4.39396e-05
3.95838e-05
3.95838e-05
3.55907e-05
3.55907e-05
3.19389e-05
3.19389e-05
2.86069e-05
2.86069e-05
2.55738e-05
2.55738e-05
2.28191e-05
2.28191e-05
2.03229e-05
2.03229e-05
1.80661e-05
1.80661e-05
1.60303e-05
1.60303e-05
1.41977e-05
1.41977e-05
1.25517e-05
1.25517e-05
1.10765e-05
1.10765e-05
9.757e-06
9.757e-06
8.57927e-06
8.57927e-06
7.53019e-06
7.53019e-06
6.59758e-06
6.59758e-06
5.77013e-06
5.77013e-06
5.03743e-06
5.03743e-06
4.38986e-06
4.38986e-06
3.81862e-06
3.81862e-06
3.31567e-06
3.31567e-06
2.87367e-06
2.87367e-06
2.48596e-06
2.48596e-06
2.1465e-06
2.1465e-06
1.84984e-06
1.84984e-06
1.59108e-06
1.59108e-06
1.36578e-06
1.36578e-06
1.17e-06
1.17e-06
1.00019e-06
1.00019e-06
8.53186e-07
8.53186e-07
7.26184e-07
7.26184e-07
6.1668e-07
6.1668e-07
5.22455e-07
5.22455e-07
4.41548e-07
4.41548e-07
3.72227e-07
3.72227e-07
3.12965e-07
3.12965e-07
2.62417e-07
2.62417e-07
2.19406e-07
2.19406e-07
1.82897e-07
1.82897e-07
1.51988e-07
1.51988e-07
1.25888e-07
1.25888e-07
1.03912e-07
1.03912e-07
8.54623e-08
8.54623e-08
7.00202e-08
7.00202e-08
5.71374e-08
5.71374e-08
4.64263e-08
4.64263e-08
3.75528e-08
3.75528e-08
3.02298e-08
3.02298e-08
2.42107e-08
2.42107e-08
1.92846e-08
1.92846e-08
1.52716e-08
1.52716e-08
1.20184e-08
1.20184e-08
9.39497e-09
9.39497e-09
7.29139e-09
7.29139e-09
5.61487e-09
5.61487e-09
4.28748e-09
4.28748e-09
3.24401e-09
3.24401e-09
2.43006e-09
2.43006e-09
1.80052e-09
1.80052e-09
1.31812e-09
1.31812e-09
9.52235e-10
9.52235e-10
6.77848e-10
6.77848e-10
4.74659e-10
4.74659e-10
3.26299e-10
3.26299e-10
2.1968e-10
2.1968e-10
1.44427e-10
1.44427e-10
9.23951e-11
9.23951e-11
5.7265e-11
5.7265e-11
3.41958e-11
3.41958e-11
1.95356e-11
1.95356e-11
1.05787e-11
1.05787e-11
5.36288e-12
5.36288e-12
2.50209e-12
2.50209e-12
1.04867e-12
1.04867e-12
3.81386e-13
3.81386e-13
1.14991e-13
1.14991e-13
2.83413e-14
2.83413e-14
8.136e-15
8.136e-15
5.98041e-15
5.98041e-15
6.92328e-15
6.92328e-15
)
;

boundaryField
{
    walls
    {
        type            nutUWallFunction;
        blending        stepwise;
        Cmu             0.09;
        kappa           0.41;
        E               9.8;
        value           uniform 0;
    }
    inlet
    {
        type            cyclic;
    }
    outlet
    {
        type            cyclic;
    }
    sides
    {
        type            empty;
    }
}


// ************************************************************************* //
