/*--------------------------------*- C++ -*----------------------------------*\
| =========                 |                                                 |
| \\      /  F ield         | OpenFOAM: The Open Source CFD Toolbox           |
|  \\    /   O peration     | Version:  2106                                  |
|   \\  /    A nd           | Website:  www.openfoam.com                      |
|    \\/     M anipulation  |                                                 |
\*---------------------------------------------------------------------------*/
FoamFile
{
    version     2.0;
    format      ascii;
    arch        "LSB;label=32;scalar=64";
    class       volScalarField;
    location    "10090";
    object      alphat;
}
// * * * * * * * * * * * * * * * * * * * * * * * * * * * * * * * * * * * * * //

dimensions      [0 2 -1 0 0 0 0];

internalField   nonuniform List<scalar> 
2000
(
1.37042e-13
1.37042e-13
1.2695e-13
1.2695e-13
3.45181e-13
3.45181e-13
2.0169e-12
2.0169e-12
9.08229e-12
9.08229e-12
3.07557e-11
3.07557e-11
8.50174e-11
8.50174e-11
2.03186e-10
2.03186e-10
4.35759e-10
4.35759e-10
8.59741e-10
8.59741e-10
1.58772e-09
1.58772e-09
2.77899e-09
2.77899e-09
4.65298e-09
4.65298e-09
7.50546e-09
7.50546e-09
1.17278e-08
1.17278e-08
1.78297e-08
1.78297e-08
2.64659e-08
2.64659e-08
3.84674e-08
3.84674e-08
5.48771e-08
5.48771e-08
7.6991e-08
7.6991e-08
1.06405e-07
1.06405e-07
1.45065e-07
1.45065e-07
1.95331e-07
1.95331e-07
2.60032e-07
2.60032e-07
3.42543e-07
3.42543e-07
4.46855e-07
4.46855e-07
5.77653e-07
5.77653e-07
7.40395e-07
7.40395e-07
9.41389e-07
9.41389e-07
1.18787e-06
1.18787e-06
1.48808e-06
1.48808e-06
1.85132e-06
1.85132e-06
2.28797e-06
2.28797e-06
2.80958e-06
2.80958e-06
3.42881e-06
3.42881e-06
4.15947e-06
4.15947e-06
5.0164e-06
5.0164e-06
6.01547e-06
6.01547e-06
7.17338e-06
7.17338e-06
8.50757e-06
8.50757e-06
1.0036e-05
1.0036e-05
1.1777e-05
1.1777e-05
1.37491e-05
1.37491e-05
1.59703e-05
1.59703e-05
1.84589e-05
1.84589e-05
2.1232e-05
2.1232e-05
2.43062e-05
2.43062e-05
2.7697e-05
2.7697e-05
3.1419e-05
3.1419e-05
3.54851e-05
3.54851e-05
3.99073e-05
3.99073e-05
4.46961e-05
4.46961e-05
4.98604e-05
4.98604e-05
5.54081e-05
5.54081e-05
6.13458e-05
6.13458e-05
6.76787e-05
6.76787e-05
7.44112e-05
7.44112e-05
8.15466e-05
8.15466e-05
8.90876e-05
8.90876e-05
9.7036e-05
9.7036e-05
0.000105393
0.000105393
0.00011416
0.00011416
0.000123337
0.000123337
0.000132925
0.000132925
0.000142923
0.000142923
0.000153333
0.000153333
0.000164153
0.000164153
0.000175384
0.000175384
0.000187027
0.000187027
0.000199081
0.000199081
0.000211547
0.000211547
0.000224426
0.000224426
0.000237718
0.000237718
0.000251425
0.000251425
0.000265548
0.000265548
0.000280088
0.000280088
0.000295047
0.000295047
0.000310426
0.000310426
0.000326228
0.000326228
0.000342455
0.000342455
0.00035911
0.00035911
0.000376194
0.000376194
0.000393711
0.000393711
0.000411664
0.000411664
0.000430056
0.000430056
0.00044889
0.00044889
0.00046817
0.00046817
0.000487899
0.000487899
0.000508081
0.000508081
0.00052872
0.00052872
0.000549821
0.000549821
0.000571386
0.000571386
0.000593421
0.000593421
0.00061593
0.00061593
0.000638917
0.000638917
0.000662387
0.000662387
0.000686344
0.000686344
0.000710794
0.000710794
0.000735741
0.000735741
0.00076119
0.00076119
0.000787146
0.000787146
0.000813615
0.000813615
0.0008406
0.0008406
0.000868108
0.000868108
0.000896144
0.000896144
0.000924713
0.000924713
0.00095382
0.00095382
0.00098347
0.00098347
0.00101367
0.00101367
0.00104442
0.00104442
0.00107574
0.00107574
0.00110762
0.00110762
0.00114007
0.00114007
0.00117309
0.00117309
0.0012067
0.0012067
0.00124089
0.00124089
0.00127568
0.00127568
0.00131107
0.00131107
0.00134705
0.00134705
0.00138365
0.00138365
0.00142086
0.00142086
0.00145869
0.00145869
0.00149714
0.00149714
0.00153622
0.00153622
0.00157594
0.00157594
0.0016163
0.0016163
0.0016573
0.0016573
0.00169895
0.00169895
0.00174125
0.00174125
0.00178421
0.00178421
0.00182783
0.00182783
0.00187212
0.00187212
0.00191708
0.00191708
0.00196272
0.00196272
0.00200903
0.00200903
0.00205603
0.00205603
0.00210371
0.00210371
0.00215208
0.00215208
0.00220114
0.00220114
0.0022509
0.0022509
0.00230135
0.00230135
0.00235251
0.00235251
0.00240436
0.00240436
0.00245692
0.00245692
0.00251018
0.00251018
0.00256415
0.00256415
0.00261883
0.00261883
0.00267421
0.00267421
0.0027303
0.0027303
0.00278709
0.00278709
0.00284459
0.00284459
0.0029028
0.0029028
0.0029617
0.0029617
0.00302131
0.00302131
0.00308162
0.00308162
0.00314262
0.00314262
0.00320431
0.00320431
0.00326669
0.00326669
0.00332975
0.00332975
0.00339349
0.00339349
0.0034579
0.0034579
0.00352297
0.00352297
0.0035887
0.0035887
0.00365507
0.00365507
0.00372209
0.00372209
0.00378973
0.00378973
0.00385799
0.00385799
0.00392686
0.00392686
0.00399633
0.00399633
0.00406637
0.00406637
0.00413699
0.00413699
0.00420815
0.00420815
0.00427985
0.00427985
0.00435207
0.00435207
0.00442479
0.00442479
0.00449799
0.00449799
0.00457164
0.00457164
0.00464573
0.00464573
0.00472024
0.00472024
0.00479513
0.00479513
0.00487039
0.00487039
0.00494597
0.00494597
0.00502186
0.00502186
0.00509803
0.00509803
0.00517443
0.00517443
0.00525104
0.00525104
0.00532782
0.00532782
0.00540474
0.00540474
0.00548174
0.00548174
0.00555879
0.00555879
0.00563585
0.00563585
0.00571287
0.00571287
0.0057898
0.0057898
0.00586659
0.00586659
0.00594319
0.00594319
0.00601954
0.00601954
0.00609558
0.00609558
0.00617126
0.00617126
0.00624651
0.00624651
0.00632127
0.00632127
0.00639546
0.00639546
0.00646902
0.00646902
0.00654186
0.00654186
0.00661392
0.00661392
0.00668511
0.00668511
0.00675535
0.00675535
0.00682454
0.00682454
0.00689261
0.00689261
0.00695945
0.00695945
0.00702497
0.00702497
0.00708906
0.00708906
0.00715163
0.00715163
0.00721255
0.00721255
0.00727173
0.00727173
0.00732905
0.00732905
0.00738439
0.00738439
0.00743762
0.00743762
0.00748863
0.00748863
0.00753729
0.00753729
0.00758346
0.00758346
0.00762702
0.00762702
0.00766784
0.00766784
0.00770579
0.00770579
0.00774073
0.00774073
0.00777254
0.00777254
0.00780109
0.00780109
0.00782626
0.00782626
0.00784795
0.00784795
0.00786605
0.00786605
0.00788047
0.00788047
0.00789114
0.00789114
0.00789802
0.00789802
0.00790109
0.00790109
0.00790035
0.00790035
0.00789586
0.00789586
0.00788772
0.00788772
0.0078761
0.0078761
0.00786121
0.00786121
0.00784335
0.00784335
0.00782292
0.00782292
0.00780039
0.00780039
0.00777634
0.00777634
0.00775145
0.00775145
0.00772651
0.00772651
0.00770238
0.00770238
0.00768
0.00768
0.00766035
0.00766035
0.0076444
0.0076444
0.00763306
0.00763306
0.00762709
0.00762709
1.37042e-13
1.37042e-13
1.2695e-13
1.2695e-13
3.45181e-13
3.45181e-13
2.0169e-12
2.0169e-12
9.08229e-12
9.08229e-12
3.07557e-11
3.07557e-11
8.50174e-11
8.50174e-11
2.03186e-10
2.03186e-10
4.35759e-10
4.35759e-10
8.59741e-10
8.59741e-10
1.58772e-09
1.58772e-09
2.77899e-09
2.77899e-09
4.65298e-09
4.65298e-09
7.50546e-09
7.50546e-09
1.17278e-08
1.17278e-08
1.78297e-08
1.78297e-08
2.64659e-08
2.64659e-08
3.84674e-08
3.84674e-08
5.48771e-08
5.48771e-08
7.6991e-08
7.6991e-08
1.06405e-07
1.06405e-07
1.45065e-07
1.45065e-07
1.95331e-07
1.95331e-07
2.60032e-07
2.60032e-07
3.42543e-07
3.42543e-07
4.46855e-07
4.46855e-07
5.77653e-07
5.77653e-07
7.40395e-07
7.40395e-07
9.41389e-07
9.41389e-07
1.18787e-06
1.18787e-06
1.48808e-06
1.48808e-06
1.85132e-06
1.85132e-06
2.28797e-06
2.28797e-06
2.80958e-06
2.80958e-06
3.42881e-06
3.42881e-06
4.15947e-06
4.15947e-06
5.0164e-06
5.0164e-06
6.01547e-06
6.01547e-06
7.17338e-06
7.17338e-06
8.50757e-06
8.50757e-06
1.0036e-05
1.0036e-05
1.1777e-05
1.1777e-05
1.37491e-05
1.37491e-05
1.59703e-05
1.59703e-05
1.84589e-05
1.84589e-05
2.1232e-05
2.1232e-05
2.43062e-05
2.43062e-05
2.7697e-05
2.7697e-05
3.1419e-05
3.1419e-05
3.54851e-05
3.54851e-05
3.99073e-05
3.99073e-05
4.46961e-05
4.46961e-05
4.98604e-05
4.98604e-05
5.54081e-05
5.54081e-05
6.13458e-05
6.13458e-05
6.76787e-05
6.76787e-05
7.44112e-05
7.44112e-05
8.15466e-05
8.15466e-05
8.90876e-05
8.90876e-05
9.7036e-05
9.7036e-05
0.000105393
0.000105393
0.00011416
0.00011416
0.000123337
0.000123337
0.000132925
0.000132925
0.000142923
0.000142923
0.000153333
0.000153333
0.000164153
0.000164153
0.000175384
0.000175384
0.000187027
0.000187027
0.000199081
0.000199081
0.000211547
0.000211547
0.000224426
0.000224426
0.000237718
0.000237718
0.000251425
0.000251425
0.000265548
0.000265548
0.000280088
0.000280088
0.000295047
0.000295047
0.000310426
0.000310426
0.000326228
0.000326228
0.000342455
0.000342455
0.00035911
0.00035911
0.000376194
0.000376194
0.000393711
0.000393711
0.000411664
0.000411664
0.000430056
0.000430056
0.00044889
0.00044889
0.00046817
0.00046817
0.000487899
0.000487899
0.000508081
0.000508081
0.00052872
0.00052872
0.000549821
0.000549821
0.000571386
0.000571386
0.000593421
0.000593421
0.00061593
0.00061593
0.000638917
0.000638917
0.000662387
0.000662387
0.000686344
0.000686344
0.000710794
0.000710794
0.000735741
0.000735741
0.00076119
0.00076119
0.000787146
0.000787146
0.000813615
0.000813615
0.0008406
0.0008406
0.000868108
0.000868108
0.000896144
0.000896144
0.000924713
0.000924713
0.00095382
0.00095382
0.00098347
0.00098347
0.00101367
0.00101367
0.00104442
0.00104442
0.00107574
0.00107574
0.00110762
0.00110762
0.00114007
0.00114007
0.00117309
0.00117309
0.0012067
0.0012067
0.00124089
0.00124089
0.00127568
0.00127568
0.00131107
0.00131107
0.00134705
0.00134705
0.00138365
0.00138365
0.00142086
0.00142086
0.00145869
0.00145869
0.00149714
0.00149714
0.00153622
0.00153622
0.00157594
0.00157594
0.0016163
0.0016163
0.0016573
0.0016573
0.00169895
0.00169895
0.00174125
0.00174125
0.00178421
0.00178421
0.00182783
0.00182783
0.00187212
0.00187212
0.00191708
0.00191708
0.00196272
0.00196272
0.00200903
0.00200903
0.00205603
0.00205603
0.00210371
0.00210371
0.00215208
0.00215208
0.00220114
0.00220114
0.0022509
0.0022509
0.00230135
0.00230135
0.00235251
0.00235251
0.00240436
0.00240436
0.00245692
0.00245692
0.00251018
0.00251018
0.00256415
0.00256415
0.00261883
0.00261883
0.00267421
0.00267421
0.0027303
0.0027303
0.00278709
0.00278709
0.00284459
0.00284459
0.0029028
0.0029028
0.0029617
0.0029617
0.00302131
0.00302131
0.00308162
0.00308162
0.00314262
0.00314262
0.00320431
0.00320431
0.00326669
0.00326669
0.00332975
0.00332975
0.00339349
0.00339349
0.0034579
0.0034579
0.00352297
0.00352297
0.0035887
0.0035887
0.00365507
0.00365507
0.00372209
0.00372209
0.00378973
0.00378973
0.00385799
0.00385799
0.00392686
0.00392686
0.00399633
0.00399633
0.00406637
0.00406637
0.00413699
0.00413699
0.00420815
0.00420815
0.00427985
0.00427985
0.00435207
0.00435207
0.00442479
0.00442479
0.00449799
0.00449799
0.00457164
0.00457164
0.00464573
0.00464573
0.00472024
0.00472024
0.00479513
0.00479513
0.00487039
0.00487039
0.00494597
0.00494597
0.00502186
0.00502186
0.00509803
0.00509803
0.00517443
0.00517443
0.00525104
0.00525104
0.00532782
0.00532782
0.00540474
0.00540474
0.00548174
0.00548174
0.00555879
0.00555879
0.00563585
0.00563585
0.00571287
0.00571287
0.0057898
0.0057898
0.00586659
0.00586659
0.00594319
0.00594319
0.00601954
0.00601954
0.00609558
0.00609558
0.00617126
0.00617126
0.00624651
0.00624651
0.00632127
0.00632127
0.00639546
0.00639546
0.00646902
0.00646902
0.00654186
0.00654186
0.00661392
0.00661392
0.00668511
0.00668511
0.00675535
0.00675535
0.00682454
0.00682454
0.00689261
0.00689261
0.00695945
0.00695945
0.00702497
0.00702497
0.00708906
0.00708906
0.00715163
0.00715163
0.00721255
0.00721255
0.00727173
0.00727173
0.00732905
0.00732905
0.00738439
0.00738439
0.00743762
0.00743762
0.00748863
0.00748863
0.00753729
0.00753729
0.00758346
0.00758346
0.00762702
0.00762702
0.00766784
0.00766784
0.00770579
0.00770579
0.00774073
0.00774073
0.00777254
0.00777254
0.00780109
0.00780109
0.00782626
0.00782626
0.00784795
0.00784795
0.00786605
0.00786605
0.00788047
0.00788047
0.00789114
0.00789114
0.00789802
0.00789802
0.00790109
0.00790109
0.00790035
0.00790035
0.00789586
0.00789586
0.00788772
0.00788772
0.0078761
0.0078761
0.00786121
0.00786121
0.00784335
0.00784335
0.00782292
0.00782292
0.00780039
0.00780039
0.00777634
0.00777634
0.00775145
0.00775145
0.00772651
0.00772651
0.00770238
0.00770238
0.00768
0.00768
0.00766035
0.00766035
0.0076444
0.0076444
0.00763306
0.00763306
0.00762709
0.00762709
0.00762709
0.00762709
0.00763306
0.00763306
0.0076444
0.0076444
0.00766035
0.00766035
0.00768
0.00768
0.00770238
0.00770238
0.00772651
0.00772651
0.00775145
0.00775145
0.00777634
0.00777634
0.00780039
0.00780039
0.00782292
0.00782292
0.00784335
0.00784335
0.00786121
0.00786121
0.0078761
0.0078761
0.00788772
0.00788772
0.00789586
0.00789586
0.00790035
0.00790035
0.00790108
0.00790108
0.00789802
0.00789802
0.00789114
0.00789114
0.00788047
0.00788047
0.00786605
0.00786605
0.00784795
0.00784795
0.00782626
0.00782626
0.00780109
0.00780109
0.00777254
0.00777254
0.00774073
0.00774073
0.00770579
0.00770579
0.00766784
0.00766784
0.00762702
0.00762702
0.00758346
0.00758346
0.00753729
0.00753729
0.00748863
0.00748863
0.00743762
0.00743762
0.00738439
0.00738439
0.00732905
0.00732905
0.00727173
0.00727173
0.00721255
0.00721255
0.00715162
0.00715162
0.00708906
0.00708906
0.00702497
0.00702497
0.00695945
0.00695945
0.00689261
0.00689261
0.00682454
0.00682454
0.00675535
0.00675535
0.00668511
0.00668511
0.00661392
0.00661392
0.00654186
0.00654186
0.00646901
0.00646901
0.00639546
0.00639546
0.00632127
0.00632127
0.00624651
0.00624651
0.00617126
0.00617126
0.00609558
0.00609558
0.00601954
0.00601954
0.00594319
0.00594319
0.00586659
0.00586659
0.0057898
0.0057898
0.00571287
0.00571287
0.00563585
0.00563585
0.00555879
0.00555879
0.00548174
0.00548174
0.00540474
0.00540474
0.00532782
0.00532782
0.00525104
0.00525104
0.00517443
0.00517443
0.00509803
0.00509803
0.00502186
0.00502186
0.00494597
0.00494597
0.00487039
0.00487039
0.00479513
0.00479513
0.00472024
0.00472024
0.00464573
0.00464573
0.00457164
0.00457164
0.00449798
0.00449798
0.00442479
0.00442479
0.00435207
0.00435207
0.00427985
0.00427985
0.00420815
0.00420815
0.00413699
0.00413699
0.00406637
0.00406637
0.00399633
0.00399633
0.00392686
0.00392686
0.00385799
0.00385799
0.00378973
0.00378973
0.00372209
0.00372209
0.00365507
0.00365507
0.0035887
0.0035887
0.00352297
0.00352297
0.0034579
0.0034579
0.00339349
0.00339349
0.00332975
0.00332975
0.00326669
0.00326669
0.00320431
0.00320431
0.00314262
0.00314262
0.00308162
0.00308162
0.00302131
0.00302131
0.0029617
0.0029617
0.0029028
0.0029028
0.00284459
0.00284459
0.00278709
0.00278709
0.0027303
0.0027303
0.00267421
0.00267421
0.00261883
0.00261883
0.00256415
0.00256415
0.00251018
0.00251018
0.00245692
0.00245692
0.00240436
0.00240436
0.00235251
0.00235251
0.00230135
0.00230135
0.0022509
0.0022509
0.00220114
0.00220114
0.00215208
0.00215208
0.00210371
0.00210371
0.00205603
0.00205603
0.00200903
0.00200903
0.00196272
0.00196272
0.00191708
0.00191708
0.00187212
0.00187212
0.00182783
0.00182783
0.00178421
0.00178421
0.00174125
0.00174125
0.00169895
0.00169895
0.0016573
0.0016573
0.0016163
0.0016163
0.00157594
0.00157594
0.00153622
0.00153622
0.00149714
0.00149714
0.00145869
0.00145869
0.00142086
0.00142086
0.00138365
0.00138365
0.00134705
0.00134705
0.00131107
0.00131107
0.00127568
0.00127568
0.00124089
0.00124089
0.0012067
0.0012067
0.00117309
0.00117309
0.00114007
0.00114007
0.00110762
0.00110762
0.00107574
0.00107574
0.00104442
0.00104442
0.00101367
0.00101367
0.00098347
0.00098347
0.00095382
0.00095382
0.000924713
0.000924713
0.000896144
0.000896144
0.000868108
0.000868108
0.0008406
0.0008406
0.000813615
0.000813615
0.000787146
0.000787146
0.00076119
0.00076119
0.000735741
0.000735741
0.000710794
0.000710794
0.000686344
0.000686344
0.000662387
0.000662387
0.000638917
0.000638917
0.00061593
0.00061593
0.000593421
0.000593421
0.000571386
0.000571386
0.000549821
0.000549821
0.00052872
0.00052872
0.000508081
0.000508081
0.000487899
0.000487899
0.00046817
0.00046817
0.00044889
0.00044889
0.000430056
0.000430056
0.000411664
0.000411664
0.000393711
0.000393711
0.000376194
0.000376194
0.00035911
0.00035911
0.000342455
0.000342455
0.000326228
0.000326228
0.000310426
0.000310426
0.000295047
0.000295047
0.000280088
0.000280088
0.000265548
0.000265548
0.000251425
0.000251425
0.000237718
0.000237718
0.000224426
0.000224426
0.000211547
0.000211547
0.000199081
0.000199081
0.000187027
0.000187027
0.000175384
0.000175384
0.000164153
0.000164153
0.000153333
0.000153333
0.000142923
0.000142923
0.000132925
0.000132925
0.000123337
0.000123337
0.00011416
0.00011416
0.000105393
0.000105393
9.7036e-05
9.7036e-05
8.90876e-05
8.90876e-05
8.15466e-05
8.15466e-05
7.44112e-05
7.44112e-05
6.76787e-05
6.76787e-05
6.13458e-05
6.13458e-05
5.54081e-05
5.54081e-05
4.98604e-05
4.98604e-05
4.46961e-05
4.46961e-05
3.99073e-05
3.99073e-05
3.54851e-05
3.54851e-05
3.1419e-05
3.1419e-05
2.7697e-05
2.7697e-05
2.43062e-05
2.43062e-05
2.1232e-05
2.1232e-05
1.84589e-05
1.84589e-05
1.59703e-05
1.59703e-05
1.37491e-05
1.37491e-05
1.1777e-05
1.1777e-05
1.0036e-05
1.0036e-05
8.50758e-06
8.50758e-06
7.17338e-06
7.17338e-06
6.01547e-06
6.01547e-06
5.01641e-06
5.01641e-06
4.15947e-06
4.15947e-06
3.42881e-06
3.42881e-06
2.80958e-06
2.80958e-06
2.28797e-06
2.28797e-06
1.85132e-06
1.85132e-06
1.48809e-06
1.48809e-06
1.18787e-06
1.18787e-06
9.41389e-07
9.41389e-07
7.40395e-07
7.40395e-07
5.77653e-07
5.77653e-07
4.46855e-07
4.46855e-07
3.42543e-07
3.42543e-07
2.60032e-07
2.60032e-07
1.95331e-07
1.95331e-07
1.45065e-07
1.45065e-07
1.06405e-07
1.06405e-07
7.6991e-08
7.6991e-08
5.48771e-08
5.48771e-08
3.84674e-08
3.84674e-08
2.64659e-08
2.64659e-08
1.78297e-08
1.78297e-08
1.17278e-08
1.17278e-08
7.50547e-09
7.50547e-09
4.65299e-09
4.65299e-09
2.77899e-09
2.77899e-09
1.58772e-09
1.58772e-09
8.5974e-10
8.5974e-10
4.35758e-10
4.35758e-10
2.03186e-10
2.03186e-10
8.50175e-11
8.50175e-11
3.07557e-11
3.07557e-11
9.08231e-12
9.08231e-12
2.01691e-12
2.01691e-12
3.45183e-13
3.45183e-13
1.26951e-13
1.26951e-13
1.37043e-13
1.37043e-13
0.00762709
0.00762709
0.00763306
0.00763306
0.0076444
0.0076444
0.00766035
0.00766035
0.00768
0.00768
0.00770238
0.00770238
0.00772651
0.00772651
0.00775145
0.00775145
0.00777634
0.00777634
0.00780039
0.00780039
0.00782292
0.00782292
0.00784335
0.00784335
0.00786121
0.00786121
0.0078761
0.0078761
0.00788772
0.00788772
0.00789586
0.00789586
0.00790035
0.00790035
0.00790108
0.00790108
0.00789802
0.00789802
0.00789114
0.00789114
0.00788047
0.00788047
0.00786605
0.00786605
0.00784795
0.00784795
0.00782626
0.00782626
0.00780109
0.00780109
0.00777254
0.00777254
0.00774073
0.00774073
0.00770579
0.00770579
0.00766784
0.00766784
0.00762702
0.00762702
0.00758346
0.00758346
0.00753729
0.00753729
0.00748863
0.00748863
0.00743762
0.00743762
0.00738439
0.00738439
0.00732905
0.00732905
0.00727173
0.00727173
0.00721255
0.00721255
0.00715162
0.00715162
0.00708906
0.00708906
0.00702497
0.00702497
0.00695945
0.00695945
0.00689261
0.00689261
0.00682454
0.00682454
0.00675535
0.00675535
0.00668511
0.00668511
0.00661392
0.00661392
0.00654186
0.00654186
0.00646901
0.00646901
0.00639546
0.00639546
0.00632127
0.00632127
0.00624651
0.00624651
0.00617126
0.00617126
0.00609558
0.00609558
0.00601954
0.00601954
0.00594319
0.00594319
0.00586659
0.00586659
0.0057898
0.0057898
0.00571287
0.00571287
0.00563585
0.00563585
0.00555879
0.00555879
0.00548174
0.00548174
0.00540474
0.00540474
0.00532782
0.00532782
0.00525104
0.00525104
0.00517443
0.00517443
0.00509803
0.00509803
0.00502186
0.00502186
0.00494597
0.00494597
0.00487039
0.00487039
0.00479513
0.00479513
0.00472024
0.00472024
0.00464573
0.00464573
0.00457164
0.00457164
0.00449798
0.00449798
0.00442479
0.00442479
0.00435207
0.00435207
0.00427985
0.00427985
0.00420815
0.00420815
0.00413699
0.00413699
0.00406637
0.00406637
0.00399633
0.00399633
0.00392686
0.00392686
0.00385799
0.00385799
0.00378973
0.00378973
0.00372209
0.00372209
0.00365507
0.00365507
0.0035887
0.0035887
0.00352297
0.00352297
0.0034579
0.0034579
0.00339349
0.00339349
0.00332975
0.00332975
0.00326669
0.00326669
0.00320431
0.00320431
0.00314262
0.00314262
0.00308162
0.00308162
0.00302131
0.00302131
0.0029617
0.0029617
0.0029028
0.0029028
0.00284459
0.00284459
0.00278709
0.00278709
0.0027303
0.0027303
0.00267421
0.00267421
0.00261883
0.00261883
0.00256415
0.00256415
0.00251018
0.00251018
0.00245692
0.00245692
0.00240436
0.00240436
0.00235251
0.00235251
0.00230135
0.00230135
0.0022509
0.0022509
0.00220114
0.00220114
0.00215208
0.00215208
0.00210371
0.00210371
0.00205603
0.00205603
0.00200903
0.00200903
0.00196272
0.00196272
0.00191708
0.00191708
0.00187212
0.00187212
0.00182783
0.00182783
0.00178421
0.00178421
0.00174125
0.00174125
0.00169895
0.00169895
0.0016573
0.0016573
0.0016163
0.0016163
0.00157594
0.00157594
0.00153622
0.00153622
0.00149714
0.00149714
0.00145869
0.00145869
0.00142086
0.00142086
0.00138365
0.00138365
0.00134705
0.00134705
0.00131107
0.00131107
0.00127568
0.00127568
0.00124089
0.00124089
0.0012067
0.0012067
0.00117309
0.00117309
0.00114007
0.00114007
0.00110762
0.00110762
0.00107574
0.00107574
0.00104442
0.00104442
0.00101367
0.00101367
0.00098347
0.00098347
0.00095382
0.00095382
0.000924713
0.000924713
0.000896144
0.000896144
0.000868108
0.000868108
0.0008406
0.0008406
0.000813615
0.000813615
0.000787146
0.000787146
0.00076119
0.00076119
0.000735741
0.000735741
0.000710794
0.000710794
0.000686344
0.000686344
0.000662387
0.000662387
0.000638917
0.000638917
0.00061593
0.00061593
0.000593421
0.000593421
0.000571386
0.000571386
0.000549821
0.000549821
0.00052872
0.00052872
0.000508081
0.000508081
0.000487899
0.000487899
0.00046817
0.00046817
0.00044889
0.00044889
0.000430056
0.000430056
0.000411664
0.000411664
0.000393711
0.000393711
0.000376194
0.000376194
0.00035911
0.00035911
0.000342455
0.000342455
0.000326228
0.000326228
0.000310426
0.000310426
0.000295047
0.000295047
0.000280088
0.000280088
0.000265548
0.000265548
0.000251425
0.000251425
0.000237718
0.000237718
0.000224426
0.000224426
0.000211547
0.000211547
0.000199081
0.000199081
0.000187027
0.000187027
0.000175384
0.000175384
0.000164153
0.000164153
0.000153333
0.000153333
0.000142923
0.000142923
0.000132925
0.000132925
0.000123337
0.000123337
0.00011416
0.00011416
0.000105393
0.000105393
9.7036e-05
9.7036e-05
8.90876e-05
8.90876e-05
8.15466e-05
8.15466e-05
7.44112e-05
7.44112e-05
6.76787e-05
6.76787e-05
6.13458e-05
6.13458e-05
5.54081e-05
5.54081e-05
4.98604e-05
4.98604e-05
4.46961e-05
4.46961e-05
3.99073e-05
3.99073e-05
3.54851e-05
3.54851e-05
3.1419e-05
3.1419e-05
2.7697e-05
2.7697e-05
2.43062e-05
2.43062e-05
2.1232e-05
2.1232e-05
1.84589e-05
1.84589e-05
1.59703e-05
1.59703e-05
1.37491e-05
1.37491e-05
1.1777e-05
1.1777e-05
1.0036e-05
1.0036e-05
8.50758e-06
8.50758e-06
7.17338e-06
7.17338e-06
6.01547e-06
6.01547e-06
5.01641e-06
5.01641e-06
4.15947e-06
4.15947e-06
3.42881e-06
3.42881e-06
2.80958e-06
2.80958e-06
2.28797e-06
2.28797e-06
1.85132e-06
1.85132e-06
1.48809e-06
1.48809e-06
1.18787e-06
1.18787e-06
9.41389e-07
9.41389e-07
7.40395e-07
7.40395e-07
5.77653e-07
5.77653e-07
4.46855e-07
4.46855e-07
3.42543e-07
3.42543e-07
2.60032e-07
2.60032e-07
1.95331e-07
1.95331e-07
1.45065e-07
1.45065e-07
1.06405e-07
1.06405e-07
7.6991e-08
7.6991e-08
5.48771e-08
5.48771e-08
3.84674e-08
3.84674e-08
2.64659e-08
2.64659e-08
1.78297e-08
1.78297e-08
1.17278e-08
1.17278e-08
7.50547e-09
7.50547e-09
4.65299e-09
4.65299e-09
2.77899e-09
2.77899e-09
1.58772e-09
1.58772e-09
8.5974e-10
8.5974e-10
4.35758e-10
4.35758e-10
2.03186e-10
2.03186e-10
8.50175e-11
8.50175e-11
3.07557e-11
3.07557e-11
9.08231e-12
9.08231e-12
2.01691e-12
2.01691e-12
3.45183e-13
3.45183e-13
1.26951e-13
1.26951e-13
1.37043e-13
1.37043e-13
)
;

boundaryField
{
    walls
    {
        type            alphatJayatillekeWallFunction;
        Prt             0.85;
        kappa           0.41;
        E               9.8;
        value           uniform 0;
    }
    inlet
    {
        type            cyclic;
    }
    outlet
    {
        type            cyclic;
    }
    sides
    {
        type            empty;
    }
}


// ************************************************************************* //
