/*--------------------------------*- C++ -*----------------------------------*\
| =========                 |                                                 |
| \\      /  F ield         | OpenFOAM: The Open Source CFD Toolbox           |
|  \\    /   O peration     | Version:  2106                                  |
|   \\  /    A nd           | Website:  www.openfoam.com                      |
|    \\/     M anipulation  |                                                 |
\*---------------------------------------------------------------------------*/
FoamFile
{
    version     2.0;
    format      ascii;
    arch        "LSB;label=32;scalar=64";
    class       volScalarField;
    location    "10090";
    object      nut;
}
// * * * * * * * * * * * * * * * * * * * * * * * * * * * * * * * * * * * * * //

dimensions      [0 2 -1 0 0 0 0];

internalField   nonuniform List<scalar> 
2000
(
1.16485e-13
1.16485e-13
1.07907e-13
1.07907e-13
2.93402e-13
2.93402e-13
1.71436e-12
1.71436e-12
7.71988e-12
7.71988e-12
2.61421e-11
2.61421e-11
7.22642e-11
7.22642e-11
1.72707e-10
1.72707e-10
3.70392e-10
3.70392e-10
7.30774e-10
7.30774e-10
1.34955e-09
1.34955e-09
2.36212e-09
2.36212e-09
3.955e-09
3.955e-09
6.37959e-09
6.37959e-09
9.96854e-09
9.96854e-09
1.51551e-08
1.51551e-08
2.24959e-08
2.24959e-08
3.26971e-08
3.26971e-08
4.66452e-08
4.66452e-08
6.54418e-08
6.54418e-08
9.04431e-08
9.04431e-08
1.23304e-07
1.23304e-07
1.6603e-07
1.6603e-07
2.21025e-07
2.21025e-07
2.91159e-07
2.91159e-07
3.79824e-07
3.79824e-07
4.91001e-07
4.91001e-07
6.2933e-07
6.2933e-07
8.00174e-07
8.00174e-07
1.00968e-06
1.00968e-06
1.26486e-06
1.26486e-06
1.57361e-06
1.57361e-06
1.94476e-06
1.94476e-06
2.38812e-06
2.38812e-06
2.91447e-06
2.91447e-06
3.53552e-06
3.53552e-06
4.26391e-06
4.26391e-06
5.11311e-06
5.11311e-06
6.09733e-06
6.09733e-06
7.23138e-06
7.23138e-06
8.53056e-06
8.53056e-06
1.00104e-05
1.00104e-05
1.16866e-05
1.16866e-05
1.35747e-05
1.35747e-05
1.56899e-05
1.56899e-05
1.8047e-05
1.8047e-05
2.06601e-05
2.06601e-05
2.35423e-05
2.35423e-05
2.67059e-05
2.67059e-05
3.01621e-05
3.01621e-05
3.3921e-05
3.3921e-05
3.79914e-05
3.79914e-05
4.23811e-05
4.23811e-05
4.70966e-05
4.70966e-05
5.21436e-05
5.21436e-05
5.75265e-05
5.75265e-05
6.32491e-05
6.32491e-05
6.93142e-05
6.93142e-05
7.5724e-05
7.5724e-05
8.24801e-05
8.24801e-05
8.95837e-05
8.95837e-05
9.70355e-05
9.70355e-05
0.000104836
0.000104836
0.000112986
0.000112986
0.000121484
0.000121484
0.000130332
0.000130332
0.000139529
0.000139529
0.000149076
0.000149076
0.000158972
0.000158972
0.000169218
0.000169218
0.000179814
0.000179814
0.000190761
0.000190761
0.000202059
0.000202059
0.00021371
0.00021371
0.000225715
0.000225715
0.000238073
0.000238073
0.000250788
0.000250788
0.000263861
0.000263861
0.000277292
0.000277292
0.000291085
0.000291085
0.000305241
0.000305241
0.000319763
0.000319763
0.000334652
0.000334652
0.000349912
0.000349912
0.000365545
0.000365545
0.000381554
0.000381554
0.000397942
0.000397942
0.000414711
0.000414711
0.000431866
0.000431866
0.000449409
0.000449409
0.000467344
0.000467344
0.000485675
0.000485675
0.000504404
0.000504404
0.000523536
0.000523536
0.000543075
0.000543075
0.000563025
0.000563025
0.000583388
0.000583388
0.00060417
0.00060417
0.000625375
0.000625375
0.000647007
0.000647007
0.000669069
0.000669069
0.000691567
0.000691567
0.000714504
0.000714504
0.000737886
0.000737886
0.000761716
0.000761716
0.000785999
0.000785999
0.00081074
0.00081074
0.000835943
0.000835943
0.000861612
0.000861612
0.000887753
0.000887753
0.000914369
0.000914369
0.000941466
0.000941466
0.000969048
0.000969048
0.000997119
0.000997119
0.00102569
0.00102569
0.00105475
0.00105475
0.00108432
0.00108432
0.0011144
0.0011144
0.00114498
0.00114498
0.00117609
0.00117609
0.00120772
0.00120772
0.00123987
0.00123987
0.00127256
0.00127256
0.00130578
0.00130578
0.00133954
0.00133954
0.00137384
0.00137384
0.00140869
0.00140869
0.00144409
0.00144409
0.00148005
0.00148005
0.00151656
0.00151656
0.00155364
0.00155364
0.00159129
0.00159129
0.0016295
0.0016295
0.00166829
0.00166829
0.00170766
0.00170766
0.0017476
0.0017476
0.00178813
0.00178813
0.00182925
0.00182925
0.00187095
0.00187095
0.00191324
0.00191324
0.00195613
0.00195613
0.00199961
0.00199961
0.00204368
0.00204368
0.00208836
0.00208836
0.00213363
0.00213363
0.0021795
0.0021795
0.00222598
0.00222598
0.00227305
0.00227305
0.00232072
0.00232072
0.002369
0.002369
0.00241787
0.00241787
0.00246735
0.00246735
0.00251742
0.00251742
0.00256808
0.00256808
0.00261934
0.00261934
0.00267119
0.00267119
0.00272363
0.00272363
0.00277665
0.00277665
0.00283025
0.00283025
0.00288443
0.00288443
0.00293918
0.00293918
0.00299449
0.00299449
0.00305035
0.00305035
0.00310677
0.00310677
0.00316373
0.00316373
0.00322123
0.00322123
0.00327925
0.00327925
0.00333779
0.00333779
0.00339684
0.00339684
0.00345637
0.00345637
0.00351639
0.00351639
0.00357688
0.00357688
0.00363783
0.00363783
0.00369921
0.00369921
0.00376102
0.00376102
0.00382324
0.00382324
0.00388584
0.00388584
0.00394882
0.00394882
0.00401215
0.00401215
0.00407581
0.00407581
0.00413977
0.00413977
0.00420402
0.00420402
0.00426853
0.00426853
0.00433327
0.00433327
0.00439821
0.00439821
0.00446333
0.00446333
0.00452859
0.00452859
0.00459396
0.00459396
0.00465942
0.00465942
0.00472491
0.00472491
0.00479041
0.00479041
0.00485587
0.00485587
0.00492126
0.00492126
0.00498654
0.00498654
0.00505164
0.00505164
0.00511654
0.00511654
0.00518118
0.00518118
0.0052455
0.0052455
0.00530946
0.00530946
0.00537301
0.00537301
0.00543607
0.00543607
0.00549859
0.00549859
0.00556051
0.00556051
0.00562176
0.00562176
0.00568227
0.00568227
0.00574197
0.00574197
0.00580078
0.00580078
0.00585864
0.00585864
0.00591545
0.00591545
0.00597114
0.00597114
0.00602562
0.00602562
0.0060788
0.0060788
0.00613059
0.00613059
0.00618089
0.00618089
0.00622961
0.00622961
0.00627665
0.00627665
0.00632189
0.00632189
0.00636525
0.00636525
0.00640661
0.00640661
0.00644585
0.00644585
0.00648288
0.00648288
0.00651758
0.00651758
0.00654983
0.00654983
0.00657953
0.00657953
0.00660657
0.00660657
0.00663084
0.00663084
0.00665223
0.00665223
0.00667067
0.00667067
0.00668605
0.00668605
0.00669831
0.00669831
0.00670738
0.00670738
0.00671323
0.00671323
0.00671583
0.00671583
0.0067152
0.0067152
0.00671139
0.00671139
0.00670447
0.00670447
0.00669459
0.00669459
0.00668193
0.00668193
0.00666676
0.00666676
0.00664939
0.00664939
0.00663024
0.00663024
0.00660979
0.00660979
0.00658864
0.00658864
0.00656744
0.00656744
0.00654693
0.00654693
0.00652791
0.00652791
0.00651121
0.00651121
0.00649765
0.00649765
0.00648801
0.00648801
0.00648293
0.00648293
1.16485e-13
1.16485e-13
1.07907e-13
1.07907e-13
2.93402e-13
2.93402e-13
1.71436e-12
1.71436e-12
7.71988e-12
7.71988e-12
2.61421e-11
2.61421e-11
7.22642e-11
7.22642e-11
1.72707e-10
1.72707e-10
3.70392e-10
3.70392e-10
7.30774e-10
7.30774e-10
1.34955e-09
1.34955e-09
2.36212e-09
2.36212e-09
3.955e-09
3.955e-09
6.37959e-09
6.37959e-09
9.96854e-09
9.96854e-09
1.51551e-08
1.51551e-08
2.24959e-08
2.24959e-08
3.26971e-08
3.26971e-08
4.66452e-08
4.66452e-08
6.54418e-08
6.54418e-08
9.04431e-08
9.04431e-08
1.23304e-07
1.23304e-07
1.6603e-07
1.6603e-07
2.21025e-07
2.21025e-07
2.91159e-07
2.91159e-07
3.79824e-07
3.79824e-07
4.91001e-07
4.91001e-07
6.2933e-07
6.2933e-07
8.00174e-07
8.00174e-07
1.00968e-06
1.00968e-06
1.26486e-06
1.26486e-06
1.57361e-06
1.57361e-06
1.94476e-06
1.94476e-06
2.38812e-06
2.38812e-06
2.91447e-06
2.91447e-06
3.53552e-06
3.53552e-06
4.26391e-06
4.26391e-06
5.11311e-06
5.11311e-06
6.09733e-06
6.09733e-06
7.23138e-06
7.23138e-06
8.53056e-06
8.53056e-06
1.00104e-05
1.00104e-05
1.16866e-05
1.16866e-05
1.35747e-05
1.35747e-05
1.56899e-05
1.56899e-05
1.8047e-05
1.8047e-05
2.06601e-05
2.06601e-05
2.35423e-05
2.35423e-05
2.67059e-05
2.67059e-05
3.01621e-05
3.01621e-05
3.3921e-05
3.3921e-05
3.79914e-05
3.79914e-05
4.23811e-05
4.23811e-05
4.70966e-05
4.70966e-05
5.21436e-05
5.21436e-05
5.75265e-05
5.75265e-05
6.32491e-05
6.32491e-05
6.93142e-05
6.93142e-05
7.5724e-05
7.5724e-05
8.24801e-05
8.24801e-05
8.95837e-05
8.95837e-05
9.70355e-05
9.70355e-05
0.000104836
0.000104836
0.000112986
0.000112986
0.000121484
0.000121484
0.000130332
0.000130332
0.000139529
0.000139529
0.000149076
0.000149076
0.000158972
0.000158972
0.000169218
0.000169218
0.000179814
0.000179814
0.000190761
0.000190761
0.000202059
0.000202059
0.00021371
0.00021371
0.000225715
0.000225715
0.000238073
0.000238073
0.000250788
0.000250788
0.000263861
0.000263861
0.000277292
0.000277292
0.000291085
0.000291085
0.000305241
0.000305241
0.000319763
0.000319763
0.000334652
0.000334652
0.000349912
0.000349912
0.000365545
0.000365545
0.000381554
0.000381554
0.000397942
0.000397942
0.000414711
0.000414711
0.000431866
0.000431866
0.000449409
0.000449409
0.000467344
0.000467344
0.000485675
0.000485675
0.000504404
0.000504404
0.000523536
0.000523536
0.000543075
0.000543075
0.000563025
0.000563025
0.000583388
0.000583388
0.00060417
0.00060417
0.000625375
0.000625375
0.000647007
0.000647007
0.000669069
0.000669069
0.000691567
0.000691567
0.000714504
0.000714504
0.000737886
0.000737886
0.000761716
0.000761716
0.000785999
0.000785999
0.00081074
0.00081074
0.000835943
0.000835943
0.000861612
0.000861612
0.000887753
0.000887753
0.000914369
0.000914369
0.000941466
0.000941466
0.000969048
0.000969048
0.000997119
0.000997119
0.00102569
0.00102569
0.00105475
0.00105475
0.00108432
0.00108432
0.0011144
0.0011144
0.00114498
0.00114498
0.00117609
0.00117609
0.00120772
0.00120772
0.00123987
0.00123987
0.00127256
0.00127256
0.00130578
0.00130578
0.00133954
0.00133954
0.00137384
0.00137384
0.00140869
0.00140869
0.00144409
0.00144409
0.00148005
0.00148005
0.00151656
0.00151656
0.00155364
0.00155364
0.00159129
0.00159129
0.0016295
0.0016295
0.00166829
0.00166829
0.00170766
0.00170766
0.0017476
0.0017476
0.00178813
0.00178813
0.00182925
0.00182925
0.00187095
0.00187095
0.00191324
0.00191324
0.00195613
0.00195613
0.00199961
0.00199961
0.00204368
0.00204368
0.00208836
0.00208836
0.00213363
0.00213363
0.0021795
0.0021795
0.00222598
0.00222598
0.00227305
0.00227305
0.00232072
0.00232072
0.002369
0.002369
0.00241787
0.00241787
0.00246735
0.00246735
0.00251742
0.00251742
0.00256808
0.00256808
0.00261934
0.00261934
0.00267119
0.00267119
0.00272363
0.00272363
0.00277665
0.00277665
0.00283025
0.00283025
0.00288443
0.00288443
0.00293918
0.00293918
0.00299449
0.00299449
0.00305035
0.00305035
0.00310677
0.00310677
0.00316373
0.00316373
0.00322123
0.00322123
0.00327925
0.00327925
0.00333779
0.00333779
0.00339684
0.00339684
0.00345637
0.00345637
0.00351639
0.00351639
0.00357688
0.00357688
0.00363783
0.00363783
0.00369921
0.00369921
0.00376102
0.00376102
0.00382324
0.00382324
0.00388584
0.00388584
0.00394882
0.00394882
0.00401215
0.00401215
0.00407581
0.00407581
0.00413977
0.00413977
0.00420402
0.00420402
0.00426853
0.00426853
0.00433327
0.00433327
0.00439821
0.00439821
0.00446333
0.00446333
0.00452859
0.00452859
0.00459396
0.00459396
0.00465942
0.00465942
0.00472491
0.00472491
0.00479041
0.00479041
0.00485587
0.00485587
0.00492126
0.00492126
0.00498654
0.00498654
0.00505164
0.00505164
0.00511654
0.00511654
0.00518118
0.00518118
0.0052455
0.0052455
0.00530946
0.00530946
0.00537301
0.00537301
0.00543607
0.00543607
0.00549859
0.00549859
0.00556051
0.00556051
0.00562176
0.00562176
0.00568227
0.00568227
0.00574197
0.00574197
0.00580078
0.00580078
0.00585864
0.00585864
0.00591545
0.00591545
0.00597114
0.00597114
0.00602562
0.00602562
0.0060788
0.0060788
0.00613059
0.00613059
0.00618089
0.00618089
0.00622961
0.00622961
0.00627665
0.00627665
0.00632189
0.00632189
0.00636525
0.00636525
0.00640661
0.00640661
0.00644585
0.00644585
0.00648288
0.00648288
0.00651758
0.00651758
0.00654983
0.00654983
0.00657953
0.00657953
0.00660657
0.00660657
0.00663084
0.00663084
0.00665223
0.00665223
0.00667067
0.00667067
0.00668605
0.00668605
0.00669831
0.00669831
0.00670738
0.00670738
0.00671323
0.00671323
0.00671583
0.00671583
0.0067152
0.0067152
0.00671139
0.00671139
0.00670447
0.00670447
0.00669459
0.00669459
0.00668193
0.00668193
0.00666676
0.00666676
0.00664939
0.00664939
0.00663024
0.00663024
0.00660979
0.00660979
0.00658864
0.00658864
0.00656744
0.00656744
0.00654693
0.00654693
0.00652791
0.00652791
0.00651121
0.00651121
0.00649765
0.00649765
0.00648801
0.00648801
0.00648293
0.00648293
0.00648293
0.00648293
0.00648801
0.00648801
0.00649765
0.00649765
0.0065112
0.0065112
0.0065279
0.0065279
0.00654692
0.00654692
0.00656744
0.00656744
0.00658864
0.00658864
0.00660979
0.00660979
0.00663024
0.00663024
0.00664939
0.00664939
0.00666675
0.00666675
0.00668193
0.00668193
0.00669459
0.00669459
0.00670447
0.00670447
0.00671139
0.00671139
0.0067152
0.0067152
0.00671583
0.00671583
0.00671323
0.00671323
0.00670738
0.00670738
0.00669831
0.00669831
0.00668605
0.00668605
0.00667067
0.00667067
0.00665223
0.00665223
0.00663084
0.00663084
0.00660657
0.00660657
0.00657953
0.00657953
0.00654983
0.00654983
0.00651758
0.00651758
0.00648288
0.00648288
0.00644585
0.00644585
0.00640661
0.00640661
0.00636525
0.00636525
0.00632189
0.00632189
0.00627665
0.00627665
0.00622961
0.00622961
0.00618089
0.00618089
0.00613059
0.00613059
0.0060788
0.0060788
0.00602562
0.00602562
0.00597114
0.00597114
0.00591545
0.00591545
0.00585864
0.00585864
0.00580078
0.00580078
0.00574197
0.00574197
0.00568227
0.00568227
0.00562176
0.00562176
0.00556051
0.00556051
0.00549859
0.00549859
0.00543607
0.00543607
0.00537301
0.00537301
0.00530946
0.00530946
0.0052455
0.0052455
0.00518118
0.00518118
0.00511654
0.00511654
0.00505164
0.00505164
0.00498653
0.00498653
0.00492126
0.00492126
0.00485587
0.00485587
0.00479041
0.00479041
0.00472491
0.00472491
0.00465942
0.00465942
0.00459396
0.00459396
0.00452859
0.00452859
0.00446333
0.00446333
0.00439821
0.00439821
0.00433327
0.00433327
0.00426853
0.00426853
0.00420402
0.00420402
0.00413977
0.00413977
0.00407581
0.00407581
0.00401215
0.00401215
0.00394882
0.00394882
0.00388584
0.00388584
0.00382324
0.00382324
0.00376102
0.00376102
0.00369921
0.00369921
0.00363783
0.00363783
0.00357688
0.00357688
0.00351639
0.00351639
0.00345637
0.00345637
0.00339684
0.00339684
0.00333779
0.00333779
0.00327925
0.00327925
0.00322123
0.00322123
0.00316373
0.00316373
0.00310677
0.00310677
0.00305035
0.00305035
0.00299449
0.00299449
0.00293918
0.00293918
0.00288443
0.00288443
0.00283025
0.00283025
0.00277665
0.00277665
0.00272363
0.00272363
0.00267119
0.00267119
0.00261934
0.00261934
0.00256808
0.00256808
0.00251742
0.00251742
0.00246735
0.00246735
0.00241787
0.00241787
0.002369
0.002369
0.00232072
0.00232072
0.00227305
0.00227305
0.00222598
0.00222598
0.0021795
0.0021795
0.00213363
0.00213363
0.00208836
0.00208836
0.00204368
0.00204368
0.00199961
0.00199961
0.00195613
0.00195613
0.00191324
0.00191324
0.00187095
0.00187095
0.00182925
0.00182925
0.00178813
0.00178813
0.0017476
0.0017476
0.00170766
0.00170766
0.00166829
0.00166829
0.0016295
0.0016295
0.00159129
0.00159129
0.00155364
0.00155364
0.00151656
0.00151656
0.00148005
0.00148005
0.00144409
0.00144409
0.00140869
0.00140869
0.00137384
0.00137384
0.00133954
0.00133954
0.00130578
0.00130578
0.00127256
0.00127256
0.00123987
0.00123987
0.00120772
0.00120772
0.00117609
0.00117609
0.00114498
0.00114498
0.0011144
0.0011144
0.00108432
0.00108432
0.00105475
0.00105475
0.00102569
0.00102569
0.000997119
0.000997119
0.000969048
0.000969048
0.000941466
0.000941466
0.000914369
0.000914369
0.000887753
0.000887753
0.000861612
0.000861612
0.000835943
0.000835943
0.00081074
0.00081074
0.000785999
0.000785999
0.000761716
0.000761716
0.000737886
0.000737886
0.000714504
0.000714504
0.000691567
0.000691567
0.000669069
0.000669069
0.000647007
0.000647007
0.000625375
0.000625375
0.00060417
0.00060417
0.000583388
0.000583388
0.000563025
0.000563025
0.000543075
0.000543075
0.000523536
0.000523536
0.000504404
0.000504404
0.000485675
0.000485675
0.000467344
0.000467344
0.000449409
0.000449409
0.000431866
0.000431866
0.000414711
0.000414711
0.000397942
0.000397942
0.000381554
0.000381554
0.000365545
0.000365545
0.000349912
0.000349912
0.000334652
0.000334652
0.000319763
0.000319763
0.000305241
0.000305241
0.000291085
0.000291085
0.000277292
0.000277292
0.000263861
0.000263861
0.000250788
0.000250788
0.000238073
0.000238073
0.000225715
0.000225715
0.00021371
0.00021371
0.000202059
0.000202059
0.000190761
0.000190761
0.000179814
0.000179814
0.000169218
0.000169218
0.000158972
0.000158972
0.000149076
0.000149076
0.000139529
0.000139529
0.000130332
0.000130332
0.000121484
0.000121484
0.000112986
0.000112986
0.000104836
0.000104836
9.70355e-05
9.70355e-05
8.95837e-05
8.95837e-05
8.24801e-05
8.24801e-05
7.5724e-05
7.5724e-05
6.93142e-05
6.93142e-05
6.32491e-05
6.32491e-05
5.75265e-05
5.75265e-05
5.21436e-05
5.21436e-05
4.70966e-05
4.70966e-05
4.23811e-05
4.23811e-05
3.79914e-05
3.79914e-05
3.3921e-05
3.3921e-05
3.01621e-05
3.01621e-05
2.67059e-05
2.67059e-05
2.35423e-05
2.35423e-05
2.06601e-05
2.06601e-05
1.8047e-05
1.8047e-05
1.56899e-05
1.56899e-05
1.35747e-05
1.35747e-05
1.16866e-05
1.16866e-05
1.00104e-05
1.00104e-05
8.53056e-06
8.53056e-06
7.23139e-06
7.23139e-06
6.09733e-06
6.09733e-06
5.11311e-06
5.11311e-06
4.26391e-06
4.26391e-06
3.53552e-06
3.53552e-06
2.91447e-06
2.91447e-06
2.38812e-06
2.38812e-06
1.94476e-06
1.94476e-06
1.57361e-06
1.57361e-06
1.26486e-06
1.26486e-06
1.00969e-06
1.00969e-06
8.00174e-07
8.00174e-07
6.2933e-07
6.2933e-07
4.91001e-07
4.91001e-07
3.79824e-07
3.79824e-07
2.91159e-07
2.91159e-07
2.21025e-07
2.21025e-07
1.6603e-07
1.6603e-07
1.23305e-07
1.23305e-07
9.04432e-08
9.04432e-08
6.54418e-08
6.54418e-08
4.66452e-08
4.66452e-08
3.26971e-08
3.26971e-08
2.24959e-08
2.24959e-08
1.51551e-08
1.51551e-08
9.96855e-09
9.96855e-09
6.37959e-09
6.37959e-09
3.95501e-09
3.95501e-09
2.36212e-09
2.36212e-09
1.34955e-09
1.34955e-09
7.30773e-10
7.30773e-10
3.70392e-10
3.70392e-10
1.72707e-10
1.72707e-10
7.22643e-11
7.22643e-11
2.61421e-11
2.61421e-11
7.7199e-12
7.7199e-12
1.71436e-12
1.71436e-12
2.93404e-13
2.93404e-13
1.07908e-13
1.07908e-13
1.16486e-13
1.16486e-13
0.00648293
0.00648293
0.00648801
0.00648801
0.00649765
0.00649765
0.0065112
0.0065112
0.0065279
0.0065279
0.00654692
0.00654692
0.00656744
0.00656744
0.00658864
0.00658864
0.00660979
0.00660979
0.00663024
0.00663024
0.00664939
0.00664939
0.00666675
0.00666675
0.00668193
0.00668193
0.00669459
0.00669459
0.00670447
0.00670447
0.00671139
0.00671139
0.0067152
0.0067152
0.00671583
0.00671583
0.00671323
0.00671323
0.00670738
0.00670738
0.00669831
0.00669831
0.00668605
0.00668605
0.00667067
0.00667067
0.00665223
0.00665223
0.00663084
0.00663084
0.00660657
0.00660657
0.00657953
0.00657953
0.00654983
0.00654983
0.00651758
0.00651758
0.00648288
0.00648288
0.00644585
0.00644585
0.00640661
0.00640661
0.00636525
0.00636525
0.00632189
0.00632189
0.00627665
0.00627665
0.00622961
0.00622961
0.00618089
0.00618089
0.00613059
0.00613059
0.0060788
0.0060788
0.00602562
0.00602562
0.00597114
0.00597114
0.00591545
0.00591545
0.00585864
0.00585864
0.00580078
0.00580078
0.00574197
0.00574197
0.00568227
0.00568227
0.00562176
0.00562176
0.00556051
0.00556051
0.00549859
0.00549859
0.00543607
0.00543607
0.00537301
0.00537301
0.00530946
0.00530946
0.0052455
0.0052455
0.00518118
0.00518118
0.00511654
0.00511654
0.00505164
0.00505164
0.00498653
0.00498653
0.00492126
0.00492126
0.00485587
0.00485587
0.00479041
0.00479041
0.00472491
0.00472491
0.00465942
0.00465942
0.00459396
0.00459396
0.00452859
0.00452859
0.00446333
0.00446333
0.00439821
0.00439821
0.00433327
0.00433327
0.00426853
0.00426853
0.00420402
0.00420402
0.00413977
0.00413977
0.00407581
0.00407581
0.00401215
0.00401215
0.00394882
0.00394882
0.00388584
0.00388584
0.00382324
0.00382324
0.00376102
0.00376102
0.00369921
0.00369921
0.00363783
0.00363783
0.00357688
0.00357688
0.00351639
0.00351639
0.00345637
0.00345637
0.00339684
0.00339684
0.00333779
0.00333779
0.00327925
0.00327925
0.00322123
0.00322123
0.00316373
0.00316373
0.00310677
0.00310677
0.00305035
0.00305035
0.00299449
0.00299449
0.00293918
0.00293918
0.00288443
0.00288443
0.00283025
0.00283025
0.00277665
0.00277665
0.00272363
0.00272363
0.00267119
0.00267119
0.00261934
0.00261934
0.00256808
0.00256808
0.00251742
0.00251742
0.00246735
0.00246735
0.00241787
0.00241787
0.002369
0.002369
0.00232072
0.00232072
0.00227305
0.00227305
0.00222598
0.00222598
0.0021795
0.0021795
0.00213363
0.00213363
0.00208836
0.00208836
0.00204368
0.00204368
0.00199961
0.00199961
0.00195613
0.00195613
0.00191324
0.00191324
0.00187095
0.00187095
0.00182925
0.00182925
0.00178813
0.00178813
0.0017476
0.0017476
0.00170766
0.00170766
0.00166829
0.00166829
0.0016295
0.0016295
0.00159129
0.00159129
0.00155364
0.00155364
0.00151656
0.00151656
0.00148005
0.00148005
0.00144409
0.00144409
0.00140869
0.00140869
0.00137384
0.00137384
0.00133954
0.00133954
0.00130578
0.00130578
0.00127256
0.00127256
0.00123987
0.00123987
0.00120772
0.00120772
0.00117609
0.00117609
0.00114498
0.00114498
0.0011144
0.0011144
0.00108432
0.00108432
0.00105475
0.00105475
0.00102569
0.00102569
0.000997119
0.000997119
0.000969048
0.000969048
0.000941466
0.000941466
0.000914369
0.000914369
0.000887753
0.000887753
0.000861612
0.000861612
0.000835943
0.000835943
0.00081074
0.00081074
0.000785999
0.000785999
0.000761716
0.000761716
0.000737886
0.000737886
0.000714504
0.000714504
0.000691567
0.000691567
0.000669069
0.000669069
0.000647007
0.000647007
0.000625375
0.000625375
0.00060417
0.00060417
0.000583388
0.000583388
0.000563025
0.000563025
0.000543075
0.000543075
0.000523536
0.000523536
0.000504404
0.000504404
0.000485675
0.000485675
0.000467344
0.000467344
0.000449409
0.000449409
0.000431866
0.000431866
0.000414711
0.000414711
0.000397942
0.000397942
0.000381554
0.000381554
0.000365545
0.000365545
0.000349912
0.000349912
0.000334652
0.000334652
0.000319763
0.000319763
0.000305241
0.000305241
0.000291085
0.000291085
0.000277292
0.000277292
0.000263861
0.000263861
0.000250788
0.000250788
0.000238073
0.000238073
0.000225715
0.000225715
0.00021371
0.00021371
0.000202059
0.000202059
0.000190761
0.000190761
0.000179814
0.000179814
0.000169218
0.000169218
0.000158972
0.000158972
0.000149076
0.000149076
0.000139529
0.000139529
0.000130332
0.000130332
0.000121484
0.000121484
0.000112986
0.000112986
0.000104836
0.000104836
9.70355e-05
9.70355e-05
8.95837e-05
8.95837e-05
8.24801e-05
8.24801e-05
7.5724e-05
7.5724e-05
6.93142e-05
6.93142e-05
6.32491e-05
6.32491e-05
5.75265e-05
5.75265e-05
5.21436e-05
5.21436e-05
4.70966e-05
4.70966e-05
4.23811e-05
4.23811e-05
3.79914e-05
3.79914e-05
3.3921e-05
3.3921e-05
3.01621e-05
3.01621e-05
2.67059e-05
2.67059e-05
2.35423e-05
2.35423e-05
2.06601e-05
2.06601e-05
1.8047e-05
1.8047e-05
1.56899e-05
1.56899e-05
1.35747e-05
1.35747e-05
1.16866e-05
1.16866e-05
1.00104e-05
1.00104e-05
8.53056e-06
8.53056e-06
7.23139e-06
7.23139e-06
6.09733e-06
6.09733e-06
5.11311e-06
5.11311e-06
4.26391e-06
4.26391e-06
3.53552e-06
3.53552e-06
2.91447e-06
2.91447e-06
2.38812e-06
2.38812e-06
1.94476e-06
1.94476e-06
1.57361e-06
1.57361e-06
1.26486e-06
1.26486e-06
1.00969e-06
1.00969e-06
8.00174e-07
8.00174e-07
6.2933e-07
6.2933e-07
4.91001e-07
4.91001e-07
3.79824e-07
3.79824e-07
2.91159e-07
2.91159e-07
2.21025e-07
2.21025e-07
1.6603e-07
1.6603e-07
1.23305e-07
1.23305e-07
9.04432e-08
9.04432e-08
6.54418e-08
6.54418e-08
4.66452e-08
4.66452e-08
3.26971e-08
3.26971e-08
2.24959e-08
2.24959e-08
1.51551e-08
1.51551e-08
9.96855e-09
9.96855e-09
6.37959e-09
6.37959e-09
3.95501e-09
3.95501e-09
2.36212e-09
2.36212e-09
1.34955e-09
1.34955e-09
7.30773e-10
7.30773e-10
3.70392e-10
3.70392e-10
1.72707e-10
1.72707e-10
7.22643e-11
7.22643e-11
2.61421e-11
2.61421e-11
7.7199e-12
7.7199e-12
1.71436e-12
1.71436e-12
2.93404e-13
2.93404e-13
1.07908e-13
1.07908e-13
1.16486e-13
1.16486e-13
)
;

boundaryField
{
    walls
    {
        type            nutUWallFunction;
        blending        stepwise;
        Cmu             0.09;
        kappa           0.41;
        E               9.8;
        value           uniform 0;
    }
    inlet
    {
        type            cyclic;
    }
    outlet
    {
        type            cyclic;
    }
    sides
    {
        type            empty;
    }
}


// ************************************************************************* //
