/*--------------------------------*- C++ -*----------------------------------*\
| =========                 |                                                 |
| \\      /  F ield         | OpenFOAM: The Open Source CFD Toolbox           |
|  \\    /   O peration     | Version:  2106                                  |
|   \\  /    A nd           | Website:  www.openfoam.com                      |
|    \\/     M anipulation  |                                                 |
\*---------------------------------------------------------------------------*/
FoamFile
{
    version     2.0;
    format      ascii;
    arch        "LSB;label=32;scalar=64";
    class       volVectorField;
    location    "10090";
    object      U;
}
// * * * * * * * * * * * * * * * * * * * * * * * * * * * * * * * * * * * * * //

dimensions      [0 1 -1 0 0 0 0];

internalField   nonuniform List<vector> 
2000
(
(0.00220287 -7.11606e-16 -2.38686e-17)
(0.00220287 -1.98868e-20 -1.22059e-21)
(0.0066489 -3.27753e-15 -9.06435e-17)
(0.0066489 -8.86863e-19 -9.97644e-21)
(0.0111771 -3.04137e-15 -9.59852e-17)
(0.0111771 -1.84609e-18 -1.74016e-20)
(0.0157889 -2.86065e-15 -1.0111e-16)
(0.0157889 -2.89374e-18 -2.58802e-20)
(0.0204858 -2.84964e-15 -1.06648e-16)
(0.0204858 -3.97872e-18 -3.46948e-20)
(0.0252694 -2.86046e-15 -1.12525e-16)
(0.0252694 -5.10192e-18 -4.32771e-20)
(0.0301413 -2.86356e-15 -1.18668e-16)
(0.0301413 -6.24587e-18 -5.28401e-20)
(0.0351031 -2.86188e-15 -1.25068e-16)
(0.0351031 -7.43048e-18 -6.40765e-20)
(0.0401564 -2.85955e-15 -1.31737e-16)
(0.0401564 -8.67143e-18 -7.51827e-20)
(0.0453028 -2.85744e-15 -1.38687e-16)
(0.0453028 -9.93307e-18 -8.53113e-20)
(0.0505441 -2.85536e-15 -1.45931e-16)
(0.0505441 -1.12352e-17 -9.70856e-20)
(0.055882 -2.85317e-15 -1.53479e-16)
(0.055882 -1.26076e-17 -1.09944e-19)
(0.0613181 -2.85087e-15 -1.61343e-16)
(0.0613181 -1.39984e-17 -1.22332e-19)
(0.0668543 -2.8485e-15 -1.69535e-16)
(0.0668543 -1.5421e-17 -1.37357e-19)
(0.0724922 -2.84597e-15 -1.78067e-16)
(0.0724922 -1.68793e-17 -1.52687e-19)
(0.0782338 -2.84346e-15 -1.86951e-16)
(0.0782338 -1.84196e-17 -1.65628e-19)
(0.0840808 -2.84106e-15 -1.962e-16)
(0.0840808 -1.98875e-17 -1.75926e-19)
(0.090035 -2.83857e-15 -2.05828e-16)
(0.090035 -2.13105e-17 -1.92773e-19)
(0.0960981 -2.83588e-15 -2.15847e-16)
(0.0960981 -2.29218e-17 -2.08311e-19)
(0.102272 -2.83299e-15 -2.26269e-16)
(0.102272 -2.46678e-17 -2.24171e-19)
(0.108558 -2.83004e-15 -2.37106e-16)
(0.108558 -2.63764e-17 -2.41986e-19)
(0.114959 -2.82711e-15 -2.4837e-16)
(0.114959 -2.80935e-17 -2.60357e-19)
(0.121476 -2.82407e-15 -2.60074e-16)
(0.121476 -2.99533e-17 -2.79948e-19)
(0.128109 -2.82081e-15 -2.72226e-16)
(0.128109 -3.19357e-17 -3.01848e-19)
(0.134862 -2.81739e-15 -2.84835e-16)
(0.134862 -3.41481e-17 -3.2367e-19)
(0.141735 -2.81395e-15 -2.97908e-16)
(0.141735 -3.62489e-17 -3.42528e-19)
(0.148729 -2.81067e-15 -3.11452e-16)
(0.148729 -3.81631e-17 -3.61106e-19)
(0.155845 -2.80723e-15 -3.2547e-16)
(0.155845 -4.02985e-17 -3.82992e-19)
(0.163084 -2.8034e-15 -3.39961e-16)
(0.163084 -4.25003e-17 -3.99881e-19)
(0.170446 -2.79948e-15 -3.54921e-16)
(0.170446 -4.49097e-17 -4.25257e-19)
(0.177931 -2.79547e-15 -3.70341e-16)
(0.177931 -4.72051e-17 -4.44264e-19)
(0.185538 -2.79127e-15 -3.86207e-16)
(0.185538 -4.93765e-17 -4.63016e-19)
(0.193267 -2.78694e-15 -4.02501e-16)
(0.193267 -5.1874e-17 -4.87078e-19)
(0.201115 -2.7825e-15 -4.19195e-16)
(0.201115 -5.45977e-17 -5.11983e-19)
(0.20908 -2.77794e-15 -4.36259e-16)
(0.20908 -5.72991e-17 -5.36974e-19)
(0.21716 -2.77334e-15 -4.53653e-16)
(0.21716 -5.96576e-17 -5.47515e-19)
(0.225349 -2.76856e-15 -4.7133e-16)
(0.225349 -6.20485e-17 -5.72138e-19)
(0.233645 -2.76374e-15 -4.89233e-16)
(0.233645 -6.45393e-17 -5.98204e-19)
(0.242041 -2.75904e-15 -5.07303e-16)
(0.242041 -6.72985e-17 -6.11043e-19)
(0.25053 -2.75383e-15 -5.2547e-16)
(0.25053 -7.05092e-17 -6.46575e-19)
(0.259105 -2.74816e-15 -5.43656e-16)
(0.259105 -7.40333e-17 -6.91212e-19)
(0.267758 -2.74278e-15 -5.61781e-16)
(0.267758 -7.71338e-17 -7.12863e-19)
(0.276479 -2.73762e-15 -5.79768e-16)
(0.276479 -7.98001e-17 -7.3366e-19)
(0.285259 -2.73227e-15 -5.97537e-16)
(0.285259 -8.30858e-17 -7.42492e-19)
(0.294086 -2.7262e-15 -6.15005e-16)
(0.294086 -8.63396e-17 -7.63053e-19)
(0.30295 -2.72001e-15 -6.32097e-16)
(0.30295 -8.99376e-17 -7.85742e-19)
(0.311839 -2.71397e-15 -6.48744e-16)
(0.311839 -9.36862e-17 -7.97722e-19)
(0.320741 -2.70819e-15 -6.64883e-16)
(0.320741 -9.67286e-17 -8.50966e-19)
(0.329643 -2.70171e-15 -6.80463e-16)
(0.329643 -1.00183e-16 -9.05776e-19)
(0.338534 -2.69531e-15 -6.95441e-16)
(0.338534 -1.04068e-16 -9.04256e-19)
(0.347402 -2.68971e-15 -7.09787e-16)
(0.347402 -1.07693e-16 -9.04612e-19)
(0.356236 -2.68368e-15 -7.23494e-16)
(0.356236 -1.10899e-16 -9.20917e-19)
(0.365024 -2.67693e-15 -7.36542e-16)
(0.365024 -1.14162e-16 -9.40877e-19)
(0.373757 -2.67025e-15 -7.48943e-16)
(0.373757 -1.18205e-16 -9.72634e-19)
(0.382425 -2.66285e-15 -7.60714e-16)
(0.382425 -1.22093e-16 -9.94825e-19)
(0.391019 -2.65514e-15 -7.71871e-16)
(0.391019 -1.26131e-16 -1.03338e-18)
(0.399533 -2.64813e-15 -7.8245e-16)
(0.399533 -1.30687e-16 -1.09913e-18)
(0.407959 -2.64121e-15 -7.92493e-16)
(0.407959 -1.34369e-16 -1.1511e-18)
(0.416291 -2.63476e-15 -8.02043e-16)
(0.416291 -1.38253e-16 -1.15782e-18)
(0.424524 -2.62808e-15 -8.11152e-16)
(0.424524 -1.42468e-16 -1.11999e-18)
(0.432654 -2.6203e-15 -8.19866e-16)
(0.432654 -1.4646e-16 -1.09873e-18)
(0.440678 -2.61254e-15 -8.28231e-16)
(0.440678 -1.50361e-16 -1.15129e-18)
(0.448594 -2.60563e-15 -8.36304e-16)
(0.448594 -1.54353e-16 -1.24154e-18)
(0.456399 -2.59893e-15 -8.44146e-16)
(0.456399 -1.58929e-16 -1.27303e-18)
(0.464092 -2.5917e-15 -8.51803e-16)
(0.464092 -1.63198e-16 -1.30622e-18)
(0.471673 -2.58392e-15 -8.59306e-16)
(0.471673 -1.67495e-16 -1.34346e-18)
(0.479141 -2.57691e-15 -8.58324e-16)
(0.479141 -1.7172e-16 -1.32735e-18)
(0.486497 -2.5698e-15 -8.56834e-16)
(0.486497 -1.76314e-16 -1.34195e-18)
(0.493742 -2.56251e-15 -8.55393e-16)
(0.493742 -1.80304e-16 -1.33057e-18)
(0.500876 -2.55574e-15 -8.53902e-16)
(0.500876 -1.8423e-16 -1.3528e-18)
(0.507902 -2.54936e-15 -8.52506e-16)
(0.507902 -1.88304e-16 -1.38548e-18)
(0.51482 -2.54356e-15 -8.51161e-16)
(0.51482 -1.90502e-16 -1.45502e-18)
(0.521632 -2.53782e-15 -8.49225e-16)
(0.521632 -1.93412e-16 -1.38445e-18)
(0.528341 -2.53283e-15 -8.46751e-16)
(0.528341 -1.96487e-16 -1.13621e-18)
(0.534948 -2.52713e-15 -8.44131e-16)
(0.534948 -1.98737e-16 -1.10066e-18)
(0.541455 -2.52102e-15 -8.41717e-16)
(0.541455 -2.02136e-16 -1.14631e-18)
(0.547865 -2.51389e-15 -8.39365e-16)
(0.547865 -2.05409e-16 -1.16461e-18)
(0.554181 -2.50512e-15 -8.37242e-16)
(0.554181 -2.10366e-16 -1.20885e-18)
(0.560404 -2.49609e-15 -8.35334e-16)
(0.560404 -2.16083e-16 -1.16626e-18)
(0.566537 -2.48743e-15 -8.33581e-16)
(0.566537 -2.20605e-16 -1.14918e-18)
(0.572582 -2.47982e-15 -8.32119e-16)
(0.572582 -2.2583e-16 -1.17655e-18)
(0.578541 -2.47266e-15 -8.30958e-16)
(0.578541 -2.28798e-16 -1.06696e-18)
(0.584417 -2.46527e-15 -8.29953e-16)
(0.584417 -2.33334e-16 -8.7696e-19)
(0.590213 -2.45641e-15 -8.29107e-16)
(0.590213 -2.39548e-16 -6.77965e-19)
(0.59593 -2.44919e-15 -8.2862e-16)
(0.59593 -2.43537e-16 -7.60283e-19)
(0.60157 -2.44341e-15 -8.28405e-16)
(0.60157 -2.46698e-16 -8.40368e-19)
(0.607137 -2.43891e-15 -8.28258e-16)
(0.607137 -2.5028e-16 -5.88141e-19)
(0.612631 -2.43636e-15 -8.27922e-16)
(0.612631 -2.54991e-16 -4.77231e-19)
(0.618055 -2.43108e-15 -8.27663e-16)
(0.618055 -2.58379e-16 -5.40056e-19)
(0.623411 -2.42406e-15 -8.2761e-16)
(0.623411 -2.63166e-16 -4.52509e-19)
(0.628702 -2.41795e-15 -8.27586e-16)
(0.628702 -2.69672e-16 -4.32575e-19)
(0.633928 -2.41142e-15 -8.27723e-16)
(0.633928 -2.74367e-16 -4.0062e-19)
(0.639092 -2.40301e-15 -8.27945e-16)
(0.639092 -2.81666e-16 -2.03744e-19)
(0.644196 -2.39515e-15 -8.28202e-16)
(0.644196 -2.89045e-16 -5.79922e-20)
(0.649242 -2.3868e-15 -8.28458e-16)
(0.649242 -2.96134e-16 -3.20315e-19)
(0.65423 -2.37879e-15 -8.29123e-16)
(0.65423 -3.03935e-16 -4.65725e-19)
(0.659163 -2.37025e-15 -8.29725e-16)
(0.659163 -3.12958e-16 -4.42726e-19)
(0.664042 -2.36117e-15 -8.30393e-16)
(0.664042 -3.20935e-16 -2.79149e-19)
(0.66887 -2.35311e-15 -8.30941e-16)
(0.66887 -3.2732e-16 -1.01398e-19)
(0.673647 -2.34294e-15 -8.31376e-16)
(0.673647 -3.36299e-16 -2.37569e-19)
(0.678374 -2.32991e-15 -8.32134e-16)
(0.678374 -3.45902e-16 -7.17181e-19)
(0.683055 -2.31909e-15 -8.33396e-16)
(0.683055 -3.51022e-16 -4.65832e-19)
(0.687688 -2.31517e-15 -8.34096e-16)
(0.687688 -3.55509e-16 1.2878e-19)
(0.692277 -2.30985e-15 -8.3421e-16)
(0.692277 -3.59759e-16 5.34303e-19)
(0.696822 -2.30088e-15 -8.34243e-16)
(0.696822 -3.64446e-16 5.89899e-19)
(0.701324 -2.29343e-15 -8.34432e-16)
(0.701324 -3.71054e-16 4.70833e-19)
(0.705785 -2.28512e-15 -8.34616e-16)
(0.705785 -3.7604e-16 7.81893e-19)
(0.710206 -2.27616e-15 -8.34787e-16)
(0.710206 -3.84433e-16 1.42609e-18)
(0.714588 -2.26379e-15 -8.34459e-16)
(0.714588 -3.92694e-16 1.44876e-18)
(0.718931 -2.25882e-15 -8.34316e-16)
(0.718931 -3.99363e-16 1.48025e-18)
(0.723238 -2.24562e-15 -8.34474e-16)
(0.723238 -4.06368e-16 1.36581e-18)
(0.727509 -2.23539e-15 -8.34556e-16)
(0.727509 -4.15145e-16 1.04785e-18)
(0.731745 -2.22704e-15 -8.34807e-16)
(0.731745 -4.2367e-16 6.73228e-19)
(0.735947 -2.21438e-15 -8.3516e-16)
(0.735947 -4.36237e-16 7.27231e-19)
(0.740116 -2.20125e-15 -8.35392e-16)
(0.740116 -4.46989e-16 1.52909e-18)
(0.744252 -2.19033e-15 -8.34957e-16)
(0.744252 -4.52686e-16 1.35358e-18)
(0.748358 -2.1777e-15 -8.34931e-16)
(0.748358 -4.60345e-16 1.33289e-18)
(0.752432 -2.16382e-15 -8.34587e-16)
(0.752432 -4.69684e-16 2.10083e-18)
(0.756477 -2.15293e-15 -8.33539e-16)
(0.756477 -4.77913e-16 2.73964e-18)
(0.760493 -2.14487e-15 -8.32075e-16)
(0.760493 -4.79724e-16 2.97588e-18)
(0.764481 -2.13908e-15 -8.29554e-16)
(0.764481 -4.81749e-16 2.80521e-18)
(0.768441 -2.13173e-15 -8.27187e-16)
(0.768441 -4.9001e-16 3.33798e-18)
(0.772374 -2.12238e-15 -8.23607e-16)
(0.772374 -4.98481e-16 3.61659e-18)
(0.776281 -2.1147e-15 -8.19753e-16)
(0.776281 -5.09721e-16 3.71299e-18)
(0.780163 -2.10619e-15 -8.15126e-16)
(0.780163 -5.15768e-16 4.05299e-18)
(0.78402 -2.09641e-15 -8.09753e-16)
(0.78402 -5.24611e-16 3.68171e-18)
(0.787852 -2.08385e-15 -8.04361e-16)
(0.787852 -5.32186e-16 4.08855e-18)
(0.791661 -2.06873e-15 -7.98469e-16)
(0.791661 -5.41002e-16 3.63829e-18)
(0.795447 -2.05873e-15 -7.9263e-16)
(0.795447 -5.54501e-16 4.42739e-18)
(0.799211 -2.04783e-15 -7.85562e-16)
(0.799211 -5.57831e-16 3.77727e-18)
(0.802952 -2.03325e-15 -7.78374e-16)
(0.802952 -5.67333e-16 2.59004e-18)
(0.806672 -2.01771e-15 -7.70982e-16)
(0.806672 -5.79772e-16 2.87036e-18)
(0.810372 -2.00085e-15 -7.6247e-16)
(0.810372 -5.88659e-16 4.1047e-18)
(0.81405 -1.98484e-15 -7.53723e-16)
(0.81405 -5.94069e-16 4.81435e-18)
(0.817709 -1.96768e-15 -7.4545e-16)
(0.817709 -6.01817e-16 7.56002e-18)
(0.821348 -1.95224e-15 -7.38505e-16)
(0.821348 -6.13838e-16 6.27496e-18)
(0.824968 -1.93657e-15 -7.29809e-16)
(0.824968 -6.25266e-16 5.18053e-18)
(0.82857 -1.91878e-15 -7.21044e-16)
(0.82857 -6.31301e-16 3.6678e-18)
(0.832153 -1.89846e-15 -7.11024e-16)
(0.832153 -6.37245e-16 1.55728e-18)
(0.835719 -1.87842e-15 -7.00769e-16)
(0.835719 -6.50251e-16 -3.85569e-18)
(0.839267 -1.8634e-15 -6.88915e-16)
(0.839267 -6.56874e-16 -1.62872e-17)
(0.842798 -1.84623e-15 -6.77193e-16)
(0.842798 -6.64384e-16 -2.99373e-17)
(0.846312 -1.824e-15 -6.66729e-16)
(0.846312 -6.78341e-16 -4.16269e-17)
(0.84981 -1.79976e-15 -6.55922e-16)
(0.84981 -6.8878e-16 -5.35648e-17)
(0.853292 -1.78003e-15 -6.46266e-16)
(0.853292 -7.01e-16 -6.55066e-17)
(0.856758 -1.76298e-15 -6.41694e-16)
(0.856758 -7.09262e-16 -7.66007e-17)
(0.860209 -1.74262e-15 -6.35766e-16)
(0.860209 -7.20264e-16 -8.84196e-17)
(0.863645 -1.72259e-15 -6.3275e-16)
(0.863645 -7.32291e-16 -1.01376e-16)
(0.867066 -1.70434e-15 -6.28027e-16)
(0.867066 -7.37221e-16 -1.14975e-16)
(0.870473 -1.67831e-15 -6.22666e-16)
(0.870473 -7.48492e-16 -1.27877e-16)
(0.873866 -1.65211e-15 -6.18203e-16)
(0.873866 -7.62696e-16 -1.38841e-16)
(0.877244 -1.63767e-15 -6.16319e-16)
(0.877244 -7.66834e-16 -1.48866e-16)
(0.880609 -1.62668e-15 -6.1261e-16)
(0.880609 -7.77022e-16 -1.60982e-16)
(0.88396 -1.58727e-15 -6.07813e-16)
(0.88396 -7.87139e-16 -1.74705e-16)
(0.887299 -1.5731e-15 -5.99578e-16)
(0.887299 -7.89348e-16 -1.89113e-16)
(0.890624 -1.55282e-15 -5.90627e-16)
(0.890624 -8.0282e-16 -1.97578e-16)
(0.893936 -1.53197e-15 -5.85962e-16)
(0.893936 -8.07809e-16 -2.05288e-16)
(0.897236 -1.5129e-15 -5.80465e-16)
(0.897236 -8.13317e-16 -2.15826e-16)
(0.900524 -1.49677e-15 -5.76923e-16)
(0.900524 -8.14091e-16 -2.30969e-16)
(0.903799 -1.48525e-15 -5.70652e-16)
(0.903799 -8.09209e-16 -2.47256e-16)
(0.907062 -1.46399e-15 -5.6432e-16)
(0.907062 -8.2084e-16 -2.64102e-16)
(0.910314 -1.43762e-15 -5.54001e-16)
(0.910314 -8.24096e-16 -2.82851e-16)
(0.913553 -1.41425e-15 -5.47978e-16)
(0.913553 -8.28237e-16 -2.98037e-16)
(0.916782 -1.39694e-15 -5.40298e-16)
(0.916782 -8.29589e-16 -3.12012e-16)
(0.919998 -1.37436e-15 -5.36942e-16)
(0.919998 -8.26263e-16 -3.28394e-16)
(0.923204 -1.35727e-15 -5.35225e-16)
(0.923204 -8.30996e-16 -3.47891e-16)
(0.926398 -1.34384e-15 -5.31706e-16)
(0.926398 -8.33849e-16 -3.72844e-16)
(0.929582 -1.33724e-15 -5.2657e-16)
(0.929582 -8.33042e-16 -3.92237e-16)
(0.932754 -1.32333e-15 -5.17322e-16)
(0.932754 -8.42425e-16 -4.06069e-16)
(0.935915 -1.30109e-15 -5.10268e-16)
(0.935915 -8.57327e-16 -4.22719e-16)
(0.939066 -1.28365e-15 -5.04075e-16)
(0.939066 -8.65427e-16 -4.4055e-16)
(0.942206 -1.2628e-15 -5.00062e-16)
(0.942206 -8.64428e-16 -4.50765e-16)
(0.945335 -1.24719e-15 -4.98252e-16)
(0.945335 -8.59931e-16 -4.50088e-16)
(0.948454 -1.23505e-15 -4.90558e-16)
(0.948454 -8.6206e-16 -4.48113e-16)
(0.951563 -1.21063e-15 -4.83358e-16)
(0.951563 -8.61459e-16 -4.53946e-16)
(0.95466 -1.19089e-15 -4.88221e-16)
(0.95466 -8.58436e-16 -4.54328e-16)
(0.957748 -1.17191e-15 -4.87641e-16)
(0.957748 -8.60306e-16 -4.59072e-16)
(0.960824 -1.1556e-15 -4.87478e-16)
(0.960824 -8.49783e-16 -4.64907e-16)
(0.963891 -1.14313e-15 -4.85026e-16)
(0.963891 -8.4643e-16 -4.69648e-16)
(0.966947 -1.11989e-15 -4.83518e-16)
(0.966947 -8.43158e-16 -4.80652e-16)
(0.969992 -1.08801e-15 -4.8103e-16)
(0.969992 -8.3742e-16 -4.87885e-16)
(0.973027 -1.05538e-15 -4.83013e-16)
(0.973027 -8.37067e-16 -4.96231e-16)
(0.976051 -1.02843e-15 -4.81779e-16)
(0.976051 -8.35382e-16 -4.90899e-16)
(0.979065 -1.00905e-15 -4.77853e-16)
(0.979065 -8.43474e-16 -4.72468e-16)
(0.982068 -9.93662e-16 -4.66413e-16)
(0.982068 -8.33486e-16 -4.58982e-16)
(0.98506 -9.68294e-16 -4.48259e-16)
(0.98506 -8.25154e-16 -4.55915e-16)
(0.988042 -9.36838e-16 -4.53667e-16)
(0.988042 -8.08472e-16 -4.42691e-16)
(0.991012 -9.53715e-16 -4.44394e-16)
(0.991012 -7.89907e-16 -4.3188e-16)
(0.993972 -9.57001e-16 -4.37827e-16)
(0.993972 -7.96546e-16 -4.31226e-16)
(0.99692 -9.49946e-16 -4.30863e-16)
(0.99692 -7.96149e-16 -4.23383e-16)
(0.999857 -9.36568e-16 -4.26226e-16)
(0.999857 -8.02247e-16 -4.07105e-16)
(1.00278 -9.17845e-16 -4.1489e-16)
(1.00278 -8.12762e-16 -4.08842e-16)
(1.0057 -8.99369e-16 -4.07298e-16)
(1.0057 -8.16047e-16 -4.00059e-16)
(1.0086 -8.90285e-16 -4.0035e-16)
(1.0086 -8.24373e-16 -4.01851e-16)
(1.01149 -8.75461e-16 -3.91211e-16)
(1.01149 -8.47478e-16 -3.98187e-16)
(1.01437 -8.69928e-16 -3.84169e-16)
(1.01437 -8.54588e-16 -3.96225e-16)
(1.01723 -8.59396e-16 -3.88416e-16)
(1.01723 -8.52661e-16 -3.98046e-16)
(1.02008 -8.6041e-16 -4.03655e-16)
(1.02008 -8.60821e-16 -4.09559e-16)
(1.02292 -8.71078e-16 -3.88377e-16)
(1.02292 -8.42249e-16 -4.12079e-16)
(1.02575 -8.64572e-16 -3.80737e-16)
(1.02575 -8.29536e-16 -4.24125e-16)
(1.02856 -8.65125e-16 -3.79536e-16)
(1.02856 -8.04064e-16 -4.28185e-16)
(1.03136 -8.51954e-16 -3.73768e-16)
(1.03136 -7.94537e-16 -4.24292e-16)
(1.03414 -8.33161e-16 -3.64723e-16)
(1.03414 -7.9668e-16 -4.40106e-16)
(1.03691 -8.2405e-16 -3.72046e-16)
(1.03691 -7.9221e-16 -4.50927e-16)
(1.03966 -8.23062e-16 -3.89146e-16)
(1.03966 -7.47023e-16 -4.53063e-16)
(1.0424 -7.85001e-16 -3.78653e-16)
(1.0424 -7.21988e-16 -4.86316e-16)
(1.04512 -7.82321e-16 -3.70667e-16)
(1.04512 -7.47142e-16 -5.07013e-16)
(1.04782 -7.41308e-16 -3.90428e-16)
(1.04782 -7.6293e-16 -5.01211e-16)
(1.05051 -7.12449e-16 -3.88448e-16)
(1.05051 -7.50179e-16 -4.81508e-16)
(1.05317 -7.01676e-16 -4.1155e-16)
(1.05317 -7.18484e-16 -4.96295e-16)
(1.05582 -6.83101e-16 -4.12575e-16)
(1.05582 -6.66578e-16 -4.91306e-16)
(1.05845 -6.59089e-16 -4.67013e-16)
(1.05845 -6.64324e-16 -4.78798e-16)
(1.06106 -5.72187e-16 -4.59435e-16)
(1.06106 -6.77222e-16 -4.8673e-16)
(1.06365 -6.55707e-16 -4.90978e-16)
(1.06365 -6.48405e-16 -4.72803e-16)
(1.06622 -6.60691e-16 -5.13424e-16)
(1.06622 -6.64253e-16 -4.92489e-16)
(1.06876 -5.97592e-16 -5.41847e-16)
(1.06876 -6.62611e-16 -4.89355e-16)
(1.07128 -6.68808e-16 -5.50107e-16)
(1.07128 -6.33894e-16 -4.36768e-16)
(1.07378 -6.56626e-16 -4.9404e-16)
(1.07378 -6.63071e-16 -4.31431e-16)
(1.07624 -6.46973e-16 -4.8206e-16)
(1.07624 -6.65397e-16 -4.29415e-16)
(1.07869 -6.58929e-16 -4.92683e-16)
(1.07869 -6.38666e-16 -4.23657e-16)
(1.0811 -6.60168e-16 -4.64526e-16)
(1.0811 -6.6553e-16 -4.18569e-16)
(1.08348 -6.19611e-16 -4.87217e-16)
(1.08348 -6.5227e-16 -4.36955e-16)
(1.08584 -5.92231e-16 -4.8386e-16)
(1.08584 -6.11243e-16 -4.28442e-16)
(1.08816 -6.66693e-16 -4.4806e-16)
(1.08816 -5.96769e-16 -4.17473e-16)
(1.09044 -6.28828e-16 -3.73071e-16)
(1.09044 -6.00255e-16 -3.9004e-16)
(1.09269 -5.78952e-16 -3.90441e-16)
(1.09269 -6.27242e-16 -3.71472e-16)
(1.09491 -5.55442e-16 -4.45805e-16)
(1.09491 -5.96436e-16 -3.74914e-16)
(1.09708 -5.50105e-16 -4.55123e-16)
(1.09708 -5.37188e-16 -3.79292e-16)
(1.0992 -5.75931e-16 -4.86549e-16)
(1.0992 -5.52515e-16 -3.49586e-16)
(1.10129 -5.95642e-16 -4.48414e-16)
(1.10129 -5.60445e-16 -3.03981e-16)
(1.10332 -5.37653e-16 -4.38119e-16)
(1.10332 -5.38948e-16 -3.06889e-16)
(1.10531 -5.03206e-16 -4.21192e-16)
(1.10531 -5.64848e-16 -3.50483e-16)
(1.10724 -4.93793e-16 -4.48014e-16)
(1.10724 -5.51284e-16 -3.7787e-16)
(1.10911 -5.03331e-16 -4.38002e-16)
(1.10911 -5.47916e-16 -4.21304e-16)
(1.11093 -4.8891e-16 -4.00813e-16)
(1.11093 -5.67978e-16 -3.62923e-16)
(1.11268 -5.38263e-16 -4.26493e-16)
(1.11268 -5.59502e-16 -4.40274e-16)
(1.11435 -5.17597e-16 -4.15971e-16)
(1.11435 -5.66788e-16 -4.67661e-16)
(1.11596 -5.18939e-16 -3.36366e-16)
(1.11596 -5.51823e-16 -3.35251e-16)
(1.11748 -5.16458e-16 -3.2902e-16)
(1.11748 -5.30109e-16 -3.17402e-16)
(1.11893 -5.35663e-16 -4.09206e-16)
(1.11893 -5.13162e-16 -3.14085e-16)
(1.12028 -5.64817e-16 -4.17508e-16)
(1.12028 -4.54395e-16 -3.28959e-16)
(1.12153 -5.49034e-16 -3.65828e-16)
(1.12153 -4.25686e-16 -2.23137e-16)
(1.12268 -5.11495e-16 -2.92383e-16)
(1.12268 -4.58823e-16 -1.63228e-16)
(1.12371 -4.74132e-16 -2.37996e-16)
(1.12371 -4.14148e-16 -1.80545e-16)
(1.12463 -4.4949e-16 -2.64442e-16)
(1.12463 -4.17971e-16 -1.5278e-16)
(1.12541 -4.22821e-16 -2.74012e-16)
(1.12541 -4.73491e-16 -1.28271e-16)
(1.12606 -3.35534e-16 -2.60997e-16)
(1.12606 -4.19781e-16 -1.58735e-16)
(1.12656 -3.65292e-16 -2.49882e-16)
(1.12656 -3.74709e-16 -1.37876e-16)
(1.12691 -3.42725e-16 -1.89183e-16)
(1.12691 -3.22069e-16 -1.19179e-16)
(1.12708 -3.48474e-16 -1.21318e-16)
(1.12708 -3.232e-16 -1.59598e-16)
(0.00220287 1.54092e-21 4.78837e-18)
(0.00220287 5.27201e-21 -1.26341e-18)
(0.0066489 -4.61659e-19 1.24607e-17)
(0.0066489 -1.09642e-19 -2.1634e-17)
(0.0111771 -8.70613e-19 1.0865e-17)
(0.0111771 -2.15141e-19 -2.24398e-17)
(0.0157889 -1.37186e-18 1.49223e-17)
(0.0157889 -3.47973e-19 -2.32673e-17)
(0.0204858 -1.90209e-18 1.82829e-17)
(0.0204858 -4.82568e-19 -2.41168e-17)
(0.0252694 -2.44585e-18 2.11235e-17)
(0.0252694 -6.28896e-19 -2.49887e-17)
(0.0301413 -2.99722e-18 2.24642e-17)
(0.0301413 -7.69936e-19 -2.58836e-17)
(0.0351031 -3.55769e-18 2.32821e-17)
(0.0351031 -9.31228e-19 -2.68011e-17)
(0.0401564 -4.12618e-18 2.41252e-17)
(0.0401564 -1.10288e-18 -2.77412e-17)
(0.0453028 -4.73787e-18 2.49945e-17)
(0.0453028 -1.2682e-18 -2.87058e-17)
(0.0505441 -5.36484e-18 2.58888e-17)
(0.0505441 -1.46228e-18 -2.96943e-17)
(0.055882 -5.98475e-18 2.68095e-17)
(0.055882 -1.66314e-18 -3.07062e-17)
(0.0613181 -6.65318e-18 2.77573e-17)
(0.0613181 -1.88785e-18 -3.1743e-17)
(0.0668543 -7.39957e-18 2.87335e-17)
(0.0668543 -2.09798e-18 -3.28053e-17)
(0.0724922 -8.14595e-18 2.97363e-17)
(0.0724922 -2.25256e-18 -3.38891e-17)
(0.0782338 -8.85847e-18 3.07671e-17)
(0.0782338 -2.44555e-18 -3.49957e-17)
(0.0840808 -9.62226e-18 3.18268e-17)
(0.0840808 -2.71691e-18 -3.61286e-17)
(0.090035 -1.04283e-17 3.29126e-17)
(0.090035 -2.95909e-18 -3.72852e-17)
(0.0960981 -1.12227e-17 3.40267e-17)
(0.0960981 -3.23667e-18 -3.8467e-17)
(0.102272 -1.20231e-17 3.517e-17)
(0.102272 -3.60973e-18 -3.96751e-17)
(0.108558 -1.28422e-17 3.63415e-17)
(0.108558 -3.9287e-18 -4.09049e-17)
(0.114959 -1.36466e-17 3.75425e-17)
(0.114959 -4.18578e-18 -4.21558e-17)
(0.121476 -1.45013e-17 3.87726e-17)
(0.121476 -4.52076e-18 -4.34311e-17)
(0.128109 -1.53902e-17 4.00329e-17)
(0.128109 -4.94773e-18 -4.47275e-17)
(0.134862 -1.61948e-17 4.13209e-17)
(0.134862 -5.44471e-18 -4.60362e-17)
(0.141735 -1.70247e-17 4.26396e-17)
(0.141735 -5.90812e-18 -4.73631e-17)
(0.148729 -1.80158e-17 4.39834e-17)
(0.148729 -6.20458e-18 -4.87066e-17)
(0.155845 -1.90218e-17 4.5348e-17)
(0.155845 -6.56757e-18 -5.00555e-17)
(0.163084 -2.0067e-17 4.67334e-17)
(0.163084 -6.93759e-18 -5.14108e-17)
(0.170446 -2.11738e-17 4.81383e-17)
(0.170446 -7.3797e-18 -5.27766e-17)
(0.177931 -2.22638e-17 4.95618e-17)
(0.177931 -7.94436e-18 -5.41414e-17)
(0.185538 -2.33697e-17 5.09999e-17)
(0.185538 -8.46717e-18 -5.55091e-17)
(0.193267 -2.45368e-17 5.24486e-17)
(0.193267 -8.99104e-18 -5.68636e-17)
(0.201115 -2.58667e-17 5.38976e-17)
(0.201115 -9.4854e-18 -5.8205e-17)
(0.20908 -2.72113e-17 5.53364e-17)
(0.20908 -9.92084e-18 -5.95172e-17)
(0.21716 -2.85711e-17 5.6766e-17)
(0.21716 -1.04277e-17 -6.07976e-17)
(0.225349 -2.97298e-17 5.81678e-17)
(0.225349 -1.10344e-17 -6.205e-17)
(0.233645 -3.09438e-17 5.95503e-17)
(0.233645 -1.16607e-17 -6.32629e-17)
(0.242041 -3.24776e-17 6.08943e-17)
(0.242041 -1.24195e-17 -6.44243e-17)
(0.25053 -3.38137e-17 6.21922e-17)
(0.25053 -1.30554e-17 -6.55137e-17)
(0.259105 -3.50911e-17 6.34435e-17)
(0.259105 -1.34642e-17 -6.65097e-17)
(0.267758 -3.65364e-17 6.46448e-17)
(0.267758 -1.45866e-17 -6.74214e-17)
(0.276479 -3.79767e-17 6.57829e-17)
(0.276479 -1.55793e-17 -6.8241e-17)
(0.285259 -3.94623e-17 6.6843e-17)
(0.285259 -1.62658e-17 -6.89615e-17)
(0.294086 -4.10606e-17 6.78102e-17)
(0.294086 -1.68125e-17 -6.95805e-17)
(0.30295 -4.26736e-17 6.86763e-17)
(0.30295 -1.73607e-17 -7.00789e-17)
(0.311839 -4.45452e-17 6.94352e-17)
(0.311839 -1.86146e-17 -7.04462e-17)
(0.320741 -4.60836e-17 7.00886e-17)
(0.320741 -1.95138e-17 -7.06662e-17)
(0.329643 -4.73556e-17 7.06439e-17)
(0.329643 -2.01432e-17 -7.07769e-17)
(0.338534 -4.8821e-17 7.10814e-17)
(0.338534 -2.13702e-17 -7.0765e-17)
(0.347402 -5.01149e-17 7.13959e-17)
(0.347402 -2.28732e-17 -7.0606e-17)
(0.356236 -5.15196e-17 7.15946e-17)
(0.356236 -2.36798e-17 -7.03306e-17)
(0.365024 -5.35115e-17 7.16954e-17)
(0.365024 -2.51033e-17 -6.99686e-17)
(0.373757 -5.57119e-17 7.16905e-17)
(0.373757 -2.68284e-17 -6.94674e-17)
(0.382425 -5.73211e-17 7.15995e-17)
(0.382425 -2.75053e-17 -6.88791e-17)
(0.391019 -5.88471e-17 7.14177e-17)
(0.391019 -2.90171e-17 -6.82151e-17)
(0.399533 -6.09322e-17 7.115e-17)
(0.399533 -2.99238e-17 -6.74457e-17)
(0.407959 -6.27046e-17 7.07718e-17)
(0.407959 -3.00264e-17 -6.65371e-17)
(0.416291 -6.4358e-17 7.03006e-17)
(0.416291 -3.10307e-17 -6.5494e-17)
(0.424524 -6.60027e-17 6.97546e-17)
(0.424524 -3.2341e-17 -6.43832e-17)
(0.432654 -6.68583e-17 7.02892e-17)
(0.432654 -3.4065e-17 -6.31924e-17)
(0.440678 -6.83131e-17 7.10016e-17)
(0.440678 -3.51808e-17 -6.20083e-17)
(0.448594 -7.05101e-17 7.16792e-17)
(0.448594 -3.61263e-17 -6.07002e-17)
(0.456399 -7.25714e-17 7.22909e-17)
(0.456399 -3.67391e-17 -5.92983e-17)
(0.464092 -7.42859e-17 7.27891e-17)
(0.464092 -3.76907e-17 -5.78173e-17)
(0.471673 -7.57277e-17 7.32853e-17)
(0.471673 -3.90294e-17 -5.62455e-17)
(0.479141 -7.70505e-17 7.3876e-17)
(0.479141 -4.01648e-17 -5.46739e-17)
(0.486497 -7.83654e-17 7.43705e-17)
(0.486497 -4.17862e-17 -5.30306e-17)
(0.493742 -7.97433e-17 7.47361e-17)
(0.493742 -4.46175e-17 -5.11957e-17)
(0.500876 -8.09503e-17 7.51718e-17)
(0.500876 -4.64881e-17 -4.94475e-17)
(0.507902 -8.24129e-17 7.58173e-17)
(0.507902 -4.74711e-17 -4.78378e-17)
(0.51482 -8.342e-17 7.64789e-17)
(0.51482 -4.97538e-17 -4.62398e-17)
(0.521632 -8.42395e-17 7.71211e-17)
(0.521632 -5.11175e-17 -4.4563e-17)
(0.528341 -8.61097e-17 7.77514e-17)
(0.528341 -5.23656e-17 -4.29347e-17)
(0.534948 -8.98577e-17 7.82117e-17)
(0.534948 -5.25916e-17 -4.1425e-17)
(0.541455 -9.25399e-17 7.85446e-17)
(0.541455 -5.32799e-17 -3.97369e-17)
(0.547865 -9.28836e-17 7.9137e-17)
(0.547865 -5.37024e-17 -3.83217e-17)
(0.554181 -9.47449e-17 8.00341e-17)
(0.554181 -5.49897e-17 -3.71158e-17)
(0.560404 -9.68718e-17 8.04059e-17)
(0.560404 -5.69595e-17 -3.54372e-17)
(0.566537 -9.81737e-17 8.07654e-17)
(0.566537 -5.70708e-17 -3.3742e-17)
(0.572582 -9.96264e-17 8.14251e-17)
(0.572582 -5.89188e-17 -3.22882e-17)
(0.578541 -1.01757e-16 8.22268e-17)
(0.578541 -5.96965e-17 -3.08991e-17)
(0.584417 -1.04561e-16 8.29861e-17)
(0.584417 -5.97617e-17 -2.94027e-17)
(0.590213 -1.06363e-16 8.34443e-17)
(0.590213 -6.15054e-17 -2.76921e-17)
(0.59593 -1.0757e-16 8.38389e-17)
(0.59593 -6.3236e-17 -2.56385e-17)
(0.60157 -1.08771e-16 8.44304e-17)
(0.60157 -6.3693e-17 -2.26614e-17)
(0.607137 -1.08823e-16 8.52974e-17)
(0.607137 -6.56183e-17 -1.97534e-17)
(0.612631 -1.10124e-16 8.60192e-17)
(0.612631 -6.63127e-17 -1.68437e-17)
(0.618055 -1.11998e-16 8.685e-17)
(0.618055 -6.57767e-17 -1.39438e-17)
(0.623411 -1.13423e-16 8.76529e-17)
(0.623411 -6.68475e-17 -1.10704e-17)
(0.628702 -1.16164e-16 8.83003e-17)
(0.628702 -6.70669e-17 -8.28396e-18)
(0.633928 -1.16953e-16 8.88832e-17)
(0.633928 -6.65731e-17 -5.41151e-18)
(0.639092 -1.18768e-16 9.0071e-17)
(0.639092 -6.78662e-17 -2.68527e-18)
(0.644196 -1.22406e-16 9.07885e-17)
(0.644196 -7.09458e-17 -3.95791e-20)
(0.649242 -1.2549e-16 9.16579e-17)
(0.649242 -7.01419e-17 2.40193e-18)
(0.65423 -1.28167e-16 9.26833e-17)
(0.65423 -6.76709e-17 4.87854e-18)
(0.659163 -1.31664e-16 9.37095e-17)
(0.659163 -6.82737e-17 7.19688e-18)
(0.664042 -1.35086e-16 9.45141e-17)
(0.664042 -6.86189e-17 9.59603e-18)
(0.66887 -1.3631e-16 9.51838e-17)
(0.66887 -6.92925e-17 1.17554e-17)
(0.673647 -1.37762e-16 9.58321e-17)
(0.673647 -7.25312e-17 1.37578e-17)
(0.678374 -1.38854e-16 9.68787e-17)
(0.678374 -7.41954e-17 1.56902e-17)
(0.683055 -1.39463e-16 9.83544e-17)
(0.683055 -7.50201e-17 1.74787e-17)
(0.687688 -1.40645e-16 9.99037e-17)
(0.687688 -7.93523e-17 1.89907e-17)
(0.692277 -1.41428e-16 1.01101e-16)
(0.692277 -7.97355e-17 2.03004e-17)
(0.696822 -1.40858e-16 1.02841e-16)
(0.696822 -7.63509e-17 2.14584e-17)
(0.701324 -1.4132e-16 1.04722e-16)
(0.701324 -7.81473e-17 2.25612e-17)
(0.705785 -1.42966e-16 1.06541e-16)
(0.705785 -7.70167e-17 2.36829e-17)
(0.710206 -1.44663e-16 1.08239e-16)
(0.710206 -7.45575e-17 2.50047e-17)
(0.714588 -1.47749e-16 1.10181e-16)
(0.714588 -7.64258e-17 2.60426e-17)
(0.718931 -1.52215e-16 1.12941e-16)
(0.718931 -7.83193e-17 2.6806e-17)
(0.723238 -1.54663e-16 1.14429e-16)
(0.723238 -7.67497e-17 2.76088e-17)
(0.727509 -1.55558e-16 1.16344e-16)
(0.727509 -7.3698e-17 2.83056e-17)
(0.731745 -1.55998e-16 1.17933e-16)
(0.731745 -7.43584e-17 2.88508e-17)
(0.735947 -1.57022e-16 1.20256e-16)
(0.735947 -7.56502e-17 2.92613e-17)
(0.740116 -1.59075e-16 1.22633e-16)
(0.740116 -7.5413e-17 2.96689e-17)
(0.744252 -1.58771e-16 1.24563e-16)
(0.744252 -7.36463e-17 2.97802e-17)
(0.748358 -1.58292e-16 1.27104e-16)
(0.748358 -6.9227e-17 2.99292e-17)
(0.752432 -1.60996e-16 1.29121e-16)
(0.752432 -7.09302e-17 2.99521e-17)
(0.756477 -1.62389e-16 1.30207e-16)
(0.756477 -7.26736e-17 2.98509e-17)
(0.760493 -1.608e-16 1.31807e-16)
(0.760493 -7.25722e-17 2.96476e-17)
(0.764481 -1.58582e-16 1.3364e-16)
(0.764481 -7.26101e-17 2.87199e-17)
(0.768441 -1.56382e-16 1.36334e-16)
(0.768441 -7.34492e-17 2.76762e-17)
(0.772374 -1.59116e-16 1.39171e-16)
(0.772374 -7.3768e-17 2.64024e-17)
(0.776281 -1.60991e-16 1.40148e-16)
(0.776281 -7.30117e-17 2.58666e-17)
(0.780163 -1.59994e-16 1.41615e-16)
(0.780163 -7.05907e-17 2.52449e-17)
(0.78402 -1.61636e-16 1.42927e-16)
(0.78402 -7.26072e-17 2.47859e-17)
(0.787852 -1.64807e-16 1.44753e-16)
(0.787852 -8.07585e-17 2.38499e-17)
(0.791661 -1.69288e-16 1.4712e-16)
(0.791661 -7.96066e-17 2.21696e-17)
(0.795447 -1.73538e-16 1.49862e-16)
(0.795447 -7.70348e-17 2.08237e-17)
(0.799211 -1.7391e-16 1.51471e-16)
(0.799211 -7.93387e-17 1.65237e-17)
(0.802952 -1.76007e-16 1.51813e-16)
(0.802952 -8.07113e-17 1.12232e-17)
(0.806672 -1.79425e-16 1.53683e-16)
(0.806672 -7.86835e-17 7.21076e-18)
(0.810372 -1.77719e-16 1.55949e-16)
(0.810372 -7.85642e-17 7.28487e-18)
(0.81405 -1.80921e-16 1.58861e-16)
(0.81405 -8.43018e-17 7.53923e-18)
(0.817709 -1.88753e-16 1.62244e-16)
(0.817709 -8.63322e-17 6.40192e-18)
(0.821348 -1.94423e-16 1.63113e-16)
(0.821348 -8.06679e-17 5.05343e-18)
(0.824968 -1.98171e-16 1.63075e-16)
(0.824968 -8.15838e-17 5.50656e-18)
(0.82857 -1.99317e-16 1.6477e-16)
(0.82857 -8.63127e-17 6.19731e-18)
(0.832153 -1.9654e-16 1.68477e-16)
(0.832153 -9.21294e-17 5.91676e-18)
(0.835719 -1.99516e-16 1.7082e-16)
(0.835719 -1.03174e-16 5.08771e-18)
(0.839267 -2.09443e-16 1.72363e-16)
(0.839267 -1.04847e-16 7.68209e-18)
(0.842798 -2.14671e-16 1.75884e-16)
(0.842798 -1.04173e-16 9.43227e-18)
(0.846312 -2.12708e-16 1.77449e-16)
(0.846312 -1.10921e-16 8.02722e-18)
(0.84981 -2.07648e-16 1.81601e-16)
(0.84981 -1.12953e-16 6.39762e-18)
(0.853292 -2.06839e-16 1.85035e-16)
(0.853292 -1.15875e-16 6.45541e-18)
(0.856758 -2.10335e-16 1.88423e-16)
(0.856758 -1.22274e-16 1.28682e-17)
(0.860209 -2.18016e-16 1.94486e-16)
(0.860209 -1.26606e-16 1.85681e-17)
(0.863645 -2.23079e-16 1.98214e-16)
(0.863645 -1.32631e-16 2.38176e-17)
(0.867066 -2.2319e-16 2.03476e-16)
(0.867066 -1.36804e-16 2.73552e-17)
(0.870473 -2.23906e-16 2.06816e-16)
(0.870473 -1.4647e-16 3.01358e-17)
(0.873866 -2.34043e-16 2.07548e-16)
(0.873866 -1.50497e-16 3.46585e-17)
(0.877244 -2.38675e-16 2.05038e-16)
(0.877244 -1.36939e-16 4.33818e-17)
(0.880609 -2.2731e-16 2.06153e-16)
(0.880609 -1.40003e-16 5.16286e-17)
(0.88396 -2.15112e-16 2.12593e-16)
(0.88396 -1.4659e-16 5.74012e-17)
(0.887299 -2.13315e-16 2.18302e-16)
(0.887299 -1.42295e-16 5.94041e-17)
(0.890624 -2.23431e-16 2.21476e-16)
(0.890624 -1.40316e-16 6.60814e-17)
(0.893936 -2.27489e-16 2.22141e-16)
(0.893936 -1.33544e-16 7.74121e-17)
(0.897236 -2.28225e-16 2.26452e-16)
(0.897236 -1.36961e-16 8.41393e-17)
(0.900524 -2.32606e-16 2.3041e-16)
(0.900524 -1.52866e-16 9.20402e-17)
(0.903799 -2.3035e-16 2.35242e-16)
(0.903799 -1.61937e-16 1.04946e-16)
(0.907062 -2.24898e-16 2.43301e-16)
(0.907062 -1.6608e-16 1.13076e-16)
(0.910314 -2.23614e-16 2.54129e-16)
(0.910314 -1.77764e-16 1.17292e-16)
(0.913553 -2.30694e-16 2.58434e-16)
(0.913553 -1.81038e-16 1.25872e-16)
(0.916782 -2.38915e-16 2.64573e-16)
(0.916782 -1.69601e-16 1.4149e-16)
(0.919998 -2.43776e-16 2.71201e-16)
(0.919998 -1.74788e-16 1.49791e-16)
(0.923204 -2.47274e-16 2.76178e-16)
(0.923204 -1.77842e-16 1.61849e-16)
(0.926398 -2.46531e-16 2.85694e-16)
(0.926398 -1.76937e-16 1.66493e-16)
(0.929582 -2.49931e-16 2.92789e-16)
(0.929582 -1.90952e-16 1.69375e-16)
(0.932754 -2.55236e-16 2.98646e-16)
(0.932754 -1.99301e-16 1.75211e-16)
(0.935915 -2.59293e-16 3.0954e-16)
(0.935915 -2.08873e-16 1.77429e-16)
(0.939066 -2.66216e-16 3.16936e-16)
(0.939066 -2.27193e-16 1.79537e-16)
(0.942206 -2.74902e-16 3.20321e-16)
(0.942206 -2.36102e-16 1.85241e-16)
(0.945335 -2.7479e-16 3.25471e-16)
(0.945335 -2.35881e-16 1.92035e-16)
(0.948454 -2.72397e-16 3.38325e-16)
(0.948454 -2.44191e-16 1.98666e-16)
(0.951563 -2.87883e-16 3.59e-16)
(0.951563 -2.46277e-16 1.92229e-16)
(0.95466 -3.03147e-16 3.53624e-16)
(0.95466 -2.56458e-16 1.9149e-16)
(0.957748 -3.08472e-16 3.49465e-16)
(0.957748 -2.68523e-16 1.94184e-16)
(0.960824 -3.08986e-16 3.45763e-16)
(0.960824 -2.75739e-16 1.93641e-16)
(0.963891 -3.08707e-16 3.42294e-16)
(0.963891 -2.80138e-16 1.98138e-16)
(0.966947 -3.13792e-16 3.45703e-16)
(0.966947 -2.76032e-16 1.98533e-16)
(0.969992 -3.05632e-16 3.49495e-16)
(0.969992 -2.66498e-16 1.91588e-16)
(0.973027 -2.98622e-16 3.53317e-16)
(0.973027 -2.51762e-16 1.84896e-16)
(0.976051 -2.92243e-16 3.46389e-16)
(0.976051 -2.46317e-16 1.79318e-16)
(0.979065 -2.75777e-16 3.30785e-16)
(0.979065 -2.2977e-16 1.82656e-16)
(0.982068 -2.62488e-16 3.22851e-16)
(0.982068 -2.14803e-16 1.99572e-16)
(0.98506 -2.58913e-16 3.31225e-16)
(0.98506 -2.29959e-16 2.00448e-16)
(0.988042 -2.62505e-16 3.26998e-16)
(0.988042 -2.49769e-16 1.9651e-16)
(0.991012 -2.79535e-16 3.20873e-16)
(0.991012 -2.54702e-16 2.02584e-16)
(0.993972 -2.97466e-16 3.15834e-16)
(0.993972 -2.7351e-16 2.14669e-16)
(0.99692 -2.95853e-16 3.05895e-16)
(0.99692 -2.77533e-16 2.21474e-16)
(0.999857 -2.96535e-16 2.90788e-16)
(0.999857 -2.8699e-16 2.38524e-16)
(1.00278 -3.01785e-16 2.9476e-16)
(1.00278 -2.99249e-16 2.37271e-16)
(1.0057 -3.08413e-16 2.89757e-16)
(1.0057 -2.95673e-16 2.4391e-16)
(1.0086 -3.07291e-16 2.89889e-16)
(1.0086 -3.14719e-16 2.50765e-16)
(1.01149 -3.02734e-16 2.91996e-16)
(1.01149 -3.33963e-16 2.7967e-16)
(1.01437 -3.17983e-16 3.07639e-16)
(1.01437 -3.16829e-16 2.83912e-16)
(1.01723 -3.34322e-16 3.17849e-16)
(1.01723 -3.38443e-16 2.75403e-16)
(1.02008 -3.27699e-16 3.26929e-16)
(1.02008 -3.30797e-16 2.70693e-16)
(1.02292 -3.24052e-16 3.30416e-16)
(1.02292 -3.04437e-16 2.72841e-16)
(1.02575 -3.33121e-16 3.33327e-16)
(1.02575 -3.09067e-16 2.75471e-16)
(1.02856 -3.37556e-16 3.2583e-16)
(1.02856 -3.30676e-16 2.91835e-16)
(1.03136 -3.36649e-16 3.22065e-16)
(1.03136 -3.29477e-16 3.04876e-16)
(1.03414 -3.41899e-16 3.40792e-16)
(1.03414 -3.47441e-16 3.09265e-16)
(1.03691 -3.65167e-16 3.42155e-16)
(1.03691 -3.55407e-16 2.94309e-16)
(1.03966 -3.80894e-16 3.25885e-16)
(1.03966 -3.52777e-16 3.18413e-16)
(1.0424 -3.82913e-16 3.43719e-16)
(1.0424 -3.72214e-16 2.99709e-16)
(1.04512 -3.94351e-16 3.43963e-16)
(1.04512 -3.59085e-16 2.90597e-16)
(1.04782 -3.9508e-16 3.24597e-16)
(1.04782 -3.5103e-16 2.97604e-16)
(1.05051 -3.87922e-16 3.16791e-16)
(1.05051 -3.53409e-16 3.17293e-16)
(1.05317 -3.97989e-16 3.35443e-16)
(1.05317 -3.34621e-16 2.86514e-16)
(1.05582 -4.04353e-16 3.26911e-16)
(1.05582 -3.41696e-16 2.72902e-16)
(1.05845 -3.07617e-16 2.9539e-16)
(1.05845 -3.66987e-16 2.82032e-16)
(1.06106 -4.16378e-16 3.47571e-16)
(1.06106 -3.64474e-16 2.87239e-16)
(1.06365 -3.94531e-16 3.22887e-16)
(1.06365 -3.25923e-16 3.12954e-16)
(1.06622 -4.01272e-16 3.47763e-16)
(1.06622 -3.11038e-16 3.1743e-16)
(1.06876 -3.95487e-16 3.67809e-16)
(1.06876 -3.31549e-16 3.51088e-16)
(1.07128 -3.24058e-16 3.34673e-16)
(1.07128 -3.57819e-16 3.56455e-16)
(1.07378 -3.23252e-16 3.60677e-16)
(1.07378 -3.88791e-16 2.80749e-16)
(1.07624 -3.46881e-16 3.6227e-16)
(1.07624 -3.887e-16 2.77006e-16)
(1.07869 -2.77175e-16 3.44666e-16)
(1.07869 -3.55966e-16 2.96803e-16)
(1.0811 -3.52061e-16 3.3032e-16)
(1.0811 -3.25832e-16 3.18718e-16)
(1.08348 -3.4728e-16 3.55484e-16)
(1.08348 -3.01994e-16 2.93064e-16)
(1.08584 -3.2897e-16 3.61972e-16)
(1.08584 -3.36351e-16 3.20374e-16)
(1.08816 -2.927e-16 3.1425e-16)
(1.08816 -2.60988e-16 2.9395e-16)
(1.09044 -2.91522e-16 3.03391e-16)
(1.09044 -2.75591e-16 2.65166e-16)
(1.09269 -3.25658e-16 3.22534e-16)
(1.09269 -3.18236e-16 2.94506e-16)
(1.09491 -3.15608e-16 2.97778e-16)
(1.09491 -2.82672e-16 3.27993e-16)
(1.09708 -3.1033e-16 3.28834e-16)
(1.09708 -2.79594e-16 3.21697e-16)
(1.0992 -2.66932e-16 3.09306e-16)
(1.0992 -2.65655e-16 3.68226e-16)
(1.10129 -2.87546e-16 2.92414e-16)
(1.10129 -2.33509e-16 3.99413e-16)
(1.10332 -2.52324e-16 2.8761e-16)
(1.10332 -2.62463e-16 4.12378e-16)
(1.10531 -1.93477e-16 3.02712e-16)
(1.10531 -2.70867e-16 3.54321e-16)
(1.10724 -1.65214e-16 3.44467e-16)
(1.10724 -2.10534e-16 2.86868e-16)
(1.10911 -1.50558e-16 3.73857e-16)
(1.10911 -2.27554e-16 2.67324e-16)
(1.11093 -1.88876e-16 3.65407e-16)
(1.11093 -2.33567e-16 2.18197e-16)
(1.11268 -1.93826e-16 3.9935e-16)
(1.11268 -2.22328e-16 1.58726e-16)
(1.11435 -2.1454e-16 4.37083e-16)
(1.11435 -2.88314e-16 1.54045e-16)
(1.11596 -2.33073e-16 3.43956e-16)
(1.11596 -2.55391e-16 2.08768e-16)
(1.11748 -2.70006e-16 3.45609e-16)
(1.11748 -2.45594e-16 1.10948e-16)
(1.11893 -3.05093e-16 3.47383e-16)
(1.11893 -2.73898e-16 9.97648e-17)
(1.12028 -3.25549e-16 3.08138e-16)
(1.12028 -2.8233e-16 1.39534e-16)
(1.12153 -3.38002e-16 2.25741e-16)
(1.12153 -2.76923e-16 2.1383e-16)
(1.12268 -3.45525e-16 8.43118e-17)
(1.12268 -2.47433e-16 1.99766e-16)
(1.12371 -3.13058e-16 7.14503e-17)
(1.12371 -2.67109e-16 2.30279e-16)
(1.12463 -3.08241e-16 7.85337e-17)
(1.12463 -3.24311e-16 2.76351e-16)
(1.12541 -2.69783e-16 1.16291e-16)
(1.12541 -3.31892e-16 3.25281e-16)
(1.12606 -2.16329e-16 2.1101e-16)
(1.12606 -2.66341e-16 2.81051e-16)
(1.12656 -1.93807e-16 2.28167e-16)
(1.12656 -2.38683e-16 1.78261e-16)
(1.12691 -1.85005e-16 1.7078e-16)
(1.12691 -2.34415e-16 1.07531e-16)
(1.12708 -2.10687e-16 1.68402e-16)
(1.12708 -1.78481e-16 1.19066e-16)
(1.12708 -3.19952e-16 -1.57235e-16)
(1.12708 -3.31965e-16 -1.2478e-16)
(1.12691 -2.71947e-16 -7.25358e-17)
(1.12691 -3.02933e-16 -1.36754e-16)
(1.12656 -2.16632e-16 -9.53453e-17)
(1.12656 -2.31249e-16 -1.24776e-16)
(1.12606 -1.87091e-16 -1.49276e-16)
(1.12606 -2.74916e-16 -9.32583e-17)
(1.12541 -1.85181e-16 -1.01316e-16)
(1.12541 -2.06038e-16 -6.02501e-17)
(1.12463 -2.19975e-16 -9.97363e-17)
(1.12463 -2.08143e-16 -3.35686e-17)
(1.12371 -2.36635e-16 -1.28562e-16)
(1.12371 -2.66309e-16 -6.53197e-17)
(1.12268 -2.32072e-16 -8.95963e-17)
(1.12268 -1.82348e-16 -1.16498e-16)
(1.12153 -2.3861e-16 -8.59044e-17)
(1.12153 -2.07021e-16 -1.17797e-16)
(1.12028 -2.18211e-16 -8.55649e-17)
(1.12028 -2.37385e-16 -1.15802e-16)
(1.11893 -2.27356e-16 -7.24157e-17)
(1.11893 -2.50488e-16 -8.89898e-17)
(1.11748 -2.85431e-16 -9.41384e-17)
(1.11748 -2.29709e-16 -1.04649e-16)
(1.11596 -2.42982e-16 -4.34972e-17)
(1.11596 -2.24316e-16 -5.72202e-17)
(1.11435 -2.29675e-16 -5.10905e-17)
(1.11435 -2.64966e-16 -5.58655e-17)
(1.11268 -2.24529e-16 -6.74568e-17)
(1.11268 -2.24124e-16 -1.13098e-16)
(1.11093 -2.33223e-16 -3.03697e-17)
(1.11093 -2.59087e-16 -5.55268e-17)
(1.10911 -1.99765e-16 2.29167e-30)
(1.10911 -2.19975e-16 -4.67151e-17)
(1.10724 -1.33936e-16 -3.83543e-17)
(1.10724 -1.78037e-16 -7.57819e-17)
(1.10531 -1.29029e-16 -7.12847e-17)
(1.10531 -1.43202e-16 -1.20859e-16)
(1.10332 -1.5248e-16 -7.76738e-17)
(1.10332 -8.54391e-17 -1.11286e-16)
(1.10129 -1.35543e-16 -8.0821e-17)
(1.10129 -1.20373e-16 -1.08189e-16)
(1.0992 -1.28087e-16 -7.76645e-17)
(1.0992 -1.55799e-16 -8.14614e-17)
(1.09708 -1.05362e-16 -5.94739e-17)
(1.09708 -1.09232e-16 -8.19465e-17)
(1.09491 -8.90309e-17 -6.49863e-17)
(1.09491 -6.43973e-17 -7.16676e-17)
(1.09269 -7.60419e-17 -3.03804e-17)
(1.09269 -8.48461e-17 -5.3266e-17)
(1.09044 -4.57149e-17 -7.15736e-17)
(1.09044 -1.15658e-16 -2.59708e-17)
(1.08816 -4.27151e-17 -8.86927e-17)
(1.08816 -1.0248e-16 -3.60194e-17)
(1.08584 -6.61894e-17 -1.00738e-16)
(1.08584 -1.16957e-16 -7.79174e-17)
(1.08348 -1.01633e-16 -7.20639e-17)
(1.08348 -1.2999e-16 -8.42422e-17)
(1.0811 -8.0155e-17 -4.0703e-17)
(1.0811 -1.03343e-16 -5.7714e-17)
(1.07869 -7.43357e-17 -1.00445e-16)
(1.07869 -9.9229e-17 -1.58472e-17)
(1.07624 -8.25041e-17 -6.40444e-17)
(1.07624 -5.67691e-17 -3.65713e-17)
(1.07378 -4.82206e-17 -7.68688e-17)
(1.07378 -7.64829e-17 -4.10536e-17)
(1.07128 -6.17674e-17 -1.11169e-16)
(1.07128 -9.24861e-17 -4.87508e-17)
(1.06876 -1.21775e-16 -9.85239e-17)
(1.06876 -1.10586e-16 -4.42616e-17)
(1.06622 -1.05831e-16 -6.68467e-17)
(1.06622 -9.05836e-17 -5.63685e-17)
(1.06365 -1.01855e-16 -8.35343e-17)
(1.06365 -6.12324e-17 -4.96868e-17)
(1.06106 -9.16375e-17 -5.74828e-17)
(1.06106 -9.7655e-17 -6.11116e-17)
(1.05845 -9.25575e-17 -6.37183e-17)
(1.05845 -1.16555e-16 -3.71776e-17)
(1.05582 -9.56687e-17 -9.49762e-17)
(1.05582 -1.10864e-16 -3.15945e-17)
(1.05317 -9.59294e-17 -5.58588e-17)
(1.05317 -1.06469e-16 -6.13973e-17)
(1.05051 -9.92918e-17 -3.80435e-17)
(1.05051 -1.03527e-16 -4.22628e-17)
(1.04782 -7.92156e-17 -4.2536e-17)
(1.04782 -1.12234e-16 -9.25641e-18)
(1.04512 -6.15899e-17 -4.95451e-17)
(1.04512 -7.6351e-17 -2.18163e-17)
(1.0424 -7.78051e-17 -7.35162e-17)
(1.0424 -7.72923e-17 -3.40746e-17)
(1.03966 -1.03785e-16 -6.18123e-17)
(1.03966 -5.29625e-17 -5.20755e-17)
(1.03691 -5.85826e-17 -6.24909e-17)
(1.03691 -4.89914e-17 -3.43154e-17)
(1.03414 -5.869e-17 -5.96552e-17)
(1.03414 -6.01664e-17 -3.04417e-17)
(1.03136 -5.21396e-17 -5.08045e-17)
(1.03136 -5.3638e-17 -3.23174e-17)
(1.02856 -5.37631e-17 -2.76564e-17)
(1.02856 -5.62852e-17 -3.87683e-17)
(1.02575 -5.97799e-17 -1.80565e-17)
(1.02575 -6.15783e-17 -2.41214e-17)
(1.02292 -5.27338e-17 -2.501e-17)
(1.02292 -5.22769e-17 -2.95859e-17)
(1.02008 -4.64043e-17 -3.13891e-17)
(1.02008 -5.50936e-17 -1.74371e-17)
(1.01723 -3.43724e-17 -2.58626e-17)
(1.01723 -6.49649e-17 -2.81281e-17)
(1.01437 -2.89317e-17 -2.5409e-17)
(1.01437 -6.22419e-17 -2.53431e-17)
(1.01149 -2.2044e-17 -2.1292e-17)
(1.01149 -7.59456e-17 -2.47161e-17)
(1.0086 -3.26864e-17 -5.14217e-17)
(1.0086 -9.15899e-18 -1.83759e-17)
(1.0057 -3.98473e-17 -5.17753e-17)
(1.0057 -9.91245e-18 -2.52994e-17)
(1.00278 -3.5863e-17 -3.51971e-17)
(1.00278 -2.88965e-18 -3.97626e-17)
(0.999857 -3.24845e-17 -1.80833e-17)
(0.999857 -2.00057e-17 -3.71676e-17)
(0.99692 -3.46522e-17 -2.37069e-17)
(0.99692 -2.932e-17 -4.1455e-17)
(0.993972 -3.97994e-17 -2.05217e-17)
(0.993972 -3.37848e-17 -4.32279e-17)
(0.991012 -4.64157e-17 -2.24555e-17)
(0.991012 -3.07851e-17 -4.50931e-17)
(0.988042 -3.22558e-17 -1.44575e-17)
(0.988042 -2.88115e-17 -4.3646e-17)
(0.98506 -2.78119e-17 -9.87659e-18)
(0.98506 -1.34482e-17 -4.43598e-17)
(0.982068 -3.75126e-17 -1.44939e-17)
(0.982068 -1.0903e-17 -5.24225e-17)
(0.979065 -3.98018e-17 -1.42874e-17)
(0.979065 -1.07078e-17 -5.78216e-17)
(0.976051 -3.71601e-17 -8.74312e-18)
(0.976051 -1.0492e-17 -6.23082e-17)
(0.973027 -2.50011e-17 -5.88845e-18)
(0.973027 -3.22471e-17 -5.84539e-17)
(0.969992 -3.15587e-17 -7.1532e-18)
(0.969992 -2.57352e-17 -5.87574e-17)
(0.966947 -1.74873e-17 -1.58859e-17)
(0.966947 -2.9513e-17 -5.45557e-17)
(0.963891 -3.37353e-17 -1.03262e-17)
(0.963891 -3.6707e-17 -5.44422e-17)
(0.960824 -3.45558e-17 -5.89806e-18)
(0.960824 -3.60407e-17 -4.98314e-17)
(0.957748 -3.85427e-17 -6.51897e-18)
(0.957748 -4.03876e-17 -5.12127e-17)
(0.95466 -4.01156e-17 -4.72682e-18)
(0.95466 -4.62305e-17 -5.14375e-17)
(0.951563 -3.35293e-17 -5.14316e-18)
(0.951563 -5.08696e-17 -4.38252e-17)
(0.948454 -3.40575e-17 -5.83842e-18)
(0.948454 -4.58188e-17 -3.87289e-17)
(0.945335 -3.79377e-17 -5.23528e-18)
(0.945335 -5.18461e-17 -3.7198e-17)
(0.942206 -3.3058e-17 -4.39221e-18)
(0.942206 -7.12244e-17 -3.70973e-17)
(0.939066 -2.45718e-17 -4.69668e-18)
(0.939066 -2.32261e-17 -4.3365e-17)
(0.935915 -5.98488e-17 -8.44687e-18)
(0.935915 -4.68423e-17 -4.75647e-17)
(0.932754 -3.57926e-17 -1.42827e-17)
(0.932754 -3.73596e-17 -4.10761e-17)
(0.929582 -3.72998e-17 -1.0972e-17)
(0.929582 -2.61105e-17 -3.40142e-17)
(0.926398 -3.06251e-17 -1.0302e-17)
(0.926398 -2.94998e-17 -2.50046e-17)
(0.923204 -3.96087e-17 -9.79992e-18)
(0.923204 -2.80129e-17 -2.31258e-17)
(0.919998 -3.23482e-17 -9.66854e-18)
(0.919998 -2.79274e-17 -2.2211e-17)
(0.916782 -2.54856e-17 -1.21489e-17)
(0.916782 -3.39661e-17 -2.12103e-17)
(0.913553 -2.52155e-17 -1.41715e-17)
(0.913553 -3.02452e-17 -2.15989e-17)
(0.910314 -2.29526e-17 -1.64245e-17)
(0.910314 -3.24396e-17 -2.21613e-17)
(0.907062 -1.35782e-17 -1.67764e-17)
(0.907062 -3.06501e-17 -2.11426e-17)
(0.903799 -2.02217e-18 -1.83723e-17)
(0.903799 -2.69513e-17 -1.83617e-17)
(0.900524 -5.84448e-18 -2.08259e-17)
(0.900524 -2.02702e-17 -1.45845e-17)
(0.897236 -9.6286e-18 -1.93897e-17)
(0.897236 -3.07698e-17 -1.10888e-17)
(0.893936 -8.4251e-18 -1.67552e-17)
(0.893936 -3.41033e-17 -1.03805e-17)
(0.890624 -3.02318e-18 -1.80436e-17)
(0.890624 -3.26168e-17 -9.04398e-18)
(0.887299 -2.97004e-18 -2.0967e-17)
(0.887299 -2.69061e-17 -7.82767e-18)
(0.88396 -3.79742e-18 -2.18097e-17)
(0.88396 -1.97864e-17 -7.77283e-18)
(0.880609 -2.7405e-18 -2.08228e-17)
(0.880609 -2.20394e-17 -6.78189e-18)
(0.877244 3.74753e-18 -2.31221e-17)
(0.877244 -2.75177e-17 -5.54088e-18)
(0.873866 -3.11301e-18 -2.30835e-17)
(0.873866 -1.95247e-17 -6.65771e-18)
(0.870473 -9.131e-18 -2.11535e-17)
(0.870473 -1.57363e-17 -6.83479e-18)
(0.867066 -1.80932e-18 -2.04282e-17)
(0.867066 -1.77135e-17 -3.69462e-18)
(0.863645 -1.61962e-18 -2.12246e-17)
(0.863645 -1.91587e-17 -2.37759e-18)
(0.860209 -6.15707e-18 -2.13867e-17)
(0.860209 -1.51464e-17 -2.88917e-18)
(0.856758 -1.26086e-17 -2.12313e-17)
(0.856758 -1.0453e-17 -3.62228e-18)
(0.853292 -1.37785e-17 -1.98298e-17)
(0.853292 -1.82492e-17 -4.11723e-18)
(0.84981 -1.30872e-17 -1.56573e-17)
(0.84981 -1.53484e-17 -5.69876e-18)
(0.846312 -1.0678e-17 -1.39502e-17)
(0.846312 -1.18145e-17 -4.91734e-18)
(0.842798 -7.06154e-18 -1.24524e-17)
(0.842798 -8.9372e-18 -4.73061e-18)
(0.839267 -9.59913e-18 -1.14821e-17)
(0.839267 -1.22057e-17 -4.73259e-18)
(0.835719 -6.70597e-18 -9.27025e-18)
(0.835719 -1.03259e-17 -4.33277e-18)
(0.832153 -6.32674e-18 -8.20032e-18)
(0.832153 -1.08789e-17 -2.82499e-18)
(0.82857 -2.40032e-18 -7.58944e-18)
(0.82857 -1.43616e-17 -2.54158e-18)
(0.824968 -9.42322e-19 -7.84386e-18)
(0.824968 -1.07412e-17 -2.61639e-18)
(0.821348 -2.30184e-18 -7.8076e-18)
(0.821348 -2.09967e-17 -2.68596e-18)
(0.817709 -4.448e-18 -6.2389e-18)
(0.817709 -2.01073e-17 -3.59831e-18)
(0.81405 -3.43756e-18 -4.82576e-18)
(0.81405 -1.53523e-17 -2.69668e-18)
(0.810372 -1.54999e-19 -5.25517e-18)
(0.810372 -2.43497e-17 -1.78124e-18)
(0.806672 2.56708e-19 -5.40349e-18)
(0.806672 -1.64129e-17 -2.10784e-18)
(0.802952 6.37043e-19 -5.86388e-18)
(0.802952 -1.87731e-17 -1.41836e-18)
(0.799211 2.89697e-19 -6.27383e-18)
(0.799211 -2.23682e-17 -6.92993e-19)
(0.795447 1.31806e-19 -7.28198e-18)
(0.795447 -2.07414e-17 -5.58925e-19)
(0.791661 -2.78759e-18 -8.31678e-18)
(0.791661 -1.49365e-17 -5.33511e-19)
(0.787852 -2.93712e-18 -8.84525e-18)
(0.787852 -1.65337e-17 -1.30792e-18)
(0.78402 -5.10136e-18 -9.5034e-18)
(0.78402 -1.16441e-17 -9.64828e-19)
(0.780163 -2.8923e-18 -9.45059e-18)
(0.780163 -2.2636e-17 -9.3249e-19)
(0.776281 1.39418e-18 -9.58109e-18)
(0.776281 -2.12092e-17 -7.99131e-19)
(0.772374 1.83524e-18 -9.88508e-18)
(0.772374 -2.30626e-17 -8.32536e-19)
(0.768441 4.60631e-18 -1.03539e-17)
(0.768441 -1.13261e-17 -5.98012e-19)
(0.764481 8.42964e-18 -1.08692e-17)
(0.764481 -1.94879e-17 -2.81755e-19)
(0.760493 8.05968e-18 -1.12116e-17)
(0.760493 -1.24281e-17 -6.87411e-19)
(0.756477 6.05762e-18 -1.17116e-17)
(0.756477 -1.43654e-17 -4.87955e-19)
(0.752432 3.65207e-18 -1.20113e-17)
(0.752432 -1.28368e-17 -4.34746e-19)
(0.748358 2.24314e-18 -1.19658e-17)
(0.748358 -1.63134e-17 -2.70011e-19)
(0.744252 4.23506e-18 -1.1691e-17)
(0.744252 -1.4344e-17 -4.94992e-19)
(0.740116 4.61837e-18 -1.14771e-17)
(0.740116 -1.22589e-17 -4.34724e-19)
(0.735947 5.696e-18 -1.10258e-17)
(0.735947 -1.07031e-17 -1.15042e-18)
(0.731745 6.79919e-18 -1.14806e-17)
(0.731745 -1.10585e-17 -1.01036e-18)
(0.727509 2.10565e-18 -1.11305e-17)
(0.727509 -7.58112e-18 -1.51042e-18)
(0.723238 2.00875e-18 -1.06405e-17)
(0.723238 -8.20594e-18 -1.89511e-18)
(0.718931 -2.09925e-20 -1.01045e-17)
(0.718931 -5.27969e-18 -1.90915e-18)
(0.714588 1.18425e-18 -1.01245e-17)
(0.714588 -4.56273e-18 -1.68988e-18)
(0.710206 4.08385e-19 -9.73709e-18)
(0.710206 -1.85642e-18 -1.8049e-18)
(0.705785 -6.15239e-19 -9.23197e-18)
(0.705785 5.77028e-19 -1.93267e-18)
(0.701324 -6.20654e-19 -8.96578e-18)
(0.701324 -1.2001e-18 -2.0607e-18)
(0.696822 3.31841e-18 -8.64865e-18)
(0.696822 -1.16309e-18 -2.03745e-18)
(0.692277 3.74608e-18 -8.34775e-18)
(0.692277 -1.50516e-18 -1.93641e-18)
(0.687688 3.50413e-18 -8.30282e-18)
(0.687688 -1.45957e-18 -1.84279e-18)
(0.683055 3.05413e-18 -8.3208e-18)
(0.683055 -1.90493e-18 -1.97791e-18)
(0.678374 4.41469e-18 -8.65961e-18)
(0.678374 -2.75276e-18 -1.98886e-18)
(0.673647 4.11305e-18 -8.72058e-18)
(0.673647 -3.0446e-18 -2.24325e-18)
(0.66887 5.26414e-18 -8.45055e-18)
(0.66887 -2.19021e-18 -2.49468e-18)
(0.664042 7.06884e-18 -8.33972e-18)
(0.664042 -4.34678e-18 -2.57369e-18)
(0.659163 7.36604e-18 -8.43764e-18)
(0.659163 -6.17064e-18 -2.38083e-18)
(0.65423 6.19569e-18 -8.74832e-18)
(0.65423 -6.26225e-18 -2.24276e-18)
(0.649242 6.13546e-18 -9.26198e-18)
(0.649242 -6.12113e-18 -2.04184e-18)
(0.644196 6.35587e-18 -9.6201e-18)
(0.644196 -4.84574e-18 -2.07334e-18)
(0.639092 4.85336e-18 -9.67577e-18)
(0.639092 -5.83393e-18 -2.24963e-18)
(0.633928 3.86062e-18 -9.64059e-18)
(0.633928 -4.83646e-18 -2.45583e-18)
(0.628702 3.83704e-18 -9.72004e-18)
(0.628702 -3.86162e-18 -2.91485e-18)
(0.623411 4.64902e-18 -9.91022e-18)
(0.623411 -4.76069e-18 -3.40709e-18)
(0.618055 4.33216e-18 -1.01101e-17)
(0.618055 -5.90588e-18 -3.73674e-18)
(0.612631 3.51936e-18 -1.023e-17)
(0.612631 -6.07722e-18 -4.09788e-18)
(0.607137 2.54121e-18 -1.03168e-17)
(0.607137 -5.76474e-18 -4.30143e-18)
(0.60157 2.18016e-18 -1.03332e-17)
(0.60157 -4.03541e-18 -4.65096e-18)
(0.59593 2.15902e-18 -1.03814e-17)
(0.59593 -4.55082e-18 -4.88305e-18)
(0.590213 2.29485e-18 -1.03149e-17)
(0.590213 -3.31094e-18 -5.03571e-18)
(0.584417 2.57607e-18 -1.04783e-17)
(0.584417 -1.9124e-18 -5.16302e-18)
(0.578541 2.37076e-18 -1.06561e-17)
(0.578541 -3.14927e-18 -5.47841e-18)
(0.572582 5.77071e-19 -1.07423e-17)
(0.572582 -2.7343e-18 -5.41551e-18)
(0.566537 1.32198e-18 -1.07799e-17)
(0.566537 -3.50595e-18 -5.3425e-18)
(0.560404 1.66873e-18 -1.08741e-17)
(0.560404 -5.41049e-18 -5.36228e-18)
(0.554181 8.83708e-19 -1.10356e-17)
(0.554181 -5.03945e-18 -5.37439e-18)
(0.547865 1.28296e-18 -1.11341e-17)
(0.547865 -4.66205e-18 -5.54386e-18)
(0.541455 2.93494e-19 -1.13361e-17)
(0.541455 -3.43348e-18 -5.51235e-18)
(0.534948 -1.32188e-18 -1.13703e-17)
(0.534948 -2.12784e-18 -5.44672e-18)
(0.528341 -1.25695e-18 -1.13754e-17)
(0.528341 -2.58782e-18 -5.47681e-18)
(0.521632 -1.09036e-18 -1.13011e-17)
(0.521632 -1.122e-18 -5.52211e-18)
(0.51482 -1.88708e-18 -1.12398e-17)
(0.51482 -1.59243e-18 -5.51048e-18)
(0.507902 -2.83892e-18 -1.11529e-17)
(0.507902 -1.37883e-18 -5.54727e-18)
(0.500876 -2.87842e-18 -1.10529e-17)
(0.500876 -8.59228e-19 -5.60137e-18)
(0.493742 -2.64455e-18 -1.0987e-17)
(0.493742 -1.65751e-18 -5.50122e-18)
(0.486497 -3.66284e-18 -1.08585e-17)
(0.486497 -9.92928e-19 -5.36779e-18)
(0.479141 -2.76584e-18 -1.08305e-17)
(0.479141 -7.69458e-19 -5.26373e-18)
(0.471673 -2.71891e-18 -1.08509e-17)
(0.471673 -9.0296e-19 -5.16564e-18)
(0.464092 -2.52081e-18 -1.09088e-17)
(0.464092 -1.67669e-18 -5.05808e-18)
(0.456399 -2.47351e-18 -1.09138e-17)
(0.456399 -1.71256e-18 -4.9589e-18)
(0.448594 -2.16731e-18 -1.0973e-17)
(0.448594 -1.22317e-18 -4.82285e-18)
(0.440678 -3.16697e-18 -1.10522e-17)
(0.440678 -1.61876e-18 -4.6698e-18)
(0.432654 -2.55325e-18 -1.10084e-17)
(0.432654 -1.36691e-18 -4.52615e-18)
(0.424524 -2.24901e-18 -1.09075e-17)
(0.424524 -6.67028e-19 -4.44078e-18)
(0.416291 -3.06072e-18 -1.08452e-17)
(0.416291 -7.52088e-19 -4.37838e-18)
(0.407959 -3.1784e-18 -1.07839e-17)
(0.407959 -8.93967e-19 -4.27096e-18)
(0.399533 -2.34787e-18 -1.06856e-17)
(0.399533 -9.51144e-19 -4.20324e-18)
(0.391019 -1.48086e-18 -1.05786e-17)
(0.391019 -1.10456e-18 -4.15354e-18)
(0.382425 -1.39301e-18 -1.04896e-17)
(0.382425 -1.0064e-18 -4.12703e-18)
(0.373757 -1.25786e-18 -1.03912e-17)
(0.373757 -1.1789e-18 -4.11155e-18)
(0.365024 -1.05684e-18 -1.02736e-17)
(0.365024 -1.55032e-18 -4.0744e-18)
(0.356236 -1.28512e-18 -1.01277e-17)
(0.356236 -8.08672e-19 -4.03819e-18)
(0.347402 -1.2391e-18 -9.98071e-18)
(0.347402 -4.32241e-19 -3.97709e-18)
(0.338534 -1.25222e-18 -9.84088e-18)
(0.338534 -8.11591e-19 -3.91706e-18)
(0.329643 -1.43385e-18 -9.63162e-18)
(0.329643 -8.12858e-19 -3.85292e-18)
(0.320741 -1.33772e-18 -9.43715e-18)
(0.320741 -7.04279e-19 -3.75124e-18)
(0.311839 -1.24519e-18 -9.26774e-18)
(0.311839 -7.5504e-19 -3.69255e-18)
(0.30295 -8.90813e-19 -9.08285e-18)
(0.30295 -8.37679e-19 -3.62589e-18)
(0.294086 -5.24847e-19 -8.88747e-18)
(0.294086 -3.8152e-19 -3.57567e-18)
(0.285259 -5.20793e-19 -8.66426e-18)
(0.285259 -5.3391e-19 -3.51214e-18)
(0.276479 -5.6755e-19 -8.45347e-18)
(0.276479 -5.51387e-19 -3.437e-18)
(0.267758 -4.76263e-19 -8.24914e-18)
(0.267758 -2.77859e-19 -3.36179e-18)
(0.259105 -5.46616e-19 -8.01905e-18)
(0.259105 -2.94871e-19 -3.29253e-18)
(0.25053 -9.36364e-19 -7.75952e-18)
(0.25053 1.7633e-19 -3.22253e-18)
(0.242041 -1.08226e-18 -7.52477e-18)
(0.242041 3.05999e-19 -3.10648e-18)
(0.233645 -9.67965e-19 -7.31016e-18)
(0.233645 1.86007e-19 -3.0125e-18)
(0.225349 -6.96074e-19 -7.09242e-18)
(0.225349 9.38784e-20 -2.91691e-18)
(0.21716 -4.97442e-19 -6.86597e-18)
(0.21716 4.77809e-19 -2.83144e-18)
(0.20908 -4.36484e-19 -6.64811e-18)
(0.20908 4.22212e-19 -2.74192e-18)
(0.201115 -4.82684e-19 -6.43059e-18)
(0.201115 3.3262e-19 -2.65928e-18)
(0.193267 -5.47829e-19 -6.20225e-18)
(0.193267 2.87476e-19 -2.57018e-18)
(0.185538 -3.95829e-19 -5.98086e-18)
(0.185538 3.87297e-19 -2.47518e-18)
(0.177931 -3.68801e-19 -5.78034e-18)
(0.177931 5.01995e-19 -2.3877e-18)
(0.170446 -2.12751e-19 -5.57833e-18)
(0.170446 4.7664e-19 -2.30399e-18)
(0.163084 -1.20304e-19 -5.37839e-18)
(0.163084 3.20907e-19 -2.22261e-18)
(0.155845 -1.28233e-19 -5.185e-18)
(0.155845 3.48524e-19 -2.1398e-18)
(0.148729 -2.39152e-19 -5.00397e-18)
(0.148729 4.0091e-19 -2.06537e-18)
(0.141735 -2.29898e-19 -4.82737e-18)
(0.141735 3.0069e-19 -1.99412e-18)
(0.134862 -2.77432e-19 -4.65251e-18)
(0.134862 3.83428e-19 -1.92343e-18)
(0.128109 -3.02355e-19 -4.48077e-18)
(0.128109 3.61254e-19 -1.85304e-18)
(0.121476 -2.64255e-19 -4.31598e-18)
(0.121476 3.82871e-19 -1.78376e-18)
(0.114959 -2.60284e-19 -4.15616e-18)
(0.114959 3.92446e-19 -1.71852e-18)
(0.108558 -2.24016e-19 -4.00628e-18)
(0.108558 3.45252e-19 -1.65287e-18)
(0.102272 -2.79373e-19 -3.85917e-18)
(0.102272 3.45206e-19 -1.59126e-18)
(0.0960981 -2.66959e-19 -3.71619e-18)
(0.0960981 3.49306e-19 -1.53055e-18)
(0.090035 -2.17781e-19 -3.58282e-18)
(0.090035 3.74972e-19 -1.47085e-18)
(0.0840808 -2.25134e-19 -3.45396e-18)
(0.0840808 2.75197e-19 -1.41571e-18)
(0.0782338 -1.97382e-19 -3.32611e-18)
(0.0782338 2.35571e-19 -1.36377e-18)
(0.0724923 -1.56745e-19 -3.20482e-18)
(0.0724923 1.88608e-19 -1.31199e-18)
(0.0668543 -1.25164e-19 -3.0882e-18)
(0.0668543 1.78117e-19 -1.26399e-18)
(0.0613181 -1.73793e-19 -2.9743e-18)
(0.0613181 1.51183e-19 -1.21762e-18)
(0.055882 -1.49824e-19 -2.86456e-18)
(0.055882 1.22858e-19 -1.17306e-18)
(0.0505441 -1.35455e-19 -2.76017e-18)
(0.0505441 1.19617e-19 -1.12975e-18)
(0.0453028 -1.35203e-19 -2.65954e-18)
(0.0453028 9.70406e-20 -1.08872e-18)
(0.0401564 -1.23215e-19 -2.56179e-18)
(0.0401564 7.46558e-20 -1.04971e-18)
(0.0351031 -1.01576e-19 -2.46764e-18)
(0.0351031 6.8656e-20 -1.01183e-18)
(0.0301413 -7.45447e-20 -2.37677e-18)
(0.0301413 5.69496e-20 -9.7544e-19)
(0.0252694 -4.74021e-20 -2.29e-18)
(0.0252694 4.12286e-20 -9.40368e-19)
(0.0204858 -3.76396e-20 -2.20627e-18)
(0.0204858 2.75619e-20 -9.0662e-19)
(0.0157889 -2.6016e-20 -2.12568e-18)
(0.0157889 2.0096e-20 -8.73926e-19)
(0.0111771 -2.17059e-20 -2.04802e-18)
(0.0111771 9.97269e-21 -8.42527e-19)
(0.00664891 -1.40173e-20 -1.97335e-18)
(0.00664891 6.23721e-21 -8.11977e-19)
(0.00220287 1.06148e-21 -4.83794e-19)
(0.00220287 8.3715e-22 -6.77177e-20)
(1.12708 -2.33362e-16 8.2845e-17)
(1.12708 -2.19401e-16 9.69388e-17)
(1.12691 -2.05143e-16 4.87027e-17)
(1.12691 -2.2841e-16 1.1112e-16)
(1.12656 -2.04145e-16 9.77744e-17)
(1.12656 -2.58436e-16 1.23103e-16)
(1.12606 -2.37553e-16 1.32343e-16)
(1.12606 -2.3953e-16 1.09388e-16)
(1.12541 -3.07439e-16 1.91122e-16)
(1.12541 -1.76489e-16 5.65963e-17)
(1.12463 -2.20805e-16 4.45732e-17)
(1.12463 -1.96806e-16 2.93804e-17)
(1.12371 -2.32118e-16 9.76986e-17)
(1.12371 -1.79835e-16 7.71344e-17)
(1.12268 -2.25694e-16 1.29922e-16)
(1.12268 -2.10975e-16 1.35718e-16)
(1.12153 -2.29492e-16 4.5716e-17)
(1.12153 -2.24761e-16 9.44476e-17)
(1.12028 -2.19533e-16 8.40409e-17)
(1.12028 -2.18462e-16 7.03083e-17)
(1.11893 -2.27115e-16 9.07748e-17)
(1.11893 -2.45745e-16 8.94234e-17)
(1.11748 -2.5587e-16 1.21602e-16)
(1.11748 -2.11284e-16 7.88093e-17)
(1.11596 -2.09378e-16 1.23004e-16)
(1.11596 -2.01565e-16 4.51936e-17)
(1.11435 -1.96216e-16 6.9554e-17)
(1.11435 -2.3175e-16 5.93979e-17)
(1.11268 -1.89648e-16 6.3783e-17)
(1.11268 -1.97901e-16 3.72507e-17)
(1.11093 -1.73647e-16 5.50953e-17)
(1.11093 -1.80754e-16 4.32295e-17)
(1.10911 -1.51647e-16 3.79057e-17)
(1.10911 -1.66361e-16 3.10339e-17)
(1.10724 -1.57533e-16 4.25643e-17)
(1.10724 -1.621e-16 1.01688e-16)
(1.10531 -1.79394e-16 6.60315e-17)
(1.10531 -1.8326e-16 1.23452e-16)
(1.10332 -1.13734e-16 1.08234e-16)
(1.10332 -1.80576e-16 6.74853e-17)
(1.10129 -1.07664e-16 9.34712e-17)
(1.10129 -1.24439e-16 5.44398e-18)
(1.0992 -1.12813e-16 7.97498e-17)
(1.0992 -1.51032e-16 6.00226e-18)
(1.09708 -1.06397e-16 7.75601e-17)
(1.09708 -1.18022e-16 1.97988e-17)
(1.09491 -1.43277e-16 7.71027e-17)
(1.09491 -1.20882e-16 2.75793e-17)
(1.09269 -1.4076e-16 4.80271e-17)
(1.09269 -9.59876e-17 4.20359e-17)
(1.09044 -1.31101e-16 5.53357e-17)
(1.09044 -5.13619e-17 4.65305e-17)
(1.08816 -8.40914e-17 8.67661e-17)
(1.08816 -5.21331e-17 4.95856e-17)
(1.08584 -7.28396e-17 8.94258e-17)
(1.08584 -8.39019e-17 6.89747e-17)
(1.08348 -7.37387e-17 8.30038e-17)
(1.08348 -1.27865e-16 4.64062e-17)
(1.0811 -8.04537e-17 4.59478e-17)
(1.0811 -1.04193e-16 2.41109e-17)
(1.07869 -9.86014e-17 5.65682e-17)
(1.07869 -1.0976e-16 6.06455e-17)
(1.07624 -7.31837e-17 8.44627e-17)
(1.07624 -1.18144e-16 3.45063e-17)
(1.07378 -7.9524e-17 6.86582e-17)
(1.07378 -7.67028e-17 4.26556e-17)
(1.07128 -8.55107e-17 5.9226e-17)
(1.07128 -5.53703e-17 3.42899e-17)
(1.06876 -3.96276e-17 7.82726e-17)
(1.06876 -6.03224e-17 2.73612e-17)
(1.06622 -3.84305e-17 5.69372e-17)
(1.06622 -6.06366e-17 9.59184e-18)
(1.06365 -1.91874e-17 6.16486e-17)
(1.06365 -9.49594e-17 2.96941e-17)
(1.06106 -4.68813e-17 6.1903e-17)
(1.06106 -2.72181e-17 4.58606e-17)
(1.05845 -3.57267e-17 4.75405e-17)
(1.05845 -4.43738e-18 1.73922e-17)
(1.05582 -2.44613e-17 5.46286e-17)
(1.05582 -5.30486e-17 2.94662e-17)
(1.05317 -2.76132e-17 3.8002e-17)
(1.05317 -6.28907e-17 5.82955e-17)
(1.05051 -4.12257e-17 4.30062e-17)
(1.05051 -4.0059e-17 3.26142e-17)
(1.04782 -5.01204e-17 3.48757e-17)
(1.04782 -5.28439e-17 9.27937e-18)
(1.04512 -5.60992e-17 3.88998e-17)
(1.04512 -7.83583e-17 2.75015e-17)
(1.0424 -5.00496e-17 3.1547e-17)
(1.0424 -8.23352e-17 3.29851e-17)
(1.03966 -4.27146e-17 3.68834e-17)
(1.03966 -7.21694e-17 3.28223e-17)
(1.03691 -4.06563e-17 6.92055e-17)
(1.03691 -7.8737e-17 3.67063e-17)
(1.03414 -6.14022e-17 5.41091e-17)
(1.03414 -7.50518e-17 4.5666e-17)
(1.03136 -8.60573e-17 4.65909e-17)
(1.03136 -5.78415e-17 3.13287e-17)
(1.02856 -7.70344e-17 5.42559e-17)
(1.02856 -9.73084e-17 1.31609e-17)
(1.02575 -5.74363e-17 3.24409e-17)
(1.02575 -7.52627e-17 2.26444e-17)
(1.02292 -3.56432e-17 4.69657e-17)
(1.02292 -6.47913e-17 1.72171e-17)
(1.02008 -3.20333e-17 4.65818e-17)
(1.02008 -4.48838e-17 3.89524e-17)
(1.01723 -9.79449e-17 4.76665e-17)
(1.01723 -5.83481e-17 4.38709e-17)
(1.01437 -7.59942e-17 4.46638e-17)
(1.01437 -6.19683e-17 3.27449e-17)
(1.01149 -8.34145e-17 4.16645e-17)
(1.01149 -5.95968e-17 3.4064e-17)
(1.0086 -9.6915e-17 4.14083e-17)
(1.0086 -8.35463e-17 3.9315e-17)
(1.0057 -8.33099e-17 3.56255e-17)
(1.0057 -6.39356e-17 3.90346e-17)
(1.00278 -8.38701e-17 3.47989e-17)
(1.00278 -6.94993e-17 3.30051e-17)
(0.999857 -8.45461e-17 3.17416e-17)
(0.999857 -8.03717e-17 2.5422e-17)
(0.99692 -6.99307e-17 3.77133e-17)
(0.99692 -7.57356e-17 1.66241e-17)
(0.993972 -6.05762e-17 4.47544e-17)
(0.993972 -8.09047e-17 1.4261e-17)
(0.991012 -5.80184e-17 4.87661e-17)
(0.991012 -8.57817e-17 1.23664e-17)
(0.988042 -3.96732e-17 4.51762e-17)
(0.988042 -7.49488e-17 1.18719e-17)
(0.98506 -2.71795e-17 4.70108e-17)
(0.98506 -5.11117e-17 1.52232e-17)
(0.982068 -2.54689e-17 5.45515e-17)
(0.982068 -3.86671e-17 1.64863e-17)
(0.979065 -2.53355e-17 6.30976e-17)
(0.979065 -5.12497e-17 2.22107e-17)
(0.976051 -2.0571e-17 6.63524e-17)
(0.976051 -5.72634e-17 3.00099e-17)
(0.973027 -4.48117e-17 6.6136e-17)
(0.973027 -5.96596e-17 3.86675e-17)
(0.969992 -4.12586e-17 6.48989e-17)
(0.969992 -5.9378e-17 3.45583e-17)
(0.966947 -5.16967e-17 5.6377e-17)
(0.966947 -6.61807e-17 4.14066e-17)
(0.963891 -5.8691e-17 5.17339e-17)
(0.963891 -6.51352e-17 3.37045e-17)
(0.960824 -7.10521e-17 4.60529e-17)
(0.960824 -5.99395e-17 3.08815e-17)
(0.957748 -6.70534e-17 4.52165e-17)
(0.957748 -5.03695e-17 3.34713e-17)
(0.95466 -6.32031e-17 4.12744e-17)
(0.95466 -6.49774e-17 3.81397e-17)
(0.951563 -5.61323e-17 3.33586e-17)
(0.951563 -6.23274e-17 3.91127e-17)
(0.948454 -5.14724e-17 3.08227e-17)
(0.948454 -5.78452e-17 3.48043e-17)
(0.945335 -4.80867e-17 3.17329e-17)
(0.945335 -7.31951e-17 3.13158e-17)
(0.942206 -5.23093e-17 3.15579e-17)
(0.942206 -7.18359e-17 3.08591e-17)
(0.939066 -4.59857e-17 3.98607e-17)
(0.939066 -5.90704e-17 2.96297e-17)
(0.935915 -4.4978e-17 4.89018e-17)
(0.935915 -5.58897e-17 2.77276e-17)
(0.932754 -4.63004e-17 4.53806e-17)
(0.932754 -4.54236e-17 3.06167e-17)
(0.929582 -4.69198e-17 3.6751e-17)
(0.929582 -4.69152e-17 3.31775e-17)
(0.926398 -4.17035e-17 2.7035e-17)
(0.926398 -5.04677e-17 2.89193e-17)
(0.923204 -3.36163e-17 2.85858e-17)
(0.923204 -4.83977e-17 2.41932e-17)
(0.919998 -5.45307e-17 3.21759e-17)
(0.919998 -4.59928e-17 2.42292e-17)
(0.916782 -4.06208e-17 3.3842e-17)
(0.916782 -4.67406e-17 2.46626e-17)
(0.913553 -4.69834e-17 3.38752e-17)
(0.913553 -4.91615e-17 2.45226e-17)
(0.910314 -4.83643e-17 3.56357e-17)
(0.910314 -4.6067e-17 2.60014e-17)
(0.907062 -4.175e-17 3.60969e-17)
(0.907062 -3.50443e-17 2.78012e-17)
(0.903799 -4.49523e-17 3.53062e-17)
(0.903799 -4.16346e-17 2.4921e-17)
(0.900524 -4.54228e-17 3.391e-17)
(0.900524 -4.42902e-17 2.36174e-17)
(0.897236 -3.93609e-17 3.20506e-17)
(0.897236 -4.16014e-17 2.15177e-17)
(0.893936 -3.58679e-17 2.98726e-17)
(0.893936 -4.02039e-17 1.89309e-17)
(0.890624 -2.73876e-17 2.74343e-17)
(0.890624 -3.37407e-17 2.01961e-17)
(0.887299 -2.85823e-17 2.90951e-17)
(0.887299 -2.20166e-17 1.8037e-17)
(0.88396 -4.65892e-17 2.75309e-17)
(0.88396 -2.28264e-17 1.99483e-17)
(0.880609 -3.05124e-17 2.33946e-17)
(0.880609 -2.57455e-17 1.74334e-17)
(0.877244 -2.82727e-17 2.14863e-17)
(0.877244 -1.58006e-17 1.58606e-17)
(0.873866 -3.11289e-17 1.89589e-17)
(0.873866 -1.77923e-17 1.62713e-17)
(0.870473 -2.3626e-17 1.63161e-17)
(0.870473 -1.72178e-17 1.47735e-17)
(0.867066 -1.64476e-17 1.50067e-17)
(0.867066 -1.3272e-17 1.61689e-17)
(0.863645 -1.6497e-17 1.31102e-17)
(0.863645 -2.09042e-17 1.77969e-17)
(0.860209 -1.86607e-17 1.21244e-17)
(0.860209 -1.71793e-17 1.83589e-17)
(0.856758 -1.71647e-17 1.2811e-17)
(0.856758 -9.98967e-18 1.89301e-17)
(0.853292 -1.53657e-17 1.3881e-17)
(0.853292 -2.39423e-17 1.88135e-17)
(0.84981 -1.19265e-17 1.29523e-17)
(0.84981 -1.86572e-17 1.61454e-17)
(0.846312 -1.17453e-17 1.24017e-17)
(0.846312 -1.4143e-17 1.51973e-17)
(0.842798 -8.29214e-18 1.26899e-17)
(0.842798 -1.61746e-17 1.44166e-17)
(0.839267 -4.37234e-18 1.16413e-17)
(0.839267 -1.80116e-17 1.41026e-17)
(0.835719 -6.85206e-18 1.08411e-17)
(0.835719 -1.574e-17 1.29111e-17)
(0.832153 -8.98312e-18 1.04799e-17)
(0.832153 -1.71137e-17 1.21627e-17)
(0.82857 -7.26011e-18 1.0178e-17)
(0.82857 -1.59369e-17 1.18784e-17)
(0.824968 -6.67198e-18 1.07751e-17)
(0.824968 -1.70122e-17 1.15347e-17)
(0.821348 -6.85271e-18 1.0566e-17)
(0.821348 -2.13994e-17 1.17901e-17)
(0.817709 -6.01706e-18 1.02611e-17)
(0.817709 -1.2802e-17 1.31077e-17)
(0.81405 -1.41675e-17 9.8116e-18)
(0.81405 -1.12677e-17 1.42379e-17)
(0.810372 -1.59258e-17 8.85349e-18)
(0.810372 -1.08006e-17 1.47288e-17)
(0.806672 -2.29674e-17 9.12627e-18)
(0.806672 -5.4548e-18 1.37977e-17)
(0.802952 -2.04904e-17 8.70034e-18)
(0.802952 -1.13006e-17 1.33829e-17)
(0.799211 -1.90885e-17 7.56282e-18)
(0.799211 -1.02966e-17 1.38019e-17)
(0.795447 -1.89809e-17 7.2015e-18)
(0.795447 -7.34682e-18 1.38374e-17)
(0.791661 -1.90395e-17 7.99383e-18)
(0.791661 -1.02345e-17 1.46501e-17)
(0.787852 -1.8127e-17 7.89841e-18)
(0.787852 -1.10374e-17 1.53455e-17)
(0.78402 -1.81255e-17 7.68832e-18)
(0.78402 -9.69451e-18 1.62959e-17)
(0.780163 -1.79821e-17 6.97088e-18)
(0.780163 -1.2305e-17 1.70522e-17)
(0.776281 -1.44514e-17 7.88039e-18)
(0.776281 -1.04632e-17 1.71152e-17)
(0.772374 -1.10988e-17 8.72615e-18)
(0.772374 -8.45432e-18 1.73623e-17)
(0.768441 -8.78142e-18 9.28765e-18)
(0.768441 -9.46616e-18 1.76324e-17)
(0.764481 -6.01073e-18 9.36019e-18)
(0.764481 -1.17368e-17 1.7701e-17)
(0.760493 -3.10397e-18 8.60418e-18)
(0.760493 -1.09642e-17 1.78319e-17)
(0.756477 -1.87715e-18 9.1627e-18)
(0.756477 -1.15314e-17 1.75577e-17)
(0.752432 -1.55484e-19 9.71284e-18)
(0.752432 -1.20193e-17 1.73514e-17)
(0.748358 1.5281e-18 9.74181e-18)
(0.748358 -1.40181e-17 1.68468e-17)
(0.744252 4.95417e-18 1.03561e-17)
(0.744252 -1.21694e-17 1.5971e-17)
(0.740116 1.04595e-18 1.05526e-17)
(0.740116 -9.86097e-18 1.52021e-17)
(0.735947 5.68914e-18 1.10044e-17)
(0.735947 -1.09567e-17 1.42223e-17)
(0.731745 7.78064e-18 1.11588e-17)
(0.731745 -1.22129e-17 1.35489e-17)
(0.727509 1.02534e-17 1.11719e-17)
(0.727509 -1.38299e-17 1.23813e-17)
(0.723238 2.40155e-18 1.20381e-17)
(0.723238 -1.30635e-17 1.11084e-17)
(0.718931 5.01948e-18 1.21626e-17)
(0.718931 -1.33759e-17 1.0049e-17)
(0.714588 6.58641e-18 1.18036e-17)
(0.714588 -1.27536e-17 9.41318e-18)
(0.710206 7.53509e-18 1.14637e-17)
(0.710206 -1.15787e-17 8.728e-18)
(0.705785 6.69562e-18 1.15854e-17)
(0.705785 -1.37853e-17 7.93709e-18)
(0.701324 2.47713e-18 1.17402e-17)
(0.701324 -1.29703e-17 7.08562e-18)
(0.696822 4.61836e-18 1.10865e-17)
(0.696822 -1.14052e-17 6.45026e-18)
(0.692277 5.36e-18 1.10951e-17)
(0.692277 -1.26591e-17 5.76276e-18)
(0.687688 4.5428e-18 1.12975e-17)
(0.687688 -1.18371e-17 5.19712e-18)
(0.683055 3.49473e-18 1.13064e-17)
(0.683055 -9.41074e-18 4.86871e-18)
(0.678374 2.93067e-18 1.14128e-17)
(0.678374 -9.45753e-18 4.77202e-18)
(0.673647 3.66565e-18 1.1323e-17)
(0.673647 -9.65706e-18 4.53316e-18)
(0.66887 1.44426e-18 1.1305e-17)
(0.66887 -1.06158e-17 4.64561e-18)
(0.664042 -6.12003e-18 1.10159e-17)
(0.664042 -7.73092e-18 4.93886e-18)
(0.659163 -5.84736e-18 1.05745e-17)
(0.659163 -7.51522e-18 4.81765e-18)
(0.65423 -6.38732e-18 1.02318e-17)
(0.65423 -7.82755e-18 4.75645e-18)
(0.649242 -5.02923e-18 9.98256e-18)
(0.649242 -8.21992e-18 4.75317e-18)
(0.644196 -3.48243e-18 1.0025e-17)
(0.644196 -8.82204e-18 4.79904e-18)
(0.639092 -2.5028e-18 1.00146e-17)
(0.639092 -1.13028e-17 4.8468e-18)
(0.633928 -1.15381e-18 1.00511e-17)
(0.633928 -1.33729e-17 5.04863e-18)
(0.628702 9.15477e-19 1.06307e-17)
(0.628702 -1.2616e-17 5.3213e-18)
(0.623411 1.73089e-18 1.11352e-17)
(0.623411 -1.24344e-17 5.39979e-18)
(0.618055 1.02838e-18 1.13338e-17)
(0.618055 -1.34376e-17 5.46014e-18)
(0.612631 -6.17077e-19 1.15944e-17)
(0.612631 -1.17415e-17 5.31291e-18)
(0.607137 4.91686e-19 1.18073e-17)
(0.607137 -1.23061e-17 5.44171e-18)
(0.60157 8.2131e-19 1.21532e-17)
(0.60157 -1.03562e-17 5.50954e-18)
(0.59593 -4.45863e-19 1.23888e-17)
(0.59593 -9.3428e-18 5.57129e-18)
(0.590213 -1.70045e-18 1.24012e-17)
(0.590213 -7.41712e-18 5.62227e-18)
(0.584417 -1.16362e-18 1.25021e-17)
(0.584417 -5.20355e-18 5.64309e-18)
(0.578541 -2.04932e-18 1.28592e-17)
(0.578541 -5.3646e-18 5.62402e-18)
(0.572582 -3.02655e-18 1.27747e-17)
(0.572582 -4.14766e-18 5.67179e-18)
(0.566537 -2.91758e-18 1.26758e-17)
(0.566537 -3.90646e-18 5.66384e-18)
(0.560404 -3.28748e-18 1.26825e-17)
(0.560404 -4.99424e-18 5.54685e-18)
(0.554181 -2.33748e-18 1.27021e-17)
(0.554181 -4.35811e-18 5.5077e-18)
(0.547865 -1.4653e-18 1.29111e-17)
(0.547865 -3.47594e-18 5.50224e-18)
(0.541455 -2.60238e-18 1.29374e-17)
(0.541455 -3.58601e-18 5.50457e-18)
(0.534948 -3.714e-18 1.27763e-17)
(0.534948 -9.10386e-19 5.57979e-18)
(0.528341 -3.24275e-18 1.27624e-17)
(0.528341 -5.6439e-19 5.46204e-18)
(0.521632 -3.71158e-18 1.26826e-17)
(0.521632 -4.14556e-19 5.45246e-18)
(0.51482 -4.95291e-18 1.2528e-17)
(0.51482 -4.04015e-19 5.42027e-18)
(0.507902 -6.00989e-18 1.243e-17)
(0.507902 2.0428e-19 5.29966e-18)
(0.500876 -4.69722e-18 1.23316e-17)
(0.500876 -2.01152e-18 5.35792e-18)
(0.493742 -6.38037e-18 1.20793e-17)
(0.493742 4.69956e-19 5.43624e-18)
(0.486497 -6.20656e-18 1.17693e-17)
(0.486497 6.1936e-19 5.38491e-18)
(0.479141 -4.7913e-18 1.15504e-17)
(0.479141 -4.99076e-19 5.27194e-18)
(0.471673 -3.35484e-18 1.14741e-17)
(0.471673 -4.25947e-19 5.29656e-18)
(0.464092 -2.60298e-18 1.13515e-17)
(0.464092 3.21373e-19 5.41364e-18)
(0.456399 -2.71926e-18 1.1204e-17)
(0.456399 -3.87792e-19 5.45657e-18)
(0.448594 -3.16052e-18 1.10142e-17)
(0.448594 4.67046e-20 5.4981e-18)
(0.440678 -3.13489e-18 1.082e-17)
(0.440678 5.29853e-19 5.51238e-18)
(0.432654 -2.87874e-18 1.06014e-17)
(0.432654 7.56856e-19 5.52629e-18)
(0.424524 -3.18636e-18 1.04064e-17)
(0.424524 6.51685e-19 5.5092e-18)
(0.416291 -2.68046e-18 1.02274e-17)
(0.416291 7.64388e-19 5.48141e-18)
(0.407959 -1.79587e-18 1.00575e-17)
(0.407959 7.37752e-19 5.50215e-18)
(0.399533 -2.49287e-18 9.8342e-18)
(0.399533 9.89842e-19 5.49869e-18)
(0.391019 -1.60505e-18 9.62966e-18)
(0.391019 9.75442e-19 5.45489e-18)
(0.382425 -1.25345e-18 9.45087e-18)
(0.382425 9.44195e-19 5.49073e-18)
(0.373757 -1.32986e-18 9.26051e-18)
(0.373757 8.22634e-19 5.53492e-18)
(0.365024 -9.79e-19 9.06482e-18)
(0.365024 7.37947e-19 5.57708e-18)
(0.356236 -1.02894e-18 8.85708e-18)
(0.356236 2.25852e-19 5.59069e-18)
(0.347402 -6.82696e-19 8.67707e-18)
(0.347402 4.74317e-19 5.5993e-18)
(0.338534 2.80738e-19 8.52929e-18)
(0.338534 8.52776e-19 5.60751e-18)
(0.329643 -4.34554e-19 8.32779e-18)
(0.329643 5.47981e-19 5.54891e-18)
(0.320741 -5.22075e-19 8.09732e-18)
(0.320741 4.88972e-19 5.50807e-18)
(0.311839 -1.21213e-19 7.85989e-18)
(0.311839 7.03267e-19 5.49018e-18)
(0.30295 4.14873e-19 7.66234e-18)
(0.30295 6.9834e-19 5.44707e-18)
(0.294086 7.07943e-19 7.48965e-18)
(0.294086 4.07194e-19 5.38058e-18)
(0.285259 8.02962e-20 7.30786e-18)
(0.285259 5.8314e-19 5.28046e-18)
(0.276479 2.08532e-21 7.1106e-18)
(0.276479 6.58848e-19 5.1951e-18)
(0.267758 -3.69629e-19 6.90288e-18)
(0.267758 4.59467e-19 5.11321e-18)
(0.259105 -7.96092e-19 6.69832e-18)
(0.259105 6.36822e-19 4.99083e-18)
(0.25053 -7.0756e-19 6.49636e-18)
(0.25053 6.08516e-19 4.83303e-18)
(0.242041 -6.20892e-19 6.30503e-18)
(0.242041 4.07053e-19 4.70359e-18)
(0.233645 -4.68165e-19 6.1141e-18)
(0.233645 2.48151e-19 4.59082e-18)
(0.225349 -4.84355e-19 5.92352e-18)
(0.225349 3.47113e-19 4.46985e-18)
(0.21716 -5.67351e-19 5.73547e-18)
(0.21716 2.32616e-19 4.33886e-18)
(0.20908 -6.32206e-19 5.55516e-18)
(0.20908 1.86924e-19 4.20977e-18)
(0.201115 -7.10471e-19 5.37595e-18)
(0.201115 1.38232e-19 4.07834e-18)
(0.193267 -8.11012e-19 5.19081e-18)
(0.193267 -6.98464e-20 3.93644e-18)
(0.185538 -5.31786e-19 5.01684e-18)
(0.185538 -2.70503e-20 3.79892e-18)
(0.177931 -3.22421e-19 4.85079e-18)
(0.177931 -9.75345e-20 3.67503e-18)
(0.170446 -4.12559e-19 4.68527e-18)
(0.170446 1.29807e-21 3.54717e-18)
(0.163084 -4.51578e-19 4.52405e-18)
(0.163084 -5.52663e-20 3.41762e-18)
(0.155845 -3.01667e-19 4.3687e-18)
(0.155845 -7.99672e-20 3.29032e-18)
(0.148729 -1.96181e-19 4.22419e-18)
(0.148729 -5.75659e-20 3.17346e-18)
(0.141735 -1.62556e-19 4.08242e-18)
(0.141735 -2.06225e-19 3.06005e-18)
(0.134862 -1.39436e-19 3.94345e-18)
(0.134862 -5.12276e-20 2.946e-18)
(0.128109 -1.82082e-19 3.80061e-18)
(0.128109 -6.0465e-20 2.83597e-18)
(0.121476 -1.52678e-19 3.66677e-18)
(0.121476 -2.69009e-20 2.7295e-18)
(0.114959 -1.32562e-19 3.54097e-18)
(0.114959 4.80692e-21 2.62504e-18)
(0.108558 -1.53532e-19 3.41789e-18)
(0.108558 -5.52089e-20 2.52847e-18)
(0.102272 -2.15987e-19 3.29341e-18)
(0.102272 -3.75393e-20 2.43455e-18)
(0.0960981 -1.06412e-19 3.17468e-18)
(0.0960981 5.26295e-20 2.34283e-18)
(0.090035 -4.96894e-20 3.0654e-18)
(0.090035 -5.59962e-20 2.25801e-18)
(0.0840808 -9.01018e-20 2.95362e-18)
(0.0840808 3.86169e-20 2.17769e-18)
(0.0782338 -1.46205e-19 2.84527e-18)
(0.0782338 6.51114e-20 2.09733e-18)
(0.0724923 -1.55046e-19 2.74215e-18)
(0.0724923 1.90564e-20 2.02041e-18)
(0.0668543 -1.5651e-19 2.64308e-18)
(0.0668543 -1.67942e-20 1.94685e-18)
(0.0613181 -9.26867e-20 2.54744e-18)
(0.0613181 2.13242e-21 1.87505e-18)
(0.055882 -9.80992e-20 2.45507e-18)
(0.055882 4.88962e-20 1.8054e-18)
(0.0505441 -1.01121e-19 2.36569e-18)
(0.0505441 6.35405e-20 1.74008e-18)
(0.0453028 -1.21886e-19 2.27942e-18)
(0.0453028 5.92633e-20 1.67676e-18)
(0.0401564 -9.07363e-20 2.19663e-18)
(0.0401564 7.9445e-20 1.61525e-18)
(0.0351031 -7.88624e-20 2.11603e-18)
(0.0351031 6.66522e-20 1.55638e-18)
(0.0301413 -6.05786e-20 2.03851e-18)
(0.0301413 6.19592e-20 1.49943e-18)
(0.0252694 -3.73937e-20 1.96445e-18)
(0.0252694 6.01948e-20 1.44478e-18)
(0.0204858 -2.89527e-20 1.89309e-18)
(0.0204858 3.50961e-20 1.39216e-18)
(0.0157889 -2.08011e-20 1.82441e-18)
(0.0157889 2.02938e-20 1.34146e-18)
(0.0111771 -1.52367e-20 1.758e-18)
(0.0111771 1.36554e-20 1.29257e-18)
(0.00664891 -6.42451e-21 1.69413e-18)
(0.00664891 5.83976e-21 1.24555e-18)
(0.00220287 -6.59631e-22 4.26442e-19)
(0.00220287 1.82597e-21 1.21886e-19)
)
;

boundaryField
{
    walls
    {
        type            fixedValue;
        value           uniform (0 0 0);
    }
    inlet
    {
        type            cyclic;
    }
    outlet
    {
        type            cyclic;
    }
    sides
    {
        type            empty;
    }
}


// ************************************************************************* //
