/*--------------------------------*- C++ -*----------------------------------*\
| =========                 |                                                 |
| \\      /  F ield         | OpenFOAM: The Open Source CFD Toolbox           |
|  \\    /   O peration     | Version:  2106                                  |
|   \\  /    A nd           | Website:  www.openfoam.com                      |
|    \\/     M anipulation  |                                                 |
\*---------------------------------------------------------------------------*/
FoamFile
{
    version     2.0;
    format      ascii;
    arch        "LSB;label=32;scalar=64";
    class       volScalarField;
    location    "10030";
    object      nut;
}
// * * * * * * * * * * * * * * * * * * * * * * * * * * * * * * * * * * * * * //

dimensions      [0 2 -1 0 0 0 0];

internalField   nonuniform List<scalar> 
2000
(
1.16639e-13
1.16639e-13
1.08088e-13
1.08088e-13
2.94621e-13
2.94621e-13
1.7232e-12
1.7232e-12
7.76083e-12
7.76083e-12
2.62815e-11
2.62815e-11
7.26499e-11
7.26499e-11
1.73629e-10
1.73629e-10
3.72369e-10
3.72369e-10
7.34674e-10
7.34674e-10
1.35675e-09
1.35675e-09
2.37472e-09
2.37472e-09
3.97609e-09
3.97609e-09
6.41359e-09
6.41359e-09
1.00216e-08
1.00216e-08
1.52358e-08
1.52358e-08
2.26155e-08
2.26155e-08
3.28709e-08
3.28709e-08
4.68929e-08
4.68929e-08
6.57891e-08
6.57891e-08
9.09226e-08
9.09226e-08
1.23957e-07
1.23957e-07
1.66908e-07
1.66908e-07
2.22192e-07
2.22192e-07
2.92694e-07
2.92694e-07
3.81823e-07
3.81823e-07
4.9358e-07
4.9358e-07
6.32628e-07
6.32628e-07
8.04357e-07
8.04357e-07
1.01495e-06
1.01495e-06
1.27144e-06
1.27144e-06
1.58176e-06
1.58176e-06
1.95479e-06
1.95479e-06
2.40039e-06
2.40039e-06
2.92938e-06
2.92938e-06
3.55352e-06
3.55352e-06
4.2855e-06
4.2855e-06
5.13886e-06
5.13886e-06
6.12784e-06
6.12784e-06
7.26734e-06
7.26734e-06
8.57269e-06
8.57269e-06
1.00595e-05
1.00595e-05
1.17435e-05
1.17435e-05
1.36403e-05
1.36403e-05
1.57651e-05
1.57651e-05
1.81328e-05
1.81328e-05
2.07575e-05
2.07575e-05
2.36524e-05
2.36524e-05
2.68297e-05
2.68297e-05
3.03008e-05
3.03008e-05
3.40757e-05
3.40757e-05
3.81634e-05
3.81634e-05
4.25715e-05
4.25715e-05
4.73067e-05
4.73067e-05
5.23746e-05
5.23746e-05
5.77798e-05
5.77798e-05
6.3526e-05
6.3526e-05
6.96162e-05
6.96162e-05
7.60525e-05
7.60525e-05
8.28365e-05
8.28365e-05
8.99696e-05
8.99696e-05
9.74525e-05
9.74525e-05
0.000105286
0.000105286
0.00011347
0.00011347
0.000122005
0.000122005
0.000130891
0.000130891
0.000140128
0.000140128
0.000149717
0.000149717
0.000159657
0.000159657
0.00016995
0.00016995
0.000180594
0.000180594
0.000191593
0.000191593
0.000202945
0.000202945
0.000214652
0.000214652
0.000226715
0.000226715
0.000239135
0.000239135
0.000251915
0.000251915
0.000265055
0.000265055
0.000278557
0.000278557
0.000292424
0.000292424
0.000306657
0.000306657
0.000321259
0.000321259
0.000336232
0.000336232
0.00035158
0.00035158
0.000367304
0.000367304
0.000383408
0.000383408
0.000399895
0.000399895
0.000416768
0.000416768
0.000434031
0.000434031
0.000451686
0.000451686
0.000469737
0.000469737
0.000488189
0.000488189
0.000507044
0.000507044
0.000526306
0.000526306
0.00054598
0.00054598
0.000566069
0.000566069
0.000586578
0.000586578
0.000607511
0.000607511
0.000628871
0.000628871
0.000650664
0.000650664
0.000672893
0.000672893
0.000695564
0.000695564
0.000718679
0.000718679
0.000742245
0.000742245
0.000766265
0.000766265
0.000790744
0.000790744
0.000815687
0.000815687
0.000841098
0.000841098
0.000866982
0.000866982
0.000893344
0.000893344
0.000920188
0.000920188
0.000947519
0.000947519
0.000975342
0.000975342
0.00100366
0.00100366
0.00103248
0.00103248
0.00106181
0.00106181
0.00109165
0.00109165
0.001122
0.001122
0.00115287
0.00115287
0.00118427
0.00118427
0.00121619
0.00121619
0.00124865
0.00124865
0.00128165
0.00128165
0.00131519
0.00131519
0.00134927
0.00134927
0.00138391
0.00138391
0.0014191
0.0014191
0.00145485
0.00145485
0.00149116
0.00149116
0.00152804
0.00152804
0.00156549
0.00156549
0.00160352
0.00160352
0.00164212
0.00164212
0.00168131
0.00168131
0.00172107
0.00172107
0.00176143
0.00176143
0.00180238
0.00180238
0.00184392
0.00184392
0.00188605
0.00188605
0.00192878
0.00192878
0.00197212
0.00197212
0.00201605
0.00201605
0.00206059
0.00206059
0.00210574
0.00210574
0.00215149
0.00215149
0.00219784
0.00219784
0.00224481
0.00224481
0.00229238
0.00229238
0.00234056
0.00234056
0.00238935
0.00238935
0.00243874
0.00243874
0.00248874
0.00248874
0.00253934
0.00253934
0.00259055
0.00259055
0.00264235
0.00264235
0.00269475
0.00269475
0.00274775
0.00274775
0.00280133
0.00280133
0.0028555
0.0028555
0.00291025
0.00291025
0.00296558
0.00296558
0.00302148
0.00302148
0.00307793
0.00307793
0.00313495
0.00313495
0.00319251
0.00319251
0.00325061
0.00325061
0.00330924
0.00330924
0.0033684
0.0033684
0.00342806
0.00342806
0.00348822
0.00348822
0.00354886
0.00354886
0.00360998
0.00360998
0.00367155
0.00367155
0.00373357
0.00373357
0.00379602
0.00379602
0.00385887
0.00385887
0.00392212
0.00392212
0.00398574
0.00398574
0.00404971
0.00404971
0.00411401
0.00411401
0.00417862
0.00417862
0.00424352
0.00424352
0.00430867
0.00430867
0.00437406
0.00437406
0.00443964
0.00443964
0.00450541
0.00450541
0.00457131
0.00457131
0.00463733
0.00463733
0.00470342
0.00470342
0.00476956
0.00476956
0.00483569
0.00483569
0.00490179
0.00490179
0.00496781
0.00496781
0.0050337
0.0050337
0.00509943
0.00509943
0.00516495
0.00516495
0.0052302
0.0052302
0.00529513
0.00529513
0.00535969
0.00535969
0.00542383
0.00542383
0.00548748
0.00548748
0.00555058
0.00555058
0.00561308
0.00561308
0.00567489
0.00567489
0.00573596
0.00573596
0.00579621
0.00579621
0.00585556
0.00585556
0.00591395
0.00591395
0.00597128
0.00597128
0.00602748
0.00602748
0.00608246
0.00608246
0.00613612
0.00613612
0.00618838
0.00618838
0.00623915
0.00623915
0.00628831
0.00628831
0.00633578
0.00633578
0.00638145
0.00638145
0.00642521
0.00642521
0.00646696
0.00646696
0.00650658
0.00650658
0.00654397
0.00654397
0.00657901
0.00657901
0.00661159
0.00661159
0.0066416
0.0066416
0.00666893
0.00666893
0.00669347
0.00669347
0.00671513
0.00671513
0.00673381
0.00673381
0.00674942
0.00674942
0.00676189
0.00676189
0.00677115
0.00677115
0.00677718
0.00677718
0.00677995
0.00677995
0.00677947
0.00677947
0.00677579
0.00677579
0.006769
0.006769
0.00675923
0.00675923
0.00674667
0.00674667
0.00673159
0.00673159
0.00671431
0.00671431
0.00669524
0.00669524
0.00667487
0.00667487
0.00665379
0.00665379
0.00663265
0.00663265
0.00661219
0.00661219
0.00659323
0.00659323
0.00657657
0.00657657
0.00656305
0.00656305
0.00655343
0.00655343
0.00654837
0.00654837
1.16639e-13
1.16639e-13
1.08088e-13
1.08088e-13
2.94621e-13
2.94621e-13
1.7232e-12
1.7232e-12
7.76083e-12
7.76083e-12
2.62815e-11
2.62815e-11
7.26499e-11
7.26499e-11
1.73629e-10
1.73629e-10
3.72369e-10
3.72369e-10
7.34674e-10
7.34674e-10
1.35675e-09
1.35675e-09
2.37472e-09
2.37472e-09
3.97609e-09
3.97609e-09
6.41359e-09
6.41359e-09
1.00216e-08
1.00216e-08
1.52358e-08
1.52358e-08
2.26155e-08
2.26155e-08
3.28709e-08
3.28709e-08
4.68929e-08
4.68929e-08
6.57891e-08
6.57891e-08
9.09226e-08
9.09226e-08
1.23957e-07
1.23957e-07
1.66908e-07
1.66908e-07
2.22192e-07
2.22192e-07
2.92694e-07
2.92694e-07
3.81823e-07
3.81823e-07
4.9358e-07
4.9358e-07
6.32628e-07
6.32628e-07
8.04357e-07
8.04357e-07
1.01495e-06
1.01495e-06
1.27144e-06
1.27144e-06
1.58176e-06
1.58176e-06
1.95479e-06
1.95479e-06
2.40039e-06
2.40039e-06
2.92938e-06
2.92938e-06
3.55352e-06
3.55352e-06
4.2855e-06
4.2855e-06
5.13886e-06
5.13886e-06
6.12784e-06
6.12784e-06
7.26734e-06
7.26734e-06
8.57269e-06
8.57269e-06
1.00595e-05
1.00595e-05
1.17435e-05
1.17435e-05
1.36403e-05
1.36403e-05
1.57651e-05
1.57651e-05
1.81328e-05
1.81328e-05
2.07575e-05
2.07575e-05
2.36524e-05
2.36524e-05
2.68297e-05
2.68297e-05
3.03008e-05
3.03008e-05
3.40757e-05
3.40757e-05
3.81634e-05
3.81634e-05
4.25715e-05
4.25715e-05
4.73067e-05
4.73067e-05
5.23746e-05
5.23746e-05
5.77798e-05
5.77798e-05
6.3526e-05
6.3526e-05
6.96162e-05
6.96162e-05
7.60525e-05
7.60525e-05
8.28365e-05
8.28365e-05
8.99696e-05
8.99696e-05
9.74525e-05
9.74525e-05
0.000105286
0.000105286
0.00011347
0.00011347
0.000122005
0.000122005
0.000130891
0.000130891
0.000140128
0.000140128
0.000149717
0.000149717
0.000159657
0.000159657
0.00016995
0.00016995
0.000180594
0.000180594
0.000191593
0.000191593
0.000202945
0.000202945
0.000214652
0.000214652
0.000226715
0.000226715
0.000239135
0.000239135
0.000251915
0.000251915
0.000265055
0.000265055
0.000278557
0.000278557
0.000292424
0.000292424
0.000306657
0.000306657
0.000321259
0.000321259
0.000336232
0.000336232
0.00035158
0.00035158
0.000367304
0.000367304
0.000383408
0.000383408
0.000399895
0.000399895
0.000416768
0.000416768
0.000434031
0.000434031
0.000451686
0.000451686
0.000469737
0.000469737
0.000488189
0.000488189
0.000507044
0.000507044
0.000526306
0.000526306
0.00054598
0.00054598
0.000566069
0.000566069
0.000586578
0.000586578
0.000607511
0.000607511
0.000628871
0.000628871
0.000650664
0.000650664
0.000672893
0.000672893
0.000695564
0.000695564
0.000718679
0.000718679
0.000742245
0.000742245
0.000766265
0.000766265
0.000790744
0.000790744
0.000815687
0.000815687
0.000841098
0.000841098
0.000866982
0.000866982
0.000893344
0.000893344
0.000920188
0.000920188
0.000947519
0.000947519
0.000975342
0.000975342
0.00100366
0.00100366
0.00103248
0.00103248
0.00106181
0.00106181
0.00109165
0.00109165
0.001122
0.001122
0.00115287
0.00115287
0.00118427
0.00118427
0.00121619
0.00121619
0.00124865
0.00124865
0.00128165
0.00128165
0.00131519
0.00131519
0.00134927
0.00134927
0.00138391
0.00138391
0.0014191
0.0014191
0.00145485
0.00145485
0.00149116
0.00149116
0.00152804
0.00152804
0.00156549
0.00156549
0.00160352
0.00160352
0.00164212
0.00164212
0.00168131
0.00168131
0.00172107
0.00172107
0.00176143
0.00176143
0.00180238
0.00180238
0.00184392
0.00184392
0.00188605
0.00188605
0.00192878
0.00192878
0.00197212
0.00197212
0.00201605
0.00201605
0.00206059
0.00206059
0.00210574
0.00210574
0.00215149
0.00215149
0.00219784
0.00219784
0.00224481
0.00224481
0.00229238
0.00229238
0.00234056
0.00234056
0.00238935
0.00238935
0.00243874
0.00243874
0.00248874
0.00248874
0.00253934
0.00253934
0.00259055
0.00259055
0.00264235
0.00264235
0.00269475
0.00269475
0.00274775
0.00274775
0.00280133
0.00280133
0.0028555
0.0028555
0.00291025
0.00291025
0.00296558
0.00296558
0.00302148
0.00302148
0.00307793
0.00307793
0.00313495
0.00313495
0.00319251
0.00319251
0.00325061
0.00325061
0.00330924
0.00330924
0.0033684
0.0033684
0.00342806
0.00342806
0.00348822
0.00348822
0.00354886
0.00354886
0.00360998
0.00360998
0.00367155
0.00367155
0.00373357
0.00373357
0.00379602
0.00379602
0.00385887
0.00385887
0.00392212
0.00392212
0.00398574
0.00398574
0.00404971
0.00404971
0.00411401
0.00411401
0.00417862
0.00417862
0.00424352
0.00424352
0.00430867
0.00430867
0.00437406
0.00437406
0.00443964
0.00443964
0.00450541
0.00450541
0.00457131
0.00457131
0.00463733
0.00463733
0.00470342
0.00470342
0.00476956
0.00476956
0.00483569
0.00483569
0.00490179
0.00490179
0.00496781
0.00496781
0.0050337
0.0050337
0.00509943
0.00509943
0.00516495
0.00516495
0.0052302
0.0052302
0.00529513
0.00529513
0.00535969
0.00535969
0.00542383
0.00542383
0.00548748
0.00548748
0.00555058
0.00555058
0.00561308
0.00561308
0.00567489
0.00567489
0.00573596
0.00573596
0.00579621
0.00579621
0.00585556
0.00585556
0.00591395
0.00591395
0.00597128
0.00597128
0.00602748
0.00602748
0.00608246
0.00608246
0.00613612
0.00613612
0.00618838
0.00618838
0.00623915
0.00623915
0.00628831
0.00628831
0.00633578
0.00633578
0.00638145
0.00638145
0.00642521
0.00642521
0.00646696
0.00646696
0.00650658
0.00650658
0.00654397
0.00654397
0.00657901
0.00657901
0.00661159
0.00661159
0.0066416
0.0066416
0.00666893
0.00666893
0.00669347
0.00669347
0.00671513
0.00671513
0.00673381
0.00673381
0.00674942
0.00674942
0.00676189
0.00676189
0.00677115
0.00677115
0.00677718
0.00677718
0.00677995
0.00677995
0.00677947
0.00677947
0.00677579
0.00677579
0.006769
0.006769
0.00675923
0.00675923
0.00674667
0.00674667
0.00673159
0.00673159
0.00671431
0.00671431
0.00669524
0.00669524
0.00667487
0.00667487
0.00665379
0.00665379
0.00663265
0.00663265
0.00661219
0.00661219
0.00659323
0.00659323
0.00657657
0.00657657
0.00656305
0.00656305
0.00655343
0.00655343
0.00654837
0.00654837
0.00654837
0.00654837
0.00655343
0.00655343
0.00656305
0.00656305
0.00657657
0.00657657
0.00659323
0.00659323
0.00661219
0.00661219
0.00663265
0.00663265
0.00665378
0.00665378
0.00667487
0.00667487
0.00669524
0.00669524
0.00671431
0.00671431
0.00673159
0.00673159
0.00674667
0.00674667
0.00675923
0.00675923
0.006769
0.006769
0.00677579
0.00677579
0.00677947
0.00677947
0.00677995
0.00677995
0.00677718
0.00677718
0.00677115
0.00677115
0.00676188
0.00676188
0.00674942
0.00674942
0.00673381
0.00673381
0.00671513
0.00671513
0.00669347
0.00669347
0.00666893
0.00666893
0.0066416
0.0066416
0.00661159
0.00661159
0.00657901
0.00657901
0.00654397
0.00654397
0.00650658
0.00650658
0.00646696
0.00646696
0.00642521
0.00642521
0.00638145
0.00638145
0.00633578
0.00633578
0.00628831
0.00628831
0.00623915
0.00623915
0.00618838
0.00618838
0.00613612
0.00613612
0.00608246
0.00608246
0.00602748
0.00602748
0.00597128
0.00597128
0.00591395
0.00591395
0.00585556
0.00585556
0.00579621
0.00579621
0.00573596
0.00573596
0.00567489
0.00567489
0.00561308
0.00561308
0.00555058
0.00555058
0.00548748
0.00548748
0.00542383
0.00542383
0.00535969
0.00535969
0.00529513
0.00529513
0.0052302
0.0052302
0.00516495
0.00516495
0.00509943
0.00509943
0.0050337
0.0050337
0.00496781
0.00496781
0.00490179
0.00490179
0.00483569
0.00483569
0.00476955
0.00476955
0.00470342
0.00470342
0.00463733
0.00463733
0.00457131
0.00457131
0.00450541
0.00450541
0.00443964
0.00443964
0.00437406
0.00437406
0.00430867
0.00430867
0.00424352
0.00424352
0.00417862
0.00417862
0.00411401
0.00411401
0.00404971
0.00404971
0.00398574
0.00398574
0.00392212
0.00392212
0.00385887
0.00385887
0.00379602
0.00379602
0.00373357
0.00373357
0.00367155
0.00367155
0.00360998
0.00360998
0.00354886
0.00354886
0.00348822
0.00348822
0.00342806
0.00342806
0.0033684
0.0033684
0.00330924
0.00330924
0.00325061
0.00325061
0.00319251
0.00319251
0.00313495
0.00313495
0.00307793
0.00307793
0.00302148
0.00302148
0.00296558
0.00296558
0.00291025
0.00291025
0.0028555
0.0028555
0.00280133
0.00280133
0.00274775
0.00274775
0.00269475
0.00269475
0.00264235
0.00264235
0.00259055
0.00259055
0.00253934
0.00253934
0.00248874
0.00248874
0.00243874
0.00243874
0.00238935
0.00238935
0.00234056
0.00234056
0.00229238
0.00229238
0.00224481
0.00224481
0.00219784
0.00219784
0.00215148
0.00215148
0.00210574
0.00210574
0.00206059
0.00206059
0.00201605
0.00201605
0.00197212
0.00197212
0.00192878
0.00192878
0.00188605
0.00188605
0.00184392
0.00184392
0.00180238
0.00180238
0.00176143
0.00176143
0.00172107
0.00172107
0.00168131
0.00168131
0.00164212
0.00164212
0.00160352
0.00160352
0.00156549
0.00156549
0.00152804
0.00152804
0.00149116
0.00149116
0.00145485
0.00145485
0.0014191
0.0014191
0.00138391
0.00138391
0.00134927
0.00134927
0.00131519
0.00131519
0.00128165
0.00128165
0.00124865
0.00124865
0.00121619
0.00121619
0.00118427
0.00118427
0.00115287
0.00115287
0.001122
0.001122
0.00109165
0.00109165
0.00106181
0.00106181
0.00103248
0.00103248
0.00100366
0.00100366
0.000975342
0.000975342
0.000947519
0.000947519
0.000920188
0.000920188
0.000893344
0.000893344
0.000866982
0.000866982
0.000841098
0.000841098
0.000815687
0.000815687
0.000790744
0.000790744
0.000766265
0.000766265
0.000742245
0.000742245
0.000718679
0.000718679
0.000695564
0.000695564
0.000672893
0.000672893
0.000650664
0.000650664
0.000628871
0.000628871
0.000607511
0.000607511
0.000586578
0.000586578
0.000566069
0.000566069
0.00054598
0.00054598
0.000526306
0.000526306
0.000507044
0.000507044
0.000488189
0.000488189
0.000469737
0.000469737
0.000451686
0.000451686
0.000434031
0.000434031
0.000416768
0.000416768
0.000399895
0.000399895
0.000383409
0.000383409
0.000367304
0.000367304
0.00035158
0.00035158
0.000336232
0.000336232
0.000321259
0.000321259
0.000306657
0.000306657
0.000292424
0.000292424
0.000278557
0.000278557
0.000265055
0.000265055
0.000251915
0.000251915
0.000239135
0.000239135
0.000226715
0.000226715
0.000214652
0.000214652
0.000202945
0.000202945
0.000191593
0.000191593
0.000180594
0.000180594
0.00016995
0.00016995
0.000159657
0.000159657
0.000149717
0.000149717
0.000140128
0.000140128
0.000130891
0.000130891
0.000122005
0.000122005
0.00011347
0.00011347
0.000105286
0.000105286
9.74525e-05
9.74525e-05
8.99696e-05
8.99696e-05
8.28365e-05
8.28365e-05
7.60525e-05
7.60525e-05
6.96162e-05
6.96162e-05
6.3526e-05
6.3526e-05
5.77798e-05
5.77798e-05
5.23746e-05
5.23746e-05
4.73067e-05
4.73067e-05
4.25715e-05
4.25715e-05
3.81634e-05
3.81634e-05
3.40757e-05
3.40757e-05
3.03008e-05
3.03008e-05
2.68297e-05
2.68297e-05
2.36524e-05
2.36524e-05
2.07575e-05
2.07575e-05
1.81328e-05
1.81328e-05
1.57651e-05
1.57651e-05
1.36403e-05
1.36403e-05
1.17435e-05
1.17435e-05
1.00595e-05
1.00595e-05
8.57269e-06
8.57269e-06
7.26734e-06
7.26734e-06
6.12784e-06
6.12784e-06
5.13886e-06
5.13886e-06
4.2855e-06
4.2855e-06
3.55352e-06
3.55352e-06
2.92938e-06
2.92938e-06
2.40039e-06
2.40039e-06
1.95479e-06
1.95479e-06
1.58176e-06
1.58176e-06
1.27144e-06
1.27144e-06
1.01495e-06
1.01495e-06
8.04357e-07
8.04357e-07
6.32628e-07
6.32628e-07
4.9358e-07
4.9358e-07
3.81823e-07
3.81823e-07
2.92694e-07
2.92694e-07
2.22192e-07
2.22192e-07
1.66908e-07
1.66908e-07
1.23957e-07
1.23957e-07
9.09226e-08
9.09226e-08
6.57891e-08
6.57891e-08
4.68929e-08
4.68929e-08
3.28709e-08
3.28709e-08
2.26155e-08
2.26155e-08
1.52358e-08
1.52358e-08
1.00216e-08
1.00216e-08
6.41359e-09
6.41359e-09
3.97609e-09
3.97609e-09
2.37472e-09
2.37472e-09
1.35675e-09
1.35675e-09
7.34673e-10
7.34673e-10
3.72369e-10
3.72369e-10
1.73629e-10
1.73629e-10
7.265e-11
7.265e-11
2.62815e-11
2.62815e-11
7.76085e-12
7.76085e-12
1.72321e-12
1.72321e-12
2.94623e-13
2.94623e-13
1.08089e-13
1.08089e-13
1.1664e-13
1.1664e-13
0.00654837
0.00654837
0.00655343
0.00655343
0.00656305
0.00656305
0.00657657
0.00657657
0.00659323
0.00659323
0.00661219
0.00661219
0.00663265
0.00663265
0.00665378
0.00665378
0.00667487
0.00667487
0.00669524
0.00669524
0.00671431
0.00671431
0.00673159
0.00673159
0.00674667
0.00674667
0.00675923
0.00675923
0.006769
0.006769
0.00677579
0.00677579
0.00677947
0.00677947
0.00677995
0.00677995
0.00677718
0.00677718
0.00677115
0.00677115
0.00676188
0.00676188
0.00674942
0.00674942
0.00673381
0.00673381
0.00671513
0.00671513
0.00669347
0.00669347
0.00666893
0.00666893
0.0066416
0.0066416
0.00661159
0.00661159
0.00657901
0.00657901
0.00654397
0.00654397
0.00650658
0.00650658
0.00646696
0.00646696
0.00642521
0.00642521
0.00638145
0.00638145
0.00633578
0.00633578
0.00628831
0.00628831
0.00623915
0.00623915
0.00618838
0.00618838
0.00613612
0.00613612
0.00608246
0.00608246
0.00602748
0.00602748
0.00597128
0.00597128
0.00591395
0.00591395
0.00585556
0.00585556
0.00579621
0.00579621
0.00573596
0.00573596
0.00567489
0.00567489
0.00561308
0.00561308
0.00555058
0.00555058
0.00548748
0.00548748
0.00542383
0.00542383
0.00535969
0.00535969
0.00529513
0.00529513
0.0052302
0.0052302
0.00516495
0.00516495
0.00509943
0.00509943
0.0050337
0.0050337
0.00496781
0.00496781
0.00490179
0.00490179
0.00483569
0.00483569
0.00476955
0.00476955
0.00470342
0.00470342
0.00463733
0.00463733
0.00457131
0.00457131
0.00450541
0.00450541
0.00443964
0.00443964
0.00437406
0.00437406
0.00430867
0.00430867
0.00424352
0.00424352
0.00417862
0.00417862
0.00411401
0.00411401
0.00404971
0.00404971
0.00398574
0.00398574
0.00392212
0.00392212
0.00385887
0.00385887
0.00379602
0.00379602
0.00373357
0.00373357
0.00367155
0.00367155
0.00360998
0.00360998
0.00354886
0.00354886
0.00348822
0.00348822
0.00342806
0.00342806
0.0033684
0.0033684
0.00330924
0.00330924
0.00325061
0.00325061
0.00319251
0.00319251
0.00313495
0.00313495
0.00307793
0.00307793
0.00302148
0.00302148
0.00296558
0.00296558
0.00291025
0.00291025
0.0028555
0.0028555
0.00280133
0.00280133
0.00274775
0.00274775
0.00269475
0.00269475
0.00264235
0.00264235
0.00259055
0.00259055
0.00253934
0.00253934
0.00248874
0.00248874
0.00243874
0.00243874
0.00238935
0.00238935
0.00234056
0.00234056
0.00229238
0.00229238
0.00224481
0.00224481
0.00219784
0.00219784
0.00215148
0.00215148
0.00210574
0.00210574
0.00206059
0.00206059
0.00201605
0.00201605
0.00197212
0.00197212
0.00192878
0.00192878
0.00188605
0.00188605
0.00184392
0.00184392
0.00180238
0.00180238
0.00176143
0.00176143
0.00172107
0.00172107
0.00168131
0.00168131
0.00164212
0.00164212
0.00160352
0.00160352
0.00156549
0.00156549
0.00152804
0.00152804
0.00149116
0.00149116
0.00145485
0.00145485
0.0014191
0.0014191
0.00138391
0.00138391
0.00134927
0.00134927
0.00131519
0.00131519
0.00128165
0.00128165
0.00124865
0.00124865
0.00121619
0.00121619
0.00118427
0.00118427
0.00115287
0.00115287
0.001122
0.001122
0.00109165
0.00109165
0.00106181
0.00106181
0.00103248
0.00103248
0.00100366
0.00100366
0.000975342
0.000975342
0.000947519
0.000947519
0.000920188
0.000920188
0.000893344
0.000893344
0.000866982
0.000866982
0.000841098
0.000841098
0.000815687
0.000815687
0.000790744
0.000790744
0.000766265
0.000766265
0.000742245
0.000742245
0.000718679
0.000718679
0.000695564
0.000695564
0.000672893
0.000672893
0.000650664
0.000650664
0.000628871
0.000628871
0.000607511
0.000607511
0.000586578
0.000586578
0.000566069
0.000566069
0.00054598
0.00054598
0.000526306
0.000526306
0.000507044
0.000507044
0.000488189
0.000488189
0.000469737
0.000469737
0.000451686
0.000451686
0.000434031
0.000434031
0.000416768
0.000416768
0.000399895
0.000399895
0.000383409
0.000383409
0.000367304
0.000367304
0.00035158
0.00035158
0.000336232
0.000336232
0.000321259
0.000321259
0.000306657
0.000306657
0.000292424
0.000292424
0.000278557
0.000278557
0.000265055
0.000265055
0.000251915
0.000251915
0.000239135
0.000239135
0.000226715
0.000226715
0.000214652
0.000214652
0.000202945
0.000202945
0.000191593
0.000191593
0.000180594
0.000180594
0.00016995
0.00016995
0.000159657
0.000159657
0.000149717
0.000149717
0.000140128
0.000140128
0.000130891
0.000130891
0.000122005
0.000122005
0.00011347
0.00011347
0.000105286
0.000105286
9.74525e-05
9.74525e-05
8.99696e-05
8.99696e-05
8.28365e-05
8.28365e-05
7.60525e-05
7.60525e-05
6.96162e-05
6.96162e-05
6.3526e-05
6.3526e-05
5.77798e-05
5.77798e-05
5.23746e-05
5.23746e-05
4.73067e-05
4.73067e-05
4.25715e-05
4.25715e-05
3.81634e-05
3.81634e-05
3.40757e-05
3.40757e-05
3.03008e-05
3.03008e-05
2.68297e-05
2.68297e-05
2.36524e-05
2.36524e-05
2.07575e-05
2.07575e-05
1.81328e-05
1.81328e-05
1.57651e-05
1.57651e-05
1.36403e-05
1.36403e-05
1.17435e-05
1.17435e-05
1.00595e-05
1.00595e-05
8.57269e-06
8.57269e-06
7.26734e-06
7.26734e-06
6.12784e-06
6.12784e-06
5.13886e-06
5.13886e-06
4.2855e-06
4.2855e-06
3.55352e-06
3.55352e-06
2.92938e-06
2.92938e-06
2.40039e-06
2.40039e-06
1.95479e-06
1.95479e-06
1.58176e-06
1.58176e-06
1.27144e-06
1.27144e-06
1.01495e-06
1.01495e-06
8.04357e-07
8.04357e-07
6.32628e-07
6.32628e-07
4.9358e-07
4.9358e-07
3.81823e-07
3.81823e-07
2.92694e-07
2.92694e-07
2.22192e-07
2.22192e-07
1.66908e-07
1.66908e-07
1.23957e-07
1.23957e-07
9.09226e-08
9.09226e-08
6.57891e-08
6.57891e-08
4.68929e-08
4.68929e-08
3.28709e-08
3.28709e-08
2.26155e-08
2.26155e-08
1.52358e-08
1.52358e-08
1.00216e-08
1.00216e-08
6.41359e-09
6.41359e-09
3.97609e-09
3.97609e-09
2.37472e-09
2.37472e-09
1.35675e-09
1.35675e-09
7.34673e-10
7.34673e-10
3.72369e-10
3.72369e-10
1.73629e-10
1.73629e-10
7.265e-11
7.265e-11
2.62815e-11
2.62815e-11
7.76085e-12
7.76085e-12
1.72321e-12
1.72321e-12
2.94623e-13
2.94623e-13
1.08089e-13
1.08089e-13
1.1664e-13
1.1664e-13
)
;

boundaryField
{
    walls
    {
        type            nutUWallFunction;
        blending        stepwise;
        Cmu             0.09;
        kappa           0.41;
        E               9.8;
        value           uniform 0;
    }
    inlet
    {
        type            cyclic;
    }
    outlet
    {
        type            cyclic;
    }
    sides
    {
        type            empty;
    }
}


// ************************************************************************* //
