/*--------------------------------*- C++ -*----------------------------------*\
| =========                 |                                                 |
| \\      /  F ield         | OpenFOAM: The Open Source CFD Toolbox           |
|  \\    /   O peration     | Version:  2106                                  |
|   \\  /    A nd           | Website:  www.openfoam.com                      |
|    \\/     M anipulation  |                                                 |
\*---------------------------------------------------------------------------*/
FoamFile
{
    version     2.0;
    format      ascii;
    arch        "LSB;label=32;scalar=64";
    class       volScalarField;
    location    "10030";
    object      omega;
}
// * * * * * * * * * * * * * * * * * * * * * * * * * * * * * * * * * * * * * //

dimensions      [0 0 -1 0 0 0 0];

internalField   nonuniform List<scalar> 
2000
(
1.3548e+06
1.3548e+06
235140
235140
79401.7
79401.7
37283.8
37283.8
21040.3
21040.3
13304.1
13304.1
9078.7
9078.7
6540.71
6540.71
4906.61
4906.61
3797.45
3797.45
3012.79
3012.79
2438.93
2438.93
2007.62
2007.62
1675.99
1675.99
1416.04
1416.04
1208.89
1208.89
1041.45
1041.45
904.402
904.402
791
791
696.247
696.247
616.391
616.391
548.567
548.567
490.562
490.562
440.641
440.641
397.434
397.434
359.843
359.843
326.986
326.986
298.142
298.142
272.721
272.721
250.235
250.235
230.278
230.278
212.51
212.51
196.645
196.645
182.44
182.44
169.689
169.689
158.213
158.213
147.86
147.86
138.499
138.499
130.014
130.014
122.306
122.306
115.286
115.286
108.879
108.879
103.017
103.017
97.64
97.64
92.6954
92.6954
88.1369
88.1369
83.9233
83.9233
80.0183
80.0183
76.3898
76.3898
73.0092
73.0092
69.8516
69.8516
66.895
66.895
64.1197
64.1197
61.5088
61.5088
59.0471
59.0471
56.7215
56.7215
54.5204
54.5204
52.4335
52.4335
50.4518
50.4518
48.5675
48.5675
46.7734
46.7734
45.0633
45.0633
43.4317
43.4317
41.8736
41.8736
40.3846
40.3846
38.9606
38.9606
37.5979
37.5979
36.2932
36.2932
35.0434
35.0434
33.8457
33.8457
32.6975
32.6975
31.5962
31.5962
30.5397
30.5397
29.5258
29.5258
28.5525
28.5525
27.618
27.618
26.7203
26.7203
25.8579
25.8579
25.0292
25.0292
24.2326
24.2326
23.4667
23.4667
22.7302
22.7302
22.0217
22.0217
21.34
21.34
20.684
20.684
20.0525
20.0525
19.4445
19.4445
18.8589
18.8589
18.2947
18.2947
17.7512
17.7512
17.2273
17.2273
16.7223
16.7223
16.2353
16.2353
15.7656
15.7656
15.3125
15.3125
14.8752
14.8752
14.4532
14.4532
14.0457
14.0457
13.6523
13.6523
13.2722
13.2722
12.9051
12.9051
12.5503
12.5503
12.2073
12.2073
11.8757
11.8757
11.5551
11.5551
11.2449
11.2449
10.9448
10.9448
10.6545
10.6545
10.3734
10.3734
10.1013
10.1013
9.83779
9.83779
9.58257
9.58257
9.33533
9.33533
9.09575
9.09575
8.86356
8.86356
8.63848
8.63848
8.42024
8.42024
8.2086
8.2086
8.00331
8.00331
7.80414
7.80414
7.61088
7.61088
7.42331
7.42331
7.24123
7.24123
7.06445
7.06445
6.89277
6.89277
6.72602
6.72602
6.56404
6.56404
6.40665
6.40665
6.2537
6.2537
6.10503
6.10503
5.96051
5.96051
5.81999
5.81999
5.68334
5.68334
5.55043
5.55043
5.42114
5.42114
5.29535
5.29535
5.17294
5.17294
5.05381
5.05381
4.93784
4.93784
4.82495
4.82495
4.71502
4.71502
4.60797
4.60797
4.5037
4.5037
4.40214
4.40214
4.30318
4.30318
4.20676
4.20676
4.1128
4.1128
4.02121
4.02121
3.93193
3.93193
3.84489
3.84489
3.76002
3.76002
3.67725
3.67725
3.59653
3.59653
3.51779
3.51779
3.44097
3.44097
3.36602
3.36602
3.29288
3.29288
3.2215
3.2215
3.15183
3.15183
3.08381
3.08381
3.01741
3.01741
2.95258
2.95258
2.88926
2.88926
2.82743
2.82743
2.76703
2.76703
2.70802
2.70802
2.65038
2.65038
2.59405
2.59405
2.53901
2.53901
2.48521
2.48521
2.43262
2.43262
2.38122
2.38122
2.33096
2.33096
2.28182
2.28182
2.23377
2.23377
2.18677
2.18677
2.1408
2.1408
2.09583
2.09583
2.05183
2.05183
2.00878
2.00878
1.96666
1.96666
1.92543
1.92543
1.88507
1.88507
1.84557
1.84557
1.80689
1.80689
1.76902
1.76902
1.73194
1.73194
1.69562
1.69562
1.66004
1.66004
1.62519
1.62519
1.59104
1.59104
1.55758
1.55758
1.5248
1.5248
1.49266
1.49266
1.46116
1.46116
1.43028
1.43028
1.4
1.4
1.3703
1.3703
1.34118
1.34118
1.31262
1.31262
1.2846
1.2846
1.25711
1.25711
1.23013
1.23013
1.20366
1.20366
1.17768
1.17768
1.15217
1.15217
1.12713
1.12713
1.10255
1.10255
1.0784
1.0784
1.0547
1.0547
1.03141
1.03141
1.00854
1.00854
0.986073
0.986073
0.964002
0.964002
0.942318
0.942318
0.921014
0.921014
0.900084
0.900084
0.87952
0.87952
0.859317
0.859317
0.839472
0.839472
0.819978
0.819978
0.800834
0.800834
0.782037
0.782037
0.763586
0.763586
0.745481
0.745481
0.727724
0.727724
0.710317
0.710317
0.693265
0.693265
0.676575
0.676575
0.660254
0.660254
0.644314
0.644314
0.628767
0.628767
0.61363
0.61363
0.598921
0.598921
0.584664
0.584664
0.570884
0.570884
0.557612
0.557612
0.544883
0.544883
0.532738
0.532738
0.521223
0.521223
0.510388
0.510388
0.500292
0.500292
0.490998
0.490998
0.482576
0.482576
0.475101
0.475101
0.468653
0.468653
0.463318
0.463318
0.459184
0.459184
0.45634
0.45634
0.454875
0.454875
1.3548e+06
1.3548e+06
235140
235140
79401.7
79401.7
37283.8
37283.8
21040.3
21040.3
13304.1
13304.1
9078.7
9078.7
6540.71
6540.71
4906.61
4906.61
3797.45
3797.45
3012.79
3012.79
2438.93
2438.93
2007.62
2007.62
1675.99
1675.99
1416.04
1416.04
1208.89
1208.89
1041.45
1041.45
904.402
904.402
791
791
696.247
696.247
616.391
616.391
548.567
548.567
490.562
490.562
440.641
440.641
397.434
397.434
359.843
359.843
326.986
326.986
298.142
298.142
272.721
272.721
250.235
250.235
230.278
230.278
212.51
212.51
196.645
196.645
182.44
182.44
169.689
169.689
158.213
158.213
147.86
147.86
138.499
138.499
130.014
130.014
122.306
122.306
115.286
115.286
108.879
108.879
103.017
103.017
97.64
97.64
92.6954
92.6954
88.1369
88.1369
83.9233
83.9233
80.0183
80.0183
76.3898
76.3898
73.0092
73.0092
69.8516
69.8516
66.895
66.895
64.1197
64.1197
61.5088
61.5088
59.0471
59.0471
56.7215
56.7215
54.5204
54.5204
52.4335
52.4335
50.4518
50.4518
48.5675
48.5675
46.7734
46.7734
45.0633
45.0633
43.4317
43.4317
41.8736
41.8736
40.3846
40.3846
38.9606
38.9606
37.5979
37.5979
36.2932
36.2932
35.0434
35.0434
33.8457
33.8457
32.6975
32.6975
31.5962
31.5962
30.5397
30.5397
29.5258
29.5258
28.5525
28.5525
27.618
27.618
26.7203
26.7203
25.8579
25.8579
25.0292
25.0292
24.2326
24.2326
23.4667
23.4667
22.7302
22.7302
22.0217
22.0217
21.34
21.34
20.684
20.684
20.0525
20.0525
19.4445
19.4445
18.8589
18.8589
18.2947
18.2947
17.7512
17.7512
17.2273
17.2273
16.7223
16.7223
16.2353
16.2353
15.7656
15.7656
15.3125
15.3125
14.8752
14.8752
14.4532
14.4532
14.0457
14.0457
13.6523
13.6523
13.2722
13.2722
12.9051
12.9051
12.5503
12.5503
12.2073
12.2073
11.8757
11.8757
11.5551
11.5551
11.2449
11.2449
10.9448
10.9448
10.6545
10.6545
10.3734
10.3734
10.1013
10.1013
9.83779
9.83779
9.58257
9.58257
9.33533
9.33533
9.09575
9.09575
8.86356
8.86356
8.63848
8.63848
8.42024
8.42024
8.2086
8.2086
8.00331
8.00331
7.80414
7.80414
7.61088
7.61088
7.42331
7.42331
7.24123
7.24123
7.06445
7.06445
6.89277
6.89277
6.72602
6.72602
6.56404
6.56404
6.40665
6.40665
6.2537
6.2537
6.10503
6.10503
5.96051
5.96051
5.81999
5.81999
5.68334
5.68334
5.55043
5.55043
5.42114
5.42114
5.29535
5.29535
5.17294
5.17294
5.05381
5.05381
4.93784
4.93784
4.82495
4.82495
4.71502
4.71502
4.60797
4.60797
4.5037
4.5037
4.40214
4.40214
4.30318
4.30318
4.20676
4.20676
4.1128
4.1128
4.02121
4.02121
3.93193
3.93193
3.84489
3.84489
3.76002
3.76002
3.67725
3.67725
3.59653
3.59653
3.51779
3.51779
3.44097
3.44097
3.36602
3.36602
3.29288
3.29288
3.2215
3.2215
3.15183
3.15183
3.08381
3.08381
3.01741
3.01741
2.95258
2.95258
2.88926
2.88926
2.82743
2.82743
2.76703
2.76703
2.70802
2.70802
2.65038
2.65038
2.59405
2.59405
2.53901
2.53901
2.48521
2.48521
2.43262
2.43262
2.38122
2.38122
2.33096
2.33096
2.28182
2.28182
2.23377
2.23377
2.18677
2.18677
2.1408
2.1408
2.09583
2.09583
2.05183
2.05183
2.00878
2.00878
1.96666
1.96666
1.92543
1.92543
1.88507
1.88507
1.84557
1.84557
1.80689
1.80689
1.76902
1.76902
1.73194
1.73194
1.69562
1.69562
1.66004
1.66004
1.62519
1.62519
1.59104
1.59104
1.55758
1.55758
1.5248
1.5248
1.49266
1.49266
1.46116
1.46116
1.43028
1.43028
1.4
1.4
1.3703
1.3703
1.34118
1.34118
1.31262
1.31262
1.2846
1.2846
1.25711
1.25711
1.23013
1.23013
1.20366
1.20366
1.17768
1.17768
1.15217
1.15217
1.12713
1.12713
1.10255
1.10255
1.0784
1.0784
1.0547
1.0547
1.03141
1.03141
1.00854
1.00854
0.986073
0.986073
0.964002
0.964002
0.942318
0.942318
0.921014
0.921014
0.900084
0.900084
0.87952
0.87952
0.859317
0.859317
0.839472
0.839472
0.819978
0.819978
0.800834
0.800834
0.782037
0.782037
0.763586
0.763586
0.745481
0.745481
0.727724
0.727724
0.710317
0.710317
0.693265
0.693265
0.676575
0.676575
0.660254
0.660254
0.644314
0.644314
0.628767
0.628767
0.61363
0.61363
0.598921
0.598921
0.584664
0.584664
0.570884
0.570884
0.557612
0.557612
0.544883
0.544883
0.532738
0.532738
0.521223
0.521223
0.510388
0.510388
0.500292
0.500292
0.490998
0.490998
0.482576
0.482576
0.475101
0.475101
0.468653
0.468653
0.463318
0.463318
0.459184
0.459184
0.45634
0.45634
0.454875
0.454875
0.454875
0.454875
0.45634
0.45634
0.459184
0.459184
0.463318
0.463318
0.468653
0.468653
0.475101
0.475101
0.482576
0.482576
0.490998
0.490998
0.500292
0.500292
0.510388
0.510388
0.521223
0.521223
0.532738
0.532738
0.544883
0.544883
0.557612
0.557612
0.570884
0.570884
0.584664
0.584664
0.598921
0.598921
0.61363
0.61363
0.628767
0.628767
0.644314
0.644314
0.660254
0.660254
0.676575
0.676575
0.693265
0.693265
0.710317
0.710317
0.727724
0.727724
0.745481
0.745481
0.763586
0.763586
0.782037
0.782037
0.800834
0.800834
0.819978
0.819978
0.839471
0.839471
0.859317
0.859317
0.87952
0.87952
0.900084
0.900084
0.921014
0.921014
0.942318
0.942318
0.964002
0.964002
0.986073
0.986073
1.00854
1.00854
1.03141
1.03141
1.0547
1.0547
1.0784
1.0784
1.10255
1.10255
1.12713
1.12713
1.15217
1.15217
1.17768
1.17768
1.20366
1.20366
1.23013
1.23013
1.25711
1.25711
1.2846
1.2846
1.31262
1.31262
1.34118
1.34118
1.3703
1.3703
1.4
1.4
1.43028
1.43028
1.46116
1.46116
1.49266
1.49266
1.5248
1.5248
1.55758
1.55758
1.59104
1.59104
1.62519
1.62519
1.66004
1.66004
1.69562
1.69562
1.73194
1.73194
1.76902
1.76902
1.80689
1.80689
1.84557
1.84557
1.88507
1.88507
1.92543
1.92543
1.96666
1.96666
2.00878
2.00878
2.05183
2.05183
2.09583
2.09583
2.1408
2.1408
2.18677
2.18677
2.23377
2.23377
2.28182
2.28182
2.33096
2.33096
2.38122
2.38122
2.43262
2.43262
2.48521
2.48521
2.53901
2.53901
2.59405
2.59405
2.65038
2.65038
2.70802
2.70802
2.76703
2.76703
2.82743
2.82743
2.88926
2.88926
2.95258
2.95258
3.01741
3.01741
3.08381
3.08381
3.15183
3.15183
3.2215
3.2215
3.29288
3.29288
3.36602
3.36602
3.44097
3.44097
3.51779
3.51779
3.59653
3.59653
3.67725
3.67725
3.76002
3.76002
3.84489
3.84489
3.93193
3.93193
4.02121
4.02121
4.1128
4.1128
4.20676
4.20676
4.30318
4.30318
4.40214
4.40214
4.5037
4.5037
4.60797
4.60797
4.71502
4.71502
4.82495
4.82495
4.93784
4.93784
5.05381
5.05381
5.17294
5.17294
5.29535
5.29535
5.42114
5.42114
5.55043
5.55043
5.68334
5.68334
5.81999
5.81999
5.96051
5.96051
6.10503
6.10503
6.2537
6.2537
6.40665
6.40665
6.56404
6.56404
6.72602
6.72602
6.89277
6.89277
7.06445
7.06445
7.24123
7.24123
7.42331
7.42331
7.61088
7.61088
7.80415
7.80415
8.00331
8.00331
8.2086
8.2086
8.42024
8.42024
8.63848
8.63848
8.86356
8.86356
9.09575
9.09575
9.33533
9.33533
9.58257
9.58257
9.83779
9.83779
10.1013
10.1013
10.3734
10.3734
10.6545
10.6545
10.9448
10.9448
11.2449
11.2449
11.5551
11.5551
11.8757
11.8757
12.2073
12.2073
12.5503
12.5503
12.9051
12.9051
13.2722
13.2722
13.6523
13.6523
14.0457
14.0457
14.4532
14.4532
14.8752
14.8752
15.3125
15.3125
15.7656
15.7656
16.2353
16.2353
16.7223
16.7223
17.2273
17.2273
17.7512
17.7512
18.2947
18.2947
18.8589
18.8589
19.4445
19.4445
20.0525
20.0525
20.684
20.684
21.34
21.34
22.0217
22.0217
22.7302
22.7302
23.4667
23.4667
24.2326
24.2326
25.0292
25.0292
25.8579
25.8579
26.7203
26.7203
27.618
27.618
28.5525
28.5525
29.5258
29.5258
30.5397
30.5397
31.5962
31.5962
32.6975
32.6975
33.8457
33.8457
35.0434
35.0434
36.2932
36.2932
37.5979
37.5979
38.9606
38.9606
40.3846
40.3846
41.8736
41.8736
43.4317
43.4317
45.0633
45.0633
46.7734
46.7734
48.5675
48.5675
50.4518
50.4518
52.4335
52.4335
54.5204
54.5204
56.7215
56.7215
59.0471
59.0471
61.5088
61.5088
64.1197
64.1197
66.895
66.895
69.8516
69.8516
73.0092
73.0092
76.3898
76.3898
80.0183
80.0183
83.9233
83.9233
88.1369
88.1369
92.6954
92.6954
97.64
97.64
103.017
103.017
108.879
108.879
115.286
115.286
122.306
122.306
130.014
130.014
138.499
138.499
147.86
147.86
158.213
158.213
169.689
169.689
182.44
182.44
196.645
196.645
212.51
212.51
230.277
230.277
250.234
250.234
272.721
272.721
298.142
298.142
326.986
326.986
359.844
359.844
397.434
397.434
440.641
440.641
490.561
490.561
548.567
548.567
616.391
616.391
696.247
696.247
791
791
904.402
904.402
1041.45
1041.45
1208.89
1208.89
1416.04
1416.04
1675.99
1675.99
2007.62
2007.62
2438.92
2438.92
3012.79
3012.79
3797.45
3797.45
4906.61
4906.61
6540.71
6540.71
9078.69
9078.69
13304.1
13304.1
21040.3
21040.3
37283.7
37283.7
79401.6
79401.6
235140
235140
1.3548e+06
1.3548e+06
0.454875
0.454875
0.45634
0.45634
0.459184
0.459184
0.463318
0.463318
0.468653
0.468653
0.475101
0.475101
0.482576
0.482576
0.490998
0.490998
0.500292
0.500292
0.510388
0.510388
0.521223
0.521223
0.532738
0.532738
0.544883
0.544883
0.557612
0.557612
0.570884
0.570884
0.584664
0.584664
0.598921
0.598921
0.61363
0.61363
0.628767
0.628767
0.644314
0.644314
0.660254
0.660254
0.676575
0.676575
0.693265
0.693265
0.710317
0.710317
0.727724
0.727724
0.745481
0.745481
0.763586
0.763586
0.782037
0.782037
0.800834
0.800834
0.819978
0.819978
0.839471
0.839471
0.859317
0.859317
0.87952
0.87952
0.900084
0.900084
0.921014
0.921014
0.942318
0.942318
0.964002
0.964002
0.986073
0.986073
1.00854
1.00854
1.03141
1.03141
1.0547
1.0547
1.0784
1.0784
1.10255
1.10255
1.12713
1.12713
1.15217
1.15217
1.17768
1.17768
1.20366
1.20366
1.23013
1.23013
1.25711
1.25711
1.2846
1.2846
1.31262
1.31262
1.34118
1.34118
1.3703
1.3703
1.4
1.4
1.43028
1.43028
1.46116
1.46116
1.49266
1.49266
1.5248
1.5248
1.55758
1.55758
1.59104
1.59104
1.62519
1.62519
1.66004
1.66004
1.69562
1.69562
1.73194
1.73194
1.76902
1.76902
1.80689
1.80689
1.84557
1.84557
1.88507
1.88507
1.92543
1.92543
1.96666
1.96666
2.00878
2.00878
2.05183
2.05183
2.09583
2.09583
2.1408
2.1408
2.18677
2.18677
2.23377
2.23377
2.28182
2.28182
2.33096
2.33096
2.38122
2.38122
2.43262
2.43262
2.48521
2.48521
2.53901
2.53901
2.59405
2.59405
2.65038
2.65038
2.70802
2.70802
2.76703
2.76703
2.82743
2.82743
2.88926
2.88926
2.95258
2.95258
3.01741
3.01741
3.08381
3.08381
3.15183
3.15183
3.2215
3.2215
3.29288
3.29288
3.36602
3.36602
3.44097
3.44097
3.51779
3.51779
3.59653
3.59653
3.67725
3.67725
3.76002
3.76002
3.84489
3.84489
3.93193
3.93193
4.02121
4.02121
4.1128
4.1128
4.20676
4.20676
4.30318
4.30318
4.40214
4.40214
4.5037
4.5037
4.60797
4.60797
4.71502
4.71502
4.82495
4.82495
4.93784
4.93784
5.05381
5.05381
5.17294
5.17294
5.29535
5.29535
5.42114
5.42114
5.55043
5.55043
5.68334
5.68334
5.81999
5.81999
5.96051
5.96051
6.10503
6.10503
6.2537
6.2537
6.40665
6.40665
6.56404
6.56404
6.72602
6.72602
6.89277
6.89277
7.06445
7.06445
7.24123
7.24123
7.42331
7.42331
7.61088
7.61088
7.80415
7.80415
8.00331
8.00331
8.2086
8.2086
8.42024
8.42024
8.63848
8.63848
8.86356
8.86356
9.09575
9.09575
9.33533
9.33533
9.58257
9.58257
9.83779
9.83779
10.1013
10.1013
10.3734
10.3734
10.6545
10.6545
10.9448
10.9448
11.2449
11.2449
11.5551
11.5551
11.8757
11.8757
12.2073
12.2073
12.5503
12.5503
12.9051
12.9051
13.2722
13.2722
13.6523
13.6523
14.0457
14.0457
14.4532
14.4532
14.8752
14.8752
15.3125
15.3125
15.7656
15.7656
16.2353
16.2353
16.7223
16.7223
17.2273
17.2273
17.7512
17.7512
18.2947
18.2947
18.8589
18.8589
19.4445
19.4445
20.0525
20.0525
20.684
20.684
21.34
21.34
22.0217
22.0217
22.7302
22.7302
23.4667
23.4667
24.2326
24.2326
25.0292
25.0292
25.8579
25.8579
26.7203
26.7203
27.618
27.618
28.5525
28.5525
29.5258
29.5258
30.5397
30.5397
31.5962
31.5962
32.6975
32.6975
33.8457
33.8457
35.0434
35.0434
36.2932
36.2932
37.5979
37.5979
38.9606
38.9606
40.3846
40.3846
41.8736
41.8736
43.4317
43.4317
45.0633
45.0633
46.7734
46.7734
48.5675
48.5675
50.4518
50.4518
52.4335
52.4335
54.5204
54.5204
56.7215
56.7215
59.0471
59.0471
61.5088
61.5088
64.1197
64.1197
66.895
66.895
69.8516
69.8516
73.0092
73.0092
76.3898
76.3898
80.0183
80.0183
83.9233
83.9233
88.1369
88.1369
92.6954
92.6954
97.64
97.64
103.017
103.017
108.879
108.879
115.286
115.286
122.306
122.306
130.014
130.014
138.499
138.499
147.86
147.86
158.213
158.213
169.689
169.689
182.44
182.44
196.645
196.645
212.51
212.51
230.277
230.277
250.234
250.234
272.721
272.721
298.142
298.142
326.986
326.986
359.844
359.844
397.434
397.434
440.641
440.641
490.561
490.561
548.567
548.567
616.391
616.391
696.247
696.247
791
791
904.402
904.402
1041.45
1041.45
1208.89
1208.89
1416.04
1416.04
1675.99
1675.99
2007.62
2007.62
2438.92
2438.92
3012.79
3012.79
3797.45
3797.45
4906.61
4906.61
6540.71
6540.71
9078.69
9078.69
13304.1
13304.1
21040.3
21040.3
37283.7
37283.7
79401.6
79401.6
235140
235140
1.3548e+06
1.3548e+06
)
;

boundaryField
{
    walls
    {
        blending        binomial2;
        n               2;
        beta1           0.075;
        type            omegaWallFunction;
        value           nonuniform List<scalar> 8(1.3548e+06 1.3548e+06 1.3548e+06 1.3548e+06 1.3548e+06 1.3548e+06 1.3548e+06 1.3548e+06);
    }
    inlet
    {
        type            cyclic;
    }
    outlet
    {
        type            cyclic;
    }
    sides
    {
        type            empty;
    }
}


// ************************************************************************* //
