/*--------------------------------*- C++ -*----------------------------------*\
| =========                 |                                                 |
| \\      /  F ield         | OpenFOAM: The Open Source CFD Toolbox           |
|  \\    /   O peration     | Version:  2106                                  |
|   \\  /    A nd           | Website:  www.openfoam.com                      |
|    \\/     M anipulation  |                                                 |
\*---------------------------------------------------------------------------*/
FoamFile
{
    version     2.0;
    format      ascii;
    arch        "LSB;label=32;scalar=64";
    class       volScalarField;
    location    "10050";
    object      alphat;
}
// * * * * * * * * * * * * * * * * * * * * * * * * * * * * * * * * * * * * * //

dimensions      [0 2 -1 0 0 0 0];

internalField   nonuniform List<scalar> 
2000
(
1.37177e-13
1.37177e-13
1.27103e-13
1.27103e-13
3.46124e-13
3.46124e-13
2.02366e-12
2.02366e-12
9.11354e-12
9.11354e-12
3.0862e-11
3.0862e-11
8.53117e-11
8.53117e-11
2.03889e-10
2.03889e-10
4.37267e-10
4.37267e-10
8.62716e-10
8.62716e-10
1.59322e-09
1.59322e-09
2.7886e-09
2.7886e-09
4.66906e-09
4.66906e-09
7.53139e-09
7.53139e-09
1.17683e-08
1.17683e-08
1.78912e-08
1.78912e-08
2.65572e-08
2.65572e-08
3.86e-08
3.86e-08
5.5066e-08
5.5066e-08
7.72557e-08
7.72557e-08
1.0677e-07
1.0677e-07
1.45563e-07
1.45563e-07
1.96e-07
1.96e-07
2.60921e-07
2.60921e-07
3.43713e-07
3.43713e-07
4.48378e-07
4.48378e-07
5.79617e-07
5.79617e-07
7.42906e-07
7.42906e-07
9.44573e-07
9.44573e-07
1.19188e-06
1.19188e-06
1.49309e-06
1.49309e-06
1.85752e-06
1.85752e-06
2.2956e-06
2.2956e-06
2.8189e-06
2.8189e-06
3.44014e-06
3.44014e-06
4.17313e-06
4.17313e-06
5.03279e-06
5.03279e-06
6.035e-06
6.035e-06
7.19652e-06
7.19652e-06
8.53482e-06
8.53482e-06
1.00679e-05
1.00679e-05
1.18142e-05
1.18142e-05
1.37921e-05
1.37921e-05
1.60199e-05
1.60199e-05
1.85157e-05
1.85157e-05
2.12967e-05
2.12967e-05
2.43796e-05
2.43796e-05
2.778e-05
2.778e-05
3.15122e-05
3.15122e-05
3.55895e-05
3.55895e-05
4.00237e-05
4.00237e-05
4.48252e-05
4.48252e-05
5.00033e-05
5.00033e-05
5.55657e-05
5.55657e-05
6.15189e-05
6.15189e-05
6.78683e-05
6.78683e-05
7.46183e-05
7.46183e-05
8.17723e-05
8.17723e-05
8.93329e-05
8.93329e-05
9.7302e-05
9.7302e-05
0.000105681
0.000105681
0.000114471
0.000114471
0.000123672
0.000123672
0.000133285
0.000133285
0.00014331
0.00014331
0.000153748
0.000153748
0.000164597
0.000164597
0.00017586
0.00017586
0.000187535
0.000187535
0.000199623
0.000199623
0.000212125
0.000212125
0.000225041
0.000225041
0.000238373
0.000238373
0.000252121
0.000252121
0.000266287
0.000266287
0.000280872
0.000280872
0.000295879
0.000295879
0.000311307
0.000311307
0.000327161
0.000327161
0.000343442
0.000343442
0.000360153
0.000360153
0.000377297
0.000377297
0.000394875
0.000394875
0.000412893
0.000412893
0.000431352
0.000431352
0.000450256
0.000450256
0.000469608
0.000469608
0.000489413
0.000489413
0.000509674
0.000509674
0.000530396
0.000530396
0.000551581
0.000551581
0.000573236
0.000573236
0.000595363
0.000595363
0.000617967
0.000617967
0.000641054
0.000641054
0.000664626
0.000664626
0.000688691
0.000688691
0.000713251
0.000713251
0.000738313
0.000738313
0.00076388
0.00076388
0.000789959
0.000789959
0.000816555
0.000816555
0.000843671
0.000843671
0.000871315
0.000871315
0.000899491
0.000899491
0.000928204
0.000928204
0.00095746
0.00095746
0.000987264
0.000987264
0.00101762
0.00101762
0.00104854
0.00104854
0.00108002
0.00108002
0.00111207
0.00111207
0.0011447
0.0011447
0.00117791
0.00117791
0.0012117
0.0012117
0.00124609
0.00124609
0.00128108
0.00128108
0.00131667
0.00131667
0.00135286
0.00135286
0.00138967
0.00138967
0.0014271
0.0014271
0.00146516
0.00146516
0.00150384
0.00150384
0.00154316
0.00154316
0.00158312
0.00158312
0.00162372
0.00162372
0.00166498
0.00166498
0.00170688
0.00170688
0.00174945
0.00174945
0.00179268
0.00179268
0.00183658
0.00183658
0.00188115
0.00188115
0.0019264
0.0019264
0.00197233
0.00197233
0.00201894
0.00201894
0.00206624
0.00206624
0.00211423
0.00211423
0.00216292
0.00216292
0.00221231
0.00221231
0.00226239
0.00226239
0.00231318
0.00231318
0.00236467
0.00236467
0.00241687
0.00241687
0.00246978
0.00246978
0.00252339
0.00252339
0.00257772
0.00257772
0.00263276
0.00263276
0.00268852
0.00268852
0.00274498
0.00274498
0.00280216
0.00280216
0.00286005
0.00286005
0.00291864
0.00291864
0.00297795
0.00297795
0.00303796
0.00303796
0.00309867
0.00309867
0.00316008
0.00316008
0.00322219
0.00322219
0.00328499
0.00328499
0.00334848
0.00334848
0.00341265
0.00341265
0.00347749
0.00347749
0.003543
0.003543
0.00360917
0.00360917
0.00367599
0.00367599
0.00374345
0.00374345
0.00381155
0.00381155
0.00388026
0.00388026
0.00394959
0.00394959
0.00401952
0.00401952
0.00409003
0.00409003
0.00416111
0.00416111
0.00423275
0.00423275
0.00430492
0.00430492
0.00437761
0.00437761
0.0044508
0.0044508
0.00452448
0.00452448
0.00459862
0.00459862
0.00467319
0.00467319
0.00474818
0.00474818
0.00482355
0.00482355
0.00489929
0.00489929
0.00497536
0.00497536
0.00505174
0.00505174
0.00512839
0.00512839
0.00520528
0.00520528
0.00528237
0.00528237
0.00535963
0.00535963
0.00543703
0.00543703
0.00551451
0.00551451
0.00559205
0.00559205
0.00566958
0.00566958
0.00574708
0.00574708
0.00582448
0.00582448
0.00590174
0.00590174
0.00597881
0.00597881
0.00605562
0.00605562
0.00613213
0.00613213
0.00620826
0.00620826
0.00628396
0.00628396
0.00635917
0.00635917
0.0064338
0.0064338
0.0065078
0.0065078
0.00658107
0.00658107
0.00665356
0.00665356
0.00672517
0.00672517
0.00679582
0.00679582
0.00686543
0.00686543
0.00693389
0.00693389
0.00700112
0.00700112
0.00706703
0.00706703
0.0071315
0.0071315
0.00719443
0.00719443
0.00725572
0.00725572
0.00731525
0.00731525
0.00737291
0.00737291
0.00742857
0.00742857
0.00748213
0.00748213
0.00753344
0.00753344
0.0075824
0.0075824
0.00762886
0.00762886
0.0076727
0.0076727
0.00771378
0.00771378
0.00775198
0.00775198
0.00778716
0.00778716
0.00781919
0.00781919
0.00784796
0.00784796
0.00787334
0.00787334
0.00789522
0.00789522
0.00791349
0.00791349
0.00792808
0.00792808
0.00793891
0.00793891
0.00794594
0.00794594
0.00794914
0.00794914
0.00794852
0.00794852
0.00794415
0.00794415
0.00793612
0.00793612
0.00792459
0.00792459
0.00790979
0.00790979
0.00789202
0.00789202
0.00787167
0.00787167
0.00784922
0.00784922
0.00782524
0.00782524
0.00780041
0.00780041
0.00777553
0.00777553
0.00775146
0.00775146
0.00772914
0.00772914
0.00770953
0.00770953
0.00769362
0.00769362
0.0076823
0.0076823
0.00767634
0.00767634
1.37177e-13
1.37177e-13
1.27103e-13
1.27103e-13
3.46124e-13
3.46124e-13
2.02366e-12
2.02366e-12
9.11354e-12
9.11354e-12
3.0862e-11
3.0862e-11
8.53117e-11
8.53117e-11
2.03889e-10
2.03889e-10
4.37267e-10
4.37267e-10
8.62716e-10
8.62716e-10
1.59322e-09
1.59322e-09
2.7886e-09
2.7886e-09
4.66906e-09
4.66906e-09
7.53139e-09
7.53139e-09
1.17683e-08
1.17683e-08
1.78912e-08
1.78912e-08
2.65572e-08
2.65572e-08
3.86e-08
3.86e-08
5.5066e-08
5.5066e-08
7.72557e-08
7.72557e-08
1.0677e-07
1.0677e-07
1.45563e-07
1.45563e-07
1.96e-07
1.96e-07
2.60921e-07
2.60921e-07
3.43713e-07
3.43713e-07
4.48378e-07
4.48378e-07
5.79617e-07
5.79617e-07
7.42906e-07
7.42906e-07
9.44573e-07
9.44573e-07
1.19188e-06
1.19188e-06
1.49309e-06
1.49309e-06
1.85752e-06
1.85752e-06
2.2956e-06
2.2956e-06
2.8189e-06
2.8189e-06
3.44014e-06
3.44014e-06
4.17313e-06
4.17313e-06
5.03279e-06
5.03279e-06
6.035e-06
6.035e-06
7.19652e-06
7.19652e-06
8.53482e-06
8.53482e-06
1.00679e-05
1.00679e-05
1.18142e-05
1.18142e-05
1.37921e-05
1.37921e-05
1.60199e-05
1.60199e-05
1.85157e-05
1.85157e-05
2.12967e-05
2.12967e-05
2.43796e-05
2.43796e-05
2.778e-05
2.778e-05
3.15122e-05
3.15122e-05
3.55895e-05
3.55895e-05
4.00237e-05
4.00237e-05
4.48252e-05
4.48252e-05
5.00033e-05
5.00033e-05
5.55657e-05
5.55657e-05
6.15189e-05
6.15189e-05
6.78683e-05
6.78683e-05
7.46183e-05
7.46183e-05
8.17723e-05
8.17723e-05
8.93329e-05
8.93329e-05
9.7302e-05
9.7302e-05
0.000105681
0.000105681
0.000114471
0.000114471
0.000123672
0.000123672
0.000133285
0.000133285
0.00014331
0.00014331
0.000153748
0.000153748
0.000164597
0.000164597
0.00017586
0.00017586
0.000187535
0.000187535
0.000199623
0.000199623
0.000212125
0.000212125
0.000225041
0.000225041
0.000238373
0.000238373
0.000252121
0.000252121
0.000266287
0.000266287
0.000280872
0.000280872
0.000295879
0.000295879
0.000311307
0.000311307
0.000327161
0.000327161
0.000343442
0.000343442
0.000360153
0.000360153
0.000377297
0.000377297
0.000394875
0.000394875
0.000412893
0.000412893
0.000431352
0.000431352
0.000450256
0.000450256
0.000469608
0.000469608
0.000489413
0.000489413
0.000509674
0.000509674
0.000530396
0.000530396
0.000551581
0.000551581
0.000573236
0.000573236
0.000595363
0.000595363
0.000617967
0.000617967
0.000641054
0.000641054
0.000664626
0.000664626
0.000688691
0.000688691
0.000713251
0.000713251
0.000738313
0.000738313
0.00076388
0.00076388
0.000789959
0.000789959
0.000816555
0.000816555
0.000843671
0.000843671
0.000871315
0.000871315
0.000899491
0.000899491
0.000928204
0.000928204
0.00095746
0.00095746
0.000987264
0.000987264
0.00101762
0.00101762
0.00104854
0.00104854
0.00108002
0.00108002
0.00111207
0.00111207
0.0011447
0.0011447
0.00117791
0.00117791
0.0012117
0.0012117
0.00124609
0.00124609
0.00128108
0.00128108
0.00131667
0.00131667
0.00135286
0.00135286
0.00138967
0.00138967
0.0014271
0.0014271
0.00146516
0.00146516
0.00150384
0.00150384
0.00154316
0.00154316
0.00158312
0.00158312
0.00162372
0.00162372
0.00166498
0.00166498
0.00170688
0.00170688
0.00174945
0.00174945
0.00179268
0.00179268
0.00183658
0.00183658
0.00188115
0.00188115
0.0019264
0.0019264
0.00197233
0.00197233
0.00201894
0.00201894
0.00206624
0.00206624
0.00211423
0.00211423
0.00216292
0.00216292
0.00221231
0.00221231
0.00226239
0.00226239
0.00231318
0.00231318
0.00236467
0.00236467
0.00241687
0.00241687
0.00246978
0.00246978
0.00252339
0.00252339
0.00257772
0.00257772
0.00263276
0.00263276
0.00268852
0.00268852
0.00274498
0.00274498
0.00280216
0.00280216
0.00286005
0.00286005
0.00291864
0.00291864
0.00297795
0.00297795
0.00303796
0.00303796
0.00309867
0.00309867
0.00316008
0.00316008
0.00322219
0.00322219
0.00328499
0.00328499
0.00334848
0.00334848
0.00341265
0.00341265
0.00347749
0.00347749
0.003543
0.003543
0.00360917
0.00360917
0.00367599
0.00367599
0.00374345
0.00374345
0.00381155
0.00381155
0.00388026
0.00388026
0.00394959
0.00394959
0.00401952
0.00401952
0.00409003
0.00409003
0.00416111
0.00416111
0.00423275
0.00423275
0.00430492
0.00430492
0.00437761
0.00437761
0.0044508
0.0044508
0.00452448
0.00452448
0.00459862
0.00459862
0.00467319
0.00467319
0.00474818
0.00474818
0.00482355
0.00482355
0.00489929
0.00489929
0.00497536
0.00497536
0.00505174
0.00505174
0.00512839
0.00512839
0.00520528
0.00520528
0.00528237
0.00528237
0.00535963
0.00535963
0.00543703
0.00543703
0.00551451
0.00551451
0.00559205
0.00559205
0.00566958
0.00566958
0.00574708
0.00574708
0.00582448
0.00582448
0.00590174
0.00590174
0.00597881
0.00597881
0.00605562
0.00605562
0.00613213
0.00613213
0.00620826
0.00620826
0.00628396
0.00628396
0.00635917
0.00635917
0.0064338
0.0064338
0.0065078
0.0065078
0.00658107
0.00658107
0.00665356
0.00665356
0.00672517
0.00672517
0.00679582
0.00679582
0.00686543
0.00686543
0.00693389
0.00693389
0.00700112
0.00700112
0.00706703
0.00706703
0.0071315
0.0071315
0.00719443
0.00719443
0.00725572
0.00725572
0.00731525
0.00731525
0.00737291
0.00737291
0.00742857
0.00742857
0.00748213
0.00748213
0.00753344
0.00753344
0.0075824
0.0075824
0.00762886
0.00762886
0.0076727
0.0076727
0.00771378
0.00771378
0.00775198
0.00775198
0.00778716
0.00778716
0.00781919
0.00781919
0.00784796
0.00784796
0.00787334
0.00787334
0.00789522
0.00789522
0.00791349
0.00791349
0.00792808
0.00792808
0.00793891
0.00793891
0.00794594
0.00794594
0.00794914
0.00794914
0.00794852
0.00794852
0.00794415
0.00794415
0.00793612
0.00793612
0.00792459
0.00792459
0.00790979
0.00790979
0.00789202
0.00789202
0.00787167
0.00787167
0.00784922
0.00784922
0.00782524
0.00782524
0.00780041
0.00780041
0.00777553
0.00777553
0.00775146
0.00775146
0.00772914
0.00772914
0.00770953
0.00770953
0.00769362
0.00769362
0.0076823
0.0076823
0.00767634
0.00767634
0.00767634
0.00767634
0.0076823
0.0076823
0.00769362
0.00769362
0.00770953
0.00770953
0.00772914
0.00772914
0.00775146
0.00775146
0.00777553
0.00777553
0.00780041
0.00780041
0.00782524
0.00782524
0.00784922
0.00784922
0.00787167
0.00787167
0.00789202
0.00789202
0.00790979
0.00790979
0.00792459
0.00792459
0.00793612
0.00793612
0.00794415
0.00794415
0.00794852
0.00794852
0.00794913
0.00794913
0.00794594
0.00794594
0.00793891
0.00793891
0.00792808
0.00792808
0.00791349
0.00791349
0.00789522
0.00789522
0.00787334
0.00787334
0.00784796
0.00784796
0.00781919
0.00781919
0.00778716
0.00778716
0.00775198
0.00775198
0.00771378
0.00771378
0.00767269
0.00767269
0.00762886
0.00762886
0.0075824
0.0075824
0.00753344
0.00753344
0.00748213
0.00748213
0.00742857
0.00742857
0.0073729
0.0073729
0.00731525
0.00731525
0.00725572
0.00725572
0.00719443
0.00719443
0.0071315
0.0071315
0.00706703
0.00706703
0.00700112
0.00700112
0.00693389
0.00693389
0.00686542
0.00686542
0.00679582
0.00679582
0.00672517
0.00672517
0.00665356
0.00665356
0.00658107
0.00658107
0.0065078
0.0065078
0.0064338
0.0064338
0.00635917
0.00635917
0.00628396
0.00628396
0.00620826
0.00620826
0.00613213
0.00613213
0.00605562
0.00605562
0.0059788
0.0059788
0.00590174
0.00590174
0.00582448
0.00582448
0.00574708
0.00574708
0.00566958
0.00566958
0.00559205
0.00559205
0.00551451
0.00551451
0.00543703
0.00543703
0.00535963
0.00535963
0.00528237
0.00528237
0.00520528
0.00520528
0.00512839
0.00512839
0.00505174
0.00505174
0.00497536
0.00497536
0.00489929
0.00489929
0.00482355
0.00482355
0.00474818
0.00474818
0.00467319
0.00467319
0.00459862
0.00459862
0.00452448
0.00452448
0.0044508
0.0044508
0.00437761
0.00437761
0.00430492
0.00430492
0.00423274
0.00423274
0.00416111
0.00416111
0.00409003
0.00409003
0.00401952
0.00401952
0.00394959
0.00394959
0.00388026
0.00388026
0.00381155
0.00381155
0.00374345
0.00374345
0.00367599
0.00367599
0.00360916
0.00360916
0.003543
0.003543
0.00347749
0.00347749
0.00341264
0.00341264
0.00334848
0.00334848
0.00328499
0.00328499
0.00322219
0.00322219
0.00316008
0.00316008
0.00309867
0.00309867
0.00303796
0.00303796
0.00297795
0.00297795
0.00291864
0.00291864
0.00286005
0.00286005
0.00280216
0.00280216
0.00274498
0.00274498
0.00268852
0.00268852
0.00263276
0.00263276
0.00257772
0.00257772
0.00252339
0.00252339
0.00246978
0.00246978
0.00241687
0.00241687
0.00236467
0.00236467
0.00231318
0.00231318
0.00226239
0.00226239
0.00221231
0.00221231
0.00216292
0.00216292
0.00211423
0.00211423
0.00206624
0.00206624
0.00201894
0.00201894
0.00197233
0.00197233
0.0019264
0.0019264
0.00188115
0.00188115
0.00183658
0.00183658
0.00179268
0.00179268
0.00174945
0.00174945
0.00170688
0.00170688
0.00166498
0.00166498
0.00162372
0.00162372
0.00158312
0.00158312
0.00154316
0.00154316
0.00150384
0.00150384
0.00146516
0.00146516
0.0014271
0.0014271
0.00138967
0.00138967
0.00135286
0.00135286
0.00131667
0.00131667
0.00128108
0.00128108
0.00124609
0.00124609
0.0012117
0.0012117
0.00117791
0.00117791
0.0011447
0.0011447
0.00111207
0.00111207
0.00108002
0.00108002
0.00104854
0.00104854
0.00101762
0.00101762
0.000987264
0.000987264
0.00095746
0.00095746
0.000928204
0.000928204
0.000899491
0.000899491
0.000871315
0.000871315
0.000843671
0.000843671
0.000816555
0.000816555
0.000789959
0.000789959
0.00076388
0.00076388
0.000738313
0.000738313
0.000713251
0.000713251
0.000688691
0.000688691
0.000664626
0.000664626
0.000641054
0.000641054
0.000617967
0.000617967
0.000595363
0.000595363
0.000573236
0.000573236
0.000551581
0.000551581
0.000530396
0.000530396
0.000509674
0.000509674
0.000489413
0.000489413
0.000469608
0.000469608
0.000450256
0.000450256
0.000431352
0.000431352
0.000412893
0.000412893
0.000394875
0.000394875
0.000377297
0.000377297
0.000360153
0.000360153
0.000343442
0.000343442
0.000327161
0.000327161
0.000311307
0.000311307
0.000295879
0.000295879
0.000280872
0.000280872
0.000266287
0.000266287
0.000252121
0.000252121
0.000238373
0.000238373
0.000225042
0.000225042
0.000212125
0.000212125
0.000199623
0.000199623
0.000187535
0.000187535
0.00017586
0.00017586
0.000164597
0.000164597
0.000153748
0.000153748
0.00014331
0.00014331
0.000133285
0.000133285
0.000123672
0.000123672
0.000114471
0.000114471
0.000105681
0.000105681
9.7302e-05
9.7302e-05
8.93329e-05
8.93329e-05
8.17723e-05
8.17723e-05
7.46183e-05
7.46183e-05
6.78683e-05
6.78683e-05
6.15189e-05
6.15189e-05
5.55657e-05
5.55657e-05
5.00033e-05
5.00033e-05
4.48252e-05
4.48252e-05
4.00237e-05
4.00237e-05
3.55895e-05
3.55895e-05
3.15122e-05
3.15122e-05
2.778e-05
2.778e-05
2.43796e-05
2.43796e-05
2.12967e-05
2.12967e-05
1.85157e-05
1.85157e-05
1.60199e-05
1.60199e-05
1.37921e-05
1.37921e-05
1.18142e-05
1.18142e-05
1.00679e-05
1.00679e-05
8.53483e-06
8.53483e-06
7.19652e-06
7.19652e-06
6.035e-06
6.035e-06
5.03279e-06
5.03279e-06
4.17314e-06
4.17314e-06
3.44014e-06
3.44014e-06
2.8189e-06
2.8189e-06
2.2956e-06
2.2956e-06
1.85752e-06
1.85752e-06
1.49309e-06
1.49309e-06
1.19188e-06
1.19188e-06
9.44573e-07
9.44573e-07
7.42906e-07
7.42906e-07
5.79617e-07
5.79617e-07
4.48378e-07
4.48378e-07
3.43713e-07
3.43713e-07
2.60921e-07
2.60921e-07
1.96e-07
1.96e-07
1.45563e-07
1.45563e-07
1.0677e-07
1.0677e-07
7.72558e-08
7.72558e-08
5.5066e-08
5.5066e-08
3.86e-08
3.86e-08
2.65572e-08
2.65572e-08
1.78912e-08
1.78912e-08
1.17683e-08
1.17683e-08
7.53139e-09
7.53139e-09
4.66907e-09
4.66907e-09
2.7886e-09
2.7886e-09
1.59322e-09
1.59322e-09
8.62715e-10
8.62715e-10
4.37267e-10
4.37267e-10
2.0389e-10
2.0389e-10
8.53118e-11
8.53118e-11
3.0862e-11
3.0862e-11
9.11356e-12
9.11356e-12
2.02367e-12
2.02367e-12
3.46127e-13
3.46127e-13
1.27104e-13
1.27104e-13
1.37178e-13
1.37178e-13
0.00767634
0.00767634
0.0076823
0.0076823
0.00769362
0.00769362
0.00770953
0.00770953
0.00772914
0.00772914
0.00775146
0.00775146
0.00777553
0.00777553
0.00780041
0.00780041
0.00782524
0.00782524
0.00784922
0.00784922
0.00787167
0.00787167
0.00789202
0.00789202
0.00790979
0.00790979
0.00792459
0.00792459
0.00793612
0.00793612
0.00794415
0.00794415
0.00794852
0.00794852
0.00794913
0.00794913
0.00794594
0.00794594
0.00793891
0.00793891
0.00792808
0.00792808
0.00791349
0.00791349
0.00789522
0.00789522
0.00787334
0.00787334
0.00784796
0.00784796
0.00781919
0.00781919
0.00778716
0.00778716
0.00775198
0.00775198
0.00771378
0.00771378
0.00767269
0.00767269
0.00762886
0.00762886
0.0075824
0.0075824
0.00753344
0.00753344
0.00748213
0.00748213
0.00742857
0.00742857
0.0073729
0.0073729
0.00731525
0.00731525
0.00725572
0.00725572
0.00719443
0.00719443
0.0071315
0.0071315
0.00706703
0.00706703
0.00700112
0.00700112
0.00693389
0.00693389
0.00686542
0.00686542
0.00679582
0.00679582
0.00672517
0.00672517
0.00665356
0.00665356
0.00658107
0.00658107
0.0065078
0.0065078
0.0064338
0.0064338
0.00635917
0.00635917
0.00628396
0.00628396
0.00620826
0.00620826
0.00613213
0.00613213
0.00605562
0.00605562
0.0059788
0.0059788
0.00590174
0.00590174
0.00582448
0.00582448
0.00574708
0.00574708
0.00566958
0.00566958
0.00559205
0.00559205
0.00551451
0.00551451
0.00543703
0.00543703
0.00535963
0.00535963
0.00528237
0.00528237
0.00520528
0.00520528
0.00512839
0.00512839
0.00505174
0.00505174
0.00497536
0.00497536
0.00489929
0.00489929
0.00482355
0.00482355
0.00474818
0.00474818
0.00467319
0.00467319
0.00459862
0.00459862
0.00452448
0.00452448
0.0044508
0.0044508
0.00437761
0.00437761
0.00430492
0.00430492
0.00423274
0.00423274
0.00416111
0.00416111
0.00409003
0.00409003
0.00401952
0.00401952
0.00394959
0.00394959
0.00388026
0.00388026
0.00381155
0.00381155
0.00374345
0.00374345
0.00367599
0.00367599
0.00360916
0.00360916
0.003543
0.003543
0.00347749
0.00347749
0.00341264
0.00341264
0.00334848
0.00334848
0.00328499
0.00328499
0.00322219
0.00322219
0.00316008
0.00316008
0.00309867
0.00309867
0.00303796
0.00303796
0.00297795
0.00297795
0.00291864
0.00291864
0.00286005
0.00286005
0.00280216
0.00280216
0.00274498
0.00274498
0.00268852
0.00268852
0.00263276
0.00263276
0.00257772
0.00257772
0.00252339
0.00252339
0.00246978
0.00246978
0.00241687
0.00241687
0.00236467
0.00236467
0.00231318
0.00231318
0.00226239
0.00226239
0.00221231
0.00221231
0.00216292
0.00216292
0.00211423
0.00211423
0.00206624
0.00206624
0.00201894
0.00201894
0.00197233
0.00197233
0.0019264
0.0019264
0.00188115
0.00188115
0.00183658
0.00183658
0.00179268
0.00179268
0.00174945
0.00174945
0.00170688
0.00170688
0.00166498
0.00166498
0.00162372
0.00162372
0.00158312
0.00158312
0.00154316
0.00154316
0.00150384
0.00150384
0.00146516
0.00146516
0.0014271
0.0014271
0.00138967
0.00138967
0.00135286
0.00135286
0.00131667
0.00131667
0.00128108
0.00128108
0.00124609
0.00124609
0.0012117
0.0012117
0.00117791
0.00117791
0.0011447
0.0011447
0.00111207
0.00111207
0.00108002
0.00108002
0.00104854
0.00104854
0.00101762
0.00101762
0.000987264
0.000987264
0.00095746
0.00095746
0.000928204
0.000928204
0.000899491
0.000899491
0.000871315
0.000871315
0.000843671
0.000843671
0.000816555
0.000816555
0.000789959
0.000789959
0.00076388
0.00076388
0.000738313
0.000738313
0.000713251
0.000713251
0.000688691
0.000688691
0.000664626
0.000664626
0.000641054
0.000641054
0.000617967
0.000617967
0.000595363
0.000595363
0.000573236
0.000573236
0.000551581
0.000551581
0.000530396
0.000530396
0.000509674
0.000509674
0.000489413
0.000489413
0.000469608
0.000469608
0.000450256
0.000450256
0.000431352
0.000431352
0.000412893
0.000412893
0.000394875
0.000394875
0.000377297
0.000377297
0.000360153
0.000360153
0.000343442
0.000343442
0.000327161
0.000327161
0.000311307
0.000311307
0.000295879
0.000295879
0.000280872
0.000280872
0.000266287
0.000266287
0.000252121
0.000252121
0.000238373
0.000238373
0.000225042
0.000225042
0.000212125
0.000212125
0.000199623
0.000199623
0.000187535
0.000187535
0.00017586
0.00017586
0.000164597
0.000164597
0.000153748
0.000153748
0.00014331
0.00014331
0.000133285
0.000133285
0.000123672
0.000123672
0.000114471
0.000114471
0.000105681
0.000105681
9.7302e-05
9.7302e-05
8.93329e-05
8.93329e-05
8.17723e-05
8.17723e-05
7.46183e-05
7.46183e-05
6.78683e-05
6.78683e-05
6.15189e-05
6.15189e-05
5.55657e-05
5.55657e-05
5.00033e-05
5.00033e-05
4.48252e-05
4.48252e-05
4.00237e-05
4.00237e-05
3.55895e-05
3.55895e-05
3.15122e-05
3.15122e-05
2.778e-05
2.778e-05
2.43796e-05
2.43796e-05
2.12967e-05
2.12967e-05
1.85157e-05
1.85157e-05
1.60199e-05
1.60199e-05
1.37921e-05
1.37921e-05
1.18142e-05
1.18142e-05
1.00679e-05
1.00679e-05
8.53483e-06
8.53483e-06
7.19652e-06
7.19652e-06
6.035e-06
6.035e-06
5.03279e-06
5.03279e-06
4.17314e-06
4.17314e-06
3.44014e-06
3.44014e-06
2.8189e-06
2.8189e-06
2.2956e-06
2.2956e-06
1.85752e-06
1.85752e-06
1.49309e-06
1.49309e-06
1.19188e-06
1.19188e-06
9.44573e-07
9.44573e-07
7.42906e-07
7.42906e-07
5.79617e-07
5.79617e-07
4.48378e-07
4.48378e-07
3.43713e-07
3.43713e-07
2.60921e-07
2.60921e-07
1.96e-07
1.96e-07
1.45563e-07
1.45563e-07
1.0677e-07
1.0677e-07
7.72558e-08
7.72558e-08
5.5066e-08
5.5066e-08
3.86e-08
3.86e-08
2.65572e-08
2.65572e-08
1.78912e-08
1.78912e-08
1.17683e-08
1.17683e-08
7.53139e-09
7.53139e-09
4.66907e-09
4.66907e-09
2.7886e-09
2.7886e-09
1.59322e-09
1.59322e-09
8.62715e-10
8.62715e-10
4.37267e-10
4.37267e-10
2.0389e-10
2.0389e-10
8.53118e-11
8.53118e-11
3.0862e-11
3.0862e-11
9.11356e-12
9.11356e-12
2.02367e-12
2.02367e-12
3.46127e-13
3.46127e-13
1.27104e-13
1.27104e-13
1.37178e-13
1.37178e-13
)
;

boundaryField
{
    walls
    {
        type            alphatJayatillekeWallFunction;
        Prt             0.85;
        kappa           0.41;
        E               9.8;
        value           uniform 0;
    }
    inlet
    {
        type            cyclic;
    }
    outlet
    {
        type            cyclic;
    }
    sides
    {
        type            empty;
    }
}


// ************************************************************************* //
