/*--------------------------------*- C++ -*----------------------------------*\
| =========                 |                                                 |
| \\      /  F ield         | OpenFOAM: The Open Source CFD Toolbox           |
|  \\    /   O peration     | Version:  2106                                  |
|   \\  /    A nd           | Website:  www.openfoam.com                      |
|    \\/     M anipulation  |                                                 |
\*---------------------------------------------------------------------------*/
FoamFile
{
    version     2.0;
    format      ascii;
    arch        "LSB;label=32;scalar=64";
    class       volScalarField;
    location    "10050";
    object      k;
}
// * * * * * * * * * * * * * * * * * * * * * * * * * * * * * * * * * * * * * //

dimensions      [0 2 -2 0 0 0 0];

internalField   nonuniform List<scalar> 
2000
(
1.5797e-07
1.5797e-07
2.5404e-08
2.5404e-08
2.33603e-08
2.33603e-08
6.41318e-08
6.41318e-08
1.62987e-07
1.62987e-07
3.48998e-07
3.48998e-07
6.58335e-07
6.58335e-07
1.13353e-06
1.13353e-06
1.82365e-06
1.82365e-06
2.78467e-06
2.78467e-06
4.07998e-06
4.07998e-06
5.78096e-06
5.78096e-06
7.96756e-06
7.96756e-06
1.0729e-05
1.0729e-05
1.41646e-05
1.41646e-05
1.83841e-05
1.83841e-05
2.3509e-05
2.3509e-05
2.96731e-05
2.96731e-05
3.70233e-05
3.70233e-05
4.57202e-05
4.57202e-05
5.59396e-05
5.59396e-05
6.78726e-05
6.78726e-05
8.17265e-05
8.17265e-05
9.77254e-05
9.77254e-05
0.000116111
0.000116111
0.000137142
0.000137142
0.000161095
0.000161095
0.000188265
0.000188265
0.00021896
0.00021896
0.000253507
0.000253507
0.000292245
0.000292245
0.000335522
0.000335522
0.000383696
0.000383696
0.000437128
0.000437128
0.000496176
0.000496176
0.000561191
0.000561191
0.000632509
0.000632509
0.000710443
0.000710443
0.000795276
0.000795276
0.00088725
0.00088725
0.000986559
0.000986559
0.00109334
0.00109334
0.00120766
0.00120766
0.00132952
0.00132952
0.00145883
0.00145883
0.00159543
0.00159543
0.00173908
0.00173908
0.00188944
0.00188944
0.0020461
0.0020461
0.00220859
0.00220859
0.00237636
0.00237636
0.00254881
0.00254881
0.0027253
0.0027253
0.00290517
0.00290517
0.00308773
0.00308773
0.00327229
0.00327229
0.00345816
0.00345816
0.00364469
0.00364469
0.00383123
0.00383123
0.00401718
0.00401718
0.00420199
0.00420199
0.00438513
0.00438513
0.00456613
0.00456613
0.00474457
0.00474457
0.00492009
0.00492009
0.00509235
0.00509235
0.00526109
0.00526109
0.00542607
0.00542607
0.0055871
0.0055871
0.00574404
0.00574404
0.00589676
0.00589676
0.00604519
0.00604519
0.00618926
0.00618926
0.00632896
0.00632896
0.00646427
0.00646427
0.00659522
0.00659522
0.00672182
0.00672182
0.00684414
0.00684414
0.00696222
0.00696222
0.00707614
0.00707614
0.00718597
0.00718597
0.00729179
0.00729179
0.0073937
0.0073937
0.00749179
0.00749179
0.00758616
0.00758616
0.0076769
0.0076769
0.00776411
0.00776411
0.00784789
0.00784789
0.00792835
0.00792835
0.00800557
0.00800557
0.00807966
0.00807966
0.00815072
0.00815072
0.00821883
0.00821883
0.00828409
0.00828409
0.00834659
0.00834659
0.00840642
0.00840642
0.00846365
0.00846365
0.00851838
0.00851838
0.00857068
0.00857068
0.00862063
0.00862063
0.00866829
0.00866829
0.00871375
0.00871375
0.00875707
0.00875707
0.00879832
0.00879832
0.00883756
0.00883756
0.00887484
0.00887484
0.00891024
0.00891024
0.00894379
0.00894379
0.00897557
0.00897557
0.00900561
0.00900561
0.00903397
0.00903397
0.00906069
0.00906069
0.00908582
0.00908582
0.0091094
0.0091094
0.00913147
0.00913147
0.00915207
0.00915207
0.00917123
0.00917123
0.00918899
0.00918899
0.00920539
0.00920539
0.00922045
0.00922045
0.00923421
0.00923421
0.00924669
0.00924669
0.00925792
0.00925792
0.00926792
0.00926792
0.00927673
0.00927673
0.00928435
0.00928435
0.00929083
0.00929083
0.00929617
0.00929617
0.00930039
0.00930039
0.00930351
0.00930351
0.00930556
0.00930556
0.00930654
0.00930654
0.00930647
0.00930647
0.00930536
0.00930536
0.00930324
0.00930324
0.0093001
0.0093001
0.00929597
0.00929597
0.00929084
0.00929084
0.00928474
0.00928474
0.00927767
0.00927767
0.00926964
0.00926964
0.00926066
0.00926066
0.00925073
0.00925073
0.00923985
0.00923985
0.00922805
0.00922805
0.00921531
0.00921531
0.00920164
0.00920164
0.00918706
0.00918706
0.00917155
0.00917155
0.00915512
0.00915512
0.00913778
0.00913778
0.00911953
0.00911953
0.00910036
0.00910036
0.00908027
0.00908027
0.00905928
0.00905928
0.00903737
0.00903737
0.00901454
0.00901454
0.00899079
0.00899079
0.00896613
0.00896613
0.00894054
0.00894054
0.00891403
0.00891403
0.00888659
0.00888659
0.00885821
0.00885821
0.0088289
0.0088289
0.00879865
0.00879865
0.00876745
0.00876745
0.00873529
0.00873529
0.00870218
0.00870218
0.00866811
0.00866811
0.00863306
0.00863306
0.00859703
0.00859703
0.00856002
0.00856002
0.00852201
0.00852201
0.008483
0.008483
0.00844299
0.00844299
0.00840195
0.00840195
0.00835989
0.00835989
0.00831679
0.00831679
0.00827264
0.00827264
0.00822743
0.00822743
0.00818116
0.00818116
0.00813381
0.00813381
0.00808538
0.00808538
0.00803584
0.00803584
0.00798519
0.00798519
0.00793343
0.00793343
0.00788053
0.00788053
0.00782648
0.00782648
0.00777128
0.00777128
0.0077149
0.0077149
0.00765735
0.00765735
0.0075986
0.0075986
0.00753865
0.00753865
0.00747748
0.00747748
0.00741508
0.00741508
0.00735144
0.00735144
0.00728655
0.00728655
0.00722039
0.00722039
0.00715296
0.00715296
0.00708424
0.00708424
0.00701423
0.00701423
0.0069429
0.0069429
0.00687027
0.00687027
0.00679631
0.00679631
0.00672102
0.00672102
0.00664439
0.00664439
0.00656643
0.00656643
0.00648712
0.00648712
0.00640646
0.00640646
0.00632447
0.00632447
0.00624113
0.00624113
0.00615646
0.00615646
0.00607047
0.00607047
0.00598316
0.00598316
0.00589455
0.00589455
0.00580467
0.00580467
0.00571353
0.00571353
0.00562118
0.00562118
0.00552763
0.00552763
0.00543295
0.00543295
0.00533717
0.00533717
0.00524037
0.00524037
0.0051426
0.0051426
0.00504395
0.00504395
0.00494451
0.00494451
0.00484438
0.00484438
0.00474369
0.00474369
0.00464258
0.00464258
0.00454119
0.00454119
0.00443971
0.00443971
0.00433834
0.00433834
0.0042373
0.0042373
0.00413685
0.00413685
0.00403728
0.00403728
0.0039389
0.0039389
0.00384207
0.00384207
0.0037472
0.0037472
0.00365472
0.00365472
0.00356513
0.00356513
0.00347898
0.00347898
0.00339685
0.00339685
0.00331939
0.00331939
0.0032473
0.0032473
0.00318134
0.00318134
0.00312229
0.00312229
0.00307098
0.00307098
0.00302827
0.00302827
0.00299501
0.00299501
0.00297205
0.00297205
0.00296019
0.00296019
1.5797e-07
1.5797e-07
2.5404e-08
2.5404e-08
2.33603e-08
2.33603e-08
6.41318e-08
6.41318e-08
1.62987e-07
1.62987e-07
3.48998e-07
3.48998e-07
6.58335e-07
6.58335e-07
1.13353e-06
1.13353e-06
1.82365e-06
1.82365e-06
2.78467e-06
2.78467e-06
4.07998e-06
4.07998e-06
5.78096e-06
5.78096e-06
7.96756e-06
7.96756e-06
1.0729e-05
1.0729e-05
1.41646e-05
1.41646e-05
1.83841e-05
1.83841e-05
2.3509e-05
2.3509e-05
2.96731e-05
2.96731e-05
3.70233e-05
3.70233e-05
4.57202e-05
4.57202e-05
5.59396e-05
5.59396e-05
6.78726e-05
6.78726e-05
8.17265e-05
8.17265e-05
9.77254e-05
9.77254e-05
0.000116111
0.000116111
0.000137142
0.000137142
0.000161095
0.000161095
0.000188265
0.000188265
0.00021896
0.00021896
0.000253507
0.000253507
0.000292245
0.000292245
0.000335522
0.000335522
0.000383696
0.000383696
0.000437128
0.000437128
0.000496176
0.000496176
0.000561191
0.000561191
0.000632509
0.000632509
0.000710443
0.000710443
0.000795276
0.000795276
0.00088725
0.00088725
0.000986559
0.000986559
0.00109334
0.00109334
0.00120766
0.00120766
0.00132952
0.00132952
0.00145883
0.00145883
0.00159543
0.00159543
0.00173908
0.00173908
0.00188944
0.00188944
0.0020461
0.0020461
0.00220859
0.00220859
0.00237636
0.00237636
0.00254881
0.00254881
0.0027253
0.0027253
0.00290517
0.00290517
0.00308773
0.00308773
0.00327229
0.00327229
0.00345816
0.00345816
0.00364469
0.00364469
0.00383123
0.00383123
0.00401718
0.00401718
0.00420199
0.00420199
0.00438513
0.00438513
0.00456613
0.00456613
0.00474457
0.00474457
0.00492009
0.00492009
0.00509235
0.00509235
0.00526109
0.00526109
0.00542607
0.00542607
0.0055871
0.0055871
0.00574404
0.00574404
0.00589676
0.00589676
0.00604519
0.00604519
0.00618926
0.00618926
0.00632896
0.00632896
0.00646427
0.00646427
0.00659522
0.00659522
0.00672182
0.00672182
0.00684414
0.00684414
0.00696222
0.00696222
0.00707614
0.00707614
0.00718597
0.00718597
0.00729179
0.00729179
0.0073937
0.0073937
0.00749179
0.00749179
0.00758616
0.00758616
0.0076769
0.0076769
0.00776411
0.00776411
0.00784789
0.00784789
0.00792835
0.00792835
0.00800557
0.00800557
0.00807966
0.00807966
0.00815072
0.00815072
0.00821883
0.00821883
0.00828409
0.00828409
0.00834659
0.00834659
0.00840642
0.00840642
0.00846365
0.00846365
0.00851838
0.00851838
0.00857068
0.00857068
0.00862063
0.00862063
0.00866829
0.00866829
0.00871375
0.00871375
0.00875707
0.00875707
0.00879832
0.00879832
0.00883756
0.00883756
0.00887484
0.00887484
0.00891024
0.00891024
0.00894379
0.00894379
0.00897557
0.00897557
0.00900561
0.00900561
0.00903397
0.00903397
0.00906069
0.00906069
0.00908582
0.00908582
0.0091094
0.0091094
0.00913147
0.00913147
0.00915207
0.00915207
0.00917123
0.00917123
0.00918899
0.00918899
0.00920539
0.00920539
0.00922045
0.00922045
0.00923421
0.00923421
0.00924669
0.00924669
0.00925792
0.00925792
0.00926792
0.00926792
0.00927673
0.00927673
0.00928435
0.00928435
0.00929083
0.00929083
0.00929617
0.00929617
0.00930039
0.00930039
0.00930351
0.00930351
0.00930556
0.00930556
0.00930654
0.00930654
0.00930647
0.00930647
0.00930536
0.00930536
0.00930324
0.00930324
0.0093001
0.0093001
0.00929597
0.00929597
0.00929084
0.00929084
0.00928474
0.00928474
0.00927767
0.00927767
0.00926964
0.00926964
0.00926066
0.00926066
0.00925073
0.00925073
0.00923985
0.00923985
0.00922805
0.00922805
0.00921531
0.00921531
0.00920164
0.00920164
0.00918706
0.00918706
0.00917155
0.00917155
0.00915512
0.00915512
0.00913778
0.00913778
0.00911953
0.00911953
0.00910036
0.00910036
0.00908027
0.00908027
0.00905928
0.00905928
0.00903737
0.00903737
0.00901454
0.00901454
0.00899079
0.00899079
0.00896613
0.00896613
0.00894054
0.00894054
0.00891403
0.00891403
0.00888659
0.00888659
0.00885821
0.00885821
0.0088289
0.0088289
0.00879865
0.00879865
0.00876745
0.00876745
0.00873529
0.00873529
0.00870218
0.00870218
0.00866811
0.00866811
0.00863306
0.00863306
0.00859703
0.00859703
0.00856002
0.00856002
0.00852201
0.00852201
0.008483
0.008483
0.00844299
0.00844299
0.00840195
0.00840195
0.00835989
0.00835989
0.00831679
0.00831679
0.00827264
0.00827264
0.00822743
0.00822743
0.00818116
0.00818116
0.00813381
0.00813381
0.00808538
0.00808538
0.00803584
0.00803584
0.00798519
0.00798519
0.00793343
0.00793343
0.00788053
0.00788053
0.00782648
0.00782648
0.00777128
0.00777128
0.0077149
0.0077149
0.00765735
0.00765735
0.0075986
0.0075986
0.00753865
0.00753865
0.00747748
0.00747748
0.00741508
0.00741508
0.00735144
0.00735144
0.00728655
0.00728655
0.00722039
0.00722039
0.00715296
0.00715296
0.00708424
0.00708424
0.00701423
0.00701423
0.0069429
0.0069429
0.00687027
0.00687027
0.00679631
0.00679631
0.00672102
0.00672102
0.00664439
0.00664439
0.00656643
0.00656643
0.00648712
0.00648712
0.00640646
0.00640646
0.00632447
0.00632447
0.00624113
0.00624113
0.00615646
0.00615646
0.00607047
0.00607047
0.00598316
0.00598316
0.00589455
0.00589455
0.00580467
0.00580467
0.00571353
0.00571353
0.00562118
0.00562118
0.00552763
0.00552763
0.00543295
0.00543295
0.00533717
0.00533717
0.00524037
0.00524037
0.0051426
0.0051426
0.00504395
0.00504395
0.00494451
0.00494451
0.00484438
0.00484438
0.00474369
0.00474369
0.00464258
0.00464258
0.00454119
0.00454119
0.00443971
0.00443971
0.00433834
0.00433834
0.0042373
0.0042373
0.00413685
0.00413685
0.00403728
0.00403728
0.0039389
0.0039389
0.00384207
0.00384207
0.0037472
0.0037472
0.00365472
0.00365472
0.00356513
0.00356513
0.00347898
0.00347898
0.00339685
0.00339685
0.00331939
0.00331939
0.0032473
0.0032473
0.00318134
0.00318134
0.00312229
0.00312229
0.00307098
0.00307098
0.00302827
0.00302827
0.00299501
0.00299501
0.00297205
0.00297205
0.00296019
0.00296019
0.00296019
0.00296019
0.00297205
0.00297205
0.00299501
0.00299501
0.00302827
0.00302827
0.00307098
0.00307098
0.00312229
0.00312229
0.00318134
0.00318134
0.0032473
0.0032473
0.00331939
0.00331939
0.00339685
0.00339685
0.00347898
0.00347898
0.00356513
0.00356513
0.00365472
0.00365472
0.0037472
0.0037472
0.00384207
0.00384207
0.0039389
0.0039389
0.00403728
0.00403728
0.00413685
0.00413685
0.0042373
0.0042373
0.00433834
0.00433834
0.00443971
0.00443971
0.00454119
0.00454119
0.00464258
0.00464258
0.00474369
0.00474369
0.00484438
0.00484438
0.00494451
0.00494451
0.00504395
0.00504395
0.0051426
0.0051426
0.00524037
0.00524037
0.00533717
0.00533717
0.00543295
0.00543295
0.00552763
0.00552763
0.00562118
0.00562118
0.00571353
0.00571353
0.00580467
0.00580467
0.00589455
0.00589455
0.00598316
0.00598316
0.00607047
0.00607047
0.00615646
0.00615646
0.00624113
0.00624113
0.00632447
0.00632447
0.00640646
0.00640646
0.00648712
0.00648712
0.00656643
0.00656643
0.00664439
0.00664439
0.00672102
0.00672102
0.00679631
0.00679631
0.00687027
0.00687027
0.0069429
0.0069429
0.00701422
0.00701422
0.00708424
0.00708424
0.00715296
0.00715296
0.00722039
0.00722039
0.00728655
0.00728655
0.00735144
0.00735144
0.00741508
0.00741508
0.00747748
0.00747748
0.00753865
0.00753865
0.0075986
0.0075986
0.00765735
0.00765735
0.0077149
0.0077149
0.00777127
0.00777127
0.00782648
0.00782648
0.00788052
0.00788052
0.00793343
0.00793343
0.00798519
0.00798519
0.00803584
0.00803584
0.00808538
0.00808538
0.00813381
0.00813381
0.00818116
0.00818116
0.00822743
0.00822743
0.00827264
0.00827264
0.00831678
0.00831678
0.00835989
0.00835989
0.00840195
0.00840195
0.00844299
0.00844299
0.008483
0.008483
0.00852201
0.00852201
0.00856002
0.00856002
0.00859703
0.00859703
0.00863306
0.00863306
0.0086681
0.0086681
0.00870218
0.00870218
0.00873529
0.00873529
0.00876745
0.00876745
0.00879865
0.00879865
0.0088289
0.0088289
0.00885821
0.00885821
0.00888659
0.00888659
0.00891403
0.00891403
0.00894054
0.00894054
0.00896613
0.00896613
0.00899079
0.00899079
0.00901454
0.00901454
0.00903737
0.00903737
0.00905928
0.00905928
0.00908027
0.00908027
0.00910036
0.00910036
0.00911953
0.00911953
0.00913778
0.00913778
0.00915512
0.00915512
0.00917155
0.00917155
0.00918705
0.00918705
0.00920164
0.00920164
0.00921531
0.00921531
0.00922804
0.00922804
0.00923985
0.00923985
0.00925072
0.00925072
0.00926066
0.00926066
0.00926964
0.00926964
0.00927767
0.00927767
0.00928474
0.00928474
0.00929084
0.00929084
0.00929596
0.00929596
0.0093001
0.0093001
0.00930324
0.00930324
0.00930536
0.00930536
0.00930647
0.00930647
0.00930654
0.00930654
0.00930556
0.00930556
0.00930351
0.00930351
0.00930039
0.00930039
0.00929616
0.00929616
0.00929083
0.00929083
0.00928435
0.00928435
0.00927673
0.00927673
0.00926792
0.00926792
0.00925792
0.00925792
0.00924669
0.00924669
0.00923421
0.00923421
0.00922045
0.00922045
0.00920539
0.00920539
0.00918899
0.00918899
0.00917123
0.00917123
0.00915207
0.00915207
0.00913147
0.00913147
0.0091094
0.0091094
0.00908582
0.00908582
0.00906069
0.00906069
0.00903397
0.00903397
0.00900561
0.00900561
0.00897557
0.00897557
0.00894379
0.00894379
0.00891024
0.00891024
0.00887484
0.00887484
0.00883756
0.00883756
0.00879832
0.00879832
0.00875707
0.00875707
0.00871375
0.00871375
0.00866829
0.00866829
0.00862063
0.00862063
0.00857068
0.00857068
0.00851838
0.00851838
0.00846365
0.00846365
0.00840642
0.00840642
0.00834659
0.00834659
0.00828409
0.00828409
0.00821883
0.00821883
0.00815072
0.00815072
0.00807966
0.00807966
0.00800557
0.00800557
0.00792835
0.00792835
0.00784789
0.00784789
0.00776411
0.00776411
0.0076769
0.0076769
0.00758616
0.00758616
0.00749179
0.00749179
0.0073937
0.0073937
0.00729179
0.00729179
0.00718597
0.00718597
0.00707614
0.00707614
0.00696222
0.00696222
0.00684414
0.00684414
0.00672182
0.00672182
0.00659522
0.00659522
0.00646427
0.00646427
0.00632896
0.00632896
0.00618926
0.00618926
0.00604519
0.00604519
0.00589676
0.00589676
0.00574404
0.00574404
0.0055871
0.0055871
0.00542607
0.00542607
0.00526109
0.00526109
0.00509235
0.00509235
0.00492009
0.00492009
0.00474457
0.00474457
0.00456613
0.00456613
0.00438513
0.00438513
0.00420199
0.00420199
0.00401718
0.00401718
0.00383123
0.00383123
0.00364469
0.00364469
0.00345816
0.00345816
0.00327229
0.00327229
0.00308773
0.00308773
0.00290517
0.00290517
0.00272531
0.00272531
0.00254881
0.00254881
0.00237636
0.00237636
0.00220859
0.00220859
0.0020461
0.0020461
0.00188944
0.00188944
0.00173908
0.00173908
0.00159543
0.00159543
0.00145883
0.00145883
0.00132952
0.00132952
0.00120766
0.00120766
0.00109334
0.00109334
0.000986559
0.000986559
0.00088725
0.00088725
0.000795276
0.000795276
0.000710443
0.000710443
0.000632509
0.000632509
0.000561191
0.000561191
0.000496176
0.000496176
0.000437128
0.000437128
0.000383696
0.000383696
0.000335522
0.000335522
0.000292245
0.000292245
0.000253507
0.000253507
0.00021896
0.00021896
0.000188265
0.000188265
0.000161095
0.000161095
0.000137142
0.000137142
0.000116111
0.000116111
9.77254e-05
9.77254e-05
8.17265e-05
8.17265e-05
6.78726e-05
6.78726e-05
5.59397e-05
5.59397e-05
4.57202e-05
4.57202e-05
3.70233e-05
3.70233e-05
2.96731e-05
2.96731e-05
2.3509e-05
2.3509e-05
1.83841e-05
1.83841e-05
1.41646e-05
1.41646e-05
1.0729e-05
1.0729e-05
7.96756e-06
7.96756e-06
5.78096e-06
5.78096e-06
4.07998e-06
4.07998e-06
2.78467e-06
2.78467e-06
1.82365e-06
1.82365e-06
1.13354e-06
1.13354e-06
6.58336e-07
6.58336e-07
3.48998e-07
3.48998e-07
1.62988e-07
1.62988e-07
6.41319e-08
6.41319e-08
2.33604e-08
2.33604e-08
2.54041e-08
2.54041e-08
1.57971e-07
1.57971e-07
0.00296019
0.00296019
0.00297205
0.00297205
0.00299501
0.00299501
0.00302827
0.00302827
0.00307098
0.00307098
0.00312229
0.00312229
0.00318134
0.00318134
0.0032473
0.0032473
0.00331939
0.00331939
0.00339685
0.00339685
0.00347898
0.00347898
0.00356513
0.00356513
0.00365472
0.00365472
0.0037472
0.0037472
0.00384207
0.00384207
0.0039389
0.0039389
0.00403728
0.00403728
0.00413685
0.00413685
0.0042373
0.0042373
0.00433834
0.00433834
0.00443971
0.00443971
0.00454119
0.00454119
0.00464258
0.00464258
0.00474369
0.00474369
0.00484438
0.00484438
0.00494451
0.00494451
0.00504395
0.00504395
0.0051426
0.0051426
0.00524037
0.00524037
0.00533717
0.00533717
0.00543295
0.00543295
0.00552763
0.00552763
0.00562118
0.00562118
0.00571353
0.00571353
0.00580467
0.00580467
0.00589455
0.00589455
0.00598316
0.00598316
0.00607047
0.00607047
0.00615646
0.00615646
0.00624113
0.00624113
0.00632447
0.00632447
0.00640646
0.00640646
0.00648712
0.00648712
0.00656643
0.00656643
0.00664439
0.00664439
0.00672102
0.00672102
0.00679631
0.00679631
0.00687027
0.00687027
0.0069429
0.0069429
0.00701422
0.00701422
0.00708424
0.00708424
0.00715296
0.00715296
0.00722039
0.00722039
0.00728655
0.00728655
0.00735144
0.00735144
0.00741508
0.00741508
0.00747748
0.00747748
0.00753865
0.00753865
0.0075986
0.0075986
0.00765735
0.00765735
0.0077149
0.0077149
0.00777127
0.00777127
0.00782648
0.00782648
0.00788052
0.00788052
0.00793343
0.00793343
0.00798519
0.00798519
0.00803584
0.00803584
0.00808538
0.00808538
0.00813381
0.00813381
0.00818116
0.00818116
0.00822743
0.00822743
0.00827264
0.00827264
0.00831678
0.00831678
0.00835989
0.00835989
0.00840195
0.00840195
0.00844299
0.00844299
0.008483
0.008483
0.00852201
0.00852201
0.00856002
0.00856002
0.00859703
0.00859703
0.00863306
0.00863306
0.0086681
0.0086681
0.00870218
0.00870218
0.00873529
0.00873529
0.00876745
0.00876745
0.00879865
0.00879865
0.0088289
0.0088289
0.00885821
0.00885821
0.00888659
0.00888659
0.00891403
0.00891403
0.00894054
0.00894054
0.00896613
0.00896613
0.00899079
0.00899079
0.00901454
0.00901454
0.00903737
0.00903737
0.00905928
0.00905928
0.00908027
0.00908027
0.00910036
0.00910036
0.00911953
0.00911953
0.00913778
0.00913778
0.00915512
0.00915512
0.00917155
0.00917155
0.00918705
0.00918705
0.00920164
0.00920164
0.00921531
0.00921531
0.00922804
0.00922804
0.00923985
0.00923985
0.00925072
0.00925072
0.00926066
0.00926066
0.00926964
0.00926964
0.00927767
0.00927767
0.00928474
0.00928474
0.00929084
0.00929084
0.00929596
0.00929596
0.0093001
0.0093001
0.00930324
0.00930324
0.00930536
0.00930536
0.00930647
0.00930647
0.00930654
0.00930654
0.00930556
0.00930556
0.00930351
0.00930351
0.00930039
0.00930039
0.00929616
0.00929616
0.00929083
0.00929083
0.00928435
0.00928435
0.00927673
0.00927673
0.00926792
0.00926792
0.00925792
0.00925792
0.00924669
0.00924669
0.00923421
0.00923421
0.00922045
0.00922045
0.00920539
0.00920539
0.00918899
0.00918899
0.00917123
0.00917123
0.00915207
0.00915207
0.00913147
0.00913147
0.0091094
0.0091094
0.00908582
0.00908582
0.00906069
0.00906069
0.00903397
0.00903397
0.00900561
0.00900561
0.00897557
0.00897557
0.00894379
0.00894379
0.00891024
0.00891024
0.00887484
0.00887484
0.00883756
0.00883756
0.00879832
0.00879832
0.00875707
0.00875707
0.00871375
0.00871375
0.00866829
0.00866829
0.00862063
0.00862063
0.00857068
0.00857068
0.00851838
0.00851838
0.00846365
0.00846365
0.00840642
0.00840642
0.00834659
0.00834659
0.00828409
0.00828409
0.00821883
0.00821883
0.00815072
0.00815072
0.00807966
0.00807966
0.00800557
0.00800557
0.00792835
0.00792835
0.00784789
0.00784789
0.00776411
0.00776411
0.0076769
0.0076769
0.00758616
0.00758616
0.00749179
0.00749179
0.0073937
0.0073937
0.00729179
0.00729179
0.00718597
0.00718597
0.00707614
0.00707614
0.00696222
0.00696222
0.00684414
0.00684414
0.00672182
0.00672182
0.00659522
0.00659522
0.00646427
0.00646427
0.00632896
0.00632896
0.00618926
0.00618926
0.00604519
0.00604519
0.00589676
0.00589676
0.00574404
0.00574404
0.0055871
0.0055871
0.00542607
0.00542607
0.00526109
0.00526109
0.00509235
0.00509235
0.00492009
0.00492009
0.00474457
0.00474457
0.00456613
0.00456613
0.00438513
0.00438513
0.00420199
0.00420199
0.00401718
0.00401718
0.00383123
0.00383123
0.00364469
0.00364469
0.00345816
0.00345816
0.00327229
0.00327229
0.00308773
0.00308773
0.00290517
0.00290517
0.00272531
0.00272531
0.00254881
0.00254881
0.00237636
0.00237636
0.00220859
0.00220859
0.0020461
0.0020461
0.00188944
0.00188944
0.00173908
0.00173908
0.00159543
0.00159543
0.00145883
0.00145883
0.00132952
0.00132952
0.00120766
0.00120766
0.00109334
0.00109334
0.000986559
0.000986559
0.00088725
0.00088725
0.000795276
0.000795276
0.000710443
0.000710443
0.000632509
0.000632509
0.000561191
0.000561191
0.000496176
0.000496176
0.000437128
0.000437128
0.000383696
0.000383696
0.000335522
0.000335522
0.000292245
0.000292245
0.000253507
0.000253507
0.00021896
0.00021896
0.000188265
0.000188265
0.000161095
0.000161095
0.000137142
0.000137142
0.000116111
0.000116111
9.77254e-05
9.77254e-05
8.17265e-05
8.17265e-05
6.78726e-05
6.78726e-05
5.59397e-05
5.59397e-05
4.57202e-05
4.57202e-05
3.70233e-05
3.70233e-05
2.96731e-05
2.96731e-05
2.3509e-05
2.3509e-05
1.83841e-05
1.83841e-05
1.41646e-05
1.41646e-05
1.0729e-05
1.0729e-05
7.96756e-06
7.96756e-06
5.78096e-06
5.78096e-06
4.07998e-06
4.07998e-06
2.78467e-06
2.78467e-06
1.82365e-06
1.82365e-06
1.13354e-06
1.13354e-06
6.58336e-07
6.58336e-07
3.48998e-07
3.48998e-07
1.62988e-07
1.62988e-07
6.41319e-08
6.41319e-08
2.33604e-08
2.33604e-08
2.54041e-08
2.54041e-08
1.57971e-07
1.57971e-07
)
;

boundaryField
{
    walls
    {
        type            kqRWallFunction;
        value           nonuniform List<scalar> 8(1.5797e-07 1.5797e-07 1.5797e-07 1.5797e-07 1.57971e-07 1.57971e-07 1.57971e-07 1.57971e-07);
    }
    inlet
    {
        type            cyclic;
    }
    outlet
    {
        type            cyclic;
    }
    sides
    {
        type            empty;
    }
}


// ************************************************************************* //
