/*--------------------------------*- C++ -*----------------------------------*\
| =========                 |                                                 |
| \\      /  F ield         | OpenFOAM: The Open Source CFD Toolbox           |
|  \\    /   O peration     | Version:  2106                                  |
|   \\  /    A nd           | Website:  www.openfoam.com                      |
|    \\/     M anipulation  |                                                 |
\*---------------------------------------------------------------------------*/
FoamFile
{
    version     2.0;
    format      ascii;
    arch        "LSB;label=32;scalar=64";
    class       volScalarField;
    location    "10050";
    object      nut;
}
// * * * * * * * * * * * * * * * * * * * * * * * * * * * * * * * * * * * * * //

dimensions      [0 2 -1 0 0 0 0];

internalField   nonuniform List<scalar> 
2000
(
1.166e-13
1.166e-13
1.08037e-13
1.08037e-13
2.94204e-13
2.94204e-13
1.7201e-12
1.7201e-12
7.74644e-12
7.74644e-12
2.62325e-11
2.62325e-11
7.25143e-11
7.25143e-11
1.73304e-10
1.73304e-10
3.71673e-10
3.71673e-10
7.33302e-10
7.33302e-10
1.35422e-09
1.35422e-09
2.37029e-09
2.37029e-09
3.96867e-09
3.96867e-09
6.40162e-09
6.40162e-09
1.00029e-08
1.00029e-08
1.52074e-08
1.52074e-08
2.25734e-08
2.25734e-08
3.28097e-08
3.28097e-08
4.68057e-08
4.68057e-08
6.56668e-08
6.56668e-08
9.07537e-08
9.07537e-08
1.23727e-07
1.23727e-07
1.66598e-07
1.66598e-07
2.21781e-07
2.21781e-07
2.92153e-07
2.92153e-07
3.81118e-07
3.81118e-07
4.9267e-07
4.9267e-07
6.31464e-07
6.31464e-07
8.0288e-07
8.0288e-07
1.01309e-06
1.01309e-06
1.26911e-06
1.26911e-06
1.57887e-06
1.57887e-06
1.95124e-06
1.95124e-06
2.39605e-06
2.39605e-06
2.92409e-06
2.92409e-06
3.54713e-06
3.54713e-06
4.27784e-06
4.27784e-06
5.12971e-06
5.12971e-06
6.11699e-06
6.11699e-06
7.25454e-06
7.25454e-06
8.55767e-06
8.55767e-06
1.0042e-05
1.0042e-05
1.17232e-05
1.17232e-05
1.36168e-05
1.36168e-05
1.57382e-05
1.57382e-05
1.8102e-05
1.8102e-05
2.07225e-05
2.07225e-05
2.36128e-05
2.36128e-05
2.67851e-05
2.67851e-05
3.02508e-05
3.02508e-05
3.40198e-05
3.40198e-05
3.81012e-05
3.81012e-05
4.25025e-05
4.25025e-05
4.72305e-05
4.72305e-05
5.22906e-05
5.22906e-05
5.76876e-05
5.76876e-05
6.34251e-05
6.34251e-05
6.95059e-05
6.95059e-05
7.59324e-05
7.59324e-05
8.27061e-05
8.27061e-05
8.98281e-05
8.98281e-05
9.72995e-05
9.72995e-05
0.00010512
0.00010512
0.000113292
0.000113292
0.000121813
0.000121813
0.000130685
0.000130685
0.000139907
0.000139907
0.00014948
0.00014948
0.000159403
0.000159403
0.000169678
0.000169678
0.000180305
0.000180305
0.000191284
0.000191284
0.000202616
0.000202616
0.000214302
0.000214302
0.000226342
0.000226342
0.00023874
0.00023874
0.000251495
0.000251495
0.000264609
0.000264609
0.000278085
0.000278085
0.000291924
0.000291924
0.000306128
0.000306128
0.000320699
0.000320699
0.000335641
0.000335641
0.000350956
0.000350956
0.000366646
0.000366646
0.000382714
0.000382714
0.000399164
0.000399164
0.000415998
0.000415998
0.000433219
0.000433219
0.000450832
0.000450832
0.00046884
0.00046884
0.000487246
0.000487246
0.000506054
0.000506054
0.000525267
0.000525267
0.00054489
0.00054489
0.000564927
0.000564927
0.000585381
0.000585381
0.000606258
0.000606258
0.00062756
0.00062756
0.000649292
0.000649292
0.000671459
0.000671459
0.000694064
0.000694064
0.000717113
0.000717113
0.00074061
0.00074061
0.000764559
0.000764559
0.000788965
0.000788965
0.000813832
0.000813832
0.000839165
0.000839165
0.000864969
0.000864969
0.000891248
0.000891248
0.000918007
0.000918007
0.000945251
0.000945251
0.000972984
0.000972984
0.00100121
0.00100121
0.00102994
0.00102994
0.00105917
0.00105917
0.0010889
0.0010889
0.00111915
0.00111915
0.00114992
0.00114992
0.00118121
0.00118121
0.00121302
0.00121302
0.00124537
0.00124537
0.00127825
0.00127825
0.00131167
0.00131167
0.00134563
0.00134563
0.00138015
0.00138015
0.00141521
0.00141521
0.00145083
0.00145083
0.00148701
0.00148701
0.00152376
0.00152376
0.00156107
0.00156107
0.00159896
0.00159896
0.00163742
0.00163742
0.00167646
0.00167646
0.00171608
0.00171608
0.00175628
0.00175628
0.00179707
0.00179707
0.00183846
0.00183846
0.00188043
0.00188043
0.001923
0.001923
0.00196617
0.00196617
0.00200994
0.00200994
0.00205431
0.00205431
0.00209928
0.00209928
0.00214485
0.00214485
0.00219103
0.00219103
0.00223782
0.00223782
0.00228521
0.00228521
0.0023332
0.0023332
0.0023818
0.0023818
0.002431
0.002431
0.00248081
0.00248081
0.00253122
0.00253122
0.00258223
0.00258223
0.00263383
0.00263383
0.00268603
0.00268603
0.00273882
0.00273882
0.0027922
0.0027922
0.00284616
0.00284616
0.0029007
0.0029007
0.00295582
0.00295582
0.0030115
0.0030115
0.00306774
0.00306774
0.00312454
0.00312454
0.00318188
0.00318188
0.00323976
0.00323976
0.00329817
0.00329817
0.0033571
0.0033571
0.00341654
0.00341654
0.00347647
0.00347647
0.00353689
0.00353689
0.00359778
0.00359778
0.00365912
0.00365912
0.00372091
0.00372091
0.00378312
0.00378312
0.00384575
0.00384575
0.00390876
0.00390876
0.00397215
0.00397215
0.00403588
0.00403588
0.00409995
0.00409995
0.00416433
0.00416433
0.00422899
0.00422899
0.00429391
0.00429391
0.00435906
0.00435906
0.00442441
0.00442441
0.00448994
0.00448994
0.00455561
0.00455561
0.0046214
0.0046214
0.00468726
0.00468726
0.00475316
0.00475316
0.00481907
0.00481907
0.00488493
0.00488493
0.00495073
0.00495073
0.0050164
0.0050164
0.0050819
0.0050819
0.00514719
0.00514719
0.00521222
0.00521222
0.00527694
0.00527694
0.00534128
0.00534128
0.0054052
0.0054052
0.00546864
0.00546864
0.00553154
0.00553154
0.00559382
0.00559382
0.00565543
0.00565543
0.0057163
0.0057163
0.00577635
0.00577635
0.00583552
0.00583552
0.00589371
0.00589371
0.00595086
0.00595086
0.00600687
0.00600687
0.00606167
0.00606167
0.00611517
0.00611517
0.00616726
0.00616726
0.00621786
0.00621786
0.00626687
0.00626687
0.00631418
0.00631418
0.0063597
0.0063597
0.00640332
0.00640332
0.00644493
0.00644493
0.00648442
0.00648442
0.00652168
0.00652168
0.0065566
0.0065566
0.00658907
0.00658907
0.00661898
0.00661898
0.00664621
0.00664621
0.00667066
0.00667066
0.00669223
0.00669223
0.00671082
0.00671082
0.00672636
0.00672636
0.00673876
0.00673876
0.00674796
0.00674796
0.00675393
0.00675393
0.00675665
0.00675665
0.00675613
0.00675613
0.00675241
0.00675241
0.00674559
0.00674559
0.00673579
0.00673579
0.00672321
0.00672321
0.00670811
0.00670811
0.00669081
0.00669081
0.00667172
0.00667172
0.00665134
0.00665134
0.00663024
0.00663024
0.00660909
0.00660909
0.00658863
0.00658863
0.00656965
0.00656965
0.00655299
0.00655299
0.00653946
0.00653946
0.00652984
0.00652984
0.00652478
0.00652478
1.166e-13
1.166e-13
1.08037e-13
1.08037e-13
2.94204e-13
2.94204e-13
1.7201e-12
1.7201e-12
7.74644e-12
7.74644e-12
2.62325e-11
2.62325e-11
7.25143e-11
7.25143e-11
1.73304e-10
1.73304e-10
3.71673e-10
3.71673e-10
7.33302e-10
7.33302e-10
1.35422e-09
1.35422e-09
2.37029e-09
2.37029e-09
3.96867e-09
3.96867e-09
6.40162e-09
6.40162e-09
1.00029e-08
1.00029e-08
1.52074e-08
1.52074e-08
2.25734e-08
2.25734e-08
3.28097e-08
3.28097e-08
4.68057e-08
4.68057e-08
6.56668e-08
6.56668e-08
9.07537e-08
9.07537e-08
1.23727e-07
1.23727e-07
1.66598e-07
1.66598e-07
2.21781e-07
2.21781e-07
2.92153e-07
2.92153e-07
3.81118e-07
3.81118e-07
4.9267e-07
4.9267e-07
6.31464e-07
6.31464e-07
8.0288e-07
8.0288e-07
1.01309e-06
1.01309e-06
1.26911e-06
1.26911e-06
1.57887e-06
1.57887e-06
1.95124e-06
1.95124e-06
2.39605e-06
2.39605e-06
2.92409e-06
2.92409e-06
3.54713e-06
3.54713e-06
4.27784e-06
4.27784e-06
5.12971e-06
5.12971e-06
6.11699e-06
6.11699e-06
7.25454e-06
7.25454e-06
8.55767e-06
8.55767e-06
1.0042e-05
1.0042e-05
1.17232e-05
1.17232e-05
1.36168e-05
1.36168e-05
1.57382e-05
1.57382e-05
1.8102e-05
1.8102e-05
2.07225e-05
2.07225e-05
2.36128e-05
2.36128e-05
2.67851e-05
2.67851e-05
3.02508e-05
3.02508e-05
3.40198e-05
3.40198e-05
3.81012e-05
3.81012e-05
4.25025e-05
4.25025e-05
4.72305e-05
4.72305e-05
5.22906e-05
5.22906e-05
5.76876e-05
5.76876e-05
6.34251e-05
6.34251e-05
6.95059e-05
6.95059e-05
7.59324e-05
7.59324e-05
8.27061e-05
8.27061e-05
8.98281e-05
8.98281e-05
9.72995e-05
9.72995e-05
0.00010512
0.00010512
0.000113292
0.000113292
0.000121813
0.000121813
0.000130685
0.000130685
0.000139907
0.000139907
0.00014948
0.00014948
0.000159403
0.000159403
0.000169678
0.000169678
0.000180305
0.000180305
0.000191284
0.000191284
0.000202616
0.000202616
0.000214302
0.000214302
0.000226342
0.000226342
0.00023874
0.00023874
0.000251495
0.000251495
0.000264609
0.000264609
0.000278085
0.000278085
0.000291924
0.000291924
0.000306128
0.000306128
0.000320699
0.000320699
0.000335641
0.000335641
0.000350956
0.000350956
0.000366646
0.000366646
0.000382714
0.000382714
0.000399164
0.000399164
0.000415998
0.000415998
0.000433219
0.000433219
0.000450832
0.000450832
0.00046884
0.00046884
0.000487246
0.000487246
0.000506054
0.000506054
0.000525267
0.000525267
0.00054489
0.00054489
0.000564927
0.000564927
0.000585381
0.000585381
0.000606258
0.000606258
0.00062756
0.00062756
0.000649292
0.000649292
0.000671459
0.000671459
0.000694064
0.000694064
0.000717113
0.000717113
0.00074061
0.00074061
0.000764559
0.000764559
0.000788965
0.000788965
0.000813832
0.000813832
0.000839165
0.000839165
0.000864969
0.000864969
0.000891248
0.000891248
0.000918007
0.000918007
0.000945251
0.000945251
0.000972984
0.000972984
0.00100121
0.00100121
0.00102994
0.00102994
0.00105917
0.00105917
0.0010889
0.0010889
0.00111915
0.00111915
0.00114992
0.00114992
0.00118121
0.00118121
0.00121302
0.00121302
0.00124537
0.00124537
0.00127825
0.00127825
0.00131167
0.00131167
0.00134563
0.00134563
0.00138015
0.00138015
0.00141521
0.00141521
0.00145083
0.00145083
0.00148701
0.00148701
0.00152376
0.00152376
0.00156107
0.00156107
0.00159896
0.00159896
0.00163742
0.00163742
0.00167646
0.00167646
0.00171608
0.00171608
0.00175628
0.00175628
0.00179707
0.00179707
0.00183846
0.00183846
0.00188043
0.00188043
0.001923
0.001923
0.00196617
0.00196617
0.00200994
0.00200994
0.00205431
0.00205431
0.00209928
0.00209928
0.00214485
0.00214485
0.00219103
0.00219103
0.00223782
0.00223782
0.00228521
0.00228521
0.0023332
0.0023332
0.0023818
0.0023818
0.002431
0.002431
0.00248081
0.00248081
0.00253122
0.00253122
0.00258223
0.00258223
0.00263383
0.00263383
0.00268603
0.00268603
0.00273882
0.00273882
0.0027922
0.0027922
0.00284616
0.00284616
0.0029007
0.0029007
0.00295582
0.00295582
0.0030115
0.0030115
0.00306774
0.00306774
0.00312454
0.00312454
0.00318188
0.00318188
0.00323976
0.00323976
0.00329817
0.00329817
0.0033571
0.0033571
0.00341654
0.00341654
0.00347647
0.00347647
0.00353689
0.00353689
0.00359778
0.00359778
0.00365912
0.00365912
0.00372091
0.00372091
0.00378312
0.00378312
0.00384575
0.00384575
0.00390876
0.00390876
0.00397215
0.00397215
0.00403588
0.00403588
0.00409995
0.00409995
0.00416433
0.00416433
0.00422899
0.00422899
0.00429391
0.00429391
0.00435906
0.00435906
0.00442441
0.00442441
0.00448994
0.00448994
0.00455561
0.00455561
0.0046214
0.0046214
0.00468726
0.00468726
0.00475316
0.00475316
0.00481907
0.00481907
0.00488493
0.00488493
0.00495073
0.00495073
0.0050164
0.0050164
0.0050819
0.0050819
0.00514719
0.00514719
0.00521222
0.00521222
0.00527694
0.00527694
0.00534128
0.00534128
0.0054052
0.0054052
0.00546864
0.00546864
0.00553154
0.00553154
0.00559382
0.00559382
0.00565543
0.00565543
0.0057163
0.0057163
0.00577635
0.00577635
0.00583552
0.00583552
0.00589371
0.00589371
0.00595086
0.00595086
0.00600687
0.00600687
0.00606167
0.00606167
0.00611517
0.00611517
0.00616726
0.00616726
0.00621786
0.00621786
0.00626687
0.00626687
0.00631418
0.00631418
0.0063597
0.0063597
0.00640332
0.00640332
0.00644493
0.00644493
0.00648442
0.00648442
0.00652168
0.00652168
0.0065566
0.0065566
0.00658907
0.00658907
0.00661898
0.00661898
0.00664621
0.00664621
0.00667066
0.00667066
0.00669223
0.00669223
0.00671082
0.00671082
0.00672636
0.00672636
0.00673876
0.00673876
0.00674796
0.00674796
0.00675393
0.00675393
0.00675665
0.00675665
0.00675613
0.00675613
0.00675241
0.00675241
0.00674559
0.00674559
0.00673579
0.00673579
0.00672321
0.00672321
0.00670811
0.00670811
0.00669081
0.00669081
0.00667172
0.00667172
0.00665134
0.00665134
0.00663024
0.00663024
0.00660909
0.00660909
0.00658863
0.00658863
0.00656965
0.00656965
0.00655299
0.00655299
0.00653946
0.00653946
0.00652984
0.00652984
0.00652478
0.00652478
0.00652478
0.00652478
0.00652984
0.00652984
0.00653946
0.00653946
0.00655299
0.00655299
0.00656965
0.00656965
0.00658863
0.00658863
0.00660909
0.00660909
0.00663024
0.00663024
0.00665134
0.00665134
0.00667172
0.00667172
0.00669081
0.00669081
0.00670811
0.00670811
0.00672321
0.00672321
0.00673579
0.00673579
0.00674559
0.00674559
0.00675241
0.00675241
0.00675613
0.00675613
0.00675665
0.00675665
0.00675393
0.00675393
0.00674796
0.00674796
0.00673876
0.00673876
0.00672636
0.00672636
0.00671082
0.00671082
0.00669223
0.00669223
0.00667066
0.00667066
0.00664621
0.00664621
0.00661898
0.00661898
0.00658907
0.00658907
0.0065566
0.0065566
0.00652168
0.00652168
0.00648442
0.00648442
0.00644493
0.00644493
0.00640332
0.00640332
0.0063597
0.0063597
0.00631418
0.00631418
0.00626687
0.00626687
0.00621786
0.00621786
0.00616726
0.00616726
0.00611516
0.00611516
0.00606167
0.00606167
0.00600687
0.00600687
0.00595086
0.00595086
0.00589371
0.00589371
0.00583552
0.00583552
0.00577635
0.00577635
0.0057163
0.0057163
0.00565543
0.00565543
0.00559382
0.00559382
0.00553154
0.00553154
0.00546864
0.00546864
0.0054052
0.0054052
0.00534128
0.00534128
0.00527694
0.00527694
0.00521222
0.00521222
0.00514719
0.00514719
0.0050819
0.0050819
0.0050164
0.0050164
0.00495072
0.00495072
0.00488493
0.00488493
0.00481906
0.00481906
0.00475316
0.00475316
0.00468726
0.00468726
0.0046214
0.0046214
0.00455561
0.00455561
0.00448994
0.00448994
0.00442441
0.00442441
0.00435906
0.00435906
0.00429391
0.00429391
0.00422899
0.00422899
0.00416433
0.00416433
0.00409995
0.00409995
0.00403588
0.00403588
0.00397215
0.00397215
0.00390876
0.00390876
0.00384574
0.00384574
0.00378312
0.00378312
0.00372091
0.00372091
0.00365912
0.00365912
0.00359777
0.00359777
0.00353689
0.00353689
0.00347647
0.00347647
0.00341654
0.00341654
0.0033571
0.0033571
0.00329817
0.00329817
0.00323976
0.00323976
0.00318188
0.00318188
0.00312454
0.00312454
0.00306774
0.00306774
0.0030115
0.0030115
0.00295582
0.00295582
0.0029007
0.0029007
0.00284616
0.00284616
0.0027922
0.0027922
0.00273882
0.00273882
0.00268603
0.00268603
0.00263383
0.00263383
0.00258223
0.00258223
0.00253122
0.00253122
0.00248081
0.00248081
0.002431
0.002431
0.0023818
0.0023818
0.0023332
0.0023332
0.00228521
0.00228521
0.00223782
0.00223782
0.00219103
0.00219103
0.00214485
0.00214485
0.00209928
0.00209928
0.00205431
0.00205431
0.00200994
0.00200994
0.00196617
0.00196617
0.001923
0.001923
0.00188043
0.00188043
0.00183846
0.00183846
0.00179707
0.00179707
0.00175628
0.00175628
0.00171608
0.00171608
0.00167646
0.00167646
0.00163742
0.00163742
0.00159896
0.00159896
0.00156107
0.00156107
0.00152376
0.00152376
0.00148701
0.00148701
0.00145083
0.00145083
0.00141521
0.00141521
0.00138015
0.00138015
0.00134563
0.00134563
0.00131167
0.00131167
0.00127825
0.00127825
0.00124537
0.00124537
0.00121302
0.00121302
0.00118121
0.00118121
0.00114992
0.00114992
0.00111915
0.00111915
0.0010889
0.0010889
0.00105917
0.00105917
0.00102994
0.00102994
0.00100121
0.00100121
0.000972984
0.000972984
0.000945251
0.000945251
0.000918007
0.000918007
0.000891248
0.000891248
0.000864969
0.000864969
0.000839165
0.000839165
0.000813832
0.000813832
0.000788965
0.000788965
0.000764559
0.000764559
0.00074061
0.00074061
0.000717113
0.000717113
0.000694064
0.000694064
0.000671459
0.000671459
0.000649292
0.000649292
0.00062756
0.00062756
0.000606258
0.000606258
0.000585381
0.000585381
0.000564927
0.000564927
0.00054489
0.00054489
0.000525267
0.000525267
0.000506054
0.000506054
0.000487246
0.000487246
0.00046884
0.00046884
0.000450832
0.000450832
0.000433219
0.000433219
0.000415998
0.000415998
0.000399164
0.000399164
0.000382714
0.000382714
0.000366646
0.000366646
0.000350956
0.000350956
0.000335641
0.000335641
0.0003207
0.0003207
0.000306128
0.000306128
0.000291924
0.000291924
0.000278085
0.000278085
0.000264609
0.000264609
0.000251495
0.000251495
0.00023874
0.00023874
0.000226343
0.000226343
0.000214302
0.000214302
0.000202616
0.000202616
0.000191284
0.000191284
0.000180305
0.000180305
0.000169678
0.000169678
0.000159403
0.000159403
0.00014948
0.00014948
0.000139907
0.000139907
0.000130685
0.000130685
0.000121813
0.000121813
0.000113292
0.000113292
0.00010512
0.00010512
9.72995e-05
9.72995e-05
8.98282e-05
8.98282e-05
8.27061e-05
8.27061e-05
7.59324e-05
7.59324e-05
6.95059e-05
6.95059e-05
6.34251e-05
6.34251e-05
5.76876e-05
5.76876e-05
5.22907e-05
5.22907e-05
4.72305e-05
4.72305e-05
4.25025e-05
4.25025e-05
3.81012e-05
3.81012e-05
3.40199e-05
3.40199e-05
3.02508e-05
3.02508e-05
2.67852e-05
2.67852e-05
2.36128e-05
2.36128e-05
2.07225e-05
2.07225e-05
1.8102e-05
1.8102e-05
1.57382e-05
1.57382e-05
1.36168e-05
1.36168e-05
1.17232e-05
1.17232e-05
1.0042e-05
1.0042e-05
8.55767e-06
8.55767e-06
7.25454e-06
7.25454e-06
6.11699e-06
6.11699e-06
5.12971e-06
5.12971e-06
4.27784e-06
4.27784e-06
3.54713e-06
3.54713e-06
2.92409e-06
2.92409e-06
2.39605e-06
2.39605e-06
1.95124e-06
1.95124e-06
1.57887e-06
1.57887e-06
1.26911e-06
1.26911e-06
1.01309e-06
1.01309e-06
8.0288e-07
8.0288e-07
6.31464e-07
6.31464e-07
4.9267e-07
4.9267e-07
3.81118e-07
3.81118e-07
2.92153e-07
2.92153e-07
2.21781e-07
2.21781e-07
1.66598e-07
1.66598e-07
1.23727e-07
1.23727e-07
9.07538e-08
9.07538e-08
6.56668e-08
6.56668e-08
4.68057e-08
4.68057e-08
3.28097e-08
3.28097e-08
2.25734e-08
2.25734e-08
1.52074e-08
1.52074e-08
1.0003e-08
1.0003e-08
6.40163e-09
6.40163e-09
3.96867e-09
3.96867e-09
2.37029e-09
2.37029e-09
1.35422e-09
1.35422e-09
7.33301e-10
7.33301e-10
3.71673e-10
3.71673e-10
1.73305e-10
1.73305e-10
7.25143e-11
7.25143e-11
2.62325e-11
2.62325e-11
7.74646e-12
7.74646e-12
1.72011e-12
1.72011e-12
2.94206e-13
2.94206e-13
1.08039e-13
1.08039e-13
1.16601e-13
1.16601e-13
0.00652478
0.00652478
0.00652984
0.00652984
0.00653946
0.00653946
0.00655299
0.00655299
0.00656965
0.00656965
0.00658863
0.00658863
0.00660909
0.00660909
0.00663024
0.00663024
0.00665134
0.00665134
0.00667172
0.00667172
0.00669081
0.00669081
0.00670811
0.00670811
0.00672321
0.00672321
0.00673579
0.00673579
0.00674559
0.00674559
0.00675241
0.00675241
0.00675613
0.00675613
0.00675665
0.00675665
0.00675393
0.00675393
0.00674796
0.00674796
0.00673876
0.00673876
0.00672636
0.00672636
0.00671082
0.00671082
0.00669223
0.00669223
0.00667066
0.00667066
0.00664621
0.00664621
0.00661898
0.00661898
0.00658907
0.00658907
0.0065566
0.0065566
0.00652168
0.00652168
0.00648442
0.00648442
0.00644493
0.00644493
0.00640332
0.00640332
0.0063597
0.0063597
0.00631418
0.00631418
0.00626687
0.00626687
0.00621786
0.00621786
0.00616726
0.00616726
0.00611516
0.00611516
0.00606167
0.00606167
0.00600687
0.00600687
0.00595086
0.00595086
0.00589371
0.00589371
0.00583552
0.00583552
0.00577635
0.00577635
0.0057163
0.0057163
0.00565543
0.00565543
0.00559382
0.00559382
0.00553154
0.00553154
0.00546864
0.00546864
0.0054052
0.0054052
0.00534128
0.00534128
0.00527694
0.00527694
0.00521222
0.00521222
0.00514719
0.00514719
0.0050819
0.0050819
0.0050164
0.0050164
0.00495072
0.00495072
0.00488493
0.00488493
0.00481906
0.00481906
0.00475316
0.00475316
0.00468726
0.00468726
0.0046214
0.0046214
0.00455561
0.00455561
0.00448994
0.00448994
0.00442441
0.00442441
0.00435906
0.00435906
0.00429391
0.00429391
0.00422899
0.00422899
0.00416433
0.00416433
0.00409995
0.00409995
0.00403588
0.00403588
0.00397215
0.00397215
0.00390876
0.00390876
0.00384574
0.00384574
0.00378312
0.00378312
0.00372091
0.00372091
0.00365912
0.00365912
0.00359777
0.00359777
0.00353689
0.00353689
0.00347647
0.00347647
0.00341654
0.00341654
0.0033571
0.0033571
0.00329817
0.00329817
0.00323976
0.00323976
0.00318188
0.00318188
0.00312454
0.00312454
0.00306774
0.00306774
0.0030115
0.0030115
0.00295582
0.00295582
0.0029007
0.0029007
0.00284616
0.00284616
0.0027922
0.0027922
0.00273882
0.00273882
0.00268603
0.00268603
0.00263383
0.00263383
0.00258223
0.00258223
0.00253122
0.00253122
0.00248081
0.00248081
0.002431
0.002431
0.0023818
0.0023818
0.0023332
0.0023332
0.00228521
0.00228521
0.00223782
0.00223782
0.00219103
0.00219103
0.00214485
0.00214485
0.00209928
0.00209928
0.00205431
0.00205431
0.00200994
0.00200994
0.00196617
0.00196617
0.001923
0.001923
0.00188043
0.00188043
0.00183846
0.00183846
0.00179707
0.00179707
0.00175628
0.00175628
0.00171608
0.00171608
0.00167646
0.00167646
0.00163742
0.00163742
0.00159896
0.00159896
0.00156107
0.00156107
0.00152376
0.00152376
0.00148701
0.00148701
0.00145083
0.00145083
0.00141521
0.00141521
0.00138015
0.00138015
0.00134563
0.00134563
0.00131167
0.00131167
0.00127825
0.00127825
0.00124537
0.00124537
0.00121302
0.00121302
0.00118121
0.00118121
0.00114992
0.00114992
0.00111915
0.00111915
0.0010889
0.0010889
0.00105917
0.00105917
0.00102994
0.00102994
0.00100121
0.00100121
0.000972984
0.000972984
0.000945251
0.000945251
0.000918007
0.000918007
0.000891248
0.000891248
0.000864969
0.000864969
0.000839165
0.000839165
0.000813832
0.000813832
0.000788965
0.000788965
0.000764559
0.000764559
0.00074061
0.00074061
0.000717113
0.000717113
0.000694064
0.000694064
0.000671459
0.000671459
0.000649292
0.000649292
0.00062756
0.00062756
0.000606258
0.000606258
0.000585381
0.000585381
0.000564927
0.000564927
0.00054489
0.00054489
0.000525267
0.000525267
0.000506054
0.000506054
0.000487246
0.000487246
0.00046884
0.00046884
0.000450832
0.000450832
0.000433219
0.000433219
0.000415998
0.000415998
0.000399164
0.000399164
0.000382714
0.000382714
0.000366646
0.000366646
0.000350956
0.000350956
0.000335641
0.000335641
0.0003207
0.0003207
0.000306128
0.000306128
0.000291924
0.000291924
0.000278085
0.000278085
0.000264609
0.000264609
0.000251495
0.000251495
0.00023874
0.00023874
0.000226343
0.000226343
0.000214302
0.000214302
0.000202616
0.000202616
0.000191284
0.000191284
0.000180305
0.000180305
0.000169678
0.000169678
0.000159403
0.000159403
0.00014948
0.00014948
0.000139907
0.000139907
0.000130685
0.000130685
0.000121813
0.000121813
0.000113292
0.000113292
0.00010512
0.00010512
9.72995e-05
9.72995e-05
8.98282e-05
8.98282e-05
8.27061e-05
8.27061e-05
7.59324e-05
7.59324e-05
6.95059e-05
6.95059e-05
6.34251e-05
6.34251e-05
5.76876e-05
5.76876e-05
5.22907e-05
5.22907e-05
4.72305e-05
4.72305e-05
4.25025e-05
4.25025e-05
3.81012e-05
3.81012e-05
3.40199e-05
3.40199e-05
3.02508e-05
3.02508e-05
2.67852e-05
2.67852e-05
2.36128e-05
2.36128e-05
2.07225e-05
2.07225e-05
1.8102e-05
1.8102e-05
1.57382e-05
1.57382e-05
1.36168e-05
1.36168e-05
1.17232e-05
1.17232e-05
1.0042e-05
1.0042e-05
8.55767e-06
8.55767e-06
7.25454e-06
7.25454e-06
6.11699e-06
6.11699e-06
5.12971e-06
5.12971e-06
4.27784e-06
4.27784e-06
3.54713e-06
3.54713e-06
2.92409e-06
2.92409e-06
2.39605e-06
2.39605e-06
1.95124e-06
1.95124e-06
1.57887e-06
1.57887e-06
1.26911e-06
1.26911e-06
1.01309e-06
1.01309e-06
8.0288e-07
8.0288e-07
6.31464e-07
6.31464e-07
4.9267e-07
4.9267e-07
3.81118e-07
3.81118e-07
2.92153e-07
2.92153e-07
2.21781e-07
2.21781e-07
1.66598e-07
1.66598e-07
1.23727e-07
1.23727e-07
9.07538e-08
9.07538e-08
6.56668e-08
6.56668e-08
4.68057e-08
4.68057e-08
3.28097e-08
3.28097e-08
2.25734e-08
2.25734e-08
1.52074e-08
1.52074e-08
1.0003e-08
1.0003e-08
6.40163e-09
6.40163e-09
3.96867e-09
3.96867e-09
2.37029e-09
2.37029e-09
1.35422e-09
1.35422e-09
7.33301e-10
7.33301e-10
3.71673e-10
3.71673e-10
1.73305e-10
1.73305e-10
7.25143e-11
7.25143e-11
2.62325e-11
2.62325e-11
7.74646e-12
7.74646e-12
1.72011e-12
1.72011e-12
2.94206e-13
2.94206e-13
1.08039e-13
1.08039e-13
1.16601e-13
1.16601e-13
)
;

boundaryField
{
    walls
    {
        type            nutUWallFunction;
        blending        stepwise;
        Cmu             0.09;
        kappa           0.41;
        E               9.8;
        value           uniform 0;
    }
    inlet
    {
        type            cyclic;
    }
    outlet
    {
        type            cyclic;
    }
    sides
    {
        type            empty;
    }
}


// ************************************************************************* //
