/*--------------------------------*- C++ -*----------------------------------*\
| =========                 |                                                 |
| \\      /  F ield         | OpenFOAM: The Open Source CFD Toolbox           |
|  \\    /   O peration     | Version:  2106                                  |
|   \\  /    A nd           | Website:  www.openfoam.com                      |
|    \\/     M anipulation  |                                                 |
\*---------------------------------------------------------------------------*/
FoamFile
{
    version     2.0;
    format      ascii;
    arch        "LSB;label=32;scalar=64";
    class       volScalarField;
    location    "10060";
    object      k;
}
// * * * * * * * * * * * * * * * * * * * * * * * * * * * * * * * * * * * * * //

dimensions      [0 2 -2 0 0 0 0];

internalField   nonuniform List<scalar> 
2000
(
1.57937e-07
1.57937e-07
2.5397e-08
2.5397e-08
2.3344e-08
2.3344e-08
6.4076e-08
6.4076e-08
1.62841e-07
1.62841e-07
3.48684e-07
3.48684e-07
6.57742e-07
6.57742e-07
1.13251e-06
1.13251e-06
1.82201e-06
1.82201e-06
2.78217e-06
2.78217e-06
4.07631e-06
4.07631e-06
5.77575e-06
5.77575e-06
7.96039e-06
7.96039e-06
1.07194e-05
1.07194e-05
1.41518e-05
1.41518e-05
1.83676e-05
1.83676e-05
2.34879e-05
2.34879e-05
2.96465e-05
2.96465e-05
3.699e-05
3.699e-05
4.56792e-05
4.56792e-05
5.58895e-05
5.58895e-05
6.78118e-05
6.78118e-05
8.16533e-05
8.16533e-05
9.7638e-05
9.7638e-05
0.000116007
0.000116007
0.00013702
0.00013702
0.000160952
0.000160952
0.000188097
0.000188097
0.000218766
0.000218766
0.000253282
0.000253282
0.000291986
0.000291986
0.000335226
0.000335226
0.000383358
0.000383358
0.000436744
0.000436744
0.000495742
0.000495742
0.000560701
0.000560701
0.000631959
0.000631959
0.000709828
0.000709828
0.000794591
0.000794591
0.00088649
0.00088649
0.000985719
0.000985719
0.00109241
0.00109241
0.00120664
0.00120664
0.00132841
0.00132841
0.00145762
0.00145762
0.00159412
0.00159412
0.00173767
0.00173767
0.00188792
0.00188792
0.00204447
0.00204447
0.00220685
0.00220685
0.00237451
0.00237451
0.00254685
0.00254685
0.00272323
0.00272323
0.00290299
0.00290299
0.00308544
0.00308544
0.00326989
0.00326989
0.00345565
0.00345565
0.00364207
0.00364207
0.00382851
0.00382851
0.00401436
0.00401436
0.00419907
0.00419907
0.00438211
0.00438211
0.00456301
0.00456301
0.00474136
0.00474136
0.00491679
0.00491679
0.00508896
0.00508896
0.00525761
0.00525761
0.0054225
0.0054225
0.00558345
0.00558345
0.00574029
0.00574029
0.00589293
0.00589293
0.00604126
0.00604126
0.00618525
0.00618525
0.00632486
0.00632486
0.00646009
0.00646009
0.00659094
0.00659094
0.00671746
0.00671746
0.00683968
0.00683968
0.00695767
0.00695767
0.00707149
0.00707149
0.00718123
0.00718123
0.00728696
0.00728696
0.00738877
0.00738877
0.00748676
0.00748676
0.00758102
0.00758102
0.00767166
0.00767166
0.00775876
0.00775876
0.00784244
0.00784244
0.00792279
0.00792279
0.0079999
0.0079999
0.00807388
0.00807388
0.00814482
0.00814482
0.00821281
0.00821281
0.00827795
0.00827795
0.00834033
0.00834033
0.00840003
0.00840003
0.00845714
0.00845714
0.00851174
0.00851174
0.00856391
0.00856391
0.00861373
0.00861373
0.00866126
0.00866126
0.00870658
0.00870658
0.00874977
0.00874977
0.00879087
0.00879087
0.00882997
0.00882997
0.00886711
0.00886711
0.00890237
0.00890237
0.00893578
0.00893578
0.00896741
0.00896741
0.0089973
0.0089973
0.00902551
0.00902551
0.00905208
0.00905208
0.00907706
0.00907706
0.00910049
0.00910049
0.0091224
0.0091224
0.00914284
0.00914284
0.00916185
0.00916185
0.00917946
0.00917946
0.0091957
0.0091957
0.0092106
0.0092106
0.0092242
0.0092242
0.00923652
0.00923652
0.00924759
0.00924759
0.00925744
0.00925744
0.00926608
0.00926608
0.00927355
0.00927355
0.00927986
0.00927986
0.00928504
0.00928504
0.00928911
0.00928911
0.00929207
0.00929207
0.00929396
0.00929396
0.00929478
0.00929478
0.00929456
0.00929456
0.0092933
0.0092933
0.00929101
0.00929101
0.00928772
0.00928772
0.00928344
0.00928344
0.00927816
0.00927816
0.00927191
0.00927191
0.00926469
0.00926469
0.00925651
0.00925651
0.00924738
0.00924738
0.0092373
0.0092373
0.00922629
0.00922629
0.00921434
0.00921434
0.00920146
0.00920146
0.00918766
0.00918766
0.00917294
0.00917294
0.0091573
0.0091573
0.00914074
0.00914074
0.00912327
0.00912327
0.00910489
0.00910489
0.0090856
0.0090856
0.0090654
0.0090654
0.00904428
0.00904428
0.00902226
0.00902226
0.00899932
0.00899932
0.00897547
0.00897547
0.0089507
0.0089507
0.00892501
0.00892501
0.0088984
0.0088984
0.00887086
0.00887086
0.00884239
0.00884239
0.00881299
0.00881299
0.00878266
0.00878266
0.00875137
0.00875137
0.00871914
0.00871914
0.00868596
0.00868596
0.00865181
0.00865181
0.0086167
0.0086167
0.00858061
0.00858061
0.00854354
0.00854354
0.00850549
0.00850549
0.00846643
0.00846643
0.00842637
0.00842637
0.00838529
0.00838529
0.0083432
0.0083432
0.00830007
0.00830007
0.00825589
0.00825589
0.00821067
0.00821067
0.00816438
0.00816438
0.00811702
0.00811702
0.00806858
0.00806858
0.00801904
0.00801904
0.0079684
0.0079684
0.00791664
0.00791664
0.00786375
0.00786375
0.00780973
0.00780973
0.00775455
0.00775455
0.0076982
0.0076982
0.00764069
0.00764069
0.00758198
0.00758198
0.00752207
0.00752207
0.00746095
0.00746095
0.00739861
0.00739861
0.00733503
0.00733503
0.00727021
0.00727021
0.00720412
0.00720412
0.00713676
0.00713676
0.00706813
0.00706813
0.0069982
0.0069982
0.00692697
0.00692697
0.00685443
0.00685443
0.00678057
0.00678057
0.00670539
0.00670539
0.00662888
0.00662888
0.00655104
0.00655104
0.00647185
0.00647185
0.00639133
0.00639133
0.00630947
0.00630947
0.00622627
0.00622627
0.00614174
0.00614174
0.0060559
0.0060559
0.00596874
0.00596874
0.00588029
0.00588029
0.00579057
0.00579057
0.00569961
0.00569961
0.00560742
0.00560742
0.00551405
0.00551405
0.00541955
0.00541955
0.00532395
0.00532395
0.00522733
0.00522733
0.00512975
0.00512975
0.00503129
0.00503129
0.00493205
0.00493205
0.00483212
0.00483212
0.00473162
0.00473162
0.00463071
0.00463071
0.00452952
0.00452952
0.00442824
0.00442824
0.00432707
0.00432707
0.00422623
0.00422623
0.00412598
0.00412598
0.0040266
0.0040266
0.00392841
0.00392841
0.00383178
0.00383178
0.00373709
0.00373709
0.00364479
0.00364479
0.00355537
0.00355537
0.00346938
0.00346938
0.00338741
0.00338741
0.0033101
0.0033101
0.00323815
0.00323815
0.00317231
0.00317231
0.00311337
0.00311337
0.00306215
0.00306215
0.00301952
0.00301952
0.00298632
0.00298632
0.0029634
0.0029634
0.00295157
0.00295157
1.57937e-07
1.57937e-07
2.5397e-08
2.5397e-08
2.3344e-08
2.3344e-08
6.4076e-08
6.4076e-08
1.62841e-07
1.62841e-07
3.48684e-07
3.48684e-07
6.57742e-07
6.57742e-07
1.13251e-06
1.13251e-06
1.82201e-06
1.82201e-06
2.78217e-06
2.78217e-06
4.07631e-06
4.07631e-06
5.77575e-06
5.77575e-06
7.96039e-06
7.96039e-06
1.07194e-05
1.07194e-05
1.41518e-05
1.41518e-05
1.83676e-05
1.83676e-05
2.34879e-05
2.34879e-05
2.96465e-05
2.96465e-05
3.699e-05
3.699e-05
4.56792e-05
4.56792e-05
5.58895e-05
5.58895e-05
6.78118e-05
6.78118e-05
8.16533e-05
8.16533e-05
9.7638e-05
9.7638e-05
0.000116007
0.000116007
0.00013702
0.00013702
0.000160952
0.000160952
0.000188097
0.000188097
0.000218766
0.000218766
0.000253282
0.000253282
0.000291986
0.000291986
0.000335226
0.000335226
0.000383358
0.000383358
0.000436744
0.000436744
0.000495742
0.000495742
0.000560701
0.000560701
0.000631959
0.000631959
0.000709828
0.000709828
0.000794591
0.000794591
0.00088649
0.00088649
0.000985719
0.000985719
0.00109241
0.00109241
0.00120664
0.00120664
0.00132841
0.00132841
0.00145762
0.00145762
0.00159412
0.00159412
0.00173767
0.00173767
0.00188792
0.00188792
0.00204447
0.00204447
0.00220685
0.00220685
0.00237451
0.00237451
0.00254685
0.00254685
0.00272323
0.00272323
0.00290299
0.00290299
0.00308544
0.00308544
0.00326989
0.00326989
0.00345565
0.00345565
0.00364207
0.00364207
0.00382851
0.00382851
0.00401436
0.00401436
0.00419907
0.00419907
0.00438211
0.00438211
0.00456301
0.00456301
0.00474136
0.00474136
0.00491679
0.00491679
0.00508896
0.00508896
0.00525761
0.00525761
0.0054225
0.0054225
0.00558345
0.00558345
0.00574029
0.00574029
0.00589293
0.00589293
0.00604126
0.00604126
0.00618525
0.00618525
0.00632486
0.00632486
0.00646009
0.00646009
0.00659094
0.00659094
0.00671746
0.00671746
0.00683968
0.00683968
0.00695767
0.00695767
0.00707149
0.00707149
0.00718123
0.00718123
0.00728696
0.00728696
0.00738877
0.00738877
0.00748676
0.00748676
0.00758102
0.00758102
0.00767166
0.00767166
0.00775876
0.00775876
0.00784244
0.00784244
0.00792279
0.00792279
0.0079999
0.0079999
0.00807388
0.00807388
0.00814482
0.00814482
0.00821281
0.00821281
0.00827795
0.00827795
0.00834033
0.00834033
0.00840003
0.00840003
0.00845714
0.00845714
0.00851174
0.00851174
0.00856391
0.00856391
0.00861373
0.00861373
0.00866126
0.00866126
0.00870658
0.00870658
0.00874977
0.00874977
0.00879087
0.00879087
0.00882997
0.00882997
0.00886711
0.00886711
0.00890237
0.00890237
0.00893578
0.00893578
0.00896741
0.00896741
0.0089973
0.0089973
0.00902551
0.00902551
0.00905208
0.00905208
0.00907706
0.00907706
0.00910049
0.00910049
0.0091224
0.0091224
0.00914284
0.00914284
0.00916185
0.00916185
0.00917946
0.00917946
0.0091957
0.0091957
0.0092106
0.0092106
0.0092242
0.0092242
0.00923652
0.00923652
0.00924759
0.00924759
0.00925744
0.00925744
0.00926608
0.00926608
0.00927355
0.00927355
0.00927986
0.00927986
0.00928504
0.00928504
0.00928911
0.00928911
0.00929207
0.00929207
0.00929396
0.00929396
0.00929478
0.00929478
0.00929456
0.00929456
0.0092933
0.0092933
0.00929101
0.00929101
0.00928772
0.00928772
0.00928344
0.00928344
0.00927816
0.00927816
0.00927191
0.00927191
0.00926469
0.00926469
0.00925651
0.00925651
0.00924738
0.00924738
0.0092373
0.0092373
0.00922629
0.00922629
0.00921434
0.00921434
0.00920146
0.00920146
0.00918766
0.00918766
0.00917294
0.00917294
0.0091573
0.0091573
0.00914074
0.00914074
0.00912327
0.00912327
0.00910489
0.00910489
0.0090856
0.0090856
0.0090654
0.0090654
0.00904428
0.00904428
0.00902226
0.00902226
0.00899932
0.00899932
0.00897547
0.00897547
0.0089507
0.0089507
0.00892501
0.00892501
0.0088984
0.0088984
0.00887086
0.00887086
0.00884239
0.00884239
0.00881299
0.00881299
0.00878266
0.00878266
0.00875137
0.00875137
0.00871914
0.00871914
0.00868596
0.00868596
0.00865181
0.00865181
0.0086167
0.0086167
0.00858061
0.00858061
0.00854354
0.00854354
0.00850549
0.00850549
0.00846643
0.00846643
0.00842637
0.00842637
0.00838529
0.00838529
0.0083432
0.0083432
0.00830007
0.00830007
0.00825589
0.00825589
0.00821067
0.00821067
0.00816438
0.00816438
0.00811702
0.00811702
0.00806858
0.00806858
0.00801904
0.00801904
0.0079684
0.0079684
0.00791664
0.00791664
0.00786375
0.00786375
0.00780973
0.00780973
0.00775455
0.00775455
0.0076982
0.0076982
0.00764069
0.00764069
0.00758198
0.00758198
0.00752207
0.00752207
0.00746095
0.00746095
0.00739861
0.00739861
0.00733503
0.00733503
0.00727021
0.00727021
0.00720412
0.00720412
0.00713676
0.00713676
0.00706813
0.00706813
0.0069982
0.0069982
0.00692697
0.00692697
0.00685443
0.00685443
0.00678057
0.00678057
0.00670539
0.00670539
0.00662888
0.00662888
0.00655104
0.00655104
0.00647185
0.00647185
0.00639133
0.00639133
0.00630947
0.00630947
0.00622627
0.00622627
0.00614174
0.00614174
0.0060559
0.0060559
0.00596874
0.00596874
0.00588029
0.00588029
0.00579057
0.00579057
0.00569961
0.00569961
0.00560742
0.00560742
0.00551405
0.00551405
0.00541955
0.00541955
0.00532395
0.00532395
0.00522733
0.00522733
0.00512975
0.00512975
0.00503129
0.00503129
0.00493205
0.00493205
0.00483212
0.00483212
0.00473162
0.00473162
0.00463071
0.00463071
0.00452952
0.00452952
0.00442824
0.00442824
0.00432707
0.00432707
0.00422623
0.00422623
0.00412598
0.00412598
0.0040266
0.0040266
0.00392841
0.00392841
0.00383178
0.00383178
0.00373709
0.00373709
0.00364479
0.00364479
0.00355537
0.00355537
0.00346938
0.00346938
0.00338741
0.00338741
0.0033101
0.0033101
0.00323815
0.00323815
0.00317231
0.00317231
0.00311337
0.00311337
0.00306215
0.00306215
0.00301952
0.00301952
0.00298632
0.00298632
0.0029634
0.0029634
0.00295157
0.00295157
0.00295157
0.00295157
0.0029634
0.0029634
0.00298632
0.00298632
0.00301952
0.00301952
0.00306215
0.00306215
0.00311337
0.00311337
0.00317231
0.00317231
0.00323815
0.00323815
0.0033101
0.0033101
0.00338741
0.00338741
0.00346938
0.00346938
0.00355537
0.00355537
0.00364479
0.00364479
0.00373709
0.00373709
0.00383178
0.00383178
0.00392841
0.00392841
0.0040266
0.0040266
0.00412598
0.00412598
0.00422623
0.00422623
0.00432707
0.00432707
0.00442824
0.00442824
0.00452952
0.00452952
0.00463071
0.00463071
0.00473162
0.00473162
0.00483212
0.00483212
0.00493205
0.00493205
0.00503129
0.00503129
0.00512975
0.00512975
0.00522733
0.00522733
0.00532395
0.00532395
0.00541955
0.00541955
0.00551405
0.00551405
0.00560742
0.00560742
0.0056996
0.0056996
0.00579057
0.00579057
0.00588029
0.00588029
0.00596874
0.00596874
0.0060559
0.0060559
0.00614174
0.00614174
0.00622627
0.00622627
0.00630947
0.00630947
0.00639133
0.00639133
0.00647185
0.00647185
0.00655103
0.00655103
0.00662888
0.00662888
0.00670539
0.00670539
0.00678057
0.00678057
0.00685443
0.00685443
0.00692697
0.00692697
0.0069982
0.0069982
0.00706813
0.00706813
0.00713676
0.00713676
0.00720412
0.00720412
0.0072702
0.0072702
0.00733503
0.00733503
0.00739861
0.00739861
0.00746095
0.00746095
0.00752207
0.00752207
0.00758198
0.00758198
0.00764068
0.00764068
0.0076982
0.0076982
0.00775455
0.00775455
0.00780972
0.00780972
0.00786375
0.00786375
0.00791664
0.00791664
0.0079684
0.0079684
0.00801904
0.00801904
0.00806858
0.00806858
0.00811702
0.00811702
0.00816438
0.00816438
0.00821067
0.00821067
0.00825589
0.00825589
0.00830006
0.00830006
0.0083432
0.0083432
0.00838529
0.00838529
0.00842637
0.00842637
0.00846643
0.00846643
0.00850549
0.00850549
0.00854354
0.00854354
0.00858061
0.00858061
0.0086167
0.0086167
0.00865181
0.00865181
0.00868596
0.00868596
0.00871914
0.00871914
0.00875137
0.00875137
0.00878265
0.00878265
0.00881299
0.00881299
0.00884239
0.00884239
0.00887086
0.00887086
0.0088984
0.0088984
0.00892501
0.00892501
0.0089507
0.0089507
0.00897547
0.00897547
0.00899932
0.00899932
0.00902226
0.00902226
0.00904428
0.00904428
0.0090654
0.0090654
0.0090856
0.0090856
0.00910489
0.00910489
0.00912327
0.00912327
0.00914074
0.00914074
0.0091573
0.0091573
0.00917294
0.00917294
0.00918766
0.00918766
0.00920146
0.00920146
0.00921434
0.00921434
0.00922629
0.00922629
0.0092373
0.0092373
0.00924738
0.00924738
0.00925651
0.00925651
0.00926469
0.00926469
0.00927191
0.00927191
0.00927816
0.00927816
0.00928344
0.00928344
0.00928772
0.00928772
0.00929101
0.00929101
0.0092933
0.0092933
0.00929456
0.00929456
0.00929478
0.00929478
0.00929396
0.00929396
0.00929207
0.00929207
0.00928911
0.00928911
0.00928504
0.00928504
0.00927986
0.00927986
0.00927355
0.00927355
0.00926608
0.00926608
0.00925744
0.00925744
0.00924759
0.00924759
0.00923652
0.00923652
0.0092242
0.0092242
0.0092106
0.0092106
0.0091957
0.0091957
0.00917946
0.00917946
0.00916185
0.00916185
0.00914284
0.00914284
0.0091224
0.0091224
0.00910049
0.00910049
0.00907706
0.00907706
0.00905208
0.00905208
0.00902551
0.00902551
0.0089973
0.0089973
0.00896741
0.00896741
0.00893578
0.00893578
0.00890237
0.00890237
0.00886711
0.00886711
0.00882997
0.00882997
0.00879087
0.00879087
0.00874977
0.00874977
0.00870658
0.00870658
0.00866126
0.00866126
0.00861373
0.00861373
0.00856391
0.00856391
0.00851174
0.00851174
0.00845714
0.00845714
0.00840003
0.00840003
0.00834033
0.00834033
0.00827795
0.00827795
0.00821281
0.00821281
0.00814482
0.00814482
0.00807388
0.00807388
0.0079999
0.0079999
0.00792279
0.00792279
0.00784244
0.00784244
0.00775876
0.00775876
0.00767166
0.00767166
0.00758102
0.00758102
0.00748676
0.00748676
0.00738877
0.00738877
0.00728696
0.00728696
0.00718123
0.00718123
0.00707149
0.00707149
0.00695767
0.00695767
0.00683968
0.00683968
0.00671746
0.00671746
0.00659094
0.00659094
0.00646009
0.00646009
0.00632486
0.00632486
0.00618525
0.00618525
0.00604126
0.00604126
0.00589293
0.00589293
0.00574029
0.00574029
0.00558345
0.00558345
0.0054225
0.0054225
0.00525761
0.00525761
0.00508896
0.00508896
0.00491679
0.00491679
0.00474136
0.00474136
0.00456301
0.00456301
0.00438211
0.00438211
0.00419907
0.00419907
0.00401437
0.00401437
0.00382851
0.00382851
0.00364207
0.00364207
0.00345565
0.00345565
0.00326989
0.00326989
0.00308544
0.00308544
0.00290299
0.00290299
0.00272323
0.00272323
0.00254685
0.00254685
0.00237451
0.00237451
0.00220685
0.00220685
0.00204447
0.00204447
0.00188792
0.00188792
0.00173767
0.00173767
0.00159412
0.00159412
0.00145762
0.00145762
0.00132841
0.00132841
0.00120664
0.00120664
0.00109241
0.00109241
0.000985719
0.000985719
0.00088649
0.00088649
0.000794591
0.000794591
0.000709828
0.000709828
0.000631959
0.000631959
0.000560702
0.000560702
0.000495742
0.000495742
0.000436744
0.000436744
0.000383358
0.000383358
0.000335226
0.000335226
0.000291986
0.000291986
0.000253282
0.000253282
0.000218766
0.000218766
0.000188097
0.000188097
0.000160952
0.000160952
0.00013702
0.00013702
0.000116007
0.000116007
9.76381e-05
9.76381e-05
8.16533e-05
8.16533e-05
6.78118e-05
6.78118e-05
5.58895e-05
5.58895e-05
4.56792e-05
4.56792e-05
3.699e-05
3.699e-05
2.96465e-05
2.96465e-05
2.34879e-05
2.34879e-05
1.83676e-05
1.83676e-05
1.41518e-05
1.41518e-05
1.07194e-05
1.07194e-05
7.96039e-06
7.96039e-06
5.77575e-06
5.77575e-06
4.07631e-06
4.07631e-06
2.78216e-06
2.78216e-06
1.82201e-06
1.82201e-06
1.13251e-06
1.13251e-06
6.57742e-07
6.57742e-07
3.48684e-07
3.48684e-07
1.62842e-07
1.62842e-07
6.40761e-08
6.40761e-08
2.33441e-08
2.33441e-08
2.53972e-08
2.53972e-08
1.57938e-07
1.57938e-07
0.00295157
0.00295157
0.0029634
0.0029634
0.00298632
0.00298632
0.00301952
0.00301952
0.00306215
0.00306215
0.00311337
0.00311337
0.00317231
0.00317231
0.00323815
0.00323815
0.0033101
0.0033101
0.00338741
0.00338741
0.00346938
0.00346938
0.00355537
0.00355537
0.00364479
0.00364479
0.00373709
0.00373709
0.00383178
0.00383177
0.00392841
0.00392841
0.0040266
0.0040266
0.00412598
0.00412598
0.00422623
0.00422623
0.00432707
0.00432707
0.00442824
0.00442824
0.00452952
0.00452952
0.00463071
0.00463071
0.00473162
0.00473162
0.00483212
0.00483212
0.00493205
0.00493205
0.00503129
0.00503129
0.00512975
0.00512975
0.00522733
0.00522733
0.00532395
0.00532395
0.00541955
0.00541955
0.00551405
0.00551405
0.00560742
0.00560742
0.0056996
0.0056996
0.00579057
0.00579057
0.00588029
0.00588029
0.00596874
0.00596874
0.0060559
0.0060559
0.00614174
0.00614174
0.00622627
0.00622627
0.00630947
0.00630947
0.00639133
0.00639133
0.00647185
0.00647185
0.00655103
0.00655103
0.00662888
0.00662888
0.00670539
0.00670539
0.00678057
0.00678057
0.00685443
0.00685443
0.00692697
0.00692697
0.0069982
0.0069982
0.00706813
0.00706813
0.00713676
0.00713676
0.00720412
0.00720412
0.0072702
0.0072702
0.00733503
0.00733503
0.00739861
0.00739861
0.00746095
0.00746095
0.00752207
0.00752207
0.00758198
0.00758198
0.00764068
0.00764068
0.0076982
0.0076982
0.00775455
0.00775455
0.00780972
0.00780972
0.00786375
0.00786375
0.00791664
0.00791664
0.0079684
0.0079684
0.00801904
0.00801904
0.00806858
0.00806858
0.00811702
0.00811702
0.00816438
0.00816438
0.00821067
0.00821067
0.00825589
0.00825589
0.00830006
0.00830006
0.0083432
0.0083432
0.00838529
0.00838529
0.00842637
0.00842637
0.00846643
0.00846643
0.00850549
0.00850549
0.00854354
0.00854354
0.00858061
0.00858061
0.0086167
0.0086167
0.00865181
0.00865181
0.00868596
0.00868596
0.00871914
0.00871914
0.00875137
0.00875137
0.00878265
0.00878265
0.00881299
0.00881299
0.00884239
0.00884239
0.00887086
0.00887086
0.0088984
0.0088984
0.00892501
0.00892501
0.0089507
0.0089507
0.00897547
0.00897547
0.00899932
0.00899932
0.00902226
0.00902226
0.00904428
0.00904428
0.0090654
0.0090654
0.0090856
0.0090856
0.00910489
0.00910489
0.00912327
0.00912327
0.00914074
0.00914074
0.0091573
0.0091573
0.00917294
0.00917294
0.00918766
0.00918766
0.00920146
0.00920146
0.00921434
0.00921434
0.00922629
0.00922629
0.0092373
0.0092373
0.00924738
0.00924738
0.00925651
0.00925651
0.00926469
0.00926469
0.00927191
0.00927191
0.00927816
0.00927816
0.00928344
0.00928344
0.00928772
0.00928772
0.00929101
0.00929101
0.0092933
0.0092933
0.00929456
0.00929456
0.00929478
0.00929478
0.00929396
0.00929396
0.00929207
0.00929207
0.00928911
0.00928911
0.00928504
0.00928504
0.00927986
0.00927986
0.00927355
0.00927355
0.00926608
0.00926608
0.00925744
0.00925744
0.00924759
0.00924759
0.00923652
0.00923652
0.0092242
0.0092242
0.0092106
0.0092106
0.0091957
0.0091957
0.00917946
0.00917946
0.00916185
0.00916185
0.00914284
0.00914284
0.0091224
0.0091224
0.00910049
0.00910049
0.00907706
0.00907706
0.00905208
0.00905208
0.00902551
0.00902551
0.0089973
0.0089973
0.00896741
0.00896741
0.00893578
0.00893578
0.00890237
0.00890237
0.00886711
0.00886711
0.00882997
0.00882997
0.00879087
0.00879087
0.00874977
0.00874977
0.00870658
0.00870658
0.00866126
0.00866126
0.00861373
0.00861373
0.00856391
0.00856391
0.00851174
0.00851174
0.00845714
0.00845714
0.00840003
0.00840003
0.00834033
0.00834033
0.00827795
0.00827795
0.00821281
0.00821281
0.00814482
0.00814482
0.00807388
0.00807388
0.0079999
0.0079999
0.00792279
0.00792279
0.00784244
0.00784244
0.00775876
0.00775876
0.00767166
0.00767166
0.00758102
0.00758102
0.00748676
0.00748676
0.00738877
0.00738877
0.00728696
0.00728696
0.00718123
0.00718123
0.00707149
0.00707149
0.00695767
0.00695767
0.00683968
0.00683968
0.00671746
0.00671746
0.00659094
0.00659094
0.00646009
0.00646009
0.00632486
0.00632486
0.00618525
0.00618525
0.00604126
0.00604126
0.00589293
0.00589293
0.00574029
0.00574029
0.00558345
0.00558345
0.0054225
0.0054225
0.00525761
0.00525761
0.00508896
0.00508896
0.00491679
0.00491679
0.00474136
0.00474136
0.00456301
0.00456301
0.00438211
0.00438211
0.00419907
0.00419907
0.00401437
0.00401437
0.00382851
0.00382851
0.00364207
0.00364207
0.00345565
0.00345565
0.00326989
0.00326989
0.00308544
0.00308544
0.00290299
0.00290299
0.00272323
0.00272323
0.00254685
0.00254685
0.00237451
0.00237451
0.00220685
0.00220685
0.00204447
0.00204447
0.00188792
0.00188792
0.00173767
0.00173767
0.00159412
0.00159412
0.00145762
0.00145762
0.00132841
0.00132841
0.00120664
0.00120664
0.00109241
0.00109241
0.000985719
0.000985719
0.00088649
0.00088649
0.000794591
0.000794591
0.000709828
0.000709828
0.000631959
0.000631959
0.000560702
0.000560702
0.000495742
0.000495742
0.000436744
0.000436744
0.000383358
0.000383358
0.000335226
0.000335226
0.000291986
0.000291986
0.000253282
0.000253282
0.000218766
0.000218766
0.000188097
0.000188097
0.000160952
0.000160952
0.00013702
0.00013702
0.000116007
0.000116007
9.76381e-05
9.76381e-05
8.16533e-05
8.16533e-05
6.78118e-05
6.78118e-05
5.58895e-05
5.58895e-05
4.56792e-05
4.56792e-05
3.699e-05
3.699e-05
2.96465e-05
2.96465e-05
2.34879e-05
2.34879e-05
1.83676e-05
1.83676e-05
1.41518e-05
1.41518e-05
1.07194e-05
1.07194e-05
7.96039e-06
7.96039e-06
5.77575e-06
5.77575e-06
4.07631e-06
4.07631e-06
2.78216e-06
2.78216e-06
1.82201e-06
1.82201e-06
1.13251e-06
1.13251e-06
6.57742e-07
6.57742e-07
3.48684e-07
3.48684e-07
1.62842e-07
1.62842e-07
6.40761e-08
6.40761e-08
2.33441e-08
2.33441e-08
2.53972e-08
2.53972e-08
1.57938e-07
1.57938e-07
)
;

boundaryField
{
    walls
    {
        type            kqRWallFunction;
        value           nonuniform List<scalar> 8(1.57937e-07 1.57937e-07 1.57937e-07 1.57937e-07 1.57938e-07 1.57938e-07 1.57938e-07 1.57938e-07);
    }
    inlet
    {
        type            cyclic;
    }
    outlet
    {
        type            cyclic;
    }
    sides
    {
        type            empty;
    }
}


// ************************************************************************* //
