/*--------------------------------*- C++ -*----------------------------------*\
| =========                 |                                                 |
| \\      /  F ield         | OpenFOAM: The Open Source CFD Toolbox           |
|  \\    /   O peration     | Version:  2106                                  |
|   \\  /    A nd           | Website:  www.openfoam.com                      |
|    \\/     M anipulation  |                                                 |
\*---------------------------------------------------------------------------*/
FoamFile
{
    version     2.0;
    format      ascii;
    arch        "LSB;label=32;scalar=64";
    class       surfaceScalarField;
    location    "10060";
    object      phi;
}
// * * * * * * * * * * * * * * * * * * * * * * * * * * * * * * * * * * * * * //

dimensions      [0 3 -1 0 0 0 0];

oriented        oriented;

internalField   nonuniform List<scalar> 
3996
(
2.03914e-08
-5.10108e-18
-1.48977e-22
-3.78589e-22
2.2067e-23
6.26962e-08
-5.09945e-18
-5.29983e-22
-1.42383e-21
-1.84347e-23
1.07362e-07
-5.09781e-18
-5.42671e-22
-2.5117e-21
-1.9448e-23
1.54492e-07
-5.09612e-18
-5.63006e-22
-3.62003e-21
-2.04891e-23
2.04193e-07
-5.0943e-18
-5.81459e-22
-4.78684e-21
-2.15557e-23
2.56575e-07
-5.09243e-18
-5.99333e-22
-6.00281e-21
-2.26462e-23
3.11755e-07
-5.09047e-18
-6.17673e-22
-7.3377e-21
-2.37586e-23
3.69853e-07
-5.08858e-18
-6.36665e-22
-8.62554e-21
-2.48875e-23
4.30993e-07
-5.08656e-18
-6.56178e-22
-9.97509e-21
-2.60318e-23
4.95306e-07
-5.08439e-18
-6.76192e-22
-1.14754e-20
-2.71894e-23
5.62926e-07
-5.0825e-18
-6.96748e-22
-1.28527e-20
-2.83527e-23
6.33993e-07
-5.08036e-18
-7.17879e-22
-1.42048e-20
-2.9519e-23
7.08654e-07
-5.07805e-18
-7.39625e-22
-1.57238e-20
-3.06872e-23
7.87058e-07
-5.07552e-18
-7.62019e-22
-1.72731e-20
-3.18511e-23
8.69364e-07
-5.07297e-18
-7.85103e-22
-1.86495e-20
-3.30024e-23
9.55735e-07
-5.07056e-18
-8.08899e-22
-2.02713e-20
-3.41472e-23
1.04634e-06
-5.06795e-18
-8.33435e-22
-2.1813e-20
-3.52829e-23
1.14135e-06
-5.06528e-18
-8.58744e-22
-2.34141e-20
-3.63895e-23
1.24095e-06
-5.06237e-18
-8.84856e-22
-2.54282e-20
-3.7464e-23
1.34533e-06
-5.05972e-18
-9.11804e-22
-2.71109e-20
-3.84831e-23
1.45469e-06
-5.05697e-18
-9.39603e-22
-2.90857e-20
-3.94454e-23
1.56921e-06
-5.05415e-18
-9.68281e-22
-3.08581e-20
-4.03278e-23
1.68912e-06
-5.05091e-18
-9.97858e-22
-3.31594e-20
-4.11317e-23
1.81462e-06
-5.04764e-18
-1.02837e-21
-3.51402e-20
-4.1824e-23
1.94593e-06
-5.04429e-18
-1.05984e-21
-3.7601e-20
-4.24009e-23
2.08327e-06
-5.04113e-18
-1.09226e-21
-4.00103e-20
-4.28415e-23
2.22688e-06
-5.03816e-18
-1.12565e-21
-4.24507e-20
-4.31522e-23
2.37699e-06
-5.03423e-18
-1.15998e-21
-4.49856e-20
-4.33023e-23
2.53384e-06
-5.03036e-18
-1.19529e-21
-4.76409e-20
-4.3272e-23
2.69766e-06
-5.02613e-18
-1.23153e-21
-4.9494e-20
-4.30688e-23
2.86869e-06
-5.02232e-18
-1.26871e-21
-5.16467e-20
-4.26767e-23
3.04718e-06
-5.01832e-18
-1.30677e-21
-5.4375e-20
-4.20768e-23
3.23336e-06
-5.01387e-18
-1.34564e-21
-5.72645e-20
-4.11937e-23
3.42747e-06
-5.00941e-18
-1.38527e-21
-6.02728e-20
-4.00425e-23
3.62973e-06
-5.00495e-18
-1.42557e-21
-6.30975e-20
-3.85474e-23
3.84037e-06
-5.00053e-18
-1.46646e-21
-6.68634e-20
-3.67019e-23
4.0596e-06
-4.99541e-18
-1.50786e-21
-6.97155e-20
-3.4363e-23
4.28761e-06
-4.9907e-18
-1.54957e-21
-7.36447e-20
-3.16161e-23
4.52458e-06
-4.98519e-18
-1.59138e-21
-7.8309e-20
-2.83618e-23
4.77069e-06
-4.97946e-18
-1.63315e-21
-8.24476e-20
-2.45186e-23
5.02608e-06
-4.97492e-18
-1.67474e-21
-8.54636e-20
-1.99883e-23
5.29087e-06
-4.97181e-18
-1.71584e-21
-8.84569e-20
-1.4876e-23
5.56517e-06
-4.96747e-18
-1.75614e-21
-9.14555e-20
-9.16278e-24
5.84907e-06
-4.96226e-18
-1.79546e-21
-9.53886e-20
-2.87827e-24
6.14262e-06
-4.95516e-18
-1.83359e-21
-9.87006e-20
4.10239e-24
6.44586e-06
-4.94855e-18
-1.87037e-21
-1.03339e-19
1.16609e-23
6.75881e-06
-4.94287e-18
-1.90576e-21
-1.0826e-19
1.99151e-23
7.08148e-06
-4.93803e-18
-1.93936e-21
-1.11611e-19
2.87599e-23
7.41385e-06
-4.93214e-18
-1.97103e-21
-1.15732e-19
3.8055e-23
7.7559e-06
-4.92492e-18
-2.00072e-21
-1.19371e-19
4.76525e-23
8.1076e-06
-4.92153e-18
-2.02847e-21
-1.22543e-19
5.77862e-23
8.46889e-06
-4.91385e-18
-2.05397e-21
-1.28081e-19
6.8529e-23
8.83975e-06
-4.90625e-18
-2.07742e-21
-1.33449e-19
7.97089e-23
9.22013e-06
-4.89917e-18
-2.09906e-21
-1.3913e-19
9.18702e-23
9.60999e-06
-4.88716e-18
-2.11899e-21
-1.45997e-19
1.0485e-22
1.00093e-05
-4.87852e-18
-2.13791e-21
-1.51876e-19
1.18886e-22
1.04181e-05
-4.86986e-18
-2.15576e-21
-1.59299e-19
1.34263e-22
1.08363e-05
-4.86088e-18
-2.17258e-21
-1.66319e-19
1.50963e-22
1.12639e-05
-4.85481e-18
-2.18863e-21
-1.71931e-19
1.69057e-22
1.1701e-05
-4.84667e-18
-2.20375e-21
-1.77083e-19
1.8799e-22
1.21476e-05
-4.83889e-18
-2.21796e-21
-1.81122e-19
2.07589e-22
1.26037e-05
-4.82948e-18
-2.2316e-21
-1.86626e-19
2.27595e-22
1.30695e-05
-4.82203e-18
-2.24475e-21
-1.92744e-19
2.4842e-22
1.3545e-05
-4.81509e-18
-2.2576e-21
-1.97784e-19
2.6997e-22
1.40303e-05
-4.80732e-18
-2.26985e-21
-2.03443e-19
2.91789e-22
1.45255e-05
-4.79527e-18
-2.28189e-21
-2.11297e-19
3.14384e-22
1.50308e-05
-4.78728e-18
-2.29457e-21
-2.18058e-19
3.37562e-22
1.55464e-05
-4.78392e-18
-2.30746e-21
-2.20192e-19
3.61518e-22
1.60723e-05
-4.77963e-18
-2.32024e-21
-2.23506e-19
3.85785e-22
1.66087e-05
-4.76859e-18
-2.3331e-21
-2.29949e-19
4.10665e-22
1.71559e-05
-4.76477e-18
-2.34616e-21
-2.35529e-19
4.35576e-22
1.7714e-05
-4.75685e-18
-2.36064e-21
-2.37978e-19
4.6177e-22
1.82833e-05
-4.75067e-18
-2.37589e-21
-2.43128e-19
4.89016e-22
1.8864e-05
-4.74725e-18
-2.39162e-21
-2.48287e-19
5.16779e-22
1.94563e-05
-4.73811e-18
-2.40811e-21
-2.55285e-19
5.45151e-22
2.00604e-05
-4.73198e-18
-2.42515e-21
-2.60944e-19
5.74171e-22
2.06766e-05
-4.7228e-18
-2.44289e-21
-2.67203e-19
6.02416e-22
2.13052e-05
-4.70953e-18
-2.46106e-21
-2.72878e-19
6.30503e-22
2.19465e-05
-4.69958e-18
-2.48061e-21
-2.78864e-19
6.60039e-22
2.26006e-05
-4.69435e-18
-2.50026e-21
-2.82094e-19
6.91068e-22
2.3268e-05
-4.68316e-18
-2.51983e-21
-2.93187e-19
7.21578e-22
2.39488e-05
-4.67409e-18
-2.54044e-21
-3.01621e-19
7.53804e-22
2.46435e-05
-4.66046e-18
-2.56142e-21
-3.09774e-19
7.87412e-22
2.53523e-05
-4.65046e-18
-2.58302e-21
-3.17684e-19
8.22922e-22
2.60755e-05
-4.64318e-18
-2.60505e-21
-3.21447e-19
8.58436e-22
2.68135e-05
-4.63816e-18
-2.62579e-21
-3.33157e-19
8.90511e-22
2.75665e-05
-4.63474e-18
-2.64602e-21
-3.42008e-19
9.22432e-22
2.8335e-05
-4.62321e-18
-2.66666e-21
-3.55058e-19
9.54173e-22
2.91193e-05
-4.61773e-18
-2.69019e-21
-3.57904e-19
9.90001e-22
2.99198e-05
-4.613e-18
-2.71422e-21
-3.58028e-19
1.02413e-21
3.07367e-05
-4.60371e-18
-2.73923e-21
-3.68119e-19
1.05274e-21
3.15706e-05
-4.58872e-18
-2.76336e-21
-3.78056e-19
1.0801e-21
3.24217e-05
-4.56839e-18
-2.7874e-21
-3.92271e-19
1.09995e-21
3.32904e-05
-4.55636e-18
-2.81568e-21
-4.03908e-19
1.11442e-21
3.41772e-05
-4.54464e-18
-2.84242e-21
-4.06707e-19
1.12683e-21
3.50825e-05
-4.52907e-18
-2.8684e-21
-4.21524e-19
1.13732e-21
3.60066e-05
-4.5263e-18
-2.90228e-21
-4.21049e-19
1.15634e-21
3.69501e-05
-4.52076e-18
-2.93691e-21
-4.21688e-19
1.17481e-21
3.79132e-05
-4.5158e-18
-2.97277e-21
-4.21113e-19
1.19271e-21
3.88966e-05
-4.51284e-18
-3.01362e-21
-4.21843e-19
1.21722e-21
3.99005e-05
-4.50115e-18
-3.05744e-21
-4.26331e-19
1.24387e-21
4.09255e-05
-4.4914e-18
-3.10691e-21
-4.34405e-19
1.26363e-21
4.1972e-05
-4.47397e-18
-3.15908e-21
-4.32806e-19
1.2871e-21
4.30406e-05
-4.46467e-18
-3.21847e-21
-4.41609e-19
1.30766e-21
4.41316e-05
-4.45726e-18
-3.27163e-21
-4.48128e-19
1.32681e-21
4.52457e-05
-4.44252e-18
-3.32603e-21
-4.56343e-19
1.33686e-21
4.63832e-05
-4.43146e-18
-3.37955e-21
-4.60391e-19
1.34625e-21
4.75448e-05
-4.42122e-18
-3.42296e-21
-4.68348e-19
1.34871e-21
4.87308e-05
-4.40697e-18
-3.45473e-21
-4.79611e-19
1.35114e-21
4.9942e-05
-4.38442e-18
-3.4768e-21
-4.87201e-19
1.35777e-21
5.11788e-05
-4.36749e-18
-3.50714e-21
-4.96467e-19
1.36372e-21
5.24418e-05
-4.35055e-18
-3.52205e-21
-5.09097e-19
1.37687e-21
5.37315e-05
-4.33399e-18
-3.52929e-21
-5.22606e-19
1.38758e-21
5.50486e-05
-4.31535e-18
-3.51481e-21
-5.36987e-19
1.39261e-21
5.63936e-05
-4.29699e-18
-3.50081e-21
-5.46453e-19
1.39573e-21
5.77671e-05
-4.27075e-18
-3.49851e-21
-5.62106e-19
1.39936e-21
5.91698e-05
-4.2473e-18
-3.5012e-21
-5.8214e-19
1.40968e-21
6.06022e-05
-4.20526e-18
-3.51796e-21
-5.98504e-19
1.4415e-21
6.20651e-05
-4.1807e-18
-3.54981e-21
-6.33573e-19
1.4711e-21
6.35591e-05
-4.16272e-18
-3.57217e-21
-6.37449e-19
1.51273e-21
6.50848e-05
-4.14143e-18
-3.5717e-21
-6.64373e-19
1.54121e-21
6.66429e-05
-4.12128e-18
-3.55415e-21
-6.74163e-19
1.56818e-21
6.82342e-05
-4.10676e-18
-3.5161e-21
-7.14986e-19
1.59183e-21
6.98593e-05
-4.08343e-18
-3.46938e-21
-7.44565e-19
1.64682e-21
7.1519e-05
-4.05973e-18
-3.44957e-21
-7.7702e-19
1.72576e-21
7.3214e-05
-4.02896e-18
-3.46563e-21
-8.07032e-19
1.86167e-21
7.4945e-05
-4.0071e-18
-3.52801e-21
-8.06782e-19
2.02412e-21
7.67129e-05
-4.00572e-18
-3.63043e-21
-8.20145e-19
2.15577e-21
7.85183e-05
-4.01587e-18
-3.72127e-21
-8.11814e-19
2.2602e-21
8.03622e-05
-4.00066e-18
-3.81086e-21
-8.22686e-19
2.34158e-21
8.22454e-05
-3.99669e-18
-3.93382e-21
-8.45151e-19
2.43199e-21
8.41686e-05
-3.97751e-18
-4.05704e-21
-8.58934e-19
2.4932e-21
8.61327e-05
-3.97193e-18
-4.20336e-21
-8.63325e-19
2.51531e-21
8.81387e-05
-3.94217e-18
-4.33808e-21
-8.82857e-19
2.50731e-21
9.01873e-05
-3.91896e-18
-4.51588e-21
-8.8532e-19
2.52431e-21
9.22795e-05
-3.90048e-18
-4.6907e-21
-8.99506e-19
2.53724e-21
9.44162e-05
-3.88429e-18
-4.89443e-21
-9.1878e-19
2.53233e-21
9.65983e-05
-3.85837e-18
-5.11089e-21
-9.30951e-19
2.55561e-21
9.88269e-05
-3.84609e-18
-5.33685e-21
-9.41393e-19
2.60843e-21
0.000101103
-3.81384e-18
-5.58776e-21
-9.52982e-19
2.63536e-21
0.000103427
-3.79478e-18
-5.84196e-21
-9.79263e-19
2.60533e-21
0.000105801
-3.77628e-18
-6.11855e-21
-9.89595e-19
2.58471e-21
0.000108225
-3.74412e-18
-6.40079e-21
-1.01262e-18
2.55117e-21
0.000110701
-3.71523e-18
-6.63986e-21
-1.03242e-18
2.52304e-21
0.000113229
-3.68466e-18
-6.88992e-21
-1.07979e-18
2.45256e-21
0.000115811
-3.66287e-18
-7.1659e-21
-1.10776e-18
2.43488e-21
0.000118448
-3.6348e-18
-7.40749e-21
-1.14068e-18
2.3996e-21
0.000121141
-3.60807e-18
-7.68963e-21
-1.16282e-18
2.33325e-21
0.000123891
-3.57794e-18
-7.89556e-21
-1.20477e-18
2.20258e-21
0.0001267
-3.51986e-18
-8.02707e-21
-1.2329e-18
2.11521e-21
0.000129568
-3.48796e-18
-8.32439e-21
-1.24261e-18
2.00956e-21
0.000132497
-3.45363e-18
-8.56217e-21
-1.27668e-18
1.90444e-21
0.000135488
-3.44264e-18
-8.76653e-21
-1.32859e-18
1.75955e-21
0.000138542
-3.4148e-18
-8.83937e-21
-1.33691e-18
1.64484e-21
0.000141661
-3.35217e-18
-8.93154e-21
-1.38545e-18
1.47463e-21
0.000144846
-3.32168e-18
-9.16009e-21
-1.41636e-18
1.34435e-21
0.000148099
-3.28266e-18
-9.31709e-21
-1.44379e-18
1.19944e-21
0.00015142
-3.2503e-18
-9.50667e-21
-1.49111e-18
8.40006e-22
0.000154812
-3.19762e-18
-9.82217e-21
-1.5133e-18
6.22083e-22
0.000158276
-3.1589e-18
-1.02416e-20
-1.52634e-18
4.95391e-22
0.000161812
-3.12221e-18
-1.07001e-20
-1.54386e-18
2.10554e-22
0.000165424
-3.07585e-18
-1.12077e-20
-1.55974e-18
-1.07657e-22
0.000169112
-3.07071e-18
-1.1791e-20
-1.57935e-18
-3.88945e-22
0.000172877
-3.05159e-18
-1.20968e-20
-1.55781e-18
-7.66427e-22
0.000176722
-3.00703e-18
-1.25109e-20
-1.58352e-18
-1.55928e-21
0.000180649
-2.99676e-18
-1.30784e-20
-1.58009e-18
-2.44532e-21
0.000184658
-2.98969e-18
-1.35602e-20
-1.59202e-18
-3.60237e-21
0.000188751
-2.94351e-18
-1.39959e-20
-1.62279e-18
-4.3484e-21
0.000192931
-2.89867e-18
-1.43065e-20
-1.60826e-18
-4.66521e-21
0.000197199
-2.85601e-18
-1.45386e-20
-1.60835e-18
-5.41111e-21
0.000201557
-2.81518e-18
-1.47586e-20
-1.60908e-18
-6.15264e-21
0.000206006
-2.75131e-18
-1.496e-20
-1.63943e-18
-6.96801e-21
0.000210549
-2.75003e-18
-1.51772e-20
-1.65202e-18
-7.67026e-21
0.000215187
-2.70005e-18
-1.50274e-20
-1.67185e-18
-8.41939e-21
0.000219922
-2.68e-18
-1.47754e-20
-1.6297e-18
-9.26954e-21
0.000224757
-2.60219e-18
-1.44107e-20
-1.67209e-18
-1.05529e-20
0.000229694
-2.56547e-18
-1.42846e-20
-1.66656e-18
-1.17207e-20
0.000234734
-2.54574e-18
-1.43477e-20
-1.65615e-18
-1.29832e-20
0.000239879
-2.5269e-18
-1.46541e-20
-1.65746e-18
-1.42077e-20
0.000245132
-2.50093e-18
-1.48288e-20
-1.67655e-18
-1.55407e-20
0.000250495
-2.41757e-18
-1.51826e-20
-1.67804e-18
-1.71303e-20
0.00025597
-2.36855e-18
-1.58367e-20
-1.74977e-18
-1.92439e-20
0.000261559
-2.33279e-18
-1.72427e-20
-1.77428e-18
-2.00228e-20
0.000267265
-2.28877e-18
-1.84984e-20
-1.79944e-18
-2.015e-20
0.000273089
-2.2478e-18
-1.92373e-20
-1.8151e-18
-2.07323e-20
0.000279035
-2.2235e-18
-1.96278e-20
-1.88628e-18
-2.09971e-20
0.000285105
-2.18183e-18
-2.04364e-20
-1.88199e-18
-2.07655e-20
0.000291301
-2.2025e-18
-2.01861e-20
-1.92326e-18
-2.15958e-20
0.000297626
-2.19511e-18
-1.99598e-20
-1.8966e-18
-2.21101e-20
0.000304081
-2.13778e-18
-1.94912e-20
-1.93511e-18
-2.27918e-20
0.000310671
-2.11228e-18
-1.8704e-20
-1.91253e-18
-2.23738e-20
0.000317397
-2.08155e-18
-1.7179e-20
-1.92136e-18
-2.19438e-20
0.000324262
-2.0744e-18
-1.6554e-20
-1.92237e-18
-2.00806e-20
0.000331269
-2.06092e-18
-1.61186e-20
-1.97565e-18
-1.91377e-20
0.000338421
-2.09071e-18
-1.60955e-20
-1.93812e-18
-1.89844e-20
0.00034572
-2.08939e-18
-1.50254e-20
-1.9649e-18
-2.00098e-20
0.000353169
-2.06703e-18
-1.57023e-20
-1.94378e-18
-1.9541e-20
0.000360771
-2.0075e-18
-1.69954e-20
-1.93681e-18
-2.0922e-20
0.00036853
-2.00258e-18
-1.80095e-20
-1.98371e-18
-2.31923e-20
0.000376447
-1.98899e-18
-1.89307e-20
-1.8455e-18
-2.36768e-20
0.000384526
-1.84373e-18
-1.85909e-20
-1.8994e-18
-2.71401e-20
0.000392771
-1.83112e-18
-2.08065e-20
-1.83521e-18
-2.73352e-20
0.000401184
-1.80623e-18
-2.22903e-20
-1.83115e-18
-2.73093e-20
0.000409768
-1.81133e-18
-2.43192e-20
-1.74826e-18
-2.72317e-20
0.000418526
-1.7189e-18
-2.51948e-20
-1.80907e-18
-2.83928e-20
0.000427462
-1.66991e-18
-2.656e-20
-1.80137e-18
-2.66327e-20
0.000436579
-1.62451e-18
-2.91761e-20
-1.78034e-18
-2.57301e-20
0.000445881
-1.68858e-18
-3.07084e-20
-1.68209e-18
-2.55382e-20
0.00045537
-1.63198e-18
-2.77851e-20
-1.64865e-18
-2.57038e-20
0.00046505
-1.58579e-18
-2.66197e-20
-1.54451e-18
-2.51186e-20
0.000474924
-1.56226e-18
-2.55617e-20
-1.52536e-18
-2.21111e-20
0.000484995
-1.48055e-18
-2.68809e-20
-1.48927e-18
-1.93514e-20
0.000495268
-1.51224e-18
-2.89683e-20
-1.53379e-18
-1.92472e-20
0.000505746
-1.52301e-18
-3.55632e-20
-1.63916e-18
-2.2549e-20
0.000516431
-1.65314e-18
-3.93668e-20
-1.57935e-18
-2.39501e-20
0.000527328
-1.66377e-18
-4.0929e-20
-1.46805e-18
-2.77912e-20
0.00053844
-1.59659e-18
-4.16685e-20
-1.56396e-18
-3.26561e-20
0.00054977
-1.55586e-18
-4.25658e-20
-1.64058e-18
-3.25667e-20
0.000561322
-1.63554e-18
-4.66422e-20
-1.53152e-18
-2.91853e-20
0.0005731
-1.67189e-18
-4.5498e-20
-1.63696e-18
-2.85065e-20
0.000585106
-1.43587e-18
-3.6305e-20
-1.51377e-18
-2.37144e-20
0.000597344
-1.48417e-18
-3.74088e-20
-1.43804e-18
-2.48618e-20
0.000609818
-1.62857e-18
-3.86659e-20
-1.4372e-18
-2.29233e-20
0.000622531
-1.58041e-18
-3.88509e-20
-1.53061e-18
-2.21123e-20
0.000635485
-1.62144e-18
-4.20979e-20
-1.55868e-18
-2.41499e-20
0.000648685
-1.47216e-18
-4.62125e-20
-1.64764e-18
-2.51826e-20
0.000662133
-1.42338e-18
-5.02218e-20
-1.515e-18
-2.67508e-20
0.000675832
-1.4857e-18
-5.35616e-20
-1.34981e-18
-2.94698e-20
0.000689785
-1.46271e-18
-5.32088e-20
-1.42622e-18
-3.85357e-20
0.000703995
-1.50005e-18
-5.09804e-20
-1.32676e-18
-3.93439e-20
0.000718463
-1.3999e-18
-4.00319e-20
-1.29718e-18
-4.39312e-20
0.000733193
-1.21198e-18
-3.09018e-20
-1.43459e-18
-4.33388e-20
0.000748186
-1.22215e-18
-2.92219e-20
-1.36564e-18
-3.33171e-20
0.000763444
-1.32846e-18
-3.44758e-20
-1.4525e-18
-3.05601e-20
0.000778968
-1.31404e-18
-3.24854e-20
-1.56355e-18
-2.1454e-20
0.000794759
-1.33726e-18
-4.18443e-20
-1.60666e-18
-2.03541e-20
0.000810818
-1.31107e-18
-4.97923e-20
-1.39642e-18
-1.52456e-20
0.000827144
-1.33755e-18
-5.02546e-20
-1.49086e-18
-3.40137e-21
0.000843737
-1.31984e-18
-6.14999e-20
-1.35242e-18
1.84035e-20
0.000860597
-1.43417e-18
-7.6765e-20
-1.18759e-18
2.05351e-20
0.00087772
-1.53498e-18
-6.33757e-20
-1.02241e-18
-3.12031e-21
0.000895105
-1.42134e-18
-3.18863e-20
-1.04681e-18
-2.48448e-20
0.000912748
-1.08047e-18
-3.64096e-21
-1.17071e-18
-3.25717e-20
0.000930644
-1.09458e-18
-4.44989e-21
-9.56313e-19
-1.14528e-20
0.000948789
-1.0239e-18
2.69598e-21
-9.1234e-19
-5.14466e-21
0.000967177
-1.00029e-18
3.93364e-21
-8.53107e-19
-6.51773e-21
0.000985799
-8.13801e-19
-8.52417e-21
-9.66027e-19
-2.01574e-20
0.00100465
-8.66463e-19
-7.36519e-21
-9.44893e-19
-7.03e-21
0.00102371
-8.0098e-19
4.72036e-22
-8.65471e-19
-3.19713e-21
0.00104299
1.006e-20
-7.49315e-19
-9.27682e-22
-7.40517e-19
2.03914e-08
-1.31e-22
2.88652e-24
6.26962e-08
-5.95211e-22
-9.55993e-23
1.07362e-07
-1.07069e-21
-1.93392e-22
1.54492e-07
-1.55536e-21
-2.62376e-22
2.04193e-07
-2.0781e-21
-3.64091e-22
2.56575e-07
-2.618e-21
-4.51879e-22
3.11755e-07
-3.0921e-21
-5.25373e-22
3.69853e-07
-3.6089e-21
-6.51126e-22
4.30993e-07
-4.0868e-21
-8.09539e-22
4.95306e-07
-4.68495e-21
-9.41413e-22
5.62926e-07
-5.18335e-21
-1.07383e-21
6.33993e-07
-5.7427e-21
-1.24985e-21
7.08654e-07
-6.36766e-21
-1.39611e-21
7.87058e-07
-7.3034e-21
-1.36284e-21
8.69364e-07
-7.8652e-21
-1.51322e-21
9.55735e-07
-8.52583e-21
-1.89948e-21
1.04634e-06
-9.10909e-21
-1.85099e-21
1.14135e-06
-9.71124e-21
-2.14604e-21
1.24095e-06
-1.04569e-20
-2.29843e-21
1.34533e-06
-1.10985e-20
-2.57355e-21
1.45469e-06
-1.17331e-20
-2.5943e-21
1.56921e-06
-1.23996e-20
-2.70818e-21
1.68912e-06
-1.33131e-20
-2.85245e-21
1.81462e-06
-1.42708e-20
-2.96676e-21
1.94593e-06
-1.48677e-20
-3.07776e-21
2.08327e-06
-1.58794e-20
-3.82607e-21
2.22688e-06
-1.69874e-20
-4.33729e-21
2.37699e-06
-1.79061e-20
-4.84176e-21
2.53384e-06
-1.83121e-20
-5.82984e-21
2.69766e-06
-1.91958e-20
-6.02759e-21
2.86869e-06
-2.03033e-20
-6.6169e-21
3.04718e-06
-2.09242e-20
-6.25552e-21
3.23336e-06
-2.19432e-20
-6.97049e-21
3.42747e-06
-2.27977e-20
-6.93097e-21
3.62973e-06
-2.41289e-20
-7.23779e-21
3.84037e-06
-2.64308e-20
-6.27563e-21
4.0596e-06
-2.70959e-20
-6.7226e-21
4.28761e-06
-2.76054e-20
-7.12289e-21
4.52458e-06
-2.89237e-20
-7.30651e-21
4.77069e-06
-3.13199e-20
-5.67078e-21
5.02608e-06
-3.25467e-20
-6.00542e-21
5.29087e-06
-3.43986e-20
-7.08857e-21
5.56517e-06
-3.54153e-20
-8.03196e-21
5.84907e-06
-3.63994e-20
-7.24261e-21
6.14262e-06
-3.70481e-20
-6.81172e-21
6.44586e-06
-4.05436e-20
-5.77329e-21
6.75881e-06
-4.16765e-20
-6.84322e-21
7.08148e-06
-4.34691e-20
-7.22494e-21
7.41385e-06
-4.47825e-20
-9.25792e-21
7.7559e-06
-4.61326e-20
-8.3876e-21
8.1076e-06
-4.78728e-20
-6.13997e-21
8.46889e-06
-4.71176e-20
-9.30089e-21
8.83975e-06
-4.83823e-20
-8.89132e-21
9.22013e-06
-4.98014e-20
-1.00578e-20
9.60999e-06
-5.12339e-20
-1.01978e-20
1.00093e-05
-5.42753e-20
-8.46787e-21
1.04181e-05
-5.63328e-20
-8.59806e-21
1.08363e-05
-5.8467e-20
-7.02429e-21
1.12639e-05
-6.13827e-20
-7.79164e-21
1.1701e-05
-6.20302e-20
-8.15803e-21
1.21476e-05
-6.48082e-20
-9.24596e-21
1.26037e-05
-6.54445e-20
-9.46472e-21
1.30695e-05
-6.87956e-20
-8.89197e-21
1.3545e-05
-7.0002e-20
-9.15695e-21
1.40303e-05
-7.24485e-20
-7.71678e-21
1.45255e-05
-7.50487e-20
-9.06007e-21
1.50308e-05
-7.64375e-20
-9.69874e-21
1.55464e-05
-7.8644e-20
-1.26919e-20
1.60723e-05
-8.07314e-20
-1.39419e-20
1.66087e-05
-7.67498e-20
-1.84232e-20
1.71559e-05
-8.67582e-20
-1.93189e-20
1.7714e-05
-8.81913e-20
-2.07855e-20
1.82833e-05
-9.00488e-20
-2.21534e-20
1.8864e-05
-9.74946e-20
-2.11221e-20
1.94563e-05
-9.85243e-20
-2.17875e-20
2.00604e-05
-1.0454e-19
-2.3727e-20
2.06766e-05
-1.07588e-19
-2.55008e-20
2.13052e-05
-1.09137e-19
-2.65905e-20
2.19465e-05
-1.08558e-19
-2.4304e-20
2.26006e-05
-1.11421e-19
-2.2834e-20
2.3268e-05
-1.12268e-19
-2.45136e-20
2.39488e-05
-1.16454e-19
-2.38375e-20
2.46435e-05
-1.18442e-19
-1.73768e-20
2.53523e-05
-1.20703e-19
-1.70569e-20
2.60755e-05
-1.17443e-19
-2.13424e-20
2.68135e-05
-1.14691e-19
-2.39086e-20
2.75665e-05
-1.13312e-19
-2.52936e-20
2.8335e-05
-1.1216e-19
-1.83217e-20
2.91193e-05
-1.12896e-19
-1.72471e-20
2.99198e-05
-1.19788e-19
-1.74264e-20
3.07367e-05
-1.21205e-19
-1.18835e-20
3.15706e-05
-1.20372e-19
-2.09278e-20
3.24217e-05
-1.26166e-19
-3.13521e-20
3.32904e-05
-1.27225e-19
-3.49084e-20
3.41772e-05
-1.23151e-19
-3.17286e-20
3.50825e-05
-1.27111e-19
-2.57178e-20
3.60066e-05
-1.27323e-19
-2.84603e-20
3.69501e-05
-1.25345e-19
-2.92672e-20
3.79132e-05
-1.30487e-19
-1.83443e-20
3.88966e-05
-1.33556e-19
-1.70046e-20
3.99005e-05
-1.36263e-19
-2.79413e-20
4.09255e-05
-1.37752e-19
-2.44094e-20
4.1972e-05
-1.39613e-19
-2.02525e-20
4.30406e-05
-1.29637e-19
-1.63925e-20
4.41316e-05
-1.35296e-19
-2.44978e-20
4.52457e-05
-1.33769e-19
-2.64991e-20
4.63832e-05
-1.27026e-19
-2.70712e-20
4.75448e-05
-1.24886e-19
-1.85086e-20
4.87308e-05
-1.27098e-19
-1.52388e-20
4.9942e-05
-1.46947e-19
-1.61697e-20
5.11788e-05
-1.38755e-19
-3.52748e-21
5.24418e-05
-1.3328e-19
-6.30801e-21
5.37315e-05
-1.11095e-19
-1.34221e-20
5.50486e-05
-1.11425e-19
-1.23806e-20
5.63936e-05
-1.17173e-19
-9.52977e-21
5.77671e-05
-1.05047e-19
-1.13294e-20
5.91698e-05
-1.11955e-19
-8.59768e-22
6.06022e-05
-1.13519e-19
-5.7865e-21
6.20651e-05
-1.17244e-19
-8.81488e-21
6.35591e-05
-1.11978e-19
-7.2603e-22
6.50848e-05
-1.04008e-19
-4.81356e-21
6.66429e-05
-9.34775e-20
-2.46427e-21
6.82342e-05
-9.17495e-20
-1.10635e-20
6.98593e-05
-9.96992e-20
-1.36173e-20
7.1519e-05
-1.08012e-19
4.4351e-21
7.3214e-05
-1.11484e-19
-8.5354e-23
7.4945e-05
-1.13229e-19
-7.37559e-21
7.67129e-05
-1.00853e-19
-1.10112e-20
7.85183e-05
-1.12129e-19
5.94593e-22
8.03622e-05
-1.2023e-19
5.14939e-21
8.22454e-05
-1.22888e-19
-4.96375e-21
8.41686e-05
-1.3146e-19
-2.88057e-21
8.61327e-05
-1.39384e-19
-4.36243e-21
8.81387e-05
-1.56868e-19
-7.1292e-21
9.01873e-05
-1.59492e-19
4.31063e-21
9.22795e-05
-1.83305e-19
8.34172e-21
9.44162e-05
-2.00691e-19
2.07508e-20
9.65983e-05
-2.0063e-19
3.15024e-20
9.88269e-05
-2.16137e-19
2.52543e-20
0.000101103
-2.0708e-19
2.15253e-20
0.000103427
-2.17293e-19
2.86078e-20
0.000105801
-2.18639e-19
3.10146e-20
0.000108225
-1.90606e-19
2.87895e-20
0.000110701
-1.82584e-19
1.38832e-20
0.000113229
-1.7974e-19
3.0031e-21
0.000115811
-1.80611e-19
-5.37601e-21
0.000118448
-2.12097e-19
-9.88323e-21
0.000121141
-2.1288e-19
-1.32961e-20
0.000123891
-2.15843e-19
-1.98069e-20
0.0001267
-2.63556e-19
-4.65183e-20
0.000129568
-2.59445e-19
-3.00154e-20
0.000132497
-2.44519e-19
-2.81416e-20
0.000135488
-2.26723e-19
-2.99923e-20
0.000138542
-2.28111e-19
-2.37454e-20
0.000141661
-2.28388e-19
-3.5913e-20
0.000144846
-2.21843e-19
-2.79008e-20
0.000148099
-2.22199e-19
-5.58409e-20
0.00015142
-2.42592e-19
-4.8386e-20
0.000154812
-2.38804e-19
-5.41191e-20
0.000158276
-2.30819e-19
-7.95509e-20
0.000161812
-2.28151e-19
-8.14325e-20
0.000165424
-2.25862e-19
-9.19381e-20
0.000169112
-1.99993e-19
-1.06428e-19
0.000172877
-2.17345e-19
-1.30493e-19
0.000176722
-2.12179e-19
-1.43287e-19
0.000180649
-2.18448e-19
-1.49851e-19
0.000184658
-2.51513e-19
-1.19076e-19
0.000188751
-2.49017e-19
-1.11389e-19
0.000192931
-2.5759e-19
-1.42972e-19
0.000197199
-2.698e-19
-1.44464e-19
0.000201557
-2.82258e-19
-1.65978e-19
0.000206006
-2.72888e-19
-1.63067e-19
0.000210549
-2.65591e-19
-1.61988e-19
0.000215187
-2.52323e-19
-1.8627e-19
0.000219922
-2.79758e-19
-1.90384e-19
0.000224757
-2.76989e-19
-2.13233e-19
0.000229694
-2.94814e-19
-2.24011e-19
0.000234734
-3.19862e-19
-2.23615e-19
0.000239879
-3.22506e-19
-2.31619e-19
0.000245132
-3.67014e-19
-2.62447e-19
0.000250495
-3.48265e-19
-2.87606e-19
0.00025597
-4.0554e-19
-2.49184e-19
0.000261559
-4.09013e-19
-2.3695e-19
0.000267265
-3.61532e-19
-2.75163e-19
0.000273089
-3.19063e-19
-2.68295e-19
0.000279035
-3.64903e-19
-3.17074e-19
0.000285105
-2.96342e-19
-3.51474e-19
0.000291301
-3.63528e-19
-3.35479e-19
0.000297626
-3.77013e-19
-3.5742e-19
0.000304081
-3.56776e-19
-3.73108e-19
0.000310671
-3.47857e-19
-3.87942e-19
0.000317397
-4.2238e-19
-3.32345e-19
0.000324262
-4.6274e-19
-3.70682e-19
0.000331269
-4.97826e-19
-4.24085e-19
0.000338421
-4.74887e-19
-4.36058e-19
0.00034572
-5.42467e-19
-3.96177e-19
0.000353169
-5.29828e-19
-4.48863e-19
0.000360771
-4.65211e-19
-4.62962e-19
0.00036853
-4.81633e-19
-4.31216e-19
0.000376447
-4.44583e-19
-4.85105e-19
0.000384526
-4.6443e-19
-4.64511e-19
0.000392771
-4.86769e-19
-4.27287e-19
0.000401184
-5.42485e-19
-4.83474e-19
0.000409768
-5.56822e-19
-5.28383e-19
0.000418526
-5.43484e-19
-5.50759e-19
0.000427462
-6.03664e-19
-6.04897e-19
0.000436579
-5.92795e-19
-6.17703e-19
0.000445881
-5.48764e-19
-5.88732e-19
0.00045537
-5.68486e-19
-6.1789e-19
0.00046505
-5.58261e-19
-5.39576e-19
0.000474924
-6.44023e-19
-5.85504e-19
0.000484995
-6.29439e-19
-6.17531e-19
0.000495268
-8.36803e-19
-7.43799e-19
0.000505746
-7.90541e-19
-7.93661e-19
0.000516431
-8.7311e-19
-8.11915e-19
0.000527328
-9.03659e-19
-7.81861e-19
0.00053844
-8.71681e-19
-8.02461e-19
0.00054977
-8.94611e-19
-8.35248e-19
0.000561322
-8.62116e-19
-8.07337e-19
0.0005731
-7.39106e-19
-7.77224e-19
0.000585106
-7.14387e-19
-7.67468e-19
0.000597344
-7.46597e-19
-6.84475e-19
0.000609818
-8.46053e-19
-6.85394e-19
0.000622531
-8.51308e-19
-7.66471e-19
0.000635485
-9.11994e-19
-7.81564e-19
0.000648685
-7.51447e-19
-8.94594e-19
0.000662133
-6.93666e-19
-8.54746e-19
0.000675832
-7.21936e-19
-8.40511e-19
0.000689785
-7.1776e-19
-6.98908e-19
0.000703995
-6.93059e-19
-6.6975e-19
0.000718463
-6.72394e-19
-6.43875e-19
0.000733193
-5.74146e-19
-6.43048e-19
0.000748186
-6.55052e-19
-6.54508e-19
0.000763444
-5.91078e-19
-6.13693e-19
0.000778968
-5.77121e-19
-7.02277e-19
0.000794759
-5.94564e-19
-6.44996e-19
0.000810818
-5.86738e-19
-4.84376e-19
0.000827144
-7.45141e-19
-5.75242e-19
0.000843737
-7.9284e-19
-6.62611e-19
0.000860597
-6.85645e-19
-8.48963e-19
0.00087772
-6.98836e-19
-8.21517e-19
0.000895105
-7.06209e-19
-7.82289e-19
0.000912748
-7.11853e-19
-6.53419e-19
0.000930644
-7.56124e-19
-6.71711e-19
0.000948789
-7.67894e-19
-7.26547e-19
0.000967177
-8.00964e-19
-6.58848e-19
0.000985799
-5.079e-19
-5.42211e-19
0.00100465
-5.81175e-19
-6.88033e-19
0.00102371
-5.59311e-19
-6.30632e-19
0.00104299
-6.92825e-19
-6.43489e-19
0.00104299
-7.17885e-19
7.5718e-21
-8.23521e-19
-1.07136e-20
0.00102371
-6.55778e-19
8.86082e-21
-6.38128e-19
9.80488e-21
0.00100465
-6.85314e-19
3.76389e-21
-6.23218e-19
3.96829e-21
0.000985799
-6.46273e-19
-8.78394e-23
-6.31439e-19
-4.18012e-22
0.000967176
-6.00441e-19
1.17438e-20
-5.83541e-19
3.01931e-21
0.000948789
-5.05775e-19
3.9064e-21
-6.72063e-19
-7.41888e-21
0.000930644
-6.47395e-19
-7.1217e-21
-5.71235e-19
-1.28399e-20
0.000912748
-6.46962e-19
1.09894e-20
-6.10599e-19
-6.87333e-21
0.000895105
-5.36917e-19
1.92227e-20
-6.16084e-19
-6.38071e-21
0.00087772
-5.30413e-19
1.11509e-20
-5.15495e-19
-7.93062e-21
0.000860597
-5.39128e-19
4.27808e-21
-5.37093e-19
-7.28335e-21
0.000843737
-5.4089e-19
-8.05324e-21
-5.06959e-19
-2.46905e-22
0.000827144
-5.50689e-19
-6.04529e-21
-5.18635e-19
9.17703e-22
0.000810818
-4.53507e-19
-9.12469e-21
-5.27978e-19
6.06428e-21
0.000794759
-4.53974e-19
-1.85477e-20
-4.21519e-19
6.32007e-21
0.000778968
-4.36871e-19
-1.19178e-20
-3.50384e-19
6.33638e-21
0.000763444
-4.04932e-19
-7.88934e-21
-3.17914e-19
1.0487e-21
0.000748186
-3.10665e-19
-8.98081e-21
-3.68595e-19
2.36128e-21
0.000733193
-2.76572e-19
-2.93822e-21
-3.49267e-19
3.20875e-21
0.000718463
-3.65079e-19
5.80612e-21
-4.08511e-19
-2.07894e-21
0.000703995
-3.69573e-19
4.34289e-21
-4.16302e-19
2.34573e-21
0.000689785
-3.74413e-19
8.54855e-21
-3.46376e-19
1.12315e-20
0.000675832
-3.62545e-19
1.31248e-20
-2.74976e-19
6.00498e-21
0.000662133
-3.83543e-19
2.15848e-20
-2.40669e-19
4.13171e-22
0.000648685
-3.14582e-19
1.83214e-20
-3.22846e-19
-9.85687e-22
0.000635485
-3.05029e-19
1.34882e-20
-4.36904e-19
8.11958e-22
0.000622531
-2.30503e-19
9.477e-21
-3.71798e-19
5.19271e-21
0.000609818
-3.91187e-19
3.87392e-21
-3.708e-19
3.86505e-21
0.000597344
-3.25093e-19
7.48427e-21
-4.09478e-19
-1.72281e-21
0.000585106
-3.32611e-19
7.30013e-21
-3.76828e-19
-4.86034e-21
0.0005731
-3.33637e-19
1.06064e-21
-3.77687e-19
-4.40059e-21
0.000561322
-3.30537e-19
1.51066e-21
-3.75847e-19
-2.00271e-21
0.00054977
-2.7912e-19
-8.30128e-22
-3.22293e-19
2.92749e-21
0.00053844
-3.25912e-19
-5.54583e-21
-3.04075e-19
1.02293e-21
0.000527328
-3.9761e-19
-4.51726e-21
-4.26974e-19
-2.67504e-21
0.000516431
-3.91476e-19
-1.60145e-21
-4.46337e-19
-3.30825e-21
0.000505746
-3.53216e-19
-2.4186e-21
-3.64315e-19
-3.077e-21
0.000495268
-3.84857e-19
-5.93209e-21
-3.78668e-19
-1.9878e-21
0.000484995
-3.44321e-19
-5.10909e-21
-3.71539e-19
-1.93742e-21
0.000474924
-4.04241e-19
-6.8025e-21
-3.07856e-19
-2.1586e-21
0.00046505
-3.46012e-19
-6.87738e-21
-3.51579e-19
-1.19289e-21
0.00045537
-3.57114e-19
-7.69092e-21
-3.74375e-19
-2.30587e-21
0.000445881
-3.6831e-19
-8.56174e-21
-2.66164e-19
-2.05654e-21
0.000436579
-3.23789e-19
-8.2313e-21
-2.78704e-19
-3.99207e-21
0.000427462
-3.40164e-19
-7.56524e-21
-2.6122e-19
-3.14305e-21
0.000418526
-3.02806e-19
-6.71768e-21
-2.7557e-19
-3.40961e-21
0.000409768
-2.44677e-19
-4.12617e-21
-2.6351e-19
-6.22556e-21
0.000401184
-2.42977e-19
-2.99339e-21
-3.03314e-19
-5.4435e-21
0.000392771
-2.27411e-19
-8.36311e-22
-2.96637e-19
-2.19e-21
0.000384526
-2.45724e-19
-1.47873e-21
-2.81953e-19
-1.27129e-21
0.000376447
-2.35931e-19
-6.27501e-22
-2.84409e-19
-2.3199e-22
0.00036853
-2.24239e-19
7.93131e-22
-1.77676e-19
6.25192e-23
0.000360771
-2.07064e-19
6.51193e-22
-1.91165e-19
-4.50012e-22
0.000353169
-1.33991e-19
1.63047e-21
-2.12418e-19
-1.60999e-21
0.00034572
-1.15806e-19
1.10583e-21
-2.08406e-19
-2.05679e-21
0.000338421
-2.21874e-19
-4.89248e-22
-2.17559e-19
-1.87876e-21
0.000331269
-1.50508e-19
1.0559e-21
-9.66145e-20
-3.28899e-22
0.000324262
-1.49986e-19
9.45403e-22
-7.08097e-20
-4.81249e-22
0.000317397
-1.28412e-19
3.10188e-22
-4.91447e-21
-7.52196e-23
0.000310671
-1.21743e-19
5.79386e-22
-3.51897e-20
-1.05163e-21
0.000304081
-1.1629e-19
-1.54264e-22
-1.07503e-19
-1.55083e-21
0.000297626
-1.24688e-19
-9.89106e-23
-9.72298e-20
-1.08576e-21
0.000291301
-1.16375e-19
5.0116e-22
-1.18784e-19
-1.15993e-21
0.000285105
-1.23016e-19
1.76034e-22
-9.30025e-20
-1.30225e-21
0.000279035
-1.2414e-19
1.02962e-21
-8.94314e-20
-1.71241e-21
0.000273089
-9.08272e-20
1.51052e-21
-1.00581e-19
-1.32919e-21
0.000267265
-1.06206e-19
1.60583e-21
-9.95376e-20
-8.13261e-22
0.000261559
-1.29807e-19
1.97128e-21
-1.18309e-19
-3.47218e-23
0.00025597
-9.93372e-20
2.57553e-21
-9.11697e-20
4.61941e-22
0.000250495
-4.59997e-20
2.48089e-21
-1.27196e-19
3.08457e-22
0.000245132
-3.13746e-20
1.59415e-21
-1.00525e-19
1.0189e-21
0.000239879
-9.31512e-20
8.12796e-22
-1.17144e-19
1.4704e-21
0.000234734
-8.00612e-20
8.14559e-22
-7.59019e-20
2.00552e-21
0.000229694
-7.91414e-20
5.83818e-22
-8.52369e-20
1.68536e-21
0.000224757
-9.55278e-20
3.59863e-22
-8.90996e-20
1.36357e-21
0.000219922
-9.28374e-20
3.7225e-22
-1.00017e-19
1.15009e-21
0.000215187
-7.27107e-20
4.43554e-22
-9.50608e-20
1.18322e-21
0.000210549
-6.57127e-20
1.38769e-22
-7.1925e-20
1.11393e-21
0.000206006
-6.78421e-20
-1.57029e-22
-7.42995e-20
6.86317e-22
0.000201557
-6.07519e-20
-5.06036e-22
-9.46476e-20
3.1116e-22
0.000197199
-8.30302e-20
-8.4814e-22
-1.01826e-19
1.71016e-23
0.000192931
-9.33914e-20
-9.46876e-22
-9.56347e-20
-1.8813e-22
0.000188751
-8.74528e-20
-1.16717e-21
-8.28335e-20
-3.88782e-22
0.000184658
-7.22882e-20
-1.27436e-21
-8.13808e-20
-6.90286e-22
0.000180649
-7.07307e-20
-1.24562e-21
-8.36574e-20
-1.00391e-21
0.000176722
-6.0446e-20
-1.17094e-21
-8.29561e-20
-1.30292e-21
0.000172877
-7.331e-20
-1.15826e-21
-8.74586e-20
-1.64165e-21
0.000169112
-5.03806e-20
-9.59208e-22
-9.19685e-20
-1.82891e-21
0.000165424
-5.90304e-20
-9.60356e-22
-7.32463e-20
-1.92887e-21
0.000161812
-3.41749e-20
-6.42578e-22
-9.21856e-20
-2.04893e-21
0.000158276
-1.13934e-20
-4.18902e-22
-9.34977e-20
-2.1121e-21
0.000154812
-5.30644e-20
-2.7545e-22
-5.58669e-20
-1.87082e-21
0.00015142
-2.90405e-20
-1.85334e-23
-6.0582e-20
-1.87374e-21
0.000148099
-4.16249e-20
8.15552e-23
-7.19652e-20
-1.89508e-21
0.000144846
-4.43111e-20
2.95244e-22
-7.06903e-20
-1.68143e-21
0.000141661
-4.00047e-20
4.78899e-22
-7.89469e-20
-1.43325e-21
0.000138542
-3.37473e-20
6.99879e-22
-5.38429e-20
-1.25914e-21
0.000135488
-2.38947e-20
5.85579e-22
-6.56623e-20
-1.08935e-21
0.000132497
-2.94297e-20
5.54546e-22
-7.59119e-20
-9.20677e-22
0.000129568
-2.61838e-20
5.10703e-22
-7.72285e-20
-8.3688e-22
0.0001267
-3.18662e-20
4.26758e-22
-5.89412e-20
-6.80814e-22
0.000123891
-3.155e-20
3.75943e-22
-5.90064e-20
-6.08607e-22
0.000121141
-6.85441e-20
2.5138e-22
-5.58072e-20
-4.90972e-22
0.000118448
-6.34568e-20
1.94751e-22
-6.23068e-20
-3.71983e-22
0.000115811
-5.55863e-20
1.58195e-22
-6.61209e-20
-2.50462e-22
0.000113229
-5.64842e-20
6.21923e-23
-6.4578e-20
-1.25509e-22
0.000110701
-5.69411e-20
-4.79839e-23
-6.42828e-20
2.84122e-25
0.000108225
-4.02238e-20
-1.58094e-22
-6.07373e-20
1.17636e-22
0.000105801
-3.5258e-20
-2.55776e-22
-6.92355e-20
2.15052e-22
0.000103427
-3.93983e-20
-3.07096e-22
-7.06692e-20
2.7257e-22
0.000101103
-4.03534e-20
-3.142e-22
-6.70062e-20
3.20292e-22
9.88269e-05
-3.7469e-20
-3.12504e-22
-5.41785e-20
3.99339e-22
9.65984e-05
-3.70317e-20
-2.9733e-22
-5.88631e-20
4.38986e-22
9.44162e-05
-3.17901e-20
-2.55908e-22
-5.39631e-20
4.71842e-22
9.22795e-05
-2.93408e-20
-2.31991e-22
-5.29626e-20
4.84855e-22
9.01873e-05
-2.45817e-20
-2.36943e-22
-5.86646e-20
4.61504e-22
8.81386e-05
-3.01563e-20
-2.7284e-22
-5.89205e-20
4.76721e-22
8.61327e-05
-3.54968e-20
-2.92526e-22
-5.5556e-20
5.243e-22
8.41686e-05
-2.20548e-20
-2.83684e-22
-6.80584e-20
5.82243e-22
8.22454e-05
-2.90025e-20
-2.92689e-22
-4.93834e-20
6.83846e-22
8.03622e-05
-2.75576e-20
-2.67539e-22
-5.46839e-20
7.54685e-22
7.85184e-05
-2.59287e-20
-2.49955e-22
-5.42391e-20
7.97985e-22
7.67129e-05
-3.72911e-20
-2.4333e-22
-4.27906e-20
8.45147e-22
7.4945e-05
-3.79305e-20
-2.15193e-22
-3.87194e-20
8.9979e-22
7.3214e-05
-3.17409e-20
-1.92446e-22
-3.22975e-20
9.3274e-22
7.1519e-05
-3.08328e-20
-1.61787e-22
-2.81523e-20
9.57128e-22
6.98593e-05
-3.10382e-20
-1.3458e-22
-3.03597e-20
9.45581e-22
6.82342e-05
-3.48931e-20
-1.01912e-22
-2.80297e-20
9.27059e-22
6.66429e-05
-2.00622e-20
-3.6426e-23
-3.45732e-20
9.05392e-22
6.50848e-05
-2.30399e-20
1.30183e-23
-3.14544e-20
8.72811e-22
6.35591e-05
-1.36286e-20
5.27205e-23
-2.31279e-20
8.34784e-22
6.20651e-05
-1.09691e-20
9.25667e-23
-2.01351e-20
7.72677e-22
6.06022e-05
-9.85878e-21
1.18597e-22
-2.55381e-20
6.98603e-22
5.91698e-05
-9.61001e-21
1.41198e-22
-2.66368e-20
6.36064e-22
5.77671e-05
-5.77983e-21
1.55601e-22
-2.53972e-20
5.81837e-22
5.63936e-05
-9.65393e-21
1.71571e-22
-1.83726e-20
5.42601e-22
5.50486e-05
-3.3715e-21
1.81112e-22
-2.34621e-20
5.02805e-22
5.37315e-05
-1.34387e-20
1.82583e-22
-2.33489e-20
4.77127e-22
5.24418e-05
-1.22259e-20
2.00568e-22
-2.35761e-20
4.45492e-22
5.11788e-05
-1.28651e-20
2.02969e-22
-2.2701e-20
4.07354e-22
4.9942e-05
-1.40156e-20
2.02406e-22
-2.45938e-20
3.76992e-22
4.87308e-05
-1.25536e-20
1.98201e-22
-1.54933e-20
3.52623e-22
4.75447e-05
-8.59953e-21
1.95132e-22
-2.09755e-20
3.14145e-22
4.63832e-05
-1.46585e-20
1.85616e-22
-2.15641e-20
2.77054e-22
4.52457e-05
-1.10973e-20
1.78488e-22
-2.43202e-20
2.42591e-22
4.41316e-05
-1.03958e-20
1.69192e-22
-2.823e-20
2.14882e-22
4.30406e-05
-1.02063e-20
1.64708e-22
-2.88907e-20
1.92026e-22
4.19721e-05
-9.65834e-21
1.61756e-22
-2.7667e-20
1.73157e-22
4.09255e-05
-9.10446e-21
1.59031e-22
-2.51236e-20
1.55552e-22
3.99005e-05
-7.59852e-21
1.57661e-22
-3.72391e-20
1.29304e-22
3.88965e-05
1.54171e-22
1.52821e-22
-3.14572e-20
1.16693e-22
3.79132e-05
-9.51681e-21
1.46259e-22
-2.29697e-20
9.89147e-23
3.69501e-05
2.93663e-21
1.45584e-22
-3.00769e-20
8.01963e-23
3.60066e-05
3.59353e-21
1.38865e-22
-2.87254e-20
6.77973e-23
3.50825e-05
-3.65187e-21
1.34845e-22
-2.76045e-20
5.51731e-23
3.41772e-05
-7.86868e-21
1.31769e-22
-3.19015e-20
4.93062e-23
3.32904e-05
-9.9958e-21
1.30134e-22
-2.16527e-20
4.66467e-23
3.24216e-05
-1.33446e-20
1.25876e-22
-2.61909e-20
4.1562e-23
3.15706e-05
-1.19206e-20
1.22769e-22
-2.23666e-20
3.86172e-23
3.07367e-05
-1.44993e-20
1.19662e-22
-2.28911e-20
3.39658e-23
2.99198e-05
-1.55553e-20
1.17063e-22
-2.11597e-20
3.27999e-23
2.91193e-05
-1.39485e-20
1.15049e-22
-2.16293e-20
3.11615e-23
2.8335e-05
-2.16245e-20
1.12748e-22
-2.35538e-20
2.99144e-23
2.75665e-05
-2.20577e-20
1.14461e-22
-2.04511e-20
3.02614e-23
2.68135e-05
-1.99682e-20
1.15798e-22
-1.62613e-20
2.94495e-23
2.60755e-05
-1.90761e-20
1.16372e-22
-1.48692e-20
2.75874e-23
2.53523e-05
-1.21912e-20
1.15749e-22
-1.43766e-20
2.57818e-23
2.46435e-05
-9.44641e-21
1.12878e-22
-1.88335e-20
2.5291e-23
2.39488e-05
-1.2695e-20
1.08999e-22
-1.89515e-20
2.5433e-23
2.3268e-05
-1.22075e-20
1.0592e-22
-1.82389e-20
2.597e-23
2.26006e-05
-9.93017e-21
1.02702e-22
-2.28069e-20
2.71259e-23
2.19465e-05
-9.60823e-21
9.78515e-23
-2.47585e-20
2.95958e-23
2.13052e-05
-1.56615e-21
9.29771e-23
-2.40546e-20
3.22874e-23
2.06766e-05
-1.68859e-21
8.67633e-23
-2.37677e-20
3.5566e-23
2.00604e-05
-4.19535e-21
7.99388e-23
-2.13634e-20
3.92983e-23
1.94563e-05
-3.97894e-21
7.42293e-23
-1.62843e-20
4.32212e-23
1.8864e-05
-3.42667e-21
6.88414e-23
-1.43522e-20
4.62667e-23
1.82833e-05
-3.54112e-21
6.35503e-23
-1.47972e-20
4.84428e-23
1.77141e-05
-7.85782e-21
5.83543e-23
-1.4589e-20
5.10534e-23
1.71559e-05
-6.93223e-21
5.48074e-23
-1.43598e-20
5.25574e-23
1.66087e-05
-6.20529e-21
5.12622e-23
-9.64529e-21
5.35322e-23
1.60723e-05
-5.23961e-21
4.73753e-23
-8.34576e-21
5.37904e-23
1.55464e-05
-7.53156e-21
4.42426e-23
-5.55964e-21
5.32834e-23
1.50308e-05
-7.18866e-21
4.21751e-23
-5.6689e-21
5.20258e-23
1.45255e-05
-7.10368e-21
4.09476e-23
-6.10038e-21
5.07071e-23
1.40303e-05
-7.93571e-21
4.00587e-23
-6.64813e-21
4.93821e-23
1.3545e-05
-7.08955e-21
3.91399e-23
-6.30655e-21
4.81946e-23
1.30695e-05
-6.28803e-21
3.8007e-23
-6.59645e-21
4.74543e-23
1.26037e-05
-7.61457e-21
3.69915e-23
-4.48631e-21
4.64697e-23
1.21476e-05
-6.97445e-21
3.61244e-23
-4.07157e-21
4.481e-23
1.1701e-05
-4.79508e-21
3.51417e-23
-4.7693e-21
4.27242e-23
1.12639e-05
-5.58548e-21
3.3774e-23
-6.2164e-21
4.08922e-23
1.08363e-05
-5.0501e-21
3.28649e-23
-6.34263e-21
3.93486e-23
1.04181e-05
-3.10563e-21
3.19623e-23
-5.19331e-21
3.78436e-23
1.00093e-05
-7.67257e-22
3.11356e-23
-6.25339e-21
3.6017e-23
9.60999e-06
2.09542e-22
3.03246e-23
-4.83135e-21
3.44862e-23
9.22013e-06
-3.20692e-22
2.96091e-23
-4.54103e-21
3.29418e-23
8.83975e-06
-1.48605e-22
2.88186e-23
-4.58681e-21
3.15302e-23
8.46889e-06
-1.06327e-21
2.79288e-23
-4.41213e-21
3.00558e-23
8.10759e-06
-2.3829e-21
2.73785e-23
-4.92357e-21
2.85716e-23
7.7559e-06
-3.40142e-21
2.68752e-23
-3.54352e-21
2.71815e-23
7.41385e-06
-2.82946e-21
2.63168e-23
-3.59411e-21
2.58381e-23
7.08149e-06
-2.82567e-21
2.55626e-23
-4.03658e-21
2.49032e-23
6.75881e-06
-2.93082e-21
2.48374e-23
-2.35287e-21
2.41706e-23
6.44586e-06
-2.3967e-21
2.40594e-23
-1.87506e-21
2.32588e-23
6.14262e-06
-2.45996e-21
2.32714e-23
-1.7911e-21
2.22838e-23
5.84907e-06
-2.73998e-21
2.24314e-23
-1.94183e-21
2.12504e-23
5.56517e-06
-1.88974e-21
2.16246e-23
-1.70981e-21
2.02898e-23
5.29088e-06
-1.89953e-21
2.07717e-23
-5.6439e-22
1.93613e-23
5.02607e-06
-2.34523e-21
1.9871e-23
-2.39247e-22
1.84299e-23
4.77069e-06
-2.75825e-21
1.90597e-23
-4.77583e-22
1.74325e-23
4.52458e-06
-2.89951e-21
1.83221e-23
-6.00178e-22
1.65135e-23
4.28761e-06
-2.33782e-21
1.75944e-23
-2.4794e-22
1.56959e-23
4.0596e-06
-1.88045e-21
1.68267e-23
-6.19509e-22
1.48937e-23
3.84038e-06
-1.24984e-21
1.60446e-23
-1.06438e-21
1.41684e-23
3.62973e-06
-1.02178e-21
1.52739e-23
-6.70759e-22
1.34984e-23
3.42747e-06
-1.53874e-21
1.45271e-23
-3.08197e-22
1.28417e-23
3.23336e-06
-1.38823e-21
1.38221e-23
-5.42573e-22
1.21871e-23
3.04717e-06
-7.51692e-22
1.31466e-23
9.89452e-23
1.15954e-23
2.86869e-06
-1.13044e-21
1.25006e-23
2.49437e-22
1.10222e-23
2.69766e-06
-7.4489e-22
1.18902e-23
2.7846e-22
1.04745e-23
2.53384e-06
-9.51763e-22
1.12752e-23
2.6439e-23
9.94226e-24
2.377e-06
-5.68856e-22
1.06948e-23
6.7856e-24
9.44163e-24
2.22688e-06
-8.66418e-22
1.01325e-23
-7.79163e-23
8.96356e-24
2.08327e-06
-8.85905e-22
9.60756e-24
-5.18305e-23
8.50896e-24
1.94592e-06
-4.52996e-22
9.10923e-24
5.69922e-23
8.06714e-24
1.81461e-06
-3.43951e-22
8.619e-24
-6.59427e-23
7.6479e-24
1.68912e-06
-2.99791e-22
8.14183e-24
-1.22861e-22
7.25093e-24
1.56921e-06
-3.0501e-22
7.69876e-24
-1.81641e-22
6.87077e-24
1.45468e-06
-3.40724e-22
7.27963e-24
-6.11572e-23
6.51778e-24
1.34534e-06
-5.59452e-22
6.87579e-24
2.33117e-24
6.19248e-24
1.24095e-06
-4.29242e-22
6.49244e-24
5.04762e-23
5.88256e-24
1.14135e-06
-4.37859e-22
6.13144e-24
-5.71284e-23
5.58318e-24
1.04634e-06
-1.31435e-22
5.78529e-24
-7.55596e-23
5.31084e-24
9.55734e-07
-5.47016e-23
5.44702e-24
1.79788e-23
5.04575e-24
8.69366e-07
-3.87981e-23
5.13007e-24
4.86087e-23
4.78322e-24
7.87058e-07
-1.28791e-22
4.83421e-24
4.27693e-23
4.52809e-24
7.08653e-07
-2.28441e-22
4.55788e-24
1.27367e-22
4.28297e-24
6.33995e-07
-2.14614e-22
4.2981e-24
1.65728e-22
4.04695e-24
5.62926e-07
-2.6691e-22
4.05417e-24
1.23171e-22
3.82246e-24
4.95306e-07
-2.52186e-22
3.82682e-24
1.32194e-22
3.61106e-24
4.30993e-07
-2.07928e-22
3.61274e-24
8.38862e-23
3.41075e-24
3.69852e-07
-1.77047e-22
3.41092e-24
7.56e-23
3.22549e-24
3.11756e-07
-1.07156e-22
3.21985e-24
7.80152e-23
3.05049e-24
2.56575e-07
-1.09901e-22
3.03991e-24
6.56443e-23
2.88535e-24
2.04192e-07
-3.87176e-23
2.87119e-24
1.86465e-23
2.73032e-24
1.54492e-07
-2.19023e-23
2.71165e-24
1.66641e-23
2.58426e-24
1.07362e-07
-2.30125e-23
2.56203e-24
1.30257e-23
2.44592e-24
6.26962e-08
-4.52607e-24
2.42241e-24
2.16474e-24
2.31458e-24
2.03915e-08
1.5222e-25
1.94501e-25
0.00104299
-6.95576e-19
-5.79463e-19
0.00102371
-6.12203e-19
-6.38603e-19
0.00100465
-6.08693e-19
-6.57252e-19
0.000985799
-4.90793e-19
-5.63647e-19
0.000967176
-6.21764e-19
-6.00727e-19
0.000948789
-5.72854e-19
-6.32329e-19
0.000930644
-4.94207e-19
-4.36476e-19
0.000912748
-5.42322e-19
-5.07775e-19
0.000895105
-5.30534e-19
-5.141e-19
0.00087772
-5.14064e-19
-4.33769e-19
0.000860597
-5.67441e-19
-3.83579e-19
0.000843737
-3.93422e-19
-4.09774e-19
0.000827144
-4.45202e-19
-3.79555e-19
0.000810818
-4.29357e-19
-4.11379e-19
0.000794759
-2.77654e-19
-2.97384e-19
0.000778968
-3.32466e-19
-3.31054e-19
0.000763444
-4.10141e-19
-2.98571e-19
0.000748186
-2.31989e-19
-4.2155e-19
0.000733193
-1.55046e-19
-4.82029e-19
0.000718463
-3.90339e-19
-3.37062e-19
0.000703995
-2.94956e-19
-2.20841e-19
0.000689785
-2.84351e-19
-4.05695e-19
0.000675832
-2.14989e-19
-4.2025e-19
0.000662133
-4.74142e-19
-3.66319e-19
0.000648685
-4.49513e-19
-3.41439e-19
0.000635485
-4.15872e-19
-3.42744e-19
0.000622531
-3.71021e-19
-3.58583e-19
0.000609818
-3.32959e-19
-4.25533e-19
0.000597344
-3.07858e-19
-4.11507e-19
0.000585106
-4.33572e-19
-3.18087e-19
0.0005731
-2.97636e-19
-3.51606e-19
0.000561322
-3.44013e-19
-3.11944e-19
0.00054977
-3.2958e-19
-3.54604e-19
0.00053844
-2.45247e-19
-3.16367e-19
0.000527328
-2.34822e-19
-3.31895e-19
0.000516431
-2.47915e-19
-3.30866e-19
0.000505746
-2.84252e-19
-2.19992e-19
0.000495268
-2.11721e-19
-2.38595e-19
0.000484995
-2.20603e-19
-2.20282e-19
0.000474924
-2.18733e-19
-1.34127e-19
0.00046505
-2.01653e-19
-2.69916e-19
0.00045537
-2.57111e-19
-2.45313e-19
0.000445881
-2.87833e-19
-2.72146e-19
0.000436579
-2.75795e-19
-2.82836e-19
0.000427462
-2.94079e-19
-2.88186e-19
0.000418526
-1.85398e-19
-3.97155e-19
0.000409768
-1.87511e-19
-2.66588e-19
0.000401184
-1.63065e-19
-1.48916e-19
0.000392771
-2.79144e-19
-2.36524e-19
0.000384526
-2.09772e-19
-2.35165e-19
0.000376447
-1.27513e-19
-2.55679e-19
0.00036853
-1.65518e-19
-1.91943e-19
0.000360771
-1.16558e-19
-2.27907e-19
0.000353169
-1.41281e-19
-2.09242e-19
0.00034572
-2.01691e-19
-2.23347e-19
0.000338421
-1.70239e-19
-2.18304e-19
0.000331269
-2.23252e-19
-2.1679e-19
0.000324262
-2.99487e-19
-1.35798e-19
0.000317397
-2.47514e-19
-1.4342e-19
0.000310671
-2.87351e-19
-1.61224e-19
0.000304081
-2.14768e-19
-1.78088e-19
0.000297626
-1.74457e-19
-1.89217e-19
0.000291301
-2.16124e-19
-1.96359e-19
0.000285105
-1.10602e-19
-1.80989e-19
0.000279035
-1.16712e-19
-1.21388e-19
0.000273089
-1.08375e-19
-1.42041e-19
0.000267265
-1.0639e-19
-1.39215e-19
0.000261559
-1.12324e-19
-1.66792e-19
0.00025597
-1.44744e-19
-1.87654e-19
0.000250495
-1.68621e-19
-1.56731e-19
0.000245132
-1.55877e-19
-1.42555e-19
0.000239879
-1.4261e-19
-1.26497e-19
0.000234734
-1.4556e-19
-1.44341e-19
0.000229694
-1.36508e-19
-1.47072e-19
0.000224757
-1.22325e-19
-1.51629e-19
0.000219922
-1.0975e-19
-1.24051e-19
0.000215187
-1.23369e-19
-1.11254e-19
0.000210549
-1.01402e-19
-1.24494e-19
0.000206006
-1.08189e-19
-1.21077e-19
0.000201557
-1.06659e-19
-1.23392e-19
0.000197199
-1.00588e-19
-1.04847e-19
0.000192931
-1.27709e-19
-9.95216e-20
0.000188751
-1.13158e-19
-1.06254e-19
0.000184658
-9.5129e-20
-1.01373e-19
0.000180649
-9.82028e-20
-1.03664e-19
0.000176722
-1.11869e-19
-1.23613e-19
0.000172877
-9.74059e-20
-1.27541e-19
0.000169112
-1.16709e-19
-1.34746e-19
0.000165424
-8.99216e-20
-1.23601e-19
0.000161812
-1.08014e-19
-1.46527e-19
0.000158276
-1.12098e-19
-1.07549e-19
0.000154812
-1.19895e-19
-1.12834e-19
0.00015142
-1.12702e-19
-1.17567e-19
0.000148099
-8.85983e-20
-9.85462e-20
0.000144846
-8.90985e-20
-9.5523e-20
0.000141661
-6.53021e-20
-1.22612e-19
0.000138542
-1.36628e-19
-9.65898e-20
0.000135488
-1.02322e-19
-8.50847e-20
0.000132497
-1.0089e-19
-9.88461e-20
0.000129568
-9.30918e-20
-8.40914e-20
0.0001267
-7.39504e-20
-1.04761e-19
0.000123891
-7.73108e-20
-1.05589e-19
0.000121141
-7.72765e-20
-1.09031e-19
0.000118448
-5.85574e-20
-1.11373e-19
0.000115811
-6.8149e-20
-1.11822e-19
0.000113229
-6.70767e-20
-1.07279e-19
0.000110701
-6.54394e-20
-1.0035e-19
0.000108225
-5.47549e-20
-9.66662e-20
0.000105801
-4.15963e-20
-1.06173e-19
0.000103427
-3.50619e-20
-9.0551e-20
0.000101103
-4.14213e-20
-6.97213e-20
9.88269e-05
-3.8991e-20
-7.0448e-20
9.65984e-05
-3.08456e-20
-7.69886e-20
9.44162e-05
-3.86726e-20
-8.08548e-20
9.22795e-05
-5.3934e-20
-7.99235e-20
9.01873e-05
-6.88246e-20
-6.2651e-20
8.81386e-05
-6.8392e-20
-5.33529e-20
8.61327e-05
-6.27862e-20
-4.54619e-20
8.41686e-05
-6.94852e-20
-4.35763e-20
8.22454e-05
-5.92637e-20
-4.52924e-20
8.03622e-05
-5.34618e-20
-5.73186e-20
7.85184e-05
-5.25856e-20
-5.21005e-20
7.67129e-05
-5.36508e-20
-3.82951e-20
7.4945e-05
-6.20987e-20
-4.98647e-20
7.3214e-05
-5.08163e-20
-3.64669e-20
7.1519e-05
-5.28639e-20
-3.77538e-20
6.98593e-05
-5.1917e-20
-3.66413e-20
6.82342e-05
-2.99232e-20
-3.73367e-20
6.66429e-05
-2.23269e-20
-5.23202e-20
6.50848e-05
-2.56796e-20
-4.66247e-20
6.35591e-05
-4.46588e-21
-5.49309e-20
6.20651e-05
-9.57239e-22
-6.44554e-20
6.06022e-05
8.82636e-21
-5.83783e-20
5.91698e-05
1.01073e-20
-5.45386e-20
5.77671e-05
1.7448e-20
-4.60682e-20
5.63936e-05
7.18675e-21
-4.90244e-20
5.50486e-05
5.76435e-21
-4.32015e-20
5.37315e-05
1.38808e-20
-4.44927e-20
5.24418e-05
-3.46906e-21
-4.32917e-20
5.11788e-05
-6.04605e-21
-3.65125e-20
4.9942e-05
-9.60912e-21
-3.42405e-20
4.87308e-05
-4.57396e-21
-3.49485e-20
4.75447e-05
-9.11274e-21
-3.48713e-20
4.63832e-05
-1.59943e-20
-3.41556e-20
4.52457e-05
-2.36102e-20
-2.68945e-20
4.41316e-05
-2.16849e-20
-2.38725e-20
4.30406e-05
-2.13416e-20
-2.10652e-20
4.19721e-05
-2.09464e-20
-1.84705e-20
4.09255e-05
-2.05637e-20
-2.96687e-20
3.99005e-05
-2.76484e-20
-1.89393e-20
3.88965e-05
-2.59548e-20
-2.51833e-20
3.79132e-05
-3.04972e-20
-2.02716e-20
3.69501e-05
-3.57313e-20
-2.21965e-20
3.60066e-05
-3.32692e-20
-3.34373e-20
3.50825e-05
-3.94773e-20
-2.86154e-20
3.41772e-05
-3.68931e-20
-3.19368e-20
3.32904e-05
-4.19036e-20
-3.02015e-20
3.24216e-05
-4.11637e-20
-3.32032e-20
3.15706e-05
-3.69379e-20
-3.60698e-20
3.07367e-05
-3.55884e-20
-2.77346e-20
2.99198e-05
-3.48647e-20
-2.80242e-20
2.91193e-05
-3.43501e-20
-2.71495e-20
2.8335e-05
-2.94418e-20
-2.29014e-20
2.75665e-05
-2.97184e-20
-2.17624e-20
2.68135e-05
-3.05807e-20
-1.80928e-20
2.60755e-05
-3.368e-20
-1.66919e-20
2.53523e-05
-3.33207e-20
-1.28511e-20
2.46435e-05
-3.40623e-20
-1.29053e-20
2.39488e-05
-3.39379e-20
-1.22322e-20
2.3268e-05
-3.10299e-20
-1.06781e-20
2.26006e-05
-3.18237e-20
-1.0695e-20
2.19465e-05
-2.9607e-20
-1.40859e-20
2.13052e-05
-2.57631e-20
-1.3093e-20
2.06766e-05
-2.91602e-20
-1.06556e-20
2.00604e-05
-2.86197e-20
-4.14015e-21
1.94563e-05
-2.83275e-20
1.06726e-21
1.8864e-05
-2.78526e-20
-5.93814e-23
1.82833e-05
-2.80544e-20
2.27833e-21
1.77141e-05
-2.52168e-20
2.30663e-22
1.71559e-05
-2.50965e-20
-1.34573e-21
1.66087e-05
-2.66243e-20
-6.20165e-22
1.60723e-05
-2.30329e-20
-1.13451e-21
1.55464e-05
-2.07166e-20
-1.77305e-21
1.50308e-05
-1.54424e-20
-2.76099e-21
1.45255e-05
-1.22542e-20
-1.90099e-21
1.40303e-05
-1.24334e-20
-1.38581e-21
1.3545e-05
-1.32818e-20
-1.89884e-23
1.30695e-05
-1.1832e-20
-8.67029e-22
1.26037e-05
-1.21155e-20
2.97859e-22
1.21476e-05
-1.23372e-20
-3.59872e-22
1.1701e-05
-1.28397e-20
1.50859e-21
1.12639e-05
-9.45705e-21
3.05175e-21
1.08363e-05
-9.03317e-21
2.97603e-21
1.04181e-05
-7.16615e-21
8.8271e-22
1.00093e-05
-5.39991e-21
2.2041e-21
9.60999e-06
-3.89582e-21
1.41423e-21
9.22013e-06
-5.04447e-21
1.16877e-21
8.83975e-06
-5.09107e-21
-9.02185e-22
8.46889e-06
-1.76629e-21
-1.76822e-21
8.10759e-06
-2.13272e-21
-1.46442e-21
7.7559e-06
-3.11675e-21
-1.29916e-21
7.41385e-06
-4.76041e-21
3.03097e-22
7.08149e-06
-4.28711e-21
3.97418e-22
6.75881e-06
-4.45582e-21
1.21389e-23
6.44586e-06
-3.263e-21
4.00887e-22
6.14262e-06
-3.46344e-21
1.0106e-23
5.84907e-06
-2.85912e-21
2.20259e-22
5.56517e-06
-2.67263e-21
-3.8572e-22
5.29088e-06
-3.60838e-21
1.00427e-21
5.02607e-06
-2.82065e-21
7.36726e-22
4.77069e-06
-2.28113e-21
4.60585e-22
4.52458e-06
-2.24776e-21
5.49843e-22
4.28761e-06
-2.27157e-21
4.77683e-22
4.0596e-06
-2.1988e-21
5.35588e-22
3.84038e-06
-1.67439e-21
2.12964e-23
3.62973e-06
-1.38883e-21
-4.09738e-23
3.42747e-06
-1.47847e-21
-3.05795e-22
3.23336e-06
-1.28494e-21
2.24387e-23
3.04717e-06
-7.97665e-22
8.62568e-23
2.86869e-06
-1.0434e-21
1.50102e-22
2.69766e-06
-1.33491e-21
1.03248e-22
2.53384e-06
-1.13192e-21
6.90788e-24
2.377e-06
-6.94844e-22
-1.78845e-22
2.22688e-06
-6.21697e-22
-2.34518e-22
2.08327e-06
-6.006e-22
-4.38807e-22
1.94592e-06
-4.42134e-22
-3.78781e-22
1.81461e-06
-5.41177e-22
-4.36563e-22
1.68912e-06
-1.85724e-22
-4.40172e-22
1.56921e-06
-1.28664e-22
-3.64396e-22
1.45468e-06
-3.17857e-22
-1.21829e-22
1.34534e-06
-4.47413e-22
3.64463e-23
1.24095e-06
-1.56211e-22
-8.64589e-23
1.14135e-06
-3.04211e-22
1.49991e-22
1.04634e-06
-5.16071e-22
4.84282e-23
9.55734e-07
-5.07873e-22
-2.31959e-24
8.69366e-07
-4.64434e-22
-7.9961e-23
7.87058e-07
-4.24094e-22
-1.29537e-22
7.08653e-07
-4.33818e-22
-1.32058e-22
6.33995e-07
-3.25578e-22
-1.34314e-22
5.62926e-07
-2.04417e-22
-1.17361e-22
4.95306e-07
-1.48016e-22
-1.222e-22
4.30993e-07
-9.67243e-23
-8.2612e-24
3.69852e-07
-1.11531e-22
-5.15966e-23
3.11756e-07
-3.84472e-23
-3.00625e-23
2.56575e-07
-2.35617e-23
1.28556e-23
2.04192e-07
-4.92165e-23
-5.23974e-24
1.54492e-07
-4.46749e-23
2.00001e-25
1.07362e-07
1.21404e-24
-6.02974e-24
6.26962e-08
-3.50056e-24
4.07136e-24
2.03915e-08
)
;

boundaryField
{
    walls
    {
        type            calculated;
        value           uniform 0;
    }
    inlet
    {
        type            cyclic;
        value           nonuniform List<scalar> 
1000
(
-2.03914e-08
-6.26962e-08
-1.07362e-07
-1.54492e-07
-2.04193e-07
-2.56575e-07
-3.11755e-07
-3.69853e-07
-4.30993e-07
-4.95306e-07
-5.62926e-07
-6.33993e-07
-7.08654e-07
-7.87058e-07
-8.69364e-07
-9.55735e-07
-1.04634e-06
-1.14135e-06
-1.24095e-06
-1.34533e-06
-1.45469e-06
-1.56921e-06
-1.68912e-06
-1.81462e-06
-1.94593e-06
-2.08327e-06
-2.22688e-06
-2.37699e-06
-2.53384e-06
-2.69766e-06
-2.86869e-06
-3.04718e-06
-3.23336e-06
-3.42747e-06
-3.62973e-06
-3.84037e-06
-4.0596e-06
-4.28761e-06
-4.52458e-06
-4.77069e-06
-5.02608e-06
-5.29087e-06
-5.56517e-06
-5.84907e-06
-6.14262e-06
-6.44586e-06
-6.75881e-06
-7.08148e-06
-7.41385e-06
-7.7559e-06
-8.1076e-06
-8.46889e-06
-8.83975e-06
-9.22013e-06
-9.60999e-06
-1.00093e-05
-1.04181e-05
-1.08363e-05
-1.12639e-05
-1.1701e-05
-1.21476e-05
-1.26037e-05
-1.30695e-05
-1.3545e-05
-1.40303e-05
-1.45255e-05
-1.50308e-05
-1.55464e-05
-1.60723e-05
-1.66087e-05
-1.71559e-05
-1.7714e-05
-1.82833e-05
-1.8864e-05
-1.94563e-05
-2.00604e-05
-2.06766e-05
-2.13052e-05
-2.19465e-05
-2.26006e-05
-2.3268e-05
-2.39488e-05
-2.46435e-05
-2.53523e-05
-2.60755e-05
-2.68135e-05
-2.75665e-05
-2.8335e-05
-2.91193e-05
-2.99198e-05
-3.07367e-05
-3.15706e-05
-3.24217e-05
-3.32904e-05
-3.41772e-05
-3.50825e-05
-3.60066e-05
-3.69501e-05
-3.79132e-05
-3.88966e-05
-3.99005e-05
-4.09255e-05
-4.1972e-05
-4.30406e-05
-4.41316e-05
-4.52457e-05
-4.63832e-05
-4.75448e-05
-4.87308e-05
-4.9942e-05
-5.11788e-05
-5.24418e-05
-5.37315e-05
-5.50486e-05
-5.63936e-05
-5.77671e-05
-5.91698e-05
-6.06022e-05
-6.20651e-05
-6.35591e-05
-6.50848e-05
-6.66429e-05
-6.82342e-05
-6.98593e-05
-7.1519e-05
-7.3214e-05
-7.4945e-05
-7.67129e-05
-7.85183e-05
-8.03622e-05
-8.22454e-05
-8.41686e-05
-8.61327e-05
-8.81387e-05
-9.01873e-05
-9.22795e-05
-9.44162e-05
-9.65983e-05
-9.88269e-05
-0.000101103
-0.000103427
-0.000105801
-0.000108225
-0.000110701
-0.000113229
-0.000115811
-0.000118448
-0.000121141
-0.000123891
-0.0001267
-0.000129568
-0.000132497
-0.000135488
-0.000138542
-0.000141661
-0.000144846
-0.000148099
-0.00015142
-0.000154812
-0.000158276
-0.000161812
-0.000165424
-0.000169112
-0.000172877
-0.000176722
-0.000180649
-0.000184658
-0.000188751
-0.000192931
-0.000197199
-0.000201557
-0.000206006
-0.000210549
-0.000215187
-0.000219922
-0.000224757
-0.000229694
-0.000234734
-0.000239879
-0.000245132
-0.000250495
-0.00025597
-0.000261559
-0.000267265
-0.000273089
-0.000279035
-0.000285105
-0.000291301
-0.000297626
-0.000304081
-0.000310671
-0.000317397
-0.000324262
-0.000331269
-0.000338421
-0.00034572
-0.000353169
-0.000360771
-0.00036853
-0.000376447
-0.000384526
-0.000392771
-0.000401184
-0.000409768
-0.000418526
-0.000427462
-0.000436579
-0.000445881
-0.00045537
-0.00046505
-0.000474924
-0.000484995
-0.000495268
-0.000505746
-0.000516431
-0.000527328
-0.00053844
-0.00054977
-0.000561322
-0.0005731
-0.000585106
-0.000597344
-0.000609818
-0.000622531
-0.000635485
-0.000648685
-0.000662133
-0.000675832
-0.000689785
-0.000703995
-0.000718463
-0.000733193
-0.000748186
-0.000763444
-0.000778968
-0.000794759
-0.000810818
-0.000827144
-0.000843737
-0.000860597
-0.00087772
-0.000895105
-0.000912748
-0.000930644
-0.000948789
-0.000967177
-0.000985799
-0.00100465
-0.00102371
-0.00104299
-2.03914e-08
-6.26962e-08
-1.07362e-07
-1.54492e-07
-2.04193e-07
-2.56575e-07
-3.11755e-07
-3.69853e-07
-4.30993e-07
-4.95306e-07
-5.62926e-07
-6.33993e-07
-7.08654e-07
-7.87058e-07
-8.69364e-07
-9.55735e-07
-1.04634e-06
-1.14135e-06
-1.24095e-06
-1.34533e-06
-1.45469e-06
-1.56921e-06
-1.68912e-06
-1.81462e-06
-1.94593e-06
-2.08327e-06
-2.22688e-06
-2.37699e-06
-2.53384e-06
-2.69766e-06
-2.86869e-06
-3.04718e-06
-3.23336e-06
-3.42747e-06
-3.62973e-06
-3.84037e-06
-4.0596e-06
-4.28761e-06
-4.52458e-06
-4.77069e-06
-5.02608e-06
-5.29087e-06
-5.56517e-06
-5.84907e-06
-6.14262e-06
-6.44586e-06
-6.75881e-06
-7.08148e-06
-7.41385e-06
-7.7559e-06
-8.1076e-06
-8.46889e-06
-8.83975e-06
-9.22013e-06
-9.60999e-06
-1.00093e-05
-1.04181e-05
-1.08363e-05
-1.12639e-05
-1.1701e-05
-1.21476e-05
-1.26037e-05
-1.30695e-05
-1.3545e-05
-1.40303e-05
-1.45255e-05
-1.50308e-05
-1.55464e-05
-1.60723e-05
-1.66087e-05
-1.71559e-05
-1.7714e-05
-1.82833e-05
-1.8864e-05
-1.94563e-05
-2.00604e-05
-2.06766e-05
-2.13052e-05
-2.19465e-05
-2.26006e-05
-2.3268e-05
-2.39488e-05
-2.46435e-05
-2.53523e-05
-2.60755e-05
-2.68135e-05
-2.75665e-05
-2.8335e-05
-2.91193e-05
-2.99198e-05
-3.07367e-05
-3.15706e-05
-3.24217e-05
-3.32904e-05
-3.41772e-05
-3.50825e-05
-3.60066e-05
-3.69501e-05
-3.79132e-05
-3.88966e-05
-3.99005e-05
-4.09255e-05
-4.1972e-05
-4.30406e-05
-4.41316e-05
-4.52457e-05
-4.63832e-05
-4.75448e-05
-4.87308e-05
-4.9942e-05
-5.11788e-05
-5.24418e-05
-5.37315e-05
-5.50486e-05
-5.63936e-05
-5.77671e-05
-5.91698e-05
-6.06022e-05
-6.20651e-05
-6.35591e-05
-6.50848e-05
-6.66429e-05
-6.82342e-05
-6.98593e-05
-7.1519e-05
-7.3214e-05
-7.4945e-05
-7.67129e-05
-7.85183e-05
-8.03622e-05
-8.22454e-05
-8.41686e-05
-8.61327e-05
-8.81387e-05
-9.01873e-05
-9.22795e-05
-9.44162e-05
-9.65983e-05
-9.88269e-05
-0.000101103
-0.000103427
-0.000105801
-0.000108225
-0.000110701
-0.000113229
-0.000115811
-0.000118448
-0.000121141
-0.000123891
-0.0001267
-0.000129568
-0.000132497
-0.000135488
-0.000138542
-0.000141661
-0.000144846
-0.000148099
-0.00015142
-0.000154812
-0.000158276
-0.000161812
-0.000165424
-0.000169112
-0.000172877
-0.000176722
-0.000180649
-0.000184658
-0.000188751
-0.000192931
-0.000197199
-0.000201557
-0.000206006
-0.000210549
-0.000215187
-0.000219922
-0.000224757
-0.000229694
-0.000234734
-0.000239879
-0.000245132
-0.000250495
-0.00025597
-0.000261559
-0.000267265
-0.000273089
-0.000279035
-0.000285105
-0.000291301
-0.000297626
-0.000304081
-0.000310671
-0.000317397
-0.000324262
-0.000331269
-0.000338421
-0.00034572
-0.000353169
-0.000360771
-0.00036853
-0.000376447
-0.000384526
-0.000392771
-0.000401184
-0.000409768
-0.000418526
-0.000427462
-0.000436579
-0.000445881
-0.00045537
-0.00046505
-0.000474924
-0.000484995
-0.000495268
-0.000505746
-0.000516431
-0.000527328
-0.00053844
-0.00054977
-0.000561322
-0.0005731
-0.000585106
-0.000597344
-0.000609818
-0.000622531
-0.000635485
-0.000648685
-0.000662133
-0.000675832
-0.000689785
-0.000703995
-0.000718463
-0.000733193
-0.000748186
-0.000763444
-0.000778968
-0.000794759
-0.000810818
-0.000827144
-0.000843737
-0.000860597
-0.00087772
-0.000895105
-0.000912748
-0.000930644
-0.000948789
-0.000967177
-0.000985799
-0.00100465
-0.00102371
-0.00104299
-0.00104299
-0.00102371
-0.00100465
-0.000985799
-0.000967176
-0.000948789
-0.000930644
-0.000912748
-0.000895105
-0.00087772
-0.000860597
-0.000843737
-0.000827144
-0.000810818
-0.000794759
-0.000778968
-0.000763444
-0.000748186
-0.000733193
-0.000718463
-0.000703995
-0.000689785
-0.000675832
-0.000662133
-0.000648685
-0.000635485
-0.000622531
-0.000609818
-0.000597344
-0.000585106
-0.0005731
-0.000561322
-0.00054977
-0.00053844
-0.000527328
-0.000516431
-0.000505746
-0.000495268
-0.000484995
-0.000474924
-0.00046505
-0.00045537
-0.000445881
-0.000436579
-0.000427462
-0.000418526
-0.000409768
-0.000401184
-0.000392771
-0.000384526
-0.000376447
-0.00036853
-0.000360771
-0.000353169
-0.00034572
-0.000338421
-0.000331269
-0.000324262
-0.000317397
-0.000310671
-0.000304081
-0.000297626
-0.000291301
-0.000285105
-0.000279035
-0.000273089
-0.000267265
-0.000261559
-0.00025597
-0.000250495
-0.000245132
-0.000239879
-0.000234734
-0.000229694
-0.000224757
-0.000219922
-0.000215187
-0.000210549
-0.000206006
-0.000201557
-0.000197199
-0.000192931
-0.000188751
-0.000184658
-0.000180649
-0.000176722
-0.000172877
-0.000169112
-0.000165424
-0.000161812
-0.000158276
-0.000154812
-0.00015142
-0.000148099
-0.000144846
-0.000141661
-0.000138542
-0.000135488
-0.000132497
-0.000129568
-0.0001267
-0.000123891
-0.000121141
-0.000118448
-0.000115811
-0.000113229
-0.000110701
-0.000108225
-0.000105801
-0.000103427
-0.000101103
-9.88269e-05
-9.65984e-05
-9.44162e-05
-9.22795e-05
-9.01873e-05
-8.81386e-05
-8.61327e-05
-8.41686e-05
-8.22454e-05
-8.03622e-05
-7.85184e-05
-7.67129e-05
-7.4945e-05
-7.3214e-05
-7.1519e-05
-6.98593e-05
-6.82342e-05
-6.66429e-05
-6.50848e-05
-6.35591e-05
-6.20651e-05
-6.06022e-05
-5.91698e-05
-5.77671e-05
-5.63936e-05
-5.50486e-05
-5.37315e-05
-5.24418e-05
-5.11788e-05
-4.9942e-05
-4.87308e-05
-4.75447e-05
-4.63832e-05
-4.52457e-05
-4.41316e-05
-4.30406e-05
-4.19721e-05
-4.09255e-05
-3.99005e-05
-3.88965e-05
-3.79132e-05
-3.69501e-05
-3.60066e-05
-3.50825e-05
-3.41772e-05
-3.32904e-05
-3.24216e-05
-3.15706e-05
-3.07367e-05
-2.99198e-05
-2.91193e-05
-2.8335e-05
-2.75665e-05
-2.68135e-05
-2.60755e-05
-2.53523e-05
-2.46435e-05
-2.39488e-05
-2.3268e-05
-2.26006e-05
-2.19465e-05
-2.13052e-05
-2.06766e-05
-2.00604e-05
-1.94563e-05
-1.8864e-05
-1.82833e-05
-1.77141e-05
-1.71559e-05
-1.66087e-05
-1.60723e-05
-1.55464e-05
-1.50308e-05
-1.45255e-05
-1.40303e-05
-1.3545e-05
-1.30695e-05
-1.26037e-05
-1.21476e-05
-1.1701e-05
-1.12639e-05
-1.08363e-05
-1.04181e-05
-1.00093e-05
-9.60999e-06
-9.22013e-06
-8.83975e-06
-8.46889e-06
-8.10759e-06
-7.7559e-06
-7.41385e-06
-7.08149e-06
-6.75881e-06
-6.44586e-06
-6.14262e-06
-5.84907e-06
-5.56517e-06
-5.29088e-06
-5.02607e-06
-4.77069e-06
-4.52458e-06
-4.28761e-06
-4.0596e-06
-3.84038e-06
-3.62973e-06
-3.42747e-06
-3.23336e-06
-3.04717e-06
-2.86869e-06
-2.69766e-06
-2.53384e-06
-2.377e-06
-2.22688e-06
-2.08327e-06
-1.94592e-06
-1.81461e-06
-1.68912e-06
-1.56921e-06
-1.45468e-06
-1.34534e-06
-1.24095e-06
-1.14135e-06
-1.04634e-06
-9.55734e-07
-8.69366e-07
-7.87058e-07
-7.08653e-07
-6.33995e-07
-5.62926e-07
-4.95306e-07
-4.30993e-07
-3.69852e-07
-3.11756e-07
-2.56575e-07
-2.04192e-07
-1.54492e-07
-1.07362e-07
-6.26962e-08
-2.03915e-08
-0.00104299
-0.00102371
-0.00100465
-0.000985799
-0.000967176
-0.000948789
-0.000930644
-0.000912748
-0.000895105
-0.00087772
-0.000860597
-0.000843737
-0.000827144
-0.000810818
-0.000794759
-0.000778968
-0.000763444
-0.000748186
-0.000733193
-0.000718463
-0.000703995
-0.000689785
-0.000675832
-0.000662133
-0.000648685
-0.000635485
-0.000622531
-0.000609818
-0.000597344
-0.000585106
-0.0005731
-0.000561322
-0.00054977
-0.00053844
-0.000527328
-0.000516431
-0.000505746
-0.000495268
-0.000484995
-0.000474924
-0.00046505
-0.00045537
-0.000445881
-0.000436579
-0.000427462
-0.000418526
-0.000409768
-0.000401184
-0.000392771
-0.000384526
-0.000376447
-0.00036853
-0.000360771
-0.000353169
-0.00034572
-0.000338421
-0.000331269
-0.000324262
-0.000317397
-0.000310671
-0.000304081
-0.000297626
-0.000291301
-0.000285105
-0.000279035
-0.000273089
-0.000267265
-0.000261559
-0.00025597
-0.000250495
-0.000245132
-0.000239879
-0.000234734
-0.000229694
-0.000224757
-0.000219922
-0.000215187
-0.000210549
-0.000206006
-0.000201557
-0.000197199
-0.000192931
-0.000188751
-0.000184658
-0.000180649
-0.000176722
-0.000172877
-0.000169112
-0.000165424
-0.000161812
-0.000158276
-0.000154812
-0.00015142
-0.000148099
-0.000144846
-0.000141661
-0.000138542
-0.000135488
-0.000132497
-0.000129568
-0.0001267
-0.000123891
-0.000121141
-0.000118448
-0.000115811
-0.000113229
-0.000110701
-0.000108225
-0.000105801
-0.000103427
-0.000101103
-9.88269e-05
-9.65984e-05
-9.44162e-05
-9.22795e-05
-9.01873e-05
-8.81386e-05
-8.61327e-05
-8.41686e-05
-8.22454e-05
-8.03622e-05
-7.85184e-05
-7.67129e-05
-7.4945e-05
-7.3214e-05
-7.1519e-05
-6.98593e-05
-6.82342e-05
-6.66429e-05
-6.50848e-05
-6.35591e-05
-6.20651e-05
-6.06022e-05
-5.91698e-05
-5.77671e-05
-5.63936e-05
-5.50486e-05
-5.37315e-05
-5.24418e-05
-5.11788e-05
-4.9942e-05
-4.87308e-05
-4.75447e-05
-4.63832e-05
-4.52457e-05
-4.41316e-05
-4.30406e-05
-4.19721e-05
-4.09255e-05
-3.99005e-05
-3.88965e-05
-3.79132e-05
-3.69501e-05
-3.60066e-05
-3.50825e-05
-3.41772e-05
-3.32904e-05
-3.24216e-05
-3.15706e-05
-3.07367e-05
-2.99198e-05
-2.91193e-05
-2.8335e-05
-2.75665e-05
-2.68135e-05
-2.60755e-05
-2.53523e-05
-2.46435e-05
-2.39488e-05
-2.3268e-05
-2.26006e-05
-2.19465e-05
-2.13052e-05
-2.06766e-05
-2.00604e-05
-1.94563e-05
-1.8864e-05
-1.82833e-05
-1.77141e-05
-1.71559e-05
-1.66087e-05
-1.60723e-05
-1.55464e-05
-1.50308e-05
-1.45255e-05
-1.40303e-05
-1.3545e-05
-1.30695e-05
-1.26037e-05
-1.21476e-05
-1.1701e-05
-1.12639e-05
-1.08363e-05
-1.04181e-05
-1.00093e-05
-9.60999e-06
-9.22013e-06
-8.83975e-06
-8.46889e-06
-8.10759e-06
-7.7559e-06
-7.41385e-06
-7.08149e-06
-6.75881e-06
-6.44586e-06
-6.14262e-06
-5.84907e-06
-5.56517e-06
-5.29088e-06
-5.02607e-06
-4.77069e-06
-4.52458e-06
-4.28761e-06
-4.0596e-06
-3.84038e-06
-3.62973e-06
-3.42747e-06
-3.23336e-06
-3.04717e-06
-2.86869e-06
-2.69766e-06
-2.53384e-06
-2.377e-06
-2.22688e-06
-2.08327e-06
-1.94592e-06
-1.81461e-06
-1.68912e-06
-1.56921e-06
-1.45468e-06
-1.34534e-06
-1.24095e-06
-1.14135e-06
-1.04634e-06
-9.55734e-07
-8.69366e-07
-7.87058e-07
-7.08653e-07
-6.33995e-07
-5.62926e-07
-4.95306e-07
-4.30993e-07
-3.69852e-07
-3.11756e-07
-2.56575e-07
-2.04192e-07
-1.54492e-07
-1.07362e-07
-6.26962e-08
-2.03915e-08
)
;
    }
    outlet
    {
        type            cyclic;
        value           nonuniform List<scalar> 
1000
(
2.03914e-08
6.26962e-08
1.07362e-07
1.54492e-07
2.04193e-07
2.56575e-07
3.11755e-07
3.69853e-07
4.30993e-07
4.95306e-07
5.62926e-07
6.33993e-07
7.08654e-07
7.87058e-07
8.69364e-07
9.55735e-07
1.04634e-06
1.14135e-06
1.24095e-06
1.34533e-06
1.45469e-06
1.56921e-06
1.68912e-06
1.81462e-06
1.94593e-06
2.08327e-06
2.22688e-06
2.37699e-06
2.53384e-06
2.69766e-06
2.86869e-06
3.04718e-06
3.23336e-06
3.42747e-06
3.62973e-06
3.84037e-06
4.0596e-06
4.28761e-06
4.52458e-06
4.77069e-06
5.02608e-06
5.29087e-06
5.56517e-06
5.84907e-06
6.14262e-06
6.44586e-06
6.75881e-06
7.08148e-06
7.41385e-06
7.7559e-06
8.1076e-06
8.46889e-06
8.83975e-06
9.22013e-06
9.60999e-06
1.00093e-05
1.04181e-05
1.08363e-05
1.12639e-05
1.1701e-05
1.21476e-05
1.26037e-05
1.30695e-05
1.3545e-05
1.40303e-05
1.45255e-05
1.50308e-05
1.55464e-05
1.60723e-05
1.66087e-05
1.71559e-05
1.7714e-05
1.82833e-05
1.8864e-05
1.94563e-05
2.00604e-05
2.06766e-05
2.13052e-05
2.19465e-05
2.26006e-05
2.3268e-05
2.39488e-05
2.46435e-05
2.53523e-05
2.60755e-05
2.68135e-05
2.75665e-05
2.8335e-05
2.91193e-05
2.99198e-05
3.07367e-05
3.15706e-05
3.24217e-05
3.32904e-05
3.41772e-05
3.50825e-05
3.60066e-05
3.69501e-05
3.79132e-05
3.88966e-05
3.99005e-05
4.09255e-05
4.1972e-05
4.30406e-05
4.41316e-05
4.52457e-05
4.63832e-05
4.75448e-05
4.87308e-05
4.9942e-05
5.11788e-05
5.24418e-05
5.37315e-05
5.50486e-05
5.63936e-05
5.77671e-05
5.91698e-05
6.06022e-05
6.20651e-05
6.35591e-05
6.50848e-05
6.66429e-05
6.82342e-05
6.98593e-05
7.1519e-05
7.3214e-05
7.4945e-05
7.67129e-05
7.85183e-05
8.03622e-05
8.22454e-05
8.41686e-05
8.61327e-05
8.81387e-05
9.01873e-05
9.22795e-05
9.44162e-05
9.65983e-05
9.88269e-05
0.000101103
0.000103427
0.000105801
0.000108225
0.000110701
0.000113229
0.000115811
0.000118448
0.000121141
0.000123891
0.0001267
0.000129568
0.000132497
0.000135488
0.000138542
0.000141661
0.000144846
0.000148099
0.00015142
0.000154812
0.000158276
0.000161812
0.000165424
0.000169112
0.000172877
0.000176722
0.000180649
0.000184658
0.000188751
0.000192931
0.000197199
0.000201557
0.000206006
0.000210549
0.000215187
0.000219922
0.000224757
0.000229694
0.000234734
0.000239879
0.000245132
0.000250495
0.00025597
0.000261559
0.000267265
0.000273089
0.000279035
0.000285105
0.000291301
0.000297626
0.000304081
0.000310671
0.000317397
0.000324262
0.000331269
0.000338421
0.00034572
0.000353169
0.000360771
0.00036853
0.000376447
0.000384526
0.000392771
0.000401184
0.000409768
0.000418526
0.000427462
0.000436579
0.000445881
0.00045537
0.00046505
0.000474924
0.000484995
0.000495268
0.000505746
0.000516431
0.000527328
0.00053844
0.00054977
0.000561322
0.0005731
0.000585106
0.000597344
0.000609818
0.000622531
0.000635485
0.000648685
0.000662133
0.000675832
0.000689785
0.000703995
0.000718463
0.000733193
0.000748186
0.000763444
0.000778968
0.000794759
0.000810818
0.000827144
0.000843737
0.000860597
0.00087772
0.000895105
0.000912748
0.000930644
0.000948789
0.000967177
0.000985799
0.00100465
0.00102371
0.00104299
2.03914e-08
6.26962e-08
1.07362e-07
1.54492e-07
2.04193e-07
2.56575e-07
3.11755e-07
3.69853e-07
4.30993e-07
4.95306e-07
5.62926e-07
6.33993e-07
7.08654e-07
7.87058e-07
8.69364e-07
9.55735e-07
1.04634e-06
1.14135e-06
1.24095e-06
1.34533e-06
1.45469e-06
1.56921e-06
1.68912e-06
1.81462e-06
1.94593e-06
2.08327e-06
2.22688e-06
2.37699e-06
2.53384e-06
2.69766e-06
2.86869e-06
3.04718e-06
3.23336e-06
3.42747e-06
3.62973e-06
3.84037e-06
4.0596e-06
4.28761e-06
4.52458e-06
4.77069e-06
5.02608e-06
5.29087e-06
5.56517e-06
5.84907e-06
6.14262e-06
6.44586e-06
6.75881e-06
7.08148e-06
7.41385e-06
7.7559e-06
8.1076e-06
8.46889e-06
8.83975e-06
9.22013e-06
9.60999e-06
1.00093e-05
1.04181e-05
1.08363e-05
1.12639e-05
1.1701e-05
1.21476e-05
1.26037e-05
1.30695e-05
1.3545e-05
1.40303e-05
1.45255e-05
1.50308e-05
1.55464e-05
1.60723e-05
1.66087e-05
1.71559e-05
1.7714e-05
1.82833e-05
1.8864e-05
1.94563e-05
2.00604e-05
2.06766e-05
2.13052e-05
2.19465e-05
2.26006e-05
2.3268e-05
2.39488e-05
2.46435e-05
2.53523e-05
2.60755e-05
2.68135e-05
2.75665e-05
2.8335e-05
2.91193e-05
2.99198e-05
3.07367e-05
3.15706e-05
3.24217e-05
3.32904e-05
3.41772e-05
3.50825e-05
3.60066e-05
3.69501e-05
3.79132e-05
3.88966e-05
3.99005e-05
4.09255e-05
4.1972e-05
4.30406e-05
4.41316e-05
4.52457e-05
4.63832e-05
4.75448e-05
4.87308e-05
4.9942e-05
5.11788e-05
5.24418e-05
5.37315e-05
5.50486e-05
5.63936e-05
5.77671e-05
5.91698e-05
6.06022e-05
6.20651e-05
6.35591e-05
6.50848e-05
6.66429e-05
6.82342e-05
6.98593e-05
7.1519e-05
7.3214e-05
7.4945e-05
7.67129e-05
7.85183e-05
8.03622e-05
8.22454e-05
8.41686e-05
8.61327e-05
8.81387e-05
9.01873e-05
9.22795e-05
9.44162e-05
9.65983e-05
9.88269e-05
0.000101103
0.000103427
0.000105801
0.000108225
0.000110701
0.000113229
0.000115811
0.000118448
0.000121141
0.000123891
0.0001267
0.000129568
0.000132497
0.000135488
0.000138542
0.000141661
0.000144846
0.000148099
0.00015142
0.000154812
0.000158276
0.000161812
0.000165424
0.000169112
0.000172877
0.000176722
0.000180649
0.000184658
0.000188751
0.000192931
0.000197199
0.000201557
0.000206006
0.000210549
0.000215187
0.000219922
0.000224757
0.000229694
0.000234734
0.000239879
0.000245132
0.000250495
0.00025597
0.000261559
0.000267265
0.000273089
0.000279035
0.000285105
0.000291301
0.000297626
0.000304081
0.000310671
0.000317397
0.000324262
0.000331269
0.000338421
0.00034572
0.000353169
0.000360771
0.00036853
0.000376447
0.000384526
0.000392771
0.000401184
0.000409768
0.000418526
0.000427462
0.000436579
0.000445881
0.00045537
0.00046505
0.000474924
0.000484995
0.000495268
0.000505746
0.000516431
0.000527328
0.00053844
0.00054977
0.000561322
0.0005731
0.000585106
0.000597344
0.000609818
0.000622531
0.000635485
0.000648685
0.000662133
0.000675832
0.000689785
0.000703995
0.000718463
0.000733193
0.000748186
0.000763444
0.000778968
0.000794759
0.000810818
0.000827144
0.000843737
0.000860597
0.00087772
0.000895105
0.000912748
0.000930644
0.000948789
0.000967177
0.000985799
0.00100465
0.00102371
0.00104299
0.00104299
0.00102371
0.00100465
0.000985799
0.000967176
0.000948789
0.000930644
0.000912748
0.000895105
0.00087772
0.000860597
0.000843737
0.000827144
0.000810818
0.000794759
0.000778968
0.000763444
0.000748186
0.000733193
0.000718463
0.000703995
0.000689785
0.000675832
0.000662133
0.000648685
0.000635485
0.000622531
0.000609818
0.000597344
0.000585106
0.0005731
0.000561322
0.00054977
0.00053844
0.000527328
0.000516431
0.000505746
0.000495268
0.000484995
0.000474924
0.00046505
0.00045537
0.000445881
0.000436579
0.000427462
0.000418526
0.000409768
0.000401184
0.000392771
0.000384526
0.000376447
0.00036853
0.000360771
0.000353169
0.00034572
0.000338421
0.000331269
0.000324262
0.000317397
0.000310671
0.000304081
0.000297626
0.000291301
0.000285105
0.000279035
0.000273089
0.000267265
0.000261559
0.00025597
0.000250495
0.000245132
0.000239879
0.000234734
0.000229694
0.000224757
0.000219922
0.000215187
0.000210549
0.000206006
0.000201557
0.000197199
0.000192931
0.000188751
0.000184658
0.000180649
0.000176722
0.000172877
0.000169112
0.000165424
0.000161812
0.000158276
0.000154812
0.00015142
0.000148099
0.000144846
0.000141661
0.000138542
0.000135488
0.000132497
0.000129568
0.0001267
0.000123891
0.000121141
0.000118448
0.000115811
0.000113229
0.000110701
0.000108225
0.000105801
0.000103427
0.000101103
9.88269e-05
9.65984e-05
9.44162e-05
9.22795e-05
9.01873e-05
8.81386e-05
8.61327e-05
8.41686e-05
8.22454e-05
8.03622e-05
7.85184e-05
7.67129e-05
7.4945e-05
7.3214e-05
7.1519e-05
6.98593e-05
6.82342e-05
6.66429e-05
6.50848e-05
6.35591e-05
6.20651e-05
6.06022e-05
5.91698e-05
5.77671e-05
5.63936e-05
5.50486e-05
5.37315e-05
5.24418e-05
5.11788e-05
4.9942e-05
4.87308e-05
4.75447e-05
4.63832e-05
4.52457e-05
4.41316e-05
4.30406e-05
4.19721e-05
4.09255e-05
3.99005e-05
3.88965e-05
3.79132e-05
3.69501e-05
3.60066e-05
3.50825e-05
3.41772e-05
3.32904e-05
3.24216e-05
3.15706e-05
3.07367e-05
2.99198e-05
2.91193e-05
2.8335e-05
2.75665e-05
2.68135e-05
2.60755e-05
2.53523e-05
2.46435e-05
2.39488e-05
2.3268e-05
2.26006e-05
2.19465e-05
2.13052e-05
2.06766e-05
2.00604e-05
1.94563e-05
1.8864e-05
1.82833e-05
1.77141e-05
1.71559e-05
1.66087e-05
1.60723e-05
1.55464e-05
1.50308e-05
1.45255e-05
1.40303e-05
1.3545e-05
1.30695e-05
1.26037e-05
1.21476e-05
1.1701e-05
1.12639e-05
1.08363e-05
1.04181e-05
1.00093e-05
9.60999e-06
9.22013e-06
8.83975e-06
8.46889e-06
8.10759e-06
7.7559e-06
7.41385e-06
7.08149e-06
6.75881e-06
6.44586e-06
6.14262e-06
5.84907e-06
5.56517e-06
5.29088e-06
5.02607e-06
4.77069e-06
4.52458e-06
4.28761e-06
4.0596e-06
3.84038e-06
3.62973e-06
3.42747e-06
3.23336e-06
3.04717e-06
2.86869e-06
2.69766e-06
2.53384e-06
2.377e-06
2.22688e-06
2.08327e-06
1.94592e-06
1.81461e-06
1.68912e-06
1.56921e-06
1.45468e-06
1.34534e-06
1.24095e-06
1.14135e-06
1.04634e-06
9.55734e-07
8.69366e-07
7.87058e-07
7.08653e-07
6.33995e-07
5.62926e-07
4.95306e-07
4.30993e-07
3.69852e-07
3.11756e-07
2.56575e-07
2.04192e-07
1.54492e-07
1.07362e-07
6.26962e-08
2.03915e-08
0.00104299
0.00102371
0.00100465
0.000985799
0.000967176
0.000948789
0.000930644
0.000912748
0.000895105
0.00087772
0.000860597
0.000843737
0.000827144
0.000810818
0.000794759
0.000778968
0.000763444
0.000748186
0.000733193
0.000718463
0.000703995
0.000689785
0.000675832
0.000662133
0.000648685
0.000635485
0.000622531
0.000609818
0.000597344
0.000585106
0.0005731
0.000561322
0.00054977
0.00053844
0.000527328
0.000516431
0.000505746
0.000495268
0.000484995
0.000474924
0.00046505
0.00045537
0.000445881
0.000436579
0.000427462
0.000418526
0.000409768
0.000401184
0.000392771
0.000384526
0.000376447
0.00036853
0.000360771
0.000353169
0.00034572
0.000338421
0.000331269
0.000324262
0.000317397
0.000310671
0.000304081
0.000297626
0.000291301
0.000285105
0.000279035
0.000273089
0.000267265
0.000261559
0.00025597
0.000250495
0.000245132
0.000239879
0.000234734
0.000229694
0.000224757
0.000219922
0.000215187
0.000210549
0.000206006
0.000201557
0.000197199
0.000192931
0.000188751
0.000184658
0.000180649
0.000176722
0.000172877
0.000169112
0.000165424
0.000161812
0.000158276
0.000154812
0.00015142
0.000148099
0.000144846
0.000141661
0.000138542
0.000135488
0.000132497
0.000129568
0.0001267
0.000123891
0.000121141
0.000118448
0.000115811
0.000113229
0.000110701
0.000108225
0.000105801
0.000103427
0.000101103
9.88269e-05
9.65984e-05
9.44162e-05
9.22795e-05
9.01873e-05
8.81386e-05
8.61327e-05
8.41686e-05
8.22454e-05
8.03622e-05
7.85184e-05
7.67129e-05
7.4945e-05
7.3214e-05
7.1519e-05
6.98593e-05
6.82342e-05
6.66429e-05
6.50848e-05
6.35591e-05
6.20651e-05
6.06022e-05
5.91698e-05
5.77671e-05
5.63936e-05
5.50486e-05
5.37315e-05
5.24418e-05
5.11788e-05
4.9942e-05
4.87308e-05
4.75447e-05
4.63832e-05
4.52457e-05
4.41316e-05
4.30406e-05
4.19721e-05
4.09255e-05
3.99005e-05
3.88965e-05
3.79132e-05
3.69501e-05
3.60066e-05
3.50825e-05
3.41772e-05
3.32904e-05
3.24216e-05
3.15706e-05
3.07367e-05
2.99198e-05
2.91193e-05
2.8335e-05
2.75665e-05
2.68135e-05
2.60755e-05
2.53523e-05
2.46435e-05
2.39488e-05
2.3268e-05
2.26006e-05
2.19465e-05
2.13052e-05
2.06766e-05
2.00604e-05
1.94563e-05
1.8864e-05
1.82833e-05
1.77141e-05
1.71559e-05
1.66087e-05
1.60723e-05
1.55464e-05
1.50308e-05
1.45255e-05
1.40303e-05
1.3545e-05
1.30695e-05
1.26037e-05
1.21476e-05
1.1701e-05
1.12639e-05
1.08363e-05
1.04181e-05
1.00093e-05
9.60999e-06
9.22013e-06
8.83975e-06
8.46889e-06
8.10759e-06
7.7559e-06
7.41385e-06
7.08149e-06
6.75881e-06
6.44586e-06
6.14262e-06
5.84907e-06
5.56517e-06
5.29088e-06
5.02607e-06
4.77069e-06
4.52458e-06
4.28761e-06
4.0596e-06
3.84038e-06
3.62973e-06
3.42747e-06
3.23336e-06
3.04717e-06
2.86869e-06
2.69766e-06
2.53384e-06
2.377e-06
2.22688e-06
2.08327e-06
1.94592e-06
1.81461e-06
1.68912e-06
1.56921e-06
1.45468e-06
1.34534e-06
1.24095e-06
1.14135e-06
1.04634e-06
9.55734e-07
8.69366e-07
7.87058e-07
7.08653e-07
6.33995e-07
5.62926e-07
4.95306e-07
4.30993e-07
3.69852e-07
3.11756e-07
2.56575e-07
2.04192e-07
1.54492e-07
1.07362e-07
6.26962e-08
2.03915e-08
)
;
    }
    sides
    {
        type            empty;
        value           nonuniform List<scalar> 0();
    }
}


// ************************************************************************* //
