/*--------------------------------*- C++ -*----------------------------------*\
| =========                 |                                                 |
| \\      /  F ield         | OpenFOAM: The Open Source CFD Toolbox           |
|  \\    /   O peration     | Version:  2106                                  |
|   \\  /    A nd           | Website:  www.openfoam.com                      |
|    \\/     M anipulation  |                                                 |
\*---------------------------------------------------------------------------*/
FoamFile
{
    version     2.0;
    format      ascii;
    arch        "LSB;label=32;scalar=64";
    class       volScalarField;
    location    "10010";
    object      alphat;
}
// * * * * * * * * * * * * * * * * * * * * * * * * * * * * * * * * * * * * * //

dimensions      [0 2 -1 0 0 0 0];

internalField   nonuniform List<scalar> 
2000
(
1.37247e-13
1.37247e-13
1.27206e-13
1.27206e-13
3.47111e-13
3.47111e-13
2.0311e-12
2.0311e-12
9.14812e-12
9.14812e-12
3.09798e-11
3.09798e-11
8.56377e-11
8.56377e-11
2.04669e-10
2.04669e-10
4.38938e-10
4.38938e-10
8.66013e-10
8.66013e-10
1.5993e-09
1.5993e-09
2.79925e-09
2.79925e-09
4.6869e-09
4.6869e-09
7.56014e-09
7.56014e-09
1.18132e-08
1.18132e-08
1.79595e-08
1.79595e-08
2.66585e-08
2.66585e-08
3.87471e-08
3.87471e-08
5.52758e-08
5.52758e-08
7.75498e-08
7.75498e-08
1.07176e-07
1.07176e-07
1.46116e-07
1.46116e-07
1.96744e-07
1.96744e-07
2.61911e-07
2.61911e-07
3.45015e-07
3.45015e-07
4.50075e-07
4.50075e-07
5.81808e-07
5.81808e-07
7.45709e-07
7.45709e-07
9.48131e-07
9.48131e-07
1.19636e-06
1.19636e-06
1.49869e-06
1.49869e-06
1.86447e-06
1.86447e-06
2.30416e-06
2.30416e-06
2.82939e-06
2.82939e-06
3.45289e-06
3.45289e-06
4.18855e-06
4.18855e-06
5.05132e-06
5.05132e-06
6.05712e-06
6.05712e-06
7.22278e-06
7.22278e-06
8.56582e-06
8.56582e-06
1.01043e-05
1.01043e-05
1.18567e-05
1.18567e-05
1.38414e-05
1.38414e-05
1.60768e-05
1.60768e-05
1.85811e-05
1.85811e-05
2.13715e-05
2.13715e-05
2.44647e-05
2.44647e-05
2.78763e-05
2.78763e-05
3.16209e-05
3.16209e-05
3.57115e-05
3.57115e-05
4.01601e-05
4.01601e-05
4.49772e-05
4.49772e-05
5.0172e-05
5.0172e-05
5.57523e-05
5.57523e-05
6.17246e-05
6.17246e-05
6.80944e-05
6.80944e-05
7.48661e-05
7.48661e-05
8.20431e-05
8.20431e-05
8.9628e-05
8.9628e-05
9.7623e-05
9.7623e-05
0.000106029
0.000106029
0.000114848
0.000114848
0.00012408
0.00012408
0.000133725
0.000133725
0.000143784
0.000143784
0.000154257
0.000154257
0.000165144
0.000165144
0.000176446
0.000176446
0.000188163
0.000188163
0.000200295
0.000200295
0.000212843
0.000212843
0.000225807
0.000225807
0.000239189
0.000239189
0.000252991
0.000252991
0.000267212
0.000267212
0.000281855
0.000281855
0.000296922
0.000296922
0.000312415
0.000312415
0.000328335
0.000328335
0.000344686
0.000344686
0.000361469
0.000361469
0.000378689
0.000378689
0.000396347
0.000396347
0.000414447
0.000414447
0.000432992
0.000432992
0.000451985
0.000451985
0.000471432
0.000471432
0.000491334
0.000491334
0.000511696
0.000511696
0.000532523
0.000532523
0.000553818
0.000553818
0.000575585
0.000575585
0.00059783
0.00059783
0.000620557
0.000620557
0.00064377
0.00064377
0.000667474
0.000667474
0.000691674
0.000691674
0.000716375
0.000716375
0.000741583
0.000741583
0.000767301
0.000767301
0.000793536
0.000793536
0.000820292
0.000820292
0.000847575
0.000847575
0.00087539
0.00087539
0.000903742
0.000903742
0.000932638
0.000932638
0.000962081
0.000962081
0.000992079
0.000992079
0.00102264
0.00102264
0.00105376
0.00105376
0.00108545
0.00108545
0.00111772
0.00111772
0.00115057
0.00115057
0.00118401
0.00118401
0.00121804
0.00121804
0.00125267
0.00125267
0.0012879
0.0012879
0.00132375
0.00132375
0.0013602
0.0013602
0.00139728
0.00139728
0.00143498
0.00143498
0.00147332
0.00147332
0.00151229
0.00151229
0.0015519
0.0015519
0.00159216
0.00159216
0.00163307
0.00163307
0.00167463
0.00167463
0.00171686
0.00171686
0.00175976
0.00175976
0.00180332
0.00180332
0.00184756
0.00184756
0.00189248
0.00189248
0.00193808
0.00193808
0.00198436
0.00198436
0.00203134
0.00203134
0.00207902
0.00207902
0.00212739
0.00212739
0.00217646
0.00217646
0.00222624
0.00222624
0.00227672
0.00227672
0.00232792
0.00232792
0.00237982
0.00237982
0.00243244
0.00243244
0.00248577
0.00248577
0.00253982
0.00253982
0.00259459
0.00259459
0.00265008
0.00265008
0.00270628
0.00270628
0.0027632
0.0027632
0.00282084
0.00282084
0.00287919
0.00287919
0.00293827
0.00293827
0.00299805
0.00299805
0.00305854
0.00305854
0.00311975
0.00311975
0.00318166
0.00318166
0.00324426
0.00324426
0.00330757
0.00330757
0.00337157
0.00337157
0.00343625
0.00343625
0.00350161
0.00350161
0.00356765
0.00356765
0.00363434
0.00363434
0.0037017
0.0037017
0.0037697
0.0037697
0.00383834
0.00383834
0.0039076
0.0039076
0.00397748
0.00397748
0.00404795
0.00404795
0.00411902
0.00411902
0.00419066
0.00419066
0.00426285
0.00426285
0.00433559
0.00433559
0.00440884
0.00440884
0.0044826
0.0044826
0.00455685
0.00455685
0.00463155
0.00463155
0.0047067
0.0047067
0.00478226
0.00478226
0.0048582
0.0048582
0.00493452
0.00493452
0.00501116
0.00501116
0.00508811
0.00508811
0.00516533
0.00516533
0.00524279
0.00524279
0.00532046
0.00532046
0.00539829
0.00539829
0.00547626
0.00547626
0.00555431
0.00555431
0.0056324
0.0056324
0.0057105
0.0057105
0.00578855
0.00578855
0.00586651
0.00586651
0.00594432
0.00594432
0.00602194
0.00602194
0.0060993
0.0060993
0.00617634
0.00617634
0.00625301
0.00625301
0.00632924
0.00632924
0.00640497
0.00640497
0.00648012
0.00648012
0.00655462
0.00655462
0.0066284
0.0066284
0.00670138
0.00670138
0.00677348
0.00677348
0.00684461
0.00684461
0.00691468
0.00691468
0.00698361
0.00698361
0.00705129
0.00705129
0.00711764
0.00711764
0.00718254
0.00718254
0.00724589
0.00724589
0.00730759
0.00730759
0.00736751
0.00736751
0.00742555
0.00742555
0.00748159
0.00748159
0.0075355
0.0075355
0.00758717
0.00758717
0.00763645
0.00763645
0.00768323
0.00768323
0.00772736
0.00772736
0.00776873
0.00776873
0.0078072
0.0078072
0.00784263
0.00784263
0.00787491
0.00787491
0.00790389
0.00790389
0.00792947
0.00792947
0.00795154
0.00795154
0.00796998
0.00796998
0.00798473
0.00798473
0.00799569
0.00799569
0.00800284
0.00800284
0.00800614
0.00800614
0.00800562
0.00800562
0.00800133
0.00800133
0.00799336
0.00799336
0.00798189
0.00798189
0.00796713
0.00796713
0.0079494
0.0079494
0.00792907
0.00792907
0.00790664
0.00790664
0.00788267
0.00788267
0.00785787
0.00785787
0.00783299
0.00783299
0.00780893
0.00780893
0.00778661
0.00778661
0.00776701
0.00776701
0.0077511
0.0077511
0.00773979
0.00773979
0.00773383
0.00773383
1.37247e-13
1.37247e-13
1.27206e-13
1.27206e-13
3.47111e-13
3.47111e-13
2.0311e-12
2.0311e-12
9.14812e-12
9.14812e-12
3.09798e-11
3.09798e-11
8.56377e-11
8.56377e-11
2.04669e-10
2.04669e-10
4.38938e-10
4.38938e-10
8.66013e-10
8.66013e-10
1.5993e-09
1.5993e-09
2.79925e-09
2.79925e-09
4.6869e-09
4.6869e-09
7.56014e-09
7.56014e-09
1.18132e-08
1.18132e-08
1.79595e-08
1.79595e-08
2.66585e-08
2.66585e-08
3.87471e-08
3.87471e-08
5.52758e-08
5.52758e-08
7.75498e-08
7.75498e-08
1.07176e-07
1.07176e-07
1.46116e-07
1.46116e-07
1.96744e-07
1.96744e-07
2.61911e-07
2.61911e-07
3.45015e-07
3.45015e-07
4.50075e-07
4.50075e-07
5.81808e-07
5.81808e-07
7.45709e-07
7.45709e-07
9.48131e-07
9.48131e-07
1.19636e-06
1.19636e-06
1.49869e-06
1.49869e-06
1.86447e-06
1.86447e-06
2.30416e-06
2.30416e-06
2.82939e-06
2.82939e-06
3.45289e-06
3.45289e-06
4.18855e-06
4.18855e-06
5.05132e-06
5.05132e-06
6.05712e-06
6.05712e-06
7.22278e-06
7.22278e-06
8.56582e-06
8.56582e-06
1.01043e-05
1.01043e-05
1.18567e-05
1.18567e-05
1.38414e-05
1.38414e-05
1.60768e-05
1.60768e-05
1.85811e-05
1.85811e-05
2.13715e-05
2.13715e-05
2.44647e-05
2.44647e-05
2.78763e-05
2.78763e-05
3.16209e-05
3.16209e-05
3.57115e-05
3.57115e-05
4.01601e-05
4.01601e-05
4.49772e-05
4.49772e-05
5.0172e-05
5.0172e-05
5.57523e-05
5.57523e-05
6.17246e-05
6.17246e-05
6.80944e-05
6.80944e-05
7.48661e-05
7.48661e-05
8.20431e-05
8.20431e-05
8.9628e-05
8.9628e-05
9.7623e-05
9.7623e-05
0.000106029
0.000106029
0.000114848
0.000114848
0.00012408
0.00012408
0.000133725
0.000133725
0.000143784
0.000143784
0.000154257
0.000154257
0.000165144
0.000165144
0.000176446
0.000176446
0.000188163
0.000188163
0.000200295
0.000200295
0.000212843
0.000212843
0.000225807
0.000225807
0.000239189
0.000239189
0.000252991
0.000252991
0.000267212
0.000267212
0.000281855
0.000281855
0.000296922
0.000296922
0.000312415
0.000312415
0.000328335
0.000328335
0.000344686
0.000344686
0.000361469
0.000361469
0.000378689
0.000378689
0.000396347
0.000396347
0.000414447
0.000414447
0.000432992
0.000432992
0.000451985
0.000451985
0.000471432
0.000471432
0.000491334
0.000491334
0.000511696
0.000511696
0.000532523
0.000532523
0.000553818
0.000553818
0.000575585
0.000575585
0.00059783
0.00059783
0.000620557
0.000620557
0.00064377
0.00064377
0.000667474
0.000667474
0.000691674
0.000691674
0.000716375
0.000716375
0.000741583
0.000741583
0.000767301
0.000767301
0.000793536
0.000793536
0.000820292
0.000820292
0.000847575
0.000847575
0.00087539
0.00087539
0.000903742
0.000903742
0.000932638
0.000932638
0.000962081
0.000962081
0.000992079
0.000992079
0.00102264
0.00102264
0.00105376
0.00105376
0.00108545
0.00108545
0.00111772
0.00111772
0.00115057
0.00115057
0.00118401
0.00118401
0.00121804
0.00121804
0.00125267
0.00125267
0.0012879
0.0012879
0.00132375
0.00132375
0.0013602
0.0013602
0.00139728
0.00139728
0.00143498
0.00143498
0.00147332
0.00147332
0.00151229
0.00151229
0.0015519
0.0015519
0.00159216
0.00159216
0.00163307
0.00163307
0.00167463
0.00167463
0.00171686
0.00171686
0.00175976
0.00175976
0.00180332
0.00180332
0.00184756
0.00184756
0.00189248
0.00189248
0.00193808
0.00193808
0.00198436
0.00198436
0.00203134
0.00203134
0.00207902
0.00207902
0.00212739
0.00212739
0.00217646
0.00217646
0.00222624
0.00222624
0.00227672
0.00227672
0.00232792
0.00232792
0.00237982
0.00237982
0.00243244
0.00243244
0.00248577
0.00248577
0.00253982
0.00253982
0.00259459
0.00259459
0.00265008
0.00265008
0.00270628
0.00270628
0.0027632
0.0027632
0.00282084
0.00282084
0.00287919
0.00287919
0.00293827
0.00293827
0.00299805
0.00299805
0.00305854
0.00305854
0.00311975
0.00311975
0.00318166
0.00318166
0.00324426
0.00324426
0.00330757
0.00330757
0.00337157
0.00337157
0.00343625
0.00343625
0.00350161
0.00350161
0.00356765
0.00356765
0.00363434
0.00363434
0.0037017
0.0037017
0.0037697
0.0037697
0.00383834
0.00383834
0.0039076
0.0039076
0.00397748
0.00397748
0.00404795
0.00404795
0.00411902
0.00411902
0.00419066
0.00419066
0.00426285
0.00426285
0.00433559
0.00433559
0.00440884
0.00440884
0.0044826
0.0044826
0.00455685
0.00455685
0.00463155
0.00463155
0.0047067
0.0047067
0.00478226
0.00478226
0.0048582
0.0048582
0.00493452
0.00493452
0.00501116
0.00501116
0.00508811
0.00508811
0.00516533
0.00516533
0.00524279
0.00524279
0.00532046
0.00532046
0.00539829
0.00539829
0.00547626
0.00547626
0.00555431
0.00555431
0.0056324
0.0056324
0.0057105
0.0057105
0.00578855
0.00578855
0.00586651
0.00586651
0.00594432
0.00594432
0.00602194
0.00602194
0.0060993
0.0060993
0.00617634
0.00617634
0.00625301
0.00625301
0.00632924
0.00632924
0.00640497
0.00640497
0.00648012
0.00648012
0.00655462
0.00655462
0.0066284
0.0066284
0.00670138
0.00670138
0.00677348
0.00677348
0.00684461
0.00684461
0.00691468
0.00691468
0.00698361
0.00698361
0.00705129
0.00705129
0.00711764
0.00711764
0.00718254
0.00718254
0.00724589
0.00724589
0.00730759
0.00730759
0.00736751
0.00736751
0.00742555
0.00742555
0.00748159
0.00748159
0.0075355
0.0075355
0.00758717
0.00758717
0.00763645
0.00763645
0.00768323
0.00768323
0.00772736
0.00772736
0.00776873
0.00776873
0.0078072
0.0078072
0.00784263
0.00784263
0.00787491
0.00787491
0.00790389
0.00790389
0.00792947
0.00792947
0.00795154
0.00795154
0.00796998
0.00796998
0.00798473
0.00798473
0.00799569
0.00799569
0.00800284
0.00800284
0.00800614
0.00800614
0.00800562
0.00800562
0.00800133
0.00800133
0.00799336
0.00799336
0.00798189
0.00798189
0.00796713
0.00796713
0.0079494
0.0079494
0.00792907
0.00792907
0.00790664
0.00790664
0.00788267
0.00788267
0.00785787
0.00785787
0.00783299
0.00783299
0.00780893
0.00780893
0.00778661
0.00778661
0.00776701
0.00776701
0.0077511
0.0077511
0.00773979
0.00773979
0.00773383
0.00773383
0.00773383
0.00773383
0.00773979
0.00773979
0.0077511
0.0077511
0.00776701
0.00776701
0.00778661
0.00778661
0.00780893
0.00780893
0.00783299
0.00783299
0.00785787
0.00785787
0.00788267
0.00788267
0.00790664
0.00790664
0.00792907
0.00792907
0.0079494
0.0079494
0.00796713
0.00796713
0.00798189
0.00798189
0.00799336
0.00799336
0.00800133
0.00800133
0.00800562
0.00800562
0.00800614
0.00800614
0.00800284
0.00800284
0.00799569
0.00799569
0.00798472
0.00798472
0.00796998
0.00796998
0.00795154
0.00795154
0.00792947
0.00792947
0.00790389
0.00790389
0.0078749
0.0078749
0.00784263
0.00784263
0.0078072
0.0078072
0.00776873
0.00776873
0.00772736
0.00772736
0.00768322
0.00768322
0.00763645
0.00763645
0.00758716
0.00758716
0.0075355
0.0075355
0.00748159
0.00748159
0.00742555
0.00742555
0.00736751
0.00736751
0.00730759
0.00730759
0.00724589
0.00724589
0.00718254
0.00718254
0.00711764
0.00711764
0.00705129
0.00705129
0.00698361
0.00698361
0.00691468
0.00691468
0.00684461
0.00684461
0.00677348
0.00677348
0.00670138
0.00670138
0.0066284
0.0066284
0.00655462
0.00655462
0.00648012
0.00648012
0.00640496
0.00640496
0.00632924
0.00632924
0.00625301
0.00625301
0.00617634
0.00617634
0.00609929
0.00609929
0.00602194
0.00602194
0.00594432
0.00594432
0.00586651
0.00586651
0.00578855
0.00578855
0.0057105
0.0057105
0.0056324
0.0056324
0.00555431
0.00555431
0.00547625
0.00547625
0.00539829
0.00539829
0.00532046
0.00532046
0.00524279
0.00524279
0.00516533
0.00516533
0.00508811
0.00508811
0.00501116
0.00501116
0.00493451
0.00493451
0.0048582
0.0048582
0.00478226
0.00478226
0.0047067
0.0047067
0.00463155
0.00463155
0.00455685
0.00455685
0.0044826
0.0044826
0.00440884
0.00440884
0.00433558
0.00433558
0.00426285
0.00426285
0.00419066
0.00419066
0.00411902
0.00411902
0.00404795
0.00404795
0.00397748
0.00397748
0.0039076
0.0039076
0.00383834
0.00383834
0.0037697
0.0037697
0.0037017
0.0037017
0.00363434
0.00363434
0.00356765
0.00356765
0.00350161
0.00350161
0.00343625
0.00343625
0.00337157
0.00337157
0.00330757
0.00330757
0.00324426
0.00324426
0.00318166
0.00318166
0.00311975
0.00311975
0.00305854
0.00305854
0.00299805
0.00299805
0.00293827
0.00293827
0.00287919
0.00287919
0.00282084
0.00282084
0.0027632
0.0027632
0.00270628
0.00270628
0.00265008
0.00265008
0.00259459
0.00259459
0.00253982
0.00253982
0.00248577
0.00248577
0.00243244
0.00243244
0.00237982
0.00237982
0.00232792
0.00232792
0.00227672
0.00227672
0.00222624
0.00222624
0.00217646
0.00217646
0.00212739
0.00212739
0.00207902
0.00207902
0.00203134
0.00203134
0.00198436
0.00198436
0.00193808
0.00193808
0.00189248
0.00189248
0.00184756
0.00184756
0.00180332
0.00180332
0.00175976
0.00175976
0.00171686
0.00171686
0.00167463
0.00167463
0.00163307
0.00163307
0.00159216
0.00159216
0.0015519
0.0015519
0.00151229
0.00151229
0.00147332
0.00147332
0.00143498
0.00143498
0.00139728
0.00139728
0.0013602
0.0013602
0.00132375
0.00132375
0.0012879
0.0012879
0.00125267
0.00125267
0.00121804
0.00121804
0.00118401
0.00118401
0.00115057
0.00115057
0.00111772
0.00111772
0.00108545
0.00108545
0.00105376
0.00105376
0.00102264
0.00102264
0.000992079
0.000992079
0.000962082
0.000962082
0.000932638
0.000932638
0.000903742
0.000903742
0.00087539
0.00087539
0.000847575
0.000847575
0.000820292
0.000820292
0.000793536
0.000793536
0.000767301
0.000767301
0.000741583
0.000741583
0.000716375
0.000716375
0.000691674
0.000691674
0.000667474
0.000667474
0.00064377
0.00064377
0.000620557
0.000620557
0.00059783
0.00059783
0.000575585
0.000575585
0.000553818
0.000553818
0.000532523
0.000532523
0.000511696
0.000511696
0.000491334
0.000491334
0.000471432
0.000471432
0.000451985
0.000451985
0.000432992
0.000432992
0.000414447
0.000414447
0.000396347
0.000396347
0.000378689
0.000378689
0.000361469
0.000361469
0.000344686
0.000344686
0.000328335
0.000328335
0.000312415
0.000312415
0.000296922
0.000296922
0.000281855
0.000281855
0.000267212
0.000267212
0.000252991
0.000252991
0.000239189
0.000239189
0.000225807
0.000225807
0.000212843
0.000212843
0.000200295
0.000200295
0.000188163
0.000188163
0.000176446
0.000176446
0.000165144
0.000165144
0.000154257
0.000154257
0.000143784
0.000143784
0.000133725
0.000133725
0.00012408
0.00012408
0.000114848
0.000114848
0.000106029
0.000106029
9.7623e-05
9.7623e-05
8.9628e-05
8.9628e-05
8.20431e-05
8.20431e-05
7.48661e-05
7.48661e-05
6.80944e-05
6.80944e-05
6.17246e-05
6.17246e-05
5.57523e-05
5.57523e-05
5.0172e-05
5.0172e-05
4.49772e-05
4.49772e-05
4.01601e-05
4.01601e-05
3.57115e-05
3.57115e-05
3.16209e-05
3.16209e-05
2.78763e-05
2.78763e-05
2.44647e-05
2.44647e-05
2.13715e-05
2.13715e-05
1.85811e-05
1.85811e-05
1.60768e-05
1.60768e-05
1.38414e-05
1.38414e-05
1.18567e-05
1.18567e-05
1.01043e-05
1.01043e-05
8.56582e-06
8.56582e-06
7.22278e-06
7.22278e-06
6.05712e-06
6.05712e-06
5.05132e-06
5.05132e-06
4.18855e-06
4.18855e-06
3.45289e-06
3.45289e-06
2.82939e-06
2.82939e-06
2.30416e-06
2.30416e-06
1.86447e-06
1.86447e-06
1.49869e-06
1.49869e-06
1.19636e-06
1.19636e-06
9.48131e-07
9.48131e-07
7.45709e-07
7.45709e-07
5.81808e-07
5.81808e-07
4.50075e-07
4.50075e-07
3.45015e-07
3.45015e-07
2.61911e-07
2.61911e-07
1.96744e-07
1.96744e-07
1.46116e-07
1.46116e-07
1.07176e-07
1.07176e-07
7.75499e-08
7.75499e-08
5.52758e-08
5.52758e-08
3.87471e-08
3.87471e-08
2.66585e-08
2.66585e-08
1.79595e-08
1.79595e-08
1.18132e-08
1.18132e-08
7.56015e-09
7.56015e-09
4.6869e-09
4.6869e-09
2.79925e-09
2.79925e-09
1.5993e-09
1.5993e-09
8.66012e-10
8.66012e-10
4.38938e-10
4.38938e-10
2.04669e-10
2.04669e-10
8.56377e-11
8.56377e-11
3.09798e-11
3.09798e-11
9.14814e-12
9.14814e-12
2.03111e-12
2.03111e-12
3.47113e-13
3.47113e-13
1.27207e-13
1.27207e-13
1.37248e-13
1.37248e-13
0.00773383
0.00773383
0.00773979
0.00773979
0.0077511
0.0077511
0.00776701
0.00776701
0.00778661
0.00778661
0.00780893
0.00780893
0.00783299
0.00783299
0.00785787
0.00785787
0.00788267
0.00788267
0.00790664
0.00790664
0.00792907
0.00792907
0.0079494
0.0079494
0.00796713
0.00796713
0.00798189
0.00798189
0.00799336
0.00799336
0.00800133
0.00800133
0.00800562
0.00800562
0.00800614
0.00800614
0.00800284
0.00800284
0.00799569
0.00799569
0.00798472
0.00798472
0.00796998
0.00796998
0.00795154
0.00795154
0.00792947
0.00792947
0.00790389
0.00790389
0.0078749
0.0078749
0.00784263
0.00784263
0.0078072
0.0078072
0.00776873
0.00776873
0.00772736
0.00772736
0.00768322
0.00768322
0.00763645
0.00763645
0.00758716
0.00758716
0.0075355
0.0075355
0.00748159
0.00748159
0.00742555
0.00742555
0.00736751
0.00736751
0.00730759
0.00730759
0.00724589
0.00724589
0.00718254
0.00718254
0.00711764
0.00711764
0.00705129
0.00705129
0.00698361
0.00698361
0.00691468
0.00691468
0.00684461
0.00684461
0.00677348
0.00677348
0.00670138
0.00670138
0.0066284
0.0066284
0.00655462
0.00655462
0.00648012
0.00648012
0.00640496
0.00640496
0.00632924
0.00632924
0.00625301
0.00625301
0.00617634
0.00617634
0.00609929
0.00609929
0.00602194
0.00602194
0.00594432
0.00594432
0.00586651
0.00586651
0.00578855
0.00578855
0.0057105
0.0057105
0.0056324
0.0056324
0.00555431
0.00555431
0.00547625
0.00547625
0.00539829
0.00539829
0.00532046
0.00532046
0.00524279
0.00524279
0.00516533
0.00516533
0.00508811
0.00508811
0.00501116
0.00501116
0.00493451
0.00493451
0.0048582
0.0048582
0.00478226
0.00478226
0.0047067
0.0047067
0.00463155
0.00463155
0.00455685
0.00455685
0.0044826
0.0044826
0.00440884
0.00440884
0.00433558
0.00433558
0.00426285
0.00426285
0.00419066
0.00419066
0.00411902
0.00411902
0.00404795
0.00404795
0.00397748
0.00397748
0.0039076
0.0039076
0.00383834
0.00383834
0.0037697
0.0037697
0.0037017
0.0037017
0.00363434
0.00363434
0.00356765
0.00356765
0.00350161
0.00350161
0.00343625
0.00343625
0.00337157
0.00337157
0.00330757
0.00330757
0.00324426
0.00324426
0.00318166
0.00318166
0.00311975
0.00311975
0.00305854
0.00305854
0.00299805
0.00299805
0.00293827
0.00293827
0.00287919
0.00287919
0.00282084
0.00282084
0.0027632
0.0027632
0.00270628
0.00270628
0.00265008
0.00265008
0.00259459
0.00259459
0.00253982
0.00253982
0.00248577
0.00248577
0.00243244
0.00243244
0.00237982
0.00237982
0.00232792
0.00232792
0.00227672
0.00227672
0.00222624
0.00222624
0.00217646
0.00217646
0.00212739
0.00212739
0.00207902
0.00207902
0.00203134
0.00203134
0.00198436
0.00198436
0.00193808
0.00193808
0.00189248
0.00189248
0.00184756
0.00184756
0.00180332
0.00180332
0.00175976
0.00175976
0.00171686
0.00171686
0.00167463
0.00167463
0.00163307
0.00163307
0.00159216
0.00159216
0.0015519
0.0015519
0.00151229
0.00151229
0.00147332
0.00147332
0.00143498
0.00143498
0.00139728
0.00139728
0.0013602
0.0013602
0.00132375
0.00132375
0.0012879
0.0012879
0.00125267
0.00125267
0.00121804
0.00121804
0.00118401
0.00118401
0.00115057
0.00115057
0.00111772
0.00111772
0.00108545
0.00108545
0.00105376
0.00105376
0.00102264
0.00102264
0.000992079
0.000992079
0.000962082
0.000962082
0.000932638
0.000932638
0.000903742
0.000903742
0.00087539
0.00087539
0.000847575
0.000847575
0.000820292
0.000820292
0.000793536
0.000793536
0.000767301
0.000767301
0.000741583
0.000741583
0.000716375
0.000716375
0.000691674
0.000691674
0.000667474
0.000667474
0.00064377
0.00064377
0.000620557
0.000620557
0.00059783
0.00059783
0.000575585
0.000575585
0.000553818
0.000553818
0.000532523
0.000532523
0.000511696
0.000511696
0.000491334
0.000491334
0.000471432
0.000471432
0.000451985
0.000451985
0.000432992
0.000432992
0.000414447
0.000414447
0.000396347
0.000396347
0.000378689
0.000378689
0.000361469
0.000361469
0.000344686
0.000344686
0.000328335
0.000328335
0.000312415
0.000312415
0.000296922
0.000296922
0.000281855
0.000281855
0.000267212
0.000267212
0.000252991
0.000252991
0.000239189
0.000239189
0.000225807
0.000225807
0.000212843
0.000212843
0.000200295
0.000200295
0.000188163
0.000188163
0.000176446
0.000176446
0.000165144
0.000165144
0.000154257
0.000154257
0.000143784
0.000143784
0.000133725
0.000133725
0.00012408
0.00012408
0.000114848
0.000114848
0.000106029
0.000106029
9.7623e-05
9.7623e-05
8.9628e-05
8.9628e-05
8.20431e-05
8.20431e-05
7.48661e-05
7.48661e-05
6.80944e-05
6.80944e-05
6.17246e-05
6.17246e-05
5.57523e-05
5.57523e-05
5.0172e-05
5.0172e-05
4.49772e-05
4.49772e-05
4.01601e-05
4.01601e-05
3.57115e-05
3.57115e-05
3.16209e-05
3.16209e-05
2.78763e-05
2.78763e-05
2.44647e-05
2.44647e-05
2.13715e-05
2.13715e-05
1.85811e-05
1.85811e-05
1.60768e-05
1.60768e-05
1.38414e-05
1.38414e-05
1.18567e-05
1.18567e-05
1.01043e-05
1.01043e-05
8.56582e-06
8.56582e-06
7.22278e-06
7.22278e-06
6.05712e-06
6.05712e-06
5.05132e-06
5.05132e-06
4.18855e-06
4.18855e-06
3.45289e-06
3.45289e-06
2.82939e-06
2.82939e-06
2.30416e-06
2.30416e-06
1.86447e-06
1.86447e-06
1.49869e-06
1.49869e-06
1.19636e-06
1.19636e-06
9.48131e-07
9.48131e-07
7.45709e-07
7.45709e-07
5.81808e-07
5.81808e-07
4.50075e-07
4.50075e-07
3.45015e-07
3.45015e-07
2.61911e-07
2.61911e-07
1.96744e-07
1.96744e-07
1.46116e-07
1.46116e-07
1.07176e-07
1.07176e-07
7.75499e-08
7.75499e-08
5.52758e-08
5.52758e-08
3.87471e-08
3.87471e-08
2.66585e-08
2.66585e-08
1.79595e-08
1.79595e-08
1.18132e-08
1.18132e-08
7.56015e-09
7.56015e-09
4.6869e-09
4.6869e-09
2.79925e-09
2.79925e-09
1.5993e-09
1.5993e-09
8.66012e-10
8.66012e-10
4.38938e-10
4.38938e-10
2.04669e-10
2.04669e-10
8.56377e-11
8.56377e-11
3.09798e-11
3.09798e-11
9.14814e-12
9.14814e-12
2.03111e-12
2.03111e-12
3.47113e-13
3.47113e-13
1.27207e-13
1.27207e-13
1.37248e-13
1.37248e-13
)
;

boundaryField
{
    walls
    {
        type            alphatJayatillekeWallFunction;
        Prt             0.85;
        kappa           0.41;
        E               9.8;
        value           uniform 0;
    }
    inlet
    {
        type            cyclic;
    }
    outlet
    {
        type            cyclic;
    }
    sides
    {
        type            empty;
    }
}


// ************************************************************************* //
