/*--------------------------------*- C++ -*----------------------------------*\
| =========                 |                                                 |
| \\      /  F ield         | OpenFOAM: The Open Source CFD Toolbox           |
|  \\    /   O peration     | Version:  2106                                  |
|   \\  /    A nd           | Website:  www.openfoam.com                      |
|    \\/     M anipulation  |                                                 |
\*---------------------------------------------------------------------------*/
FoamFile
{
    version     2.0;
    format      ascii;
    arch        "LSB;label=32;scalar=64";
    class       volVectorField;
    location    "10010";
    object      grad(T);
}
// * * * * * * * * * * * * * * * * * * * * * * * * * * * * * * * * * * * * * //

dimensions      [0 -1 0 1 0 0 0];

internalField   nonuniform List<vector> 
2000
(
(0 281.192 0.520385)
(0 281.192 0.520385)
(2.24656e-16 281.192 1.57087)
(-2.24656e-16 281.192 1.57087)
(-6.39532e-17 281.192 2.18013)
(0 281.192 2.18013)
(-2.09583e-16 281.191 2.22082)
(8.38333e-16 281.191 2.22082)
(0 281.19 2.26226)
(0 281.19 2.26226)
(8.34543e-16 281.189 2.30448)
(-2.87074e-15 281.189 2.30448)
(0 281.187 2.34748)
(2.65195e-15 281.187 2.34748)
(0 281.185 2.39128)
(6.55838e-15 281.185 2.39128)
(-9.79534e-16 281.182 2.43589)
(0 281.182 2.43589)
(1.55007e-15 281.179 2.48133)
(0 281.179 2.48133)
(4.56499e-15 281.175 2.52761)
(0 281.175 2.52761)
(1.47685e-15 281.17 2.57474)
(5.90742e-15 281.17 2.57474)
(0 281.163 2.62273)
(0 281.163 2.62273)
(-1.82406e-15 281.155 2.6716)
(0 281.155 2.6716)
(-4.82884e-15 281.144 2.72136)
(0 281.144 2.72136)
(4.95886e-15 281.131 2.772)
(-5.96283e-15 281.131 2.772)
(0 281.113 2.82354)
(0 281.113 2.82354)
(5.11635e-15 281.09 2.87598)
(1.29065e-14 281.09 2.87598)
(-2.75034e-15 281.06 2.92932)
(-5.24954e-15 281.06 2.92932)
(2.94607e-15 281.021 2.98354)
(1.17843e-14 281.021 2.98354)
(-3.14545e-15 280.972 3.03864)
(2.51636e-14 280.972 3.03864)
(0 280.909 3.09458)
(1.33941e-14 280.909 3.09458)
(0 280.83 3.15135)
(1.42216e-14 280.83 3.15135)
(0 280.729 3.2089)
(1.02784e-14 280.729 3.2089)
(-3.98065e-15 280.603 3.26717)
(0 280.603 3.26717)
(0 280.447 3.32609)
(1.67967e-14 280.447 3.32609)
(1.05848e-16 280.253 3.38559)
(0 280.253 3.38559)
(-4.64831e-15 280.014 3.44554)
(0 280.014 3.44554)
(4.36315e-15 279.721 3.50584)
(-4.36315e-15 279.721 3.50584)
(-1.36803e-14 279.366 3.56631)
(-2.04556e-14 279.366 3.56631)
(5.35297e-15 278.937 3.62678)
(1.30025e-14 278.937 3.62678)
(0 278.423 3.68705)
(-8.25531e-15 278.423 3.68705)
(2.26023e-15 277.809 3.74688)
(-8.10403e-15 277.809 3.74688)
(-1.40511e-14 277.083 3.80599)
(7.95553e-15 277.083 3.80599)
(0 276.228 3.8641)
(2.54065e-14 276.228 3.8641)
(0 275.228 3.92088)
(0 275.228 3.92088)
(1.44024e-14 274.068 3.97597)
(1.9979e-14 274.068 3.97597)
(-2.19213e-14 272.731 4.029)
(4.33557e-14 272.731 4.029)
(-2.19231e-14 271.199 4.07959)
(0 271.199 4.07959)
(7.11994e-15 269.459 4.12733)
(2.36553e-14 269.459 4.12733)
(-1.59481e-14 267.495 4.17182)
(3.18961e-14 267.495 4.17182)
(0 265.296 4.21269)
(0 265.296 4.21269)
(0 262.85 4.24956)
(0 262.85 4.24956)
(-8.83539e-15 260.151 4.2821)
(-3.53416e-14 260.151 4.2821)
(9.12865e-15 257.195 4.31002)
(2.35325e-14 257.195 4.31002)
(9.42452e-15 253.981 4.33307)
(-3.76981e-14 253.981 4.33307)
(-9.72269e-15 250.513 4.35108)
(3.88907e-14 250.513 4.35108)
(0 246.798 4.36393)
(8.01826e-14 246.798 4.36393)
(1.03246e-14 242.846 4.37155)
(4.12983e-14 242.846 4.37155)
(-1.06276e-14 238.671 4.37398)
(-5.43457e-14 238.671 4.37398)
(0 234.292 4.3713)
(0 234.292 4.3713)
(-2.26415e-14 229.728 4.36365)
(-1.14057e-14 229.728 4.36365)
(0 225.002 4.35124)
(2.23933e-14 225.002 4.35124)
(2.1983e-14 220.137 4.33432)
(-6.93615e-14 220.137 4.33432)
(2.29384e-14 215.157 4.31318)
(-2.15801e-14 215.157 4.31318)
(-1.24511e-14 210.087 4.28813)
(0 210.087 4.28813)
(-2.55052e-14 204.951 4.25953)
(7.18069e-14 204.951 4.25953)
(-1.30526e-14 199.775 4.22773)
(0 199.775 4.22773)
(-2.67015e-14 194.579 4.19307)
(-5.34029e-14 194.579 4.19307)
(1.36468e-14 189.385 4.15593)
(-5.45874e-14 189.385 4.15593)
(0 184.213 4.11664)
(-1.93135e-14 184.213 4.11664)
(-4.74237e-14 179.081 4.07553)
(1.13856e-13 179.081 4.07553)
(4.09146e-15 174.003 4.03293)
(3.94707e-14 174.003 4.03293)
(0 168.994 3.98912)
(0 168.994 3.98912)
(-1.50897e-14 164.067 3.94438)
(6.03586e-14 164.067 3.94438)
(0 159.23 3.89896)
(-1.76076e-14 159.23 3.89896)
(-1.56466e-14 154.493 3.85308)
(0 154.493 3.85308)
(0 149.862 3.80694)
(0 149.862 3.80694)
(0 145.342 3.76074)
(6.47636e-14 145.342 3.76074)
(1.63521e-14 140.938 3.71462)
(-1.63521e-14 140.938 3.71462)
(-1.67224e-14 136.653 3.66873)
(6.68895e-14 136.653 3.66873)
(-1.57583e-14 132.487 3.62319)
(8.36914e-14 132.487 3.62319)
(-1.72409e-14 128.443 3.5781)
(-6.89638e-14 128.443 3.5781)
(0 124.52 3.53356)
(-6.99816e-14 124.52 3.53356)
(-3.54934e-14 120.718 3.48964)
(7.09868e-14 120.718 3.48964)
(-3.59897e-14 117.035 3.4464)
(0 117.035 3.4464)
(0 113.47 3.4039)
(7.29595e-14 113.47 3.4039)
(-1.84819e-14 110.021 3.36218)
(-7.39274e-14 110.021 3.36218)
(1.87208e-14 106.686 3.32126)
(0 106.686 3.32126)
(-8.22514e-15 103.462 3.28118)
(-4.86454e-14 103.462 3.28118)
(-3.83799e-14 100.346 3.24196)
(0 100.346 3.24196)
(0 97.3353 3.20359)
(0 97.3353 3.20359)
(1.96478e-14 94.4271 3.1661)
(-1.82897e-13 94.4271 3.1661)
(1.98725e-14 91.6183 3.12949)
(0 91.6183 3.12949)
(0 88.9056 3.09374)
(8.03785e-14 88.9056 3.09374)
(2.03141e-14 86.286 3.05887)
(8.12566e-14 86.286 3.05887)
(6.70018e-15 83.7564 3.02486)
(0 83.7564 3.02486)
(-1.80476e-14 81.3137 2.9917)
(8.29825e-14 81.3137 2.9917)
(2.09577e-14 78.9549 2.95938)
(1.67662e-13 78.9549 2.95938)
(-2.11674e-14 76.677 2.92789)
(0 76.677 2.92789)
(-4.27497e-14 74.477 2.89721)
(8.54993e-14 74.477 2.89721)
(-2.158e-14 72.3521 2.86733)
(8.632e-14 72.3521 2.86733)
(0 70.2996 2.83824)
(-2.13729e-14 70.2996 2.83824)
(2.19839e-14 68.3167 2.80991)
(8.79355e-14 68.3167 2.80991)
(2.21827e-14 66.4009 2.78232)
(8.87307e-14 66.4009 2.78232)
(-2.23795e-14 64.5495 2.75547)
(8.95179e-14 64.5495 2.75547)
(-1.71234e-14 62.7603 2.72933)
(3.96977e-14 62.7603 2.72933)
(-2.27672e-14 61.0308 2.70389)
(5.20986e-14 61.0308 2.70389)
(2.29583e-14 59.3587 2.67912)
(0 59.3587 2.67912)
(-2.31475e-14 57.7419 2.65502)
(9.25901e-14 57.7419 2.65502)
(2.3335e-14 56.1783 2.63156)
(5.64731e-14 56.1783 2.63156)
(3.61913e-14 54.6658 2.60872)
(5.78918e-14 54.6658 2.60872)
(0 53.2025 2.58649)
(-1.30348e-13 53.2025 2.58649)
(3.48771e-14 51.7865 2.56485)
(6.06723e-14 51.7865 2.56485)
(-2.40683e-14 50.4161 2.54379)
(0 50.4161 2.54379)
(-2.42476e-14 49.0895 2.52328)
(9.69904e-14 49.0895 2.52328)
(0 47.805 2.50332)
(0 47.805 2.50332)
(0 46.5612 2.48388)
(-3.23901e-14 46.5612 2.48388)
(2.47768e-14 45.3564 2.46496)
(9.91074e-14 45.3564 2.46496)
(-6.26341e-15 44.1892 2.44654)
(6.85879e-14 44.1892 2.44654)
(0 43.0582 2.42859)
(1.00491e-13 43.0582 2.42859)
(-5.05873e-14 41.9621 2.41112)
(1.01175e-13 41.9621 2.41112)
(-4.06585e-15 40.8996 2.3941)
(1.31382e-13 40.8996 2.3941)
(0 39.8694 2.37753)
(-1.02527e-13 39.8694 2.37753)
(0 38.8704 2.36139)
(0 38.8704 2.36139)
(-5.193e-14 37.9015 2.34566)
(0 37.9015 2.34566)
(1.29361e-15 36.9615 2.33034)
(-2.74235e-14 36.9615 2.33034)
(-2.69209e-14 36.0494 2.31541)
(-1.05175e-13 36.0494 2.31541)
(5.29126e-14 35.1643 2.30086)
(-5.28553e-14 35.1643 2.30086)
(5.32359e-14 34.3051 2.28669)
(5.45851e-14 34.3051 2.28669)
(-2.67785e-14 33.471 2.27287)
(1.07114e-13 33.471 2.27287)
(5.38762e-14 32.661 2.2594)
(-2.50013e-14 32.661 2.2594)
(2.70967e-14 31.8744 2.24628)
(1.08387e-13 31.8744 2.24628)
(-2.72544e-14 31.1102 2.23348)
(0 31.1102 2.23348)
(-2.36519e-14 30.3678 2.221)
(2.19289e-13 30.3678 2.221)
(-2.75669e-14 29.6464 2.20883)
(0 29.6464 2.20883)
(-2.2793e-14 28.9452 2.19697)
(2.21774e-13 28.9452 2.19697)
(-2.78758e-14 28.2636 2.1854)
(0 28.2636 2.1854)
(4.39306e-14 27.601 2.17411)
(1.12116e-13 27.601 2.17411)
(2.81814e-14 26.9566 2.16309)
(2.25451e-13 26.9566 2.16309)
(-2.8333e-14 26.3298 2.15235)
(1.13332e-13 26.3298 2.15235)
(2.84838e-14 25.7202 2.14187)
(7.23758e-14 25.7202 2.14187)
(-5.72677e-14 25.1271 2.13163)
(1.14535e-13 25.1271 2.13163)
(-4.00503e-14 24.5499 2.12165)
(2.30265e-13 24.5499 2.12165)
(0 23.9882 2.1119)
(1.15727e-13 23.9882 2.1119)
(9.51638e-15 23.4414 2.10238)
(-3.8596e-14 23.4414 2.10238)
(2.92268e-14 22.9091 2.09308)
(0 22.9091 2.09308)
(0 22.3908 2.08401)
(-3.71944e-14 22.3908 2.08401)
(-2.95191e-14 21.8861 2.07514)
(0 21.8861 2.07514)
(6.17946e-15 21.3945 2.06647)
(-1.54501e-13 21.3945 2.06647)
(-6.49958e-14 20.9155 2.05801)
(2.38471e-13 20.9155 2.05801)
(0 20.4489 2.04973)
(1.19811e-13 20.4489 2.04973)
(-3.00962e-14 19.9942 2.04164)
(8.64755e-14 19.9942 2.04164)
(0 19.5511 2.03374)
(1.20956e-13 19.5511 2.03374)
(-6.30589e-14 19.1191 2.026)
(1.21524e-13 19.1191 2.026)
(0 18.698 2.01843)
(1.22091e-13 18.698 2.01843)
(-3.06638e-14 18.2874 2.01103)
(0 18.2874 2.01103)
(-3.08044e-14 17.887 2.00378)
(0 17.887 2.00378)
(-6.1292e-14 17.4965 1.99668)
(0 17.4965 1.99668)
(3.10839e-14 17.1156 1.98973)
(-1.83919e-13 17.1156 1.98973)
(0 16.7439 1.98292)
(-2.92456e-14 16.7439 1.98292)
(0 16.3813 1.97625)
(0 16.3813 1.97625)
(5.9683e-14 16.0274 1.9697)
(0 16.0274 1.9697)
(-8.69713e-14 15.682 1.96329)
(1.26548e-13 15.682 1.96329)
(-5.89343e-14 15.3449 1.95699)
(1.54257e-13 15.3449 1.95699)
(-3.19108e-14 15.0158 1.95081)
(0 15.0158 1.95081)
(0 14.6944 1.94473)
(1.28188e-13 14.6944 1.94473)
(1.92056e-14 14.3805 1.93877)
(-1.8012e-13 14.3805 1.93877)
(3.23181e-14 14.074 1.9329)
(1.29273e-13 14.074 1.9329)
(3.24531e-14 13.7745 1.92713)
(1.79335e-13 13.7745 1.92713)
(3.25876e-14 13.482 1.92145)
(0 13.482 1.92145)
(0 13.1962 1.91585)
(1.30887e-13 13.1962 1.91585)
(-7.97048e-14 12.9168 1.91033)
(4.68495e-14 12.9168 1.91033)
(0 12.6438 1.90489)
(1.31955e-13 12.6438 1.90489)
(-3.31216e-14 12.377 1.89952)
(-4.51482e-14 12.377 1.89952)
(0 12.1161 1.89422)
(4.43209e-14 12.1161 1.89422)
(4.35087e-14 11.861 1.88898)
(1.33545e-13 11.861 1.88898)
(0 11.6115 1.88379)
(1.34072e-13 11.6115 1.88379)
(-3.36495e-14 11.3675 1.87865)
(0 11.3675 1.87865)
(-3.37806e-14 11.1289 1.87355)
(0 11.1289 1.87355)
(-7.43175e-14 10.8954 1.86849)
(4.04062e-14 10.8954 1.86849)
(2.84176e-14 10.6669 1.86347)
(9.65009e-14 10.6669 1.86347)
(-6.35761e-14 10.4433 1.85847)
(1.36687e-13 10.4433 1.85847)
(-3.82253e-14 10.2245 1.8535)
(1.37205e-13 10.2245 1.8535)
(3.09425e-15 10.0103 1.84854)
(-3.75249e-14 10.0103 1.84854)
(-7.13968e-14 9.80055 1.8436)
(0 9.80055 1.8436)
(0 9.59519 1.83866)
(0 9.59519 1.83866)
(0 9.39408 1.83371)
(1.39266e-13 9.39408 1.83371)
(-9.53508e-17 9.19708 1.82876)
(-1.74626e-13 9.19708 1.82876)
(0 9.0041 1.82379)
(0 9.0041 1.82379)
(-1.02366e-13 8.81501 1.81881)
(-2.81594e-13 8.81501 1.81881)
(-6.82942e-14 8.62971 1.81379)
(0 8.62971 1.81379)
(0 8.44809 1.80874)
(0 8.44809 1.80874)
(0 8.27005 1.80364)
(1.42315e-13 8.27005 1.80364)
(-7.14095e-14 8.09549 1.79849)
(2.85638e-13 8.09549 1.79849)
(0 7.9243 1.79329)
(1.43321e-13 7.9243 1.79329)
(-3.59554e-14 7.7564 1.78801)
(-3.00562e-14 7.7564 1.78801)
(0 7.59168 1.78266)
(-1.44321e-13 7.59168 1.78266)
(-3.62047e-14 7.43006 1.77723)
(0 7.43006 1.77723)
(-5.68679e-14 7.27145 1.7717)
(2.02183e-13 7.27145 1.7717)
(0 7.11576 1.76607)
(1.4581e-13 7.11576 1.76607)
(3.65758e-14 6.9629 1.76033)
(2.92607e-13 6.9629 1.76033)
(3.66988e-14 6.8128 1.75446)
(1.46795e-13 6.8128 1.75446)
(0 6.66536 1.74845)
(1.47285e-13 6.66536 1.74845)
(3.69435e-14 6.52051 1.7423)
(1.47774e-13 6.52051 1.7423)
(-3.70653e-14 6.37817 1.73598)
(2.96522e-13 6.37817 1.73598)
(-3.71867e-14 6.23825 1.7295)
(-1.48747e-13 6.23825 1.7295)
(0 6.1007 1.72283)
(0 6.1007 1.72283)
(-3.74281e-14 5.96542 1.71596)
(0 5.96542 1.71596)
(-7.50963e-14 5.83234 1.70887)
(0 5.83234 1.70887)
(-8.40673e-14 5.70139 1.70156)
(1.97071e-13 5.70139 1.70156)
(0 5.5725 1.69399)
(-4.55493e-14 5.5725 1.69399)
(-3.79055e-14 5.4456 1.68617)
(0 5.4456 1.68617)
(-4.38952e-14 5.32061 1.67806)
(0 5.32061 1.67806)
(3.81412e-14 5.19747 1.66964)
(3.0513e-13 5.19747 1.66964)
(7.65166e-14 5.0761 1.66091)
(-1.53033e-13 5.0761 1.66091)
(7.67496e-14 4.95643 1.65183)
(0 4.95643 1.65183)
(7.69815e-14 4.83839 1.64238)
(3.07926e-13 4.83839 1.64238)
(3.86061e-14 4.72192 1.63254)
(1.14406e-13 4.72192 1.63254)
(3.87208e-14 4.60694 1.62227)
(1.54883e-13 4.60694 1.62227)
(-3.88348e-14 4.49338 1.61156)
(1.55339e-13 4.49338 1.61156)
(-3.89482e-14 4.38117 1.60037)
(0 4.38117 1.60037)
(3.71645e-14 4.27024 1.58867)
(1.56243e-13 4.27024 1.58867)
(-7.83456e-14 4.16051 1.57642)
(1.56691e-13 4.16051 1.57642)
(-3.9284e-14 4.05191 1.56359)
(0 4.05191 1.56359)
(0 3.94437 1.55013)
(3.15155e-13 3.94437 1.55013)
(0 3.83781 1.53601)
(0 3.83781 1.53601)
(3.96125e-14 3.73214 1.52117)
(-1.5845e-13 3.73214 1.52117)
(3.97202e-14 3.62728 1.50557)
(0 3.62728 1.50557)
(-1.43509e-14 3.52316 1.48915)
(0 3.52316 1.48915)
(1.5759e-14 3.41968 1.47186)
(0 3.41968 1.47186)
(0 3.31674 1.45363)
(1.60149e-13 3.31674 1.45363)
(0 3.21426 1.43438)
(2.22342e-13 3.21426 1.43438)
(4.02432e-14 3.11214 1.41405)
(1.60973e-13 3.11214 1.41405)
(0 3.01026 1.39255)
(-1.61377e-13 3.01026 1.39255)
(-4.04441e-14 2.90851 1.36979)
(0 2.90851 1.36979)
(-4.05425e-14 2.80678 1.34568)
(1.6217e-13 2.80678 1.34568)
(0 2.70494 1.3201)
(1.62558e-13 2.70494 1.3201)
(1.45549e-14 2.60286 1.29294)
(-1.62939e-13 2.60286 1.29294)
(4.08285e-14 2.50039 1.26406)
(3.26628e-13 2.50039 1.26406)
(0 2.39738 1.23334)
(1.104e-13 2.39738 1.23334)
(-4.10106e-14 2.29367 1.2006)
(0 2.29367 1.2006)
(4.10988e-14 2.18908 1.16569)
(1.64395e-13 2.18908 1.16569)
(9.22128e-15 2.08343 1.12841)
(1.64739e-13 2.08343 1.12841)
(-4.12687e-14 1.97652 1.08855)
(1.65075e-13 1.97652 1.08855)
(4.85757e-14 1.86813 1.04591)
(0 1.86813 1.04591)
(4.14291e-14 1.75805 1.00023)
(0 1.75805 1.00023)
(-8.30105e-14 1.64604 0.951259)
(1.66021e-13 1.64604 0.951259)
(0 1.53187 0.898718)
(0 1.53187 0.898718)
(0 1.41529 0.842311)
(0 1.41529 0.842311)
(4.17156e-14 1.29606 0.781731)
(1.66862e-13 1.29606 0.781731)
(-4.17789e-14 1.17394 0.716661)
(1.67115e-13 1.17394 0.716661)
(-4.18383e-14 1.04871 0.646781)
(-4.2677e-14 1.04871 0.646781)
(0 0.920186 0.571778)
(-4.1895e-14 0.920186 0.571778)
(0 0.788208 0.491354)
(-1.67778e-13 0.788208 0.491354)
(-4.19905e-14 0.652677 0.405238)
(0 0.652677 0.405238)
(-4.20314e-14 0.513556 0.313198)
(2.07759e-13 0.513556 0.313198)
(0 0.370884 0.215052)
(1.68267e-13 0.370884 0.215052)
(-4.20961e-14 0.224781 0.110675)
(0 0.224781 0.110675)
(-7.96138e-14 1.69399e-06 6.2699e-07)
(3.37066e-13 1.09234e-06 4.04305e-07)
(0 281.192 -0.520385)
(0 281.192 -0.520385)
(-2.24656e-16 281.192 -1.57087)
(0 281.192 -1.57087)
(-1.27906e-16 281.192 -2.18013)
(0 281.192 -2.18013)
(2.09583e-16 281.191 -2.22082)
(-8.6599e-16 281.191 -2.22082)
(-7.15863e-16 281.19 -2.26226)
(0 281.19 -2.26226)
(1.34359e-15 281.189 -2.30448)
(-8.34543e-16 281.189 -2.30448)
(0 281.187 -2.34748)
(-8.1925e-16 281.187 -2.34748)
(1.63959e-15 281.185 -2.39128)
(0 281.185 -2.39128)
(-2.55854e-15 281.182 -2.43589)
(5.49714e-15 281.182 -2.43589)
(1.14225e-15 281.179 -2.48133)
(-7.66914e-15 281.179 -2.48133)
(1.09435e-15 281.175 -2.52761)
(-5.23203e-15 281.175 -2.52761)
(1.47685e-15 281.17 -2.57474)
(0 281.17 -2.57474)
(-1.64885e-15 281.163 -2.62273)
(-6.59541e-15 281.163 -2.62273)
(2.87907e-15 281.155 -2.6716)
(-1.01753e-14 281.155 -2.6716)
(2.00253e-15 281.144 -2.72136)
(-8.01014e-15 281.144 -2.72136)
(0 281.131 -2.772)
(-2.77452e-15 281.131 -2.772)
(5.09321e-15 281.113 -2.82354)
(-1.22018e-14 281.113 -2.82354)
(-2.78935e-15 281.09 -2.87598)
(1.55802e-14 281.09 -2.87598)
(2.75034e-15 281.06 -2.92932)
(0 281.06 -2.92932)
(5.89215e-15 281.021 -2.98354)
(0 281.021 -2.98354)
(3.14545e-15 280.972 -3.03864)
(7.5229e-15 280.972 -3.03864)
(3.34854e-15 280.909 -3.09458)
(8.42794e-15 280.909 -3.09458)
(-3.55539e-15 280.83 -3.15135)
(0 280.83 -3.15135)
(7.53214e-15 280.729 -3.2089)
(0 280.729 -3.2089)
(3.98065e-15 280.603 -3.26717)
(0 280.603 -3.26717)
(4.61207e-15 280.447 -3.32609)
(0 280.447 -3.32609)
(-4.52756e-15 280.253 -3.38559)
(-4.52756e-15 280.253 -3.38559)
(9.29662e-15 280.014 -3.44554)
(0 280.014 -3.44554)
(4.87903e-15 279.721 -3.50584)
(1.95161e-14 279.721 -3.50584)
(1.02278e-14 279.366 -3.56631)
(0 279.366 -3.56631)
(1.37624e-14 278.937 -3.62678)
(-8.40941e-15 278.937 -3.62678)
(5.59627e-15 278.423 -3.68705)
(-8.25531e-15 278.423 -3.68705)
(1.39478e-14 277.809 -3.74688)
(-2.33752e-14 277.809 -3.74688)
(0 277.083 -3.80599)
(-3.23379e-14 277.083 -3.80599)
(7.80975e-15 276.228 -3.8641)
(0 276.228 -3.8641)
(6.61187e-15 275.228 -3.92088)
(-2.64475e-14 275.228 -3.92088)
(-1.29972e-15 274.068 -3.97597)
(0 274.068 -3.97597)
(-7.14482e-15 272.731 -4.029)
(-2.85793e-14 272.731 -4.029)
(7.08833e-15 271.199 -4.07959)
(-7.38446e-14 271.199 -4.07959)
(-7.69382e-15 269.459 -4.12733)
(-7.11994e-15 269.459 -4.12733)
(-7.97403e-15 267.495 -4.17182)
(0 267.495 -4.17182)
(-8.25784e-15 265.296 -4.21269)
(-6.60627e-14 265.296 -4.21269)
(1.70901e-14 262.85 -4.24956)
(0 262.85 -4.24956)
(8.83539e-15 260.151 -4.2821)
(-3.53416e-14 260.151 -4.2821)
(1.82573e-14 257.195 -4.31002)
(3.65146e-14 257.195 -4.31002)
(2.21687e-14 253.981 -4.33307)
(-5.04423e-14 253.981 -4.33307)
(-1.94454e-14 250.513 -4.35108)
(-3.88907e-14 250.513 -4.35108)
(2.00456e-14 246.798 -4.36393)
(4.00913e-14 246.798 -4.36393)
(1.20564e-14 242.846 -4.37155)
(0 242.846 -4.37155)
(-1.06276e-14 238.671 -4.37398)
(-1.08691e-13 238.671 -4.37398)
(1.09314e-14 234.292 -4.3713)
(-4.37258e-14 234.292 -4.3713)
(1.12358e-14 229.728 -4.36365)
(0 229.728 -4.36365)
(0 225.002 -4.35124)
(-9.23227e-14 225.002 -4.35124)
(1.18446e-14 220.137 -4.33432)
(0 220.137 -4.33432)
(2.42966e-14 215.157 -4.31318)
(0 215.157 -4.31318)
(0 210.087 -4.28813)
(-6.03966e-14 210.087 -4.28813)
(1.27526e-14 204.951 -4.25953)
(0 204.951 -4.25953)
(1.30526e-14 199.775 -4.22773)
(-7.26257e-14 199.775 -4.22773)
(0 194.579 -4.19307)
(-5.34029e-14 194.579 -4.19307)
(0 189.385 -4.15593)
(-5.45874e-14 189.385 -4.15593)
(1.39407e-14 184.213 -4.11664)
(0 184.213 -4.11664)
(0 179.081 -4.07553)
(0 179.081 -4.07553)
(3.31329e-14 174.003 -4.03293)
(0 174.003 -4.03293)
(1.48067e-14 168.994 -3.98912)
(-1.82711e-14 168.994 -3.98912)
(0 164.067 -3.94438)
(-6.03586e-14 164.067 -3.94438)
(0 159.23 -3.89896)
(0 159.23 -3.89896)
(1.56466e-14 154.493 -3.85308)
(-6.25863e-14 154.493 -3.85308)
(1.69682e-14 149.862 -3.80694)
(-8.06496e-14 149.862 -3.80694)
(0 145.342 -3.76074)
(0 145.342 -3.76074)
(-1.64583e-14 140.938 -3.71462)
(1.31666e-13 140.938 -3.71462)
(0 136.653 -3.66873)
(0 136.653 -3.66873)
(1.69833e-14 132.487 -3.62319)
(-6.79331e-14 132.487 -3.62319)
(3.27104e-14 128.443 -3.5781)
(-8.44333e-14 128.443 -3.5781)
(1.5186e-14 124.52 -3.53356)
(-1.09591e-13 124.52 -3.53356)
(-1.77467e-14 120.718 -3.48964)
(0 120.718 -3.48964)
(0 117.035 -3.4464)
(2.92691e-14 117.035 -3.4464)
(0 113.47 -3.4039)
(7.29595e-14 113.47 -3.4039)
(9.7244e-15 110.021 -3.36218)
(-2.9571e-13 110.021 -3.36218)
(3.74417e-14 106.686 -3.32126)
(-7.48833e-14 106.686 -3.32126)
(-1.89569e-14 103.462 -3.28118)
(0 103.462 -3.28118)
(-1.919e-14 100.346 -3.24196)
(-7.67599e-14 100.346 -3.24196)
(-1.26456e-14 97.3353 -3.20359)
(-1.03876e-13 97.3353 -3.20359)
(-1.96478e-14 94.4271 -3.1661)
(-1.57182e-13 94.4271 -3.1661)
(3.9745e-14 91.6183 -3.12949)
(-7.94901e-14 91.6183 -3.12949)
(2.00946e-14 88.9056 -3.09374)
(8.03785e-14 88.9056 -3.09374)
(-2.4327e-14 86.286 -3.05887)
(1.05584e-13 86.286 -3.05887)
(-3.35009e-15 83.7564 -3.02486)
(-8.21245e-14 83.7564 -3.02486)
(-4.14912e-14 81.3137 -2.9917)
(5.95389e-14 81.3137 -2.9917)
(2.09577e-14 78.9549 -2.95938)
(0 78.9549 -2.95938)
(1.42487e-15 76.677 -2.92789)
(0 76.677 -2.92789)
(0 74.477 -2.89721)
(0 74.477 -2.89721)
(2.158e-14 72.3521 -2.86733)
(8.632e-14 72.3521 -2.86733)
(4.27458e-14 70.2996 -2.83824)
(-8.7132e-14 70.2996 -2.83824)
(0 68.3167 -2.80991)
(0 68.3167 -2.80991)
(4.27795e-14 66.4009 -2.78232)
(6.8134e-14 66.4009 -2.78232)
(0 64.5495 -2.75547)
(0 64.5495 -2.75547)
(3.96977e-14 62.7603 -2.72933)
(-2.20292e-13 62.7603 -2.72933)
(0 61.0308 -2.70389)
(0 61.0308 -2.70389)
(2.29583e-14 59.3587 -2.67912)
(-9.18331e-14 59.3587 -2.67912)
(2.31475e-14 57.7419 -2.65502)
(0 57.7419 -2.65502)
(2.3335e-14 56.1783 -2.63156)
(2.23547e-13 56.1783 -2.63156)
(5.97121e-14 54.6658 -2.60872)
(-3.61913e-14 54.6658 -2.60872)
(2.37049e-14 53.2025 -2.58649)
(-9.48195e-14 53.2025 -2.58649)
(2.38874e-14 51.7865 -2.56485)
(6.06723e-14 51.7865 -2.56485)
(3.4238e-14 50.4161 -2.54379)
(0 50.4161 -2.54379)
(-2.42476e-14 49.0895 -2.52328)
(-9.69904e-14 49.0895 -2.52328)
(0 47.805 -2.50332)
(-3.29947e-14 47.805 -2.50332)
(3.23901e-14 46.5612 -2.48388)
(-3.23901e-14 46.5612 -2.48388)
(0 45.3564 -2.46496)
(0 45.3564 -2.46496)
(3.12139e-14 44.1892 -2.44654)
(-1.31016e-13 44.1892 -2.44654)
(0 43.0582 -2.42859)
(-3.06419e-14 43.0582 -2.42859)
(0 41.9621 -2.41112)
(-3.00804e-14 41.9621 -2.41112)
(-3.3595e-14 40.8996 -2.3941)
(0 40.8996 -2.3941)
(-2.56317e-14 39.8694 -2.37753)
(0 39.8694 -2.37753)
(-2.57989e-14 38.8704 -2.36139)
(0 38.8704 -2.36139)
(-2.99058e-14 37.9015 -2.34566)
(0 37.9015 -2.34566)
(0 36.9615 -2.33034)
(-2.74235e-14 36.9615 -2.33034)
(-2.56663e-14 36.0494 -2.31541)
(-2.10349e-13 36.0494 -2.31541)
(0 35.1643 -2.30086)
(0 35.1643 -2.30086)
(2.66179e-14 34.3051 -2.28669)
(0 34.3051 -2.28669)
(-2.54679e-14 33.471 -2.27287)
(1.07114e-13 33.471 -2.27287)
(5.00025e-14 32.661 -2.2594)
(-1.57755e-13 32.661 -2.2594)
(0 31.8744 -2.24628)
(-1.3293e-13 31.8744 -2.24628)
(-2.72544e-14 31.1102 -2.23348)
(-1.09017e-13 31.1102 -2.23348)
(0 30.3678 -2.221)
(1.09644e-13 30.3678 -2.221)
(2.75669e-14 29.6464 -2.20883)
(0 29.6464 -2.20883)
(5.54436e-14 28.9452 -2.19697)
(1.10887e-13 28.9452 -2.19697)
(-2.78758e-14 28.2636 -2.1854)
(1.11503e-13 28.2636 -2.1854)
(-4.39306e-14 27.601 -2.17411)
(-4.39306e-14 27.601 -2.17411)
(2.81814e-14 26.9566 -2.16309)
(-4.31256e-14 26.9566 -2.16309)
(2.8333e-14 26.3298 -2.15235)
(1.13332e-13 26.3298 -2.15235)
(2.84838e-14 25.7202 -2.14187)
(1.13935e-13 25.7202 -2.14187)
(2.86339e-14 25.1271 -2.13163)
(0 25.1271 -2.13163)
(0 24.5499 -2.12165)
(-1.15133e-13 24.5499 -2.12165)
(6.82482e-14 23.9882 -2.1119)
(-3.93164e-14 23.9882 -2.1119)
(9.51638e-15 23.4414 -2.10238)
(0 23.4414 -2.10238)
(0 22.9091 -2.09308)
(0 22.9091 -2.09308)
(-7.82115e-15 22.3908 -2.08401)
(0 22.3908 -2.08401)
(9.5551e-14 21.8861 -2.07514)
(0 21.8861 -2.07514)
(0 21.3945 -2.06647)
(0 21.3945 -2.06647)
(2.98089e-14 20.9155 -2.05801)
(2.38471e-13 20.9155 -2.05801)
(0 20.4489 -2.04973)
(0 20.4489 -2.04973)
(-3.00962e-14 19.9942 -2.04164)
(-3.39092e-14 19.9942 -2.04164)
(3.04886e-15 19.5511 -2.03374)
(-3.32878e-14 19.5511 -2.03374)
(0 19.1191 -2.026)
(0 19.1191 -2.026)
(3.05228e-14 18.698 -2.01843)
(0 18.698 -2.01843)
(3.14912e-14 18.2874 -2.01103)
(0 18.2874 -2.01103)
(6.16088e-14 17.887 -2.00378)
(-1.23218e-13 17.887 -2.00378)
(6.18888e-14 17.4965 -1.99668)
(-1.23778e-13 17.4965 -1.99668)
(2.84991e-14 17.1156 -1.98973)
(-3.73007e-13 17.1156 -1.98973)
(-3.12229e-14 16.7439 -1.98292)
(-2.92456e-14 16.7439 -1.98292)
(0 16.3813 -1.97625)
(9.67362e-14 16.3813 -1.97625)
(-2.81836e-14 16.0274 -1.9697)
(-2.81836e-14 16.0274 -1.9697)
(3.96995e-15 15.682 -1.96329)
(2.76671e-14 15.682 -1.96329)
(-4.61405e-15 15.3449 -1.95699)
(-1.54257e-13 15.3449 -1.95699)
(0 15.0158 -1.95081)
(0 15.0158 -1.95081)
(5.82209e-14 14.6944 -1.94473)
(1.28188e-13 14.6944 -1.94473)
(6.43656e-14 14.3805 -1.93877)
(-1.28731e-13 14.3805 -1.93877)
(0 14.074 -1.9329)
(-1.79719e-13 14.074 -1.9329)
(3.24531e-14 13.7745 -1.92713)
(-4.95223e-14 13.7745 -1.92713)
(0 13.482 -1.92145)
(-1.3035e-13 13.482 -1.92145)
(0 13.1962 -1.91585)
(-3.09497e-13 13.1962 -1.91585)
(-4.68495e-14 12.9168 -1.91033)
(0 12.9168 -1.91033)
(6.59774e-14 12.6438 -1.90489)
(1.31955e-13 12.6438 -1.90489)
(3.31216e-14 12.377 -1.89952)
(0 12.377 -1.89952)
(0 12.1161 -1.89422)
(1.33017e-13 12.1161 -1.89422)
(3.33863e-14 11.861 -1.88898)
(-1.33545e-13 11.861 -1.88898)
(0 11.6115 -1.88379)
(-1.34072e-13 11.6115 -1.88379)
(0 11.3675 -1.87865)
(0 11.3675 -1.87865)
(3.37806e-14 11.1289 -1.87355)
(-1.35122e-13 11.1289 -1.87355)
(6.78226e-14 10.8954 -1.86849)
(-1.35645e-13 10.8954 -1.86849)
(3.40417e-14 10.6669 -1.86347)
(9.65009e-14 10.6669 -1.86347)
(2.94044e-14 10.4433 -1.85847)
(1.36687e-13 10.4433 -1.85847)
(3.43013e-14 10.2245 -1.8535)
(0 10.2245 -1.8535)
(3.09425e-15 10.0103 -1.84854)
(-3.75249e-14 10.0103 -1.84854)
(3.45596e-14 9.80055 -1.8436)
(-1.38238e-13 9.80055 -1.8436)
(3.46882e-14 9.59519 -1.83866)
(1.0259e-13 9.59519 -1.83866)
(1.05132e-13 9.39408 -1.83371)
(-3.54995e-14 9.39408 -1.83371)
(3.4849e-14 9.19708 -1.82876)
(1.39777e-13 9.19708 -1.82876)
(-3.50719e-14 9.0041 -1.82379)
(-1.74498e-13 9.0041 -1.82379)
(7.03984e-14 8.81501 -1.81881)
(-1.7438e-13 8.81501 -1.81881)
(-2.35798e-15 8.62971 -1.81379)
(-3.15577e-13 8.62971 -1.81379)
(3.54527e-14 8.44809 -1.80874)
(-1.74175e-13 8.44809 -1.80874)
(-6.35418e-14 8.27005 -1.80364)
(1.10545e-13 8.27005 -1.80364)
(9.032e-15 8.09549 -1.79849)
(1.42819e-13 8.09549 -1.79849)
(6.64475e-14 7.9243 -1.79329)
(-1.43321e-13 7.9243 -1.79329)
(5.89926e-15 7.7564 -1.78801)
(0 7.7564 -1.78801)
(2.95054e-14 7.59168 -1.78266)
(-1.73826e-13 7.59168 -1.78266)
(0 7.43006 -1.77723)
(-1.44819e-13 7.43006 -1.77723)
(5.68679e-14 7.27145 -1.7717)
(-2.02183e-13 7.27145 -1.7717)
(0 7.11576 -1.76607)
(0 7.11576 -1.76607)
(3.65758e-14 6.9629 -1.76033)
(-5.48028e-14 6.9629 -1.76033)
(3.66988e-14 6.8128 -1.75446)
(1.46795e-13 6.8128 -1.75446)
(3.68214e-14 6.66536 -1.74845)
(0 6.66536 -1.74845)
(0 6.52051 -1.7423)
(1.47774e-13 6.52051 -1.7423)
(0 6.37817 -1.73598)
(0 6.37817 -1.73598)
(0 6.23825 -1.7295)
(-1.48747e-13 6.23825 -1.7295)
(0 6.1007 -1.72283)
(0 6.1007 -1.72283)
(-3.74281e-14 5.96542 -1.71596)
(0 5.96542 -1.71596)
(-3.75482e-14 5.83234 -1.70887)
(-1.50193e-13 5.83234 -1.70887)
(-3.76677e-14 5.70139 -1.70156)
(-1.50671e-13 5.70139 -1.70156)
(0 5.5725 -1.69399)
(0 5.5725 -1.69399)
(4.47146e-14 5.4456 -1.68617)
(-3.03244e-13 5.4456 -1.68617)
(0 5.32061 -1.67806)
(-1.52094e-13 5.32061 -1.67806)
(-4.30909e-14 5.19747 -1.66964)
(4.30909e-14 5.19747 -1.66964)
(4.23012e-14 5.0761 -1.66091)
(-1.95334e-13 5.0761 -1.66091)
(3.15127e-15 4.95643 -1.65183)
(-4.15261e-14 4.95643 -1.65183)
(7.69815e-14 4.83839 -1.64238)
(1.13198e-13 4.83839 -1.64238)
(1.1723e-13 4.72192 -1.63254)
(-4.00181e-14 4.72192 -1.63254)
(7.74415e-14 4.60694 -1.62227)
(-1.54883e-13 4.60694 -1.62227)
(7.73997e-14 4.49338 -1.61156)
(-3.85649e-14 4.49338 -1.61156)
(-3.89482e-14 4.38117 -1.60037)
(0 4.38117 -1.60037)
(0 4.27024 -1.58867)
(1.56243e-13 4.27024 -1.58867)
(-3.91728e-14 4.16051 -1.57642)
(1.20208e-13 4.16051 -1.57642)
(0 4.05191 -1.56359)
(-1.92951e-13 4.05191 -1.56359)
(3.51586e-14 3.94437 -1.55013)
(-1.92736e-13 3.94437 -1.55013)
(-7.40182e-14 3.83781 -1.53601)
(-1.9253e-13 3.83781 -1.53601)
(7.9225e-14 3.73214 -1.52117)
(-1.5845e-13 3.73214 -1.52117)
(6.45921e-15 3.62728 -1.50557)
(3.3261e-14 3.62728 -1.50557)
(-3.26515e-14 3.52316 -1.48915)
(1.26656e-13 3.52316 -1.48915)
(0 3.41968 -1.47186)
(0 3.41968 -1.47186)
(6.29316e-14 3.31674 -1.45363)
(-2.23081e-13 3.31674 -1.45363)
(0 3.21426 -1.43438)
(-6.17784e-14 3.21426 -1.43438)
(4.02432e-14 3.11214 -1.41405)
(1.00327e-13 3.11214 -1.41405)
(9.98794e-14 3.01026 -1.39255)
(-3.8229e-13 3.01026 -1.39255)
(5.84441e-14 2.90851 -1.36979)
(-5.84441e-14 2.90851 -1.36979)
(-1.68306e-14 2.80678 -1.34568)
(0 2.80678 -1.34568)
(4.06395e-14 2.70494 -1.3201)
(-1.62558e-13 2.70494 -1.3201)
(-9.60245e-14 2.60286 -1.29294)
(1.62939e-13 2.60286 -1.29294)
(2.73806e-14 2.50039 -1.26406)
(1.63314e-13 2.50039 -1.26406)
(2.85591e-14 2.39738 -1.23334)
(0 2.39738 -1.23334)
(-1.12949e-14 2.29367 -1.2006)
(-5.23055e-14 2.29367 -1.2006)
(4.10988e-14 2.18908 -1.16569)
(0 2.18908 -1.16569)
(-9.22128e-15 2.08343 -1.12841)
(-1.64739e-13 2.08343 -1.12841)
(4.12687e-14 1.97652 -1.08855)
(1.65075e-13 1.97652 -1.08855)
(0 1.86813 -1.04591)
(-2.13976e-13 1.86813 -1.04591)
(4.14291e-14 1.75805 -1.00023)
(-2.13402e-13 1.75805 -1.00023)
(8.8317e-14 1.64604 -0.951259)
(0 1.64604 -0.951259)
(4.59539e-14 1.53187 -0.898718)
(1.66314e-13 1.53187 -0.898718)
(0 1.41529 -0.842311)
(-3.3319e-13 1.41529 -0.842311)
(0 1.29606 -0.781731)
(-1.66862e-13 1.29606 -0.781731)
(4.17789e-14 1.17394 -0.716661)
(-1.67115e-13 1.17394 -0.716661)
(4.18383e-14 1.04871 -0.646781)
(1.24676e-13 1.04871 -0.646781)
(8.37886e-14 0.920186 -0.571778)
(-3.77044e-13 0.920186 -0.571778)
(8.38888e-14 0.788208 -0.491354)
(-1.67778e-13 0.788208 -0.491354)
(0 0.652677 -0.405238)
(0 0.652677 -0.405238)
(-8.16652e-14 0.513556 -0.313198)
(1.28492e-13 0.513556 -0.313198)
(3.89075e-14 0.370884 -0.215052)
(-2.07174e-13 0.370884 -0.215052)
(-4.20961e-14 0.224781 -0.110675)
(1.3019e-13 0.224781 -0.110675)
(4.21192e-14 1.7476e-06 -6.46835e-07)
(2.06198e-13 5.31615e-07 -1.96765e-07)
(4.21757e-14 -1.69574e-06 6.2764e-07)
(1.68477e-13 -1.09078e-06 4.03728e-07)
(-3.81946e-14 -0.224781 0.110675)
(2.98574e-13 -0.224781 0.110675)
(-4.20667e-14 -0.370883 0.215051)
(-3.89075e-14 -0.370883 0.215051)
(0 -0.513555 0.313197)
(1.68125e-13 -0.513555 0.313197)
(0 -0.652676 0.405238)
(3.35924e-13 -0.652676 0.405238)
(-4.19444e-14 -0.788207 0.491354)
(-1.67778e-13 -0.788207 0.491354)
(0 -0.920186 0.571778)
(4.1895e-14 -0.920186 0.571778)
(8.38739e-16 -1.04871 0.646781)
(-2.1003e-13 -1.04871 0.646781)
(0 -1.17394 0.71666)
(0 -1.17394 0.71666)
(4.17156e-14 -1.29606 0.781731)
(0 -1.29606 0.781731)
(0 -1.41529 0.842311)
(1.66595e-13 -1.41529 0.842311)
(0 -1.53187 0.898718)
(1.66314e-13 -1.53187 0.898718)
(0 -1.64604 0.951259)
(0 -1.64604 0.951259)
(-4.14291e-14 -1.75805 1.00023)
(-2.13402e-13 -1.75805 1.00023)
(8.27003e-14 -1.86813 1.04591)
(0 -1.86813 1.04591)
(-4.94825e-14 -1.97652 1.08855)
(0 -1.97652 1.08855)
(1.32776e-13 -2.08343 1.12841)
(1.14333e-13 -2.08343 1.12841)
(-4.10988e-14 -2.18908 1.16569)
(-2.15742e-13 -2.18908 1.16569)
(-8.20213e-14 -2.29367 1.2006)
(0 -2.29367 1.2006)
(-4.09205e-14 -2.39738 1.23334)
(1.63682e-13 -2.39738 1.23334)
(-8.16571e-14 -2.50039 1.26406)
(-1.63314e-13 -2.50039 1.26406)
(-4.07348e-14 -2.60286 1.29294)
(1.62939e-13 -2.60286 1.29294)
(-8.12789e-14 -2.70494 1.3201)
(1.62558e-13 -2.70494 1.3201)
(0 -2.80678 1.34568)
(1.04797e-13 -2.80678 1.34568)
(-4.04441e-14 -2.90851 1.36979)
(-1.61777e-13 -2.90851 1.36979)
(4.03443e-14 -3.01026 1.39255)
(0 -3.01026 1.39255)
(-4.02432e-14 -3.11214 1.41405)
(-1.60973e-13 -3.11214 1.41405)
(4.01409e-14 -3.21426 1.43438)
(-1.60564e-13 -3.21426 1.43438)
(6.29316e-14 -3.31674 1.45363)
(1.60149e-13 -3.31674 1.45363)
(0 -3.41968 1.47186)
(1.59731e-13 -3.41968 1.47186)
(0 -3.52316 1.48915)
(1.59308e-13 -3.52316 1.48915)
(-7.94404e-14 -3.62728 1.50557)
(0 -3.62728 1.50557)
(3.96125e-14 -3.73214 1.52117)
(-3.38819e-14 -3.73214 1.52117)
(2.45353e-14 -3.83781 1.53601)
(-3.45143e-14 -3.83781 1.53601)
(0 -3.94437 1.55013)
(0 -3.94437 1.55013)
(-7.85679e-14 -4.05191 1.56359)
(0 -4.05191 1.56359)
(-2.68935e-15 -4.16051 1.57642)
(-3.64835e-14 -4.16051 1.57642)
(-3.90609e-14 -4.27024 1.58867)
(3.71645e-14 -4.27024 1.58867)
(-3.89482e-14 -4.38117 1.60037)
(0 -4.38117 1.60037)
(0 -4.49338 1.61156)
(-1.93904e-13 -4.49338 1.61156)
(0 -4.60694 1.62227)
(0 -4.60694 1.62227)
(3.86061e-14 -4.72192 1.63254)
(1.54424e-13 -4.72192 1.63254)
(-7.92559e-14 -4.83839 1.64238)
(0 -4.83839 1.64238)
(-4.15261e-14 -4.95643 1.65183)
(1.95025e-13 -4.95643 1.65183)
(-7.65166e-14 -5.0761 1.66091)
(0 -5.0761 1.66091)
(-3.81412e-14 -5.19747 1.66964)
(1.52565e-13 -5.19747 1.66964)
(-5.8716e-15 -5.32061 1.67806)
(0 -5.32061 1.67806)
(0 -5.4456 1.68617)
(0 -5.4456 1.68617)
(7.55737e-14 -5.5725 1.69399)
(1.51147e-13 -5.5725 1.69399)
(-7.53355e-14 -5.70139 1.70156)
(0 -5.70139 1.70156)
(0 -5.83234 1.70887)
(1.50193e-13 -5.83234 1.70887)
(0 -5.96542 1.71596)
(1.01564e-13 -5.96542 1.71596)
(3.73076e-14 -6.1007 1.72283)
(0 -6.1007 1.72283)
(2.44111e-14 -6.23825 1.7295)
(1.48747e-13 -6.23825 1.7295)
(0 -6.37817 1.73598)
(4.44784e-13 -6.37817 1.73598)
(0 -6.52051 1.7423)
(1.47774e-13 -6.52051 1.7423)
(0 -6.66536 1.74845)
(9.44727e-14 -6.66536 1.74845)
(9.04973e-14 -6.8128 1.75446)
(-5.37986e-14 -6.8128 1.75446)
(0 -6.9629 1.76033)
(0 -6.9629 1.76033)
(3.64525e-14 -7.11576 1.76607)
(1.4581e-13 -7.11576 1.76607)
(0 -7.27145 1.7717)
(1.45315e-13 -7.27145 1.7717)
(0 -7.43006 1.77723)
(0 -7.43006 1.77723)
(3.60802e-14 -7.59168 1.78267)
(0 -7.59168 1.78267)
(-5.89926e-15 -7.7564 1.78801)
(-3.00562e-14 -7.7564 1.78801)
(-7.16605e-14 -7.9243 1.79329)
(1.43321e-13 -7.9243 1.79329)
(3.11887e-14 -8.09549 1.79849)
(-3.11887e-14 -8.09549 1.79849)
(3.55789e-14 -8.27005 1.80364)
(-3.17709e-14 -8.27005 1.80364)
(0 -8.44809 1.80874)
(-1.09447e-13 -8.44809 1.80874)
(-3.53261e-14 -8.62971 1.81379)
(-1.41304e-13 -8.62971 1.81379)
(-3.35835e-14 -8.81501 1.81881)
(1.40797e-13 -8.81501 1.81881)
(3.50719e-14 -9.0041 1.82379)
(0 -9.0041 1.82379)
(-9.53539e-17 -9.19709 1.82876)
(3.14404e-13 -9.19709 1.82876)
(-3.48164e-14 -9.39408 1.83371)
(-3.54995e-14 -9.39408 1.83371)
(3.61622e-14 -9.59519 1.83866)
(0 -9.59519 1.83866)
(0 -9.80055 1.8436)
(0 -9.80055 1.8436)
(6.88612e-14 -10.0103 1.84854)
(1.37722e-13 -10.0103 1.84854)
(3.92402e-15 -10.2245 1.8535)
(-3.82253e-14 -10.2245 1.8535)
(-3.41717e-14 -10.4433 1.85847)
(0 -10.4433 1.85847)
(-3.96657e-14 -10.6669 1.86347)
(4.48166e-13 -10.6669 1.86347)
(0 -10.8954 1.86849)
(1.35645e-13 -10.8954 1.86849)
(7.3798e-15 -11.1289 1.87355)
(0 -11.1289 1.87355)
(-3.36495e-14 -11.3675 1.87865)
(9.26694e-14 -11.3675 1.87865)
(0 -11.6115 1.88379)
(0 -11.6115 1.88379)
(6.67726e-14 -11.861 1.88898)
(1.33545e-13 -11.861 1.88898)
(-4.43209e-14 -12.1161 1.89422)
(1.33017e-13 -12.1161 1.89422)
(3.31216e-14 -12.377 1.89952)
(1.32486e-13 -12.377 1.89952)
(-1.11968e-13 -12.6438 1.90489)
(1.31955e-13 -12.6438 1.90489)
(-1.45416e-13 -12.9168 1.91033)
(1.31421e-13 -12.9168 1.91033)
(3.27217e-14 -13.1962 1.91585)
(1.30887e-13 -13.1962 1.91585)
(-1.60273e-14 -13.482 1.92145)
(1.3035e-13 -13.482 1.92145)
(-8.19754e-14 -13.7745 1.92713)
(1.29812e-13 -13.7745 1.92713)
(-3.23181e-14 -14.074 1.9329)
(-5.04467e-14 -14.074 1.9329)
(0 -14.3805 1.93877)
(-1.8012e-13 -14.3805 1.93877)
(0 -14.6944 1.94473)
(1.28188e-13 -14.6944 1.94473)
(5.33248e-14 -15.0158 1.95081)
(-5.33248e-14 -15.0158 1.95081)
(2.71601e-14 -15.3449 1.95699)
(9.99365e-14 -15.3449 1.95699)
(0 -15.682 1.96329)
(-1.26548e-13 -15.682 1.96329)
(3.14995e-14 -16.0274 1.9697)
(1.25998e-13 -16.0274 1.9697)
(-6.27229e-14 -16.3813 1.97625)
(-1.25446e-13 -16.3813 1.97625)
(-2.92456e-14 -16.7439 1.98292)
(2.92456e-14 -16.7439 1.98292)
(3.10839e-14 -17.1156 1.98973)
(9.45442e-14 -17.1156 1.98973)
(3.09444e-14 -17.4965 1.99668)
(9.343e-14 -17.4965 1.99668)
(1.09699e-16 -17.887 2.00378)
(0 -17.887 2.00378)
(0 -18.2874 2.01103)
(1.22655e-13 -18.2874 2.01103)
(0 -18.698 2.01843)
(3.2079e-14 -18.698 2.01843)
(-6.07622e-14 -19.1191 2.026)
(-1.21524e-13 -19.1191 2.026)
(-6.04779e-14 -19.5511 2.03374)
(1.20956e-13 -19.5511 2.03374)
(-3.00962e-14 -19.9942 2.04165)
(8.64755e-14 -19.9942 2.04165)
(2.99528e-14 -20.4489 2.04973)
(1.19811e-13 -20.4489 2.04973)
(0 -20.9155 2.05801)
(0 -20.9155 2.05801)
(-3.58438e-14 -21.3945 2.06647)
(2.73158e-13 -21.3945 2.06647)
(-2.95191e-14 -21.8861 2.07514)
(0 -21.8861 2.07514)
(0 -22.3908 2.08401)
(8.02986e-14 -22.3908 2.08401)
(0 -22.9091 2.09308)
(3.78887e-14 -22.9091 2.09308)
(0 -23.4414 2.10238)
(-1.16318e-13 -23.4414 2.10238)
(6.82482e-14 -23.9882 2.1119)
(2.31454e-13 -23.9882 2.1119)
(0 -24.5499 2.12165)
(1.15133e-13 -24.5499 2.12165)
(-6.94318e-14 -25.1271 2.13163)
(2.69869e-13 -25.1271 2.13163)
(1.54081e-14 -25.7202 2.14187)
(2.27871e-13 -25.7202 2.14187)
(0 -26.3298 2.15235)
(0 -26.3298 2.15235)
(0 -26.9566 2.1631)
(1.12726e-13 -26.9566 2.1631)
(0 -27.601 2.17411)
(1.12116e-13 -27.601 2.17411)
(7.26264e-14 -28.2636 2.1854)
(1.11503e-13 -28.2636 2.1854)
(4.92879e-15 -28.9452 2.19697)
(1.3368e-13 -28.9452 2.19697)
(-2.75669e-14 -29.6464 2.20883)
(-1.56704e-13 -29.6464 2.20883)
(-4.73037e-14 -30.3678 2.221)
(-6.23405e-14 -30.3678 2.221)
(2.72544e-14 -31.1102 2.23348)
(1.09017e-13 -31.1102 2.23348)
(0 -31.8744 2.24628)
(1.08387e-13 -31.8744 2.24628)
(0 -32.661 2.2594)
(-2.50013e-14 -32.661 2.2594)
(0 -33.471 2.27287)
(-1.5805e-13 -33.471 2.27287)
(-2.66179e-14 -34.3051 2.28669)
(1.06472e-13 -34.3051 2.28669)
(0 -35.1643 2.30086)
(0 -35.1643 2.30086)
(-2.62936e-14 -36.0494 2.31541)
(-1.05175e-13 -36.0494 2.31541)
(-2.61299e-14 -36.9615 2.33034)
(-2.74235e-14 -36.9615 2.33034)
(2.5965e-14 -37.9015 2.34566)
(1.0386e-13 -37.9015 2.34566)
(0 -38.8704 2.36139)
(1.03196e-13 -38.8704 2.36139)
(2.56317e-14 -39.8694 2.37753)
(0 -39.8694 2.37753)
(-1.73316e-14 -40.8996 2.3941)
(-1.31382e-13 -40.8996 2.3941)
(0 -41.9621 2.41112)
(-1.01175e-13 -41.9621 2.41112)
(3.61611e-14 -43.0582 2.42859)
(-6.12837e-14 -43.0582 2.42859)
(0 -44.1892 2.44654)
(9.98018e-14 -44.1892 2.44654)
(0 -45.3564 2.46496)
(-6.3593e-14 -45.3564 2.46496)
(-5.69919e-14 -46.5612 2.48388)
(1.30798e-13 -46.5612 2.48388)
(-7.32764e-14 -47.805 2.50332)
(0 -47.805 2.50332)
(2.42476e-14 -49.0895 2.52328)
(0 -49.0895 2.52328)
(-2.40683e-14 -50.4161 2.54378)
(9.6273e-14 -50.4161 2.54378)
(-4.77747e-14 -51.7865 2.56485)
(9.55494e-14 -51.7865 2.56485)
(-1.18817e-14 -53.2025 2.58649)
(5.92914e-14 -53.2025 2.58649)
(0 -54.6658 2.60872)
(3.61913e-14 -54.6658 2.60872)
(0 -56.1783 2.63155)
(0 -56.1783 2.63155)
(-6.07026e-14 -57.7419 2.65502)
(-1.30145e-13 -57.7419 2.65502)
(-6.12144e-14 -59.3587 2.67912)
(3.82561e-14 -59.3587 2.67912)
(2.27672e-14 -61.0308 2.70389)
(0 -61.0308 2.70389)
(0 -62.7603 2.72933)
(9.02972e-14 -62.7603 2.72933)
(6.28181e-14 -64.5495 2.75547)
(8.95179e-14 -64.5495 2.75547)
(0 -66.4009 2.78232)
(8.87307e-14 -66.4009 2.78232)
(2.19839e-14 -68.3167 2.80991)
(-1.29898e-13 -68.3167 2.80991)
(0 -70.2996 2.83824)
(0 -70.2996 2.83824)
(-2.158e-14 -72.3521 2.86733)
(8.632e-14 -72.3521 2.86733)
(-2.13748e-14 -74.477 2.89721)
(0 -74.477 2.89721)
(-2.11674e-14 -76.677 2.92789)
(0 -76.677 2.92789)
(-2.09577e-14 -78.9549 2.95938)
(0 -78.9549 2.95938)
(0 -81.3137 2.9917)
(0 -81.3137 2.9917)
(0 -83.7564 3.02486)
(-2.38812e-14 -83.7564 3.02486)
(2.03141e-14 -86.286 3.05887)
(8.12566e-14 -86.286 3.05887)
(-2.00946e-14 -88.9056 3.09374)
(-8.03785e-14 -88.9056 3.09374)
(-1.98725e-14 -91.6183 3.12949)
(2.13227e-13 -91.6183 3.12949)
(1.96478e-14 -94.4271 3.1661)
(0 -94.4271 3.1661)
(1.94203e-14 -97.3353 3.20359)
(7.7681e-14 -97.3353 3.20359)
(-1.16961e-14 -100.346 3.24196)
(-2.66839e-14 -100.346 3.24196)
(-3.79137e-14 -103.462 3.28118)
(0 -103.462 3.28118)
(2.76894e-14 -106.686 3.32126)
(0 -106.686 3.32126)
(1.84819e-14 -110.021 3.36218)
(1.47855e-13 -110.021 3.36218)
(0 -113.47 3.4039)
(2.87328e-14 -113.47 3.4039)
(0 -117.035 3.4464)
(7.19793e-14 -117.035 3.4464)
(-1.77467e-14 -120.718 3.48964)
(-8.58945e-14 -120.718 3.48964)
(1.74954e-14 -124.52 3.53356)
(-6.99816e-14 -124.52 3.53356)
(-1.72409e-14 -128.443 3.5781)
(0 -128.443 3.5781)
(3.15165e-14 -132.487 3.62319)
(-8.36913e-14 -132.487 3.62319)
(0 -136.653 3.66873)
(6.68895e-14 -136.653 3.66873)
(-1.64583e-14 -140.938 3.71462)
(-6.58331e-14 -140.938 3.71462)
(0 -145.342 3.76074)
(-1.66573e-14 -145.342 3.76074)
(1.59203e-14 -149.862 3.80694)
(1.27363e-13 -149.862 3.80694)
(-1.56466e-14 -154.493 3.85308)
(6.25863e-14 -154.493 3.85308)
(0 -159.23 3.89896)
(4.3871e-14 -159.23 3.89896)
(-1.50897e-14 -164.067 3.94438)
(0 -164.067 3.94438)
(-1.48067e-14 -168.994 3.98912)
(1.18453e-13 -168.994 3.98912)
(-1.45207e-14 -174.003 4.03293)
(0 -174.003 4.03293)
(-1.4232e-14 -179.081 4.07553)
(-7.58877e-14 -179.081 4.07553)
(-5.37287e-15 -184.213 4.11664)
(-1.93135e-14 -184.213 4.11664)
(-3.33209e-14 -189.385 4.15593)
(5.45874e-14 -189.385 4.15593)
(-2.67015e-14 -194.579 4.19307)
(0 -194.579 4.19307)
(2.04154e-14 -199.775 4.22773)
(3.17949e-14 -199.775 4.22773)
(-2.07965e-14 -204.951 4.25953)
(0 -204.951 4.25953)
(-2.30434e-14 -210.087 4.28813)
(3.92119e-14 -210.087 4.28813)
(-1.21483e-14 -215.157 4.31318)
(0 -215.157 4.31318)
(0 -220.137 4.33432)
(0 -220.137 4.33432)
(1.15403e-14 -225.002 4.35125)
(-6.85547e-14 -225.002 4.35125)
(1.14057e-14 -229.728 4.36366)
(0 -229.728 4.36366)
(0 -234.292 4.3713)
(-4.37258e-14 -234.292 4.3713)
(-1.06276e-14 -238.671 4.37398)
(-6.61812e-14 -238.671 4.37398)
(0 -242.846 4.37155)
(4.12983e-14 -242.846 4.37155)
(1.00228e-14 -246.798 4.36393)
(8.01826e-14 -246.798 4.36393)
(-9.72269e-15 -250.513 4.35108)
(3.88907e-14 -250.513 4.35108)
(-1.27442e-14 -253.981 4.33307)
(0 -253.981 4.33307)
(1.82573e-14 -257.195 4.31002)
(0 -257.195 4.31002)
(-4.44633e-15 -260.151 4.2821)
(-1.32245e-14 -260.151 4.2821)
(8.54504e-15 -262.85 4.24956)
(3.41802e-14 -262.85 4.24956)
(0 -265.296 4.21269)
(-1.37228e-14 -265.296 4.21269)
(7.97403e-15 -267.495 4.17182)
(-3.18961e-14 -267.495 4.17182)
(7.69382e-15 -269.459 4.12732)
(3.07753e-14 -269.459 4.12732)
(-1.64518e-16 -271.199 4.07959)
(5.93389e-14 -271.199 4.07959)
(7.14482e-15 -272.731 4.029)
(-2.85793e-14 -272.731 4.029)
(1.37526e-14 -274.068 3.97597)
(1.9979e-14 -274.068 3.97597)
(0 -275.228 3.92088)
(-2.64475e-14 -275.228 3.92088)
(0 -276.228 3.86411)
(0 -276.228 3.86411)
(0 -277.083 3.80599)
(-1.64268e-14 -277.083 3.80599)
(5.8438e-15 -277.809 3.74688)
(0 -277.809 3.74688)
(2.9372e-15 -278.423 3.68705)
(2.23851e-14 -278.423 3.68705)
(0 -278.938 3.62678)
(2.14119e-14 -278.938 3.62678)
(0 -279.366 3.56631)
(0 -279.366 3.56631)
(0 -279.721 3.50584)
(1.95161e-14 -279.721 3.50584)
(9.0929e-15 -280.014 3.44555)
(3.27419e-14 -280.014 3.44555)
(8.84342e-15 -280.253 3.38559)
(1.76868e-14 -280.253 3.38559)
(0 -280.447 3.32609)
(0 -280.447 3.32609)
(-3.98065e-15 -280.603 3.26717)
(0 -280.603 3.26717)
(0 -280.729 3.20889)
(0 -280.729 3.20889)
(4.8752e-15 -280.83 3.15135)
(9.34635e-15 -280.83 3.15135)
(-3.34854e-15 -280.909 3.09458)
(1.33941e-14 -280.909 3.09458)
(0 -280.972 3.03863)
(1.76407e-14 -280.972 3.03863)
(8.0994e-15 -281.021 2.98354)
(-5.15333e-15 -281.021 2.98354)
(2.75034e-15 -281.06 2.92932)
(2.20027e-14 -281.06 2.92932)
(2.67377e-15 -281.09 2.87598)
(0 -281.09 2.87598)
(3.54145e-16 -281.113 2.82354)
(-2.72368e-15 -281.113 2.82354)
(4.36868e-15 -281.131 2.772)
(0 -281.131 2.772)
(0 -281.144 2.72136)
(0 -281.144 2.72136)
(0 -281.155 2.6716)
(2.87907e-15 -281.155 2.6716)
(0 -281.163 2.62273)
(-2.93281e-15 -281.163 2.62273)
(-4.4644e-15 -281.17 2.57474)
(5.90742e-15 -281.17 2.57474)
(1.52166e-15 -281.175 2.52761)
(5.23203e-15 -281.175 2.52761)
(1.14225e-15 -281.179 2.48133)
(-1.55006e-15 -281.179 2.48133)
(9.79534e-16 -281.182 2.43589)
(3.91814e-15 -281.182 2.43589)
(-1.6396e-15 -281.185 2.39128)
(-1.60848e-15 -281.185 2.39128)
(-1.48223e-15 -281.187 2.34748)
(1.01345e-15 -281.187 2.34748)
(-1.0181e-15 -281.189 2.30448)
(0 -281.189 2.30448)
(0 -281.19 2.26226)
(1.43173e-15 -281.19 2.26226)
(-4.19167e-16 -281.191 2.22081)
(0 -281.191 2.22081)
(-8.18203e-16 -281.192 2.18013)
(8.82156e-16 -281.192 2.18013)
(2.24656e-16 -281.192 1.57087)
(-2.24656e-16 -281.192 1.57087)
(0 -281.192 0.520386)
(-1.14424e-16 -281.192 0.520386)
(4.21192e-14 -1.75065e-06 -6.47964e-07)
(-4.04291e-27 -4.55191e-13 0)
(8.41922e-14 -0.224781 -0.110675)
(1.68384e-13 -0.224781 -0.110675)
(4.20667e-14 -0.370883 -0.215051)
(-3.36534e-13 -0.370883 -0.215051)
(2.39756e-15 -0.513555 -0.313197)
(1.68125e-13 -0.513555 -0.313197)
(0 -0.652676 -0.405238)
(1.67962e-13 -0.652676 -0.405238)
(0 -0.788207 -0.491354)
(-1.67778e-13 -0.788207 -0.491354)
(0 -0.920186 -0.571778)
(-2.09469e-13 -0.920186 -0.571778)
(4.2677e-14 -1.04871 -0.646781)
(-1.67353e-13 -1.04871 -0.646781)
(8.35577e-14 -1.17394 -0.71666)
(0 -1.17394 -0.71666)
(8.34312e-14 -1.29606 -0.781731)
(-2.11148e-13 -1.29606 -0.781731)
(0 -1.41529 -0.842311)
(0 -1.41529 -0.842311)
(-8.75325e-14 -1.53187 -0.898718)
(-4.59539e-14 -1.53187 -0.898718)
(0 -1.64604 -0.951259)
(-1.66021e-13 -1.64604 -0.951259)
(0 -1.75805 -1.00023)
(-1.65716e-13 -1.75805 -1.00023)
(0 -1.86813 -1.04591)
(0 -1.86813 -1.04591)
(0 -1.97652 -1.08855)
(-1.65075e-13 -1.97652 -1.08855)
(0 -2.08343 -1.12841)
(0 -2.08343 -1.12841)
(0 -2.18908 -1.16569)
(-3.2879e-13 -2.18908 -1.16569)
(-5.23055e-14 -2.29367 -1.2006)
(1.64043e-13 -2.29367 -1.2006)
(4.09205e-14 -2.39738 -1.23334)
(3.27364e-13 -2.39738 -1.23334)
(0 -2.50039 -1.26406)
(1.63314e-13 -2.50039 -1.26406)
(0 -2.60286 -1.29294)
(0 -2.60286 -1.29294)
(-4.06395e-14 -2.70494 -1.3201)
(1.62558e-13 -2.70494 -1.3201)
(-8.10851e-14 -2.80678 -1.34568)
(-1.6217e-13 -2.80678 -1.34568)
(-4.04441e-14 -2.90851 -1.36979)
(-5.84441e-14 -2.90851 -1.36979)
(4.03443e-14 -3.01026 -1.39255)
(-5.9535e-14 -3.01026 -1.39255)
(-4.02432e-14 -3.11214 -1.41405)
(-1.60973e-13 -3.11214 -1.41405)
(1.60564e-13 -3.21426 -1.43438)
(-1.60564e-13 -3.21426 -1.43438)
(8.00747e-14 -3.31674 -1.45363)
(0 -3.31674 -1.45363)
(7.98654e-14 -3.41968 -1.47186)
(1.59731e-13 -3.41968 -1.47186)
(3.9827e-14 -3.52316 -1.48915)
(-1.91959e-13 -3.52316 -1.48915)
(7.29812e-14 -3.62728 -1.50557)
(-3.3261e-14 -3.62728 -1.50557)
(8.49556e-14 -3.73214 -1.52117)
(1.92332e-13 -3.73214 -1.52117)
(-2.95248e-14 -3.83781 -1.53601)
(1.58015e-13 -3.83781 -1.53601)
(0 -3.94437 -1.55013)
(1.57577e-13 -3.94437 -1.55013)
(0 -4.05191 -1.56359)
(0 -4.05191 -1.56359)
(-3.64835e-14 -4.16051 -1.57642)
(0 -4.16051 -1.57642)
(-3.90609e-14 -4.27024 -1.58867)
(0 -4.27024 -1.58867)
(3.89482e-14 -4.38117 -1.60037)
(0 -4.38117 -1.60037)
(3.88348e-14 -4.49338 -1.61156)
(-1.55339e-13 -4.49338 -1.61156)
(5.64028e-16 -4.60694 -1.62227)
(0 -4.60694 -1.62227)
(7.86242e-14 -4.72192 -1.63254)
(1.54424e-13 -4.72192 -1.63254)
(-3.84907e-14 -4.83839 -1.64238)
(0 -4.83839 -1.64238)
(-3.83748e-14 -4.95643 -1.65183)
(-1.53499e-13 -4.95643 -1.65183)
(0 -5.0761 -1.66091)
(1.53033e-13 -5.0761 -1.66091)
(-4.94963e-15 -5.19747 -1.66964)
(1.95656e-13 -5.19747 -1.66964)
(1.19942e-13 -5.32061 -1.67806)
(-1.9599e-13 -5.32061 -1.67806)
(0 -5.4456 -1.68617)
(1.51622e-13 -5.4456 -1.68617)
(4.55493e-14 -5.5725 -1.69399)
(0 -5.5725 -1.69399)
(-4.63995e-14 -5.70139 -1.70156)
(-1.97071e-13 -5.70139 -1.70156)
(-9.71751e-15 -5.83234 -1.70887)
(1.50193e-13 -5.83234 -1.70887)
(0 -5.96542 -1.71596)
(0 -5.96542 -1.71596)
(3.73076e-14 -6.1007 -1.72283)
(0 -6.1007 -1.72283)
(8.71489e-14 -6.23825 -1.7295)
(0 -6.23825 -1.7295)
(3.70653e-14 -6.37817 -1.73598)
(1.48261e-13 -6.37817 -1.73598)
(-3.69435e-14 -6.52051 -1.7423)
(-1.47774e-13 -6.52051 -1.7423)
(8.96341e-14 -6.66536 -1.74845)
(-2.00098e-13 -6.66536 -1.74845)
(0 -6.8128 -1.75446)
(0 -6.8128 -1.75446)
(-3.65758e-14 -6.9629 -1.76033)
(-1.46303e-13 -6.9629 -1.76033)
(7.2905e-14 -7.11576 -1.76607)
(0 -7.11576 -1.76607)
(-2.05391e-14 -7.27145 -1.7717)
(0 -7.27145 -1.7717)
(5.79294e-14 -7.43006 -1.77723)
(-5.79294e-14 -7.43006 -1.77723)
(6.55856e-14 -7.59168 -1.78267)
(-2.95054e-14 -7.59168 -1.78267)
(4.18547e-14 -7.7564 -1.78801)
(-3.00562e-14 -7.7564 -1.78801)
(-3.58303e-14 -7.9243 -1.79329)
(1.43321e-13 -7.9243 -1.79329)
(3.57047e-14 -8.09549 -1.79849)
(-1.42819e-13 -8.09549 -1.79849)
(6.35419e-14 -8.27005 -1.80364)
(-2.05857e-13 -8.27005 -1.80364)
(7.09053e-14 -8.44809 -1.80874)
(-2.83621e-13 -8.44809 -1.80874)
(3.06101e-14 -8.62971 -1.81379)
(-1.41304e-13 -8.62971 -1.81379)
(3.51992e-14 -8.81501 -1.81881)
(-3.15177e-13 -8.81501 -1.81881)
(3.42104e-14 -9.0041 -1.82379)
(0 -9.0041 -1.82379)
(3.4849e-14 -9.19709 -1.82876)
(-3.4849e-14 -9.19709 -1.82876)
(0 -9.39408 -1.83371)
(1.03766e-13 -9.39408 -1.83371)
(3.46882e-14 -9.59519 -1.83866)
(-1.38753e-13 -9.59519 -1.83866)
(3.45596e-14 -9.80055 -1.8436)
(-1.38238e-13 -9.80055 -1.8436)
(7.19555e-14 -10.0103 -1.84854)
(-3.75249e-14 -10.0103 -1.84854)
(0 -10.2245 -1.8535)
(0 -10.2245 -1.8535)
(3.41717e-14 -10.4433 -1.85847)
(-1.36687e-13 -10.4433 -1.85847)
(3.40417e-14 -10.6669 -1.86347)
(2.72333e-13 -10.6669 -1.86347)
(3.39113e-14 -10.8954 -1.86849)
(-1.35645e-13 -10.8954 -1.86849)
(0 -11.1289 -1.87355)
(-1.76283e-13 -11.1289 -1.87355)
(7.55783e-14 -11.3675 -1.87865)
(-1.76527e-13 -11.3675 -1.87865)
(0 -11.6115 -1.88379)
(-1.34072e-13 -11.6115 -1.88379)
(6.67726e-14 -11.861 -1.88898)
(1.33545e-13 -11.861 -1.88898)
(3.32542e-14 -12.1161 -1.89422)
(1.33017e-13 -12.1161 -1.89422)
(0 -12.377 -1.89952)
(1.77635e-13 -12.377 -1.89952)
(0 -12.6438 -1.90489)
(0 -12.6438 -1.90489)
(-3.28554e-14 -12.9168 -1.91033)
(4.68495e-14 -12.9168 -1.91033)
(3.27217e-14 -13.1962 -1.91585)
(0 -13.1962 -1.91585)
(6.51751e-14 -13.482 -1.92145)
(-1.3035e-13 -13.482 -1.92145)
(0 -13.7745 -1.92713)
(-1.29812e-13 -13.7745 -1.92713)
(3.23181e-14 -14.074 -1.9329)
(-1.29273e-13 -14.074 -1.9329)
(3.21828e-14 -14.3805 -1.93877)
(0 -14.3805 -1.93877)
(-2.61738e-14 -14.6944 -1.94473)
(-1.54362e-13 -14.6944 -1.94473)
(0 -15.0158 -1.95081)
(7.43184e-14 -15.0158 -1.95081)
(-3.17742e-14 -15.3449 -1.95699)
(0 -15.3449 -1.95699)
(3.16371e-14 -15.682 -1.96329)
(-9.88811e-14 -15.682 -1.96329)
(3.48154e-14 -16.0274 -1.9697)
(1.25998e-13 -16.0274 -1.9697)
(0 -16.3813 -1.97625)
(-2.87096e-14 -16.3813 -1.97625)
(6.24459e-14 -16.7439 -1.98292)
(0 -16.7439 -1.98292)
(-2.84991e-14 -17.1156 -1.98973)
(1.24336e-13 -17.1156 -1.98973)
(3.09444e-14 -17.4965 -1.99668)
(1.23778e-13 -17.4965 -1.99668)
(-3.08044e-14 -17.887 -2.00378)
(3.09141e-14 -17.887 -2.00378)
(3.06638e-14 -18.2874 -2.01103)
(2.1382e-13 -18.2874 -2.01103)
(3.05228e-14 -18.698 -2.01843)
(0 -18.698 -2.01843)
(9.344e-14 -19.1191 -2.026)
(-1.54202e-13 -19.1191 -2.026)
(3.02389e-14 -19.5511 -2.03374)
(0 -19.5511 -2.03374)
(-9.79145e-14 -19.9942 -2.04165)
(0 -19.9942 -2.04165)
(2.99528e-14 -20.4489 -2.04973)
(-1.54353e-13 -20.4489 -2.04973)
(2.98089e-14 -20.9155 -2.05801)
(8.40485e-14 -20.9155 -2.05801)
(2.96643e-14 -21.3945 -2.06647)
(-3.58438e-14 -21.3945 -2.06647)
(2.95191e-14 -21.8861 -2.07514)
(-3.65128e-14 -21.8861 -2.07514)
(2.93733e-14 -22.3908 -2.08401)
(0 -22.3908 -2.08401)
(0 -22.9091 -2.09308)
(-1.54796e-13 -22.9091 -2.09308)
(6.76756e-14 -23.4414 -2.10238)
(-1.16318e-13 -23.4414 -2.10238)
(2.89317e-14 -23.9882 -2.1119)
(7.64105e-14 -23.9882 -2.1119)
(1.12672e-14 -24.5499 -2.12165)
(-2.30265e-13 -24.5499 -2.12165)
(0 -25.1271 -2.13163)
(1.14535e-13 -25.1271 -2.13163)
(4.15595e-14 -25.7202 -2.14187)
(-1.13935e-13 -25.7202 -2.14187)
(0 -26.3298 -2.15235)
(-1.13332e-13 -26.3298 -2.15235)
(2.81814e-14 -26.9566 -2.1631)
(1.12726e-13 -26.9566 -2.1631)
(2.8029e-14 -27.601 -2.17411)
(0 -27.601 -2.17411)
(4.47506e-14 -28.2636 -2.1854)
(-4.47506e-14 -28.2636 -2.1854)
(5.05148e-14 -28.9452 -2.19697)
(-2.2793e-14 -28.9452 -2.19697)
(-2.75669e-14 -29.6464 -2.20883)
(-1.56704e-13 -29.6464 -2.20883)
(2.74111e-14 -30.3678 -2.221)
(1.09644e-13 -30.3678 -2.221)
(6.32195e-15 -31.1102 -2.23348)
(0 -31.1102 -2.23348)
(2.45431e-14 -31.8744 -2.24628)
(-2.45431e-14 -31.8744 -2.24628)
(0 -32.661 -2.2594)
(-2.15505e-13 -32.661 -2.2594)
(2.67785e-14 -33.471 -2.27287)
(-1.32582e-13 -33.471 -2.27287)
(2.59434e-14 -34.3051 -2.28669)
(5.45851e-14 -34.3051 -2.28669)
(5.29126e-14 -35.1643 -2.30086)
(0 -35.1643 -2.30086)
(-2.69209e-14 -36.0494 -2.31541)
(0 -36.0494 -2.31541)
(0 -36.9615 -2.33034)
(0 -36.9615 -2.33034)
(-2.99058e-14 -37.9015 -2.34566)
(1.0386e-13 -37.9015 -2.34566)
(2.84568e-14 -38.8704 -2.36139)
(0 -38.8704 -2.36139)
(2.56317e-14 -39.8694 -2.37753)
(0 -39.8694 -2.37753)
(-8.45216e-14 -40.8996 -2.3941)
(-2.95292e-14 -40.8996 -2.3941)
(2.52936e-14 -41.9621 -2.41112)
(1.01175e-13 -41.9621 -2.41112)
(9.19256e-14 -43.0582 -2.42859)
(-3.06419e-14 -43.0582 -2.42859)
(0 -44.1892 -2.44654)
(-1.31016e-13 -44.1892 -2.44654)
(3.17965e-14 -45.3564 -2.46496)
(-3.17965e-14 -45.3564 -2.46496)
(-2.46019e-14 -46.5612 -2.48388)
(0 -46.5612 -2.48388)
(0 -47.805 -2.50332)
(-6.47072e-14 -47.805 -2.50332)
(0 -49.0895 -2.52328)
(0 -49.0895 -2.52328)
(0 -50.4161 -2.54378)
(9.6273e-14 -50.4161 -2.54378)
(-4.77747e-14 -51.7865 -2.56485)
(0 -51.7865 -2.56485)
(-2.37049e-14 -53.2025 -2.58649)
(9.48195e-14 -53.2025 -2.58649)
(0 -54.6658 -2.60872)
(0 -54.6658 -2.60872)
(2.3335e-14 -56.1783 -2.63155)
(0 -56.1783 -2.63155)
(6.07026e-14 -57.7419 -2.65502)
(-2.22735e-13 -57.7419 -2.65502)
(-2.29583e-14 -59.3587 -2.67912)
(0 -59.3587 -2.67912)
(5.84553e-14 -61.0308 -2.70389)
(-9.10689e-14 -61.0308 -2.70389)
(0 -62.7603 -2.72933)
(0 -62.7603 -2.72933)
(2.02193e-14 -64.5495 -2.75547)
(0 -64.5495 -2.75547)
(4.43654e-14 -66.4009 -2.78232)
(8.87307e-14 -66.4009 -2.78232)
(6.4949e-14 -68.3167 -2.80991)
(-2.09813e-14 -68.3167 -2.80991)
(2.1783e-14 -70.2996 -2.83824)
(0 -70.2996 -2.83824)
(-4.33519e-14 -72.3521 -2.86733)
(8.632e-14 -72.3521 -2.86733)
(2.13748e-14 -74.477 -2.89721)
(-2.21783e-14 -74.477 -2.89721)
(2.11674e-14 -76.677 -2.92789)
(-8.46696e-14 -76.677 -2.92789)
(0 -78.9549 -2.95938)
(0 -78.9549 -2.95938)
(-2.34436e-14 -81.3137 -2.9917)
(0 -81.3137 -2.9917)
(2.05311e-14 -83.7564 -3.02486)
(-2.38812e-14 -83.7564 -3.02486)
(-2.03141e-14 -86.286 -3.05887)
(8.12566e-14 -86.286 -3.05887)
(2.47811e-14 -88.9056 -3.09374)
(-8.03785e-14 -88.9056 -3.09374)
(-5.37115e-15 -91.6183 -3.12949)
(5.42464e-14 -91.6183 -3.12949)
(1.96478e-14 -94.4271 -3.1661)
(7.8591e-14 -94.4271 -3.1661)
(0 -97.3353 -3.20359)
(-7.7681e-14 -97.3353 -3.20359)
(3.83799e-14 -100.346 -3.24196)
(0 -100.346 -3.24196)
(-1.89569e-14 -103.462 -3.28118)
(0 -103.462 -3.28118)
(1.87208e-14 -106.686 -3.32126)
(0 -106.686 -3.32126)
(3.69637e-14 -110.021 -3.36218)
(4.57212e-14 -110.021 -3.36218)
(0 -113.47 -3.4039)
(-1.01692e-13 -113.47 -3.4039)
(0 -117.035 -3.4464)
(0 -117.035 -3.4464)
(0 -120.718 -3.48964)
(-8.58945e-14 -120.718 -3.48964)
(1.74954e-14 -124.52 -3.53356)
(-6.99816e-14 -124.52 -3.53356)
(1.54695e-14 -128.443 -3.5781)
(-8.44333e-14 -128.443 -3.5781)
(0 -132.487 -3.62319)
(0 -132.487 -3.62319)
(3.34448e-14 -136.653 -3.66873)
(0 -136.653 -3.66873)
(1.64583e-14 -140.938 -3.71462)
(-1.31666e-13 -140.938 -3.71462)
(1.61909e-14 -145.342 -3.76074)
(0 -145.342 -3.76074)
(-1.59203e-14 -149.862 -3.80694)
(6.36814e-14 -149.862 -3.80694)
(-3.29316e-14 -154.493 -3.85308)
(0 -154.493 -3.85308)
(-3.52153e-14 -159.23 -3.89896)
(4.3871e-14 -159.23 -3.89896)
(0 -164.067 -3.94438)
(0 -164.067 -3.94438)
(3.46446e-15 -168.994 -3.98912)
(-7.74977e-14 -168.994 -3.98912)
(0 -174.003 -4.03293)
(0 -174.003 -4.03293)
(1.4232e-14 -179.081 -4.07553)
(-7.58877e-14 -179.081 -4.07553)
(1.93135e-14 -184.213 -4.11664)
(0 -184.213 -4.11664)
(1.36468e-14 -189.385 -4.15593)
(-7.42614e-14 -189.385 -4.15593)
(-3.3392e-14 -194.579 -4.19307)
(0 -194.579 -4.19307)
(1.30526e-14 -199.775 -4.22773)
(-5.22103e-14 -199.775 -4.22773)
(1.27526e-14 -204.951 -4.25953)
(0 -204.951 -4.25953)
(1.43098e-14 -210.087 -4.28813)
(4.98043e-14 -210.087 -4.28813)
(-1.21483e-14 -215.157 -4.31318)
(-2.15802e-14 -215.157 -4.31318)
(-1.18446e-14 -220.137 -4.33432)
(0 -220.137 -4.33432)
(0 -225.002 -4.35125)
(0 -225.002 -4.35125)
(-1.12358e-14 -229.728 -4.36366)
(0 -229.728 -4.36366)
(-1.16186e-14 -234.292 -4.3713)
(2.04886e-14 -234.292 -4.3713)
(1.18355e-14 -238.671 -4.37398)
(-8.50206e-14 -238.671 -4.37398)
(1.03246e-14 -242.846 -4.37155)
(-8.25966e-14 -242.846 -4.37155)
(1.00228e-14 -246.798 -4.36393)
(-4.00913e-14 -246.798 -4.36393)
(0 -250.513 -4.35108)
(2.638e-14 -250.513 -4.35108)
(0 -253.981 -4.33307)
(0 -253.981 -4.33307)
(0 -257.195 -4.31002)
(0 -257.195 -4.31002)
(-1.32245e-14 -260.151 -4.2821)
(0 -260.151 -4.2821)
(8.54504e-15 -262.85 -4.24956)
(-3.41802e-14 -262.85 -4.24956)
(0 -265.296 -4.21269)
(3.30314e-14 -265.296 -4.21269)
(7.97403e-15 -267.495 -4.17182)
(0 -267.495 -4.17182)
(-7.69382e-15 -269.459 -4.12732)
(-3.78952e-14 -269.459 -4.12732)
(7.25285e-15 -271.199 -4.07959)
(-3.69223e-14 -271.199 -4.07959)
(1.42896e-14 -272.731 -4.029)
(-2.85793e-14 -272.731 -4.029)
(1.37526e-14 -274.068 -3.97597)
(1.50523e-14 -274.068 -3.97597)
(2.8557e-14 -275.228 -3.92088)
(-4.17807e-14 -275.228 -3.92088)
(1.27032e-14 -276.228 -3.86411)
(0 -276.228 -3.86411)
(1.40511e-14 -277.083 -3.80599)
(-4.87647e-14 -277.083 -3.80599)
(8.10403e-15 -277.809 -3.74688)
(-3.14792e-14 -277.809 -3.74688)
(-1.09144e-14 -278.423 -3.68705)
(-2.23851e-14 -278.423 -3.68705)
(0 -278.938 -3.62678)
(8.40941e-15 -278.938 -3.62678)
(1.66142e-15 -279.366 -3.56631)
(8.56638e-15 -279.366 -3.56631)
(-4.87903e-15 -279.721 -3.50584)
(0 -279.721 -3.50584)
(4.85203e-15 -280.014 -3.44555)
(1.41487e-14 -280.014 -3.44555)
(-4.52756e-15 -280.253 -3.38559)
(0 -280.253 -3.38559)
(-4.19917e-15 -280.447 -3.32609)
(-1.67967e-14 -280.447 -3.32609)
(-7.17524e-16 -280.603 -3.26717)
(4.69817e-15 -280.603 -3.26717)
(8.55194e-15 -280.729 -3.20889)
(-4.78587e-15 -280.729 -3.20889)
(-8.43059e-15 -280.83 -3.15135)
(3.33183e-14 -280.83 -3.15135)
(0 -280.909 -3.09458)
(0 -280.909 -3.09458)
(3.14545e-15 -280.972 -3.03863)
(-1.25818e-14 -280.972 -3.03863)
(5.89215e-15 -281.021 -2.98354)
(1.17843e-14 -281.021 -2.98354)
(2.51131e-16 -281.06 -2.92932)
(8.37657e-15 -281.06 -2.92932)
(5.46313e-15 -281.09 -2.87598)
(-2.58129e-14 -281.09 -2.87598)
(5.44735e-15 -281.113 -2.82354)
(0 -281.113 -2.82354)
(0 -281.131 -2.772)
(0 -281.131 -2.772)
(2.8263e-15 -281.144 -2.72136)
(-1.08364e-14 -281.144 -2.72136)
(1.82406e-15 -281.155 -2.6716)
(-7.29624e-15 -281.155 -2.6716)
(0 -281.163 -2.62273)
(-2.93281e-15 -281.163 -2.62273)
(-1.49377e-15 -281.17 -2.57474)
(-5.90742e-15 -281.17 -2.57474)
(2.82967e-15 -281.175 -2.52761)
(0 -281.175 -2.52761)
(1.14225e-15 -281.179 -2.48133)
(-4.56901e-15 -281.179 -2.48133)
(9.79534e-16 -281.182 -2.43589)
(-3.91814e-15 -281.182 -2.43589)
(0 -281.185 -2.39128)
(-3.27919e-15 -281.185 -2.39128)
(6.62986e-16 -281.187 -2.34748)
(1.8327e-15 -281.187 -2.34748)
(1.0181e-15 -281.189 -2.30448)
(-2.87074e-15 -281.189 -2.30448)
(3.57932e-16 -281.19 -2.26226)
(-5.81606e-16 -281.19 -2.26226)
(-2.09584e-16 -281.191 -2.22081)
(-8.38335e-16 -281.191 -2.22081)
(0 -281.192 -2.18013)
(-4.41078e-16 -281.192 -2.18013)
(0 -281.192 -1.57087)
(0 -281.192 -1.57087)
(0 -281.192 -0.520386)
(0 -281.192 -0.520386)
)
;

boundaryField
{
    walls
    {
        type            extrapolatedCalculated;
        value           nonuniform List<vector> 8((0 281.192 0.520385) (0 281.192 -0.520385) (0 281.192 0.520385) (0 281.192 -0.520385) (0 -281.192 0.520386) (0 -281.192 -0.520386) (-1.14424e-16 -281.192 0.520386) (0 -281.192 -0.520386));
    }
    inlet
    {
        type            cyclic;
    }
    outlet
    {
        type            cyclic;
    }
    sides
    {
        type            empty;
    }
}


// ************************************************************************* //
