/*--------------------------------*- C++ -*----------------------------------*\
| =========                 |                                                 |
| \\      /  F ield         | OpenFOAM: The Open Source CFD Toolbox           |
|  \\    /   O peration     | Version:  2106                                  |
|   \\  /    A nd           | Website:  www.openfoam.com                      |
|    \\/     M anipulation  |                                                 |
\*---------------------------------------------------------------------------*/
FoamFile
{
    version     2.0;
    format      ascii;
    arch        "LSB;label=32;scalar=64";
    class       volScalarField;
    location    "10090";
    object      omega;
}
// * * * * * * * * * * * * * * * * * * * * * * * * * * * * * * * * * * * * * //

dimensions      [0 0 -1 0 0 0 0];

internalField   nonuniform List<scalar> 
2000
(
373739
373739
64866.5
64866.5
21904.6
21904.6
10286.7
10286.7
5806.91
5806.91
3674.26
3674.26
2510.47
2510.47
1812.46
1812.46
1364.09
1364.09
1060.77
1060.77
847.167
847.167
691.858
691.858
575.959
575.959
487.575
487.575
418.915
418.915
364.699
364.699
321.247
321.247
285.932
285.932
256.841
256.841
232.561
232.561
212.035
212.035
194.467
194.467
179.255
179.255
165.94
165.94
154.172
154.172
143.683
143.683
134.265
134.265
125.756
125.756
118.027
118.027
110.977
110.977
104.522
104.522
98.5926
98.5926
93.1319
93.1319
88.0909
88.0909
83.4275
83.4275
79.1053
79.1053
75.0923
75.0923
71.3604
71.3604
67.8847
67.8847
64.6428
64.6428
61.6149
61.6149
58.7831
58.7831
56.1313
56.1313
53.645
53.645
51.3111
51.3111
49.1176
49.1176
47.0538
47.0538
45.1099
45.1099
43.2769
43.2769
41.5467
41.5467
39.912
39.912
38.3658
38.3658
36.9021
36.9021
35.5151
35.5151
34.1996
34.1996
32.9509
32.9509
31.7646
31.7646
30.6365
30.6365
29.5631
29.5631
28.5407
28.5407
27.5664
27.5664
26.6371
26.6371
25.7501
25.7501
24.9029
24.9029
24.0932
24.0932
23.3188
23.3188
22.5777
22.5777
21.8681
21.8681
21.1882
21.1882
20.5363
20.5363
19.911
19.911
19.3109
19.3109
18.7345
18.7345
18.1808
18.1808
17.6486
17.6486
17.1367
17.1367
16.6441
16.6441
16.17
16.17
15.7134
15.7134
15.2734
15.2734
14.8493
14.8493
14.4404
14.4404
14.0459
14.0459
13.6652
13.6652
13.2976
13.2976
12.9426
12.9426
12.5997
12.5997
12.2682
12.2682
11.9477
11.9477
11.6378
11.6378
11.3379
11.3379
11.0477
11.0477
10.7668
10.7668
10.4947
10.4947
10.2312
10.2312
9.97589
9.97589
9.72843
9.72843
9.48852
9.48852
9.25588
9.25588
9.03022
9.03022
8.81128
8.81128
8.5988
8.5988
8.39255
8.39255
8.1923
8.1923
7.99782
7.99782
7.8089
7.8089
7.62535
7.62535
7.44698
7.44698
7.2736
7.2736
7.10503
7.10503
6.94112
6.94112
6.78169
6.78169
6.62661
6.62661
6.47571
6.47571
6.32886
6.32886
6.18593
6.18593
6.04679
6.04679
5.91131
5.91131
5.77937
5.77937
5.65086
5.65086
5.52567
5.52567
5.4037
5.4037
5.28484
5.28484
5.16899
5.16899
5.05607
5.05607
4.94598
4.94598
4.83864
4.83864
4.73395
4.73395
4.63185
4.63185
4.53226
4.53226
4.43509
4.43509
4.34029
4.34029
4.24777
4.24777
4.15748
4.15748
4.06934
4.06934
3.9833
3.9833
3.8993
3.8993
3.81727
3.81727
3.73717
3.73717
3.65893
3.65893
3.58251
3.58251
3.50786
3.50786
3.43492
3.43492
3.36366
3.36366
3.29401
3.29401
3.22595
3.22595
3.15942
3.15942
3.09439
3.09439
3.03082
3.03082
2.96867
2.96867
2.90789
2.90789
2.84846
2.84846
2.79033
2.79033
2.73348
2.73348
2.67787
2.67787
2.62347
2.62347
2.57025
2.57025
2.51818
2.51818
2.46722
2.46722
2.41736
2.41736
2.36855
2.36855
2.32079
2.32079
2.27403
2.27403
2.22825
2.22825
2.18344
2.18344
2.13956
2.13956
2.0966
2.0966
2.05452
2.05452
2.01332
2.01332
1.97296
1.97296
1.93342
1.93342
1.8947
1.8947
1.85676
1.85676
1.81958
1.81958
1.78316
1.78316
1.74746
1.74746
1.71248
1.71248
1.6782
1.6782
1.64459
1.64459
1.61165
1.61165
1.57935
1.57935
1.54769
1.54769
1.51664
1.51664
1.48619
1.48619
1.45634
1.45634
1.42705
1.42705
1.39832
1.39832
1.37014
1.37014
1.34249
1.34249
1.31537
1.31537
1.28875
1.28875
1.26263
1.26263
1.23699
1.23699
1.21182
1.21182
1.18712
1.18712
1.16287
1.16287
1.13905
1.13905
1.11567
1.11567
1.09271
1.09271
1.07015
1.07015
1.048
1.048
1.02623
1.02623
1.00485
1.00485
0.98384
0.98384
0.963194
0.963194
0.942903
0.942903
0.92296
0.92296
0.903357
0.903357
0.884086
0.884086
0.86514
0.86514
0.846513
0.846513
0.828197
0.828197
0.810186
0.810186
0.792475
0.792475
0.775058
0.775058
0.75793
0.75793
0.741087
0.741087
0.724523
0.724523
0.708237
0.708237
0.692224
0.692224
0.676482
0.676482
0.661009
0.661009
0.645805
0.645805
0.63087
0.63087
0.616204
0.616204
0.601808
0.601808
0.587688
0.587688
0.573845
0.573845
0.560288
0.560288
0.547022
0.547022
0.534058
0.534058
0.521406
0.521406
0.50908
0.50908
0.497097
0.497097
0.485476
0.485476
0.474238
0.474238
0.463409
0.463409
0.453019
0.453019
0.443102
0.443102
0.433694
0.433694
0.42484
0.42484
0.416587
0.416587
0.408987
0.408987
0.402097
0.402097
0.395981
0.395981
0.390705
0.390705
0.386339
0.386339
0.382955
0.382955
0.380627
0.380627
0.379427
0.379427
373739
373739
64866.5
64866.5
21904.6
21904.6
10286.7
10286.7
5806.91
5806.91
3674.26
3674.26
2510.47
2510.47
1812.46
1812.46
1364.09
1364.09
1060.77
1060.77
847.167
847.167
691.858
691.858
575.959
575.959
487.575
487.575
418.915
418.915
364.699
364.699
321.247
321.247
285.932
285.932
256.841
256.841
232.561
232.561
212.035
212.035
194.467
194.467
179.255
179.255
165.94
165.94
154.172
154.172
143.683
143.683
134.265
134.265
125.756
125.756
118.027
118.027
110.977
110.977
104.522
104.522
98.5926
98.5926
93.1319
93.1319
88.0909
88.0909
83.4275
83.4275
79.1053
79.1053
75.0923
75.0923
71.3604
71.3604
67.8847
67.8847
64.6428
64.6428
61.6149
61.6149
58.7831
58.7831
56.1313
56.1313
53.645
53.645
51.3111
51.3111
49.1176
49.1176
47.0538
47.0538
45.1099
45.1099
43.2769
43.2769
41.5467
41.5467
39.912
39.912
38.3658
38.3658
36.9021
36.9021
35.5151
35.5151
34.1996
34.1996
32.9509
32.9509
31.7646
31.7646
30.6365
30.6365
29.5631
29.5631
28.5407
28.5407
27.5664
27.5664
26.6371
26.6371
25.7501
25.7501
24.9029
24.9029
24.0932
24.0932
23.3188
23.3188
22.5777
22.5777
21.8681
21.8681
21.1882
21.1882
20.5363
20.5363
19.911
19.911
19.3109
19.3109
18.7345
18.7345
18.1808
18.1808
17.6486
17.6486
17.1367
17.1367
16.6441
16.6441
16.17
16.17
15.7134
15.7134
15.2734
15.2734
14.8493
14.8493
14.4404
14.4404
14.0459
14.0459
13.6652
13.6652
13.2976
13.2976
12.9426
12.9426
12.5997
12.5997
12.2682
12.2682
11.9477
11.9477
11.6378
11.6378
11.3379
11.3379
11.0477
11.0477
10.7668
10.7668
10.4947
10.4947
10.2312
10.2312
9.97589
9.97589
9.72843
9.72843
9.48852
9.48852
9.25588
9.25588
9.03022
9.03022
8.81128
8.81128
8.5988
8.5988
8.39255
8.39255
8.1923
8.1923
7.99782
7.99782
7.8089
7.8089
7.62535
7.62535
7.44698
7.44698
7.2736
7.2736
7.10503
7.10503
6.94112
6.94112
6.78169
6.78169
6.62661
6.62661
6.47571
6.47571
6.32886
6.32886
6.18593
6.18593
6.04679
6.04679
5.91131
5.91131
5.77937
5.77937
5.65086
5.65086
5.52567
5.52567
5.4037
5.4037
5.28484
5.28484
5.16899
5.16899
5.05607
5.05607
4.94598
4.94598
4.83864
4.83864
4.73395
4.73395
4.63185
4.63185
4.53226
4.53226
4.43509
4.43509
4.34029
4.34029
4.24777
4.24777
4.15748
4.15748
4.06934
4.06934
3.9833
3.9833
3.8993
3.8993
3.81727
3.81727
3.73717
3.73717
3.65893
3.65893
3.58251
3.58251
3.50786
3.50786
3.43492
3.43492
3.36366
3.36366
3.29401
3.29401
3.22595
3.22595
3.15942
3.15942
3.09439
3.09439
3.03082
3.03082
2.96867
2.96867
2.90789
2.90789
2.84846
2.84846
2.79033
2.79033
2.73348
2.73348
2.67787
2.67787
2.62347
2.62347
2.57025
2.57025
2.51818
2.51818
2.46722
2.46722
2.41736
2.41736
2.36855
2.36855
2.32079
2.32079
2.27403
2.27403
2.22825
2.22825
2.18344
2.18344
2.13956
2.13956
2.0966
2.0966
2.05452
2.05452
2.01332
2.01332
1.97296
1.97296
1.93342
1.93342
1.8947
1.8947
1.85676
1.85676
1.81958
1.81958
1.78316
1.78316
1.74746
1.74746
1.71248
1.71248
1.6782
1.6782
1.64459
1.64459
1.61165
1.61165
1.57935
1.57935
1.54769
1.54769
1.51664
1.51664
1.48619
1.48619
1.45634
1.45634
1.42705
1.42705
1.39832
1.39832
1.37014
1.37014
1.34249
1.34249
1.31537
1.31537
1.28875
1.28875
1.26263
1.26263
1.23699
1.23699
1.21182
1.21182
1.18712
1.18712
1.16287
1.16287
1.13905
1.13905
1.11567
1.11567
1.09271
1.09271
1.07015
1.07015
1.048
1.048
1.02623
1.02623
1.00485
1.00485
0.98384
0.98384
0.963194
0.963194
0.942903
0.942903
0.92296
0.92296
0.903357
0.903357
0.884086
0.884086
0.86514
0.86514
0.846513
0.846513
0.828197
0.828197
0.810186
0.810186
0.792475
0.792475
0.775058
0.775058
0.75793
0.75793
0.741087
0.741087
0.724523
0.724523
0.708237
0.708237
0.692224
0.692224
0.676482
0.676482
0.661009
0.661009
0.645805
0.645805
0.63087
0.63087
0.616204
0.616204
0.601808
0.601808
0.587688
0.587688
0.573845
0.573845
0.560288
0.560288
0.547022
0.547022
0.534058
0.534058
0.521406
0.521406
0.50908
0.50908
0.497097
0.497097
0.485476
0.485476
0.474238
0.474238
0.463409
0.463409
0.453019
0.453019
0.443102
0.443102
0.433694
0.433694
0.42484
0.42484
0.416587
0.416587
0.408987
0.408987
0.402097
0.402097
0.395981
0.395981
0.390705
0.390705
0.386339
0.386339
0.382955
0.382955
0.380627
0.380627
0.379427
0.379427
0.379427
0.379427
0.380627
0.380627
0.382955
0.382955
0.386339
0.386339
0.390705
0.390705
0.395981
0.395981
0.402097
0.402097
0.408987
0.408987
0.416587
0.416587
0.42484
0.42484
0.433694
0.433694
0.443102
0.443102
0.453019
0.453019
0.463409
0.463409
0.474237
0.474237
0.485475
0.485475
0.497097
0.497097
0.50908
0.50908
0.521406
0.521406
0.534057
0.534057
0.547022
0.547022
0.560288
0.560288
0.573845
0.573845
0.587688
0.587688
0.601808
0.601808
0.616203
0.616203
0.63087
0.63087
0.645805
0.645805
0.661009
0.661009
0.676482
0.676482
0.692223
0.692223
0.708237
0.708237
0.724523
0.724523
0.741087
0.741087
0.75793
0.75793
0.775058
0.775058
0.792475
0.792475
0.810186
0.810186
0.828196
0.828196
0.846512
0.846512
0.86514
0.86514
0.884086
0.884086
0.903357
0.903357
0.92296
0.92296
0.942903
0.942903
0.963193
0.963193
0.98384
0.98384
1.00485
1.00485
1.02623
1.02623
1.048
1.048
1.07015
1.07015
1.09271
1.09271
1.11567
1.11567
1.13905
1.13905
1.16287
1.16287
1.18712
1.18712
1.21182
1.21182
1.23699
1.23699
1.26263
1.26263
1.28875
1.28875
1.31537
1.31537
1.34249
1.34249
1.37014
1.37014
1.39832
1.39832
1.42705
1.42705
1.45634
1.45634
1.48619
1.48619
1.51664
1.51664
1.54769
1.54769
1.57935
1.57935
1.61165
1.61165
1.64459
1.64459
1.6782
1.6782
1.71248
1.71248
1.74746
1.74746
1.78316
1.78316
1.81958
1.81958
1.85676
1.85676
1.8947
1.8947
1.93342
1.93342
1.97296
1.97296
2.01332
2.01332
2.05452
2.05452
2.0966
2.0966
2.13956
2.13956
2.18344
2.18344
2.22825
2.22825
2.27403
2.27403
2.32079
2.32079
2.36855
2.36855
2.41736
2.41736
2.46722
2.46722
2.51818
2.51818
2.57025
2.57025
2.62347
2.62347
2.67787
2.67787
2.73348
2.73348
2.79033
2.79033
2.84846
2.84846
2.90789
2.90789
2.96867
2.96867
3.03082
3.03082
3.09439
3.09439
3.15942
3.15942
3.22595
3.22595
3.29401
3.29401
3.36366
3.36366
3.43492
3.43492
3.50786
3.50786
3.58251
3.58251
3.65893
3.65893
3.73717
3.73717
3.81727
3.81727
3.8993
3.8993
3.9833
3.9833
4.06934
4.06934
4.15748
4.15748
4.24777
4.24777
4.34029
4.34029
4.43509
4.43509
4.53226
4.53226
4.63185
4.63185
4.73395
4.73395
4.83864
4.83864
4.94598
4.94598
5.05607
5.05607
5.16899
5.16899
5.28484
5.28484
5.4037
5.4037
5.52567
5.52567
5.65086
5.65086
5.77937
5.77937
5.91131
5.91131
6.04679
6.04679
6.18593
6.18593
6.32886
6.32886
6.47571
6.47571
6.62661
6.62661
6.78169
6.78169
6.94112
6.94112
7.10503
7.10503
7.2736
7.2736
7.44698
7.44698
7.62535
7.62535
7.8089
7.8089
7.99782
7.99782
8.1923
8.1923
8.39255
8.39255
8.5988
8.5988
8.81128
8.81128
9.03022
9.03022
9.25588
9.25588
9.48852
9.48852
9.72843
9.72843
9.97589
9.97589
10.2312
10.2312
10.4947
10.4947
10.7668
10.7668
11.0477
11.0477
11.3379
11.3379
11.6378
11.6378
11.9477
11.9477
12.2682
12.2682
12.5997
12.5997
12.9426
12.9426
13.2976
13.2976
13.6652
13.6652
14.0459
14.0459
14.4404
14.4404
14.8493
14.8493
15.2734
15.2734
15.7134
15.7134
16.17
16.17
16.6441
16.6441
17.1367
17.1367
17.6486
17.6486
18.1808
18.1808
18.7345
18.7345
19.3109
19.3109
19.911
19.911
20.5363
20.5363
21.1882
21.1882
21.8681
21.8681
22.5777
22.5777
23.3188
23.3188
24.0932
24.0932
24.9029
24.9029
25.7501
25.7501
26.6371
26.6371
27.5664
27.5664
28.5407
28.5407
29.5631
29.5631
30.6365
30.6365
31.7646
31.7646
32.9509
32.9509
34.1996
34.1996
35.5151
35.5151
36.9021
36.9021
38.3658
38.3658
39.912
39.912
41.5467
41.5467
43.2769
43.2769
45.1099
45.1099
47.0538
47.0538
49.1176
49.1176
51.3111
51.3111
53.645
53.645
56.1313
56.1313
58.7831
58.7831
61.6149
61.6149
64.6428
64.6428
67.8847
67.8847
71.3604
71.3604
75.0923
75.0923
79.1053
79.1053
83.4275
83.4275
88.0909
88.0909
93.1319
93.1319
98.5926
98.5926
104.522
104.522
110.977
110.977
118.027
118.027
125.756
125.756
134.265
134.265
143.683
143.683
154.172
154.172
165.94
165.94
179.255
179.255
194.467
194.467
212.035
212.035
232.561
232.561
256.841
256.841
285.932
285.932
321.247
321.247
364.699
364.699
418.915
418.915
487.575
487.575
575.958
575.958
691.858
691.858
847.167
847.167
1060.77
1060.77
1364.09
1364.09
1812.46
1812.46
2510.47
2510.47
3674.26
3674.26
5806.9
5806.9
10286.7
10286.7
21904.6
21904.6
64866.3
64866.3
373737
373737
0.379427
0.379427
0.380627
0.380627
0.382955
0.382955
0.386339
0.386339
0.390705
0.390705
0.395981
0.395981
0.402097
0.402097
0.408987
0.408987
0.416587
0.416587
0.42484
0.42484
0.433694
0.433694
0.443102
0.443102
0.453019
0.453019
0.463409
0.463409
0.474237
0.474237
0.485475
0.485475
0.497097
0.497097
0.50908
0.50908
0.521406
0.521406
0.534057
0.534057
0.547022
0.547022
0.560288
0.560288
0.573845
0.573845
0.587688
0.587688
0.601808
0.601808
0.616203
0.616203
0.63087
0.63087
0.645805
0.645805
0.661009
0.661009
0.676482
0.676482
0.692223
0.692223
0.708237
0.708237
0.724523
0.724523
0.741087
0.741087
0.75793
0.75793
0.775058
0.775058
0.792475
0.792475
0.810186
0.810186
0.828196
0.828196
0.846512
0.846512
0.86514
0.86514
0.884086
0.884086
0.903357
0.903357
0.92296
0.92296
0.942903
0.942903
0.963193
0.963193
0.98384
0.98384
1.00485
1.00485
1.02623
1.02623
1.048
1.048
1.07015
1.07015
1.09271
1.09271
1.11567
1.11567
1.13905
1.13905
1.16287
1.16287
1.18712
1.18712
1.21182
1.21182
1.23699
1.23699
1.26263
1.26263
1.28875
1.28875
1.31537
1.31537
1.34249
1.34249
1.37014
1.37014
1.39832
1.39832
1.42705
1.42705
1.45634
1.45634
1.48619
1.48619
1.51664
1.51664
1.54769
1.54769
1.57935
1.57935
1.61165
1.61165
1.64459
1.64459
1.6782
1.6782
1.71248
1.71248
1.74746
1.74746
1.78316
1.78316
1.81958
1.81958
1.85676
1.85676
1.8947
1.8947
1.93342
1.93342
1.97296
1.97296
2.01332
2.01332
2.05452
2.05452
2.0966
2.0966
2.13956
2.13956
2.18344
2.18344
2.22825
2.22825
2.27403
2.27403
2.32079
2.32079
2.36855
2.36855
2.41736
2.41736
2.46722
2.46722
2.51818
2.51818
2.57025
2.57025
2.62347
2.62347
2.67787
2.67787
2.73348
2.73348
2.79033
2.79033
2.84846
2.84846
2.90789
2.90789
2.96867
2.96867
3.03082
3.03082
3.09439
3.09439
3.15942
3.15942
3.22595
3.22595
3.29401
3.29401
3.36366
3.36366
3.43492
3.43492
3.50786
3.50786
3.58251
3.58251
3.65893
3.65893
3.73717
3.73717
3.81727
3.81727
3.8993
3.8993
3.9833
3.9833
4.06934
4.06934
4.15748
4.15748
4.24777
4.24777
4.34029
4.34029
4.43509
4.43509
4.53226
4.53226
4.63185
4.63185
4.73395
4.73395
4.83864
4.83864
4.94598
4.94598
5.05607
5.05607
5.16899
5.16899
5.28484
5.28484
5.4037
5.4037
5.52567
5.52567
5.65086
5.65086
5.77937
5.77937
5.91131
5.91131
6.04679
6.04679
6.18593
6.18593
6.32886
6.32886
6.47571
6.47571
6.62661
6.62661
6.78169
6.78169
6.94112
6.94112
7.10503
7.10503
7.2736
7.2736
7.44698
7.44698
7.62535
7.62535
7.8089
7.8089
7.99782
7.99782
8.1923
8.1923
8.39255
8.39255
8.5988
8.5988
8.81128
8.81128
9.03022
9.03022
9.25588
9.25588
9.48852
9.48852
9.72843
9.72843
9.97589
9.97589
10.2312
10.2312
10.4947
10.4947
10.7668
10.7668
11.0477
11.0477
11.3379
11.3379
11.6378
11.6378
11.9477
11.9477
12.2682
12.2682
12.5997
12.5997
12.9426
12.9426
13.2976
13.2976
13.6652
13.6652
14.0459
14.0459
14.4404
14.4404
14.8493
14.8493
15.2734
15.2734
15.7134
15.7134
16.17
16.17
16.6441
16.6441
17.1367
17.1367
17.6486
17.6486
18.1808
18.1808
18.7345
18.7345
19.3109
19.3109
19.911
19.911
20.5363
20.5363
21.1882
21.1882
21.8681
21.8681
22.5777
22.5777
23.3188
23.3188
24.0932
24.0932
24.9029
24.9029
25.7501
25.7501
26.6371
26.6371
27.5664
27.5664
28.5407
28.5407
29.5631
29.5631
30.6365
30.6365
31.7646
31.7646
32.9509
32.9509
34.1996
34.1996
35.5151
35.5151
36.9021
36.9021
38.3658
38.3658
39.912
39.912
41.5467
41.5467
43.2769
43.2769
45.1099
45.1099
47.0538
47.0538
49.1176
49.1176
51.3111
51.3111
53.645
53.645
56.1313
56.1313
58.7831
58.7831
61.6149
61.6149
64.6428
64.6428
67.8847
67.8847
71.3604
71.3604
75.0923
75.0923
79.1053
79.1053
83.4275
83.4275
88.0909
88.0909
93.1319
93.1319
98.5926
98.5926
104.522
104.522
110.977
110.977
118.027
118.027
125.756
125.756
134.265
134.265
143.683
143.683
154.172
154.172
165.94
165.94
179.255
179.255
194.467
194.467
212.035
212.035
232.561
232.561
256.841
256.841
285.932
285.932
321.247
321.247
364.699
364.699
418.915
418.915
487.575
487.575
575.958
575.958
691.858
691.858
847.167
847.167
1060.77
1060.77
1364.09
1364.09
1812.46
1812.46
2510.47
2510.47
3674.26
3674.26
5806.9
5806.9
10286.7
10286.7
21904.6
21904.6
64866.3
64866.3
373737
373737
)
;

boundaryField
{
    walls
    {
        blending        binomial2;
        n               2;
        beta1           0.075;
        type            omegaWallFunction;
        value           nonuniform List<scalar> 8(373739 373739 373739 373739 373737 373737 373737 373737);
    }
    inlet
    {
        type            cyclic;
    }
    outlet
    {
        type            cyclic;
    }
    sides
    {
        type            empty;
    }
}


// ************************************************************************* //
