/*--------------------------------*- C++ -*----------------------------------*\
| =========                 |                                                 |
| \\      /  F ield         | OpenFOAM: The Open Source CFD Toolbox           |
|  \\    /   O peration     | Version:  2106                                  |
|   \\  /    A nd           | Website:  www.openfoam.com                      |
|    \\/     M anipulation  |                                                 |
\*---------------------------------------------------------------------------*/
FoamFile
{
    version     2.0;
    format      ascii;
    arch        "LSB;label=32;scalar=64";
    class       volScalarField;
    location    "10100";
    object      omega;
}
// * * * * * * * * * * * * * * * * * * * * * * * * * * * * * * * * * * * * * //

dimensions      [0 0 -1 0 0 0 0];

internalField   nonuniform List<scalar> 
2000
(
3.27021e+06
3.27021e+06
567580
567580
191659
191659
89995.1
89995.1
50786.7
50786.7
32112.8
32112.8
21913.5
21913.5
15787.1
15787.1
11842.4
11842.4
9164.81
9164.81
7270.45
7270.45
5884.85
5884.85
4843.3
4843.3
4042.3
4042.3
3414.29
3414.29
2913.67
2913.67
2508.84
2508.84
2177.34
2177.34
1902.85
1902.85
1673.33
1673.33
1479.72
1479.72
1315.1
1315.1
1174.13
1174.13
1052.64
1052.64
947.304
947.304
855.487
855.487
775.057
775.057
704.279
704.279
641.732
641.732
586.244
586.244
536.839
536.839
492.704
492.704
453.153
453.153
417.605
417.605
385.569
385.569
356.624
356.624
330.409
330.409
306.613
306.613
284.968
284.968
265.239
265.239
247.225
247.225
230.747
230.747
215.649
215.649
201.795
201.795
189.062
189.062
177.344
177.344
166.547
166.547
156.584
156.584
147.382
147.382
138.873
138.873
130.995
130.995
123.696
123.696
116.926
116.926
110.64
110.64
104.8
104.8
99.3685
99.3685
94.3132
94.3132
89.6042
89.6042
85.2142
85.2142
81.1185
81.1185
77.2942
77.2942
73.7205
73.7205
70.3782
70.3782
67.2498
67.2498
64.3191
64.3191
61.5711
61.5711
58.9921
58.9921
56.5693
56.5693
54.2909
54.2909
52.1461
52.1461
50.1248
50.1248
48.2177
48.2177
46.4162
46.4162
44.7123
44.7123
43.0989
43.0989
41.5689
41.5689
40.1164
40.1164
38.7355
38.7355
37.421
37.421
36.1681
36.1681
34.9723
34.9723
33.8297
33.8297
32.7365
32.7365
31.6895
31.6895
30.6856
30.6856
29.7221
29.7221
28.7963
28.7963
27.9061
27.9061
27.0493
27.0493
26.2242
26.2242
25.4289
25.4289
24.6619
24.6619
23.9219
23.9219
23.2075
23.2075
22.5175
22.5175
21.8508
21.8508
21.2065
21.2065
20.5836
20.5836
19.9812
19.9812
19.3985
19.3985
18.8348
18.8348
18.2894
18.2894
17.7615
17.7615
17.2507
17.2507
16.7562
16.7562
16.2774
16.2774
15.8139
15.8139
15.3652
15.3652
14.9307
14.9307
14.5099
14.5099
14.1024
14.1024
13.7077
13.7077
13.3255
13.3255
12.9552
12.9552
12.5966
12.5966
12.2491
12.2491
11.9125
11.9125
11.5864
11.5864
11.2703
11.2703
10.9641
10.9641
10.6674
10.6674
10.3797
10.3797
10.101
10.101
9.83075
9.83075
9.56878
9.56878
9.31479
9.31479
9.06852
9.06852
8.82971
8.82971
8.59811
8.59811
8.37347
8.37347
8.15557
8.15557
7.94417
7.94417
7.73907
7.73907
7.54005
7.54005
7.3469
7.3469
7.15944
7.15944
6.97748
6.97748
6.80082
6.80082
6.6293
6.6293
6.46275
6.46275
6.301
6.301
6.14389
6.14389
5.99128
5.99128
5.843
5.843
5.69893
5.69893
5.55893
5.55893
5.42285
5.42285
5.29058
5.29058
5.162
5.162
5.03697
5.03697
4.9154
4.9154
4.79716
4.79716
4.68215
4.68215
4.57027
4.57027
4.46142
4.46142
4.35551
4.35551
4.25243
4.25243
4.15211
4.15211
4.05445
4.05445
3.95937
3.95937
3.86679
3.86679
3.77663
3.77663
3.68883
3.68883
3.6033
3.6033
3.51998
3.51998
3.43879
3.43879
3.35968
3.35968
3.28258
3.28258
3.20743
3.20743
3.13416
3.13416
3.06274
3.06274
2.99309
2.99309
2.92516
2.92516
2.85891
2.85891
2.79428
2.79428
2.73123
2.73123
2.66971
2.66971
2.60967
2.60967
2.55107
2.55107
2.49387
2.49387
2.43803
2.43803
2.3835
2.3835
2.33026
2.33026
2.27825
2.27825
2.22745
2.22745
2.17782
2.17782
2.12933
2.12933
2.08194
2.08194
2.03562
2.03562
1.99035
1.99035
1.94609
1.94609
1.90281
1.90281
1.86048
1.86048
1.81908
1.81908
1.77858
1.77858
1.73896
1.73896
1.70019
1.70019
1.66224
1.66224
1.6251
1.6251
1.58874
1.58874
1.55314
1.55314
1.51827
1.51827
1.48412
1.48412
1.45066
1.45066
1.41789
1.41789
1.38577
1.38577
1.35429
1.35429
1.32344
1.32344
1.29319
1.29319
1.26353
1.26353
1.23445
1.23445
1.20593
1.20593
1.17795
1.17795
1.15051
1.15051
1.12358
1.12358
1.09717
1.09717
1.07125
1.07125
1.04582
1.04582
1.02087
1.02087
0.996394
0.996394
0.972376
0.972376
0.948816
0.948816
0.925707
0.925707
0.903048
0.903048
0.880835
0.880835
0.85907
0.85907
0.837752
0.837752
0.816887
0.816887
0.796479
0.796479
0.776538
0.776538
0.757074
0.757074
0.738102
0.738102
0.719639
0.719639
0.701708
0.701708
0.684334
0.684334
0.667548
0.667548
0.651386
0.651386
0.635889
0.635889
0.621105
0.621105
0.60709
0.60709
0.593904
0.593904
0.581618
0.581618
0.570307
0.570307
0.560057
0.560057
0.550958
0.550958
0.54311
0.54311
0.536616
0.536616
0.531583
0.531583
0.528121
0.528121
0.526336
0.526336
3.27021e+06
3.27021e+06
567580
567580
191659
191659
89995.1
89995.1
50786.7
50786.7
32112.8
32112.8
21913.5
21913.5
15787.1
15787.1
11842.4
11842.4
9164.81
9164.81
7270.45
7270.45
5884.85
5884.85
4843.3
4843.3
4042.3
4042.3
3414.29
3414.29
2913.67
2913.67
2508.84
2508.84
2177.34
2177.34
1902.85
1902.85
1673.33
1673.33
1479.72
1479.72
1315.1
1315.1
1174.13
1174.13
1052.64
1052.64
947.304
947.304
855.487
855.487
775.057
775.057
704.279
704.279
641.732
641.732
586.244
586.244
536.839
536.839
492.704
492.704
453.153
453.153
417.605
417.605
385.569
385.569
356.624
356.624
330.409
330.409
306.613
306.613
284.968
284.968
265.239
265.239
247.225
247.225
230.747
230.747
215.649
215.649
201.795
201.795
189.062
189.062
177.344
177.344
166.547
166.547
156.584
156.584
147.382
147.382
138.873
138.873
130.995
130.995
123.696
123.696
116.926
116.926
110.64
110.64
104.8
104.8
99.3685
99.3685
94.3132
94.3132
89.6042
89.6042
85.2142
85.2142
81.1185
81.1185
77.2942
77.2942
73.7205
73.7205
70.3782
70.3782
67.2498
67.2498
64.3191
64.3191
61.5711
61.5711
58.9921
58.9921
56.5693
56.5693
54.2909
54.2909
52.1461
52.1461
50.1248
50.1248
48.2177
48.2177
46.4162
46.4162
44.7123
44.7123
43.0989
43.0989
41.5689
41.5689
40.1164
40.1164
38.7355
38.7355
37.421
37.421
36.1681
36.1681
34.9723
34.9723
33.8297
33.8297
32.7365
32.7365
31.6895
31.6895
30.6856
30.6856
29.7221
29.7221
28.7963
28.7963
27.9061
27.9061
27.0493
27.0493
26.2242
26.2242
25.4289
25.4289
24.6619
24.6619
23.9219
23.9219
23.2075
23.2075
22.5175
22.5175
21.8508
21.8508
21.2065
21.2065
20.5836
20.5836
19.9812
19.9812
19.3985
19.3985
18.8348
18.8348
18.2894
18.2894
17.7615
17.7615
17.2507
17.2507
16.7562
16.7562
16.2774
16.2774
15.8139
15.8139
15.3652
15.3652
14.9307
14.9307
14.5099
14.5099
14.1024
14.1024
13.7077
13.7077
13.3255
13.3255
12.9552
12.9552
12.5966
12.5966
12.2491
12.2491
11.9125
11.9125
11.5864
11.5864
11.2703
11.2703
10.9641
10.9641
10.6674
10.6674
10.3797
10.3797
10.101
10.101
9.83075
9.83075
9.56878
9.56878
9.31479
9.31479
9.06852
9.06852
8.82971
8.82971
8.59811
8.59811
8.37347
8.37347
8.15557
8.15557
7.94417
7.94417
7.73907
7.73907
7.54005
7.54005
7.3469
7.3469
7.15944
7.15944
6.97748
6.97748
6.80082
6.80082
6.6293
6.6293
6.46275
6.46275
6.301
6.301
6.14389
6.14389
5.99128
5.99128
5.843
5.843
5.69893
5.69893
5.55893
5.55893
5.42285
5.42285
5.29058
5.29058
5.162
5.162
5.03697
5.03697
4.9154
4.9154
4.79716
4.79716
4.68215
4.68215
4.57027
4.57027
4.46142
4.46142
4.35551
4.35551
4.25243
4.25243
4.15211
4.15211
4.05445
4.05445
3.95937
3.95937
3.86679
3.86679
3.77663
3.77663
3.68883
3.68883
3.6033
3.6033
3.51998
3.51998
3.43879
3.43879
3.35968
3.35968
3.28258
3.28258
3.20743
3.20743
3.13416
3.13416
3.06274
3.06274
2.99309
2.99309
2.92516
2.92516
2.85891
2.85891
2.79428
2.79428
2.73123
2.73123
2.66971
2.66971
2.60967
2.60967
2.55107
2.55107
2.49387
2.49387
2.43803
2.43803
2.3835
2.3835
2.33026
2.33026
2.27825
2.27825
2.22745
2.22745
2.17782
2.17782
2.12933
2.12933
2.08194
2.08194
2.03562
2.03562
1.99035
1.99035
1.94609
1.94609
1.90281
1.90281
1.86048
1.86048
1.81908
1.81908
1.77858
1.77858
1.73896
1.73896
1.70019
1.70019
1.66224
1.66224
1.6251
1.6251
1.58874
1.58874
1.55314
1.55314
1.51827
1.51827
1.48412
1.48412
1.45066
1.45066
1.41789
1.41789
1.38577
1.38577
1.35429
1.35429
1.32344
1.32344
1.29319
1.29319
1.26353
1.26353
1.23445
1.23445
1.20593
1.20593
1.17795
1.17795
1.15051
1.15051
1.12358
1.12358
1.09717
1.09717
1.07125
1.07125
1.04582
1.04582
1.02087
1.02087
0.996394
0.996394
0.972376
0.972376
0.948816
0.948816
0.925707
0.925707
0.903048
0.903048
0.880835
0.880835
0.85907
0.85907
0.837752
0.837752
0.816887
0.816887
0.796479
0.796479
0.776538
0.776538
0.757074
0.757074
0.738102
0.738102
0.719639
0.719639
0.701708
0.701708
0.684334
0.684334
0.667548
0.667548
0.651386
0.651386
0.635889
0.635889
0.621105
0.621105
0.60709
0.60709
0.593904
0.593904
0.581618
0.581618
0.570307
0.570307
0.560057
0.560057
0.550958
0.550958
0.54311
0.54311
0.536616
0.536616
0.531583
0.531583
0.528121
0.528121
0.526336
0.526336
0.526336
0.526336
0.528121
0.528121
0.531583
0.531583
0.536616
0.536616
0.54311
0.54311
0.550958
0.550958
0.560057
0.560057
0.570307
0.570307
0.581618
0.581618
0.593904
0.593904
0.60709
0.60709
0.621105
0.621105
0.635889
0.635889
0.651386
0.651386
0.667548
0.667548
0.684334
0.684334
0.701708
0.701708
0.719639
0.719639
0.738102
0.738102
0.757074
0.757074
0.776538
0.776538
0.796479
0.796479
0.816887
0.816887
0.837752
0.837752
0.85907
0.85907
0.880835
0.880835
0.903048
0.903048
0.925707
0.925707
0.948816
0.948816
0.972376
0.972376
0.996394
0.996394
1.02087
1.02087
1.04582
1.04582
1.07125
1.07125
1.09717
1.09717
1.12358
1.12358
1.15051
1.15051
1.17795
1.17795
1.20592
1.20592
1.23445
1.23445
1.26353
1.26353
1.29319
1.29319
1.32344
1.32344
1.35429
1.35429
1.38577
1.38577
1.41789
1.41789
1.45066
1.45066
1.48412
1.48412
1.51827
1.51827
1.55314
1.55314
1.58874
1.58874
1.6251
1.6251
1.66224
1.66224
1.70019
1.70019
1.73896
1.73896
1.77858
1.77858
1.81908
1.81908
1.86048
1.86048
1.90281
1.90281
1.94609
1.94609
1.99035
1.99035
2.03562
2.03562
2.08194
2.08194
2.12933
2.12933
2.17782
2.17782
2.22745
2.22745
2.27825
2.27825
2.33026
2.33026
2.3835
2.3835
2.43803
2.43803
2.49387
2.49387
2.55107
2.55107
2.60967
2.60967
2.66971
2.66971
2.73123
2.73123
2.79428
2.79428
2.85891
2.85891
2.92516
2.92516
2.99309
2.99309
3.06274
3.06274
3.13416
3.13416
3.20743
3.20743
3.28258
3.28258
3.35968
3.35968
3.43879
3.43879
3.51998
3.51998
3.6033
3.6033
3.68883
3.68883
3.77663
3.77663
3.86679
3.86679
3.95937
3.95937
4.05445
4.05445
4.15211
4.15211
4.25243
4.25243
4.35551
4.35551
4.46143
4.46143
4.57027
4.57027
4.68215
4.68215
4.79716
4.79716
4.9154
4.9154
5.03697
5.03697
5.162
5.162
5.29058
5.29058
5.42285
5.42285
5.55893
5.55893
5.69893
5.69893
5.843
5.843
5.99128
5.99128
6.14389
6.14389
6.301
6.301
6.46275
6.46275
6.6293
6.6293
6.80082
6.80082
6.97748
6.97748
7.15944
7.15944
7.3469
7.3469
7.54005
7.54005
7.73907
7.73907
7.94417
7.94417
8.15557
8.15557
8.37347
8.37347
8.59811
8.59811
8.82971
8.82971
9.06852
9.06852
9.31479
9.31479
9.56878
9.56878
9.83075
9.83075
10.101
10.101
10.3797
10.3797
10.6674
10.6674
10.9641
10.9641
11.2703
11.2703
11.5864
11.5864
11.9125
11.9125
12.2491
12.2491
12.5966
12.5966
12.9552
12.9552
13.3255
13.3255
13.7077
13.7077
14.1024
14.1024
14.5099
14.5099
14.9307
14.9307
15.3652
15.3652
15.814
15.814
16.2774
16.2774
16.7562
16.7562
17.2507
17.2507
17.7615
17.7615
18.2894
18.2894
18.8348
18.8348
19.3985
19.3985
19.9812
19.9812
20.5836
20.5836
21.2065
21.2065
21.8508
21.8508
22.5175
22.5175
23.2075
23.2075
23.9219
23.9219
24.6619
24.6619
25.4289
25.4289
26.2242
26.2242
27.0493
27.0493
27.9061
27.9061
28.7963
28.7963
29.7221
29.7221
30.6856
30.6856
31.6895
31.6895
32.7365
32.7365
33.8297
33.8297
34.9723
34.9723
36.1681
36.1681
37.421
37.421
38.7355
38.7355
40.1164
40.1164
41.5689
41.5689
43.0989
43.0989
44.7123
44.7123
46.4162
46.4162
48.2177
48.2177
50.1248
50.1248
52.1461
52.1461
54.2909
54.2909
56.5693
56.5693
58.9921
58.9921
61.5711
61.5711
64.3191
64.3191
67.2498
67.2498
70.3782
70.3782
73.7205
73.7205
77.2942
77.2942
81.1185
81.1185
85.2142
85.2142
89.6042
89.6042
94.3132
94.3132
99.3685
99.3685
104.8
104.8
110.64
110.64
116.926
116.926
123.696
123.696
130.995
130.995
138.873
138.873
147.382
147.382
156.584
156.584
166.547
166.547
177.344
177.344
189.062
189.062
201.795
201.795
215.649
215.649
230.747
230.747
247.225
247.225
265.239
265.239
284.968
284.968
306.613
306.613
330.409
330.409
356.624
356.624
385.569
385.569
417.605
417.605
453.153
453.153
492.704
492.704
536.839
536.839
586.243
586.243
641.732
641.732
704.279
704.279
775.057
775.057
855.487
855.487
947.304
947.304
1052.64
1052.64
1174.13
1174.13
1315.1
1315.1
1479.72
1479.72
1673.33
1673.33
1902.85
1902.85
2177.34
2177.34
2508.84
2508.84
2913.67
2913.67
3414.29
3414.29
4042.3
4042.3
4843.29
4843.29
5884.85
5884.85
7270.45
7270.45
9164.81
9164.81
11842.4
11842.4
15787.1
15787.1
21913.5
21913.5
32112.8
32112.8
50786.6
50786.6
89995
89995
191659
191659
567578
567578
3.2702e+06
3.2702e+06
0.526336
0.526336
0.528121
0.528121
0.531583
0.531583
0.536616
0.536616
0.54311
0.54311
0.550958
0.550958
0.560057
0.560057
0.570307
0.570307
0.581618
0.581618
0.593904
0.593904
0.60709
0.60709
0.621105
0.621105
0.635889
0.635889
0.651386
0.651386
0.667548
0.667548
0.684334
0.684334
0.701708
0.701708
0.719639
0.719639
0.738102
0.738102
0.757074
0.757074
0.776538
0.776538
0.796479
0.796479
0.816887
0.816887
0.837752
0.837752
0.85907
0.85907
0.880835
0.880835
0.903048
0.903048
0.925707
0.925707
0.948816
0.948816
0.972376
0.972376
0.996394
0.996394
1.02087
1.02087
1.04582
1.04582
1.07125
1.07125
1.09717
1.09717
1.12358
1.12358
1.15051
1.15051
1.17795
1.17795
1.20592
1.20592
1.23445
1.23445
1.26353
1.26353
1.29319
1.29319
1.32344
1.32344
1.35429
1.35429
1.38577
1.38577
1.41789
1.41789
1.45066
1.45066
1.48412
1.48412
1.51827
1.51827
1.55314
1.55314
1.58874
1.58874
1.6251
1.6251
1.66224
1.66224
1.70019
1.70019
1.73896
1.73896
1.77858
1.77858
1.81908
1.81908
1.86048
1.86048
1.90281
1.90281
1.94609
1.94609
1.99035
1.99035
2.03562
2.03562
2.08194
2.08194
2.12933
2.12933
2.17782
2.17782
2.22745
2.22745
2.27825
2.27825
2.33026
2.33026
2.3835
2.3835
2.43803
2.43803
2.49387
2.49387
2.55107
2.55107
2.60967
2.60967
2.66971
2.66971
2.73123
2.73123
2.79428
2.79428
2.85891
2.85891
2.92516
2.92516
2.99309
2.99309
3.06274
3.06274
3.13416
3.13416
3.20743
3.20743
3.28258
3.28258
3.35968
3.35968
3.43879
3.43879
3.51998
3.51998
3.6033
3.6033
3.68883
3.68883
3.77663
3.77663
3.86679
3.86679
3.95937
3.95937
4.05445
4.05445
4.15211
4.15211
4.25243
4.25243
4.35551
4.35551
4.46143
4.46143
4.57027
4.57027
4.68215
4.68215
4.79716
4.79716
4.9154
4.9154
5.03697
5.03697
5.162
5.162
5.29058
5.29058
5.42285
5.42285
5.55893
5.55893
5.69893
5.69893
5.843
5.843
5.99128
5.99128
6.14389
6.14389
6.301
6.301
6.46275
6.46275
6.6293
6.6293
6.80082
6.80082
6.97748
6.97748
7.15944
7.15944
7.3469
7.3469
7.54005
7.54005
7.73907
7.73907
7.94417
7.94417
8.15557
8.15557
8.37347
8.37347
8.59811
8.59811
8.82971
8.82971
9.06852
9.06852
9.31479
9.31479
9.56878
9.56878
9.83075
9.83075
10.101
10.101
10.3797
10.3797
10.6674
10.6674
10.9641
10.9641
11.2703
11.2703
11.5864
11.5864
11.9125
11.9125
12.2491
12.2491
12.5966
12.5966
12.9552
12.9552
13.3255
13.3255
13.7077
13.7077
14.1024
14.1024
14.5099
14.5099
14.9307
14.9307
15.3652
15.3652
15.814
15.814
16.2774
16.2774
16.7562
16.7562
17.2507
17.2507
17.7615
17.7615
18.2894
18.2894
18.8348
18.8348
19.3985
19.3985
19.9812
19.9812
20.5836
20.5836
21.2065
21.2065
21.8508
21.8508
22.5175
22.5175
23.2075
23.2075
23.9219
23.9219
24.6619
24.6619
25.4289
25.4289
26.2242
26.2242
27.0493
27.0493
27.9061
27.9061
28.7963
28.7963
29.7221
29.7221
30.6856
30.6856
31.6895
31.6895
32.7365
32.7365
33.8297
33.8297
34.9723
34.9723
36.1681
36.1681
37.421
37.421
38.7355
38.7355
40.1164
40.1164
41.5689
41.5689
43.0989
43.0989
44.7123
44.7123
46.4162
46.4162
48.2177
48.2177
50.1248
50.1248
52.1461
52.1461
54.2909
54.2909
56.5693
56.5693
58.9921
58.9921
61.5711
61.5711
64.3191
64.3191
67.2498
67.2498
70.3782
70.3782
73.7205
73.7205
77.2942
77.2942
81.1185
81.1185
85.2142
85.2142
89.6042
89.6042
94.3132
94.3132
99.3685
99.3685
104.8
104.8
110.64
110.64
116.926
116.926
123.696
123.696
130.995
130.995
138.873
138.873
147.382
147.382
156.584
156.584
166.547
166.547
177.344
177.344
189.062
189.062
201.795
201.795
215.649
215.649
230.747
230.747
247.225
247.225
265.239
265.239
284.968
284.968
306.613
306.613
330.409
330.409
356.624
356.624
385.569
385.569
417.605
417.605
453.153
453.153
492.704
492.704
536.839
536.839
586.243
586.243
641.732
641.732
704.279
704.279
775.057
775.057
855.487
855.487
947.304
947.304
1052.64
1052.64
1174.13
1174.13
1315.1
1315.1
1479.72
1479.72
1673.33
1673.33
1902.85
1902.85
2177.34
2177.34
2508.84
2508.84
2913.67
2913.67
3414.29
3414.29
4042.3
4042.3
4843.29
4843.29
5884.85
5884.85
7270.45
7270.45
9164.81
9164.81
11842.4
11842.4
15787.1
15787.1
21913.5
21913.5
32112.8
32112.8
50786.6
50786.6
89995
89995
191659
191659
567578
567578
3.2702e+06
3.2702e+06
)
;

boundaryField
{
    walls
    {
        blending        binomial2;
        n               2;
        beta1           0.075;
        type            omegaWallFunction;
        value           nonuniform List<scalar> 8(3.27021e+06 3.27021e+06 3.27021e+06 3.27021e+06 3.2702e+06 3.2702e+06 3.2702e+06 3.2702e+06);
    }
    inlet
    {
        type            cyclic;
    }
    outlet
    {
        type            cyclic;
    }
    sides
    {
        type            empty;
    }
}


// ************************************************************************* //
