/*--------------------------------*- C++ -*----------------------------------*\
| =========                 |                                                 |
| \\      /  F ield         | OpenFOAM: The Open Source CFD Toolbox           |
|  \\    /   O peration     | Version:  2106                                  |
|   \\  /    A nd           | Website:  www.openfoam.com                      |
|    \\/     M anipulation  |                                                 |
\*---------------------------------------------------------------------------*/
FoamFile
{
    version     2.0;
    format      ascii;
    arch        "LSB;label=32;scalar=64";
    class       volScalarField;
    location    "10100";
    object      T;
}
// * * * * * * * * * * * * * * * * * * * * * * * * * * * * * * * * * * * * * //

dimensions      [0 0 0 1 0 0 0];

internalField   nonuniform List<scalar> 
2000
(
0.0118276
0.0118276
0.0357034
0.0357034
0.060025
0.060025
0.0848005
0.0848005
0.110038
0.110038
0.135748
0.135748
0.161936
0.161936
0.188614
0.188614
0.215789
0.215789
0.243472
0.243472
0.271671
0.271671
0.300397
0.300397
0.329658
0.329658
0.359466
0.359466
0.389829
0.389829
0.420759
0.420759
0.452266
0.452266
0.484361
0.484361
0.517055
0.517055
0.550358
0.550358
0.584282
0.584282
0.618839
0.618839
0.65404
0.65404
0.689898
0.689898
0.726424
0.726424
0.76363
0.76363
0.80153
0.80153
0.840136
0.840136
0.879461
0.879461
0.919517
0.919517
0.96032
0.96032
1.00188
1.00188
1.04422
1.04422
1.08734
1.08734
1.13126
1.13126
1.17599
1.17599
1.22156
1.22156
1.26797
1.26797
1.31524
1.31524
1.36338
1.36338
1.41241
1.41241
1.46234
1.46234
1.51319
1.51319
1.56497
1.56497
1.61769
1.61769
1.67138
1.67138
1.72604
1.72604
1.78169
1.78169
1.83834
1.83834
1.896
1.896
1.95468
1.95468
2.0144
2.0144
2.07516
2.07516
2.13698
2.13698
2.19986
2.19986
2.2638
2.2638
2.32881
2.32881
2.39489
2.39489
2.46204
2.46204
2.53026
2.53026
2.59954
2.59954
2.66988
2.66988
2.74126
2.74126
2.81366
2.81366
2.88708
2.88708
2.96148
2.96148
3.03684
3.03684
3.11314
3.11314
3.19033
3.19033
3.26839
3.26839
3.34726
3.34726
3.42692
3.42692
3.5073
3.5073
3.58836
3.58836
3.67004
3.67004
3.75229
3.75229
3.83505
3.83505
3.91826
3.91826
4.00186
4.00186
4.08578
4.08578
4.16997
4.16997
4.25437
4.25437
4.3389
4.3389
4.42352
4.42352
4.50816
4.50816
4.59277
4.59277
4.6773
4.6773
4.76168
4.76168
4.84589
4.84589
4.92986
4.92986
5.01355
5.01355
5.09694
5.09694
5.17997
5.17997
5.26262
5.26262
5.34485
5.34485
5.42664
5.42664
5.50797
5.50797
5.58881
5.58881
5.66915
5.66915
5.74896
5.74896
5.82823
5.82823
5.90696
5.90696
5.98513
5.98513
6.06274
6.06274
6.13977
6.13977
6.21623
6.21623
6.29211
6.29211
6.36742
6.36742
6.44214
6.44214
6.51629
6.51629
6.58986
6.58986
6.66286
6.66286
6.73529
6.73529
6.80716
6.80716
6.87847
6.87847
6.94923
6.94923
7.01944
7.01944
7.08912
7.08912
7.15826
7.15826
7.22688
7.22688
7.29498
7.29498
7.36257
7.36257
7.42966
7.42966
7.49626
7.49626
7.56237
7.56237
7.62801
7.62801
7.69318
7.69318
7.7579
7.7579
7.82216
7.82216
7.88598
7.88598
7.94937
7.94937
8.01233
8.01233
8.07487
8.07487
8.13701
8.13701
8.19874
8.19874
8.26008
8.26008
8.32104
8.32104
8.38162
8.38162
8.44183
8.44183
8.50167
8.50167
8.56116
8.56116
8.62031
8.62031
8.67911
8.67911
8.73757
8.73757
8.79572
8.79572
8.85353
8.85353
8.91104
8.91104
8.96824
8.96824
9.02513
9.02513
9.08173
9.08173
9.13804
9.13804
9.19406
9.19406
9.24981
9.24981
9.30528
9.30528
9.36048
9.36048
9.41542
9.41542
9.4701
9.4701
9.52453
9.52453
9.5787
9.5787
9.63263
9.63263
9.68633
9.68633
9.73978
9.73978
9.793
9.793
9.84599
9.84599
9.89876
9.89876
9.95131
9.95131
10.0036
10.0036
10.0557
10.0557
10.1076
10.1076
10.1593
10.1593
10.2108
10.2108
10.2621
10.2621
10.3132
10.3132
10.364
10.364
10.4147
10.4147
10.4652
10.4652
10.5155
10.5155
10.5656
10.5656
10.6155
10.6155
10.6652
10.6652
10.7147
10.7147
10.764
10.764
10.8132
10.8132
10.8621
10.8621
10.9109
10.9109
10.9594
10.9594
11.0078
11.0078
11.056
11.056
11.104
11.104
11.1518
11.1518
11.1994
11.1994
11.2469
11.2469
11.2941
11.2941
11.3411
11.3411
11.3879
11.3879
11.4346
11.4346
11.481
11.481
11.5272
11.5272
11.5731
11.5731
11.6189
11.6189
11.6644
11.6644
11.7098
11.7098
11.7548
11.7548
11.7997
11.7997
11.8443
11.8443
11.8886
11.8886
11.9327
11.9327
11.9765
11.9765
12.02
12.02
12.0632
12.0632
12.1061
12.1061
12.1488
12.1488
12.1911
12.1911
12.233
12.233
12.2747
12.2747
12.3159
12.3159
12.3568
12.3568
12.3973
12.3973
12.4374
12.4374
12.477
12.477
12.5162
12.5162
12.555
12.555
12.5932
12.5932
12.6309
12.6309
12.6681
12.6681
12.7046
12.7046
12.7406
12.7406
12.7759
12.7759
12.8106
12.8106
12.8445
12.8445
12.8776
12.8776
12.91
12.91
12.9415
12.9415
12.972
12.972
13.0016
13.0016
13.0301
13.0301
13.0575
13.0575
13.0837
13.0837
13.1086
13.1086
13.1321
13.1321
13.1542
13.1542
13.1746
13.1746
13.1934
13.1934
13.2103
13.2103
13.2253
13.2253
13.2382
13.2382
13.2488
13.2488
13.257
13.257
13.2626
13.2626
13.2655
13.2655
0.0118276
0.0118276
0.0357034
0.0357034
0.060025
0.060025
0.0848005
0.0848005
0.110038
0.110038
0.135748
0.135748
0.161936
0.161936
0.188614
0.188614
0.215789
0.215789
0.243472
0.243472
0.271671
0.271671
0.300397
0.300397
0.329658
0.329658
0.359466
0.359466
0.389829
0.389829
0.420759
0.420759
0.452266
0.452266
0.484361
0.484361
0.517055
0.517055
0.550358
0.550358
0.584282
0.584282
0.618839
0.618839
0.65404
0.65404
0.689898
0.689898
0.726424
0.726424
0.76363
0.76363
0.80153
0.80153
0.840136
0.840136
0.879461
0.879461
0.919517
0.919517
0.96032
0.96032
1.00188
1.00188
1.04422
1.04422
1.08734
1.08734
1.13126
1.13126
1.17599
1.17599
1.22156
1.22156
1.26797
1.26797
1.31524
1.31524
1.36338
1.36338
1.41241
1.41241
1.46234
1.46234
1.51319
1.51319
1.56497
1.56497
1.61769
1.61769
1.67138
1.67138
1.72604
1.72604
1.78169
1.78169
1.83834
1.83834
1.896
1.896
1.95468
1.95468
2.0144
2.0144
2.07516
2.07516
2.13698
2.13698
2.19986
2.19986
2.2638
2.2638
2.32881
2.32881
2.39489
2.39489
2.46204
2.46204
2.53026
2.53026
2.59954
2.59954
2.66988
2.66988
2.74126
2.74126
2.81366
2.81366
2.88708
2.88708
2.96148
2.96148
3.03684
3.03684
3.11314
3.11314
3.19033
3.19033
3.26839
3.26839
3.34726
3.34726
3.42692
3.42692
3.5073
3.5073
3.58836
3.58836
3.67004
3.67004
3.75229
3.75229
3.83505
3.83505
3.91826
3.91826
4.00186
4.00186
4.08578
4.08578
4.16997
4.16997
4.25437
4.25437
4.3389
4.3389
4.42352
4.42352
4.50816
4.50816
4.59277
4.59277
4.6773
4.6773
4.76168
4.76168
4.84589
4.84589
4.92986
4.92986
5.01355
5.01355
5.09694
5.09694
5.17997
5.17997
5.26262
5.26262
5.34485
5.34485
5.42664
5.42664
5.50797
5.50797
5.58881
5.58881
5.66915
5.66915
5.74896
5.74896
5.82823
5.82823
5.90696
5.90696
5.98513
5.98513
6.06274
6.06274
6.13977
6.13977
6.21623
6.21623
6.29211
6.29211
6.36742
6.36742
6.44214
6.44214
6.51629
6.51629
6.58986
6.58986
6.66286
6.66286
6.73529
6.73529
6.80716
6.80716
6.87847
6.87847
6.94923
6.94923
7.01944
7.01944
7.08912
7.08912
7.15826
7.15826
7.22688
7.22688
7.29498
7.29498
7.36257
7.36257
7.42966
7.42966
7.49626
7.49626
7.56237
7.56237
7.62801
7.62801
7.69318
7.69318
7.7579
7.7579
7.82216
7.82216
7.88598
7.88598
7.94937
7.94937
8.01233
8.01233
8.07487
8.07487
8.13701
8.13701
8.19874
8.19874
8.26008
8.26008
8.32104
8.32104
8.38162
8.38162
8.44183
8.44183
8.50167
8.50167
8.56116
8.56116
8.62031
8.62031
8.67911
8.67911
8.73757
8.73757
8.79572
8.79572
8.85353
8.85353
8.91104
8.91104
8.96824
8.96824
9.02513
9.02513
9.08173
9.08173
9.13804
9.13804
9.19406
9.19406
9.24981
9.24981
9.30528
9.30528
9.36048
9.36048
9.41542
9.41542
9.4701
9.4701
9.52453
9.52453
9.5787
9.5787
9.63263
9.63263
9.68633
9.68633
9.73978
9.73978
9.793
9.793
9.84599
9.84599
9.89876
9.89876
9.95131
9.95131
10.0036
10.0036
10.0557
10.0557
10.1076
10.1076
10.1593
10.1593
10.2108
10.2108
10.2621
10.2621
10.3132
10.3132
10.364
10.364
10.4147
10.4147
10.4652
10.4652
10.5155
10.5155
10.5656
10.5656
10.6155
10.6155
10.6652
10.6652
10.7147
10.7147
10.764
10.764
10.8132
10.8132
10.8621
10.8621
10.9109
10.9109
10.9594
10.9594
11.0078
11.0078
11.056
11.056
11.104
11.104
11.1518
11.1518
11.1994
11.1994
11.2469
11.2469
11.2941
11.2941
11.3411
11.3411
11.3879
11.3879
11.4346
11.4346
11.481
11.481
11.5272
11.5272
11.5731
11.5731
11.6189
11.6189
11.6644
11.6644
11.7098
11.7098
11.7548
11.7548
11.7997
11.7997
11.8443
11.8443
11.8886
11.8886
11.9327
11.9327
11.9765
11.9765
12.02
12.02
12.0632
12.0632
12.1061
12.1061
12.1488
12.1488
12.1911
12.1911
12.233
12.233
12.2747
12.2747
12.3159
12.3159
12.3568
12.3568
12.3973
12.3973
12.4374
12.4374
12.477
12.477
12.5162
12.5162
12.555
12.555
12.5932
12.5932
12.6309
12.6309
12.6681
12.6681
12.7046
12.7046
12.7406
12.7406
12.7759
12.7759
12.8106
12.8106
12.8445
12.8445
12.8776
12.8776
12.91
12.91
12.9415
12.9415
12.972
12.972
13.0016
13.0016
13.0301
13.0301
13.0575
13.0575
13.0837
13.0837
13.1086
13.1086
13.1321
13.1321
13.1542
13.1542
13.1746
13.1746
13.1934
13.1934
13.2103
13.2103
13.2253
13.2253
13.2382
13.2382
13.2488
13.2488
13.257
13.257
13.2626
13.2626
13.2655
13.2655
13.2655
13.2655
13.2626
13.2626
13.257
13.257
13.2488
13.2488
13.2382
13.2382
13.2253
13.2253
13.2103
13.2103
13.1934
13.1934
13.1746
13.1746
13.1542
13.1542
13.1321
13.1321
13.1086
13.1086
13.0837
13.0837
13.0575
13.0575
13.0301
13.0301
13.0016
13.0016
12.972
12.972
12.9415
12.9415
12.91
12.91
12.8776
12.8776
12.8445
12.8445
12.8106
12.8106
12.7759
12.7759
12.7406
12.7406
12.7046
12.7046
12.6681
12.6681
12.6309
12.6309
12.5932
12.5932
12.555
12.555
12.5162
12.5162
12.477
12.477
12.4374
12.4374
12.3973
12.3973
12.3568
12.3568
12.3159
12.3159
12.2747
12.2747
12.233
12.233
12.1911
12.1911
12.1488
12.1488
12.1061
12.1061
12.0632
12.0632
12.02
12.02
11.9765
11.9765
11.9327
11.9327
11.8886
11.8886
11.8443
11.8443
11.7997
11.7997
11.7548
11.7548
11.7098
11.7098
11.6644
11.6644
11.6189
11.6189
11.5731
11.5731
11.5272
11.5272
11.481
11.481
11.4346
11.4346
11.3879
11.3879
11.3411
11.3411
11.2941
11.2941
11.2469
11.2469
11.1994
11.1994
11.1518
11.1518
11.104
11.104
11.056
11.056
11.0078
11.0078
10.9594
10.9594
10.9109
10.9109
10.8621
10.8621
10.8132
10.8132
10.764
10.764
10.7147
10.7147
10.6652
10.6652
10.6155
10.6155
10.5656
10.5656
10.5155
10.5155
10.4652
10.4652
10.4147
10.4147
10.364
10.364
10.3132
10.3132
10.2621
10.2621
10.2108
10.2108
10.1593
10.1593
10.1076
10.1076
10.0557
10.0557
10.0036
10.0036
9.95131
9.95131
9.89876
9.89876
9.84599
9.84599
9.793
9.793
9.73978
9.73978
9.68633
9.68633
9.63263
9.63263
9.5787
9.5787
9.52453
9.52453
9.4701
9.4701
9.41542
9.41542
9.36048
9.36048
9.30528
9.30528
9.24981
9.24981
9.19406
9.19406
9.13804
9.13804
9.08173
9.08173
9.02513
9.02513
8.96824
8.96824
8.91104
8.91104
8.85353
8.85353
8.79572
8.79572
8.73757
8.73757
8.67911
8.67911
8.62031
8.62031
8.56116
8.56116
8.50167
8.50167
8.44183
8.44183
8.38162
8.38162
8.32104
8.32104
8.26008
8.26008
8.19874
8.19874
8.13701
8.13701
8.07487
8.07487
8.01233
8.01233
7.94937
7.94937
7.88598
7.88598
7.82216
7.82216
7.7579
7.7579
7.69318
7.69318
7.62801
7.62801
7.56237
7.56237
7.49626
7.49626
7.42966
7.42966
7.36257
7.36257
7.29498
7.29498
7.22688
7.22688
7.15826
7.15826
7.08912
7.08912
7.01944
7.01944
6.94923
6.94923
6.87847
6.87847
6.80716
6.80716
6.73529
6.73529
6.66286
6.66286
6.58986
6.58986
6.51629
6.51629
6.44214
6.44214
6.36742
6.36742
6.29211
6.29211
6.21623
6.21623
6.13977
6.13977
6.06274
6.06274
5.98513
5.98513
5.90696
5.90696
5.82823
5.82823
5.74896
5.74896
5.66915
5.66915
5.58881
5.58881
5.50797
5.50797
5.42664
5.42664
5.34485
5.34485
5.26262
5.26262
5.17997
5.17997
5.09694
5.09694
5.01355
5.01355
4.92986
4.92986
4.84589
4.84589
4.76168
4.76168
4.6773
4.6773
4.59277
4.59277
4.50816
4.50816
4.42352
4.42352
4.3389
4.3389
4.25437
4.25437
4.16997
4.16997
4.08578
4.08578
4.00186
4.00186
3.91826
3.91826
3.83505
3.83505
3.75229
3.75229
3.67004
3.67004
3.58836
3.58836
3.5073
3.5073
3.42692
3.42692
3.34726
3.34726
3.26839
3.26839
3.19033
3.19033
3.11314
3.11314
3.03684
3.03684
2.96148
2.96148
2.88708
2.88708
2.81366
2.81366
2.74126
2.74126
2.66988
2.66988
2.59954
2.59954
2.53026
2.53026
2.46204
2.46204
2.39489
2.39489
2.32881
2.32881
2.2638
2.2638
2.19986
2.19986
2.13698
2.13698
2.07516
2.07516
2.0144
2.0144
1.95468
1.95468
1.896
1.896
1.83834
1.83834
1.78169
1.78169
1.72604
1.72604
1.67138
1.67138
1.61769
1.61769
1.56497
1.56497
1.51319
1.51319
1.46234
1.46234
1.41241
1.41241
1.36338
1.36338
1.31524
1.31524
1.26797
1.26797
1.22156
1.22156
1.17599
1.17599
1.13126
1.13126
1.08734
1.08734
1.04422
1.04422
1.00188
1.00188
0.96032
0.96032
0.919518
0.919518
0.879461
0.879461
0.840136
0.840136
0.80153
0.80153
0.76363
0.76363
0.726424
0.726424
0.689898
0.689898
0.65404
0.65404
0.618839
0.618839
0.584282
0.584282
0.550358
0.550358
0.517055
0.517055
0.484361
0.484361
0.452266
0.452266
0.420759
0.420759
0.389829
0.389829
0.359466
0.359466
0.329658
0.329658
0.300397
0.300397
0.271671
0.271671
0.243472
0.243472
0.215789
0.215789
0.188614
0.188614
0.161936
0.161936
0.135747
0.135747
0.110039
0.110039
0.0848006
0.0848006
0.060025
0.060025
0.0357035
0.0357035
0.0118276
0.0118276
13.2655
13.2655
13.2626
13.2626
13.257
13.257
13.2488
13.2488
13.2382
13.2382
13.2253
13.2253
13.2103
13.2103
13.1934
13.1934
13.1746
13.1746
13.1542
13.1542
13.1321
13.1321
13.1086
13.1086
13.0837
13.0837
13.0575
13.0575
13.0301
13.0301
13.0016
13.0016
12.972
12.972
12.9415
12.9415
12.91
12.91
12.8776
12.8776
12.8445
12.8445
12.8106
12.8106
12.7759
12.7759
12.7406
12.7406
12.7046
12.7046
12.6681
12.6681
12.6309
12.6309
12.5932
12.5932
12.555
12.555
12.5162
12.5162
12.477
12.477
12.4374
12.4374
12.3973
12.3973
12.3568
12.3568
12.3159
12.3159
12.2747
12.2747
12.233
12.233
12.1911
12.1911
12.1488
12.1488
12.1061
12.1061
12.0632
12.0632
12.02
12.02
11.9765
11.9765
11.9327
11.9327
11.8886
11.8886
11.8443
11.8443
11.7997
11.7997
11.7548
11.7548
11.7098
11.7098
11.6644
11.6644
11.6189
11.6189
11.5731
11.5731
11.5272
11.5272
11.481
11.481
11.4346
11.4346
11.3879
11.3879
11.3411
11.3411
11.2941
11.2941
11.2469
11.2469
11.1994
11.1994
11.1518
11.1518
11.104
11.104
11.056
11.056
11.0078
11.0078
10.9594
10.9594
10.9109
10.9109
10.8621
10.8621
10.8132
10.8132
10.764
10.764
10.7147
10.7147
10.6652
10.6652
10.6155
10.6155
10.5656
10.5656
10.5155
10.5155
10.4652
10.4652
10.4147
10.4147
10.364
10.364
10.3132
10.3132
10.2621
10.2621
10.2108
10.2108
10.1593
10.1593
10.1076
10.1076
10.0557
10.0557
10.0036
10.0036
9.95131
9.95131
9.89876
9.89876
9.84599
9.84599
9.793
9.793
9.73978
9.73978
9.68633
9.68633
9.63263
9.63263
9.5787
9.5787
9.52453
9.52453
9.4701
9.4701
9.41542
9.41542
9.36048
9.36048
9.30528
9.30528
9.24981
9.24981
9.19406
9.19406
9.13804
9.13804
9.08173
9.08173
9.02513
9.02513
8.96824
8.96824
8.91104
8.91104
8.85353
8.85353
8.79572
8.79572
8.73757
8.73757
8.67911
8.67911
8.62031
8.62031
8.56116
8.56116
8.50167
8.50167
8.44183
8.44183
8.38162
8.38162
8.32104
8.32104
8.26008
8.26008
8.19874
8.19874
8.13701
8.13701
8.07487
8.07487
8.01233
8.01233
7.94937
7.94937
7.88598
7.88598
7.82216
7.82216
7.7579
7.7579
7.69318
7.69318
7.62801
7.62801
7.56237
7.56237
7.49626
7.49626
7.42966
7.42966
7.36257
7.36257
7.29498
7.29498
7.22688
7.22688
7.15826
7.15826
7.08912
7.08912
7.01944
7.01944
6.94923
6.94923
6.87847
6.87847
6.80716
6.80716
6.73529
6.73529
6.66286
6.66286
6.58986
6.58986
6.51629
6.51629
6.44214
6.44214
6.36742
6.36742
6.29211
6.29211
6.21623
6.21623
6.13977
6.13977
6.06274
6.06274
5.98513
5.98513
5.90696
5.90696
5.82823
5.82823
5.74896
5.74896
5.66915
5.66915
5.58881
5.58881
5.50797
5.50797
5.42664
5.42664
5.34485
5.34485
5.26262
5.26262
5.17997
5.17997
5.09694
5.09694
5.01355
5.01355
4.92986
4.92986
4.84589
4.84589
4.76168
4.76168
4.6773
4.6773
4.59277
4.59277
4.50816
4.50816
4.42352
4.42352
4.3389
4.3389
4.25437
4.25437
4.16997
4.16997
4.08578
4.08578
4.00186
4.00186
3.91826
3.91826
3.83505
3.83505
3.75229
3.75229
3.67004
3.67004
3.58836
3.58836
3.5073
3.5073
3.42692
3.42692
3.34726
3.34726
3.26839
3.26839
3.19033
3.19033
3.11314
3.11314
3.03684
3.03684
2.96148
2.96148
2.88708
2.88708
2.81366
2.81366
2.74126
2.74126
2.66988
2.66988
2.59954
2.59954
2.53026
2.53026
2.46204
2.46204
2.39489
2.39489
2.32881
2.32881
2.2638
2.2638
2.19986
2.19986
2.13698
2.13698
2.07516
2.07516
2.0144
2.0144
1.95468
1.95468
1.896
1.896
1.83834
1.83834
1.78169
1.78169
1.72604
1.72604
1.67138
1.67138
1.61769
1.61769
1.56497
1.56497
1.51319
1.51319
1.46234
1.46234
1.41241
1.41241
1.36338
1.36338
1.31524
1.31524
1.26797
1.26797
1.22156
1.22156
1.17599
1.17599
1.13126
1.13126
1.08734
1.08734
1.04422
1.04422
1.00188
1.00188
0.96032
0.96032
0.919518
0.919518
0.879461
0.879461
0.840136
0.840136
0.80153
0.80153
0.76363
0.76363
0.726424
0.726424
0.689898
0.689898
0.65404
0.65404
0.618839
0.618839
0.584282
0.584282
0.550358
0.550358
0.517055
0.517055
0.484361
0.484361
0.452266
0.452266
0.420759
0.420759
0.389829
0.389829
0.359466
0.359466
0.329658
0.329658
0.300397
0.300397
0.271671
0.271671
0.243472
0.243472
0.215789
0.215789
0.188614
0.188614
0.161936
0.161936
0.135747
0.135747
0.110039
0.110039
0.0848006
0.0848006
0.060025
0.060025
0.0357035
0.0357035
0.0118276
0.0118276
)
;

boundaryField
{
    walls
    {
        type            fixedValue;
        value           uniform 0;
    }
    inlet
    {
        type            cyclic;
    }
    outlet
    {
        type            cyclic;
    }
    sides
    {
        type            empty;
    }
}


// ************************************************************************* //
