/*--------------------------------*- C++ -*----------------------------------*\
| =========                 |                                                 |
| \\      /  F ield         | OpenFOAM: The Open Source CFD Toolbox           |
|  \\    /   O peration     | Version:  2106                                  |
|   \\  /    A nd           | Website:  www.openfoam.com                      |
|    \\/     M anipulation  |                                                 |
\*---------------------------------------------------------------------------*/
FoamFile
{
    version     2.0;
    format      ascii;
    arch        "LSB;label=32;scalar=64";
    class       volScalarField;
    location    "10070";
    object      alphat;
}
// * * * * * * * * * * * * * * * * * * * * * * * * * * * * * * * * * * * * * //

dimensions      [0 2 -1 0 0 0 0];

internalField   nonuniform List<scalar> 
2000
(
1.69169e-14
1.69169e-14
1.47676e-14
1.47676e-14
2.31996e-14
2.31996e-14
9.54971e-14
9.54971e-14
4.03672e-13
4.03672e-13
1.35025e-12
1.35025e-12
3.72085e-12
3.72085e-12
8.88397e-12
8.88397e-12
1.90465e-11
1.90465e-11
3.75749e-11
3.75749e-11
6.9393e-11
6.9393e-11
1.21472e-10
1.21472e-10
2.03423e-10
2.03423e-10
3.28218e-10
3.28218e-10
5.13054e-10
5.13054e-10
7.80379e-10
7.80379e-10
1.15912e-09
1.15912e-09
1.68612e-09
1.68612e-09
2.40786e-09
2.40786e-09
3.38244e-09
3.38244e-09
4.68192e-09
4.68192e-09
6.39508e-09
6.39508e-09
8.6305e-09
8.6305e-09
1.15203e-08
1.15203e-08
1.52245e-08
1.52245e-08
1.99355e-08
1.99355e-08
2.58841e-08
2.58841e-08
3.33457e-08
3.33457e-08
4.2648e-08
4.2648e-08
5.41787e-08
5.41787e-08
6.83956e-08
6.83956e-08
8.58373e-08
8.58373e-08
1.07135e-07
1.07135e-07
1.33027e-07
1.33027e-07
1.64374e-07
1.64374e-07
2.02175e-07
2.02175e-07
2.47589e-07
2.47589e-07
3.01954e-07
3.01954e-07
3.66814e-07
3.66814e-07
4.43943e-07
4.43943e-07
5.35374e-07
5.35374e-07
6.4343e-07
6.4343e-07
7.70763e-07
7.70763e-07
9.20386e-07
9.20386e-07
1.09571e-06
1.09571e-06
1.30061e-06
1.30061e-06
1.53943e-06
1.53943e-06
1.81706e-06
1.81706e-06
2.139e-06
2.139e-06
2.51134e-06
2.51134e-06
2.94093e-06
2.94093e-06
3.4353e-06
3.4353e-06
4.00281e-06
4.00281e-06
4.65265e-06
4.65265e-06
5.39492e-06
5.39492e-06
6.24062e-06
6.24062e-06
7.20173e-06
7.20173e-06
8.29122e-06
8.29122e-06
9.52306e-06
9.52306e-06
1.09122e-05
1.09122e-05
1.24748e-05
1.24748e-05
1.42276e-05
1.42276e-05
1.61887e-05
1.61887e-05
1.83768e-05
1.83768e-05
2.08117e-05
2.08117e-05
2.35136e-05
2.35136e-05
2.65036e-05
2.65036e-05
2.98033e-05
2.98033e-05
3.34344e-05
3.34344e-05
3.74193e-05
3.74193e-05
4.178e-05
4.178e-05
4.65389e-05
4.65389e-05
5.17178e-05
5.17178e-05
5.73384e-05
5.73384e-05
6.34218e-05
6.34218e-05
6.99883e-05
6.99883e-05
7.70577e-05
7.70577e-05
8.46487e-05
8.46487e-05
9.27793e-05
9.27793e-05
0.000101466
0.000101466
0.000110725
0.000110725
0.000120571
0.000120571
0.000131017
0.000131017
0.000142075
0.000142075
0.000153758
0.000153758
0.000166075
0.000166075
0.000179036
0.000179036
0.000192649
0.000192649
0.000206922
0.000206922
0.000221862
0.000221862
0.000237475
0.000237475
0.000253766
0.000253766
0.000270742
0.000270742
0.000288405
0.000288405
0.000306762
0.000306762
0.000325815
0.000325815
0.000345568
0.000345568
0.000366025
0.000366025
0.00038719
0.00038719
0.000409064
0.000409064
0.000431653
0.000431653
0.000454958
0.000454958
0.000478983
0.000478983
0.000503732
0.000503732
0.000529208
0.000529208
0.000555413
0.000555413
0.000582352
0.000582352
0.000610028
0.000610028
0.000638444
0.000638444
0.000667605
0.000667605
0.000697514
0.000697514
0.000728175
0.000728175
0.000759593
0.000759593
0.000791771
0.000791771
0.000824713
0.000824713
0.000858424
0.000858424
0.000892909
0.000892909
0.000928171
0.000928171
0.000964216
0.000964216
0.00100105
0.00100105
0.00103867
0.00103867
0.00107709
0.00107709
0.00111631
0.00111631
0.00115633
0.00115633
0.00119717
0.00119717
0.00123882
0.00123882
0.00128129
0.00128129
0.00132458
0.00132458
0.0013687
0.0013687
0.00141366
0.00141366
0.00145945
0.00145945
0.00150608
0.00150608
0.00155356
0.00155356
0.00160189
0.00160189
0.00165107
0.00165107
0.00170111
0.00170111
0.00175201
0.00175201
0.00180377
0.00180377
0.0018564
0.0018564
0.0019099
0.0019099
0.00196427
0.00196427
0.00201952
0.00201952
0.00207565
0.00207565
0.00213265
0.00213265
0.00219053
0.00219053
0.00224929
0.00224929
0.00230894
0.00230894
0.00236947
0.00236947
0.00243088
0.00243088
0.00249317
0.00249317
0.00255634
0.00255634
0.00262039
0.00262039
0.00268532
0.00268532
0.00275112
0.00275112
0.0028178
0.0028178
0.00288534
0.00288534
0.00295375
0.00295375
0.00302301
0.00302301
0.00309313
0.00309313
0.0031641
0.0031641
0.00323591
0.00323591
0.00330855
0.00330855
0.00338201
0.00338201
0.00345629
0.00345629
0.00353137
0.00353137
0.00360725
0.00360725
0.0036839
0.0036839
0.00376133
0.00376133
0.00383951
0.00383951
0.00391842
0.00391842
0.00399806
0.00399806
0.0040784
0.0040784
0.00415943
0.00415943
0.00424112
0.00424112
0.00432346
0.00432346
0.00440642
0.00440642
0.00448998
0.00448998
0.00457411
0.00457411
0.00465878
0.00465878
0.00474398
0.00474398
0.00482965
0.00482965
0.00491579
0.00491579
0.00500234
0.00500234
0.00508927
0.00508927
0.00517656
0.00517656
0.00526415
0.00526415
0.00535201
0.00535201
0.00544009
0.00544009
0.00552835
0.00552835
0.00561674
0.00561674
0.00570521
0.00570521
0.0057937
0.0057937
0.00588216
0.00588216
0.00597054
0.00597054
0.00605877
0.00605877
0.00614679
0.00614679
0.00623453
0.00623453
0.00632193
0.00632193
0.0064089
0.0064089
0.00649539
0.00649539
0.0065813
0.0065813
0.00666655
0.00666655
0.00675107
0.00675107
0.00683476
0.00683476
0.00691753
0.00691753
0.00699929
0.00699929
0.00707993
0.00707993
0.00715935
0.00715935
0.00723744
0.00723744
0.00731409
0.00731409
0.00738919
0.00738919
0.00746262
0.00746262
0.00753425
0.00753425
0.00760396
0.00760396
0.00767161
0.00767161
0.00773707
0.00773707
0.0078002
0.0078002
0.00786087
0.00786087
0.00791892
0.00791892
0.0079742
0.0079742
0.00802658
0.00802658
0.00807589
0.00807589
0.00812199
0.00812199
0.00816472
0.00816472
0.00820394
0.00820394
0.00823949
0.00823949
0.00827125
0.00827125
0.00829908
0.00829908
0.00832286
0.00832286
0.00834248
0.00834248
0.00835785
0.00835785
0.00836891
0.00836891
0.00837564
0.00837564
0.00837802
0.00837802
0.0083761
0.0083761
0.00837
0.00837
0.00835986
0.00835986
0.00834593
0.00834593
0.00832853
0.00832853
0.00830807
0.00830807
0.00828509
0.00828509
0.0082602
0.0082602
0.00823418
0.00823418
0.00820787
0.00820787
0.00818226
0.00818226
0.00815837
0.00815837
0.00813732
0.00813732
0.00812017
0.00812017
0.00810795
0.00810795
0.00810151
0.00810151
1.69169e-14
1.69169e-14
1.47676e-14
1.47676e-14
2.31996e-14
2.31996e-14
9.54971e-14
9.54971e-14
4.03672e-13
4.03672e-13
1.35025e-12
1.35025e-12
3.72085e-12
3.72085e-12
8.88397e-12
8.88397e-12
1.90465e-11
1.90465e-11
3.75749e-11
3.75749e-11
6.9393e-11
6.9393e-11
1.21472e-10
1.21472e-10
2.03423e-10
2.03423e-10
3.28218e-10
3.28218e-10
5.13054e-10
5.13054e-10
7.80379e-10
7.80379e-10
1.15912e-09
1.15912e-09
1.68612e-09
1.68612e-09
2.40786e-09
2.40786e-09
3.38244e-09
3.38244e-09
4.68192e-09
4.68192e-09
6.39508e-09
6.39508e-09
8.6305e-09
8.6305e-09
1.15203e-08
1.15203e-08
1.52245e-08
1.52245e-08
1.99355e-08
1.99355e-08
2.58841e-08
2.58841e-08
3.33457e-08
3.33457e-08
4.2648e-08
4.2648e-08
5.41787e-08
5.41787e-08
6.83956e-08
6.83956e-08
8.58373e-08
8.58373e-08
1.07135e-07
1.07135e-07
1.33027e-07
1.33027e-07
1.64374e-07
1.64374e-07
2.02175e-07
2.02175e-07
2.47589e-07
2.47589e-07
3.01954e-07
3.01954e-07
3.66814e-07
3.66814e-07
4.43943e-07
4.43943e-07
5.35374e-07
5.35374e-07
6.4343e-07
6.4343e-07
7.70763e-07
7.70763e-07
9.20386e-07
9.20386e-07
1.09571e-06
1.09571e-06
1.30061e-06
1.30061e-06
1.53943e-06
1.53943e-06
1.81706e-06
1.81706e-06
2.139e-06
2.139e-06
2.51134e-06
2.51134e-06
2.94093e-06
2.94093e-06
3.4353e-06
3.4353e-06
4.00281e-06
4.00281e-06
4.65265e-06
4.65265e-06
5.39492e-06
5.39492e-06
6.24062e-06
6.24062e-06
7.20173e-06
7.20173e-06
8.29122e-06
8.29122e-06
9.52306e-06
9.52306e-06
1.09122e-05
1.09122e-05
1.24748e-05
1.24748e-05
1.42276e-05
1.42276e-05
1.61887e-05
1.61887e-05
1.83768e-05
1.83768e-05
2.08117e-05
2.08117e-05
2.35136e-05
2.35136e-05
2.65036e-05
2.65036e-05
2.98033e-05
2.98033e-05
3.34344e-05
3.34344e-05
3.74193e-05
3.74193e-05
4.178e-05
4.178e-05
4.65389e-05
4.65389e-05
5.17178e-05
5.17178e-05
5.73384e-05
5.73384e-05
6.34218e-05
6.34218e-05
6.99883e-05
6.99883e-05
7.70577e-05
7.70577e-05
8.46487e-05
8.46487e-05
9.27793e-05
9.27793e-05
0.000101466
0.000101466
0.000110725
0.000110725
0.000120571
0.000120571
0.000131017
0.000131017
0.000142075
0.000142075
0.000153758
0.000153758
0.000166075
0.000166075
0.000179036
0.000179036
0.000192649
0.000192649
0.000206922
0.000206922
0.000221862
0.000221862
0.000237475
0.000237475
0.000253766
0.000253766
0.000270742
0.000270742
0.000288405
0.000288405
0.000306762
0.000306762
0.000325815
0.000325815
0.000345568
0.000345568
0.000366025
0.000366025
0.00038719
0.00038719
0.000409064
0.000409064
0.000431653
0.000431653
0.000454958
0.000454958
0.000478983
0.000478983
0.000503732
0.000503732
0.000529208
0.000529208
0.000555413
0.000555413
0.000582352
0.000582352
0.000610028
0.000610028
0.000638444
0.000638444
0.000667605
0.000667605
0.000697514
0.000697514
0.000728175
0.000728175
0.000759593
0.000759593
0.000791771
0.000791771
0.000824713
0.000824713
0.000858424
0.000858424
0.000892909
0.000892909
0.000928171
0.000928171
0.000964216
0.000964216
0.00100105
0.00100105
0.00103867
0.00103867
0.00107709
0.00107709
0.00111631
0.00111631
0.00115633
0.00115633
0.00119717
0.00119717
0.00123882
0.00123882
0.00128129
0.00128129
0.00132458
0.00132458
0.0013687
0.0013687
0.00141366
0.00141366
0.00145945
0.00145945
0.00150608
0.00150608
0.00155356
0.00155356
0.00160189
0.00160189
0.00165107
0.00165107
0.00170111
0.00170111
0.00175201
0.00175201
0.00180377
0.00180377
0.0018564
0.0018564
0.0019099
0.0019099
0.00196427
0.00196427
0.00201952
0.00201952
0.00207565
0.00207565
0.00213265
0.00213265
0.00219053
0.00219053
0.00224929
0.00224929
0.00230894
0.00230894
0.00236947
0.00236947
0.00243088
0.00243088
0.00249317
0.00249317
0.00255634
0.00255634
0.00262039
0.00262039
0.00268532
0.00268532
0.00275112
0.00275112
0.0028178
0.0028178
0.00288534
0.00288534
0.00295375
0.00295375
0.00302301
0.00302301
0.00309313
0.00309313
0.0031641
0.0031641
0.00323591
0.00323591
0.00330855
0.00330855
0.00338201
0.00338201
0.00345629
0.00345629
0.00353137
0.00353137
0.00360725
0.00360725
0.0036839
0.0036839
0.00376133
0.00376133
0.00383951
0.00383951
0.00391842
0.00391842
0.00399806
0.00399806
0.0040784
0.0040784
0.00415943
0.00415943
0.00424112
0.00424112
0.00432346
0.00432346
0.00440642
0.00440642
0.00448998
0.00448998
0.00457411
0.00457411
0.00465878
0.00465878
0.00474398
0.00474398
0.00482965
0.00482965
0.00491579
0.00491579
0.00500234
0.00500234
0.00508927
0.00508927
0.00517656
0.00517656
0.00526415
0.00526415
0.00535201
0.00535201
0.00544009
0.00544009
0.00552835
0.00552835
0.00561674
0.00561674
0.00570521
0.00570521
0.0057937
0.0057937
0.00588216
0.00588216
0.00597054
0.00597054
0.00605877
0.00605877
0.00614679
0.00614679
0.00623453
0.00623453
0.00632193
0.00632193
0.0064089
0.0064089
0.00649539
0.00649539
0.0065813
0.0065813
0.00666655
0.00666655
0.00675107
0.00675107
0.00683476
0.00683476
0.00691753
0.00691753
0.00699929
0.00699929
0.00707993
0.00707993
0.00715935
0.00715935
0.00723744
0.00723744
0.00731409
0.00731409
0.00738919
0.00738919
0.00746262
0.00746262
0.00753425
0.00753425
0.00760396
0.00760396
0.00767161
0.00767161
0.00773707
0.00773707
0.0078002
0.0078002
0.00786087
0.00786087
0.00791892
0.00791892
0.0079742
0.0079742
0.00802658
0.00802658
0.00807589
0.00807589
0.00812199
0.00812199
0.00816472
0.00816472
0.00820394
0.00820394
0.00823949
0.00823949
0.00827125
0.00827125
0.00829908
0.00829908
0.00832286
0.00832286
0.00834248
0.00834248
0.00835785
0.00835785
0.00836891
0.00836891
0.00837564
0.00837564
0.00837802
0.00837802
0.0083761
0.0083761
0.00837
0.00837
0.00835986
0.00835986
0.00834593
0.00834593
0.00832853
0.00832853
0.00830807
0.00830807
0.00828509
0.00828509
0.0082602
0.0082602
0.00823418
0.00823418
0.00820787
0.00820787
0.00818226
0.00818226
0.00815837
0.00815837
0.00813732
0.00813732
0.00812017
0.00812017
0.00810795
0.00810795
0.00810151
0.00810151
0.00810151
0.00810151
0.00810795
0.00810795
0.00812017
0.00812017
0.00813732
0.00813732
0.00815837
0.00815837
0.00818225
0.00818225
0.00820787
0.00820787
0.00823418
0.00823418
0.0082602
0.0082602
0.00828509
0.00828509
0.00830807
0.00830807
0.00832853
0.00832853
0.00834593
0.00834593
0.00835986
0.00835986
0.00837
0.00837
0.0083761
0.0083761
0.00837801
0.00837801
0.00837563
0.00837563
0.00836891
0.00836891
0.00835785
0.00835785
0.00834247
0.00834247
0.00832285
0.00832285
0.00829908
0.00829908
0.00827125
0.00827125
0.00823949
0.00823949
0.00820393
0.00820393
0.00816472
0.00816472
0.00812198
0.00812198
0.00807589
0.00807589
0.00802658
0.00802658
0.0079742
0.0079742
0.00791891
0.00791891
0.00786087
0.00786087
0.0078002
0.0078002
0.00773707
0.00773707
0.00767161
0.00767161
0.00760395
0.00760395
0.00753425
0.00753425
0.00746262
0.00746262
0.00738919
0.00738919
0.00731409
0.00731409
0.00723743
0.00723743
0.00715934
0.00715934
0.00707992
0.00707992
0.00699929
0.00699929
0.00691753
0.00691753
0.00683476
0.00683476
0.00675107
0.00675107
0.00666655
0.00666655
0.0065813
0.0065813
0.00649538
0.00649538
0.0064089
0.0064089
0.00632192
0.00632192
0.00623453
0.00623453
0.00614679
0.00614679
0.00605877
0.00605877
0.00597054
0.00597054
0.00588216
0.00588216
0.0057937
0.0057937
0.00570521
0.00570521
0.00561674
0.00561674
0.00552835
0.00552835
0.00544009
0.00544009
0.00535201
0.00535201
0.00526415
0.00526415
0.00517656
0.00517656
0.00508927
0.00508927
0.00500234
0.00500234
0.00491578
0.00491578
0.00482965
0.00482965
0.00474397
0.00474397
0.00465878
0.00465878
0.00457411
0.00457411
0.00448998
0.00448998
0.00440642
0.00440642
0.00432346
0.00432346
0.00424112
0.00424112
0.00415943
0.00415943
0.0040784
0.0040784
0.00399806
0.00399806
0.00391842
0.00391842
0.0038395
0.0038395
0.00376133
0.00376133
0.0036839
0.0036839
0.00360725
0.00360725
0.00353137
0.00353137
0.00345629
0.00345629
0.00338201
0.00338201
0.00330855
0.00330855
0.00323591
0.00323591
0.0031641
0.0031641
0.00309313
0.00309313
0.00302301
0.00302301
0.00295375
0.00295375
0.00288534
0.00288534
0.0028178
0.0028178
0.00275112
0.00275112
0.00268532
0.00268532
0.00262039
0.00262039
0.00255634
0.00255634
0.00249317
0.00249317
0.00243088
0.00243088
0.00236947
0.00236947
0.00230894
0.00230894
0.00224929
0.00224929
0.00219053
0.00219053
0.00213265
0.00213265
0.00207565
0.00207565
0.00201952
0.00201952
0.00196427
0.00196427
0.0019099
0.0019099
0.0018564
0.0018564
0.00180377
0.00180377
0.00175201
0.00175201
0.00170111
0.00170111
0.00165107
0.00165107
0.00160189
0.00160189
0.00155356
0.00155356
0.00150608
0.00150608
0.00145945
0.00145945
0.00141366
0.00141366
0.0013687
0.0013687
0.00132458
0.00132458
0.00128129
0.00128129
0.00123882
0.00123882
0.00119717
0.00119717
0.00115633
0.00115633
0.00111631
0.00111631
0.00107709
0.00107709
0.00103867
0.00103867
0.00100105
0.00100105
0.000964216
0.000964216
0.000928171
0.000928171
0.000892909
0.000892909
0.000858424
0.000858424
0.000824713
0.000824713
0.000791771
0.000791771
0.000759593
0.000759593
0.000728175
0.000728175
0.000697514
0.000697514
0.000667605
0.000667605
0.000638444
0.000638444
0.000610028
0.000610028
0.000582352
0.000582352
0.000555413
0.000555413
0.000529208
0.000529208
0.000503732
0.000503732
0.000478984
0.000478984
0.000454958
0.000454958
0.000431653
0.000431653
0.000409064
0.000409064
0.00038719
0.00038719
0.000366025
0.000366025
0.000345568
0.000345568
0.000325815
0.000325815
0.000306762
0.000306762
0.000288406
0.000288406
0.000270742
0.000270742
0.000253766
0.000253766
0.000237475
0.000237475
0.000221862
0.000221862
0.000206922
0.000206922
0.000192649
0.000192649
0.000179036
0.000179036
0.000166075
0.000166075
0.000153758
0.000153758
0.000142075
0.000142075
0.000131017
0.000131017
0.000120571
0.000120571
0.000110725
0.000110725
0.000101466
0.000101466
9.27793e-05
9.27793e-05
8.46488e-05
8.46488e-05
7.70577e-05
7.70577e-05
6.99883e-05
6.99883e-05
6.34218e-05
6.34218e-05
5.73384e-05
5.73384e-05
5.17178e-05
5.17178e-05
4.65389e-05
4.65389e-05
4.17801e-05
4.17801e-05
3.74193e-05
3.74193e-05
3.34345e-05
3.34345e-05
2.98033e-05
2.98033e-05
2.65037e-05
2.65037e-05
2.35136e-05
2.35136e-05
2.08117e-05
2.08117e-05
1.83769e-05
1.83769e-05
1.61887e-05
1.61887e-05
1.42276e-05
1.42276e-05
1.24748e-05
1.24748e-05
1.09123e-05
1.09123e-05
9.52306e-06
9.52306e-06
8.29122e-06
8.29122e-06
7.20173e-06
7.20173e-06
6.24062e-06
6.24062e-06
5.39492e-06
5.39492e-06
4.65265e-06
4.65265e-06
4.00281e-06
4.00281e-06
3.4353e-06
3.4353e-06
2.94093e-06
2.94093e-06
2.51135e-06
2.51135e-06
2.139e-06
2.139e-06
1.81707e-06
1.81707e-06
1.53943e-06
1.53943e-06
1.30061e-06
1.30061e-06
1.09572e-06
1.09572e-06
9.20386e-07
9.20386e-07
7.70764e-07
7.70764e-07
6.43431e-07
6.43431e-07
5.35374e-07
5.35374e-07
4.43943e-07
4.43943e-07
3.66814e-07
3.66814e-07
3.01954e-07
3.01954e-07
2.47589e-07
2.47589e-07
2.02175e-07
2.02175e-07
1.64374e-07
1.64374e-07
1.33027e-07
1.33027e-07
1.07135e-07
1.07135e-07
8.58373e-08
8.58373e-08
6.83957e-08
6.83957e-08
5.41787e-08
5.41787e-08
4.2648e-08
4.2648e-08
3.33458e-08
3.33458e-08
2.58841e-08
2.58841e-08
1.99355e-08
1.99355e-08
1.52245e-08
1.52245e-08
1.15203e-08
1.15203e-08
8.63051e-09
8.63051e-09
6.39508e-09
6.39508e-09
4.68193e-09
4.68193e-09
3.38244e-09
3.38244e-09
2.40786e-09
2.40786e-09
1.68612e-09
1.68612e-09
1.15912e-09
1.15912e-09
7.8038e-10
7.8038e-10
5.13055e-10
5.13055e-10
3.28219e-10
3.28219e-10
2.03423e-10
2.03423e-10
1.21472e-10
1.21472e-10
6.9393e-11
6.9393e-11
3.75748e-11
3.75748e-11
1.90465e-11
1.90465e-11
8.88398e-12
8.88398e-12
3.72085e-12
3.72085e-12
1.35025e-12
1.35025e-12
4.03673e-13
4.03673e-13
9.54975e-14
9.54975e-14
2.31998e-14
2.31998e-14
1.47677e-14
1.47677e-14
1.69171e-14
1.69171e-14
0.00810151
0.00810151
0.00810795
0.00810795
0.00812017
0.00812017
0.00813732
0.00813732
0.00815837
0.00815837
0.00818225
0.00818225
0.00820787
0.00820787
0.00823418
0.00823418
0.0082602
0.0082602
0.00828509
0.00828509
0.00830807
0.00830807
0.00832853
0.00832853
0.00834593
0.00834593
0.00835986
0.00835986
0.00837
0.00837
0.0083761
0.0083761
0.00837801
0.00837801
0.00837563
0.00837563
0.00836891
0.00836891
0.00835785
0.00835785
0.00834247
0.00834247
0.00832285
0.00832285
0.00829908
0.00829908
0.00827125
0.00827125
0.00823949
0.00823949
0.00820393
0.00820393
0.00816472
0.00816472
0.00812198
0.00812198
0.00807589
0.00807589
0.00802658
0.00802658
0.0079742
0.0079742
0.00791891
0.00791891
0.00786087
0.00786087
0.0078002
0.0078002
0.00773707
0.00773707
0.00767161
0.00767161
0.00760395
0.00760395
0.00753425
0.00753425
0.00746262
0.00746262
0.00738919
0.00738919
0.00731409
0.00731409
0.00723743
0.00723743
0.00715934
0.00715934
0.00707992
0.00707992
0.00699929
0.00699929
0.00691753
0.00691753
0.00683476
0.00683476
0.00675107
0.00675107
0.00666655
0.00666655
0.0065813
0.0065813
0.00649538
0.00649538
0.0064089
0.0064089
0.00632192
0.00632192
0.00623453
0.00623453
0.00614679
0.00614679
0.00605877
0.00605877
0.00597054
0.00597054
0.00588216
0.00588216
0.0057937
0.0057937
0.00570521
0.00570521
0.00561674
0.00561674
0.00552835
0.00552835
0.00544009
0.00544009
0.00535201
0.00535201
0.00526415
0.00526415
0.00517656
0.00517656
0.00508927
0.00508927
0.00500234
0.00500234
0.00491578
0.00491578
0.00482965
0.00482965
0.00474397
0.00474397
0.00465878
0.00465878
0.00457411
0.00457411
0.00448998
0.00448998
0.00440642
0.00440642
0.00432346
0.00432346
0.00424112
0.00424112
0.00415943
0.00415943
0.0040784
0.0040784
0.00399806
0.00399806
0.00391842
0.00391842
0.0038395
0.0038395
0.00376133
0.00376133
0.0036839
0.0036839
0.00360725
0.00360725
0.00353137
0.00353137
0.00345629
0.00345629
0.00338201
0.00338201
0.00330855
0.00330855
0.00323591
0.00323591
0.0031641
0.0031641
0.00309313
0.00309313
0.00302301
0.00302301
0.00295375
0.00295375
0.00288534
0.00288534
0.0028178
0.0028178
0.00275112
0.00275112
0.00268532
0.00268532
0.00262039
0.00262039
0.00255634
0.00255634
0.00249317
0.00249317
0.00243088
0.00243088
0.00236947
0.00236947
0.00230894
0.00230894
0.00224929
0.00224929
0.00219053
0.00219053
0.00213265
0.00213265
0.00207565
0.00207565
0.00201952
0.00201952
0.00196427
0.00196427
0.0019099
0.0019099
0.0018564
0.0018564
0.00180377
0.00180377
0.00175201
0.00175201
0.00170111
0.00170111
0.00165107
0.00165107
0.00160189
0.00160189
0.00155356
0.00155356
0.00150608
0.00150608
0.00145945
0.00145945
0.00141366
0.00141366
0.0013687
0.0013687
0.00132458
0.00132458
0.00128129
0.00128129
0.00123882
0.00123882
0.00119717
0.00119717
0.00115633
0.00115633
0.00111631
0.00111631
0.00107709
0.00107709
0.00103867
0.00103867
0.00100105
0.00100105
0.000964216
0.000964216
0.000928171
0.000928171
0.000892909
0.000892909
0.000858424
0.000858424
0.000824713
0.000824713
0.000791771
0.000791771
0.000759593
0.000759593
0.000728175
0.000728175
0.000697514
0.000697514
0.000667605
0.000667605
0.000638444
0.000638444
0.000610028
0.000610028
0.000582352
0.000582352
0.000555413
0.000555413
0.000529208
0.000529208
0.000503732
0.000503732
0.000478984
0.000478984
0.000454958
0.000454958
0.000431653
0.000431653
0.000409064
0.000409064
0.00038719
0.00038719
0.000366025
0.000366025
0.000345568
0.000345568
0.000325815
0.000325815
0.000306762
0.000306762
0.000288406
0.000288406
0.000270742
0.000270742
0.000253766
0.000253766
0.000237475
0.000237475
0.000221862
0.000221862
0.000206922
0.000206922
0.000192649
0.000192649
0.000179036
0.000179036
0.000166075
0.000166075
0.000153758
0.000153758
0.000142075
0.000142075
0.000131017
0.000131017
0.000120571
0.000120571
0.000110725
0.000110725
0.000101466
0.000101466
9.27793e-05
9.27793e-05
8.46488e-05
8.46488e-05
7.70577e-05
7.70577e-05
6.99883e-05
6.99883e-05
6.34218e-05
6.34218e-05
5.73384e-05
5.73384e-05
5.17178e-05
5.17178e-05
4.65389e-05
4.65389e-05
4.17801e-05
4.17801e-05
3.74193e-05
3.74193e-05
3.34345e-05
3.34345e-05
2.98033e-05
2.98033e-05
2.65037e-05
2.65037e-05
2.35136e-05
2.35136e-05
2.08117e-05
2.08117e-05
1.83769e-05
1.83769e-05
1.61887e-05
1.61887e-05
1.42276e-05
1.42276e-05
1.24748e-05
1.24748e-05
1.09123e-05
1.09123e-05
9.52306e-06
9.52306e-06
8.29122e-06
8.29122e-06
7.20173e-06
7.20173e-06
6.24062e-06
6.24062e-06
5.39492e-06
5.39492e-06
4.65265e-06
4.65265e-06
4.00281e-06
4.00281e-06
3.4353e-06
3.4353e-06
2.94093e-06
2.94093e-06
2.51135e-06
2.51135e-06
2.139e-06
2.139e-06
1.81707e-06
1.81707e-06
1.53943e-06
1.53943e-06
1.30061e-06
1.30061e-06
1.09572e-06
1.09572e-06
9.20386e-07
9.20386e-07
7.70764e-07
7.70764e-07
6.43431e-07
6.43431e-07
5.35374e-07
5.35374e-07
4.43943e-07
4.43943e-07
3.66814e-07
3.66814e-07
3.01954e-07
3.01954e-07
2.47589e-07
2.47589e-07
2.02175e-07
2.02175e-07
1.64374e-07
1.64374e-07
1.33027e-07
1.33027e-07
1.07135e-07
1.07135e-07
8.58373e-08
8.58373e-08
6.83957e-08
6.83957e-08
5.41787e-08
5.41787e-08
4.2648e-08
4.2648e-08
3.33458e-08
3.33458e-08
2.58841e-08
2.58841e-08
1.99355e-08
1.99355e-08
1.52245e-08
1.52245e-08
1.15203e-08
1.15203e-08
8.63051e-09
8.63051e-09
6.39508e-09
6.39508e-09
4.68193e-09
4.68193e-09
3.38244e-09
3.38244e-09
2.40786e-09
2.40786e-09
1.68612e-09
1.68612e-09
1.15912e-09
1.15912e-09
7.8038e-10
7.8038e-10
5.13055e-10
5.13055e-10
3.28219e-10
3.28219e-10
2.03423e-10
2.03423e-10
1.21472e-10
1.21472e-10
6.9393e-11
6.9393e-11
3.75748e-11
3.75748e-11
1.90465e-11
1.90465e-11
8.88398e-12
8.88398e-12
3.72085e-12
3.72085e-12
1.35025e-12
1.35025e-12
4.03673e-13
4.03673e-13
9.54975e-14
9.54975e-14
2.31998e-14
2.31998e-14
1.47677e-14
1.47677e-14
1.69171e-14
1.69171e-14
)
;

boundaryField
{
    walls
    {
        type            alphatJayatillekeWallFunction;
        Prt             0.85;
        kappa           0.41;
        E               9.8;
        value           uniform 0;
    }
    inlet
    {
        type            cyclic;
    }
    outlet
    {
        type            cyclic;
    }
    sides
    {
        type            empty;
    }
}


// ************************************************************************* //
