/*--------------------------------*- C++ -*----------------------------------*\
| =========                 |                                                 |
| \\      /  F ield         | OpenFOAM: The Open Source CFD Toolbox           |
|  \\    /   O peration     | Version:  2106                                  |
|   \\  /    A nd           | Website:  www.openfoam.com                      |
|    \\/     M anipulation  |                                                 |
\*---------------------------------------------------------------------------*/
FoamFile
{
    version     2.0;
    format      ascii;
    arch        "LSB;label=32;scalar=64";
    class       volScalarField;
    location    "10070";
    object      k;
}
// * * * * * * * * * * * * * * * * * * * * * * * * * * * * * * * * * * * * * //

dimensions      [0 2 -2 0 0 0 0];

internalField   nonuniform List<scalar> 
2000
(
4.70235e-08
4.70235e-08
7.12448e-09
7.12448e-09
3.77939e-09
3.77939e-09
7.30491e-09
7.30491e-09
1.74254e-08
1.74254e-08
3.68552e-08
3.68552e-08
6.93039e-08
6.93039e-08
1.1921e-07
1.1921e-07
1.91717e-07
1.91717e-07
2.92702e-07
2.92702e-07
4.28826e-07
4.28826e-07
6.07595e-07
6.07595e-07
8.37422e-07
8.37422e-07
1.12771e-06
1.12771e-06
1.48891e-06
1.48891e-06
1.93264e-06
1.93264e-06
2.47176e-06
2.47176e-06
3.12046e-06
3.12046e-06
3.89439e-06
3.89439e-06
4.81078e-06
4.81078e-06
5.88854e-06
5.88854e-06
7.14841e-06
7.14841e-06
8.61309e-06
8.61309e-06
1.03074e-05
1.03074e-05
1.22585e-05
1.22585e-05
1.44959e-05
1.44959e-05
1.70519e-05
1.70519e-05
1.99614e-05
1.99614e-05
2.32626e-05
2.32626e-05
2.69969e-05
2.69969e-05
3.1209e-05
3.1209e-05
3.59476e-05
3.59476e-05
4.12653e-05
4.12653e-05
4.72188e-05
4.72188e-05
5.38697e-05
5.38697e-05
6.12841e-05
6.12841e-05
6.95334e-05
6.95334e-05
7.86943e-05
7.86943e-05
8.88495e-05
8.88495e-05
0.000100087
0.000100087
0.000112503
0.000112503
0.000126199
0.000126199
0.000141282
0.000141282
0.00015787
0.00015787
0.000176086
0.000176086
0.00019606
0.00019606
0.000217933
0.000217933
0.000241852
0.000241852
0.000267971
0.000267971
0.000296456
0.000296456
0.000327476
0.000327476
0.000361213
0.000361213
0.000397852
0.000397852
0.000437587
0.000437587
0.000480618
0.000480618
0.000527151
0.000527151
0.000577394
0.000577394
0.000631559
0.000631559
0.00068986
0.00068986
0.000752507
0.000752507
0.00081971
0.00081971
0.000891673
0.000891673
0.00096859
0.00096859
0.00105065
0.00105065
0.00113801
0.00113801
0.00123083
0.00123083
0.00132924
0.00132924
0.00143335
0.00143335
0.00154323
0.00154323
0.00165893
0.00165893
0.00178047
0.00178047
0.00190781
0.00190781
0.0020409
0.0020409
0.00217964
0.00217964
0.00232388
0.00232388
0.00247344
0.00247344
0.0026281
0.0026281
0.00278759
0.00278759
0.00295162
0.00295162
0.00311985
0.00311985
0.00329193
0.00329193
0.00346747
0.00346747
0.00364605
0.00364605
0.00382727
0.00382727
0.00401067
0.00401067
0.00419582
0.00419582
0.00438227
0.00438227
0.00456959
0.00456959
0.00475733
0.00475733
0.00494507
0.00494507
0.0051324
0.0051324
0.00531893
0.00531893
0.00550429
0.00550429
0.00568813
0.00568813
0.00587011
0.00587011
0.00604994
0.00604994
0.00622733
0.00622733
0.00640204
0.00640204
0.00657384
0.00657384
0.00674251
0.00674251
0.00690789
0.00690789
0.00706981
0.00706981
0.00722815
0.00722815
0.00738278
0.00738278
0.00753362
0.00753362
0.00768059
0.00768059
0.00782363
0.00782363
0.0079627
0.0079627
0.00809777
0.00809777
0.00822882
0.00822882
0.00835585
0.00835585
0.00847887
0.00847887
0.0085979
0.0085979
0.00871295
0.00871295
0.00882407
0.00882407
0.00893129
0.00893129
0.00903465
0.00903465
0.00913421
0.00913421
0.00923001
0.00923001
0.00932211
0.00932211
0.00941058
0.00941058
0.00949547
0.00949547
0.00957684
0.00957684
0.00965476
0.00965476
0.0097293
0.0097293
0.00980051
0.00980051
0.00986847
0.00986847
0.00993323
0.00993323
0.00999487
0.00999487
0.0100534
0.0100534
0.010109
0.010109
0.0101616
0.0101616
0.0102114
0.0102114
0.0102583
0.0102583
0.0103025
0.0103025
0.0103439
0.0103439
0.0103828
0.0103828
0.010419
0.010419
0.0104526
0.0104526
0.0104838
0.0104838
0.0105125
0.0105125
0.0105388
0.0105388
0.0105628
0.0105628
0.0105845
0.0105845
0.0106038
0.0106038
0.010621
0.010621
0.0106359
0.0106359
0.0106487
0.0106487
0.0106594
0.0106594
0.010668
0.010668
0.0106745
0.0106745
0.010679
0.010679
0.0106815
0.0106815
0.010682
0.010682
0.0106806
0.0106806
0.0106772
0.0106772
0.010672
0.010672
0.0106649
0.0106649
0.0106559
0.0106559
0.010645
0.010645
0.0106324
0.0106324
0.0106179
0.0106179
0.0106017
0.0106017
0.0105837
0.0105837
0.0105639
0.0105639
0.0105423
0.0105423
0.010519
0.010519
0.010494
0.010494
0.0104672
0.0104672
0.0104387
0.0104387
0.0104085
0.0104085
0.0103766
0.0103766
0.010343
0.010343
0.0103077
0.0103077
0.0102707
0.0102707
0.0102319
0.0102319
0.0101915
0.0101915
0.0101494
0.0101494
0.0101056
0.0101056
0.01006
0.01006
0.0100128
0.0100128
0.00996385
0.00996385
0.00991318
0.00991318
0.00986079
0.00986079
0.00980667
0.00980667
0.00975082
0.00975082
0.00969324
0.00969324
0.0096339
0.0096339
0.00957281
0.00957281
0.00950995
0.00950995
0.00944532
0.00944532
0.00937891
0.00937891
0.00931071
0.00931071
0.00924071
0.00924071
0.0091689
0.0091689
0.00909526
0.00909526
0.0090198
0.0090198
0.0089425
0.0089425
0.00886334
0.00886334
0.00878233
0.00878233
0.00869945
0.00869945
0.00861469
0.00861469
0.00852805
0.00852805
0.00843952
0.00843952
0.00834909
0.00834909
0.00825676
0.00825676
0.00816252
0.00816252
0.00806639
0.00806639
0.00796834
0.00796834
0.0078684
0.0078684
0.00776657
0.00776657
0.00766286
0.00766286
0.00755727
0.00755727
0.00744983
0.00744983
0.00734056
0.00734056
0.00722949
0.00722949
0.00711665
0.00711665
0.00700208
0.00700208
0.00688582
0.00688582
0.00676795
0.00676795
0.00664852
0.00664852
0.00652761
0.00652761
0.0064053
0.0064053
0.00628172
0.00628172
0.00615696
0.00615696
0.00603118
0.00603118
0.00590452
0.00590452
0.00577717
0.00577717
0.00564932
0.00564932
0.00552121
0.00552121
0.00539309
0.00539309
0.00526525
0.00526525
0.00513803
0.00513803
0.00501179
0.00501179
0.00488695
0.00488695
0.00476397
0.00476397
0.00464336
0.00464336
0.00452571
0.00452571
0.00441165
0.00441165
0.00430187
0.00430187
0.00419715
0.00419715
0.00409832
0.00409832
0.00400628
0.00400628
0.00392202
0.00392202
0.00384655
0.00384655
0.00378094
0.00378094
0.0037263
0.0037263
0.00368374
0.00368374
0.00365436
0.00365436
0.00363918
0.00363918
4.70235e-08
4.70235e-08
7.12448e-09
7.12448e-09
3.77939e-09
3.77939e-09
7.30491e-09
7.30491e-09
1.74254e-08
1.74254e-08
3.68552e-08
3.68552e-08
6.93039e-08
6.93039e-08
1.1921e-07
1.1921e-07
1.91717e-07
1.91717e-07
2.92702e-07
2.92702e-07
4.28826e-07
4.28826e-07
6.07595e-07
6.07595e-07
8.37422e-07
8.37422e-07
1.12771e-06
1.12771e-06
1.48891e-06
1.48891e-06
1.93264e-06
1.93264e-06
2.47176e-06
2.47176e-06
3.12046e-06
3.12046e-06
3.89439e-06
3.89439e-06
4.81078e-06
4.81078e-06
5.88854e-06
5.88854e-06
7.14841e-06
7.14841e-06
8.61309e-06
8.61309e-06
1.03074e-05
1.03074e-05
1.22585e-05
1.22585e-05
1.44959e-05
1.44959e-05
1.70519e-05
1.70519e-05
1.99614e-05
1.99614e-05
2.32626e-05
2.32626e-05
2.69969e-05
2.69969e-05
3.1209e-05
3.1209e-05
3.59476e-05
3.59476e-05
4.12653e-05
4.12653e-05
4.72188e-05
4.72188e-05
5.38697e-05
5.38697e-05
6.12841e-05
6.12841e-05
6.95334e-05
6.95334e-05
7.86943e-05
7.86943e-05
8.88495e-05
8.88495e-05
0.000100087
0.000100087
0.000112503
0.000112503
0.000126199
0.000126199
0.000141282
0.000141282
0.00015787
0.00015787
0.000176086
0.000176086
0.00019606
0.00019606
0.000217933
0.000217933
0.000241852
0.000241852
0.000267971
0.000267971
0.000296456
0.000296456
0.000327476
0.000327476
0.000361213
0.000361213
0.000397852
0.000397852
0.000437587
0.000437587
0.000480618
0.000480618
0.000527151
0.000527151
0.000577394
0.000577394
0.000631559
0.000631559
0.00068986
0.00068986
0.000752507
0.000752507
0.00081971
0.00081971
0.000891673
0.000891673
0.00096859
0.00096859
0.00105065
0.00105065
0.00113801
0.00113801
0.00123083
0.00123083
0.00132924
0.00132924
0.00143335
0.00143335
0.00154323
0.00154323
0.00165893
0.00165893
0.00178047
0.00178047
0.00190781
0.00190781
0.0020409
0.0020409
0.00217964
0.00217964
0.00232388
0.00232388
0.00247344
0.00247344
0.0026281
0.0026281
0.00278759
0.00278759
0.00295162
0.00295162
0.00311985
0.00311985
0.00329193
0.00329193
0.00346747
0.00346747
0.00364605
0.00364605
0.00382727
0.00382727
0.00401067
0.00401067
0.00419582
0.00419582
0.00438227
0.00438227
0.00456959
0.00456959
0.00475733
0.00475733
0.00494507
0.00494507
0.0051324
0.0051324
0.00531893
0.00531893
0.00550429
0.00550429
0.00568813
0.00568813
0.00587011
0.00587011
0.00604994
0.00604994
0.00622733
0.00622733
0.00640204
0.00640204
0.00657384
0.00657384
0.00674251
0.00674251
0.00690789
0.00690789
0.00706981
0.00706981
0.00722815
0.00722815
0.00738278
0.00738278
0.00753362
0.00753362
0.00768059
0.00768059
0.00782363
0.00782363
0.0079627
0.0079627
0.00809777
0.00809777
0.00822882
0.00822882
0.00835585
0.00835585
0.00847887
0.00847887
0.0085979
0.0085979
0.00871295
0.00871295
0.00882407
0.00882407
0.00893129
0.00893129
0.00903465
0.00903465
0.00913421
0.00913421
0.00923001
0.00923001
0.00932211
0.00932211
0.00941058
0.00941058
0.00949547
0.00949547
0.00957684
0.00957684
0.00965476
0.00965476
0.0097293
0.0097293
0.00980051
0.00980051
0.00986847
0.00986847
0.00993323
0.00993323
0.00999487
0.00999487
0.0100534
0.0100534
0.010109
0.010109
0.0101616
0.0101616
0.0102114
0.0102114
0.0102583
0.0102583
0.0103025
0.0103025
0.0103439
0.0103439
0.0103828
0.0103828
0.010419
0.010419
0.0104526
0.0104526
0.0104838
0.0104838
0.0105125
0.0105125
0.0105388
0.0105388
0.0105628
0.0105628
0.0105845
0.0105845
0.0106038
0.0106038
0.010621
0.010621
0.0106359
0.0106359
0.0106487
0.0106487
0.0106594
0.0106594
0.010668
0.010668
0.0106745
0.0106745
0.010679
0.010679
0.0106815
0.0106815
0.010682
0.010682
0.0106806
0.0106806
0.0106772
0.0106772
0.010672
0.010672
0.0106649
0.0106649
0.0106559
0.0106559
0.010645
0.010645
0.0106324
0.0106324
0.0106179
0.0106179
0.0106017
0.0106017
0.0105837
0.0105837
0.0105639
0.0105639
0.0105423
0.0105423
0.010519
0.010519
0.010494
0.010494
0.0104672
0.0104672
0.0104387
0.0104387
0.0104085
0.0104085
0.0103766
0.0103766
0.010343
0.010343
0.0103077
0.0103077
0.0102707
0.0102707
0.0102319
0.0102319
0.0101915
0.0101915
0.0101494
0.0101494
0.0101056
0.0101056
0.01006
0.01006
0.0100128
0.0100128
0.00996385
0.00996385
0.00991318
0.00991318
0.00986079
0.00986079
0.00980667
0.00980667
0.00975082
0.00975082
0.00969324
0.00969324
0.0096339
0.0096339
0.00957281
0.00957281
0.00950995
0.00950995
0.00944532
0.00944532
0.00937891
0.00937891
0.00931071
0.00931071
0.00924071
0.00924071
0.0091689
0.0091689
0.00909526
0.00909526
0.0090198
0.0090198
0.0089425
0.0089425
0.00886334
0.00886334
0.00878233
0.00878233
0.00869945
0.00869945
0.00861469
0.00861469
0.00852805
0.00852805
0.00843952
0.00843952
0.00834909
0.00834909
0.00825676
0.00825676
0.00816252
0.00816252
0.00806639
0.00806639
0.00796834
0.00796834
0.0078684
0.0078684
0.00776657
0.00776657
0.00766286
0.00766286
0.00755727
0.00755727
0.00744983
0.00744983
0.00734056
0.00734056
0.00722949
0.00722949
0.00711665
0.00711665
0.00700208
0.00700208
0.00688582
0.00688582
0.00676795
0.00676795
0.00664852
0.00664852
0.00652761
0.00652761
0.0064053
0.0064053
0.00628172
0.00628172
0.00615696
0.00615696
0.00603118
0.00603118
0.00590452
0.00590452
0.00577717
0.00577717
0.00564932
0.00564932
0.00552121
0.00552121
0.00539309
0.00539309
0.00526525
0.00526525
0.00513803
0.00513803
0.00501179
0.00501179
0.00488695
0.00488695
0.00476397
0.00476397
0.00464336
0.00464336
0.00452571
0.00452571
0.00441165
0.00441165
0.00430187
0.00430187
0.00419715
0.00419715
0.00409832
0.00409832
0.00400628
0.00400628
0.00392202
0.00392202
0.00384655
0.00384655
0.00378094
0.00378094
0.0037263
0.0037263
0.00368374
0.00368374
0.00365436
0.00365436
0.00363918
0.00363918
0.00363918
0.00363918
0.00365436
0.00365436
0.00368374
0.00368374
0.0037263
0.0037263
0.00378094
0.00378094
0.00384654
0.00384654
0.00392202
0.00392202
0.00400628
0.00400628
0.00409831
0.00409831
0.00419714
0.00419714
0.00430187
0.00430187
0.00441164
0.00441164
0.00452571
0.00452571
0.00464336
0.00464336
0.00476397
0.00476397
0.00488695
0.00488695
0.00501179
0.00501179
0.00513803
0.00513803
0.00526525
0.00526525
0.00539309
0.00539309
0.00552121
0.00552121
0.00564932
0.00564932
0.00577717
0.00577717
0.00590452
0.00590452
0.00603118
0.00603118
0.00615696
0.00615696
0.00628171
0.00628171
0.0064053
0.0064053
0.0065276
0.0065276
0.00664851
0.00664851
0.00676795
0.00676795
0.00688582
0.00688582
0.00700207
0.00700207
0.00711664
0.00711664
0.00722948
0.00722948
0.00734056
0.00734056
0.00744983
0.00744983
0.00755727
0.00755727
0.00766285
0.00766285
0.00776657
0.00776657
0.0078684
0.0078684
0.00796834
0.00796834
0.00806638
0.00806638
0.00816252
0.00816252
0.00825675
0.00825675
0.00834908
0.00834908
0.00843951
0.00843951
0.00852804
0.00852804
0.00861469
0.00861469
0.00869944
0.00869944
0.00878233
0.00878233
0.00886334
0.00886334
0.00894249
0.00894249
0.0090198
0.0090198
0.00909526
0.00909526
0.0091689
0.0091689
0.00924071
0.00924071
0.00931071
0.00931071
0.00937891
0.00937891
0.00944532
0.00944532
0.00950995
0.00950995
0.0095728
0.0095728
0.0096339
0.0096339
0.00969323
0.00969323
0.00975082
0.00975082
0.00980667
0.00980667
0.00986079
0.00986079
0.00991318
0.00991318
0.00996384
0.00996384
0.0100128
0.0100128
0.01006
0.01006
0.0101056
0.0101056
0.0101494
0.0101494
0.0101915
0.0101915
0.0102319
0.0102319
0.0102707
0.0102707
0.0103077
0.0103077
0.010343
0.010343
0.0103766
0.0103766
0.0104085
0.0104085
0.0104387
0.0104387
0.0104672
0.0104672
0.010494
0.010494
0.010519
0.010519
0.0105423
0.0105423
0.0105639
0.0105639
0.0105837
0.0105837
0.0106017
0.0106017
0.0106179
0.0106179
0.0106324
0.0106324
0.010645
0.010645
0.0106559
0.0106559
0.0106649
0.0106649
0.010672
0.010672
0.0106772
0.0106772
0.0106806
0.0106806
0.010682
0.010682
0.0106815
0.0106815
0.010679
0.010679
0.0106745
0.0106745
0.010668
0.010668
0.0106594
0.0106594
0.0106487
0.0106487
0.0106359
0.0106359
0.010621
0.010621
0.0106038
0.0106038
0.0105845
0.0105845
0.0105628
0.0105628
0.0105388
0.0105388
0.0105125
0.0105125
0.0104838
0.0104838
0.0104526
0.0104526
0.010419
0.010419
0.0103828
0.0103828
0.0103439
0.0103439
0.0103025
0.0103025
0.0102583
0.0102583
0.0102114
0.0102114
0.0101616
0.0101616
0.010109
0.010109
0.0100534
0.0100534
0.00999487
0.00999487
0.00993323
0.00993323
0.00986847
0.00986847
0.00980051
0.00980051
0.0097293
0.0097293
0.00965476
0.00965476
0.00957684
0.00957684
0.00949547
0.00949547
0.00941058
0.00941058
0.00932211
0.00932211
0.00923001
0.00923001
0.00913421
0.00913421
0.00903465
0.00903465
0.00893129
0.00893129
0.00882407
0.00882407
0.00871295
0.00871295
0.0085979
0.0085979
0.00847887
0.00847887
0.00835585
0.00835585
0.00822882
0.00822882
0.00809777
0.00809777
0.0079627
0.0079627
0.00782363
0.00782363
0.00768059
0.00768059
0.00753362
0.00753362
0.00738279
0.00738279
0.00722815
0.00722815
0.00706982
0.00706982
0.00690789
0.00690789
0.00674251
0.00674251
0.00657384
0.00657384
0.00640204
0.00640204
0.00622734
0.00622734
0.00604994
0.00604994
0.00587011
0.00587011
0.00568813
0.00568813
0.00550429
0.00550429
0.00531894
0.00531894
0.0051324
0.0051324
0.00494507
0.00494507
0.00475733
0.00475733
0.00456959
0.00456959
0.00438228
0.00438228
0.00419582
0.00419582
0.00401067
0.00401067
0.00382727
0.00382727
0.00364605
0.00364605
0.00346747
0.00346747
0.00329193
0.00329193
0.00311985
0.00311985
0.00295162
0.00295162
0.00278759
0.00278759
0.0026281
0.0026281
0.00247344
0.00247344
0.00232388
0.00232388
0.00217964
0.00217964
0.0020409
0.0020409
0.00190781
0.00190781
0.00178047
0.00178047
0.00165893
0.00165893
0.00154323
0.00154323
0.00143335
0.00143335
0.00132924
0.00132924
0.00123083
0.00123083
0.00113801
0.00113801
0.00105065
0.00105065
0.00096859
0.00096859
0.000891673
0.000891673
0.000819711
0.000819711
0.000752507
0.000752507
0.00068986
0.00068986
0.000631559
0.000631559
0.000577394
0.000577394
0.000527151
0.000527151
0.000480618
0.000480618
0.000437587
0.000437587
0.000397852
0.000397852
0.000361213
0.000361213
0.000327476
0.000327476
0.000296456
0.000296456
0.000267971
0.000267971
0.000241852
0.000241852
0.000217933
0.000217933
0.00019606
0.00019606
0.000176086
0.000176086
0.00015787
0.00015787
0.000141282
0.000141282
0.000126199
0.000126199
0.000112503
0.000112503
0.000100088
0.000100088
8.88495e-05
8.88495e-05
7.86943e-05
7.86943e-05
6.95334e-05
6.95334e-05
6.12841e-05
6.12841e-05
5.38697e-05
5.38697e-05
4.72188e-05
4.72188e-05
4.12653e-05
4.12653e-05
3.59476e-05
3.59476e-05
3.1209e-05
3.1209e-05
2.69969e-05
2.69969e-05
2.32626e-05
2.32626e-05
1.99614e-05
1.99614e-05
1.70519e-05
1.70519e-05
1.44959e-05
1.44959e-05
1.22585e-05
1.22585e-05
1.03074e-05
1.03074e-05
8.61309e-06
8.61309e-06
7.14841e-06
7.14841e-06
5.88855e-06
5.88855e-06
4.81079e-06
4.81079e-06
3.89439e-06
3.89439e-06
3.12046e-06
3.12046e-06
2.47176e-06
2.47176e-06
1.93264e-06
1.93264e-06
1.48891e-06
1.48891e-06
1.12771e-06
1.12771e-06
8.37423e-07
8.37423e-07
6.07595e-07
6.07595e-07
4.28826e-07
4.28826e-07
2.92702e-07
2.92702e-07
1.91717e-07
1.91717e-07
1.1921e-07
1.1921e-07
6.9304e-08
6.9304e-08
3.68552e-08
3.68552e-08
1.74255e-08
1.74255e-08
7.30493e-09
7.30493e-09
3.77942e-09
3.77942e-09
7.12453e-09
7.12453e-09
4.70237e-08
4.70237e-08
0.00363918
0.00363918
0.00365436
0.00365436
0.00368374
0.00368374
0.0037263
0.0037263
0.00378094
0.00378094
0.00384654
0.00384654
0.00392202
0.00392202
0.00400628
0.00400628
0.00409831
0.00409831
0.00419714
0.00419714
0.00430187
0.00430187
0.00441164
0.00441164
0.00452571
0.00452571
0.00464336
0.00464336
0.00476397
0.00476397
0.00488695
0.00488695
0.00501179
0.00501179
0.00513803
0.00513803
0.00526525
0.00526525
0.00539309
0.00539309
0.00552121
0.00552121
0.00564932
0.00564932
0.00577717
0.00577717
0.00590452
0.00590452
0.00603118
0.00603118
0.00615696
0.00615696
0.00628171
0.00628171
0.0064053
0.0064053
0.0065276
0.0065276
0.00664851
0.00664851
0.00676795
0.00676795
0.00688582
0.00688582
0.00700207
0.00700207
0.00711664
0.00711664
0.00722948
0.00722948
0.00734056
0.00734056
0.00744983
0.00744983
0.00755727
0.00755727
0.00766285
0.00766285
0.00776657
0.00776657
0.0078684
0.0078684
0.00796834
0.00796834
0.00806638
0.00806638
0.00816252
0.00816252
0.00825675
0.00825675
0.00834908
0.00834908
0.00843951
0.00843951
0.00852804
0.00852804
0.00861469
0.00861469
0.00869944
0.00869944
0.00878233
0.00878233
0.00886334
0.00886334
0.00894249
0.00894249
0.0090198
0.0090198
0.00909526
0.00909526
0.0091689
0.0091689
0.00924071
0.00924071
0.00931071
0.00931071
0.00937891
0.00937891
0.00944532
0.00944532
0.00950995
0.00950995
0.0095728
0.0095728
0.0096339
0.0096339
0.00969323
0.00969323
0.00975082
0.00975082
0.00980667
0.00980667
0.00986079
0.00986079
0.00991318
0.00991318
0.00996384
0.00996384
0.0100128
0.0100128
0.01006
0.01006
0.0101056
0.0101056
0.0101494
0.0101494
0.0101915
0.0101915
0.0102319
0.0102319
0.0102707
0.0102707
0.0103077
0.0103077
0.010343
0.010343
0.0103766
0.0103766
0.0104085
0.0104085
0.0104387
0.0104387
0.0104672
0.0104672
0.010494
0.010494
0.010519
0.010519
0.0105423
0.0105423
0.0105639
0.0105639
0.0105837
0.0105837
0.0106017
0.0106017
0.0106179
0.0106179
0.0106324
0.0106324
0.010645
0.010645
0.0106559
0.0106559
0.0106649
0.0106649
0.010672
0.010672
0.0106772
0.0106772
0.0106806
0.0106806
0.010682
0.010682
0.0106815
0.0106815
0.010679
0.010679
0.0106745
0.0106745
0.010668
0.010668
0.0106594
0.0106594
0.0106487
0.0106487
0.0106359
0.0106359
0.010621
0.010621
0.0106038
0.0106038
0.0105845
0.0105845
0.0105628
0.0105628
0.0105388
0.0105388
0.0105125
0.0105125
0.0104838
0.0104838
0.0104526
0.0104526
0.010419
0.010419
0.0103828
0.0103828
0.0103439
0.0103439
0.0103025
0.0103025
0.0102583
0.0102583
0.0102114
0.0102114
0.0101616
0.0101616
0.010109
0.010109
0.0100534
0.0100534
0.00999487
0.00999487
0.00993323
0.00993323
0.00986847
0.00986847
0.00980051
0.00980051
0.0097293
0.0097293
0.00965476
0.00965476
0.00957684
0.00957684
0.00949547
0.00949547
0.00941058
0.00941058
0.00932211
0.00932211
0.00923001
0.00923001
0.00913421
0.00913421
0.00903465
0.00903465
0.00893129
0.00893129
0.00882407
0.00882407
0.00871295
0.00871295
0.0085979
0.0085979
0.00847887
0.00847887
0.00835585
0.00835585
0.00822882
0.00822882
0.00809777
0.00809777
0.0079627
0.0079627
0.00782363
0.00782363
0.00768059
0.00768059
0.00753362
0.00753362
0.00738279
0.00738279
0.00722815
0.00722815
0.00706982
0.00706982
0.00690789
0.00690789
0.00674251
0.00674251
0.00657384
0.00657384
0.00640204
0.00640204
0.00622734
0.00622734
0.00604994
0.00604994
0.00587011
0.00587011
0.00568813
0.00568813
0.00550429
0.00550429
0.00531894
0.00531894
0.0051324
0.0051324
0.00494507
0.00494507
0.00475733
0.00475733
0.00456959
0.00456959
0.00438228
0.00438228
0.00419582
0.00419582
0.00401067
0.00401067
0.00382727
0.00382727
0.00364605
0.00364605
0.00346747
0.00346747
0.00329193
0.00329193
0.00311985
0.00311985
0.00295162
0.00295162
0.00278759
0.00278759
0.0026281
0.0026281
0.00247344
0.00247344
0.00232388
0.00232388
0.00217964
0.00217964
0.0020409
0.0020409
0.00190781
0.00190781
0.00178047
0.00178047
0.00165893
0.00165893
0.00154323
0.00154323
0.00143335
0.00143335
0.00132924
0.00132924
0.00123083
0.00123083
0.00113801
0.00113801
0.00105065
0.00105065
0.00096859
0.00096859
0.000891673
0.000891673
0.000819711
0.000819711
0.000752507
0.000752507
0.00068986
0.00068986
0.000631559
0.000631559
0.000577394
0.000577394
0.000527151
0.000527151
0.000480618
0.000480618
0.000437587
0.000437587
0.000397852
0.000397852
0.000361213
0.000361213
0.000327476
0.000327476
0.000296456
0.000296456
0.000267971
0.000267971
0.000241852
0.000241852
0.000217933
0.000217933
0.00019606
0.00019606
0.000176086
0.000176086
0.00015787
0.00015787
0.000141282
0.000141282
0.000126199
0.000126199
0.000112503
0.000112503
0.000100088
0.000100088
8.88495e-05
8.88495e-05
7.86943e-05
7.86943e-05
6.95334e-05
6.95334e-05
6.12841e-05
6.12841e-05
5.38697e-05
5.38697e-05
4.72188e-05
4.72188e-05
4.12653e-05
4.12653e-05
3.59476e-05
3.59476e-05
3.1209e-05
3.1209e-05
2.69969e-05
2.69969e-05
2.32626e-05
2.32626e-05
1.99614e-05
1.99614e-05
1.70519e-05
1.70519e-05
1.44959e-05
1.44959e-05
1.22585e-05
1.22585e-05
1.03074e-05
1.03074e-05
8.61309e-06
8.61309e-06
7.14841e-06
7.14841e-06
5.88855e-06
5.88855e-06
4.81079e-06
4.81079e-06
3.89439e-06
3.89439e-06
3.12046e-06
3.12046e-06
2.47176e-06
2.47176e-06
1.93264e-06
1.93264e-06
1.48891e-06
1.48891e-06
1.12771e-06
1.12771e-06
8.37423e-07
8.37423e-07
6.07595e-07
6.07595e-07
4.28826e-07
4.28826e-07
2.92702e-07
2.92702e-07
1.91717e-07
1.91717e-07
1.1921e-07
1.1921e-07
6.9304e-08
6.9304e-08
3.68552e-08
3.68552e-08
1.74255e-08
1.74255e-08
7.30493e-09
7.30493e-09
3.77942e-09
3.77942e-09
7.12453e-09
7.12453e-09
4.70237e-08
4.70237e-08
)
;

boundaryField
{
    walls
    {
        type            kqRWallFunction;
        value           nonuniform List<scalar> 8(4.70235e-08 4.70235e-08 4.70235e-08 4.70235e-08 4.70237e-08 4.70237e-08 4.70237e-08 4.70237e-08);
    }
    inlet
    {
        type            cyclic;
    }
    outlet
    {
        type            cyclic;
    }
    sides
    {
        type            empty;
    }
}


// ************************************************************************* //
