/*--------------------------------*- C++ -*----------------------------------*\
| =========                 |                                                 |
| \\      /  F ield         | OpenFOAM: The Open Source CFD Toolbox           |
|  \\    /   O peration     | Version:  2106                                  |
|   \\  /    A nd           | Website:  www.openfoam.com                      |
|    \\/     M anipulation  |                                                 |
\*---------------------------------------------------------------------------*/
FoamFile
{
    version     2.0;
    format      ascii;
    arch        "LSB;label=32;scalar=64";
    class       volScalarField;
    location    "10070";
    object      omega;
}
// * * * * * * * * * * * * * * * * * * * * * * * * * * * * * * * * * * * * * //

dimensions      [0 0 -1 0 0 0 0];

internalField   nonuniform List<scalar> 
2000
(
3.27021e+06
3.27021e+06
567580
567580
191659
191659
89995.1
89995.1
50786.7
50786.7
32112.8
32112.8
21913.5
21913.5
15787.1
15787.1
11842.4
11842.4
9164.81
9164.81
7270.45
7270.45
5884.85
5884.85
4843.3
4843.3
4042.3
4042.3
3414.29
3414.29
2913.68
2913.68
2508.85
2508.85
2177.34
2177.34
1902.85
1902.85
1673.33
1673.33
1479.72
1479.72
1315.1
1315.1
1174.14
1174.14
1052.64
1052.64
947.306
947.306
855.489
855.489
775.059
775.059
704.281
704.281
641.734
641.734
586.246
586.246
536.842
536.842
492.707
492.707
453.156
453.156
417.609
417.609
385.573
385.573
356.628
356.628
330.413
330.413
306.618
306.618
284.973
284.973
265.245
265.245
247.231
247.231
230.754
230.754
215.656
215.656
201.802
201.802
189.07
189.07
177.352
177.352
166.555
166.555
156.593
156.593
147.392
147.392
138.883
138.883
131.006
131.006
123.707
123.707
116.937
116.937
110.652
110.652
104.812
104.812
99.3806
99.3806
94.3256
94.3256
89.6169
89.6169
85.2272
85.2272
81.1316
81.1316
77.3075
77.3075
73.7339
73.7339
70.3918
70.3918
67.2634
67.2634
64.3327
64.3327
61.5846
61.5846
59.0054
59.0054
56.5824
56.5824
54.3038
54.3038
52.1586
52.1586
50.1369
50.1369
48.2294
48.2294
46.4274
46.4274
44.723
44.723
43.109
43.109
41.5784
41.5784
40.1252
40.1252
38.7436
38.7436
37.4283
37.4283
36.1746
36.1746
34.9781
34.9781
33.8347
33.8347
32.7407
32.7407
31.6929
31.6929
30.6882
30.6882
29.7238
29.7238
28.7973
28.7973
27.9063
27.9063
27.0488
27.0488
26.2229
26.2229
25.4269
25.4269
24.6593
24.6593
23.9187
23.9187
23.2037
23.2037
22.5131
22.5131
21.8459
21.8459
21.2011
21.2011
20.5777
20.5777
19.9749
19.9749
19.3919
19.3919
18.8279
18.8279
18.2821
18.2821
17.754
17.754
17.2429
17.2429
16.7482
16.7482
16.2693
16.2693
15.8057
15.8057
15.3568
15.3568
14.9222
14.9222
14.5013
14.5013
14.0938
14.0938
13.6991
13.6991
13.3168
13.3168
12.9466
12.9466
12.588
12.588
12.2406
12.2406
11.904
11.904
11.578
11.578
11.2621
11.2621
10.9559
10.9559
10.6593
10.6593
10.3718
10.3718
10.0932
10.0932
9.82309
9.82309
9.56127
9.56127
9.30745
9.30745
9.06134
9.06134
8.8227
8.8227
8.59127
8.59127
8.36681
8.36681
8.14909
8.14909
7.93788
7.93788
7.73297
7.73297
7.53414
7.53414
7.34118
7.34118
7.15392
7.15392
6.97214
6.97214
6.79568
6.79568
6.62436
6.62436
6.458
6.458
6.29644
6.29644
6.13953
6.13953
5.9871
5.9871
5.83902
5.83902
5.69514
5.69514
5.55532
5.55532
5.41943
5.41943
5.28734
5.28734
5.15894
5.15894
5.03409
5.03409
4.91269
4.91269
4.79463
4.79463
4.67979
4.67979
4.56808
4.56808
4.4594
4.4594
4.35364
4.35364
4.25072
4.25072
4.15055
4.15055
4.05304
4.05304
3.95811
3.95811
3.86568
3.86568
3.77567
3.77567
3.688
3.688
3.60261
3.60261
3.51942
3.51942
3.43836
3.43836
3.35937
3.35937
3.28239
3.28239
3.20736
3.20736
3.13421
3.13421
3.0629
3.0629
2.99335
2.99335
2.92553
2.92553
2.85938
2.85938
2.79485
2.79485
2.73189
2.73189
2.67046
2.67046
2.61051
2.61051
2.552
2.552
2.49488
2.49488
2.43911
2.43911
2.38466
2.38466
2.33148
2.33148
2.27954
2.27954
2.22881
2.22881
2.17924
2.17924
2.1308
2.1308
2.08347
2.08347
2.03721
2.03721
1.99198
1.99198
1.94777
1.94777
1.90453
1.90453
1.86225
1.86225
1.82089
1.82089
1.78043
1.78043
1.74084
1.74084
1.7021
1.7021
1.66418
1.66418
1.62707
1.62707
1.59073
1.59073
1.55515
1.55515
1.5203
1.5203
1.48617
1.48617
1.45273
1.45273
1.41997
1.41997
1.38787
1.38787
1.3564
1.3564
1.32555
1.32555
1.29531
1.29531
1.26566
1.26566
1.23659
1.23659
1.20807
1.20807
1.18009
1.18009
1.15265
1.15265
1.12573
1.12573
1.09932
1.09932
1.0734
1.0734
1.04797
1.04797
1.02302
1.02302
0.998531
0.998531
0.97451
0.97451
0.950945
0.950945
0.927832
0.927832
0.905168
0.905168
0.88295
0.88295
0.86118
0.86118
0.839857
0.839857
0.818987
0.818987
0.798575
0.798575
0.77863
0.77863
0.759163
0.759163
0.740188
0.740188
0.721724
0.721724
0.703791
0.703791
0.686417
0.686417
0.669632
0.669632
0.653471
0.653471
0.637976
0.637976
0.623196
0.623196
0.609185
0.609185
0.596005
0.596005
0.583724
0.583724
0.572419
0.572419
0.562175
0.562175
0.553084
0.553084
0.545242
0.545242
0.538753
0.538753
0.533725
0.533725
0.530265
0.530265
0.528483
0.528483
3.27021e+06
3.27021e+06
567580
567580
191659
191659
89995.1
89995.1
50786.7
50786.7
32112.8
32112.8
21913.5
21913.5
15787.1
15787.1
11842.4
11842.4
9164.81
9164.81
7270.45
7270.45
5884.85
5884.85
4843.3
4843.3
4042.3
4042.3
3414.29
3414.29
2913.68
2913.68
2508.85
2508.85
2177.34
2177.34
1902.85
1902.85
1673.33
1673.33
1479.72
1479.72
1315.1
1315.1
1174.14
1174.14
1052.64
1052.64
947.306
947.306
855.489
855.489
775.059
775.059
704.281
704.281
641.734
641.734
586.246
586.246
536.842
536.842
492.707
492.707
453.156
453.156
417.609
417.609
385.573
385.573
356.628
356.628
330.413
330.413
306.618
306.618
284.973
284.973
265.245
265.245
247.231
247.231
230.754
230.754
215.656
215.656
201.802
201.802
189.07
189.07
177.352
177.352
166.555
166.555
156.593
156.593
147.392
147.392
138.883
138.883
131.006
131.006
123.707
123.707
116.937
116.937
110.652
110.652
104.812
104.812
99.3806
99.3806
94.3256
94.3256
89.6169
89.6169
85.2272
85.2272
81.1316
81.1316
77.3075
77.3075
73.7339
73.7339
70.3918
70.3918
67.2634
67.2634
64.3327
64.3327
61.5846
61.5846
59.0054
59.0054
56.5824
56.5824
54.3038
54.3038
52.1586
52.1586
50.1369
50.1369
48.2294
48.2294
46.4274
46.4274
44.723
44.723
43.109
43.109
41.5784
41.5784
40.1252
40.1252
38.7436
38.7436
37.4283
37.4283
36.1746
36.1746
34.9781
34.9781
33.8347
33.8347
32.7407
32.7407
31.6929
31.6929
30.6882
30.6882
29.7238
29.7238
28.7973
28.7973
27.9063
27.9063
27.0488
27.0488
26.2229
26.2229
25.4269
25.4269
24.6593
24.6593
23.9187
23.9187
23.2037
23.2037
22.5131
22.5131
21.8459
21.8459
21.2011
21.2011
20.5777
20.5777
19.9749
19.9749
19.3919
19.3919
18.8279
18.8279
18.2821
18.2821
17.754
17.754
17.2429
17.2429
16.7482
16.7482
16.2693
16.2693
15.8057
15.8057
15.3568
15.3568
14.9222
14.9222
14.5013
14.5013
14.0938
14.0938
13.6991
13.6991
13.3168
13.3168
12.9466
12.9466
12.588
12.588
12.2406
12.2406
11.904
11.904
11.578
11.578
11.2621
11.2621
10.9559
10.9559
10.6593
10.6593
10.3718
10.3718
10.0932
10.0932
9.82309
9.82309
9.56127
9.56127
9.30745
9.30745
9.06134
9.06134
8.8227
8.8227
8.59127
8.59127
8.36681
8.36681
8.14909
8.14909
7.93788
7.93788
7.73297
7.73297
7.53414
7.53414
7.34118
7.34118
7.15392
7.15392
6.97214
6.97214
6.79568
6.79568
6.62436
6.62436
6.458
6.458
6.29644
6.29644
6.13953
6.13953
5.9871
5.9871
5.83902
5.83902
5.69514
5.69514
5.55532
5.55532
5.41943
5.41943
5.28734
5.28734
5.15894
5.15894
5.03409
5.03409
4.91269
4.91269
4.79463
4.79463
4.67979
4.67979
4.56808
4.56808
4.4594
4.4594
4.35364
4.35364
4.25072
4.25072
4.15055
4.15055
4.05304
4.05304
3.95811
3.95811
3.86568
3.86568
3.77567
3.77567
3.688
3.688
3.60261
3.60261
3.51942
3.51942
3.43836
3.43836
3.35937
3.35937
3.28239
3.28239
3.20736
3.20736
3.13421
3.13421
3.0629
3.0629
2.99335
2.99335
2.92553
2.92553
2.85938
2.85938
2.79485
2.79485
2.73189
2.73189
2.67046
2.67046
2.61051
2.61051
2.552
2.552
2.49488
2.49488
2.43911
2.43911
2.38466
2.38466
2.33148
2.33148
2.27954
2.27954
2.22881
2.22881
2.17924
2.17924
2.1308
2.1308
2.08347
2.08347
2.03721
2.03721
1.99198
1.99198
1.94777
1.94777
1.90453
1.90453
1.86225
1.86225
1.82089
1.82089
1.78043
1.78043
1.74084
1.74084
1.7021
1.7021
1.66418
1.66418
1.62707
1.62707
1.59073
1.59073
1.55515
1.55515
1.5203
1.5203
1.48617
1.48617
1.45273
1.45273
1.41997
1.41997
1.38787
1.38787
1.3564
1.3564
1.32555
1.32555
1.29531
1.29531
1.26566
1.26566
1.23659
1.23659
1.20807
1.20807
1.18009
1.18009
1.15265
1.15265
1.12573
1.12573
1.09932
1.09932
1.0734
1.0734
1.04797
1.04797
1.02302
1.02302
0.998531
0.998531
0.97451
0.97451
0.950945
0.950945
0.927832
0.927832
0.905168
0.905168
0.88295
0.88295
0.86118
0.86118
0.839857
0.839857
0.818987
0.818987
0.798575
0.798575
0.77863
0.77863
0.759163
0.759163
0.740188
0.740188
0.721724
0.721724
0.703791
0.703791
0.686417
0.686417
0.669632
0.669632
0.653471
0.653471
0.637976
0.637976
0.623196
0.623196
0.609185
0.609185
0.596005
0.596005
0.583724
0.583724
0.572419
0.572419
0.562175
0.562175
0.553084
0.553084
0.545242
0.545242
0.538753
0.538753
0.533725
0.533725
0.530265
0.530265
0.528483
0.528483
0.528483
0.528483
0.530265
0.530265
0.533725
0.533725
0.538753
0.538753
0.545242
0.545242
0.553084
0.553084
0.562175
0.562175
0.572419
0.572419
0.583724
0.583724
0.596005
0.596005
0.609185
0.609185
0.623196
0.623196
0.637976
0.637976
0.653471
0.653471
0.669631
0.669631
0.686417
0.686417
0.703791
0.703791
0.721724
0.721724
0.740188
0.740188
0.759163
0.759163
0.77863
0.77863
0.798575
0.798575
0.818987
0.818987
0.839857
0.839857
0.86118
0.86118
0.88295
0.88295
0.905168
0.905168
0.927832
0.927832
0.950945
0.950945
0.97451
0.97451
0.998531
0.998531
1.02301
1.02301
1.04797
1.04797
1.0734
1.0734
1.09932
1.09932
1.12573
1.12573
1.15265
1.15265
1.18009
1.18009
1.20807
1.20807
1.23659
1.23659
1.26566
1.26566
1.29531
1.29531
1.32555
1.32555
1.3564
1.3564
1.38787
1.38787
1.41997
1.41997
1.45273
1.45273
1.48617
1.48617
1.5203
1.5203
1.55515
1.55515
1.59073
1.59073
1.62707
1.62707
1.66418
1.66418
1.7021
1.7021
1.74084
1.74084
1.78043
1.78043
1.82089
1.82089
1.86225
1.86225
1.90453
1.90453
1.94777
1.94777
1.99198
1.99198
2.03721
2.03721
2.08347
2.08347
2.1308
2.1308
2.17924
2.17924
2.22881
2.22881
2.27954
2.27954
2.33148
2.33148
2.38466
2.38466
2.43911
2.43911
2.49488
2.49488
2.552
2.552
2.61051
2.61051
2.67046
2.67046
2.73189
2.73189
2.79485
2.79485
2.85938
2.85938
2.92553
2.92553
2.99335
2.99335
3.0629
3.0629
3.13421
3.13421
3.20736
3.20736
3.28239
3.28239
3.35937
3.35937
3.43836
3.43836
3.51942
3.51942
3.60261
3.60261
3.688
3.688
3.77567
3.77567
3.86568
3.86568
3.95811
3.95811
4.05304
4.05304
4.15055
4.15055
4.25072
4.25072
4.35364
4.35364
4.4594
4.4594
4.56808
4.56808
4.67979
4.67979
4.79463
4.79463
4.91269
4.91269
5.03409
5.03409
5.15894
5.15894
5.28734
5.28734
5.41943
5.41943
5.55532
5.55532
5.69514
5.69514
5.83902
5.83902
5.9871
5.9871
6.13953
6.13953
6.29644
6.29644
6.458
6.458
6.62436
6.62436
6.79568
6.79568
6.97215
6.97215
7.15392
7.15392
7.34119
7.34119
7.53414
7.53414
7.73297
7.73297
7.93788
7.93788
8.14909
8.14909
8.36681
8.36681
8.59127
8.59127
8.8227
8.8227
9.06134
9.06134
9.30745
9.30745
9.56127
9.56127
9.82309
9.82309
10.0932
10.0932
10.3718
10.3718
10.6593
10.6593
10.9559
10.9559
11.2621
11.2621
11.578
11.578
11.904
11.904
12.2406
12.2406
12.588
12.588
12.9466
12.9466
13.3168
13.3168
13.6991
13.6991
14.0938
14.0938
14.5013
14.5013
14.9222
14.9222
15.3568
15.3568
15.8057
15.8057
16.2693
16.2693
16.7482
16.7482
17.2429
17.2429
17.754
17.754
18.2821
18.2821
18.8279
18.8279
19.3919
19.3919
19.9749
19.9749
20.5777
20.5777
21.2011
21.2011
21.8459
21.8459
22.5131
22.5131
23.2037
23.2037
23.9187
23.9187
24.6593
24.6593
25.4269
25.4269
26.2229
26.2229
27.0488
27.0488
27.9063
27.9063
28.7973
28.7973
29.7238
29.7238
30.6882
30.6882
31.6929
31.6929
32.7407
32.7407
33.8347
33.8347
34.9781
34.9781
36.1746
36.1746
37.4283
37.4283
38.7436
38.7436
40.1252
40.1252
41.5784
41.5784
43.109
43.109
44.723
44.723
46.4274
46.4274
48.2294
48.2294
50.1369
50.1369
52.1586
52.1586
54.3037
54.3037
56.5824
56.5824
59.0054
59.0054
61.5846
61.5846
64.3327
64.3327
67.2634
67.2634
70.3918
70.3918
73.7339
73.7339
77.3075
77.3075
81.1316
81.1316
85.2272
85.2272
89.6169
89.6169
94.3257
94.3257
99.3806
99.3806
104.812
104.812
110.652
110.652
116.937
116.937
123.707
123.707
131.006
131.006
138.883
138.883
147.392
147.392
156.593
156.593
166.555
166.555
177.352
177.352
189.07
189.07
201.802
201.802
215.656
215.656
230.754
230.754
247.231
247.231
265.245
265.245
284.973
284.973
306.618
306.618
330.413
330.413
356.628
356.628
385.573
385.573
417.609
417.609
453.156
453.156
492.707
492.707
536.842
536.842
586.246
586.246
641.734
641.734
704.281
704.281
775.059
775.059
855.489
855.489
947.306
947.306
1052.64
1052.64
1174.14
1174.14
1315.1
1315.1
1479.72
1479.72
1673.33
1673.33
1902.85
1902.85
2177.34
2177.34
2508.85
2508.85
2913.67
2913.67
3414.29
3414.29
4042.3
4042.3
4843.3
4843.3
5884.85
5884.85
7270.45
7270.45
9164.81
9164.81
11842.4
11842.4
15787.1
15787.1
21913.5
21913.5
32112.8
32112.8
50786.6
50786.6
89995
89995
191659
191659
567578
567578
3.2702e+06
3.2702e+06
0.528483
0.528483
0.530265
0.530265
0.533725
0.533725
0.538753
0.538753
0.545242
0.545242
0.553084
0.553084
0.562175
0.562175
0.572419
0.572419
0.583724
0.583724
0.596005
0.596005
0.609185
0.609185
0.623196
0.623196
0.637976
0.637976
0.653471
0.653471
0.669631
0.669631
0.686417
0.686417
0.703791
0.703791
0.721724
0.721724
0.740188
0.740188
0.759163
0.759163
0.77863
0.77863
0.798575
0.798575
0.818987
0.818987
0.839857
0.839857
0.86118
0.86118
0.88295
0.88295
0.905168
0.905168
0.927832
0.927832
0.950945
0.950945
0.97451
0.97451
0.998531
0.998531
1.02301
1.02301
1.04797
1.04797
1.0734
1.0734
1.09932
1.09932
1.12573
1.12573
1.15265
1.15265
1.18009
1.18009
1.20807
1.20807
1.23659
1.23659
1.26566
1.26566
1.29531
1.29531
1.32555
1.32555
1.3564
1.3564
1.38787
1.38787
1.41997
1.41997
1.45273
1.45273
1.48617
1.48617
1.5203
1.5203
1.55515
1.55515
1.59073
1.59073
1.62707
1.62707
1.66418
1.66418
1.7021
1.7021
1.74084
1.74084
1.78043
1.78043
1.82089
1.82089
1.86225
1.86225
1.90453
1.90453
1.94777
1.94777
1.99198
1.99198
2.03721
2.03721
2.08347
2.08347
2.1308
2.1308
2.17924
2.17924
2.22881
2.22881
2.27954
2.27954
2.33148
2.33148
2.38466
2.38466
2.43911
2.43911
2.49488
2.49488
2.552
2.552
2.61051
2.61051
2.67046
2.67046
2.73189
2.73189
2.79485
2.79485
2.85938
2.85938
2.92553
2.92553
2.99335
2.99335
3.0629
3.0629
3.13421
3.13421
3.20736
3.20736
3.28239
3.28239
3.35937
3.35937
3.43836
3.43836
3.51942
3.51942
3.60261
3.60261
3.688
3.688
3.77567
3.77567
3.86568
3.86568
3.95811
3.95811
4.05304
4.05304
4.15055
4.15055
4.25072
4.25072
4.35364
4.35364
4.4594
4.4594
4.56808
4.56808
4.67979
4.67979
4.79463
4.79463
4.91269
4.91269
5.03409
5.03409
5.15894
5.15894
5.28734
5.28734
5.41943
5.41943
5.55532
5.55532
5.69514
5.69514
5.83902
5.83902
5.9871
5.9871
6.13953
6.13953
6.29644
6.29644
6.458
6.458
6.62436
6.62436
6.79568
6.79568
6.97215
6.97215
7.15392
7.15392
7.34119
7.34119
7.53414
7.53414
7.73297
7.73297
7.93788
7.93788
8.14909
8.14909
8.36681
8.36681
8.59127
8.59127
8.8227
8.8227
9.06134
9.06134
9.30745
9.30745
9.56127
9.56127
9.82309
9.82309
10.0932
10.0932
10.3718
10.3718
10.6593
10.6593
10.9559
10.9559
11.2621
11.2621
11.578
11.578
11.904
11.904
12.2406
12.2406
12.588
12.588
12.9466
12.9466
13.3168
13.3168
13.6991
13.6991
14.0938
14.0938
14.5013
14.5013
14.9222
14.9222
15.3568
15.3568
15.8057
15.8057
16.2693
16.2693
16.7482
16.7482
17.2429
17.2429
17.754
17.754
18.2821
18.2821
18.8279
18.8279
19.3919
19.3919
19.9749
19.9749
20.5777
20.5777
21.2011
21.2011
21.8459
21.8459
22.5131
22.5131
23.2037
23.2037
23.9187
23.9187
24.6593
24.6593
25.4269
25.4269
26.2229
26.2229
27.0488
27.0488
27.9063
27.9063
28.7973
28.7973
29.7238
29.7238
30.6882
30.6882
31.6929
31.6929
32.7407
32.7407
33.8347
33.8347
34.9781
34.9781
36.1746
36.1746
37.4283
37.4283
38.7436
38.7436
40.1252
40.1252
41.5784
41.5784
43.109
43.109
44.723
44.723
46.4274
46.4274
48.2294
48.2294
50.1369
50.1369
52.1586
52.1586
54.3037
54.3037
56.5824
56.5824
59.0054
59.0054
61.5846
61.5846
64.3327
64.3327
67.2634
67.2634
70.3918
70.3918
73.7339
73.7339
77.3075
77.3075
81.1316
81.1316
85.2272
85.2272
89.6169
89.6169
94.3257
94.3257
99.3806
99.3806
104.812
104.812
110.652
110.652
116.937
116.937
123.707
123.707
131.006
131.006
138.883
138.883
147.392
147.392
156.593
156.593
166.555
166.555
177.352
177.352
189.07
189.07
201.802
201.802
215.656
215.656
230.754
230.754
247.231
247.231
265.245
265.245
284.973
284.973
306.618
306.618
330.413
330.413
356.628
356.628
385.573
385.573
417.609
417.609
453.156
453.156
492.707
492.707
536.842
536.842
586.246
586.246
641.734
641.734
704.281
704.281
775.059
775.059
855.489
855.489
947.306
947.306
1052.64
1052.64
1174.14
1174.14
1315.1
1315.1
1479.72
1479.72
1673.33
1673.33
1902.85
1902.85
2177.34
2177.34
2508.85
2508.85
2913.67
2913.67
3414.29
3414.29
4042.3
4042.3
4843.3
4843.3
5884.85
5884.85
7270.45
7270.45
9164.81
9164.81
11842.4
11842.4
15787.1
15787.1
21913.5
21913.5
32112.8
32112.8
50786.6
50786.6
89995
89995
191659
191659
567578
567578
3.2702e+06
3.2702e+06
)
;

boundaryField
{
    walls
    {
        blending        binomial2;
        n               2;
        beta1           0.075;
        type            omegaWallFunction;
        value           nonuniform List<scalar> 8(3.27021e+06 3.27021e+06 3.27021e+06 3.27021e+06 3.2702e+06 3.2702e+06 3.2702e+06 3.2702e+06);
    }
    inlet
    {
        type            cyclic;
    }
    outlet
    {
        type            cyclic;
    }
    sides
    {
        type            empty;
    }
}


// ************************************************************************* //
