/*--------------------------------*- C++ -*----------------------------------*\
| =========                 |                                                 |
| \\      /  F ield         | OpenFOAM: The Open Source CFD Toolbox           |
|  \\    /   O peration     | Version:  2106                                  |
|   \\  /    A nd           | Website:  www.openfoam.com                      |
|    \\/     M anipulation  |                                                 |
\*---------------------------------------------------------------------------*/
FoamFile
{
    version     2.0;
    format      ascii;
    arch        "LSB;label=32;scalar=64";
    class       volScalarField;
    location    "10070";
    object      T;
}
// * * * * * * * * * * * * * * * * * * * * * * * * * * * * * * * * * * * * * //

dimensions      [0 0 0 1 0 0 0];

internalField   nonuniform List<scalar> 
2000
(
0.0118275
0.0118275
0.0357032
0.0357032
0.0600246
0.0600246
0.0848
0.0848
0.110038
0.110038
0.135747
0.135747
0.161935
0.161935
0.188613
0.188613
0.215788
0.215788
0.243471
0.243471
0.27167
0.27167
0.300395
0.300395
0.329656
0.329656
0.359463
0.359463
0.389827
0.389827
0.420757
0.420757
0.452264
0.452264
0.484358
0.484358
0.517051
0.517051
0.550354
0.550354
0.584279
0.584279
0.618835
0.618835
0.654036
0.654036
0.689893
0.689893
0.726419
0.726419
0.763625
0.763625
0.801525
0.801525
0.840131
0.840131
0.879455
0.879455
0.919512
0.919512
0.960314
0.960314
1.00187
1.00187
1.04421
1.04421
1.08733
1.08733
1.13125
1.13125
1.17599
1.17599
1.22155
1.22155
1.26796
1.26796
1.31523
1.31523
1.36337
1.36337
1.4124
1.4124
1.46233
1.46233
1.51318
1.51318
1.56496
1.56496
1.61768
1.61768
1.67136
1.67136
1.72602
1.72602
1.78167
1.78167
1.83831
1.83831
1.89597
1.89597
1.95465
1.95465
2.01437
2.01437
2.07513
2.07513
2.13694
2.13694
2.19981
2.19981
2.26374
2.26374
2.32875
2.32875
2.39482
2.39482
2.46196
2.46196
2.53017
2.53017
2.59944
2.59944
2.66976
2.66976
2.74112
2.74112
2.81351
2.81351
2.8869
2.8869
2.96127
2.96127
3.03661
3.03661
3.11287
3.11287
3.19003
3.19003
3.26805
3.26805
3.34688
3.34688
3.42648
3.42648
3.50681
3.50681
3.58781
3.58781
3.66943
3.66943
3.75161
3.75161
3.8343
3.8343
3.91743
3.91743
4.00094
4.00094
4.08477
4.08477
4.16886
4.16886
4.25315
4.25315
4.33758
4.33758
4.42208
4.42208
4.50659
4.50659
4.59107
4.59107
4.67546
4.67546
4.75971
4.75971
4.84376
4.84376
4.92758
4.92758
5.01112
5.01112
5.09434
5.09434
5.1772
5.1772
5.25968
5.25968
5.34173
5.34173
5.42334
5.42334
5.50448
5.50448
5.58513
5.58513
5.66527
5.66527
5.74488
5.74488
5.82396
5.82396
5.90248
5.90248
5.98044
5.98044
6.05783
6.05783
6.13465
6.13465
6.21089
6.21089
6.28655
6.28655
6.36163
6.36163
6.43613
6.43613
6.51005
6.51005
6.58339
6.58339
6.65616
6.65616
6.72835
6.72835
6.79999
6.79999
6.87106
6.87106
6.94157
6.94157
7.01154
7.01154
7.08097
7.08097
7.14987
7.14987
7.21824
7.21824
7.28609
7.28609
7.35343
7.35343
7.42027
7.42027
7.48661
7.48661
7.55247
7.55247
7.61785
7.61785
7.68276
7.68276
7.74722
7.74722
7.81122
7.81122
7.87477
7.87477
7.9379
7.9379
8.00059
8.00059
8.06287
8.06287
8.12474
8.12474
8.1862
8.1862
8.24727
8.24727
8.30796
8.30796
8.36826
8.36826
8.4282
8.4282
8.48777
8.48777
8.54698
8.54698
8.60585
8.60585
8.66437
8.66437
8.72256
8.72256
8.78042
8.78042
8.83796
8.83796
8.89519
8.89519
8.9521
8.9521
9.00871
9.00871
9.06503
9.06503
9.12105
9.12105
9.17679
9.17679
9.23225
9.23225
9.28743
9.28743
9.34234
9.34234
9.397
9.397
9.45139
9.45139
9.50552
9.50552
9.55941
9.55941
9.61305
9.61305
9.66645
9.66645
9.71961
9.71961
9.77254
9.77254
9.82524
9.82524
9.87772
9.87772
9.92997
9.92997
9.982
9.982
10.0338
10.0338
10.0854
10.0854
10.1368
10.1368
10.188
10.188
10.239
10.239
10.2898
10.2898
10.3403
10.3403
10.3907
10.3907
10.4409
10.4409
10.4909
10.4909
10.5407
10.5407
10.5903
10.5903
10.6397
10.6397
10.6889
10.6889
10.738
10.738
10.7868
10.7868
10.8355
10.8355
10.8839
10.8839
10.9322
10.9322
10.9803
10.9803
11.0282
11.0282
11.0759
11.0759
11.1234
11.1234
11.1708
11.1708
11.2179
11.2179
11.2648
11.2648
11.3116
11.3116
11.3581
11.3581
11.4044
11.4044
11.4506
11.4506
11.4965
11.4965
11.5422
11.5422
11.5876
11.5876
11.6329
11.6329
11.6779
11.6779
11.7227
11.7227
11.7673
11.7673
11.8116
11.8116
11.8556
11.8556
11.8994
11.8994
11.943
11.943
11.9862
11.9862
12.0292
12.0292
12.0718
12.0718
12.1142
12.1142
12.1562
12.1562
12.1979
12.1979
12.2393
12.2393
12.2803
12.2803
12.3209
12.3209
12.3612
12.3612
12.401
12.401
12.4404
12.4404
12.4794
12.4794
12.5178
12.5178
12.5558
12.5558
12.5933
12.5933
12.6302
12.6302
12.6666
12.6666
12.7023
12.7023
12.7374
12.7374
12.7718
12.7718
12.8055
12.8055
12.8385
12.8385
12.8706
12.8706
12.9018
12.9018
12.9322
12.9322
12.9616
12.9616
12.9899
12.9899
13.0171
13.0171
13.0431
13.0431
13.0679
13.0679
13.0912
13.0912
13.1132
13.1132
13.1335
13.1335
13.1521
13.1521
13.1689
13.1689
13.1838
13.1838
13.1966
13.1966
13.2071
13.2071
13.2153
13.2153
13.2208
13.2208
13.2237
13.2237
0.0118275
0.0118275
0.0357032
0.0357032
0.0600246
0.0600246
0.0848
0.0848
0.110038
0.110038
0.135747
0.135747
0.161935
0.161935
0.188613
0.188613
0.215788
0.215788
0.243471
0.243471
0.27167
0.27167
0.300395
0.300395
0.329656
0.329656
0.359463
0.359463
0.389827
0.389827
0.420757
0.420757
0.452264
0.452264
0.484358
0.484358
0.517051
0.517051
0.550354
0.550354
0.584279
0.584279
0.618835
0.618835
0.654036
0.654036
0.689893
0.689893
0.726419
0.726419
0.763625
0.763625
0.801525
0.801525
0.840131
0.840131
0.879455
0.879455
0.919512
0.919512
0.960314
0.960314
1.00187
1.00187
1.04421
1.04421
1.08733
1.08733
1.13125
1.13125
1.17599
1.17599
1.22155
1.22155
1.26796
1.26796
1.31523
1.31523
1.36337
1.36337
1.4124
1.4124
1.46233
1.46233
1.51318
1.51318
1.56496
1.56496
1.61768
1.61768
1.67136
1.67136
1.72602
1.72602
1.78167
1.78167
1.83831
1.83831
1.89597
1.89597
1.95465
1.95465
2.01437
2.01437
2.07513
2.07513
2.13694
2.13694
2.19981
2.19981
2.26374
2.26374
2.32875
2.32875
2.39482
2.39482
2.46196
2.46196
2.53017
2.53017
2.59944
2.59944
2.66976
2.66976
2.74112
2.74112
2.81351
2.81351
2.8869
2.8869
2.96127
2.96127
3.03661
3.03661
3.11287
3.11287
3.19003
3.19003
3.26805
3.26805
3.34688
3.34688
3.42648
3.42648
3.50681
3.50681
3.58781
3.58781
3.66943
3.66943
3.75161
3.75161
3.8343
3.8343
3.91743
3.91743
4.00094
4.00094
4.08477
4.08477
4.16886
4.16886
4.25315
4.25315
4.33758
4.33758
4.42208
4.42208
4.50659
4.50659
4.59107
4.59107
4.67546
4.67546
4.75971
4.75971
4.84376
4.84376
4.92758
4.92758
5.01112
5.01112
5.09434
5.09434
5.1772
5.1772
5.25968
5.25968
5.34173
5.34173
5.42334
5.42334
5.50448
5.50448
5.58513
5.58513
5.66527
5.66527
5.74488
5.74488
5.82396
5.82396
5.90248
5.90248
5.98044
5.98044
6.05783
6.05783
6.13465
6.13465
6.21089
6.21089
6.28655
6.28655
6.36163
6.36163
6.43613
6.43613
6.51005
6.51005
6.58339
6.58339
6.65616
6.65616
6.72835
6.72835
6.79999
6.79999
6.87106
6.87106
6.94157
6.94157
7.01154
7.01154
7.08097
7.08097
7.14987
7.14987
7.21824
7.21824
7.28609
7.28609
7.35343
7.35343
7.42027
7.42027
7.48661
7.48661
7.55247
7.55247
7.61785
7.61785
7.68276
7.68276
7.74722
7.74722
7.81122
7.81122
7.87477
7.87477
7.9379
7.9379
8.00059
8.00059
8.06287
8.06287
8.12474
8.12474
8.1862
8.1862
8.24727
8.24727
8.30796
8.30796
8.36826
8.36826
8.4282
8.4282
8.48777
8.48777
8.54698
8.54698
8.60585
8.60585
8.66437
8.66437
8.72256
8.72256
8.78042
8.78042
8.83796
8.83796
8.89519
8.89519
8.9521
8.9521
9.00871
9.00871
9.06503
9.06503
9.12105
9.12105
9.17679
9.17679
9.23225
9.23225
9.28743
9.28743
9.34234
9.34234
9.397
9.397
9.45139
9.45139
9.50552
9.50552
9.55941
9.55941
9.61305
9.61305
9.66645
9.66645
9.71961
9.71961
9.77254
9.77254
9.82524
9.82524
9.87772
9.87772
9.92997
9.92997
9.982
9.982
10.0338
10.0338
10.0854
10.0854
10.1368
10.1368
10.188
10.188
10.239
10.239
10.2898
10.2898
10.3403
10.3403
10.3907
10.3907
10.4409
10.4409
10.4909
10.4909
10.5407
10.5407
10.5903
10.5903
10.6397
10.6397
10.6889
10.6889
10.738
10.738
10.7868
10.7868
10.8355
10.8355
10.8839
10.8839
10.9322
10.9322
10.9803
10.9803
11.0282
11.0282
11.0759
11.0759
11.1234
11.1234
11.1708
11.1708
11.2179
11.2179
11.2648
11.2648
11.3116
11.3116
11.3581
11.3581
11.4044
11.4044
11.4506
11.4506
11.4965
11.4965
11.5422
11.5422
11.5876
11.5876
11.6329
11.6329
11.6779
11.6779
11.7227
11.7227
11.7673
11.7673
11.8116
11.8116
11.8556
11.8556
11.8994
11.8994
11.943
11.943
11.9862
11.9862
12.0292
12.0292
12.0718
12.0718
12.1142
12.1142
12.1562
12.1562
12.1979
12.1979
12.2393
12.2393
12.2803
12.2803
12.3209
12.3209
12.3612
12.3612
12.401
12.401
12.4404
12.4404
12.4794
12.4794
12.5178
12.5178
12.5558
12.5558
12.5933
12.5933
12.6302
12.6302
12.6666
12.6666
12.7023
12.7023
12.7374
12.7374
12.7718
12.7718
12.8055
12.8055
12.8385
12.8385
12.8706
12.8706
12.9018
12.9018
12.9322
12.9322
12.9616
12.9616
12.9899
12.9899
13.0171
13.0171
13.0431
13.0431
13.0679
13.0679
13.0912
13.0912
13.1132
13.1132
13.1335
13.1335
13.1521
13.1521
13.1689
13.1689
13.1838
13.1838
13.1966
13.1966
13.2071
13.2071
13.2153
13.2153
13.2208
13.2208
13.2237
13.2237
13.2237
13.2237
13.2208
13.2208
13.2153
13.2153
13.2071
13.2071
13.1966
13.1966
13.1838
13.1838
13.1689
13.1689
13.1521
13.1521
13.1335
13.1335
13.1132
13.1132
13.0912
13.0912
13.0679
13.0679
13.0431
13.0431
13.0171
13.0171
12.9899
12.9899
12.9616
12.9616
12.9322
12.9322
12.9018
12.9018
12.8706
12.8706
12.8385
12.8385
12.8055
12.8055
12.7718
12.7718
12.7374
12.7374
12.7023
12.7023
12.6666
12.6666
12.6302
12.6302
12.5933
12.5933
12.5558
12.5558
12.5178
12.5178
12.4794
12.4794
12.4404
12.4404
12.401
12.401
12.3612
12.3612
12.3209
12.3209
12.2803
12.2803
12.2393
12.2393
12.1979
12.1979
12.1562
12.1562
12.1142
12.1142
12.0718
12.0718
12.0292
12.0292
11.9862
11.9862
11.943
11.943
11.8994
11.8994
11.8556
11.8556
11.8116
11.8116
11.7673
11.7673
11.7227
11.7227
11.6779
11.6779
11.6329
11.6329
11.5876
11.5876
11.5422
11.5422
11.4965
11.4965
11.4506
11.4506
11.4044
11.4044
11.3581
11.3581
11.3116
11.3116
11.2648
11.2648
11.2179
11.2179
11.1708
11.1708
11.1234
11.1234
11.0759
11.0759
11.0282
11.0282
10.9803
10.9803
10.9322
10.9322
10.8839
10.8839
10.8355
10.8355
10.7868
10.7868
10.738
10.738
10.6889
10.6889
10.6397
10.6397
10.5903
10.5903
10.5407
10.5407
10.4909
10.4909
10.4409
10.4409
10.3907
10.3907
10.3403
10.3403
10.2898
10.2898
10.239
10.239
10.188
10.188
10.1368
10.1368
10.0854
10.0854
10.0338
10.0338
9.982
9.982
9.92997
9.92997
9.87772
9.87772
9.82524
9.82524
9.77254
9.77254
9.71961
9.71961
9.66645
9.66645
9.61305
9.61305
9.55941
9.55941
9.50552
9.50552
9.45139
9.45139
9.397
9.397
9.34234
9.34234
9.28743
9.28743
9.23225
9.23225
9.17679
9.17679
9.12105
9.12105
9.06503
9.06503
9.00871
9.00871
8.9521
8.9521
8.89519
8.89519
8.83796
8.83796
8.78042
8.78042
8.72256
8.72256
8.66437
8.66437
8.60585
8.60585
8.54698
8.54698
8.48777
8.48777
8.4282
8.4282
8.36826
8.36826
8.30796
8.30796
8.24727
8.24727
8.1862
8.1862
8.12474
8.12474
8.06287
8.06287
8.00059
8.00059
7.9379
7.9379
7.87477
7.87477
7.81122
7.81122
7.74722
7.74722
7.68276
7.68276
7.61785
7.61785
7.55247
7.55247
7.48661
7.48661
7.42027
7.42027
7.35343
7.35343
7.28609
7.28609
7.21824
7.21824
7.14987
7.14987
7.08097
7.08097
7.01154
7.01154
6.94157
6.94157
6.87106
6.87106
6.79999
6.79999
6.72835
6.72835
6.65616
6.65616
6.58339
6.58339
6.51005
6.51005
6.43613
6.43613
6.36163
6.36163
6.28655
6.28655
6.21089
6.21089
6.13465
6.13465
6.05783
6.05783
5.98044
5.98044
5.90248
5.90248
5.82396
5.82396
5.74488
5.74488
5.66527
5.66527
5.58513
5.58513
5.50448
5.50448
5.42334
5.42334
5.34173
5.34173
5.25967
5.25967
5.1772
5.1772
5.09434
5.09434
5.01112
5.01112
4.92758
4.92758
4.84376
4.84376
4.75971
4.75971
4.67546
4.67546
4.59107
4.59107
4.50659
4.50659
4.42208
4.42208
4.33758
4.33758
4.25315
4.25315
4.16886
4.16886
4.08477
4.08477
4.00094
4.00094
3.91743
3.91743
3.8343
3.8343
3.75161
3.75161
3.66943
3.66943
3.58781
3.58781
3.50681
3.50681
3.42648
3.42648
3.34688
3.34688
3.26805
3.26805
3.19003
3.19003
3.11287
3.11287
3.03661
3.03661
2.96127
2.96127
2.8869
2.8869
2.81351
2.81351
2.74112
2.74112
2.66976
2.66976
2.59944
2.59944
2.53017
2.53017
2.46196
2.46196
2.39482
2.39482
2.32875
2.32875
2.26374
2.26374
2.19981
2.19981
2.13694
2.13694
2.07513
2.07513
2.01437
2.01437
1.95465
1.95465
1.89597
1.89597
1.83831
1.83831
1.78167
1.78167
1.72602
1.72602
1.67136
1.67136
1.61768
1.61768
1.56496
1.56496
1.51318
1.51318
1.46233
1.46233
1.4124
1.4124
1.36337
1.36337
1.31523
1.31523
1.26796
1.26796
1.22155
1.22155
1.17599
1.17599
1.13125
1.13125
1.08733
1.08733
1.04421
1.04421
1.00187
1.00187
0.960314
0.960314
0.919512
0.919512
0.879455
0.879455
0.840131
0.840131
0.801525
0.801525
0.763625
0.763625
0.726419
0.726419
0.689893
0.689893
0.654036
0.654036
0.618835
0.618835
0.584279
0.584279
0.550354
0.550354
0.517051
0.517051
0.484358
0.484358
0.452264
0.452264
0.420757
0.420757
0.389827
0.389827
0.359463
0.359463
0.329656
0.329656
0.300395
0.300395
0.27167
0.27167
0.243471
0.243471
0.215788
0.215788
0.188613
0.188613
0.161935
0.161935
0.135747
0.135747
0.110038
0.110038
0.0848001
0.0848001
0.0600247
0.0600247
0.0357033
0.0357033
0.0118275
0.0118275
13.2237
13.2237
13.2208
13.2208
13.2153
13.2153
13.2071
13.2071
13.1966
13.1966
13.1838
13.1838
13.1689
13.1689
13.1521
13.1521
13.1335
13.1335
13.1132
13.1132
13.0912
13.0912
13.0679
13.0679
13.0431
13.0431
13.0171
13.0171
12.9899
12.9899
12.9616
12.9616
12.9322
12.9322
12.9018
12.9018
12.8706
12.8706
12.8385
12.8385
12.8055
12.8055
12.7718
12.7718
12.7374
12.7374
12.7023
12.7023
12.6666
12.6666
12.6302
12.6302
12.5933
12.5933
12.5558
12.5558
12.5178
12.5178
12.4794
12.4794
12.4404
12.4404
12.401
12.401
12.3612
12.3612
12.3209
12.3209
12.2803
12.2803
12.2393
12.2393
12.1979
12.1979
12.1562
12.1562
12.1142
12.1142
12.0718
12.0718
12.0292
12.0292
11.9862
11.9862
11.943
11.943
11.8994
11.8994
11.8556
11.8556
11.8116
11.8116
11.7673
11.7673
11.7227
11.7227
11.6779
11.6779
11.6329
11.6329
11.5876
11.5876
11.5422
11.5422
11.4965
11.4965
11.4506
11.4506
11.4044
11.4044
11.3581
11.3581
11.3116
11.3116
11.2648
11.2648
11.2179
11.2179
11.1708
11.1708
11.1234
11.1234
11.0759
11.0759
11.0282
11.0282
10.9803
10.9803
10.9322
10.9322
10.8839
10.8839
10.8355
10.8355
10.7868
10.7868
10.738
10.738
10.6889
10.6889
10.6397
10.6397
10.5903
10.5903
10.5407
10.5407
10.4909
10.4909
10.4409
10.4409
10.3907
10.3907
10.3403
10.3403
10.2898
10.2898
10.239
10.239
10.188
10.188
10.1368
10.1368
10.0854
10.0854
10.0338
10.0338
9.982
9.982
9.92997
9.92997
9.87772
9.87772
9.82524
9.82524
9.77254
9.77254
9.71961
9.71961
9.66645
9.66645
9.61305
9.61305
9.55941
9.55941
9.50552
9.50552
9.45139
9.45139
9.397
9.397
9.34234
9.34234
9.28743
9.28743
9.23225
9.23225
9.17679
9.17679
9.12105
9.12105
9.06503
9.06503
9.00871
9.00871
8.9521
8.9521
8.89519
8.89519
8.83796
8.83796
8.78042
8.78042
8.72256
8.72256
8.66437
8.66437
8.60585
8.60585
8.54698
8.54698
8.48777
8.48777
8.4282
8.4282
8.36826
8.36826
8.30796
8.30796
8.24727
8.24727
8.1862
8.1862
8.12474
8.12474
8.06287
8.06287
8.00059
8.00059
7.9379
7.9379
7.87477
7.87477
7.81122
7.81122
7.74722
7.74722
7.68276
7.68276
7.61785
7.61785
7.55247
7.55247
7.48661
7.48661
7.42027
7.42027
7.35343
7.35343
7.28609
7.28609
7.21824
7.21824
7.14987
7.14987
7.08097
7.08097
7.01154
7.01154
6.94157
6.94157
6.87106
6.87106
6.79999
6.79999
6.72835
6.72835
6.65616
6.65616
6.58339
6.58339
6.51005
6.51005
6.43613
6.43613
6.36163
6.36163
6.28655
6.28655
6.21089
6.21089
6.13465
6.13465
6.05783
6.05783
5.98044
5.98044
5.90248
5.90248
5.82396
5.82396
5.74488
5.74488
5.66527
5.66527
5.58513
5.58513
5.50448
5.50448
5.42334
5.42334
5.34173
5.34173
5.25967
5.25967
5.1772
5.1772
5.09434
5.09434
5.01112
5.01112
4.92758
4.92758
4.84376
4.84376
4.75971
4.75971
4.67546
4.67546
4.59107
4.59107
4.50659
4.50659
4.42208
4.42208
4.33758
4.33758
4.25315
4.25315
4.16886
4.16886
4.08477
4.08477
4.00094
4.00094
3.91743
3.91743
3.8343
3.8343
3.75161
3.75161
3.66943
3.66943
3.58781
3.58781
3.50681
3.50681
3.42648
3.42648
3.34688
3.34688
3.26805
3.26805
3.19003
3.19003
3.11287
3.11287
3.03661
3.03661
2.96127
2.96127
2.8869
2.8869
2.81351
2.81351
2.74112
2.74112
2.66976
2.66976
2.59944
2.59944
2.53017
2.53017
2.46196
2.46196
2.39482
2.39482
2.32875
2.32875
2.26374
2.26374
2.19981
2.19981
2.13694
2.13694
2.07513
2.07513
2.01437
2.01437
1.95465
1.95465
1.89597
1.89597
1.83831
1.83831
1.78167
1.78167
1.72602
1.72602
1.67136
1.67136
1.61768
1.61768
1.56496
1.56496
1.51318
1.51318
1.46233
1.46233
1.4124
1.4124
1.36337
1.36337
1.31523
1.31523
1.26796
1.26796
1.22155
1.22155
1.17599
1.17599
1.13125
1.13125
1.08733
1.08733
1.04421
1.04421
1.00187
1.00187
0.960314
0.960314
0.919512
0.919512
0.879455
0.879455
0.840131
0.840131
0.801525
0.801525
0.763625
0.763625
0.726419
0.726419
0.689893
0.689893
0.654036
0.654036
0.618835
0.618835
0.584279
0.584279
0.550354
0.550354
0.517051
0.517051
0.484358
0.484358
0.452264
0.452264
0.420757
0.420757
0.389827
0.389827
0.359463
0.359463
0.329656
0.329656
0.300395
0.300395
0.27167
0.27167
0.243471
0.243471
0.215788
0.215788
0.188613
0.188613
0.161935
0.161935
0.135747
0.135747
0.110038
0.110038
0.0848001
0.0848001
0.0600247
0.0600247
0.0357033
0.0357033
0.0118275
0.0118275
)
;

boundaryField
{
    walls
    {
        type            fixedValue;
        value           uniform 0;
    }
    inlet
    {
        type            cyclic;
    }
    outlet
    {
        type            cyclic;
    }
    sides
    {
        type            empty;
    }
}


// ************************************************************************* //
