/*--------------------------------*- C++ -*----------------------------------*\
| =========                 |                                                 |
| \\      /  F ield         | OpenFOAM: The Open Source CFD Toolbox           |
|  \\    /   O peration     | Version:  2106                                  |
|   \\  /    A nd           | Website:  www.openfoam.com                      |
|    \\/     M anipulation  |                                                 |
\*---------------------------------------------------------------------------*/
FoamFile
{
    version     2.0;
    format      ascii;
    arch        "LSB;label=32;scalar=64";
    class       volVectorField;
    location    "10070";
    object      U;
}
// * * * * * * * * * * * * * * * * * * * * * * * * * * * * * * * * * * * * * //

dimensions      [0 1 -1 0 0 0 0];

internalField   nonuniform List<vector> 
2000
(
(0.00120284 -9.39235e-16 1.07717e-18)
(0.00120284 -7.37999e-19 7.99097e-19)
(0.00363051 -1.08436e-15 6.19457e-17)
(0.00363051 8.56713e-19 4.70372e-18)
(0.00610303 -2.53486e-15 6.9169e-17)
(0.00610303 8.87128e-19 2.06225e-18)
(0.00862122 -2.30629e-15 6.77022e-17)
(0.00862122 1.43802e-18 6.94098e-18)
(0.0111859 -2.25942e-15 7.20741e-17)
(0.0111859 2.00101e-18 1.05935e-17)
(0.0137979 -2.27514e-15 7.65573e-17)
(0.0137979 2.56023e-18 1.09416e-17)
(0.0164581 -2.2811e-15 7.77661e-17)
(0.0164581 3.12579e-18 1.12918e-17)
(0.0191674 -2.28262e-15 7.89944e-17)
(0.0191674 3.71306e-18 1.16436e-17)
(0.0219266 -2.28356e-15 8.02762e-17)
(0.0219266 4.30224e-18 1.1997e-17)
(0.0247367 -2.28469e-15 8.16256e-17)
(0.0247367 4.8931e-18 1.23514e-17)
(0.0275985 -2.2858e-15 8.3039e-17)
(0.0275985 5.48113e-18 1.27058e-17)
(0.0305131 -2.28688e-15 8.45167e-17)
(0.0305131 6.08207e-18 1.30604e-17)
(0.0334814 -2.28795e-15 8.89298e-17)
(0.0334814 6.6877e-18 1.34139e-17)
(0.0365042 -2.28903e-15 9.43396e-17)
(0.0365042 7.26756e-18 1.37662e-17)
(0.0395827 -2.29012e-15 9.99814e-17)
(0.0395827 7.84232e-18 1.41155e-17)
(0.0427179 -2.29121e-15 1.05864e-16)
(0.0427179 8.3801e-18 1.44622e-17)
(0.0459107 -2.29234e-15 1.11997e-16)
(0.0459107 8.93012e-18 1.48045e-17)
(0.0491621 -2.29352e-15 1.18389e-16)
(0.0491621 9.51705e-18 1.51412e-17)
(0.0524733 -2.29465e-15 1.2505e-16)
(0.0524733 1.0056e-17 1.54734e-17)
(0.0558453 -2.29576e-15 1.3199e-16)
(0.0558453 1.05787e-17 1.57974e-17)
(0.0592793 -2.2969e-15 1.3922e-16)
(0.0592793 1.11433e-17 1.61126e-17)
(0.0627762 -2.29801e-15 1.4675e-16)
(0.0627762 1.16685e-17 1.6419e-17)
(0.0663373 -2.29914e-15 1.54592e-16)
(0.0663373 1.21622e-17 1.67139e-17)
(0.0699636 -2.3003e-15 1.62757e-16)
(0.0699636 1.26805e-17 1.69974e-17)
(0.0736564 -2.30151e-15 1.71258e-16)
(0.0736564 1.3181e-17 1.72659e-17)
(0.0774169 -2.30268e-15 1.75864e-16)
(0.0774169 1.36902e-17 1.75183e-17)
(0.0812462 -2.30378e-15 1.77839e-16)
(0.0812462 1.41272e-17 1.77568e-17)
(0.0851455 -2.30486e-15 1.79846e-16)
(0.0851455 1.44403e-17 1.79757e-17)
(0.0891161 -2.30589e-15 1.81889e-16)
(0.0891161 1.48556e-17 1.81761e-17)
(0.0931592 -2.30694e-15 1.84196e-16)
(0.0931592 1.52371e-17 1.83559e-17)
(0.0972762 -2.30792e-15 1.86617e-16)
(0.0972762 1.56435e-17 1.85179e-17)
(0.101468 -2.30883e-15 1.89103e-16)
(0.101468 1.60269e-17 1.86544e-17)
(0.105737 -2.30978e-15 1.91665e-16)
(0.105737 1.62629e-17 1.87686e-17)
(0.110083 -2.31083e-15 1.94309e-16)
(0.110083 1.65233e-17 1.88516e-17)
(0.114508 -2.31193e-15 1.97038e-16)
(0.114508 1.69756e-17 1.89035e-17)
(0.119013 -2.31302e-15 1.99854e-16)
(0.119013 1.74579e-17 1.89199e-17)
(0.1236 -2.31393e-15 2.02763e-16)
(0.1236 1.76595e-17 1.89036e-17)
(0.128271 -2.31503e-15 2.05774e-16)
(0.128271 1.80553e-17 1.88598e-17)
(0.133025 -2.31605e-15 2.0888e-16)
(0.133025 1.82979e-17 1.87674e-17)
(0.137866 -2.31653e-15 2.12092e-16)
(0.137866 1.82149e-17 1.86327e-17)
(0.142793 -2.31708e-15 2.15427e-16)
(0.142793 1.84201e-17 1.84565e-17)
(0.147809 -2.31796e-15 2.18889e-16)
(0.147809 1.85897e-17 1.82268e-17)
(0.152914 -2.31878e-15 2.2247e-16)
(0.152914 1.86534e-17 1.79466e-17)
(0.158111 -2.31944e-15 2.26172e-16)
(0.158111 1.84495e-17 1.7618e-17)
(0.1634 -2.3199e-15 2.30006e-16)
(0.1634 1.82197e-17 1.72468e-17)
(0.168782 -2.32003e-15 2.33987e-16)
(0.168782 1.79263e-17 1.68275e-17)
(0.174259 -2.32035e-15 2.38106e-16)
(0.174259 1.74674e-17 1.63423e-17)
(0.179832 -2.32059e-15 2.42373e-16)
(0.179832 1.73323e-17 1.57939e-17)
(0.185501 -2.32073e-15 2.46805e-16)
(0.185501 1.70944e-17 1.5199e-17)
(0.191269 -2.32115e-15 2.51402e-16)
(0.191269 1.65902e-17 1.45463e-17)
(0.197135 -2.32122e-15 2.56148e-16)
(0.197135 1.60033e-17 1.37816e-17)
(0.2031 -2.32096e-15 2.61055e-16)
(0.2031 1.54191e-17 1.29561e-17)
(0.209166 -2.32061e-15 2.66155e-16)
(0.209166 1.46331e-17 1.20723e-17)
(0.215332 -2.3202e-15 2.71415e-16)
(0.215332 1.35925e-17 1.1098e-17)
(0.221599 -2.31913e-15 2.76835e-16)
(0.221599 1.23119e-17 1.00508e-17)
(0.227966 -2.31803e-15 2.82435e-16)
(0.227966 1.10846e-17 8.94914e-18)
(0.234435 -2.31748e-15 2.88194e-16)
(0.234435 1.02285e-17 7.74283e-18)
(0.241004 -2.31674e-15 2.94101e-16)
(0.241004 9.17734e-18 6.4615e-18)
(0.247672 -2.31583e-15 3.00175e-16)
(0.247672 7.43195e-18 5.08738e-18)
(0.25444 -2.31434e-15 3.064e-16)
(0.25444 5.47434e-18 3.61998e-18)
(0.261305 -2.31271e-15 3.12746e-16)
(0.261305 3.68406e-18 2.05646e-18)
(0.268266 -2.31219e-15 3.19219e-16)
(0.268266 2.64414e-18 4.52367e-19)
(0.275321 -2.31163e-15 3.25795e-16)
(0.275321 1.39051e-18 -4.82752e-19)
(0.282468 -2.3103e-15 3.32493e-16)
(0.282468 -1.15987e-18 -4.8212e-19)
(0.289704 -2.30814e-15 3.39201e-16)
(0.289704 -3.56172e-18 -5.1322e-19)
(0.297026 -2.30451e-15 3.4602e-16)
(0.297026 -5.96366e-18 -4.88459e-19)
(0.304431 -2.3011e-15 3.52953e-16)
(0.304431 -9.03212e-18 -4.85671e-19)
(0.311914 -2.29871e-15 3.59942e-16)
(0.311914 -1.20426e-17 -4.9256e-19)
(0.319471 -2.29605e-15 3.66976e-16)
(0.319471 -1.41355e-17 -5.10452e-19)
(0.327097 -2.29295e-15 3.73971e-16)
(0.327097 -1.70388e-17 -5.25892e-19)
(0.334788 -2.28961e-15 3.81001e-16)
(0.334788 -2.06898e-17 -4.78857e-19)
(0.342537 -2.2863e-15 3.87993e-16)
(0.342537 -2.30873e-17 -4.65222e-19)
(0.35034 -2.28315e-15 3.94912e-16)
(0.35034 -2.66786e-17 -4.86321e-19)
(0.358189 -2.27936e-15 4.01786e-16)
(0.358189 -3.1407e-17 -5.12869e-19)
(0.366078 -2.27552e-15 4.08487e-16)
(0.366078 -3.4585e-17 -5.74694e-19)
(0.374002 -2.27219e-15 4.15117e-16)
(0.374002 -3.7846e-17 -5.4684e-19)
(0.381952 -2.26838e-15 4.21634e-16)
(0.381952 -4.10782e-17 -5.21947e-19)
(0.389923 -2.26411e-15 4.27971e-16)
(0.389923 -4.48082e-17 -5.40237e-19)
(0.397908 -2.25951e-15 4.34252e-16)
(0.397908 -4.92178e-17 -5.69529e-19)
(0.4059 -2.2551e-15 4.40304e-16)
(0.4059 -5.28522e-17 -6.14978e-19)
(0.413892 -2.25112e-15 4.46182e-16)
(0.413892 -5.66269e-17 -6.41718e-19)
(0.421878 -2.24615e-15 4.51929e-16)
(0.421878 -6.03584e-17 -6.04172e-19)
(0.429851 -2.23989e-15 4.57649e-16)
(0.429851 -6.47843e-17 -6.58412e-19)
(0.437805 -2.23372e-15 4.6307e-16)
(0.437805 -6.93024e-17 -9.07336e-19)
(0.445735 -2.228e-15 4.68259e-16)
(0.445735 -7.45216e-17 -8.87383e-19)
(0.453635 -2.22194e-15 4.73267e-16)
(0.453635 -7.98889e-17 -7.1934e-19)
(0.4615 -2.21714e-15 4.78106e-16)
(0.4615 -8.54243e-17 -7.73044e-19)
(0.469324 -2.2131e-15 4.82625e-16)
(0.469324 -9.17984e-17 -8.5032e-19)
(0.477104 -2.20597e-15 4.87014e-16)
(0.477104 -9.76974e-17 -7.1785e-19)
(0.484836 -2.19952e-15 4.9136e-16)
(0.484836 -1.0335e-16 -5.62206e-19)
(0.492516 -2.19503e-15 4.95495e-16)
(0.492516 -1.08613e-16 -7.08279e-19)
(0.500139 -2.18887e-15 4.9958e-16)
(0.500139 -1.13055e-16 -6.35245e-19)
(0.507705 -2.18014e-15 5.03621e-16)
(0.507705 -1.18735e-16 -7.87586e-19)
(0.515209 -2.17086e-15 5.07028e-16)
(0.515209 -1.24743e-16 -1.04119e-18)
(0.52265 -2.16431e-15 5.09124e-16)
(0.52265 -1.29661e-16 -1.02621e-18)
(0.530025 -2.15794e-15 5.11275e-16)
(0.530025 -1.34046e-16 -9.66358e-19)
(0.537334 -2.149e-15 5.1328e-16)
(0.537334 -1.39833e-16 -1.07724e-18)
(0.544575 -2.13963e-15 5.15173e-16)
(0.544575 -1.45741e-16 -1.26629e-18)
(0.551746 -2.13071e-15 5.16691e-16)
(0.551746 -1.5313e-16 -1.40752e-18)
(0.558848 -2.12214e-15 5.1815e-16)
(0.558848 -1.61832e-16 -1.42519e-18)
(0.565879 -2.11221e-15 5.19469e-16)
(0.565879 -1.67917e-16 -1.39721e-18)
(0.572839 -2.10183e-15 5.20738e-16)
(0.572839 -1.74127e-16 -1.26071e-18)
(0.579728 -2.09188e-15 5.22084e-16)
(0.579728 -1.84278e-16 -1.49709e-18)
(0.586546 -2.08062e-15 5.23139e-16)
(0.586546 -1.93494e-16 -1.73252e-18)
(0.593294 -2.06974e-15 5.23906e-16)
(0.593294 -2.02476e-16 -1.62853e-18)
(0.599972 -2.0598e-15 5.24866e-16)
(0.599972 -2.13868e-16 -1.58397e-18)
(0.606579 -2.0506e-15 5.25519e-16)
(0.606579 -2.21333e-16 -1.50096e-18)
(0.613118 -2.04274e-15 5.26419e-16)
(0.613118 -2.27443e-16 -1.91255e-18)
(0.619587 -2.03689e-15 5.26694e-16)
(0.619587 -2.30586e-16 -2.40469e-18)
(0.625989 -2.02723e-15 5.27062e-16)
(0.625989 -2.33947e-16 -3.02763e-18)
(0.632324 -2.01637e-15 5.26798e-16)
(0.632324 -2.40589e-16 -3.11566e-18)
(0.638594 -2.00708e-15 5.26805e-16)
(0.638594 -2.46824e-16 -2.90315e-18)
(0.644798 -1.9956e-15 5.26803e-16)
(0.644798 -2.53968e-16 -2.93143e-18)
(0.650937 -1.98222e-15 5.26422e-16)
(0.650937 -2.661e-16 -3.01549e-18)
(0.657014 -1.96907e-15 5.25669e-16)
(0.657014 -2.77814e-16 -3.12991e-18)
(0.663029 -1.95695e-15 5.25032e-16)
(0.663029 -2.86506e-16 -3.11746e-18)
(0.668983 -1.94212e-15 5.24753e-16)
(0.668983 -2.94924e-16 -2.56894e-18)
(0.674878 -1.92775e-15 5.24708e-16)
(0.674878 -3.04793e-16 -3.01813e-18)
(0.680713 -1.91908e-15 5.23584e-16)
(0.680713 -3.15798e-16 -3.66592e-18)
(0.686492 -1.90118e-15 5.22924e-16)
(0.686492 -3.24826e-16 -3.52649e-18)
(0.692214 -1.88791e-15 5.22687e-16)
(0.692214 -3.34117e-16 -2.61928e-18)
(0.69788 -1.87797e-15 5.22219e-16)
(0.69788 -3.46908e-16 -2.717e-18)
(0.703492 -1.8616e-15 5.21557e-16)
(0.703492 -3.54768e-16 -2.80001e-18)
(0.709052 -1.85013e-15 5.21191e-16)
(0.709052 -3.61282e-16 -3.38199e-18)
(0.714559 -1.83874e-15 5.20254e-16)
(0.714559 -3.68421e-16 -3.93309e-18)
(0.720016 -1.82665e-15 5.1919e-16)
(0.720016 -3.77891e-16 -4.04974e-18)
(0.725423 -1.81337e-15 5.17504e-16)
(0.725423 -3.86588e-16 -4.41089e-18)
(0.730781 -1.80074e-15 5.14612e-16)
(0.730781 -3.92665e-16 -4.86195e-18)
(0.736092 -1.79151e-15 5.11654e-16)
(0.736092 -4.04624e-16 -5.58517e-18)
(0.741356 -1.78967e-15 5.08942e-16)
(0.741356 -4.12435e-16 -5.6823e-18)
(0.746574 -1.77716e-15 5.04954e-16)
(0.746574 -4.19396e-16 -5.17362e-18)
(0.751748 -1.76352e-15 5.00246e-16)
(0.751748 -4.26532e-16 -5.83111e-18)
(0.756879 -1.75201e-15 4.94222e-16)
(0.756879 -4.3449e-16 -6.94486e-18)
(0.761966 -1.73663e-15 4.88528e-16)
(0.761966 -4.42511e-16 -7.09284e-18)
(0.767012 -1.7183e-15 4.81552e-16)
(0.767012 -4.49165e-16 -5.65987e-18)
(0.772018 -1.70597e-15 4.7576e-16)
(0.772018 -4.57699e-16 -6.29006e-18)
(0.776983 -1.69369e-15 4.6794e-16)
(0.776983 -4.68235e-16 -6.87483e-18)
(0.781909 -1.67817e-15 4.60923e-16)
(0.781909 -4.78443e-16 -5.9631e-18)
(0.786797 -1.66202e-15 4.53383e-16)
(0.786797 -4.83424e-16 -6.45998e-18)
(0.791648 -1.64815e-15 4.44726e-16)
(0.791648 -4.93413e-16 -5.41121e-18)
(0.796462 -1.63111e-15 4.35646e-16)
(0.796462 -5.03445e-16 -1.80314e-18)
(0.801241 -1.61452e-15 4.26718e-16)
(0.801241 -5.09678e-16 4.30409e-18)
(0.805985 -1.60078e-15 4.19759e-16)
(0.805985 -5.19752e-16 8.99069e-18)
(0.810694 -1.58379e-15 4.12071e-16)
(0.810694 -5.26573e-16 1.20274e-17)
(0.81537 -1.56845e-15 4.03969e-16)
(0.81537 -5.33195e-16 1.47244e-17)
(0.820014 -1.55459e-15 3.97071e-16)
(0.820014 -5.40737e-16 1.62596e-17)
(0.824625 -1.53924e-15 3.9055e-16)
(0.824625 -5.52384e-16 1.35777e-17)
(0.829205 -1.5257e-15 3.82861e-16)
(0.829205 -5.63452e-16 1.12872e-17)
(0.833754 -1.50999e-15 3.75347e-16)
(0.833754 -5.70053e-16 1.09969e-17)
(0.838273 -1.48808e-15 3.69094e-16)
(0.838273 -5.80721e-16 2.07064e-17)
(0.842763 -1.46313e-15 3.63316e-16)
(0.842763 -5.89082e-16 2.87774e-17)
(0.847223 -1.44861e-15 3.58929e-16)
(0.847223 -5.91275e-16 3.69757e-17)
(0.851656 -1.42655e-15 3.55023e-16)
(0.851656 -5.98465e-16 4.73607e-17)
(0.856061 -1.43568e-15 3.5225e-16)
(0.856061 -6.10468e-16 5.72896e-17)
(0.860438 -1.41576e-15 3.45083e-16)
(0.860438 -6.18782e-16 6.60967e-17)
(0.864789 -1.39984e-15 3.37344e-16)
(0.864789 -6.34726e-16 7.41616e-17)
(0.869114 -1.38232e-15 3.31277e-16)
(0.869114 -6.43476e-16 8.30109e-17)
(0.873413 -1.36766e-15 3.28165e-16)
(0.873413 -6.49237e-16 9.29878e-17)
(0.877687 -1.3451e-15 3.25761e-16)
(0.877687 -6.65032e-16 1.1029e-16)
(0.881936 -1.32757e-15 3.21836e-16)
(0.881936 -6.71732e-16 1.22187e-16)
(0.886161 -1.3114e-15 3.18567e-16)
(0.886161 -6.81957e-16 1.32346e-16)
(0.890362 -1.28588e-15 3.15827e-16)
(0.890362 -6.85208e-16 1.45251e-16)
(0.89454 -1.26737e-15 3.13472e-16)
(0.89454 -6.88023e-16 1.54808e-16)
(0.898694 -1.25215e-15 3.07489e-16)
(0.898694 -6.92131e-16 1.6259e-16)
(0.902826 -1.23652e-15 3.03389e-16)
(0.902826 -6.92013e-16 1.7375e-16)
(0.906936 -1.22178e-15 3.01259e-16)
(0.906936 -7.05012e-16 1.86707e-16)
(0.911023 -1.2135e-15 2.94998e-16)
(0.911023 -7.11663e-16 2.04278e-16)
(0.915089 -1.20568e-15 2.90479e-16)
(0.915089 -7.10083e-16 2.19093e-16)
(0.919134 -1.19041e-15 2.86716e-16)
(0.919134 -7.10886e-16 2.29854e-16)
(0.923158 -1.17513e-15 2.82634e-16)
(0.923158 -7.10489e-16 2.46573e-16)
(0.927161 -1.16493e-15 2.78108e-16)
(0.927161 -7.11646e-16 2.63397e-16)
(0.931143 -1.14191e-15 2.78018e-16)
(0.931143 -7.14004e-16 2.80708e-16)
(0.935105 -1.12582e-15 2.71272e-16)
(0.935105 -7.12102e-16 3.01253e-16)
(0.939048 -1.11958e-15 2.68847e-16)
(0.939048 -7.05133e-16 3.18393e-16)
(0.94297 -1.1009e-15 2.59936e-16)
(0.94297 -7.01961e-16 3.37833e-16)
(0.946873 -1.08131e-15 2.64909e-16)
(0.946873 -7.01978e-16 3.50034e-16)
(0.950757 -1.06307e-15 2.61339e-16)
(0.950757 -6.98683e-16 3.43268e-16)
(0.954621 -1.05323e-15 2.56753e-16)
(0.954621 -6.82149e-16 3.33573e-16)
(0.958467 -1.04683e-15 2.55592e-16)
(0.958467 -6.75528e-16 3.2161e-16)
(0.962293 -1.0505e-15 2.46443e-16)
(0.962293 -6.71042e-16 3.14806e-16)
(0.966101 -1.00169e-15 2.5089e-16)
(0.966101 -6.74138e-16 2.9793e-16)
(0.96989 -9.60675e-16 2.56931e-16)
(0.96989 -6.9487e-16 2.9388e-16)
(0.973661 -9.4412e-16 2.53224e-16)
(0.973661 -6.9739e-16 2.93421e-16)
(0.977413 -9.27083e-16 2.61342e-16)
(0.977413 -7.02011e-16 2.77933e-16)
(0.981147 -9.06818e-16 2.61957e-16)
(0.981147 -6.96991e-16 2.72883e-16)
(0.984862 -8.98586e-16 2.56328e-16)
(0.984862 -6.82337e-16 2.77565e-16)
(0.98856 -8.86275e-16 2.68484e-16)
(0.98856 -6.86789e-16 2.75188e-16)
(0.992238 -8.80886e-16 2.66082e-16)
(0.992238 -7.17311e-16 2.75001e-16)
(0.995899 -8.77456e-16 2.6045e-16)
(0.995899 -7.42795e-16 2.73537e-16)
(0.99954 -8.69004e-16 2.64937e-16)
(0.99954 -7.40075e-16 2.74819e-16)
(1.00316 -8.55281e-16 2.67353e-16)
(1.00316 -7.55009e-16 2.79092e-16)
(1.00677 -8.32755e-16 2.7865e-16)
(1.00677 -7.69414e-16 2.84023e-16)
(1.01036 -8.15366e-16 2.83153e-16)
(1.01036 -7.6502e-16 2.90745e-16)
(1.01392 -8.12115e-16 2.89842e-16)
(1.01392 -7.74304e-16 3.06674e-16)
(1.01747 -8.01159e-16 2.91306e-16)
(1.01747 -7.94579e-16 3.06048e-16)
(1.021 -7.93043e-16 2.91015e-16)
(1.021 -7.78367e-16 3.19865e-16)
(1.02451 -7.88218e-16 2.96967e-16)
(1.02451 -7.72548e-16 3.3924e-16)
(1.028 -7.88399e-16 2.97814e-16)
(1.028 -7.86809e-16 3.4395e-16)
(1.03147 -7.8878e-16 3.05676e-16)
(1.03147 -7.50941e-16 3.52787e-16)
(1.03493 -7.73456e-16 3.11998e-16)
(1.03493 -7.22771e-16 3.68367e-16)
(1.03836 -7.47628e-16 3.22898e-16)
(1.03836 -7.17914e-16 3.53896e-16)
(1.04177 -7.1517e-16 3.25621e-16)
(1.04177 -7.17258e-16 3.59308e-16)
(1.04516 -6.96473e-16 3.16398e-16)
(1.04516 -7.07451e-16 3.81969e-16)
(1.04852 -6.82619e-16 3.42566e-16)
(1.04852 -6.87309e-16 3.9618e-16)
(1.05187 -6.72787e-16 3.61092e-16)
(1.05187 -6.28479e-16 3.59071e-16)
(1.05519 -6.53761e-16 3.57644e-16)
(1.05519 -6.05007e-16 3.9357e-16)
(1.0585 -6.08786e-16 3.57284e-16)
(1.0585 -6.51616e-16 4.06117e-16)
(1.06177 -5.77222e-16 3.66621e-16)
(1.06177 -6.3902e-16 3.78502e-16)
(1.06503 -5.72652e-16 3.42086e-16)
(1.06503 -5.92471e-16 3.75412e-16)
(1.06826 -5.59364e-16 3.31457e-16)
(1.06826 -5.51678e-16 3.97302e-16)
(1.07146 -5.33516e-16 3.40783e-16)
(1.07146 -5.04991e-16 3.97075e-16)
(1.07464 -5.29647e-16 3.52725e-16)
(1.07464 -5.24341e-16 3.64425e-16)
(1.07779 -5.28487e-16 3.44987e-16)
(1.07779 -5.57065e-16 3.17421e-16)
(1.08091 -5.25098e-16 3.41347e-16)
(1.08091 -5.31155e-16 3.63934e-16)
(1.08401 -5.30903e-16 3.78986e-16)
(1.08401 -5.46195e-16 3.76289e-16)
(1.08707 -5.4492e-16 3.73521e-16)
(1.08707 -5.45452e-16 3.41615e-16)
(1.09011 -5.3852e-16 3.93609e-16)
(1.09011 -5.05208e-16 3.36773e-16)
(1.09311 -5.20368e-16 3.702e-16)
(1.09311 -5.00739e-16 3.60636e-16)
(1.09608 -4.99452e-16 3.89819e-16)
(1.09608 -5.13834e-16 3.1855e-16)
(1.09901 -5.35307e-16 3.39877e-16)
(1.09901 -5.24778e-16 3.27609e-16)
(1.10191 -5.3244e-16 3.54441e-16)
(1.10191 -5.22315e-16 3.57548e-16)
(1.10478 -4.93789e-16 3.51462e-16)
(1.10478 -5.11184e-16 3.8558e-16)
(1.1076 -5.13441e-16 3.20567e-16)
(1.1076 -4.95925e-16 3.46245e-16)
(1.11038 -5.17668e-16 3.45884e-16)
(1.11038 -5.40377e-16 2.64513e-16)
(1.11312 -4.91967e-16 3.13209e-16)
(1.11312 -5.10338e-16 3.06951e-16)
(1.11581 -4.85276e-16 3.29301e-16)
(1.11581 -5.24185e-16 3.03102e-16)
(1.11846 -4.89892e-16 3.30003e-16)
(1.11846 -5.01487e-16 3.0665e-16)
(1.12106 -4.87666e-16 3.68381e-16)
(1.12106 -4.51062e-16 3.15553e-16)
(1.1236 -4.95545e-16 3.78468e-16)
(1.1236 -4.89796e-16 2.77074e-16)
(1.12609 -4.95348e-16 3.49033e-16)
(1.12609 -5.09844e-16 2.56796e-16)
(1.12853 -4.76457e-16 3.369e-16)
(1.12853 -4.53686e-16 2.56155e-16)
(1.1309 -4.70867e-16 3.42446e-16)
(1.1309 -4.89232e-16 3.1567e-16)
(1.1332 -4.62563e-16 3.33668e-16)
(1.1332 -4.87561e-16 3.30333e-16)
(1.13544 -5.68069e-16 2.81291e-16)
(1.13544 -4.8051e-16 2.99216e-16)
(1.1376 -5.27577e-16 2.64634e-16)
(1.1376 -4.91973e-16 2.41944e-16)
(1.13969 -5.26102e-16 2.64354e-16)
(1.13969 -4.86687e-16 2.79952e-16)
(1.14169 -5.06211e-16 2.16224e-16)
(1.14169 -5.09132e-16 3.28121e-16)
(1.1436 -4.9374e-16 2.18833e-16)
(1.1436 -5.41382e-16 2.3993e-16)
(1.14542 -5.08197e-16 2.16677e-16)
(1.14542 -4.89694e-16 1.8314e-16)
(1.14714 -4.98113e-16 2.79121e-16)
(1.14714 -5.76192e-16 2.6461e-16)
(1.14875 -5.50944e-16 2.35818e-16)
(1.14875 -5.35671e-16 3.13966e-16)
(1.15024 -4.78415e-16 2.19485e-16)
(1.15024 -4.96217e-16 2.33017e-16)
(1.15161 -5.71513e-16 2.34031e-16)
(1.15161 -4.86832e-16 1.76137e-16)
(1.15284 -5.14089e-16 1.5001e-16)
(1.15284 -4.79598e-16 1.62249e-16)
(1.15393 -4.74924e-16 1.66619e-16)
(1.15393 -4.37372e-16 1.58516e-16)
(1.15487 -4.3692e-16 2.52187e-16)
(1.15487 -4.98097e-16 7.54639e-17)
(1.15564 -4.38173e-16 2.04525e-16)
(1.15564 -4.38883e-16 1.14642e-16)
(1.15623 -3.56308e-16 1.7207e-16)
(1.15623 -3.78297e-16 7.8585e-17)
(1.15664 -3.21276e-16 1.58835e-16)
(1.15664 -4.05569e-16 1.00274e-16)
(1.15685 -4.11288e-16 5.11172e-17)
(1.15685 -3.54232e-16 1.49329e-16)
(0.00120284 -3.64957e-19 -6.7595e-19)
(0.00120284 -5.21493e-20 5.11383e-18)
(0.00363051 4.58125e-19 1.40064e-17)
(0.00363051 1.37132e-19 2.03115e-17)
(0.00610303 5.02944e-19 1.52335e-17)
(0.00610303 1.73927e-19 2.107e-17)
(0.00862122 8.11471e-19 1.4599e-17)
(0.00862122 2.79723e-19 2.18536e-17)
(0.0111859 1.12671e-18 1.18024e-17)
(0.0111859 3.90978e-19 2.26628e-17)
(0.0137979 1.44394e-18 9.27025e-18)
(0.0137979 5.12185e-19 2.34984e-17)
(0.0164581 1.76575e-18 6.8001e-18)
(0.0164581 6.51952e-19 2.43608e-17)
(0.0191674 2.09199e-18 4.19568e-18)
(0.0191674 7.94679e-19 2.52505e-17)
(0.0219266 2.42609e-18 1.47719e-18)
(0.0219266 9.39231e-19 2.61683e-17)
(0.0247367 2.76808e-18 -1.34975e-18)
(0.0247367 1.09606e-18 2.71157e-17)
(0.0275985 3.11139e-18 -4.29443e-18)
(0.0275985 1.25025e-18 2.80925e-17)
(0.0305131 3.45584e-18 -7.36208e-18)
(0.0305131 1.41179e-18 2.90998e-17)
(0.0334814 3.78456e-18 -1.05556e-17)
(0.0334814 1.59147e-18 3.01386e-17)
(0.0365042 4.12348e-18 -1.21005e-17)
(0.0365042 1.78415e-18 3.12103e-17)
(0.0395827 4.49711e-18 -1.2481e-17)
(0.0395827 1.95859e-18 3.23145e-17)
(0.0427179 4.84686e-18 -1.28676e-17)
(0.0427179 2.17659e-18 3.34534e-17)
(0.0459107 5.15266e-18 -1.32616e-17)
(0.0459107 2.41993e-18 3.46274e-17)
(0.0491621 5.48417e-18 -1.36628e-17)
(0.0491621 2.65478e-18 3.58358e-17)
(0.0524733 5.83569e-18 -1.40696e-17)
(0.0524733 2.88893e-18 3.70821e-17)
(0.0558453 6.16347e-18 -1.44833e-17)
(0.0558453 3.11249e-18 3.83668e-17)
(0.0592793 6.47555e-18 -1.49027e-17)
(0.0592793 3.42047e-18 3.96888e-17)
(0.0627762 6.81639e-18 -1.53288e-17)
(0.0627762 3.76461e-18 4.09528e-17)
(0.0663373 7.16572e-18 -1.57608e-17)
(0.0663373 4.05325e-18 4.21127e-17)
(0.0699636 7.48234e-18 -1.61997e-17)
(0.0699636 4.35571e-18 4.32902e-17)
(0.0736564 7.80851e-18 -1.66446e-17)
(0.0736564 4.66838e-18 4.44856e-17)
(0.0774169 8.02674e-18 -1.70934e-17)
(0.0774169 4.9961e-18 4.56943e-17)
(0.0812462 8.19433e-18 -1.75514e-17)
(0.0812462 5.42793e-18 4.69222e-17)
(0.0851455 8.47363e-18 -1.80103e-17)
(0.0851455 5.87875e-18 4.81706e-17)
(0.0891161 8.81497e-18 -1.84747e-17)
(0.0891161 6.2524e-18 4.94361e-17)
(0.0931592 9.14415e-18 -1.89444e-17)
(0.0931592 6.59751e-18 5.0713e-17)
(0.0972762 9.39342e-18 -1.94207e-17)
(0.0972762 6.98244e-18 5.20073e-17)
(0.101468 9.61202e-18 -1.99017e-17)
(0.101468 7.42619e-18 5.33163e-17)
(0.105737 9.89495e-18 -2.03836e-17)
(0.105737 7.82857e-18 5.46434e-17)
(0.110083 1.01925e-17 -2.0869e-17)
(0.110083 8.17484e-18 5.59856e-17)
(0.114508 1.05226e-17 -2.13549e-17)
(0.114508 8.58058e-18 5.73428e-17)
(0.119013 1.09172e-17 -2.18438e-17)
(0.119013 8.90934e-18 5.87069e-17)
(0.1236 1.14255e-17 -2.23386e-17)
(0.1236 9.29345e-18 6.00749e-17)
(0.128271 1.17353e-17 -2.28327e-17)
(0.128271 9.9428e-18 6.14567e-17)
(0.133025 1.16522e-17 -2.33394e-17)
(0.133025 1.07284e-17 6.28514e-17)
(0.137866 1.15154e-17 -2.3842e-17)
(0.137866 1.16157e-17 6.42644e-17)
(0.142793 1.15011e-17 -2.43404e-17)
(0.142793 1.2546e-17 6.56915e-17)
(0.147809 1.15401e-17 -2.4842e-17)
(0.147809 1.31295e-17 6.71308e-17)
(0.152914 1.17609e-17 -2.53382e-17)
(0.152914 1.36158e-17 6.85794e-17)
(0.158111 1.20124e-17 -2.56857e-17)
(0.158111 1.41378e-17 7.00264e-17)
(0.1634 1.2033e-17 -2.58295e-17)
(0.1634 1.50118e-17 7.14811e-17)
(0.168782 1.20443e-17 -2.59575e-17)
(0.168782 1.6039e-17 7.29559e-17)
(0.174259 1.18901e-17 -2.60724e-17)
(0.174259 1.65948e-17 7.44462e-17)
(0.179832 1.21524e-17 -2.61691e-17)
(0.179832 1.69366e-17 7.59378e-17)
(0.185501 1.28428e-17 -2.62111e-17)
(0.185501 1.72893e-17 7.74104e-17)
(0.191269 1.29597e-17 -2.62094e-17)
(0.191269 1.77695e-17 7.89099e-17)
(0.197135 1.28878e-17 -2.61895e-17)
(0.197135 1.82318e-17 8.04044e-17)
(0.2031 1.32113e-17 -2.61414e-17)
(0.2031 1.89458e-17 8.18815e-17)
(0.209166 1.35665e-17 -2.60473e-17)
(0.209166 1.9206e-17 8.33617e-17)
(0.215332 1.36842e-17 -2.5917e-17)
(0.215332 1.9446e-17 8.48308e-17)
(0.221599 1.38178e-17 -2.57497e-17)
(0.221599 2.02798e-17 8.62756e-17)
(0.227966 1.40008e-17 -2.55396e-17)
(0.227966 2.07241e-17 8.77241e-17)
(0.234435 1.38937e-17 -2.52836e-17)
(0.234435 2.16103e-17 8.91523e-17)
(0.241004 1.35714e-17 -2.49957e-17)
(0.241004 2.29536e-17 9.05797e-17)
(0.247672 1.2986e-17 -2.46915e-17)
(0.247672 2.40588e-17 9.20123e-17)
(0.25444 1.23431e-17 -2.4382e-17)
(0.25444 2.51261e-17 9.3447e-17)
(0.261305 1.17869e-17 -2.40611e-17)
(0.261305 2.63682e-17 9.4828e-17)
(0.268266 1.11846e-17 -2.37375e-17)
(0.268266 2.7116e-17 9.61845e-17)
(0.275321 1.12766e-17 -2.33607e-17)
(0.275321 2.72646e-17 9.74967e-17)
(0.282468 1.13442e-17 -2.29225e-17)
(0.282468 2.84139e-17 9.88025e-17)
(0.289704 1.1093e-17 -2.24771e-17)
(0.289704 2.90923e-17 9.9622e-17)
(0.297026 1.09586e-17 -2.20048e-17)
(0.297026 2.93721e-17 9.90943e-17)
(0.304431 1.06137e-17 -2.14859e-17)
(0.304431 3.02841e-17 9.84345e-17)
(0.311914 9.84449e-18 -2.09688e-17)
(0.311914 3.08003e-17 9.76734e-17)
(0.319471 8.72971e-18 -2.04552e-17)
(0.319471 3.07772e-17 9.67961e-17)
(0.327097 8.22543e-18 -1.99213e-17)
(0.327097 3.12021e-17 9.57634e-17)
(0.334788 8.31418e-18 -2.01041e-17)
(0.334788 3.16028e-17 9.45987e-17)
(0.342537 8.23158e-18 -2.08723e-17)
(0.342537 3.1375e-17 9.3307e-17)
(0.35034 7.09352e-18 -2.15807e-17)
(0.35034 3.20321e-17 9.18936e-17)
(0.358189 5.41044e-18 -2.22933e-17)
(0.358189 3.24089e-17 9.04014e-17)
(0.366078 4.67558e-18 -2.29056e-17)
(0.366078 3.23042e-17 8.87931e-17)
(0.374002 3.84599e-18 -2.34702e-17)
(0.374002 3.22145e-17 8.70689e-17)
(0.381952 2.93831e-18 -2.40769e-17)
(0.381952 3.3463e-17 8.52137e-17)
(0.389923 2.13564e-18 -2.47674e-17)
(0.389923 3.3063e-17 8.32531e-17)
(0.397908 1.08429e-18 -2.52895e-17)
(0.397908 3.1528e-17 8.12499e-17)
(0.4059 6.07317e-19 -2.57562e-17)
(0.4059 3.18505e-17 7.91566e-17)
(0.413892 3.83359e-19 -2.633e-17)
(0.413892 3.13958e-17 7.68854e-17)
(0.421878 -3.79265e-20 -2.69766e-17)
(0.421878 3.13243e-17 7.45252e-17)
(0.429851 -4.71765e-19 -2.76158e-17)
(0.429851 3.07041e-17 7.21588e-17)
(0.437805 -8.66984e-19 -2.82358e-17)
(0.437805 2.91481e-17 6.96973e-17)
(0.445735 -1.9435e-18 -2.88451e-17)
(0.445735 2.87191e-17 6.72444e-17)
(0.453635 -3.13189e-18 -2.94991e-17)
(0.453635 2.99091e-17 6.48958e-17)
(0.4615 -3.40535e-18 -3.02128e-17)
(0.4615 2.97672e-17 6.26557e-17)
(0.469324 -2.88501e-18 -3.09422e-17)
(0.469324 2.974e-17 6.05422e-17)
(0.477104 -1.83206e-18 -3.19179e-17)
(0.477104 2.97431e-17 5.85384e-17)
(0.484836 -2.77301e-18 -3.29455e-17)
(0.484836 2.86567e-17 5.66921e-17)
(0.492516 -4.55016e-18 -3.38112e-17)
(0.492516 2.78405e-17 5.48164e-17)
(0.500139 -5.49228e-18 -3.493e-17)
(0.500139 2.7992e-17 5.29734e-17)
(0.507705 -8.73246e-18 -3.61588e-17)
(0.507705 2.75255e-17 5.11364e-17)
(0.515209 -1.22231e-17 -3.69928e-17)
(0.515209 2.53967e-17 4.93759e-17)
(0.52265 -1.2647e-17 -3.78535e-17)
(0.52265 2.55056e-17 4.7699e-17)
(0.530025 -1.14995e-17 -3.89164e-17)
(0.530025 2.67985e-17 4.6031e-17)
(0.537334 -1.22721e-17 -4.00031e-17)
(0.537334 2.56826e-17 4.44099e-17)
(0.544575 -1.31252e-17 -4.10282e-17)
(0.544575 2.39708e-17 4.29469e-17)
(0.551746 -1.27814e-17 -4.23072e-17)
(0.551746 2.22141e-17 4.14247e-17)
(0.558848 -1.31719e-17 -4.322e-17)
(0.558848 2.03534e-17 4.01332e-17)
(0.565879 -1.5462e-17 -4.44347e-17)
(0.565879 2.23316e-17 3.89509e-17)
(0.572839 -1.82994e-17 -4.58107e-17)
(0.572839 2.40497e-17 3.77462e-17)
(0.579728 -2.01993e-17 -4.71715e-17)
(0.579728 2.26936e-17 3.66567e-17)
(0.586546 -1.89689e-17 -4.8141e-17)
(0.586546 2.26e-17 3.57335e-17)
(0.593294 -1.78371e-17 -5.00874e-17)
(0.593294 2.29263e-17 3.45952e-17)
(0.599972 -2.10178e-17 -5.14703e-17)
(0.599972 2.17422e-17 3.35431e-17)
(0.606579 -2.37875e-17 -5.30078e-17)
(0.606579 2.22673e-17 3.27861e-17)
(0.613118 -2.48679e-17 -5.46999e-17)
(0.613118 2.34068e-17 3.20119e-17)
(0.619587 -2.68301e-17 -5.67673e-17)
(0.619587 2.32899e-17 3.11379e-17)
(0.625989 -2.9844e-17 -5.84638e-17)
(0.625989 2.22223e-17 3.01647e-17)
(0.632324 -3.11998e-17 -6.01925e-17)
(0.632324 2.3351e-17 2.95512e-17)
(0.638594 -3.10404e-17 -6.25779e-17)
(0.638594 2.4712e-17 2.93048e-17)
(0.644798 -2.83782e-17 -6.48602e-17)
(0.644798 2.10519e-17 2.9134e-17)
(0.650937 -2.76708e-17 -6.77633e-17)
(0.650937 1.83892e-17 2.88561e-17)
(0.657014 -3.06431e-17 -7.03919e-17)
(0.657014 1.72703e-17 2.87867e-17)
(0.663029 -3.04493e-17 -7.25775e-17)
(0.663029 1.56386e-17 2.86095e-17)
(0.668983 -2.94271e-17 -7.62728e-17)
(0.668983 1.62438e-17 2.83972e-17)
(0.674878 -3.22043e-17 -7.94713e-17)
(0.674878 1.2868e-17 2.78958e-17)
(0.680713 -3.58066e-17 -8.20752e-17)
(0.680713 9.88162e-18 2.7295e-17)
(0.686492 -3.7242e-17 -8.37878e-17)
(0.686492 9.12541e-18 2.64713e-17)
(0.692214 -3.81805e-17 -8.58703e-17)
(0.692214 1.01406e-17 2.55493e-17)
(0.69788 -3.82123e-17 -8.9352e-17)
(0.69788 1.15025e-17 2.44923e-17)
(0.703492 -3.5379e-17 -9.18366e-17)
(0.703492 8.84182e-18 2.3452e-17)
(0.709052 -3.5203e-17 -9.36468e-17)
(0.709052 5.83397e-18 2.20251e-17)
(0.714559 -3.72641e-17 -9.63311e-17)
(0.714559 5.25484e-18 2.07891e-17)
(0.720016 -3.82017e-17 -9.98326e-17)
(0.720016 3.99196e-18 1.97569e-17)
(0.725423 -3.8565e-17 -1.02842e-16)
(0.725423 1.16275e-18 1.90664e-17)
(0.730781 -3.88615e-17 -1.05046e-16)
(0.730781 3.87533e-18 1.86148e-17)
(0.736092 -3.81929e-17 -1.0741e-16)
(0.736092 7.99729e-18 1.84231e-17)
(0.741356 -3.87177e-17 -1.10551e-16)
(0.741356 8.22765e-18 1.90786e-17)
(0.746574 -4.19416e-17 -1.13786e-16)
(0.746574 5.55422e-18 2.04572e-17)
(0.751748 -4.39483e-17 -1.15844e-16)
(0.751748 4.15079e-18 2.14377e-17)
(0.756879 -4.38154e-17 -1.18969e-16)
(0.756879 3.71451e-18 2.17398e-17)
(0.761966 -4.85764e-17 -1.22221e-16)
(0.761966 1.8522e-18 2.19487e-17)
(0.767012 -5.68389e-17 -1.24406e-16)
(0.767012 4.45851e-19 2.34019e-17)
(0.772018 -6.08915e-17 -1.2533e-16)
(0.772018 8.58373e-19 2.11116e-17)
(0.776983 -6.11448e-17 -1.27274e-16)
(0.776983 -1.91153e-18 1.6434e-17)
(0.781909 -5.57103e-17 -1.3017e-16)
(0.781909 -6.44874e-18 1.17571e-17)
(0.786797 -5.02514e-17 -1.35442e-16)
(0.786797 -1.08824e-17 8.3115e-18)
(0.791648 -5.69188e-17 -1.38669e-16)
(0.791648 -1.32614e-17 3.27263e-18)
(0.796462 -6.84662e-17 -1.40879e-16)
(0.796462 -1.03192e-17 -1.47659e-18)
(0.801241 -7.00906e-17 -1.42918e-16)
(0.801241 -1.32792e-17 -3.2471e-18)
(0.805985 -6.21101e-17 -1.44254e-16)
(0.805985 -2.33303e-17 -3.05605e-18)
(0.810694 -5.57396e-17 -1.49014e-16)
(0.810694 -2.80882e-17 -3.28532e-18)
(0.81537 -5.66762e-17 -1.53842e-16)
(0.81537 -3.18974e-17 -3.00792e-18)
(0.820014 -6.00187e-17 -1.58213e-16)
(0.820014 -3.67459e-17 -3.77291e-18)
(0.824625 -7.16196e-17 -1.63936e-16)
(0.824625 -3.62056e-17 -4.21147e-18)
(0.829205 -8.22174e-17 -1.66811e-16)
(0.829205 -3.86442e-17 -4.97612e-18)
(0.833754 -7.99582e-17 -1.71671e-16)
(0.833754 -4.08724e-17 -4.88674e-18)
(0.838273 -8.56769e-17 -1.75693e-16)
(0.838273 -4.93928e-17 -2.34269e-18)
(0.842763 -9.81385e-17 -1.78597e-16)
(0.842763 -5.37859e-17 8.88267e-19)
(0.847223 -9.94068e-17 -1.81186e-16)
(0.847223 -4.874e-17 -4.17948e-18)
(0.851656 -9.74279e-17 -1.8587e-16)
(0.851656 -5.29441e-17 -1.1677e-17)
(0.856061 -9.68253e-17 -1.90188e-16)
(0.856061 -4.84444e-17 -2.05982e-17)
(0.860438 -1.01295e-16 -1.95516e-16)
(0.860438 -4.07906e-17 -2.7419e-17)
(0.864789 -1.09705e-16 -2.01286e-16)
(0.864789 -4.51243e-17 -3.73714e-17)
(0.869114 -1.19977e-16 -2.08811e-16)
(0.869114 -4.8126e-17 -4.92086e-17)
(0.873413 -1.23242e-16 -2.14706e-16)
(0.873413 -5.19529e-17 -5.81988e-17)
(0.877687 -1.24842e-16 -2.23227e-16)
(0.877687 -6.78344e-17 -6.61539e-17)
(0.881936 -1.26593e-16 -2.28898e-16)
(0.881936 -7.31268e-17 -7.77597e-17)
(0.886161 -1.23175e-16 -2.35798e-16)
(0.886161 -6.00824e-17 -8.63372e-17)
(0.890362 -1.20916e-16 -2.46295e-16)
(0.890362 -6.03783e-17 -9.18984e-17)
(0.89454 -1.13367e-16 -2.51704e-16)
(0.89454 -6.846e-17 -1.02458e-16)
(0.898694 -1.08517e-16 -2.59349e-16)
(0.898694 -6.31434e-17 -1.20106e-16)
(0.902826 -1.13031e-16 -2.70713e-16)
(0.902826 -6.75832e-17 -1.29631e-16)
(0.906936 -1.19234e-16 -2.79378e-16)
(0.906936 -7.38892e-17 -1.40868e-16)
(0.911023 -1.23815e-16 -2.90895e-16)
(0.911023 -8.22576e-17 -1.52311e-16)
(0.915089 -1.30056e-16 -3.00047e-16)
(0.915089 -9.77996e-17 -1.60165e-16)
(0.919134 -1.41728e-16 -3.09785e-16)
(0.919134 -9.34807e-17 -1.65924e-16)
(0.923158 -1.54933e-16 -3.23535e-16)
(0.923158 -9.0727e-17 -1.70229e-16)
(0.927161 -1.60762e-16 -3.30781e-16)
(0.927161 -1.02343e-16 -1.76346e-16)
(0.931143 -1.6027e-16 -3.3768e-16)
(0.931143 -1.06467e-16 -1.83789e-16)
(0.935105 -1.54519e-16 -3.46874e-16)
(0.935105 -1.05042e-16 -1.95937e-16)
(0.939048 -1.57013e-16 -3.59685e-16)
(0.939048 -1.10002e-16 -2.07457e-16)
(0.94297 -1.71879e-16 -3.77916e-16)
(0.94297 -1.17803e-16 -2.13798e-16)
(0.946873 -1.82442e-16 -3.86225e-16)
(0.946873 -1.30404e-16 -2.23522e-16)
(0.950757 -1.9099e-16 -3.96467e-16)
(0.950757 -1.29806e-16 -2.3332e-16)
(0.954621 -1.93349e-16 -4.08781e-16)
(0.954621 -1.35282e-16 -2.45152e-16)
(0.958467 -1.91565e-16 -4.172e-16)
(0.958467 -1.42346e-16 -2.61431e-16)
(0.962293 -1.99981e-16 -4.27679e-16)
(0.962293 -1.50659e-16 -2.81484e-16)
(0.966101 -2.04759e-16 -4.20231e-16)
(0.966101 -1.56492e-16 -3.06985e-16)
(0.96989 -2.07203e-16 -4.29577e-16)
(0.96989 -1.48193e-16 -3.26434e-16)
(0.973661 -1.99305e-16 -4.3646e-16)
(0.973661 -1.58357e-16 -3.28235e-16)
(0.977413 -1.84932e-16 -4.32195e-16)
(0.977413 -1.52881e-16 -3.40503e-16)
(0.981147 -1.74483e-16 -4.21348e-16)
(0.981147 -1.34276e-16 -3.66348e-16)
(0.984862 -1.69773e-16 -4.24029e-16)
(0.984862 -1.35091e-16 -3.81537e-16)
(0.98856 -1.64996e-16 -4.29034e-16)
(0.98856 -1.29909e-16 -3.85704e-16)
(0.992238 -1.56782e-16 -4.36439e-16)
(0.992238 -1.318e-16 -3.94867e-16)
(0.995899 -1.61503e-16 -4.42414e-16)
(0.995899 -1.60324e-16 -4.0488e-16)
(0.99954 -1.66812e-16 -4.41537e-16)
(0.99954 -1.73335e-16 -4.25642e-16)
(1.00316 -1.64116e-16 -4.40828e-16)
(1.00316 -1.72084e-16 -4.45304e-16)
(1.00677 -1.58618e-16 -4.40317e-16)
(1.00677 -1.68774e-16 -4.51231e-16)
(1.01036 -1.60109e-16 -4.37853e-16)
(1.01036 -1.56922e-16 -4.44251e-16)
(1.01392 -1.6069e-16 -4.38348e-16)
(1.01392 -1.6731e-16 -4.43218e-16)
(1.01747 -1.58688e-16 -4.40087e-16)
(1.01747 -1.73994e-16 -4.63379e-16)
(1.021 -1.62666e-16 -4.48208e-16)
(1.021 -1.61833e-16 -4.62597e-16)
(1.02451 -1.74644e-16 -4.56944e-16)
(1.02451 -1.82513e-16 -4.49458e-16)
(1.028 -1.7992e-16 -4.7149e-16)
(1.028 -1.91e-16 -4.51618e-16)
(1.03147 -1.69675e-16 -4.71011e-16)
(1.03147 -1.56545e-16 -4.40151e-16)
(1.03493 -1.61058e-16 -4.59449e-16)
(1.03493 -1.48627e-16 -4.54559e-16)
(1.03836 -1.60173e-16 -4.55301e-16)
(1.03836 -1.65405e-16 -4.82401e-16)
(1.04177 -1.61994e-16 -4.54741e-16)
(1.04177 -1.54924e-16 -4.80375e-16)
(1.04516 -1.68536e-16 -4.60113e-16)
(1.04516 -1.56328e-16 -4.80674e-16)
(1.04852 -1.72295e-16 -4.47037e-16)
(1.04852 -1.60146e-16 -4.69511e-16)
(1.05187 -1.78699e-16 -4.39453e-16)
(1.05187 -1.43877e-16 -4.84553e-16)
(1.05519 -1.77477e-16 -4.56631e-16)
(1.05519 -1.55286e-16 -4.66299e-16)
(1.0585 -1.8203e-16 -4.44271e-16)
(1.0585 -1.72962e-16 -4.72527e-16)
(1.06177 -1.67667e-16 -4.41336e-16)
(1.06177 -1.56659e-16 -4.82991e-16)
(1.06503 -1.49409e-16 -4.41188e-16)
(1.06503 -1.53664e-16 -4.80534e-16)
(1.06826 -1.54184e-16 -4.52489e-16)
(1.06826 -1.68367e-16 -4.84906e-16)
(1.07146 -1.57743e-16 -4.44075e-16)
(1.07146 -1.5862e-16 -4.80113e-16)
(1.07464 -1.66267e-16 -4.49637e-16)
(1.07464 -1.77437e-16 -4.65957e-16)
(1.07779 -1.80119e-16 -4.61706e-16)
(1.07779 -2.13065e-16 -4.90049e-16)
(1.08091 -2.11429e-16 -4.67918e-16)
(1.08091 -1.88413e-16 -5.12876e-16)
(1.08401 -2.2721e-16 -4.72381e-16)
(1.08401 -1.86062e-16 -5.55571e-16)
(1.08707 -1.97631e-16 -5.15028e-16)
(1.08707 -1.98136e-16 -5.53881e-16)
(1.09011 -1.75698e-16 -4.73524e-16)
(1.09011 -1.77743e-16 -5.01294e-16)
(1.09311 -1.70994e-16 -4.53744e-16)
(1.09311 -1.8957e-16 -4.55072e-16)
(1.09608 -1.75338e-16 -4.53928e-16)
(1.09608 -2.068e-16 -4.93181e-16)
(1.09901 -1.94559e-16 -4.64966e-16)
(1.09901 -1.86879e-16 -4.8561e-16)
(1.10191 -1.97052e-16 -4.05378e-16)
(1.10191 -1.68113e-16 -4.88277e-16)
(1.10478 -2.18518e-16 -4.20731e-16)
(1.10478 -1.87946e-16 -5.06415e-16)
(1.1076 -2.37016e-16 -4.64232e-16)
(1.1076 -1.92177e-16 -5.17275e-16)
(1.11038 -2.26901e-16 -4.43348e-16)
(1.11038 -1.43264e-16 -5.00147e-16)
(1.11312 -2.13848e-16 -4.66521e-16)
(1.11312 -1.67753e-16 -4.07996e-16)
(1.11581 -2.19216e-16 -4.75995e-16)
(1.11581 -2.23516e-16 -4.0915e-16)
(1.11846 -2.16818e-16 -4.67985e-16)
(1.11846 -2.14577e-16 -4.36389e-16)
(1.12106 -2.01505e-16 -4.49096e-16)
(1.12106 -2.28764e-16 -4.44514e-16)
(1.1236 -2.21044e-16 -4.69814e-16)
(1.1236 -2.2336e-16 -3.97432e-16)
(1.12609 -2.3052e-16 -4.78723e-16)
(1.12609 -2.11731e-16 -3.82216e-16)
(1.12853 -2.04539e-16 -4.61796e-16)
(1.12853 -2.33948e-16 -4.27873e-16)
(1.1309 -2.07094e-16 -4.21814e-16)
(1.1309 -2.37449e-16 -4.46101e-16)
(1.1332 -2.12035e-16 -4.43865e-16)
(1.1332 -1.85238e-16 -4.85972e-16)
(1.13544 -1.94319e-16 -4.71703e-16)
(1.13544 -1.83978e-16 -4.48207e-16)
(1.1376 -1.93083e-16 -4.19306e-16)
(1.1376 -1.93045e-16 -4.36026e-16)
(1.13969 -2.18226e-16 -4.04241e-16)
(1.13969 -1.8589e-16 -4.42048e-16)
(1.14169 -2.25573e-16 -3.66697e-16)
(1.14169 -2.45902e-16 -4.10245e-16)
(1.1436 -2.25856e-16 -3.02632e-16)
(1.1436 -2.11275e-16 -4.02149e-16)
(1.14542 -2.36908e-16 -3.99675e-16)
(1.14542 -2.27361e-16 -3.85947e-16)
(1.14714 -2.78211e-16 -4.15676e-16)
(1.14714 -2.5417e-16 -3.70953e-16)
(1.14875 -2.63309e-16 -4.10855e-16)
(1.14875 -3.23431e-16 -3.31345e-16)
(1.15024 -2.65495e-16 -3.44607e-16)
(1.15024 -3.04086e-16 -3.46035e-16)
(1.15161 -2.65529e-16 -2.03424e-16)
(1.15161 -2.55457e-16 -3.0125e-16)
(1.15284 -2.73166e-16 -1.67529e-16)
(1.15284 -2.42726e-16 -1.99877e-16)
(1.15393 -2.91992e-16 -1.68589e-16)
(1.15393 -3.01136e-16 -1.96178e-16)
(1.15487 -3.00394e-16 -1.46986e-16)
(1.15487 -2.93918e-16 -2.10871e-16)
(1.15564 -2.95644e-16 -2.19468e-16)
(1.15564 -2.61532e-16 -1.85754e-16)
(1.15623 -2.1613e-16 -1.51868e-16)
(1.15623 -2.70646e-16 -1.69569e-16)
(1.15664 -2.12288e-16 -8.61523e-17)
(1.15664 -3.26218e-16 -1.07793e-16)
(1.15685 -2.59323e-16 -1.68933e-16)
(1.15685 -1.96201e-16 -1.10093e-16)
(1.15685 -3.43353e-16 1.24491e-16)
(1.15685 -3.47697e-16 1.41331e-16)
(1.15664 -2.92095e-16 1.38598e-16)
(1.15664 -2.79698e-16 1.17186e-16)
(1.15623 -2.85209e-16 5.6041e-17)
(1.15623 -2.87084e-16 5.5548e-17)
(1.15564 -2.85317e-16 5.55396e-17)
(1.15564 -3.29735e-16 5.51418e-17)
(1.15487 -2.44071e-16 8.00807e-17)
(1.15487 -2.03831e-16 1.19836e-16)
(1.15393 -2.23739e-16 6.20565e-17)
(1.15393 -2.32777e-16 1.304e-16)
(1.15284 -2.46377e-16 6.49655e-17)
(1.15284 -2.37635e-16 1.44934e-16)
(1.15161 -2.43534e-16 7.18498e-17)
(1.15161 -2.07523e-16 7.28111e-17)
(1.15024 -2.50361e-16 5.56705e-17)
(1.15024 -2.42302e-16 4.26284e-17)
(1.14875 -2.61779e-16 4.05685e-17)
(1.14875 -2.59205e-16 3.37748e-17)
(1.14714 -2.76322e-16 6.58104e-17)
(1.14714 -2.73522e-16 3.05429e-17)
(1.14542 -2.5887e-16 4.68508e-17)
(1.14542 -2.37268e-16 7.0342e-17)
(1.1436 -2.41341e-16 5.96582e-17)
(1.1436 -2.5403e-16 1.20009e-16)
(1.14169 -2.3605e-16 1.2826e-16)
(1.14169 -2.1996e-16 9.90591e-17)
(1.13969 -2.23373e-16 9.92232e-17)
(1.13969 -2.13232e-16 1.00758e-16)
(1.1376 -1.99504e-16 4.2753e-17)
(1.1376 -2.24135e-16 6.79526e-17)
(1.13544 -1.87691e-16 5.37401e-17)
(1.13544 -2.0178e-16 1.17965e-16)
(1.1332 -1.71901e-16 8.15103e-17)
(1.1332 -2.02201e-16 1.19035e-16)
(1.1309 -1.79655e-16 7.67541e-17)
(1.1309 -2.3318e-16 1.09652e-16)
(1.12853 -1.8106e-16 6.7343e-17)
(1.12853 -1.77628e-16 1.41925e-16)
(1.12609 -1.99026e-16 9.45904e-17)
(1.12609 -1.85296e-16 1.09996e-16)
(1.1236 -1.8422e-16 7.41872e-17)
(1.1236 -2.22251e-16 1.0023e-16)
(1.12106 -1.68241e-16 6.2193e-17)
(1.12106 -1.68722e-16 1.04404e-16)
(1.11846 -1.36567e-16 4.61975e-17)
(1.11846 -1.08828e-16 1.10924e-16)
(1.11581 -1.46948e-16 4.58507e-17)
(1.11581 -1.06391e-16 1.05132e-16)
(1.11312 -1.37672e-16 4.10383e-17)
(1.11312 -1.15892e-16 9.38182e-17)
(1.11038 -1.26524e-16 3.48645e-17)
(1.11038 -1.02376e-16 8.74366e-17)
(1.1076 -1.53074e-16 5.28002e-17)
(1.1076 -1.14543e-16 6.87256e-17)
(1.10478 -1.56714e-16 2.87082e-17)
(1.10478 -1.57044e-16 4.24834e-17)
(1.10191 -1.60904e-16 2.50498e-17)
(1.10191 -1.54947e-16 6.64109e-18)
(1.09901 -1.53453e-16 4.35624e-17)
(1.09901 -1.57294e-16 2.84751e-17)
(1.09608 -1.40384e-16 1.35809e-17)
(1.09608 -1.55425e-16 4.4618e-17)
(1.09311 -1.34041e-16 4.70789e-17)
(1.09311 -1.34712e-16 7.91846e-17)
(1.09011 -1.126e-16 4.21e-17)
(1.09011 -1.49386e-16 9.79545e-17)
(1.08707 -1.41339e-16 4.19804e-17)
(1.08707 -1.39172e-16 8.5601e-17)
(1.08401 -1.3517e-16 2.13804e-17)
(1.08401 -1.85108e-16 5.90135e-17)
(1.08091 -1.4429e-16 2.16922e-17)
(1.08091 -1.19005e-16 6.78133e-17)
(1.07779 -1.24202e-16 1.3281e-17)
(1.07779 -1.53618e-16 8.10628e-17)
(1.07464 -1.76381e-16 3.66235e-17)
(1.07464 -1.57064e-16 7.04231e-17)
(1.07146 -1.80397e-16 4.79591e-17)
(1.07146 -1.64023e-16 7.98367e-17)
(1.06826 -1.94173e-16 3.49701e-17)
(1.06826 -1.92032e-16 8.14143e-17)
(1.06503 -1.83859e-16 3.7275e-17)
(1.06503 -1.68069e-16 3.73723e-17)
(1.06177 -1.67121e-16 3.19323e-17)
(1.06177 -1.44254e-16 3.37589e-17)
(1.0585 -1.6561e-16 3.43825e-17)
(1.0585 -1.03057e-16 1.63093e-17)
(1.05519 -1.48758e-16 2.57681e-17)
(1.05519 -1.51748e-16 3.25174e-17)
(1.05187 -1.58893e-16 2.82107e-17)
(1.05187 -1.54315e-16 2.4665e-17)
(1.04852 -1.45068e-16 2.67359e-17)
(1.04852 -1.42553e-16 2.70753e-17)
(1.04516 -1.43391e-16 2.12874e-17)
(1.04516 -1.54463e-16 2.50936e-17)
(1.04177 -1.31498e-16 2.51248e-17)
(1.04177 -1.46684e-16 2.13523e-17)
(1.03836 -1.2793e-16 2.36789e-17)
(1.03836 -1.46245e-16 3.43267e-17)
(1.03493 -1.32374e-16 2.64046e-17)
(1.03493 -1.5231e-16 2.97882e-17)
(1.03147 -1.25671e-16 2.31176e-17)
(1.03147 -1.3932e-16 3.02059e-17)
(1.028 -1.19257e-16 2.67815e-17)
(1.028 -1.41725e-16 4.37869e-17)
(1.02451 -1.00758e-16 2.1292e-17)
(1.02451 -1.57946e-16 3.75408e-17)
(1.021 -9.00361e-17 1.07705e-17)
(1.021 -1.21713e-16 5.29732e-17)
(1.01747 -5.97249e-17 7.92372e-18)
(1.01747 -1.34399e-16 7.70025e-17)
(1.01392 -1.08603e-16 3.11893e-17)
(1.01392 -1.34942e-16 9.09339e-17)
(1.01036 -8.34191e-17 3.34004e-17)
(1.01036 -1.06552e-16 9.81554e-17)
(1.00677 -7.6713e-17 3.37807e-17)
(1.00677 -9.55107e-17 9.52311e-17)
(1.00316 -7.53527e-17 2.30796e-17)
(1.00316 -7.20882e-17 8.42623e-17)
(0.999541 -7.67864e-17 3.09346e-17)
(0.999541 -7.51632e-17 7.65347e-17)
(0.995899 -8.06977e-17 2.74481e-17)
(0.995899 -7.69364e-17 8.39687e-17)
(0.992238 -8.72431e-17 3.40499e-17)
(0.992238 -8.1959e-17 8.0823e-17)
(0.98856 -7.91076e-17 3.51655e-17)
(0.98856 -7.8201e-17 7.24632e-17)
(0.984862 -8.23094e-17 2.62252e-17)
(0.984862 -6.57201e-17 6.20541e-17)
(0.981147 -9.00277e-17 2.92867e-17)
(0.981147 -5.08555e-17 6.4878e-17)
(0.977413 -8.40148e-17 3.36362e-17)
(0.977413 -3.36855e-17 6.28522e-17)
(0.973661 -7.09968e-17 3.28725e-17)
(0.973661 -2.71944e-17 5.62813e-17)
(0.969891 -6.81783e-17 3.50804e-17)
(0.969891 -3.47965e-17 4.45578e-17)
(0.966101 -5.39938e-17 2.76565e-17)
(0.966101 -3.42609e-17 3.67571e-17)
(0.962293 -4.05463e-17 1.90265e-17)
(0.962293 -3.80192e-17 3.31223e-17)
(0.958467 -5.91017e-17 1.33854e-17)
(0.958467 -3.55762e-17 3.20074e-17)
(0.954621 -5.66663e-17 1.97583e-17)
(0.954621 -2.46859e-17 2.62846e-17)
(0.950757 -5.60499e-17 1.73045e-17)
(0.950757 -5.52722e-17 2.75242e-17)
(0.946873 -5.5288e-17 1.10221e-17)
(0.946873 -4.52937e-17 2.70038e-17)
(0.94297 -5.10174e-17 8.92097e-18)
(0.94297 -4.34488e-17 2.37573e-17)
(0.939048 -4.65945e-17 1.04687e-17)
(0.939048 -4.33987e-17 2.05921e-17)
(0.935105 -4.6927e-17 1.00532e-17)
(0.935105 -5.90795e-17 1.70695e-17)
(0.931143 -4.2377e-17 5.25258e-18)
(0.931143 -5.48094e-17 1.31194e-17)
(0.927161 -4.18868e-17 5.43385e-18)
(0.927161 -4.09105e-17 2.03671e-17)
(0.923158 -6.07499e-17 3.84908e-18)
(0.923158 -5.09446e-17 3.03422e-17)
(0.919134 -7.03486e-17 4.75616e-18)
(0.919134 -4.38196e-17 2.80579e-17)
(0.915089 -7.24476e-17 3.11072e-18)
(0.915089 -3.16567e-17 2.18397e-17)
(0.911023 -6.20636e-17 4.24152e-18)
(0.911023 -2.94392e-17 1.34781e-17)
(0.906936 -6.52811e-17 5.52083e-18)
(0.906936 -3.2949e-17 1.00699e-17)
(0.902826 -5.6505e-17 5.44743e-18)
(0.902826 -4.68252e-17 8.11739e-18)
(0.898694 -4.579e-17 2.71362e-18)
(0.898694 -5.96832e-17 9.58783e-18)
(0.89454 -3.22749e-17 2.96942e-18)
(0.89454 -6.58711e-17 1.03536e-17)
(0.890362 -4.33148e-17 1.22612e-18)
(0.890362 -6.26418e-17 1.4985e-17)
(0.886161 -2.75976e-17 1.28346e-18)
(0.886161 -6.03322e-17 1.66352e-17)
(0.881936 -2.54884e-17 4.38232e-18)
(0.881936 -6.08354e-17 1.89687e-17)
(0.877687 -2.69277e-17 9.7171e-18)
(0.877687 -5.61252e-17 2.33271e-17)
(0.873413 -2.05382e-17 1.13828e-17)
(0.873413 -5.10804e-17 2.46983e-17)
(0.869114 -1.59317e-17 1.01578e-17)
(0.869114 -4.27255e-17 2.45297e-17)
(0.864789 -1.96078e-17 1.11769e-17)
(0.864789 -3.67687e-17 2.45599e-17)
(0.860438 -2.92678e-17 1.29656e-17)
(0.860438 -3.00061e-17 2.40756e-17)
(0.856061 -2.53261e-17 1.19116e-17)
(0.856061 -2.78354e-17 2.25293e-17)
(0.851656 -2.1071e-17 1.04025e-17)
(0.851656 -2.61028e-17 2.03305e-17)
(0.847223 -2.56104e-17 1.04733e-17)
(0.847223 -2.07334e-17 2.06278e-17)
(0.842763 -2.43809e-17 1.00299e-17)
(0.842763 -2.84263e-17 2.07133e-17)
(0.838273 -2.23942e-17 9.31917e-18)
(0.838273 -2.91714e-17 2.05939e-17)
(0.833754 -1.90754e-17 8.66795e-18)
(0.833754 -2.3358e-17 1.97735e-17)
(0.829205 -2.19604e-17 7.14895e-18)
(0.829205 -2.67042e-17 1.94969e-17)
(0.824625 -1.88532e-17 7.03169e-18)
(0.824625 -2.89886e-17 1.75825e-17)
(0.820014 -2.13934e-17 8.018e-18)
(0.820014 -2.39411e-17 1.99699e-17)
(0.81537 -1.88408e-17 1.02343e-17)
(0.81537 -2.51317e-17 1.97804e-17)
(0.810694 -1.77341e-17 8.71312e-18)
(0.810694 -2.77248e-17 1.76438e-17)
(0.805985 -1.11082e-17 6.9425e-18)
(0.805985 -2.44424e-17 1.76903e-17)
(0.801241 -9.63128e-18 5.59239e-18)
(0.801241 -2.46174e-17 1.94817e-17)
(0.796462 -9.79071e-18 5.52456e-18)
(0.796462 -2.79955e-17 1.99003e-17)
(0.791648 -6.82922e-18 4.55769e-18)
(0.791648 -2.67622e-17 1.99165e-17)
(0.786797 -5.88775e-18 3.1905e-18)
(0.786797 -2.57627e-17 2.07409e-17)
(0.781909 -6.39152e-18 3.90215e-18)
(0.781909 -2.46564e-17 2.1838e-17)
(0.776983 -8.66991e-18 4.02477e-18)
(0.776983 -1.95714e-17 2.42499e-17)
(0.772018 -5.91257e-18 3.90716e-18)
(0.772018 -2.56867e-17 2.46561e-17)
(0.767012 -4.57694e-18 3.77524e-18)
(0.767012 -2.3884e-17 2.48852e-17)
(0.761966 -2.24757e-18 3.56928e-18)
(0.761966 -1.84745e-17 2.49447e-17)
(0.756879 -6.20862e-18 3.75578e-18)
(0.756879 -1.73033e-17 2.42413e-17)
(0.751748 -7.22462e-18 3.44769e-18)
(0.751748 -1.08601e-17 2.38502e-17)
(0.746574 -6.80556e-18 4.3994e-18)
(0.746574 -1.19484e-17 2.37552e-17)
(0.741356 -5.09394e-18 4.55321e-18)
(0.741356 -1.49147e-17 2.28019e-17)
(0.736092 -3.9301e-18 4.61625e-18)
(0.736092 -1.14001e-17 2.27445e-17)
(0.730781 -4.60982e-18 4.56054e-18)
(0.730781 -1.10283e-17 2.28228e-17)
(0.725423 -9.81261e-18 5.54861e-18)
(0.725423 -1.02458e-17 2.19096e-17)
(0.720016 -9.23261e-18 5.78744e-18)
(0.720016 -8.7731e-18 2.1101e-17)
(0.714559 -1.08943e-17 5.48545e-18)
(0.714559 -1.24781e-17 2.03071e-17)
(0.709052 -1.14139e-17 4.7879e-18)
(0.709052 -1.09753e-17 1.9011e-17)
(0.703493 -7.81227e-18 4.63226e-18)
(0.703493 -1.0587e-17 1.8112e-17)
(0.69788 -3.76222e-18 4.2647e-18)
(0.69788 -1.23071e-17 1.79253e-17)
(0.692214 -3.12442e-18 3.88563e-18)
(0.692214 -1.58284e-17 1.8547e-17)
(0.686492 -8.98824e-19 3.64035e-18)
(0.686492 -1.40424e-17 1.7958e-17)
(0.680714 1.75843e-18 3.81644e-18)
(0.680714 -1.07694e-17 1.82491e-17)
(0.674878 -1.20161e-18 4.23024e-18)
(0.674878 -1.38843e-17 1.78535e-17)
(0.668983 -2.18841e-18 3.95852e-18)
(0.668983 -1.48431e-17 1.74724e-17)
(0.663029 6.13324e-19 3.63842e-18)
(0.663029 -1.40454e-17 1.68318e-17)
(0.657014 2.98895e-18 3.85163e-18)
(0.657014 -1.4163e-17 1.67702e-17)
(0.650937 2.81547e-18 4.40934e-18)
(0.650937 -1.45341e-17 1.69174e-17)
(0.644798 5.92259e-18 5.07247e-18)
(0.644798 -1.4372e-17 1.68955e-17)
(0.638594 8.07671e-19 5.38371e-18)
(0.638594 -1.58073e-17 1.64754e-17)
(0.632325 2.27904e-18 5.09469e-18)
(0.632325 -1.83262e-17 1.65058e-17)
(0.625989 4.04502e-18 5.04326e-18)
(0.625989 -1.63937e-17 1.7131e-17)
(0.619587 1.99441e-18 5.11683e-18)
(0.619587 -1.30809e-17 1.68832e-17)
(0.613118 2.22087e-18 4.80591e-18)
(0.613118 -1.18408e-17 1.66895e-17)
(0.606579 1.00531e-18 4.75812e-18)
(0.606579 -1.20534e-17 1.66896e-17)
(0.599972 1.67778e-19 4.66454e-18)
(0.599972 -1.44928e-17 1.62552e-17)
(0.593294 2.12519e-19 4.44263e-18)
(0.593294 -1.25756e-17 1.58732e-17)
(0.586546 -5.53183e-18 4.68131e-18)
(0.586546 -8.98374e-18 1.48218e-17)
(0.579728 -5.93824e-18 4.58386e-18)
(0.579728 -7.05275e-18 1.41386e-17)
(0.572839 -4.81628e-18 4.90341e-18)
(0.572839 -6.00254e-18 1.35434e-17)
(0.565879 -4.69422e-18 5.30013e-18)
(0.565879 -5.75533e-18 1.29532e-17)
(0.558848 -2.97569e-18 5.59223e-18)
(0.558848 -4.6824e-18 1.18498e-17)
(0.551746 -1.39886e-18 5.0007e-18)
(0.551746 -3.85877e-18 1.13037e-17)
(0.544575 1.69766e-18 4.95704e-18)
(0.544575 -5.3234e-18 1.09483e-17)
(0.537334 -2.04708e-18 4.98438e-18)
(0.537334 -5.71901e-18 1.05001e-17)
(0.530025 -3.12745e-18 4.91927e-18)
(0.530025 -5.81822e-18 1.00728e-17)
(0.52265 -5.94415e-19 4.93114e-18)
(0.52265 -5.68633e-18 9.62997e-18)
(0.515209 1.83512e-19 4.93395e-18)
(0.515209 -4.49299e-18 9.6438e-18)
(0.507705 7.50692e-19 4.83212e-18)
(0.507705 -3.80599e-18 9.63968e-18)
(0.500139 -9.14194e-19 4.71531e-18)
(0.500139 -3.51136e-18 9.24899e-18)
(0.492516 -8.4288e-19 4.59221e-18)
(0.492516 -3.41757e-18 9.17517e-18)
(0.484836 -3.04551e-19 4.57578e-18)
(0.484836 -4.01368e-18 9.19873e-18)
(0.477104 -1.2077e-18 4.50312e-18)
(0.477104 -3.67352e-18 9.10931e-18)
(0.469324 -1.28182e-18 4.39447e-18)
(0.469324 -3.58276e-18 8.99202e-18)
(0.4615 -3.86652e-19 4.27182e-18)
(0.4615 -3.67149e-18 8.79824e-18)
(0.453635 -1.13933e-19 4.15964e-18)
(0.453635 -2.44264e-18 8.69574e-18)
(0.445735 -2.72766e-19 4.08128e-18)
(0.445735 -3.47601e-18 8.53671e-18)
(0.437805 -3.41103e-19 3.89456e-18)
(0.437805 -3.76726e-18 8.37007e-18)
(0.429851 -6.68858e-19 3.82186e-18)
(0.429851 -2.65491e-18 8.3421e-18)
(0.421878 5.40548e-19 3.78014e-18)
(0.421878 -3.03534e-18 8.33265e-18)
(0.413892 -2.39223e-19 3.69749e-18)
(0.413892 -3.0416e-18 8.19028e-18)
(0.4059 -1.4415e-19 3.55761e-18)
(0.4059 -3.79434e-18 8.12062e-18)
(0.397908 8.64877e-20 3.43212e-18)
(0.397908 -4.15651e-18 8.06838e-18)
(0.389923 3.64005e-19 3.28963e-18)
(0.389923 -4.01727e-18 7.98634e-18)
(0.381952 2.20414e-20 3.16582e-18)
(0.381952 -4.10515e-18 7.95345e-18)
(0.374002 -4.99175e-20 3.13126e-18)
(0.374002 -4.45229e-18 7.85622e-18)
(0.366078 -1.89917e-19 3.06878e-18)
(0.366078 -4.26677e-18 7.76509e-18)
(0.358189 1.10938e-20 2.98891e-18)
(0.358189 -4.20712e-18 7.68911e-18)
(0.35034 2.09868e-19 2.90726e-18)
(0.35034 -3.74364e-18 7.54203e-18)
(0.342537 1.76088e-19 2.84776e-18)
(0.342537 -3.96913e-18 7.38947e-18)
(0.334788 -1.17041e-18 2.84196e-18)
(0.334788 -3.46138e-18 7.24823e-18)
(0.327097 -1.65453e-18 2.81554e-18)
(0.327097 -2.7848e-18 7.05869e-18)
(0.319471 -1.96236e-18 2.76609e-18)
(0.319471 -2.74568e-18 6.82582e-18)
(0.311914 -1.84342e-18 2.7155e-18)
(0.311914 -2.09252e-18 6.54234e-18)
(0.304431 -1.62365e-18 2.68961e-18)
(0.304431 -2.12435e-18 6.28975e-18)
(0.297026 -1.52704e-18 2.79806e-18)
(0.297026 -2.61668e-18 6.12126e-18)
(0.289704 -1.65006e-18 2.89979e-18)
(0.289704 -2.45134e-18 5.93728e-18)
(0.282468 -1.83821e-18 2.91992e-18)
(0.282468 -1.83887e-18 5.73754e-18)
(0.275321 -2.09165e-18 2.95948e-18)
(0.275321 -1.47156e-18 5.54699e-18)
(0.268266 -1.52621e-18 2.94934e-18)
(0.268266 -1.83136e-18 5.39308e-18)
(0.261305 -1.42859e-18 2.89435e-18)
(0.261305 -1.50446e-18 5.19966e-18)
(0.25444 -1.2072e-18 2.79834e-18)
(0.25444 -1.20684e-18 5.06392e-18)
(0.247672 -1.05723e-18 2.72397e-18)
(0.247672 -1.33342e-18 4.93492e-18)
(0.241004 -1.63893e-18 2.67488e-18)
(0.241004 -1.28537e-18 4.78315e-18)
(0.234435 -1.24128e-18 2.60314e-18)
(0.234435 -1.26222e-18 4.61256e-18)
(0.227966 -6.53181e-19 2.52489e-18)
(0.227966 -1.19036e-18 4.46466e-18)
(0.221599 -3.46434e-19 2.44813e-18)
(0.221599 -1.11262e-18 4.34898e-18)
(0.215332 -3.30571e-19 2.37421e-18)
(0.215332 -9.87269e-19 4.23894e-18)
(0.209166 -6.47269e-19 2.30239e-18)
(0.209166 -9.47916e-19 4.09267e-18)
(0.2031 -6.47381e-19 2.21603e-18)
(0.2031 -1.01093e-18 3.96086e-18)
(0.197135 -6.315e-19 2.13947e-18)
(0.197135 -8.73194e-19 3.84269e-18)
(0.191269 -5.36395e-19 2.08445e-18)
(0.191269 -7.75624e-19 3.73124e-18)
(0.185501 -4.87221e-19 1.99879e-18)
(0.185501 -7.51214e-19 3.59539e-18)
(0.179832 -4.19635e-19 1.91915e-18)
(0.179832 -8.99545e-19 3.45602e-18)
(0.174259 -3.78661e-19 1.86501e-18)
(0.174259 -7.99776e-19 3.32929e-18)
(0.168782 -2.92473e-19 1.80892e-18)
(0.168782 -7.2291e-19 3.2062e-18)
(0.1634 -1.25198e-19 1.75866e-18)
(0.1634 -6.95967e-19 3.09788e-18)
(0.158111 -1.48539e-19 1.70176e-18)
(0.158111 -7.37161e-19 2.98938e-18)
(0.152914 -2.02079e-19 1.65335e-18)
(0.152914 -6.62795e-19 2.88032e-18)
(0.147809 -2.16399e-19 1.60521e-18)
(0.147809 -4.60506e-19 2.77724e-18)
(0.142793 -2.77734e-19 1.54745e-18)
(0.142793 -4.36203e-19 2.68035e-18)
(0.137866 -2.83541e-19 1.48338e-18)
(0.137866 -4.21939e-19 2.5868e-18)
(0.133025 -3.98039e-19 1.43387e-18)
(0.133025 -1.90003e-19 2.49067e-18)
(0.128271 -4.12866e-19 1.39719e-18)
(0.128271 -2.07606e-19 2.39473e-18)
(0.123601 -3.30693e-19 1.35433e-18)
(0.123601 -2.09787e-19 2.29885e-18)
(0.119013 -2.22791e-19 1.30933e-18)
(0.119013 -1.16256e-19 2.21334e-18)
(0.114508 -1.80023e-19 1.26775e-18)
(0.114508 -1.54922e-20 2.12963e-18)
(0.110083 -2.14339e-19 1.23008e-18)
(0.110083 7.59571e-20 2.04794e-18)
(0.105737 -2.77421e-19 1.18846e-18)
(0.105737 8.03023e-21 1.96204e-18)
(0.101468 -1.69521e-19 1.15179e-18)
(0.101468 4.24055e-20 1.8752e-18)
(0.0972762 -6.71616e-20 1.12183e-18)
(0.0972762 6.7599e-20 1.79733e-18)
(0.0931592 -7.51741e-20 1.08973e-18)
(0.0931592 4.22086e-20 1.72449e-18)
(0.0891161 -7.40288e-20 1.05517e-18)
(0.0891161 5.96369e-21 1.65265e-18)
(0.0851455 -9.30566e-20 1.01875e-18)
(0.0851455 2.72432e-20 1.58592e-18)
(0.0812462 -3.7555e-20 9.85972e-19)
(0.0812462 5.98835e-20 1.52513e-18)
(0.0774169 -3.74139e-20 9.55045e-19)
(0.0774169 5.7258e-21 1.46745e-18)
(0.0736564 -5.83889e-20 9.23249e-19)
(0.0736564 6.55429e-21 1.41177e-18)
(0.0699636 -9.41431e-20 8.90111e-19)
(0.0699636 1.686e-20 1.35706e-18)
(0.0663373 -4.86106e-20 8.58939e-19)
(0.0663373 -8.9101e-21 1.30482e-18)
(0.0627762 -2.14996e-20 8.27471e-19)
(0.0627762 -5.77877e-21 1.25665e-18)
(0.0592793 -4.29444e-20 7.9878e-19)
(0.0592793 1.44905e-20 1.21127e-18)
(0.0558453 -5.36039e-20 7.70717e-19)
(0.0558453 -1.01738e-20 1.16477e-18)
(0.0524733 -6.76542e-20 7.42825e-19)
(0.0524733 -1.99781e-20 1.1197e-18)
(0.0491621 -5.04237e-20 7.17642e-19)
(0.0491621 -2.09029e-20 1.07883e-18)
(0.0459107 -5.48378e-20 6.93544e-19)
(0.0459107 -3.29601e-20 1.03766e-18)
(0.0427179 -5.77077e-20 6.68428e-19)
(0.0427179 -2.42242e-20 9.98269e-19)
(0.0395828 -5.26729e-20 6.44691e-19)
(0.0395828 -2.73584e-20 9.60691e-19)
(0.0365042 -5.51464e-20 6.2212e-19)
(0.0365042 -2.63144e-20 9.25019e-19)
(0.0334814 -6.02324e-20 5.99927e-19)
(0.0334814 -8.39589e-21 8.9014e-19)
(0.0305131 -5.63704e-20 5.7775e-19)
(0.0305131 4.78071e-21 8.56499e-19)
(0.0275985 -5.39285e-20 5.5714e-19)
(0.0275985 6.06492e-21 8.24506e-19)
(0.0247367 -5.07037e-20 5.3708e-19)
(0.0247367 -5.88287e-21 7.93926e-19)
(0.0219266 -3.67807e-20 5.1784e-19)
(0.0219266 -2.15686e-21 7.64584e-19)
(0.0191674 -4.42643e-20 4.99175e-19)
(0.0191674 -3.35545e-22 7.35912e-19)
(0.0164581 -3.03972e-20 4.81191e-19)
(0.0164581 -3.12088e-21 7.08498e-19)
(0.0137979 -9.53901e-21 4.6409e-19)
(0.0137979 -9.33654e-22 6.82727e-19)
(0.0111859 -1.01797e-21 4.47435e-19)
(0.0111859 -1.97262e-21 6.57786e-19)
(0.00862122 1.47264e-21 4.3122e-19)
(0.00862122 -6.2224e-22 6.33801e-19)
(0.00610304 -5.42854e-22 4.15437e-19)
(0.00610304 1.13664e-21 6.10695e-19)
(0.00363052 -1.42581e-21 4.00398e-19)
(0.00363052 2.93356e-21 5.88441e-19)
(0.00120284 2.57594e-22 5.08525e-20)
(0.00120284 -5.80919e-22 1.16855e-19)
(1.15685 -2.741e-16 -2.0243e-16)
(1.15685 -2.5214e-16 -1.17523e-16)
(1.15664 -2.49099e-16 -1.72237e-16)
(1.15664 -1.9493e-16 -9.55009e-17)
(1.15623 -2.23599e-16 -1.23897e-16)
(1.15623 -2.5394e-16 -7.74892e-17)
(1.15564 -1.8565e-16 -8.53877e-17)
(1.15564 -2.04436e-16 -1.10053e-16)
(1.15487 -2.07301e-16 -8.7788e-17)
(1.15487 -1.56538e-16 -8.69781e-17)
(1.15393 -1.99934e-16 -9.74225e-17)
(1.15393 -1.97069e-16 -1.20352e-16)
(1.15284 -2.07472e-16 -1.07404e-16)
(1.15284 -2.54597e-16 -4.72347e-17)
(1.15161 -2.41145e-16 -5.41547e-17)
(1.15161 -2.31216e-16 -6.16558e-17)
(1.15024 -2.38401e-16 -5.07617e-17)
(1.15024 -2.14941e-16 -5.90451e-17)
(1.14875 -2.36348e-16 -5.39696e-17)
(1.14875 -2.28645e-16 -4.46215e-17)
(1.14714 -1.87605e-16 -6.58638e-17)
(1.14714 -2.73105e-16 -4.66092e-17)
(1.14542 -2.4136e-16 -5.86587e-17)
(1.14542 -2.26595e-16 -9.47303e-17)
(1.1436 -2.37073e-16 -6.01116e-17)
(1.1436 -2.32272e-16 -8.2056e-17)
(1.14169 -2.48498e-16 -8.74384e-17)
(1.14169 -2.39473e-16 -1.13742e-16)
(1.13969 -2.26316e-16 -1.04623e-16)
(1.13969 -2.25391e-16 -7.12417e-17)
(1.1376 -2.07038e-16 -6.42762e-17)
(1.1376 -2.31896e-16 -5.55902e-17)
(1.13544 -1.88092e-16 -6.70108e-17)
(1.13544 -2.34594e-16 -9.99309e-17)
(1.1332 -1.79529e-16 -8.25473e-17)
(1.1332 -2.3868e-16 -1.46181e-16)
(1.1309 -2.01163e-16 -5.81742e-17)
(1.1309 -2.22788e-16 -1.17934e-16)
(1.12853 -1.54298e-16 -3.95321e-17)
(1.12853 -1.95896e-16 -1.18565e-16)
(1.12609 -1.5048e-16 -2.41321e-17)
(1.12609 -1.99926e-16 -1.40875e-16)
(1.1236 -1.5003e-16 -3.11217e-17)
(1.1236 -1.77835e-16 -1.49633e-16)
(1.12106 -2.24398e-16 -5.88634e-17)
(1.12106 -1.45946e-16 -8.53102e-17)
(1.11846 -1.90139e-16 -7.41203e-17)
(1.11846 -1.77353e-16 -7.75413e-17)
(1.11581 -1.47763e-16 -8.12266e-17)
(1.11581 -1.62611e-16 -1.15113e-16)
(1.11312 -1.23716e-16 -4.84502e-17)
(1.11312 -1.44054e-16 -1.34933e-16)
(1.11038 -1.37622e-16 -4.64169e-17)
(1.11038 -1.40577e-16 -1.46704e-16)
(1.1076 -1.86189e-16 -2.40812e-17)
(1.1076 -1.92983e-16 -1.74958e-16)
(1.10478 -1.98542e-16 -3.69796e-17)
(1.10478 -1.48759e-16 -1.19832e-16)
(1.10191 -1.85426e-16 -5.49779e-17)
(1.10191 -1.37573e-16 -7.92363e-17)
(1.09901 -1.63211e-16 -2.08617e-17)
(1.09901 -9.84304e-17 -7.86071e-17)
(1.09608 -1.66054e-16 -2.26394e-17)
(1.09608 -1.18964e-16 -6.42967e-17)
(1.09311 -1.65117e-16 -4.97208e-17)
(1.09311 -9.53323e-17 -7.01347e-17)
(1.09011 -1.38841e-16 -8.75741e-17)
(1.09011 -9.49084e-17 -5.83448e-17)
(1.08707 -1.46102e-16 -1.1516e-16)
(1.08707 -7.85393e-17 -4.78306e-17)
(1.08401 -1.18075e-16 -8.57379e-17)
(1.08401 -1.5984e-16 -7.27059e-17)
(1.08091 -1.08784e-16 -6.46368e-17)
(1.08091 -1.94685e-16 -7.53547e-17)
(1.07779 -1.44774e-16 -7.30069e-17)
(1.07779 -1.83636e-16 -5.30169e-17)
(1.07464 -1.18669e-16 -6.66237e-17)
(1.07464 -1.74564e-16 -6.21113e-17)
(1.07146 -1.22803e-16 -7.30516e-17)
(1.07146 -1.03265e-16 -6.76076e-17)
(1.06826 -1.26406e-16 -6.02961e-17)
(1.06826 -1.70397e-16 -5.66271e-17)
(1.06503 -1.23825e-16 -3.71034e-17)
(1.06503 -1.35953e-16 -4.41856e-17)
(1.06177 -1.43676e-16 -4.83056e-17)
(1.06177 -1.56007e-16 -5.02802e-17)
(1.0585 -1.52237e-16 -3.25628e-17)
(1.0585 -1.20155e-16 -6.13135e-17)
(1.05519 -1.47628e-16 -3.84701e-17)
(1.05519 -1.70528e-16 -5.05767e-17)
(1.05187 -1.45664e-16 -3.18627e-17)
(1.05187 -1.92466e-16 -5.49279e-17)
(1.04852 -1.4147e-16 -3.91292e-17)
(1.04852 -2.02281e-16 -6.94391e-17)
(1.04516 -1.38231e-16 -4.74341e-17)
(1.04516 -1.62977e-16 -7.53056e-17)
(1.04177 -1.41813e-16 -4.32468e-17)
(1.04177 -1.19957e-16 -7.56635e-17)
(1.03836 -1.38204e-16 -5.93542e-17)
(1.03836 -1.19616e-16 -7.40515e-17)
(1.03493 -1.06045e-16 -4.3372e-17)
(1.03493 -1.41688e-16 -6.22056e-17)
(1.03147 -8.51712e-17 -4.26626e-17)
(1.03147 -1.25163e-16 -6.83838e-17)
(1.028 -8.39738e-17 -4.38396e-17)
(1.028 -9.03463e-17 -8.07379e-17)
(1.02451 -7.64418e-17 -3.69853e-17)
(1.02451 -1.39025e-16 -8.57494e-17)
(1.021 -1.14715e-16 -5.26864e-17)
(1.021 -1.22126e-16 -8.02404e-17)
(1.01747 -1.28652e-16 -4.61324e-17)
(1.01747 -1.02816e-16 -8.3883e-17)
(1.01392 -9.32524e-17 -4.62025e-17)
(1.01392 -8.47964e-17 -9.66936e-17)
(1.01036 -1.20312e-16 -4.91032e-17)
(1.01036 -1.01086e-16 -8.50115e-17)
(1.00677 -1.27385e-16 -3.77978e-17)
(1.00677 -5.74194e-17 -6.47702e-17)
(1.00316 -1.21006e-16 -3.64359e-17)
(1.00316 -6.37545e-17 -4.35291e-17)
(0.999541 -9.83891e-17 -3.226e-17)
(0.999541 -6.73136e-17 -2.45744e-17)
(0.995899 -9.04904e-17 -3.47644e-17)
(0.995899 -7.70779e-17 -2.59227e-17)
(0.992238 -9.24442e-17 -3.28645e-17)
(0.992238 -6.62569e-17 -2.51092e-17)
(0.98856 -7.71498e-17 -2.47537e-17)
(0.98856 -6.96307e-17 -1.2821e-17)
(0.984862 -6.99306e-17 -1.6262e-17)
(0.984862 -6.19132e-17 -1.31663e-17)
(0.981147 -6.92418e-17 -1.31284e-17)
(0.981147 -5.82862e-17 -2.2172e-17)
(0.977413 -6.22784e-17 -1.66659e-17)
(0.977413 -6.90887e-17 -2.93419e-17)
(0.973661 -6.03532e-17 -1.62862e-17)
(0.973661 -8.11036e-17 -3.27953e-17)
(0.969891 -6.76759e-17 -1.38086e-17)
(0.969891 -7.33832e-17 -3.85192e-17)
(0.966101 -7.38674e-17 -1.55007e-17)
(0.966101 -7.92165e-17 -3.47106e-17)
(0.962293 -7.87706e-17 -1.20028e-17)
(0.962293 -8.30204e-17 -2.95404e-17)
(0.958467 -8.21048e-17 -1.14977e-17)
(0.958467 -7.50366e-17 -2.23877e-17)
(0.954621 -7.8486e-17 -1.34745e-17)
(0.954621 -7.09846e-17 -2.4986e-17)
(0.950757 -8.00473e-17 -1.81761e-17)
(0.950757 -6.63408e-17 -2.59651e-17)
(0.946873 -7.92646e-17 -1.8578e-17)
(0.946873 -7.81452e-17 -2.37017e-17)
(0.94297 -7.48383e-17 -1.73387e-17)
(0.94297 -6.92756e-17 -2.1125e-17)
(0.939048 -7.53809e-17 -1.76135e-17)
(0.939048 -6.33222e-17 -1.80946e-17)
(0.935105 -7.60429e-17 -1.70894e-17)
(0.935105 -7.41895e-17 -1.68331e-17)
(0.931143 -7.45286e-17 -1.50059e-17)
(0.931143 -7.22133e-17 -1.759e-17)
(0.927161 -7.21363e-17 -2.17656e-17)
(0.927161 -6.41114e-17 -2.42386e-17)
(0.923158 -6.87256e-17 -2.82364e-17)
(0.923158 -5.91242e-17 -2.72239e-17)
(0.919134 -7.30565e-17 -2.34228e-17)
(0.919134 -6.8427e-17 -2.71565e-17)
(0.915089 -7.85268e-17 -1.85472e-17)
(0.915089 -6.22041e-17 -2.30453e-17)
(0.911023 -7.57932e-17 -1.40254e-17)
(0.911023 -6.53253e-17 -1.69899e-17)
(0.906936 -6.63977e-17 -1.36686e-17)
(0.906936 -5.92973e-17 -1.93664e-17)
(0.902826 -6.98555e-17 -1.19121e-17)
(0.902826 -5.90466e-17 -2.23843e-17)
(0.898694 -6.64297e-17 -1.2943e-17)
(0.898694 -6.95513e-17 -2.24006e-17)
(0.89454 -6.24303e-17 -1.38853e-17)
(0.89454 -8.11556e-17 -2.27825e-17)
(0.890362 -6.41103e-17 -1.75963e-17)
(0.890362 -7.44483e-17 -2.50768e-17)
(0.886161 -6.27765e-17 -1.87325e-17)
(0.886161 -6.8648e-17 -2.64242e-17)
(0.881936 -6.40287e-17 -2.0023e-17)
(0.881936 -7.42373e-17 -2.72665e-17)
(0.877687 -6.47656e-17 -2.1332e-17)
(0.877687 -7.78078e-17 -2.77113e-17)
(0.873413 -6.11834e-17 -2.13777e-17)
(0.873413 -7.31865e-17 -2.76168e-17)
(0.869114 -5.55007e-17 -2.10726e-17)
(0.869114 -6.31752e-17 -2.67619e-17)
(0.864789 -4.76614e-17 -1.91188e-17)
(0.864789 -5.51932e-17 -2.80072e-17)
(0.860438 -4.36966e-17 -1.55717e-17)
(0.860438 -4.97262e-17 -2.93628e-17)
(0.856061 -5.26522e-17 -1.08657e-17)
(0.856061 -4.64771e-17 -3.34257e-17)
(0.851656 -5.32937e-17 -9.2616e-18)
(0.851656 -5.16488e-17 -2.94318e-17)
(0.847223 -4.4681e-17 -8.34813e-18)
(0.847223 -4.74087e-17 -3.17208e-17)
(0.842763 -4.23293e-17 -8.33635e-18)
(0.842763 -4.64907e-17 -3.2247e-17)
(0.838273 -3.5304e-17 -8.17225e-18)
(0.838273 -4.25939e-17 -3.07808e-17)
(0.833754 -3.20782e-17 -7.05452e-18)
(0.833754 -3.26439e-17 -3.08194e-17)
(0.829205 -3.15134e-17 -7.56069e-18)
(0.829205 -3.95393e-17 -3.08318e-17)
(0.824625 -3.73478e-17 -8.54345e-18)
(0.824625 -3.25309e-17 -2.95194e-17)
(0.820014 -3.3146e-17 -9.68288e-18)
(0.820014 -2.82163e-17 -3.12344e-17)
(0.81537 -3.00265e-17 -1.11492e-17)
(0.81537 -2.69306e-17 -3.2161e-17)
(0.810694 -3.18715e-17 -1.10425e-17)
(0.810694 -2.89195e-17 -3.08348e-17)
(0.805985 -3.21902e-17 -1.1049e-17)
(0.805985 -2.40451e-17 -2.72025e-17)
(0.801241 -2.80459e-17 -9.82131e-18)
(0.801241 -2.84173e-17 -2.74134e-17)
(0.796462 -2.07607e-17 -1.01995e-17)
(0.796462 -2.59626e-17 -2.70012e-17)
(0.791648 -2.46786e-17 -1.08603e-17)
(0.791648 -1.97623e-17 -2.57897e-17)
(0.786797 -2.28273e-17 -1.08629e-17)
(0.786797 -2.07162e-17 -2.44227e-17)
(0.781909 -2.11769e-17 -1.01135e-17)
(0.781909 -1.8567e-17 -2.40401e-17)
(0.776983 -2.18681e-17 -1.19301e-17)
(0.776983 -1.42067e-17 -2.29951e-17)
(0.772018 -2.23891e-17 -1.24893e-17)
(0.772018 -2.06405e-17 -2.15881e-17)
(0.767012 -1.97548e-17 -1.36837e-17)
(0.767012 -1.84019e-17 -1.95567e-17)
(0.761966 -1.9677e-17 -1.44993e-17)
(0.761966 -2.14549e-17 -1.85316e-17)
(0.756879 -2.17638e-17 -1.50522e-17)
(0.756879 -1.56244e-17 -1.69342e-17)
(0.751748 -1.98715e-17 -1.58581e-17)
(0.751748 -1.16058e-17 -1.56406e-17)
(0.746574 -1.90036e-17 -1.65557e-17)
(0.746574 -2.07305e-17 -1.37318e-17)
(0.741356 -2.04126e-17 -1.6455e-17)
(0.741356 -1.84773e-17 -1.25754e-17)
(0.736092 -1.70747e-17 -1.76145e-17)
(0.736092 -1.71366e-17 -1.07958e-17)
(0.730781 -1.38524e-17 -1.85475e-17)
(0.730781 -2.315e-17 -1.03902e-17)
(0.725423 -1.40933e-17 -1.79002e-17)
(0.725423 -2.05949e-17 -1.01738e-17)
(0.720016 -1.08681e-17 -1.74901e-17)
(0.720016 -2.4253e-17 -9.49656e-18)
(0.714559 -8.89576e-18 -1.6625e-17)
(0.714559 -2.06069e-17 -9.40492e-18)
(0.709052 -6.56992e-18 -1.61038e-17)
(0.709052 -1.83186e-17 -8.6925e-18)
(0.703493 -3.83981e-18 -1.57505e-17)
(0.703493 -1.86338e-17 -9.71614e-18)
(0.69788 -4.30996e-18 -1.55907e-17)
(0.69788 -1.53631e-17 -9.87509e-18)
(0.692214 -3.19886e-18 -1.62818e-17)
(0.692214 -2.15051e-17 -9.63399e-18)
(0.686492 -1.64582e-18 -1.59487e-17)
(0.686492 -1.72769e-17 -8.75009e-18)
(0.680714 -1.83846e-19 -1.64601e-17)
(0.680714 -1.49527e-17 -8.63592e-18)
(0.674878 5.15621e-19 -1.66026e-17)
(0.674878 -1.5895e-17 -8.11074e-18)
(0.668983 2.02809e-18 -1.66855e-17)
(0.668983 -1.24548e-17 -7.92052e-18)
(0.663029 4.7267e-18 -1.66427e-17)
(0.663029 -1.14152e-17 -7.75344e-18)
(0.657014 6.1707e-18 -1.66937e-17)
(0.657014 -7.53987e-18 -8.20606e-18)
(0.650937 6.90004e-18 -1.68658e-17)
(0.650937 -5.26039e-18 -7.65307e-18)
(0.644798 9.04937e-18 -1.68173e-17)
(0.644798 -6.29809e-18 -7.17945e-18)
(0.638594 1.09981e-17 -1.61803e-17)
(0.638594 -6.77827e-18 -7.67074e-18)
(0.632325 8.63541e-18 -1.60126e-17)
(0.632325 -6.09035e-18 -8.21028e-18)
(0.625989 7.14411e-18 -1.62756e-17)
(0.625989 -3.40251e-18 -7.99819e-18)
(0.619587 7.5655e-18 -1.57311e-17)
(0.619587 -5.9524e-18 -7.95618e-18)
(0.613118 7.28511e-18 -1.53032e-17)
(0.613118 -3.29092e-18 -8.05206e-18)
(0.606579 5.78188e-18 -1.4942e-17)
(0.606579 -1.85167e-18 -8.49464e-18)
(0.599972 3.1569e-18 -1.42635e-17)
(0.599972 -4.94231e-18 -8.49663e-18)
(0.593294 1.34879e-18 -1.37767e-17)
(0.593294 -2.86825e-18 -8.08793e-18)
(0.586546 1.35242e-18 -1.28482e-17)
(0.586546 -3.30821e-18 -7.88418e-18)
(0.579728 2.28254e-18 -1.22932e-17)
(0.579728 -4.04586e-18 -7.96959e-18)
(0.572839 9.72849e-19 -1.17402e-17)
(0.572839 -3.27976e-18 -8.46362e-18)
(0.565879 -2.61269e-18 -1.13923e-17)
(0.565879 2.4759e-18 -8.60546e-18)
(0.558848 -3.45763e-18 -1.05088e-17)
(0.558848 -3.25483e-19 -8.38286e-18)
(0.551746 -3.68228e-18 -1.02112e-17)
(0.551746 -1.55634e-18 -8.23726e-18)
(0.544575 -4.5921e-18 -9.8532e-18)
(0.544575 -1.77912e-18 -8.31616e-18)
(0.537334 -6.62669e-18 -9.29351e-18)
(0.537334 -3.05345e-18 -8.16197e-18)
(0.530025 -9.13605e-18 -8.73854e-18)
(0.530025 6.22215e-19 -7.91446e-18)
(0.52265 -1.04371e-17 -8.07249e-18)
(0.52265 1.63235e-18 -7.43277e-18)
(0.515209 -9.4509e-18 -7.83405e-18)
(0.515209 1.32367e-18 -6.96935e-18)
(0.507705 -6.99765e-18 -7.67152e-18)
(0.507705 -2.56599e-18 -6.88211e-18)
(0.500139 -6.04583e-18 -7.15245e-18)
(0.500139 -1.39367e-18 -6.70224e-18)
(0.492516 -5.59434e-18 -6.84615e-18)
(0.492516 -6.97437e-19 -6.68276e-18)
(0.484836 -5.40797e-18 -6.65843e-18)
(0.484836 -1.5496e-18 -6.74072e-18)
(0.477104 -6.01335e-18 -6.40898e-18)
(0.477104 -1.9287e-18 -6.71522e-18)
(0.469324 -5.95729e-18 -6.18077e-18)
(0.469324 -1.42493e-18 -6.48612e-18)
(0.4615 -5.16493e-18 -5.83429e-18)
(0.4615 -2.35244e-18 -6.41584e-18)
(0.453635 -5.03896e-18 -5.61726e-18)
(0.453635 -1.06327e-18 -6.3458e-18)
(0.445735 -6.11378e-18 -5.36134e-18)
(0.445735 -1.3053e-18 -6.29969e-18)
(0.437805 -5.5626e-18 -5.12425e-18)
(0.437805 -1.89336e-18 -6.10302e-18)
(0.429851 -4.36866e-18 -4.91402e-18)
(0.429851 -7.5974e-19 -6.01941e-18)
(0.421878 -4.56741e-18 -4.77402e-18)
(0.421878 -1.14128e-18 -5.94283e-18)
(0.413892 -3.41955e-18 -4.55059e-18)
(0.413892 -2.76842e-18 -5.87548e-18)
(0.4059 -2.40607e-18 -4.34765e-18)
(0.4059 -2.98004e-18 -5.87409e-18)
(0.397908 -2.89832e-18 -4.19386e-18)
(0.397908 -3.29193e-18 -5.84225e-18)
(0.389923 -2.44592e-18 -4.04066e-18)
(0.389923 -2.86736e-18 -5.75631e-18)
(0.381952 -1.962e-18 -3.92483e-18)
(0.381952 -2.78787e-18 -5.7164e-18)
(0.374002 -2.40669e-18 -3.78004e-18)
(0.374002 -2.92837e-18 -5.72231e-18)
(0.366078 -2.53922e-18 -3.67102e-18)
(0.366078 -2.63164e-18 -5.65411e-18)
(0.358189 -2.31661e-18 -3.60539e-18)
(0.358189 -2.62458e-18 -5.60086e-18)
(0.35034 -2.25308e-18 -3.51996e-18)
(0.35034 -2.47708e-18 -5.50954e-18)
(0.342537 -2.28736e-18 -3.41782e-18)
(0.342537 -2.64406e-18 -5.41982e-18)
(0.334788 -2.4439e-18 -3.3402e-18)
(0.334788 -2.45073e-18 -5.38182e-18)
(0.327097 -2.22565e-18 -3.22662e-18)
(0.327097 -2.95708e-18 -5.30408e-18)
(0.319471 -2.20086e-18 -3.08473e-18)
(0.319471 -3.29431e-18 -5.20974e-18)
(0.311914 -1.74709e-18 -2.94384e-18)
(0.311914 -2.96724e-18 -5.08353e-18)
(0.304431 -1.06488e-18 -2.90942e-18)
(0.304431 -3.00123e-18 -4.97678e-18)
(0.297026 -1.49855e-19 -2.92821e-18)
(0.297026 -3.00773e-18 -4.94671e-18)
(0.289704 -2.812e-19 -2.86875e-18)
(0.289704 -2.37369e-18 -4.9479e-18)
(0.282468 -4.26824e-19 -2.82973e-18)
(0.282468 -2.05093e-18 -4.85507e-18)
(0.275321 -1.40006e-18 -2.76718e-18)
(0.275321 -1.26915e-18 -4.74374e-18)
(0.268266 -1.27371e-18 -2.71551e-18)
(0.268266 -1.44689e-18 -4.57824e-18)
(0.261305 -1.23535e-18 -2.6497e-18)
(0.261305 -1.5859e-18 -4.46569e-18)
(0.25444 -1.04424e-18 -2.60357e-18)
(0.25444 -1.56657e-18 -4.32949e-18)
(0.247672 -8.72899e-19 -2.56019e-18)
(0.247672 -1.48035e-18 -4.2059e-18)
(0.241004 -1.08457e-18 -2.47952e-18)
(0.241004 -9.04448e-19 -4.09805e-18)
(0.234435 -1.05535e-18 -2.38712e-18)
(0.234435 -1.22831e-18 -3.9657e-18)
(0.227966 -8.9388e-19 -2.31516e-18)
(0.227966 -1.19733e-18 -3.84665e-18)
(0.221599 -6.68613e-19 -2.2494e-18)
(0.221599 -1.09353e-18 -3.74645e-18)
(0.215332 -8.06852e-19 -2.16996e-18)
(0.215332 -9.6559e-19 -3.64289e-18)
(0.209166 -7.18967e-19 -2.08431e-18)
(0.209166 -1.08201e-18 -3.53669e-18)
(0.2031 -7.92499e-19 -2.0079e-18)
(0.2031 -1.24652e-18 -3.4189e-18)
(0.197135 -6.61384e-19 -1.95993e-18)
(0.197135 -1.13487e-18 -3.3318e-18)
(0.191269 -9.29538e-19 -1.90782e-18)
(0.191269 -1.22574e-18 -3.25745e-18)
(0.185501 -7.04765e-19 -1.84557e-18)
(0.185501 -3.89129e-19 -3.15982e-18)
(0.179832 -6.97525e-19 -1.77239e-18)
(0.179832 -1.15481e-18 -3.05205e-18)
(0.174259 -4.71154e-19 -1.70069e-18)
(0.174259 -9.56391e-19 -2.93258e-18)
(0.168782 -2.56786e-19 -1.63809e-18)
(0.168782 -8.9822e-19 -2.82472e-18)
(0.1634 -2.75012e-19 -1.58218e-18)
(0.1634 -1.01387e-18 -2.74729e-18)
(0.158111 1.21316e-19 -1.53942e-18)
(0.158111 -6.49388e-19 -2.66377e-18)
(0.152914 4.9355e-20 -1.48274e-18)
(0.152914 -4.12236e-19 -2.58544e-18)
(0.147809 -1.63003e-19 -1.42797e-18)
(0.147809 -3.44165e-19 -2.49534e-18)
(0.142793 -2.88953e-19 -1.38114e-18)
(0.142793 -2.75581e-19 -2.40504e-18)
(0.137866 -2.33847e-19 -1.33275e-18)
(0.137866 -4.10643e-19 -2.32034e-18)
(0.133025 -1.26784e-19 -1.28513e-18)
(0.133025 -4.18083e-19 -2.24496e-18)
(0.128271 -4.51639e-20 -1.23628e-18)
(0.128271 -3.99223e-19 -2.17542e-18)
(0.123601 -3.1506e-20 -1.18773e-18)
(0.123601 -2.53483e-19 -2.10211e-18)
(0.119013 -2.69229e-20 -1.14358e-18)
(0.119013 -2.88746e-19 -2.02773e-18)
(0.114508 -3.10522e-20 -1.10363e-18)
(0.114508 -2.64681e-19 -1.96111e-18)
(0.110083 -2.03116e-19 -1.06099e-18)
(0.110083 -2.09952e-19 -1.89753e-18)
(0.105737 -1.30398e-19 -1.02039e-18)
(0.105737 -2.19471e-19 -1.82971e-18)
(0.101468 -6.5571e-20 -9.8271e-19)
(0.101468 -2.15444e-19 -1.76398e-18)
(0.0972762 -1.64082e-19 -9.43323e-19)
(0.0972762 -1.20303e-19 -1.70378e-18)
(0.0931592 -1.39793e-19 -9.08e-19)
(0.0931592 -4.89705e-20 -1.64024e-18)
(0.0891161 -6.5837e-20 -8.74237e-19)
(0.0891161 -1.05486e-19 -1.57968e-18)
(0.0851455 -8.7167e-20 -8.42736e-19)
(0.0851455 -7.66404e-20 -1.52151e-18)
(0.0812462 -4.27716e-20 -8.12261e-19)
(0.0812462 1.58194e-20 -1.46563e-18)
(0.0774169 -4.83065e-20 -7.85008e-19)
(0.0774169 -6.41663e-20 -1.41258e-18)
(0.0736564 -9.57743e-21 -7.58477e-19)
(0.0736564 -9.85624e-20 -1.36081e-18)
(0.0699636 -3.13438e-20 -7.32781e-19)
(0.0699636 -8.50067e-20 -1.30886e-18)
(0.0663373 -7.01299e-20 -7.06716e-19)
(0.0663373 -2.27488e-20 -1.2594e-18)
(0.0627762 -9.16874e-20 -6.82912e-19)
(0.0627762 1.46858e-20 -1.21182e-18)
(0.0592793 -5.65255e-20 -6.58732e-19)
(0.0592793 -8.5444e-20 -1.16702e-18)
(0.0558453 -4.02616e-20 -6.34459e-19)
(0.0558453 -6.11495e-20 -1.12317e-18)
(0.0524733 -4.10345e-20 -6.11581e-19)
(0.0524733 -1.67617e-20 -1.08063e-18)
(0.0491621 -5.39675e-20 -5.89571e-19)
(0.0491621 1.32588e-20 -1.04162e-18)
(0.0459107 -4.32044e-20 -5.67895e-19)
(0.0459107 -2.3158e-20 -1.00346e-18)
(0.0427179 -9.6745e-20 -5.47151e-19)
(0.0427179 -1.36126e-22 -9.65282e-19)
(0.0395828 -9.65437e-20 -5.26192e-19)
(0.0395828 -6.19303e-21 -9.29147e-19)
(0.0365042 -8.2691e-20 -5.0627e-19)
(0.0365042 8.17097e-21 -8.9549e-19)
(0.0334814 -7.38296e-20 -4.87627e-19)
(0.0334814 2.12649e-20 -8.62499e-19)
(0.0305131 -6.52321e-20 -4.69448e-19)
(0.0305131 2.30476e-20 -8.30608e-19)
(0.0275985 -3.61031e-20 -4.51502e-19)
(0.0275985 3.09603e-20 -8.00327e-19)
(0.0247367 -5.83103e-20 -4.35202e-19)
(0.0247367 1.83031e-20 -7.70466e-19)
(0.0219266 -4.94198e-20 -4.1895e-19)
(0.0219266 1.61836e-20 -7.42425e-19)
(0.0191674 -4.02112e-20 -4.03283e-19)
(0.0191674 -3.3893e-21 -7.15303e-19)
(0.0164581 -1.68795e-20 -3.8826e-19)
(0.0164581 1.66374e-21 -6.88952e-19)
(0.0137979 -7.90251e-22 -3.74045e-19)
(0.0137979 1.63336e-20 -6.64202e-19)
(0.0111859 -4.85741e-21 -3.60371e-19)
(0.0111859 7.11536e-21 -6.40232e-19)
(0.00862122 -1.00935e-20 -3.47288e-19)
(0.00862122 3.7118e-21 -6.16873e-19)
(0.00610304 -5.10704e-21 -3.34608e-19)
(0.00610304 2.68892e-21 -5.94252e-19)
(0.00363052 -2.6523e-21 -3.22309e-19)
(0.00363052 2.4426e-21 -5.72633e-19)
(0.00120284 3.99361e-22 -2.68748e-20)
(0.00120284 3.38614e-22 -1.44131e-19)
)
;

boundaryField
{
    walls
    {
        type            fixedValue;
        value           uniform (0 0 0);
    }
    inlet
    {
        type            cyclic;
    }
    outlet
    {
        type            cyclic;
    }
    sides
    {
        type            empty;
    }
}


// ************************************************************************* //
