/*--------------------------------*- C++ -*----------------------------------*\
| =========                 |                                                 |
| \\      /  F ield         | OpenFOAM: The Open Source CFD Toolbox           |
|  \\    /   O peration     | Version:  2106                                  |
|   \\  /    A nd           | Website:  www.openfoam.com                      |
|    \\/     M anipulation  |                                                 |
\*---------------------------------------------------------------------------*/
FoamFile
{
    version     2.0;
    format      ascii;
    arch        "LSB;label=32;scalar=64";
    class       volScalarField;
    location    "10070";
    object      T;
}
// * * * * * * * * * * * * * * * * * * * * * * * * * * * * * * * * * * * * * //

dimensions      [0 0 0 1 0 0 0];

internalField   nonuniform List<scalar> 
2000
(
0.0260194
0.0260194
0.0785439
0.0785439
0.132049
0.132049
0.186552
0.186552
0.242073
0.242073
0.29863
0.29863
0.356242
0.356242
0.41493
0.41493
0.474712
0.474712
0.53561
0.53561
0.597644
0.597644
0.660834
0.660834
0.725203
0.725203
0.790772
0.790772
0.857563
0.857563
0.925597
0.925597
0.994898
0.994898
1.06549
1.06549
1.13739
1.13739
1.21062
1.21062
1.28521
1.28521
1.36118
1.36118
1.43854
1.43854
1.51733
1.51733
1.59755
1.59755
1.67923
1.67923
1.76239
1.76239
1.84703
1.84703
1.93317
1.93317
2.02082
2.02082
2.10998
2.10998
2.20065
2.20065
2.29283
2.29283
2.38651
2.38651
2.48167
2.48167
2.57828
2.57828
2.67632
2.67632
2.77573
2.77573
2.87648
2.87648
2.97849
2.97849
3.08169
3.08169
3.18602
3.18602
3.29137
3.29137
3.39764
3.39764
3.50474
3.50474
3.61254
3.61254
3.72092
3.72092
3.82976
3.82976
3.93893
3.93893
4.0483
4.0483
4.15773
4.15773
4.26711
4.26711
4.3763
4.3763
4.48519
4.48519
4.59367
4.59367
4.70162
4.70162
4.80896
4.80896
4.91559
4.91559
5.02143
5.02143
5.12641
5.12641
5.23048
5.23048
5.33356
5.33356
5.43563
5.43563
5.53664
5.53664
5.63656
5.63656
5.73536
5.73536
5.83304
5.83304
5.92958
5.92958
6.02496
6.02496
6.1192
6.1192
6.21229
6.21229
6.30424
6.30424
6.39506
6.39506
6.48475
6.48475
6.57333
6.57333
6.66082
6.66082
6.74723
6.74723
6.83259
6.83259
6.91691
6.91691
7.0002
7.0002
7.0825
7.0825
7.16382
7.16382
7.24419
7.24419
7.32362
7.32362
7.40214
7.40214
7.47978
7.47978
7.55654
7.55654
7.63245
7.63245
7.70754
7.70754
7.78183
7.78183
7.85533
7.85533
7.92807
7.92807
8.00007
8.00007
8.07134
8.07134
8.1419
8.1419
8.21178
8.21178
8.28099
8.28099
8.34955
8.34955
8.41748
8.41748
8.48479
8.48479
8.55151
8.55151
8.61763
8.61763
8.68319
8.68319
8.7482
8.7482
8.81267
8.81267
8.87662
8.87662
8.94006
8.94006
9.003
9.003
9.06545
9.06545
9.12744
9.12744
9.18897
9.18897
9.25005
9.25005
9.3107
9.3107
9.37093
9.37093
9.43074
9.43074
9.49015
9.49015
9.54918
9.54918
9.60782
9.60782
9.66609
9.66609
9.724
9.724
9.78156
9.78156
9.83878
9.83878
9.89566
9.89566
9.95221
9.95221
10.0084
10.0084
10.0644
10.0644
10.12
10.12
10.1753
10.1753
10.2304
10.2304
10.2851
10.2851
10.3396
10.3396
10.3939
10.3939
10.4478
10.4478
10.5015
10.5015
10.555
10.555
10.6082
10.6082
10.6612
10.6612
10.7139
10.7139
10.7665
10.7665
10.8188
10.8188
10.8709
10.8709
10.9228
10.9228
10.9744
10.9744
11.0259
11.0259
11.0772
11.0772
11.1283
11.1283
11.1792
11.1792
11.2299
11.2299
11.2804
11.2804
11.3308
11.3308
11.381
11.381
11.431
11.431
11.4809
11.4809
11.5305
11.5305
11.5801
11.5801
11.6294
11.6294
11.6787
11.6787
11.7277
11.7277
11.7767
11.7767
11.8254
11.8254
11.8741
11.8741
11.9225
11.9225
11.9709
11.9709
12.0191
12.0191
12.0672
12.0672
12.1151
12.1151
12.1629
12.1629
12.2106
12.2106
12.2582
12.2582
12.3056
12.3056
12.3529
12.3529
12.4
12.4
12.4471
12.4471
12.494
12.494
12.5408
12.5408
12.5875
12.5875
12.634
12.634
12.6804
12.6804
12.7267
12.7267
12.7729
12.7729
12.8189
12.8189
12.8649
12.8649
12.9107
12.9107
12.9563
12.9563
13.0019
13.0019
13.0473
13.0473
13.0926
13.0926
13.1377
13.1377
13.1827
13.1827
13.2276
13.2276
13.2723
13.2723
13.3169
13.3169
13.3614
13.3614
13.4057
13.4057
13.4498
13.4498
13.4938
13.4938
13.5377
13.5377
13.5813
13.5813
13.6248
13.6248
13.6682
13.6682
13.7113
13.7113
13.7543
13.7543
13.7971
13.7971
13.8396
13.8396
13.882
13.882
13.9242
13.9242
13.9661
13.9661
14.0078
14.0078
14.0493
14.0493
14.0905
14.0905
14.1315
14.1315
14.1722
14.1722
14.2126
14.2126
14.2527
14.2527
14.2925
14.2925
14.332
14.332
14.3711
14.3711
14.4099
14.4099
14.4483
14.4483
14.4863
14.4863
14.5239
14.5239
14.5611
14.5611
14.5978
14.5978
14.634
14.634
14.6697
14.6697
14.7049
14.7049
14.7395
14.7395
14.7735
14.7735
14.8068
14.8068
14.8394
14.8394
14.8714
14.8714
14.9025
14.9025
14.9328
14.9328
14.9623
14.9623
14.9908
14.9908
15.0183
15.0183
15.0447
15.0447
15.0699
15.0699
15.094
15.094
15.1167
15.1167
15.1379
15.1379
15.1577
15.1577
15.1758
15.1758
15.1921
15.1921
15.2066
15.2066
15.219
15.219
15.2292
15.2292
15.2371
15.2371
15.2426
15.2426
15.2453
15.2453
0.0260194
0.0260194
0.0785439
0.0785439
0.132049
0.132049
0.186552
0.186552
0.242073
0.242073
0.29863
0.29863
0.356242
0.356242
0.41493
0.41493
0.474712
0.474712
0.53561
0.53561
0.597644
0.597644
0.660834
0.660834
0.725203
0.725203
0.790772
0.790772
0.857563
0.857563
0.925597
0.925597
0.994898
0.994898
1.06549
1.06549
1.13739
1.13739
1.21062
1.21062
1.28521
1.28521
1.36118
1.36118
1.43854
1.43854
1.51733
1.51733
1.59755
1.59755
1.67923
1.67923
1.76239
1.76239
1.84703
1.84703
1.93317
1.93317
2.02082
2.02082
2.10998
2.10998
2.20065
2.20065
2.29283
2.29283
2.38651
2.38651
2.48167
2.48167
2.57828
2.57828
2.67632
2.67632
2.77573
2.77573
2.87648
2.87648
2.97849
2.97849
3.08169
3.08169
3.18602
3.18602
3.29137
3.29137
3.39764
3.39764
3.50474
3.50474
3.61254
3.61254
3.72092
3.72092
3.82976
3.82976
3.93893
3.93893
4.0483
4.0483
4.15773
4.15773
4.26711
4.26711
4.3763
4.3763
4.48519
4.48519
4.59367
4.59367
4.70162
4.70162
4.80896
4.80896
4.91559
4.91559
5.02143
5.02143
5.12641
5.12641
5.23048
5.23048
5.33356
5.33356
5.43563
5.43563
5.53664
5.53664
5.63656
5.63656
5.73536
5.73536
5.83304
5.83304
5.92958
5.92958
6.02496
6.02496
6.1192
6.1192
6.21229
6.21229
6.30424
6.30424
6.39506
6.39506
6.48475
6.48475
6.57333
6.57333
6.66082
6.66082
6.74723
6.74723
6.83259
6.83259
6.91691
6.91691
7.0002
7.0002
7.0825
7.0825
7.16382
7.16382
7.24419
7.24419
7.32362
7.32362
7.40214
7.40214
7.47978
7.47978
7.55654
7.55654
7.63245
7.63245
7.70754
7.70754
7.78183
7.78183
7.85533
7.85533
7.92807
7.92807
8.00007
8.00007
8.07134
8.07134
8.1419
8.1419
8.21178
8.21178
8.28099
8.28099
8.34955
8.34955
8.41748
8.41748
8.48479
8.48479
8.55151
8.55151
8.61763
8.61763
8.68319
8.68319
8.7482
8.7482
8.81267
8.81267
8.87662
8.87662
8.94006
8.94006
9.003
9.003
9.06545
9.06545
9.12744
9.12744
9.18897
9.18897
9.25005
9.25005
9.3107
9.3107
9.37093
9.37093
9.43074
9.43074
9.49015
9.49015
9.54918
9.54918
9.60782
9.60782
9.66609
9.66609
9.724
9.724
9.78156
9.78156
9.83878
9.83878
9.89566
9.89566
9.95221
9.95221
10.0084
10.0084
10.0644
10.0644
10.12
10.12
10.1753
10.1753
10.2304
10.2304
10.2851
10.2851
10.3396
10.3396
10.3939
10.3939
10.4478
10.4478
10.5015
10.5015
10.555
10.555
10.6082
10.6082
10.6612
10.6612
10.7139
10.7139
10.7665
10.7665
10.8188
10.8188
10.8709
10.8709
10.9228
10.9228
10.9744
10.9744
11.0259
11.0259
11.0772
11.0772
11.1283
11.1283
11.1792
11.1792
11.2299
11.2299
11.2804
11.2804
11.3308
11.3308
11.381
11.381
11.431
11.431
11.4809
11.4809
11.5305
11.5305
11.5801
11.5801
11.6294
11.6294
11.6787
11.6787
11.7277
11.7277
11.7767
11.7767
11.8254
11.8254
11.8741
11.8741
11.9225
11.9225
11.9709
11.9709
12.0191
12.0191
12.0672
12.0672
12.1151
12.1151
12.1629
12.1629
12.2106
12.2106
12.2582
12.2582
12.3056
12.3056
12.3529
12.3529
12.4
12.4
12.4471
12.4471
12.494
12.494
12.5408
12.5408
12.5875
12.5875
12.634
12.634
12.6804
12.6804
12.7267
12.7267
12.7729
12.7729
12.8189
12.8189
12.8649
12.8649
12.9107
12.9107
12.9563
12.9563
13.0019
13.0019
13.0473
13.0473
13.0926
13.0926
13.1377
13.1377
13.1827
13.1827
13.2276
13.2276
13.2723
13.2723
13.3169
13.3169
13.3614
13.3614
13.4057
13.4057
13.4498
13.4498
13.4938
13.4938
13.5377
13.5377
13.5813
13.5813
13.6248
13.6248
13.6682
13.6682
13.7113
13.7113
13.7543
13.7543
13.7971
13.7971
13.8396
13.8396
13.882
13.882
13.9242
13.9242
13.9661
13.9661
14.0078
14.0078
14.0493
14.0493
14.0905
14.0905
14.1315
14.1315
14.1722
14.1722
14.2126
14.2126
14.2527
14.2527
14.2925
14.2925
14.332
14.332
14.3711
14.3711
14.4099
14.4099
14.4483
14.4483
14.4863
14.4863
14.5239
14.5239
14.5611
14.5611
14.5978
14.5978
14.634
14.634
14.6697
14.6697
14.7049
14.7049
14.7395
14.7395
14.7735
14.7735
14.8068
14.8068
14.8394
14.8394
14.8714
14.8714
14.9025
14.9025
14.9328
14.9328
14.9623
14.9623
14.9908
14.9908
15.0183
15.0183
15.0447
15.0447
15.0699
15.0699
15.094
15.094
15.1167
15.1167
15.1379
15.1379
15.1577
15.1577
15.1758
15.1758
15.1921
15.1921
15.2066
15.2066
15.219
15.219
15.2292
15.2292
15.2371
15.2371
15.2426
15.2426
15.2453
15.2453
15.2453
15.2453
15.2426
15.2426
15.2371
15.2371
15.2292
15.2292
15.219
15.219
15.2066
15.2066
15.1921
15.1921
15.1758
15.1758
15.1577
15.1577
15.1379
15.1379
15.1167
15.1167
15.094
15.094
15.0699
15.0699
15.0447
15.0447
15.0183
15.0183
14.9908
14.9908
14.9623
14.9623
14.9328
14.9328
14.9025
14.9025
14.8714
14.8714
14.8394
14.8394
14.8068
14.8068
14.7735
14.7735
14.7395
14.7395
14.7049
14.7049
14.6697
14.6697
14.634
14.634
14.5978
14.5978
14.5611
14.5611
14.5239
14.5239
14.4863
14.4863
14.4483
14.4483
14.4099
14.4099
14.3711
14.3711
14.332
14.332
14.2925
14.2925
14.2527
14.2527
14.2126
14.2126
14.1722
14.1722
14.1315
14.1315
14.0905
14.0905
14.0493
14.0493
14.0078
14.0078
13.9661
13.9661
13.9242
13.9242
13.882
13.882
13.8396
13.8396
13.7971
13.7971
13.7543
13.7543
13.7113
13.7113
13.6682
13.6682
13.6248
13.6248
13.5813
13.5813
13.5377
13.5377
13.4938
13.4938
13.4498
13.4498
13.4057
13.4057
13.3614
13.3614
13.3169
13.3169
13.2723
13.2723
13.2276
13.2276
13.1827
13.1827
13.1377
13.1377
13.0926
13.0926
13.0473
13.0473
13.0019
13.0019
12.9563
12.9563
12.9107
12.9107
12.8649
12.8649
12.8189
12.8189
12.7729
12.7729
12.7267
12.7267
12.6804
12.6804
12.634
12.634
12.5875
12.5875
12.5408
12.5408
12.494
12.494
12.4471
12.4471
12.4
12.4
12.3529
12.3529
12.3056
12.3056
12.2582
12.2582
12.2106
12.2106
12.1629
12.1629
12.1151
12.1151
12.0672
12.0672
12.0191
12.0191
11.9709
11.9709
11.9225
11.9225
11.8741
11.8741
11.8254
11.8254
11.7767
11.7767
11.7277
11.7277
11.6787
11.6787
11.6294
11.6294
11.5801
11.5801
11.5305
11.5305
11.4809
11.4809
11.431
11.431
11.381
11.381
11.3308
11.3308
11.2804
11.2804
11.2299
11.2299
11.1792
11.1792
11.1283
11.1283
11.0772
11.0772
11.0259
11.0259
10.9744
10.9744
10.9228
10.9228
10.8709
10.8709
10.8188
10.8188
10.7665
10.7665
10.7139
10.7139
10.6612
10.6612
10.6082
10.6082
10.555
10.555
10.5015
10.5015
10.4478
10.4478
10.3939
10.3939
10.3396
10.3396
10.2851
10.2851
10.2304
10.2304
10.1753
10.1753
10.12
10.12
10.0644
10.0644
10.0084
10.0084
9.95221
9.95221
9.89566
9.89566
9.83878
9.83878
9.78156
9.78156
9.724
9.724
9.66609
9.66609
9.60782
9.60782
9.54918
9.54918
9.49015
9.49015
9.43074
9.43074
9.37093
9.37093
9.3107
9.3107
9.25005
9.25005
9.18897
9.18897
9.12744
9.12744
9.06545
9.06545
9.003
9.003
8.94006
8.94006
8.87662
8.87662
8.81267
8.81267
8.7482
8.7482
8.68319
8.68319
8.61763
8.61763
8.55151
8.55151
8.48479
8.48479
8.41748
8.41748
8.34955
8.34955
8.28099
8.28099
8.21178
8.21178
8.1419
8.1419
8.07134
8.07134
8.00007
8.00007
7.92807
7.92807
7.85533
7.85533
7.78183
7.78183
7.70754
7.70754
7.63245
7.63245
7.55654
7.55654
7.47977
7.47977
7.40214
7.40214
7.32362
7.32362
7.24419
7.24419
7.16382
7.16382
7.0825
7.0825
7.0002
7.0002
6.91691
6.91691
6.83259
6.83259
6.74723
6.74723
6.66082
6.66082
6.57333
6.57333
6.48475
6.48475
6.39506
6.39506
6.30424
6.30424
6.21229
6.21229
6.1192
6.1192
6.02496
6.02496
5.92958
5.92958
5.83304
5.83304
5.73536
5.73536
5.63656
5.63656
5.53664
5.53664
5.43563
5.43563
5.33356
5.33356
5.23048
5.23048
5.12641
5.12641
5.02143
5.02143
4.91559
4.91559
4.80896
4.80896
4.70162
4.70162
4.59367
4.59367
4.48519
4.48519
4.3763
4.3763
4.26711
4.26711
4.15773
4.15773
4.0483
4.0483
3.93893
3.93893
3.82976
3.82976
3.72092
3.72092
3.61254
3.61254
3.50474
3.50474
3.39764
3.39764
3.29137
3.29137
3.18602
3.18602
3.08169
3.08169
2.97849
2.97849
2.87648
2.87648
2.77573
2.77573
2.67632
2.67632
2.57828
2.57828
2.48167
2.48167
2.38651
2.38651
2.29283
2.29283
2.20065
2.20065
2.10998
2.10998
2.02082
2.02082
1.93317
1.93317
1.84703
1.84703
1.76238
1.76238
1.67923
1.67923
1.59755
1.59755
1.51733
1.51733
1.43854
1.43854
1.36118
1.36118
1.28521
1.28521
1.21062
1.21062
1.13739
1.13739
1.06549
1.06549
0.994898
0.994898
0.925597
0.925597
0.857563
0.857563
0.790772
0.790772
0.725204
0.725204
0.660835
0.660835
0.597644
0.597644
0.53561
0.53561
0.474712
0.474712
0.41493
0.41493
0.356243
0.356243
0.29863
0.29863
0.242073
0.242073
0.186552
0.186552
0.132049
0.132049
0.078544
0.078544
0.0260195
0.0260195
15.2453
15.2453
15.2426
15.2426
15.2371
15.2371
15.2292
15.2292
15.219
15.219
15.2066
15.2066
15.1921
15.1921
15.1758
15.1758
15.1577
15.1577
15.1379
15.1379
15.1167
15.1167
15.094
15.094
15.0699
15.0699
15.0447
15.0447
15.0183
15.0183
14.9908
14.9908
14.9623
14.9623
14.9328
14.9328
14.9025
14.9025
14.8714
14.8714
14.8394
14.8394
14.8068
14.8068
14.7735
14.7735
14.7395
14.7395
14.7049
14.7049
14.6697
14.6697
14.634
14.634
14.5978
14.5978
14.5611
14.5611
14.5239
14.5239
14.4863
14.4863
14.4483
14.4483
14.4099
14.4099
14.3711
14.3711
14.332
14.332
14.2925
14.2925
14.2527
14.2527
14.2126
14.2126
14.1722
14.1722
14.1315
14.1315
14.0905
14.0905
14.0493
14.0493
14.0078
14.0078
13.9661
13.9661
13.9242
13.9242
13.882
13.882
13.8396
13.8396
13.7971
13.7971
13.7543
13.7543
13.7113
13.7113
13.6682
13.6682
13.6248
13.6248
13.5813
13.5813
13.5377
13.5377
13.4938
13.4938
13.4498
13.4498
13.4057
13.4057
13.3614
13.3614
13.3169
13.3169
13.2723
13.2723
13.2276
13.2276
13.1827
13.1827
13.1377
13.1377
13.0926
13.0926
13.0473
13.0473
13.0019
13.0019
12.9563
12.9563
12.9107
12.9107
12.8649
12.8649
12.8189
12.8189
12.7729
12.7729
12.7267
12.7267
12.6804
12.6804
12.634
12.634
12.5875
12.5875
12.5408
12.5408
12.494
12.494
12.4471
12.4471
12.4
12.4
12.3529
12.3529
12.3056
12.3056
12.2582
12.2582
12.2106
12.2106
12.1629
12.1629
12.1151
12.1151
12.0672
12.0672
12.0191
12.0191
11.9709
11.9709
11.9225
11.9225
11.8741
11.8741
11.8254
11.8254
11.7767
11.7767
11.7277
11.7277
11.6787
11.6787
11.6294
11.6294
11.5801
11.5801
11.5305
11.5305
11.4809
11.4809
11.431
11.431
11.381
11.381
11.3308
11.3308
11.2804
11.2804
11.2299
11.2299
11.1792
11.1792
11.1283
11.1283
11.0772
11.0772
11.0259
11.0259
10.9744
10.9744
10.9228
10.9228
10.8709
10.8709
10.8188
10.8188
10.7665
10.7665
10.7139
10.7139
10.6612
10.6612
10.6082
10.6082
10.555
10.555
10.5015
10.5015
10.4478
10.4478
10.3939
10.3939
10.3396
10.3396
10.2851
10.2851
10.2304
10.2304
10.1753
10.1753
10.12
10.12
10.0644
10.0644
10.0084
10.0084
9.95221
9.95221
9.89566
9.89566
9.83878
9.83878
9.78156
9.78156
9.724
9.724
9.66609
9.66609
9.60782
9.60782
9.54918
9.54918
9.49015
9.49015
9.43074
9.43074
9.37093
9.37093
9.3107
9.3107
9.25005
9.25005
9.18897
9.18897
9.12744
9.12744
9.06545
9.06545
9.003
9.003
8.94006
8.94006
8.87662
8.87662
8.81267
8.81267
8.7482
8.7482
8.68319
8.68319
8.61763
8.61763
8.55151
8.55151
8.48479
8.48479
8.41748
8.41748
8.34955
8.34955
8.28099
8.28099
8.21178
8.21178
8.1419
8.1419
8.07134
8.07134
8.00007
8.00007
7.92807
7.92807
7.85533
7.85533
7.78183
7.78183
7.70754
7.70754
7.63245
7.63245
7.55654
7.55654
7.47977
7.47977
7.40214
7.40214
7.32362
7.32362
7.24419
7.24419
7.16382
7.16382
7.0825
7.0825
7.0002
7.0002
6.91691
6.91691
6.83259
6.83259
6.74723
6.74723
6.66082
6.66082
6.57333
6.57333
6.48475
6.48475
6.39506
6.39506
6.30424
6.30424
6.21229
6.21229
6.1192
6.1192
6.02496
6.02496
5.92958
5.92958
5.83304
5.83304
5.73536
5.73536
5.63656
5.63656
5.53664
5.53664
5.43563
5.43563
5.33356
5.33356
5.23048
5.23048
5.12641
5.12641
5.02143
5.02143
4.91559
4.91559
4.80896
4.80896
4.70162
4.70162
4.59367
4.59367
4.48519
4.48519
4.3763
4.3763
4.26711
4.26711
4.15773
4.15773
4.0483
4.0483
3.93893
3.93893
3.82976
3.82976
3.72092
3.72092
3.61254
3.61254
3.50474
3.50474
3.39764
3.39764
3.29137
3.29137
3.18602
3.18602
3.08169
3.08169
2.97849
2.97849
2.87648
2.87648
2.77573
2.77573
2.67632
2.67632
2.57828
2.57828
2.48167
2.48167
2.38651
2.38651
2.29283
2.29283
2.20065
2.20065
2.10998
2.10998
2.02082
2.02082
1.93317
1.93317
1.84703
1.84703
1.76238
1.76238
1.67923
1.67923
1.59755
1.59755
1.51733
1.51733
1.43854
1.43854
1.36118
1.36118
1.28521
1.28521
1.21062
1.21062
1.13739
1.13739
1.06549
1.06549
0.994898
0.994898
0.925597
0.925597
0.857563
0.857563
0.790772
0.790772
0.725204
0.725204
0.660835
0.660835
0.597644
0.597644
0.53561
0.53561
0.474712
0.474712
0.41493
0.41493
0.356243
0.356243
0.29863
0.29863
0.242073
0.242073
0.186552
0.186552
0.132049
0.132049
0.078544
0.078544
0.0260195
0.0260195
)
;

boundaryField
{
    walls
    {
        type            fixedValue;
        value           uniform 0;
    }
    inlet
    {
        type            cyclic;
    }
    outlet
    {
        type            cyclic;
    }
    sides
    {
        type            empty;
    }
}


// ************************************************************************* //
