/*--------------------------------*- C++ -*----------------------------------*\
| =========                 |                                                 |
| \\      /  F ield         | OpenFOAM: The Open Source CFD Toolbox           |
|  \\    /   O peration     | Version:  2106                                  |
|   \\  /    A nd           | Website:  www.openfoam.com                      |
|    \\/     M anipulation  |                                                 |
\*---------------------------------------------------------------------------*/
FoamFile
{
    version     2.0;
    format      ascii;
    arch        "LSB;label=32;scalar=64";
    class       surfaceScalarField;
    location    "10090";
    object      phi;
}
// * * * * * * * * * * * * * * * * * * * * * * * * * * * * * * * * * * * * * //

dimensions      [0 3 -1 0 0 0 0];

oriented        oriented;

internalField   nonuniform List<scalar> 
3996
(
1.11235e-08
-3.66808e-18
-9.46351e-23
-1.879e-22
-5.29391e-24
3.42006e-08
-3.66598e-18
-7.33203e-22
-1.4408e-21
-1.02102e-22
5.85657e-08
-3.66387e-18
-7.42951e-22
-2.7097e-21
-1.07763e-22
8.42749e-08
-3.6617e-18
-7.56942e-22
-3.98589e-21
-1.13641e-22
1.11386e-07
-3.6595e-18
-7.69451e-22
-5.28609e-21
-1.19735e-22
1.39961e-07
-3.65729e-18
-7.80343e-22
-6.57089e-21
-1.26041e-22
1.70061e-07
-3.65513e-18
-7.90645e-22
-7.82668e-21
-1.3256e-22
2.01753e-07
-3.65283e-18
-8.00649e-22
-9.15867e-21
-1.39288e-22
2.35104e-07
-3.65053e-18
-8.10316e-22
-1.04804e-20
-1.46225e-22
2.70185e-07
-3.64824e-18
-8.19579e-22
-1.17316e-20
-1.53369e-22
3.0707e-07
-3.64602e-18
-8.28394e-22
-1.29908e-20
-1.60717e-22
3.45835e-07
-3.64368e-18
-8.36721e-22
-1.43141e-20
-1.68267e-22
3.8656e-07
-3.64137e-18
-8.44526e-22
-1.56179e-20
-1.76013e-22
4.29327e-07
-3.63892e-18
-8.51769e-22
-1.69211e-20
-1.83948e-22
4.74222e-07
-3.63653e-18
-8.58417e-22
-1.82163e-20
-1.92065e-22
5.21335e-07
-3.63431e-18
-8.64424e-22
-1.95987e-20
-2.00356e-22
5.70757e-07
-3.63208e-18
-8.69737e-22
-2.08722e-20
-2.08815e-22
6.22586e-07
-3.62979e-18
-8.74318e-22
-2.20639e-20
-2.17435e-22
6.76921e-07
-3.62743e-18
-8.7812e-22
-2.3213e-20
-2.26208e-22
7.33867e-07
-3.62513e-18
-8.81101e-22
-2.43874e-20
-2.35124e-22
7.93531e-07
-3.62272e-18
-8.83207e-22
-2.56565e-20
-2.44164e-22
8.56025e-07
-3.6202e-18
-8.84392e-22
-2.69556e-20
-2.53307e-22
9.21467e-07
-3.61778e-18
-8.8461e-22
-2.82366e-20
-2.62528e-22
9.89976e-07
-3.61539e-18
-8.83806e-22
-2.93477e-20
-2.71812e-22
1.06168e-06
-3.61317e-18
-8.81932e-22
-3.04188e-20
-2.81133e-22
1.13671e-06
-3.6107e-18
-8.78934e-22
-3.17049e-20
-2.9047e-22
1.2152e-06
-3.60839e-18
-8.74759e-22
-3.29191e-20
-2.99783e-22
1.29728e-06
-3.6059e-18
-8.69327e-22
-3.41736e-20
-3.09054e-22
1.38312e-06
-3.60365e-18
-8.62594e-22
-3.54834e-20
-3.18269e-22
1.47285e-06
-3.60108e-18
-8.54486e-22
-3.6482e-20
-3.27391e-22
1.56664e-06
-3.59923e-18
-8.44966e-22
-3.75346e-20
-3.36399e-22
1.66465e-06
-3.59708e-18
-8.33935e-22
-3.80442e-20
-3.45244e-22
1.76705e-06
-3.59504e-18
-8.21343e-22
-3.89476e-20
-3.53898e-22
1.87401e-06
-3.59304e-18
-8.07144e-22
-3.96981e-20
-3.62299e-22
1.98572e-06
-3.591e-18
-7.91264e-22
-4.07467e-20
-3.70391e-22
2.10237e-06
-3.58897e-18
-7.73659e-22
-4.1016e-20
-3.7809e-22
2.22414e-06
-3.58642e-18
-7.54312e-22
-4.20423e-20
-3.8538e-22
2.35125e-06
-3.58423e-18
-7.33178e-22
-4.30035e-20
-3.92153e-22
2.48391e-06
-3.58228e-18
-7.10213e-22
-4.40653e-20
-3.98336e-22
2.62233e-06
-3.58088e-18
-6.85356e-22
-4.41901e-20
-4.03838e-22
2.76674e-06
-3.57885e-18
-6.58536e-22
-4.44331e-20
-4.08606e-22
2.91737e-06
-3.57733e-18
-6.29743e-22
-4.46887e-20
-4.12552e-22
3.07446e-06
-3.57645e-18
-5.98862e-22
-4.54465e-20
-4.15633e-22
3.23826e-06
-3.57503e-18
-5.65808e-22
-4.57071e-20
-4.17763e-22
3.40903e-06
-3.57352e-18
-5.30524e-22
-4.55673e-20
-4.18907e-22
3.58703e-06
-3.57268e-18
-4.9297e-22
-4.58892e-20
-4.19046e-22
3.77254e-06
-3.57314e-18
-4.53113e-22
-4.59914e-20
-4.18024e-22
3.96583e-06
-3.57083e-18
-4.10764e-22
-4.76983e-20
-4.15691e-22
4.1672e-06
-3.5718e-18
-3.66159e-22
-4.70744e-20
-4.11756e-22
4.37694e-06
-3.57154e-18
-3.19076e-22
-4.73361e-20
-4.06303e-22
4.59537e-06
-3.57259e-18
-2.69597e-22
-4.72187e-20
-3.98947e-22
4.82278e-06
-3.57063e-18
-2.17627e-22
-4.69097e-20
-3.89662e-22
5.05949e-06
-3.57115e-18
-1.63537e-22
-4.69258e-20
-3.78315e-22
5.30584e-06
-3.57046e-18
-1.07136e-22
-4.69801e-20
-3.64679e-22
5.56216e-06
-3.56775e-18
-4.85522e-23
-4.65971e-20
-3.48668e-22
5.82877e-06
-3.56812e-18
1.18991e-23
-4.55941e-20
-3.30224e-22
6.10602e-06
-3.56923e-18
7.44859e-23
-4.48281e-20
-3.09216e-22
6.39426e-06
-3.56923e-18
1.39307e-22
-4.44266e-20
-2.85415e-22
6.69383e-06
-3.57004e-18
2.05957e-22
-4.34421e-20
-2.5868e-22
7.00507e-06
-3.57009e-18
2.7433e-22
-4.35238e-20
-2.28942e-22
7.32835e-06
-3.5703e-18
3.44189e-22
-4.11853e-20
-1.95994e-22
7.66399e-06
-3.5701e-18
4.15547e-22
-4.16272e-20
-1.59993e-22
8.01236e-06
-3.57277e-18
4.88107e-22
-3.93549e-20
-1.20117e-22
8.37378e-06
-3.57782e-18
5.62146e-22
-3.78795e-20
-7.70064e-23
8.7486e-06
-3.58065e-18
6.37722e-22
-3.76587e-20
-3.02462e-23
9.13714e-06
-3.58216e-18
7.14127e-22
-3.41403e-20
2.0416e-23
9.53973e-06
-3.58264e-18
7.91265e-22
-3.5059e-20
7.4252e-23
9.95667e-06
-3.58366e-18
8.68093e-22
-3.26391e-20
1.32668e-22
1.03883e-05
-3.58465e-18
9.44279e-22
-3.37677e-20
1.95082e-22
1.08348e-05
-3.58726e-18
1.01983e-21
-3.316e-20
2.61388e-22
1.12966e-05
-3.58953e-18
1.09464e-21
-3.21568e-20
3.31091e-22
1.17739e-05
-3.59344e-18
1.16776e-21
-3.05474e-20
4.046e-22
1.22669e-05
-3.59392e-18
1.23926e-21
-3.39007e-20
4.82174e-22
1.27759e-05
-3.59552e-18
1.30782e-21
-3.43764e-20
5.64653e-22
1.33011e-05
-3.59774e-18
1.37305e-21
-3.40192e-20
6.51124e-22
1.38428e-05
-3.60094e-18
1.43446e-21
-3.13955e-20
7.41968e-22
1.4401e-05
-3.6071e-18
1.49228e-21
-2.70062e-20
8.34526e-22
1.49761e-05
-3.60644e-18
1.54761e-21
-2.60113e-20
9.28691e-22
1.55682e-05
-3.60688e-18
1.59738e-21
-2.47233e-20
1.02682e-21
1.61774e-05
-3.60834e-18
1.64178e-21
-2.63526e-20
1.12729e-21
1.68041e-05
-3.60193e-18
1.68038e-21
-2.57928e-20
1.22981e-21
1.74482e-05
-3.60613e-18
1.71006e-21
-2.83675e-20
1.33538e-21
1.811e-05
-3.60282e-18
1.73434e-21
-3.09348e-20
1.44486e-21
1.87896e-05
-3.60815e-18
1.74956e-21
-3.12868e-20
1.55648e-21
1.94873e-05
-3.61894e-18
1.75759e-21
-2.58818e-20
1.66916e-21
2.02031e-05
-3.62422e-18
1.75955e-21
-2.49504e-20
1.78178e-21
2.09373e-05
-3.63173e-18
1.75459e-21
-2.22826e-20
1.89332e-21
2.169e-05
-3.64048e-18
1.74454e-21
-2.41374e-20
2.00231e-21
2.24614e-05
-3.63934e-18
1.73069e-21
-2.49776e-20
2.11059e-21
2.32518e-05
-3.64335e-18
1.70972e-21
-2.44103e-20
2.21674e-21
2.40613e-05
-3.6431e-18
1.6827e-21
-2.91547e-20
2.31966e-21
2.48902e-05
-3.64135e-18
1.64945e-21
-3.29392e-20
2.42217e-21
2.57387e-05
-3.63469e-18
1.60756e-21
-3.852e-20
2.52367e-21
2.66071e-05
-3.63214e-18
1.55413e-21
-4.39294e-20
2.62407e-21
2.74956e-05
-3.6293e-18
1.49517e-21
-5.1852e-20
2.72389e-21
2.84045e-05
-3.63298e-18
1.42423e-21
-5.37197e-20
2.82331e-21
2.93341e-05
-3.64311e-18
1.34362e-21
-4.98124e-20
2.92303e-21
3.02847e-05
-3.63927e-18
1.25785e-21
-5.03993e-20
3.01754e-21
3.12567e-05
-3.63904e-18
1.165e-21
-5.29158e-20
3.104e-21
3.22505e-05
-3.62383e-18
1.06324e-21
-6.59957e-20
3.18732e-21
3.32663e-05
-3.62434e-18
9.44313e-22
-7.31787e-20
3.26777e-21
3.43045e-05
-3.6273e-18
8.18571e-22
-8.12649e-20
3.33907e-21
3.53656e-05
-3.61607e-18
6.89061e-22
-9.44431e-20
3.40417e-21
3.645e-05
-3.60803e-18
5.43006e-22
-1.12477e-19
3.46563e-21
3.7558e-05
-3.61082e-18
3.91322e-22
-1.19847e-19
3.51777e-21
3.86902e-05
-3.60975e-18
2.25433e-22
-1.3661e-19
3.55951e-21
3.9847e-05
-3.61164e-18
5.27855e-23
-1.46752e-19
3.59947e-21
4.10289e-05
-3.59907e-18
-1.20978e-22
-1.64461e-19
3.63303e-21
4.22363e-05
-3.60194e-18
-3.03953e-22
-1.74919e-19
3.65795e-21
4.34698e-05
-3.58048e-18
-4.87196e-22
-1.94426e-19
3.67063e-21
4.47299e-05
-3.57446e-18
-6.94498e-22
-2.13516e-19
3.67726e-21
4.60172e-05
-3.56379e-18
-8.92542e-22
-2.26498e-19
3.67994e-21
4.73322e-05
-3.55048e-18
-1.09899e-21
-2.46412e-19
3.6747e-21
4.86754e-05
-3.53407e-18
-1.30394e-21
-2.63225e-19
3.66362e-21
5.00475e-05
-3.51317e-18
-1.52486e-21
-2.79615e-19
3.63596e-21
5.1449e-05
-3.49483e-18
-1.7616e-21
-2.99763e-19
3.5996e-21
5.28807e-05
-3.47568e-18
-2.00385e-21
-3.22066e-19
3.55691e-21
5.4343e-05
-3.44567e-18
-2.25516e-21
-3.4709e-19
3.52322e-21
5.58367e-05
-3.42339e-18
-2.51674e-21
-3.67249e-19
3.48488e-21
5.73624e-05
-3.38406e-18
-2.77563e-21
-3.99023e-19
3.43e-21
5.89208e-05
-3.36558e-18
-3.05688e-21
-4.17424e-19
3.37309e-21
6.05126e-05
-3.34022e-18
-3.33889e-21
-4.3992e-19
3.29679e-21
6.21386e-05
-3.33425e-18
-3.61451e-21
-4.57723e-19
3.20727e-21
6.37993e-05
-3.30762e-18
-3.86593e-21
-4.80137e-19
3.10465e-21
6.54957e-05
-3.27773e-18
-4.0854e-21
-5.06546e-19
2.97901e-21
6.72284e-05
-3.24477e-18
-4.29419e-21
-5.12265e-19
2.83959e-21
6.89983e-05
-3.20522e-18
-4.51677e-21
-5.4384e-19
2.69308e-21
7.08061e-05
-3.15653e-18
-4.75494e-21
-5.69795e-19
2.55939e-21
7.26526e-05
-3.14695e-18
-5.03184e-21
-6.00083e-19
2.39827e-21
7.45387e-05
-3.11823e-18
-5.29099e-21
-6.2498e-19
2.27058e-21
7.64653e-05
-3.08643e-18
-5.53557e-21
-6.50794e-19
2.15784e-21
7.84331e-05
-3.03946e-18
-5.77871e-21
-6.73145e-19
2.01751e-21
8.04431e-05
-3.00873e-18
-6.03794e-21
-7.00478e-19
1.84698e-21
8.24962e-05
-2.96852e-18
-6.26747e-21
-7.25945e-19
1.68636e-21
8.45934e-05
-2.93832e-18
-6.49348e-21
-7.3199e-19
1.56595e-21
8.67354e-05
-2.90197e-18
-6.71908e-21
-7.57603e-19
1.40327e-21
8.89235e-05
-2.85784e-18
-6.91085e-21
-7.8095e-19
1.2165e-21
9.11584e-05
-2.82329e-18
-7.08308e-21
-8.10624e-19
9.9702e-22
9.34412e-05
-2.79062e-18
-7.19715e-21
-8.39334e-19
7.74367e-22
9.5773e-05
-2.7475e-18
-7.36362e-21
-8.57155e-19
5.98129e-22
9.81547e-05
-2.70241e-18
-7.55913e-21
-8.92705e-19
3.68091e-22
0.000100588
-2.67667e-18
-7.76344e-21
-8.96591e-19
1.42551e-22
0.000103072
-2.63699e-18
-7.92137e-21
-9.28635e-19
-1.63375e-22
0.000105611
-2.58621e-18
-7.98342e-21
-9.27301e-19
-4.49868e-22
0.000108203
-2.54164e-18
-8.0485e-21
-9.55797e-19
-8.00421e-22
0.000110851
-2.51348e-18
-8.19084e-21
-9.68862e-19
-1.07044e-21
0.000113556
-2.46711e-18
-8.37382e-21
-9.8785e-19
-1.30159e-21
0.000116319
-2.46332e-18
-8.64932e-21
-9.93717e-19
-1.49041e-21
0.000119141
-2.4621e-18
-8.89242e-21
-9.86904e-19
-1.73382e-21
0.000122024
-2.41656e-18
-9.07298e-21
-9.96988e-19
-1.98375e-21
0.000124968
-2.39837e-18
-9.36999e-21
-9.91353e-19
-2.15187e-21
0.000127975
-2.36313e-18
-9.62115e-21
-1.02539e-18
-2.41141e-21
0.000131047
-2.37384e-18
-9.98653e-21
-1.03826e-18
-2.67136e-21
0.000134184
-2.36295e-18
-1.02264e-20
-1.03299e-18
-2.90016e-21
0.000137388
-2.36489e-18
-1.06593e-20
-1.03739e-18
-3.02904e-21
0.000140661
-2.32763e-18
-1.08195e-20
-1.05971e-18
-3.125e-21
0.000144004
-2.33124e-18
-1.09986e-20
-1.05788e-18
-3.21997e-21
0.000147418
-2.28063e-18
-1.11146e-20
-1.06406e-18
-3.46174e-21
0.000150906
-2.2664e-18
-1.14163e-20
-1.03644e-18
-3.61369e-21
0.000154468
-2.28944e-18
-1.1716e-20
-1.01743e-18
-3.82456e-21
0.000158105
-2.24756e-18
-1.17961e-20
-1.04033e-18
-4.0741e-21
0.000161821
-2.20082e-18
-1.18738e-20
-1.07247e-18
-4.28449e-21
0.000165615
-2.15118e-18
-1.21118e-20
-1.10865e-18
-4.23159e-21
0.000169491
-2.15434e-18
-1.25649e-20
-1.10068e-18
-4.17441e-21
0.000173449
-2.13231e-18
-1.29322e-20
-1.10278e-18
-4.40998e-21
0.000177492
-2.09834e-18
-1.33748e-20
-1.11571e-18
-4.80663e-21
0.00018162
-2.09807e-18
-1.39065e-20
-1.11154e-18
-5.33436e-21
0.000185837
-2.07846e-18
-1.42571e-20
-1.11334e-18
-5.62015e-21
0.000190143
-2.05247e-18
-1.44662e-20
-1.11986e-18
-5.58249e-21
0.000194541
-2.0159e-18
-1.46391e-20
-1.1263e-18
-5.8539e-21
0.000199032
-1.99423e-18
-1.49124e-20
-1.13288e-18
-6.01544e-21
0.000203619
-1.93786e-18
-1.50338e-20
-1.12773e-18
-6.15836e-21
0.000208303
-1.95975e-18
-1.5396e-20
-1.12898e-18
-6.15371e-21
0.000213086
-1.93626e-18
-1.5056e-20
-1.07892e-18
-5.93382e-21
0.000217971
-1.8971e-18
-1.49454e-20
-1.05399e-18
-5.93634e-21
0.000222959
-1.87083e-18
-1.49439e-20
-1.0414e-18
-5.87702e-21
0.000228053
-1.86671e-18
-1.48912e-20
-1.03365e-18
-5.8218e-21
0.000233254
-1.8392e-18
-1.45482e-20
-1.01829e-18
-5.69287e-21
0.000238566
-1.83697e-18
-1.43824e-20
-1.01102e-18
-5.40345e-21
0.00024399
-1.83232e-18
-1.36065e-20
-1.02684e-18
-5.34583e-21
0.000249528
-1.66405e-18
-1.23233e-20
-1.04949e-18
-5.0121e-21
0.000255183
-1.60425e-18
-1.23209e-20
-1.06746e-18
-5.01556e-21
0.000260957
-1.56787e-18
-1.25666e-20
-1.06144e-18
-4.83549e-21
0.000266853
-1.55497e-18
-1.2911e-20
-1.07116e-18
-4.76009e-21
0.000272873
-1.56193e-18
-1.23103e-20
-1.0864e-18
-4.58862e-21
0.000279019
-1.48262e-18
-1.06292e-20
-1.15271e-18
-4.3173e-21
0.000285295
-1.48425e-18
-1.05561e-20
-1.101e-18
-2.66515e-21
0.000291702
-1.47868e-18
-9.62362e-21
-1.10633e-18
-2.68624e-21
0.000298243
-1.45234e-18
-8.61422e-21
-1.13654e-18
-3.90645e-21
0.000304922
-1.42744e-18
-8.2345e-21
-1.12553e-18
-5.43516e-21
0.000311739
-1.37553e-18
-8.23906e-21
-1.21923e-18
-7.57681e-21
0.0003187
-1.40109e-18
-1.05191e-20
-1.26391e-18
-8.70629e-21
0.000325805
-1.38573e-18
-1.15692e-20
-1.28627e-18
-9.42019e-21
0.000333059
-1.37538e-18
-1.25983e-20
-1.27731e-18
-1.07097e-20
0.000340463
-1.40059e-18
-1.48913e-20
-1.41939e-18
-1.31803e-20
0.000348022
-1.36342e-18
-1.67523e-20
-1.39222e-18
-1.39345e-20
0.000355737
-1.34167e-18
-1.90745e-20
-1.44137e-18
-1.40071e-20
0.000363612
-1.30809e-18
-2.14355e-20
-1.46519e-18
-1.44245e-20
0.00037165
-1.30673e-18
-2.42356e-20
-1.34885e-18
-1.34725e-20
0.000379854
-1.34967e-18
-2.60445e-20
-1.283e-18
-1.4532e-20
0.000388227
-1.30735e-18
-2.60011e-20
-1.28871e-18
-1.66407e-20
0.000396773
-1.3524e-18
-2.64278e-20
-1.18728e-18
-1.62091e-20
0.000405494
-1.3347e-18
-2.56122e-20
-1.20409e-18
-1.73169e-20
0.000414394
-1.24323e-18
-2.36791e-20
-1.11667e-18
-1.96191e-20
0.000423476
-1.15662e-18
-2.24356e-20
-1.18444e-18
-2.03521e-20
0.000432743
-1.20394e-18
-2.26747e-20
-1.06417e-18
-1.88855e-20
0.0004422
-1.10137e-18
-2.15004e-20
-1.10844e-18
-2.00901e-20
0.000451849
-1.09414e-18
-2.26327e-20
-1.09222e-18
-2.05595e-20
0.000461693
-1.01513e-18
-2.12303e-20
-1.10514e-18
-2.19881e-20
0.000471737
-9.67207e-19
-2.1642e-20
-9.51688e-19
-2.25504e-20
0.000481984
-9.53978e-19
-2.23462e-20
-9.78463e-19
-2.32413e-20
0.000492436
-9.93625e-19
-2.452e-20
-9.86477e-19
-2.10176e-20
0.000503099
-1.03221e-18
-2.42479e-20
-1.02635e-18
-1.86705e-20
0.000513975
-1.03639e-18
-2.25438e-20
-9.82472e-19
-2.21647e-20
0.000525067
-1.06956e-18
-2.2393e-20
-1.00026e-18
-2.75514e-20
0.00053638
-1.02791e-18
-2.52366e-20
-1.03996e-18
-3.08134e-20
0.000547917
-1.12302e-18
-3.03094e-20
-1.01386e-18
-2.36284e-20
0.000559682
-1.12024e-18
-2.56441e-20
-1.07411e-18
-2.04356e-20
0.000571677
-1.10262e-18
-2.32503e-20
-1.09954e-18
-1.96987e-20
0.000583907
-1.18292e-18
-1.96155e-20
-1.16047e-18
-2.22987e-20
0.000596375
-1.05667e-18
-1.52056e-20
-1.04393e-18
-2.08048e-20
0.000609085
-1.09381e-18
-1.66329e-20
-1.12618e-18
-2.86062e-20
0.000622039
-1.16157e-18
-1.69796e-20
-1.13522e-18
-2.74017e-20
0.000635241
-1.08565e-18
-1.63104e-20
-1.11432e-18
-1.75017e-20
0.000648695
-1.08548e-18
-1.60276e-20
-9.97009e-19
-9.38029e-21
0.000662402
-1.06499e-18
-1.70363e-20
-9.99472e-19
-1.06887e-20
0.000676367
-1.10671e-18
-1.89399e-20
-8.72199e-19
-1.51459e-20
0.000690592
-9.23412e-19
-1.58187e-20
-1.07383e-18
-2.33183e-20
0.00070508
-1.03042e-18
-2.23736e-20
-1.02277e-18
-1.68467e-20
0.000719833
-1.0145e-18
-2.24376e-20
-1.11605e-18
-2.33824e-20
0.000734853
-9.402e-19
-2.39231e-20
-8.98039e-19
-2.34111e-20
0.000750142
-1.04729e-18
-2.20557e-20
-8.91932e-19
-3.4302e-20
0.000765703
-8.92034e-19
-1.10999e-20
-1.01533e-18
-4.01673e-20
0.000781535
-9.96316e-19
-2.12126e-20
-1.03512e-18
-3.88532e-20
0.00079764
-1.07443e-18
-2.67217e-20
-1.04971e-18
-2.74532e-20
0.000814018
-1.04569e-18
-3.06955e-20
-1.04685e-18
-2.49889e-20
0.000830669
-1.09506e-18
-2.91622e-20
-9.93506e-19
-2.37094e-20
0.000847593
-1.06756e-18
-1.25123e-20
-9.86958e-19
-2.45467e-20
0.000864787
-1.15653e-18
-1.03943e-20
-1.23204e-18
-3.2111e-20
0.00088225
-1.09514e-18
-1.62267e-20
-1.24682e-18
-3.29784e-20
0.000899978
-1.08763e-18
-2.45597e-20
-1.16745e-18
-3.40451e-20
0.000917968
-1.1582e-18
-2.77655e-20
-1.21399e-18
-3.40626e-20
0.000936215
-1.0252e-18
-2.42388e-20
-1.21834e-18
-3.68292e-20
0.000954712
-1.08377e-18
-3.48692e-20
-1.03638e-18
-2.19862e-20
0.000973453
-1.16137e-18
-3.74121e-20
-9.05553e-19
-1.28866e-20
0.000992429
-1.0506e-18
-3.54942e-20
-9.13282e-19
-2.07995e-20
0.00101163
-7.47281e-19
-2.70175e-20
-8.85492e-19
-3.88202e-20
0.00103105
-6.66684e-19
-3.27257e-20
-8.26622e-19
-2.68989e-20
0.00105066
-7.88942e-19
-3.75477e-20
-7.85012e-19
-2.30785e-21
0.00107047
-2.38814e-20
-7.87648e-19
3.55281e-21
-6.63742e-19
1.11235e-08
-8.09705e-23
-1.72706e-23
3.42006e-08
-7.05904e-22
-2.14756e-22
5.85657e-08
-1.34262e-21
-4.24931e-22
8.42749e-08
-1.9861e-21
-6.48408e-22
1.11386e-07
-2.66138e-21
-8.74434e-22
1.39961e-07
-3.27756e-21
-1.11558e-21
1.70061e-07
-3.905e-21
-1.3594e-21
2.01753e-07
-4.53809e-21
-1.63481e-21
2.35104e-07
-5.16186e-21
-1.93629e-21
2.70185e-07
-5.90308e-21
-2.20162e-21
3.0707e-07
-6.55259e-21
-2.53019e-21
3.45835e-07
-7.26014e-21
-2.86572e-21
3.8656e-07
-8.03702e-21
-3.12352e-21
4.29327e-07
-8.86959e-21
-3.42227e-21
4.74222e-07
-9.56574e-21
-3.65297e-21
5.21335e-07
-1.00497e-20
-4.06815e-21
5.70757e-07
-1.06815e-20
-4.50474e-21
6.22586e-07
-1.13131e-20
-5.01678e-21
6.76921e-07
-1.19473e-20
-5.53586e-21
7.33867e-07
-1.25426e-20
-6.05682e-21
7.93531e-07
-1.31499e-20
-6.52177e-21
8.56025e-07
-1.37185e-20
-6.82355e-21
9.21467e-07
-1.43393e-20
-7.42537e-21
9.89976e-07
-1.49748e-20
-7.85807e-21
1.06168e-06
-1.5736e-20
-8.27333e-21
1.13671e-06
-1.64421e-20
-8.57013e-21
1.2152e-06
-1.67057e-20
-9.06367e-21
1.29728e-06
-1.71006e-20
-9.95035e-21
1.38312e-06
-1.7315e-20
-1.06961e-20
1.47285e-06
-1.77598e-20
-1.1554e-20
1.56664e-06
-1.80409e-20
-1.24776e-20
1.66465e-06
-1.82766e-20
-1.31692e-20
1.76705e-06
-1.87218e-20
-1.39393e-20
1.87401e-06
-1.89307e-20
-1.46389e-20
1.98572e-06
-1.92593e-20
-1.50651e-20
2.10237e-06
-2.00565e-20
-1.56051e-20
2.22414e-06
-2.02891e-20
-1.60567e-20
2.35125e-06
-2.08647e-20
-1.67035e-20
2.48391e-06
-2.12859e-20
-1.73547e-20
2.62233e-06
-2.17892e-20
-1.71862e-20
2.76674e-06
-2.24846e-20
-1.70159e-20
2.91737e-06
-2.28509e-20
-1.76597e-20
3.07446e-06
-2.34438e-20
-1.8103e-20
3.23826e-06
-2.35792e-20
-1.81908e-20
3.40903e-06
-2.39696e-20
-1.85989e-20
3.58703e-06
-2.52149e-20
-1.90227e-20
3.77254e-06
-2.54275e-20
-1.95293e-20
3.96583e-06
-2.54575e-20
-1.96784e-20
4.1672e-06
-2.56378e-20
-2.03967e-20
4.37694e-06
-2.56807e-20
-1.94397e-20
4.59537e-06
-2.55371e-20
-1.95687e-20
4.82278e-06
-2.57184e-20
-2.02872e-20
5.05949e-06
-2.58874e-20
-2.1199e-20
5.30584e-06
-2.57723e-20
-2.18065e-20
5.56216e-06
-2.60785e-20
-2.24853e-20
5.82877e-06
-2.60774e-20
-2.33756e-20
6.10602e-06
-2.4871e-20
-2.36266e-20
6.39426e-06
-2.48144e-20
-2.40044e-20
6.69383e-06
-2.50495e-20
-2.44237e-20
7.00507e-06
-2.52548e-20
-2.50747e-20
7.32835e-06
-2.45105e-20
-2.5327e-20
7.66399e-06
-2.45239e-20
-2.34224e-20
8.01236e-06
-2.42508e-20
-2.31489e-20
8.37378e-06
-2.44304e-20
-2.10016e-20
8.7486e-06
-2.4683e-20
-2.10725e-20
9.13714e-06
-2.17893e-20
-2.31732e-20
9.53973e-06
-2.22202e-20
-2.11761e-20
9.95667e-06
-2.35878e-20
-2.04215e-20
1.03883e-05
-2.37784e-20
-2.10551e-20
1.08348e-05
-2.33789e-20
-1.99392e-20
1.12966e-05
-2.44859e-20
-1.89696e-20
1.17739e-05
-2.39901e-20
-1.81808e-20
1.22669e-05
-2.43013e-20
-1.62149e-20
1.27759e-05
-2.57275e-20
-1.58685e-20
1.33011e-05
-2.78252e-20
-1.24374e-20
1.38428e-05
-2.7936e-20
-1.48102e-20
1.4401e-05
-2.49036e-20
-1.51907e-20
1.49761e-05
-2.53644e-20
-1.26276e-20
1.55682e-05
-2.42626e-20
-1.26141e-20
1.61774e-05
-2.43395e-20
-1.07953e-20
1.68041e-05
-2.51651e-20
-4.5209e-21
1.74482e-05
-2.26839e-20
1.86499e-21
1.811e-05
-2.47807e-20
4.54443e-21
1.87896e-05
-2.6296e-20
6.5375e-21
1.94873e-05
-2.86369e-20
1.30896e-20
2.02031e-05
-2.71432e-20
1.359e-20
2.09373e-05
-2.16132e-20
1.40519e-20
2.169e-05
-1.62103e-20
1.89312e-20
2.24614e-05
-1.31369e-20
2.10353e-20
2.32518e-05
-1.32667e-20
2.35048e-20
2.40613e-05
-1.06648e-20
2.88848e-20
2.48902e-05
-1.17283e-20
3.29905e-20
2.57387e-05
-1.35761e-20
3.33855e-20
2.66071e-05
-5.10041e-21
3.57028e-20
2.74956e-05
-6.30731e-21
3.95987e-20
2.84045e-05
-5.20585e-21
4.93043e-20
2.93341e-05
-3.40636e-21
5.20567e-20
3.02847e-05
5.99988e-21
4.88581e-20
3.12567e-05
6.29899e-21
5.46775e-20
3.22505e-05
5.09707e-21
5.38097e-20
3.32663e-05
5.59232e-21
5.23309e-20
3.43045e-05
8.4877e-21
5.36378e-20
3.53656e-05
5.80767e-21
5.63043e-20
3.645e-05
1.79451e-20
5.16164e-20
3.7558e-05
5.10793e-21
5.52829e-20
3.86902e-05
5.89065e-21
5.77299e-20
3.9847e-05
8.10728e-21
6.42928e-20
4.10289e-05
8.31233e-21
6.69358e-20
4.22363e-05
4.36028e-21
6.85307e-20
4.34698e-05
-6.24511e-21
6.57914e-20
4.47299e-05
7.10777e-21
7.02926e-20
4.60172e-05
6.39002e-21
7.65833e-20
4.73322e-05
2.1944e-20
7.95546e-20
4.86754e-05
1.8123e-20
7.7604e-20
5.00475e-05
1.91661e-20
8.02927e-20
5.1449e-05
2.69626e-20
7.96176e-20
5.28807e-05
2.34618e-20
9.42218e-20
5.4343e-05
1.79261e-20
9.65609e-20
5.58367e-05
1.48336e-20
9.81034e-20
5.73624e-05
1.49717e-20
1.01421e-19
5.89208e-05
1.82271e-20
1.05453e-19
6.05126e-05
2.87535e-20
1.05358e-19
6.21386e-05
2.37431e-20
1.0338e-19
6.37993e-05
3.92779e-20
9.21011e-20
6.54957e-05
4.33899e-20
8.41458e-20
6.72284e-05
3.54194e-20
9.81022e-20
6.89983e-05
3.40896e-20
1.02203e-19
7.08061e-05
2.74291e-20
9.46327e-20
7.26526e-05
1.85816e-20
1.12096e-19
7.45387e-05
2.77649e-20
1.12677e-19
7.64653e-05
2.81259e-20
1.03659e-19
7.84331e-05
2.4339e-20
1.05215e-19
8.04431e-05
2.33332e-20
1.03897e-19
8.24962e-05
1.20328e-20
1.01819e-19
8.45934e-05
-9.61215e-21
9.05909e-20
8.67354e-05
-5.13109e-21
8.93079e-20
8.89235e-05
7.5754e-22
8.68882e-20
9.11584e-05
2.04086e-20
8.40932e-20
9.34412e-05
-1.29753e-20
1.047e-19
9.5773e-05
-3.13706e-20
1.02508e-19
9.81547e-05
-3.48511e-20
1.01307e-19
0.000100588
-3.49104e-20
8.63571e-20
0.000103072
-9.08767e-21
8.32e-20
0.000105611
-6.35656e-21
7.89091e-20
0.000108203
-2.50002e-20
8.07103e-20
0.000110851
-4.11994e-20
7.74105e-20
0.000113556
-5.10123e-20
7.70649e-20
0.000116319
-5.7665e-20
5.75119e-20
0.000119141
-6.03984e-20
5.05115e-20
0.000122024
-7.85603e-20
4.12944e-20
0.000124968
-6.36271e-20
2.24476e-20
0.000127975
-5.85463e-20
1.55006e-20
0.000131047
-3.84731e-20
2.97409e-20
0.000134184
-8.32447e-20
5.48616e-20
0.000137388
-4.39653e-20
4.23804e-20
0.000140661
-5.64378e-20
2.18886e-20
0.000144004
-8.42007e-20
4.02529e-21
0.000147418
-9.93187e-20
1.08245e-20
0.000150906
-1.01441e-19
-2.28402e-21
0.000154468
-9.57035e-20
1.98812e-21
0.000158105
-7.13587e-20
-2.1869e-20
0.000161821
-7.22777e-20
-3.18442e-20
0.000165615
-7.88113e-20
-5.67998e-20
0.000169491
-8.06696e-20
-7.36446e-20
0.000173449
-8.8258e-20
-7.64034e-20
0.000177492
-9.70868e-20
-7.9202e-20
0.00018162
-1.02908e-19
-4.84817e-20
0.000185837
-1.01475e-19
-1.92431e-20
0.000190143
-1.10424e-19
-5.61546e-20
0.000194541
-1.20438e-19
-5.10357e-20
0.000199032
-1.08663e-19
-7.36447e-20
0.000203619
-1.15515e-19
-4.98502e-20
0.000208303
-7.55031e-20
-3.88464e-20
0.000213086
-1.18807e-19
-4.37442e-20
0.000217971
-1.39893e-19
-3.60726e-20
0.000222959
-1.43094e-19
-4.39243e-20
0.000228053
-1.39046e-19
-4.91421e-20
0.000233254
-1.56975e-19
-3.5481e-20
0.000238566
-1.38487e-19
-4.69092e-20
0.00024399
-1.55264e-19
-2.59785e-20
0.000249528
-1.69883e-19
-7.05827e-20
0.000255183
-1.84117e-19
-9.60577e-20
0.000260957
-1.95457e-19
-1.1292e-19
0.000266853
-1.31659e-19
-7.12972e-20
0.000272873
-6.67343e-20
-7.73308e-20
0.000279019
-1.1841e-19
-6.9822e-20
0.000285295
-7.11751e-20
-1.17723e-19
0.000291702
-7.28915e-20
-1.59096e-19
0.000298243
-9.35544e-20
-2.06337e-19
0.000304922
-1.16513e-19
-2.35465e-19
0.000311739
-2.51534e-19
-2.56139e-19
0.0003187
-2.38864e-19
-2.75697e-19
0.000325805
-2.49097e-19
-3.02279e-19
0.000333059
-3.27634e-19
-3.14774e-19
0.000340463
-3.44866e-19
-3.50468e-19
0.000348022
-3.33875e-19
-3.19656e-19
0.000355737
-3.12142e-19
-3.78869e-19
0.000363612
-3.06911e-19
-2.91224e-19
0.00037165
-2.59119e-19
-2.47494e-19
0.000379854
-2.31693e-19
-2.62619e-19
0.000388227
-2.57717e-19
-2.17401e-19
0.000396773
-3.17259e-19
-2.01843e-19
0.000405494
-3.11424e-19
-3.0233e-19
0.000414394
-2.92254e-19
-2.12975e-19
0.000423476
-3.12805e-19
-2.51212e-19
0.000432743
-3.5823e-19
-2.36343e-19
0.0004422
-3.80699e-19
-2.44907e-19
0.000451849
-3.19947e-19
-2.83671e-19
0.000461693
-3.39056e-19
-3.16556e-19
0.000471737
-3.35649e-19
-2.78452e-19
0.000481984
-3.83953e-19
-3.1063e-19
0.000492436
-3.77419e-19
-3.3299e-19
0.000503099
-4.03265e-19
-5.13301e-19
0.000513975
-4.26316e-19
-4.57908e-19
0.000525067
-4.86884e-19
-4.17719e-19
0.00053638
-5.05295e-19
-2.84071e-19
0.000547917
-4.13867e-19
-3.89855e-19
0.000559682
-4.81922e-19
-4.87809e-19
0.000571677
-4.19101e-19
-5.67564e-19
0.000583907
-4.77726e-19
-4.43502e-19
0.000596375
-4.77982e-19
-4.77311e-19
0.000609085
-4.95254e-19
-4.7243e-19
0.000622039
-5.45622e-19
-3.62996e-19
0.000635241
-4.8039e-19
-3.40903e-19
0.000648695
-4.96453e-19
-3.80638e-19
0.000662402
-4.82755e-19
-4.17433e-19
0.000676367
-4.42681e-19
-4.19943e-19
0.000690592
-4.18602e-19
-4.38033e-19
0.00070508
-4.20639e-19
-4.73232e-19
0.000719833
-4.2833e-19
-4.35664e-19
0.000734853
-2.92991e-19
-4.15855e-19
0.000750142
-2.30034e-19
-2.80074e-19
0.000765703
-2.83306e-19
-3.25543e-19
0.000781535
-2.93894e-19
-2.66615e-19
0.00079764
-3.74635e-19
-3.46601e-19
0.000814018
-3.41935e-19
-3.41831e-19
0.000830669
-2.87331e-19
-3.82051e-19
0.000847593
-4.17668e-19
-4.44459e-19
0.000864787
-5.75195e-19
-5.3621e-19
0.00088225
-5.63507e-19
-5.63434e-19
0.000899978
-5.24135e-19
-5.54263e-19
0.000917968
-5.08261e-19
-6.44724e-19
0.000936215
-5.12285e-19
-4.83846e-19
0.000954712
-5.56358e-19
-4.74122e-19
0.000973453
-6.24193e-19
-5.68341e-19
0.000992429
-4.90248e-19
-6.00358e-19
0.00101163
-4.10038e-19
-3.9565e-19
0.00103105
-4.13528e-19
-3.90914e-19
0.00105066
-4.25914e-19
-4.81469e-19
0.00107047
-4.04836e-19
-5.6656e-19
0.00107047
-6.17077e-19
-2.04873e-21
-6.80643e-19
-2.06276e-20
0.00105066
-3.52485e-19
2.34261e-20
-5.18814e-19
-1.91703e-20
0.00103105
-4.50978e-19
8.61841e-21
-3.29095e-19
-1.41423e-20
0.00101163
-3.64611e-19
2.58466e-21
-3.34768e-19
-1.84911e-20
0.000992429
-3.8739e-19
2.41057e-23
-2.37051e-19
-1.3908e-20
0.000973453
-3.51181e-19
1.06768e-20
-1.82404e-19
-3.32026e-20
0.000954713
-4.30765e-19
9.8903e-21
-4.4418e-19
-4.05316e-20
0.000936215
-3.90462e-19
2.64298e-20
-4.63021e-19
-2.75371e-20
0.000917968
-4.53567e-19
8.41821e-21
-4.81935e-19
2.07577e-21
0.000899978
-3.48526e-19
5.29371e-21
-3.64398e-19
1.58105e-20
0.00088225
-4.22485e-19
-5.73697e-21
-3.71395e-19
1.50073e-20
0.000864787
-3.69873e-19
-1.38107e-20
-3.54825e-19
1.77832e-20
0.000847593
-3.08942e-19
-1.68392e-20
-3.19374e-19
2.32625e-20
0.000830669
-2.41993e-19
-8.17142e-21
-3.35172e-19
1.7927e-20
0.000814018
-3.28451e-19
-1.72048e-20
-2.93421e-19
1.22074e-20
0.00079764
-2.15145e-19
-1.32688e-20
-3.66381e-19
-1.53715e-22
0.000781535
-2.88275e-19
-1.60625e-20
-2.39185e-19
-2.22e-21
0.000765703
-2.45349e-19
-7.974e-21
-1.80761e-19
-2.42953e-21
0.000750142
-2.22421e-19
-4.68357e-21
-2.74947e-19
3.14153e-21
0.000734853
-1.97402e-19
3.99521e-21
-2.12924e-19
1.41538e-20
0.000719833
-1.69539e-19
4.12556e-21
-2.78567e-19
1.47419e-20
0.00070508
-2.41235e-19
3.42481e-21
-2.34357e-19
1.16401e-20
0.000690592
-1.77307e-19
2.25578e-22
-1.69714e-19
1.11657e-20
0.000676367
-1.7397e-19
1.71478e-21
-3.7796e-20
1.32909e-20
0.000662402
-9.35731e-20
2.5875e-21
-2.59999e-20
1.01065e-20
0.000648695
-1.03336e-19
-1.25639e-21
-7.54158e-20
6.71387e-21
0.000635241
-7.43329e-20
-2.36974e-21
-1.1448e-19
7.37091e-21
0.000622039
-1.15789e-19
-6.2495e-21
-1.00121e-19
4.23395e-21
0.000609085
-2.34649e-19
-6.18821e-21
-1.36171e-19
-9.21158e-22
0.000596375
-1.74768e-19
-3.64683e-21
-1.69246e-19
-3.7539e-21
0.000583907
-1.49483e-19
-6.49716e-21
-2.30408e-19
-6.71281e-21
0.000571677
-1.31109e-19
-2.13619e-21
-2.16853e-19
-2.50801e-21
0.000559682
-1.30856e-19
-2.33428e-21
-1.58445e-19
6.85227e-22
0.000547917
-1.29551e-19
-4.25733e-21
-1.69246e-19
-2.62356e-21
0.00053638
-1.61154e-19
-1.85247e-21
-2.37452e-19
-2.38395e-21
0.000525067
-1.62481e-19
-9.44299e-22
-1.90571e-19
-2.37765e-21
0.000513975
-1.08981e-19
-3.59005e-21
-1.1806e-19
-5.38311e-21
0.000503099
-2.29192e-19
-5.02495e-21
-1.64656e-19
-4.50505e-21
0.000492436
-2.30213e-19
-1.99167e-21
-2.22211e-19
-2.86395e-21
0.000481984
-2.01455e-19
-3.07061e-22
-2.34633e-19
-5.3302e-22
0.000471737
-2.15283e-19
1.24644e-21
-2.5572e-19
-1.1168e-22
0.000461693
-2.0675e-19
-5.7826e-22
-2.69141e-19
1.90014e-22
0.000451849
-1.61757e-19
-2.8139e-21
-2.71574e-19
-4.16371e-22
0.0004422
-1.54312e-19
-4.56492e-21
-2.51653e-19
6.44575e-22
0.000432743
-2.39219e-19
-6.12198e-21
-1.6374e-19
1.9399e-21
0.000423476
-2.06648e-19
-4.64053e-21
-1.6985e-19
7.06948e-22
0.000414394
-1.81485e-19
-2.81471e-21
-1.76947e-19
-9.44686e-22
0.000405494
-1.75465e-19
-1.99771e-21
-1.79185e-19
-1.77633e-21
0.000396773
-1.6818e-19
-5.87739e-22
-1.91763e-19
-2.99301e-21
0.000388227
-1.63748e-19
9.21026e-22
-2.09979e-19
-3.87264e-21
0.000379854
-1.59393e-19
5.79498e-22
-2.20375e-19
-1.78822e-21
0.00037165
-1.88233e-19
1.84662e-21
-1.86343e-19
8.49099e-23
0.000363612
-1.82958e-19
2.72884e-21
-1.7511e-19
1.75301e-21
0.000355737
-8.50513e-20
2.95432e-21
-2.11455e-19
3.32623e-21
0.000348022
-5.09726e-20
1.74548e-21
-1.93094e-19
5.01783e-21
0.000340463
-7.16082e-20
1.24745e-21
-1.8066e-19
6.39072e-21
0.000333059
-6.41601e-20
1.77181e-21
-1.30594e-19
7.67895e-21
0.000325805
-4.18297e-20
2.65892e-21
-6.28927e-20
8.32384e-21
0.0003187
-6.87794e-20
3.29481e-21
2.70515e-20
8.23048e-21
0.000311739
-4.95645e-20
4.41549e-21
2.66578e-20
7.53584e-21
0.000304922
-5.53047e-21
4.60045e-21
-3.51218e-21
7.44133e-21
0.000298243
-4.20762e-20
3.7284e-21
-1.63113e-20
8.10569e-21
0.000291702
4.73687e-21
3.19665e-21
-1.04507e-20
8.3077e-21
0.000285295
-5.34366e-20
2.43181e-21
-9.93547e-21
8.12023e-21
0.000279019
-6.51721e-20
2.74893e-21
-1.90186e-21
7.38621e-21
0.000272873
-1.42748e-20
3.26134e-21
3.71181e-20
7.19467e-21
0.000266853
-1.61079e-20
2.87666e-21
4.0657e-20
6.62714e-21
0.000260957
-4.8749e-20
2.49605e-21
2.39547e-20
5.64562e-21
0.000255183
-1.87683e-21
3.3258e-21
1.09547e-20
4.74236e-21
0.000249528
4.83037e-21
3.38076e-21
3.42133e-21
3.85598e-21
0.00024399
8.91177e-21
2.9857e-21
-5.89168e-21
3.78646e-21
0.000238566
-3.6645e-20
2.38991e-21
-2.95138e-20
3.70082e-21
0.000233254
-3.4347e-20
2.39807e-21
-3.56271e-20
3.45367e-21
0.000228053
-4.17068e-20
2.12807e-21
-2.05114e-20
3.17826e-21
0.000222959
-5.18479e-20
1.79765e-21
-3.29586e-20
2.58485e-21
0.000217971
-4.47546e-20
1.50583e-21
-4.07925e-20
2.29673e-21
0.000213086
-4.47964e-20
1.24468e-21
-3.57881e-20
1.98784e-21
0.000208303
-6.52127e-20
8.57812e-22
-1.74307e-20
1.61269e-21
0.000203619
-7.03619e-20
7.89291e-22
-3.90251e-20
1.11166e-21
0.000199032
-6.2328e-20
5.91601e-22
-5.64037e-20
6.05817e-22
0.000194541
-6.62419e-20
3.57537e-22
-6.57329e-20
5.09808e-22
0.000190143
-8.65986e-20
3.0945e-22
-6.23774e-20
3.54735e-22
0.000185837
-8.31885e-20
1.0679e-22
-4.65036e-20
5.0178e-22
0.00018162
-7.27384e-20
1.04276e-22
-2.28422e-20
4.76875e-22
0.000177492
-6.99119e-20
2.48139e-22
-2.45077e-20
2.47475e-22
0.000173449
-6.23731e-20
4.32686e-22
-3.09309e-20
-5.94096e-23
0.000169491
-7.1533e-20
5.6811e-22
-1.95999e-20
-3.5114e-22
0.000165615
-5.55504e-20
7.24697e-22
-1.65363e-20
-4.42693e-22
0.000161821
-5.3594e-20
7.03192e-22
-2.22204e-20
-4.01021e-22
0.000158105
-1.38677e-20
6.86998e-22
-3.7656e-20
-3.7714e-22
0.000154468
-1.27371e-20
5.15208e-22
-2.67478e-20
-1.95493e-22
0.000150906
-8.7063e-21
3.66319e-22
-2.0655e-20
3.75916e-24
0.000147419
-1.68349e-20
1.96824e-22
-1.72912e-20
1.86004e-22
0.000144004
-2.36376e-20
4.05973e-23
-1.25409e-20
2.85511e-22
0.000140661
-1.29872e-20
-3.26022e-24
-2.66936e-20
3.01932e-22
0.000137388
-2.04457e-20
3.08969e-23
-2.32024e-20
3.88311e-22
0.000134184
-9.78516e-21
6.01133e-23
-3.20932e-20
3.3548e-22
0.000131047
-2.07174e-21
5.47772e-23
-3.64294e-20
4.24261e-22
0.000127975
-2.0489e-21
7.78613e-24
-3.4558e-20
5.12348e-22
0.000124968
-1.05869e-20
-9.68464e-23
-3.25235e-20
4.76861e-22
0.000122024
-1.22588e-20
-1.98831e-22
-2.8686e-20
4.50419e-22
0.000119141
4.51109e-23
-1.88325e-22
-1.74572e-20
4.45808e-22
0.000116319
-1.46355e-20
-1.83522e-22
-1.84583e-20
4.47861e-22
0.000113556
6.85564e-22
-1.01382e-22
-2.59042e-20
4.7236e-22
0.000110851
-1.82775e-20
-8.02623e-23
-2.76333e-20
4.61136e-22
0.000108203
-1.01089e-20
-2.74348e-24
-3.84254e-20
4.32888e-22
0.000105611
-1.66297e-20
8.16351e-24
-2.98412e-20
4.32958e-22
0.000103073
-9.68969e-21
-1.58545e-23
-2.96354e-20
4.15752e-22
0.000100588
-1.35717e-20
1.08852e-23
-3.15205e-20
4.24122e-22
9.81547e-05
-5.73817e-22
3.0566e-23
-3.1022e-20
4.45497e-22
9.57729e-05
-1.13858e-20
-1.33719e-23
-4.22168e-20
4.0539e-22
9.34412e-05
-2.29615e-21
-2.56616e-23
-3.37917e-20
3.59005e-22
9.11584e-05
-3.72836e-21
-4.77706e-23
-3.95697e-20
2.97888e-22
8.89235e-05
-9.14748e-21
-2.15894e-23
-3.58133e-20
2.2613e-22
8.67354e-05
-7.35059e-21
2.65073e-23
-5.51057e-20
1.52569e-22
8.45934e-05
-4.81735e-21
3.92665e-23
-5.08825e-20
1.11254e-22
8.24962e-05
-1.67296e-20
7.39807e-23
-3.62735e-20
4.77298e-23
8.04431e-05
2.20727e-21
1.06711e-22
-4.48518e-20
2.03561e-23
7.84331e-05
1.57566e-22
1.21292e-22
-3.56028e-20
4.19031e-23
7.64653e-05
-2.44129e-21
1.14933e-22
-4.69918e-20
6.18768e-23
7.45387e-05
-8.25386e-22
1.22627e-22
-3.72393e-20
1.02524e-22
7.26526e-05
5.86655e-21
1.15308e-22
-3.4255e-20
1.13122e-22
7.08061e-05
-1.30329e-20
9.64476e-23
-3.18449e-20
1.11e-22
6.89983e-05
-1.27023e-20
1.1047e-22
-2.78111e-20
1.27003e-22
6.72285e-05
4.50182e-21
1.23749e-22
-3.80791e-20
1.40358e-22
6.54957e-05
6.70873e-21
1.07073e-22
-3.09327e-20
1.67782e-22
6.37993e-05
-1.20792e-20
7.91498e-23
-2.75767e-20
1.60383e-22
6.21386e-05
-3.10471e-21
6.82333e-23
-3.99198e-20
1.48819e-22
6.05126e-05
1.83007e-21
4.64595e-23
-2.6628e-20
1.74443e-22
5.89208e-05
6.18658e-21
1.71641e-23
-2.70678e-20
1.95817e-22
5.73624e-05
7.43765e-21
-1.59645e-23
-3.23811e-20
2.19532e-22
5.58367e-05
-3.43989e-21
-3.35873e-23
-2.75599e-20
2.35923e-22
5.4343e-05
-1.73425e-21
-4.36272e-23
-2.60758e-20
2.42929e-22
5.28806e-05
1.01203e-23
-6.11439e-23
-2.10624e-20
2.45566e-22
5.1449e-05
1.06812e-21
-7.95198e-23
-2.23682e-20
2.3576e-22
5.00475e-05
5.3055e-21
-9.48697e-23
-1.5371e-20
2.27385e-22
4.86754e-05
7.44086e-21
-1.30633e-22
-1.84582e-20
2.23977e-22
4.73322e-05
-1.90791e-21
-1.53116e-22
-1.93389e-20
2.19229e-22
4.60172e-05
1.80881e-22
-1.51715e-22
-2.12536e-20
2.10472e-22
4.47299e-05
4.39895e-21
-1.57634e-22
-2.48677e-20
1.9099e-22
4.34698e-05
-1.42721e-21
-1.66447e-22
-1.662e-20
1.76545e-22
4.22363e-05
-4.70518e-21
-1.67205e-22
-1.19795e-20
1.68174e-22
4.10288e-05
-2.9842e-21
-1.60669e-22
-1.54389e-20
1.57963e-22
3.9847e-05
3.6717e-22
-1.5223e-22
-1.57677e-20
1.489e-22
3.86902e-05
-1.0448e-21
-1.50218e-22
-1.25056e-20
1.35873e-22
3.7558e-05
2.80715e-21
-1.50055e-22
-1.26252e-20
1.197e-22
3.64499e-05
5.30872e-21
-1.49009e-22
-2.00152e-20
9.94302e-23
3.53656e-05
1.00994e-20
-1.53625e-22
-1.51468e-20
9.29176e-23
3.43045e-05
3.53852e-21
-1.57076e-22
-2.05468e-20
8.71065e-23
3.32662e-05
1.92517e-21
-1.59456e-22
-2.32134e-20
8.19338e-23
3.22505e-05
1.56781e-20
-1.60487e-22
-2.41251e-20
7.98837e-23
3.12567e-05
3.89662e-21
-1.65182e-22
-1.84327e-20
8.06506e-23
3.02847e-05
5.27823e-21
-1.62041e-22
-1.97192e-20
7.82275e-23
2.93341e-05
4.73911e-21
-1.63025e-22
-2.1585e-20
7.82795e-23
2.84045e-05
2.91706e-22
-1.61613e-22
-1.60484e-20
7.85258e-23
2.74956e-05
6.44595e-22
-1.55312e-22
-1.44252e-20
7.62231e-23
2.66071e-05
1.01581e-21
-1.48379e-22
-9.49272e-21
7.42306e-23
2.57387e-05
-2.98558e-21
-1.41995e-22
-2.45277e-21
6.81682e-23
2.48903e-05
-3.95e-21
-1.34349e-22
-6.2633e-21
5.9385e-23
2.40613e-05
-2.57543e-21
-1.25174e-22
-6.94663e-21
5.1799e-23
2.32518e-05
-3.2037e-21
-1.18636e-22
-7.69301e-21
4.76801e-23
2.24614e-05
-2.39446e-21
-1.12545e-22
-8.59994e-21
4.39091e-23
2.169e-05
-3.16056e-21
-1.09068e-22
-3.00578e-21
4.08025e-23
2.09373e-05
-2.33161e-21
-1.03682e-22
-5.20043e-21
3.53844e-23
2.02031e-05
-1.38545e-21
-9.93878e-23
-4.87399e-21
3.08122e-23
1.94873e-05
-1.89708e-21
-9.4931e-23
-7.96393e-21
2.72169e-23
1.87896e-05
-2.9575e-21
-9.07317e-23
-6.4473e-21
2.50073e-23
1.811e-05
-2.28624e-21
-8.67665e-23
-9.2052e-21
2.45258e-23
1.74482e-05
-1.27361e-21
-8.27372e-23
-8.64086e-21
2.54049e-23
1.68041e-05
-1.152e-21
-7.98208e-23
-8.40498e-21
2.65091e-23
1.61775e-05
3.59648e-21
-7.67825e-23
-9.71736e-21
2.78917e-23
1.55682e-05
2.9598e-21
-7.60487e-23
-8.76297e-21
2.97615e-23
1.49761e-05
2.47115e-21
-7.50495e-23
-7.67359e-21
3.06942e-23
1.4401e-05
2.24443e-21
-7.31925e-23
-9.35126e-21
3.09356e-23
1.38427e-05
-2.30021e-22
-7.21294e-23
-7.87286e-21
3.17053e-23
1.33011e-05
1.37489e-21
-7.03058e-23
-4.65009e-21
3.17584e-23
1.27759e-05
3.32121e-22
-6.86666e-23
-3.28851e-21
3.10308e-23
1.22669e-05
7.72684e-22
-6.65951e-23
-3.52574e-21
2.99063e-23
1.17739e-05
-1.56676e-21
-6.44626e-23
-4.44949e-21
2.90067e-23
1.12966e-05
-3.32912e-21
-6.21255e-23
-3.37243e-21
2.79995e-23
1.08348e-05
-4.42476e-21
-5.92872e-23
-1.47022e-21
2.68397e-23
1.03883e-05
-4.2774e-21
-5.63557e-23
1.49293e-22
2.55469e-23
9.95668e-06
-6.0669e-21
-5.35722e-23
1.16718e-21
2.40849e-23
9.53973e-06
-6.00116e-21
-5.03992e-23
2.28852e-22
2.26104e-23
9.13714e-06
-5.58728e-21
-4.71747e-23
7.17545e-22
2.13855e-23
8.74859e-06
-4.95953e-21
-4.39177e-23
7.74138e-22
1.99421e-23
8.37379e-06
-4.71698e-21
-4.10726e-23
9.09155e-22
1.86668e-23
8.01236e-06
-4.20305e-21
-3.84659e-23
7.14066e-22
1.75214e-23
7.66399e-06
-3.37109e-21
-3.59263e-23
-5.39715e-22
1.6341e-23
7.32834e-06
-2.41073e-21
-3.34146e-23
-6.29511e-22
1.51979e-23
7.00507e-06
-2.53468e-21
-3.13566e-23
-8.12742e-22
1.40613e-23
6.69383e-06
-2.48048e-21
-2.93531e-23
-1.74592e-21
1.31121e-23
6.39427e-06
-3.13594e-21
-2.73299e-23
-1.52377e-21
1.23128e-23
6.10603e-06
-2.06061e-21
-2.53435e-23
-1.43642e-21
1.16303e-23
5.82876e-06
-4.22764e-22
-2.35917e-23
-6.10792e-22
1.09032e-23
5.56216e-06
-6.80152e-22
-2.20625e-23
-1.17413e-21
1.01143e-23
5.30585e-06
-4.29055e-22
-2.05228e-23
-7.79085e-22
9.4865e-24
5.05949e-06
-5.76068e-22
-1.91141e-23
-2.81411e-22
8.90034e-24
4.82278e-06
-8.46713e-22
-1.78191e-23
-6.75731e-22
8.25438e-24
4.59536e-06
-1.19457e-21
-1.66073e-23
-6.81784e-22
7.75572e-24
4.37694e-06
-9.17802e-22
-1.54102e-23
-7.28904e-22
7.36734e-24
4.1672e-06
-7.79419e-22
-1.44009e-23
-7.68187e-22
7.02969e-24
3.96583e-06
-8.93219e-22
-1.34755e-23
-1.14401e-21
6.80973e-24
3.77253e-06
-8.37496e-22
-1.26088e-23
-9.21526e-22
6.63064e-24
3.58703e-06
-2.18359e-22
-1.17789e-23
1.8601e-23
6.40284e-24
3.40903e-06
-2.14977e-22
-1.09466e-23
-5.10743e-23
6.0859e-24
3.23826e-06
-2.68575e-22
-1.02114e-23
-5.16277e-22
5.78763e-24
3.07445e-06
-2.07279e-22
-9.52101e-24
-2.57836e-22
5.55022e-24
2.91737e-06
-4.11439e-22
-8.87544e-24
8.88156e-23
5.32255e-24
2.76673e-06
-3.74151e-22
-8.27671e-24
9.7634e-22
5.04847e-24
2.62233e-06
-1.2926e-21
-7.73867e-24
5.49183e-22
4.71275e-24
2.48391e-06
-1.61682e-21
-7.18333e-24
6.49507e-22
4.44366e-24
2.35126e-06
-1.53055e-21
-6.66018e-24
6.65344e-22
4.2183e-24
2.22414e-06
-6.77242e-22
-6.19355e-24
5.71478e-22
3.98638e-24
2.10237e-06
-6.33193e-22
-5.78266e-24
5.73278e-22
3.77474e-24
1.98572e-06
-4.13511e-22
-5.39804e-24
5.72965e-22
3.56947e-24
1.87401e-06
-6.0234e-22
-5.03219e-24
5.23561e-22
3.36473e-24
1.76705e-06
-5.52819e-22
-4.68993e-24
4.57701e-22
3.17528e-24
1.66465e-06
-3.90113e-22
-4.36786e-24
4.52841e-22
2.99992e-24
1.56664e-06
-3.24765e-22
-4.06316e-24
3.67719e-22
2.84808e-24
1.47285e-06
-2.90459e-22
-3.79169e-24
3.21248e-22
2.7107e-24
1.38312e-06
-1.51754e-22
-3.54075e-24
3.28319e-22
2.57675e-24
1.29729e-06
6.91958e-23
-3.31353e-24
2.97507e-23
2.44239e-24
1.21519e-06
-2.43044e-23
-3.11554e-24
3.02489e-23
2.33221e-24
1.13671e-06
-2.70824e-23
-2.92301e-24
1.68687e-22
2.22264e-24
1.06168e-06
-5.94258e-23
-2.74994e-24
1.67721e-22
2.11256e-24
9.89975e-07
-1.50751e-22
-2.58861e-24
1.68143e-22
2.00582e-24
9.21466e-07
-1.278e-22
-2.433e-24
1.09023e-22
1.90301e-24
8.56025e-07
-5.23126e-23
-2.28645e-24
1.4784e-22
1.80529e-24
7.9353e-07
-2.06533e-22
-2.15323e-24
6.28504e-23
1.71811e-24
7.33869e-07
-1.61835e-22
-2.02879e-24
9.84049e-23
1.64196e-24
6.76921e-07
-1.24567e-22
-1.91639e-24
7.59665e-23
1.56732e-24
6.22585e-07
-1.44942e-22
-1.8072e-24
6.79925e-23
1.49647e-24
5.70757e-07
1.44047e-23
-1.70776e-24
2.22642e-23
1.43125e-24
5.21335e-07
-2.32135e-23
-1.61773e-24
-1.60261e-23
1.3667e-24
4.74223e-07
2.09431e-23
-1.52957e-24
-1.94242e-23
1.30248e-24
4.29327e-07
-6.2325e-23
-1.44731e-24
-2.44367e-23
1.24061e-24
3.8656e-07
-6.1785e-23
-1.36899e-24
5.77427e-23
1.1807e-24
3.45836e-07
-7.89372e-23
-1.29626e-24
7.15178e-23
1.12081e-24
3.0707e-07
-1.37272e-22
-1.22619e-24
7.54912e-23
1.06371e-24
2.70185e-07
-1.10801e-22
-1.15955e-24
6.04826e-23
1.0087e-24
2.35103e-07
-9.22729e-23
-1.09635e-24
3.57287e-23
9.55713e-25
2.01752e-07
-7.96095e-23
-1.03656e-24
4.90793e-23
9.05735e-25
1.70062e-07
-6.27215e-23
-9.8013e-25
6.2e-23
8.57602e-25
1.39961e-07
-5.09509e-23
-9.26538e-25
3.24297e-23
8.11289e-25
1.11386e-07
-4.02982e-23
-8.75828e-25
1.91727e-23
7.67393e-25
8.4275e-08
-1.53586e-23
-8.28267e-25
1.32416e-23
7.26009e-25
5.85657e-08
-7.41757e-24
-7.83521e-25
7.48741e-24
6.86723e-25
3.42006e-08
-2.08138e-24
-7.41006e-25
3.02449e-25
6.49539e-25
1.11235e-08
-1.74395e-25
2.4481e-25
0.00107047
-2.3527e-19
-4.57828e-19
0.00105066
-2.96831e-19
-3.5975e-19
0.00103105
-3.8122e-19
-3.47943e-19
0.00101163
-3.13423e-19
-2.95201e-19
0.000992429
-2.60847e-19
-4.09154e-19
0.000973453
-3.59758e-19
-2.82526e-19
0.000954713
-2.9902e-19
-3.54087e-19
0.000936215
-5.51325e-19
-1.36344e-19
0.000917968
-4.23688e-19
-2.30113e-19
0.000899978
-3.93367e-19
-2.58619e-19
0.00088225
-4.33641e-19
-2.60187e-19
0.000864787
-3.36777e-19
-2.25726e-19
0.000847593
-1.20533e-19
-2.82208e-19
0.000830669
-2.30855e-19
-2.52825e-19
0.000814018
-1.79605e-19
-2.97059e-19
0.00079764
-1.90139e-19
-3.0509e-19
0.000781535
-1.77519e-19
-2.37293e-19
0.000765703
-2.34073e-19
-1.8367e-19
0.000750142
-1.14189e-19
-2.22975e-19
0.000734853
-1.76101e-19
-2.01307e-19
0.000719833
-1.46111e-19
-2.12308e-19
0.00070508
-2.87483e-19
-1.48393e-19
0.000690592
-2.18573e-19
-1.65906e-19
0.000676367
-2.76943e-19
-2.58648e-19
0.000662402
-2.64821e-19
-2.38225e-19
0.000648695
-2.21293e-19
-1.31119e-19
0.000635241
-2.36462e-19
-1.94735e-19
0.000622039
-1.48009e-19
-1.88822e-19
0.000609085
-1.83258e-19
-1.39004e-19
0.000596375
-2.57205e-19
-1.60115e-19
0.000583907
-8.21099e-20
-1.24545e-19
0.000571677
-1.0804e-19
-1.3068e-19
0.000559682
-9.31291e-20
-1.61106e-19
0.000547917
1.97428e-20
-5.28062e-20
0.00053638
-3.35957e-20
-1.25242e-19
0.000525067
-1.18155e-19
-1.86658e-19
0.000513975
-6.26464e-20
-3.76288e-20
0.000503099
-6.33382e-20
-7.71241e-20
0.000492436
-5.96286e-20
-9.12335e-20
0.000481984
-1.05457e-21
-1.25691e-19
0.000471737
-1.27714e-19
-1.38191e-19
0.000461693
-1.51399e-19
-1.73876e-19
0.000451849
-1.2474e-19
-1.70638e-19
0.0004422
-1.45229e-19
-2.17412e-19
0.000432743
-1.37243e-19
-1.80956e-19
0.000423476
-8.99889e-20
-1.87937e-19
0.000414394
-1.01329e-19
-2.05966e-19
0.000405494
-1.10092e-19
-2.04629e-19
0.000396773
-1.23653e-19
-2.18545e-19
0.000388227
-1.7234e-19
-1.31945e-19
0.000379854
-5.56646e-20
-1.39208e-19
0.00037165
-9.09221e-20
-1.17649e-19
0.000363612
-1.52165e-19
-8.92907e-20
0.000355737
-1.68806e-19
-1.00046e-19
0.000348022
-1.34545e-19
-1.22419e-19
0.000340463
-1.41334e-19
-1.45167e-19
0.000333059
-1.31674e-19
-1.44981e-19
0.000325805
-1.46957e-19
-1.12768e-19
0.0003187
-1.41696e-19
-7.59624e-20
0.000311739
-1.29161e-19
-7.91959e-20
0.000304922
-1.04076e-19
-7.24348e-20
0.000298243
-8.98474e-20
-9.16456e-20
0.000291702
-4.78709e-20
-8.66843e-20
0.000285295
-1.75304e-20
-1.07451e-19
0.000279019
-1.06373e-20
-3.73699e-20
0.000272873
-4.26009e-20
-3.0743e-20
0.000266853
-7.41976e-20
-8.42704e-20
0.000260957
-3.13881e-20
-9.30954e-20
0.000255183
-7.08027e-20
-1.10223e-19
0.000249528
-1.2015e-19
-6.10607e-20
0.00024399
-1.51244e-19
-5.80311e-20
0.000238566
-1.2899e-19
-7.20981e-20
0.000233254
-1.2218e-19
-4.81884e-20
0.000228053
-1.09045e-19
-6.13114e-20
0.000222959
-1.04928e-19
-5.88709e-20
0.000217971
-9.44646e-20
-6.51095e-20
0.000213086
-1.07393e-19
-6.15964e-20
0.000208303
-8.10278e-20
-6.86627e-20
0.000203619
-9.79851e-20
-1.07647e-19
0.000199032
-9.36267e-20
-7.94851e-20
0.000194541
-6.93879e-20
-9.54952e-20
0.000190143
-1.10012e-19
-5.20584e-20
0.000185837
-8.68229e-20
-6.3087e-20
0.00018162
-6.26705e-20
-6.23532e-20
0.000177492
-5.8443e-20
-7.21849e-20
0.000173449
-7.89998e-20
-8.08699e-20
0.000169491
-9.87192e-20
-4.92201e-20
0.000165615
-1.228e-19
-2.94488e-20
0.000161821
-1.3376e-19
-4.04057e-20
0.000158105
-1.31838e-19
-4.45534e-20
0.000154468
-1.27676e-19
-5.88816e-20
0.000150906
-1.22837e-19
-5.08587e-20
0.000147419
-1.21191e-19
-4.46233e-20
0.000144004
-9.91128e-20
-5.60983e-20
0.000140661
-6.82968e-20
-4.23628e-20
0.000137388
-7.55653e-20
-6.57786e-20
0.000134184
-6.87579e-20
-4.33818e-20
0.000131047
-6.56232e-20
-4.35098e-20
0.000127975
-7.06805e-20
-6.32552e-20
0.000124968
-7.04251e-20
-5.29486e-20
0.000122024
-3.67123e-20
-4.71092e-20
0.000119141
-2.42474e-20
-4.37648e-20
0.000116319
-1.59216e-20
-4.181e-20
0.000113556
-2.63395e-20
-5.046e-20
0.000110851
-2.58186e-20
-4.80435e-20
0.000108203
-2.59955e-20
-4.8465e-20
0.000105611
-2.92468e-20
-4.88156e-20
0.000103073
1.64028e-21
-4.45452e-20
0.000100588
5.26229e-22
-3.66574e-20
9.81547e-05
-6.87292e-21
-4.09886e-20
9.57729e-05
-7.03249e-21
-4.30246e-20
9.34412e-05
-3.89469e-21
-3.49554e-20
9.11584e-05
1.30785e-20
-4.58544e-20
8.89235e-05
1.16596e-20
-4.50144e-20
8.67354e-05
-4.19743e-21
-3.76233e-20
8.45934e-05
7.75136e-21
-4.78683e-20
8.24962e-05
-7.20571e-21
-3.1087e-20
8.04431e-05
6.02792e-22
-2.32951e-20
7.84331e-05
-1.83645e-20
-2.6972e-20
7.64653e-05
-1.54516e-20
-2.71815e-20
7.45387e-05
-2.11719e-20
-2.53377e-20
7.26526e-05
-2.16879e-20
-2.90924e-20
7.08061e-05
-2.2457e-20
-2.24904e-20
6.89983e-05
-2.27403e-20
-3.02923e-20
6.72285e-05
-2.24181e-20
-2.62117e-20
6.54957e-05
-2.10185e-20
-3.0798e-20
6.37993e-05
-1.84651e-20
-3.06623e-20
6.21386e-05
-1.30961e-20
-2.43061e-20
6.05126e-05
-1.28009e-20
-2.49054e-20
5.89208e-05
-1.20132e-20
-2.62059e-20
5.73624e-05
7.04739e-21
-3.69856e-20
5.58367e-05
1.13101e-20
-3.87844e-20
5.4343e-05
1.26152e-20
-3.45794e-20
5.28806e-05
1.60132e-20
-3.47017e-20
5.1449e-05
1.89749e-20
-3.17972e-20
5.00475e-05
-1.09799e-21
-2.33326e-20
4.86754e-05
1.13549e-20
-3.06433e-20
4.73322e-05
2.82441e-20
-2.96025e-20
4.60172e-05
2.38611e-20
-3.45704e-20
4.47299e-05
2.27139e-20
-3.43168e-20
4.34698e-05
2.20371e-20
-2.77233e-20
4.22363e-05
2.30754e-20
-2.54337e-20
4.10288e-05
2.48964e-20
-2.41437e-20
3.9847e-05
1.68936e-20
-2.79307e-20
3.86902e-05
5.72375e-21
-2.36032e-20
3.7558e-05
4.48209e-21
-2.93324e-20
3.64499e-05
-5.27137e-21
-1.84573e-20
3.53656e-05
-1.35806e-21
-1.23805e-20
3.43045e-05
-9.00004e-21
-1.57987e-20
3.32662e-05
-1.20162e-20
-1.55814e-20
3.22505e-05
-9.0001e-21
-1.30151e-20
3.12567e-05
-9.15173e-21
-1.16427e-20
3.02847e-05
-1.9836e-20
-6.53076e-21
2.93341e-05
-2.03026e-20
-8.4549e-21
2.84045e-05
-1.93324e-20
-1.08844e-20
2.74956e-05
-1.8963e-20
-9.64326e-21
2.66071e-05
-1.84413e-20
-1.25101e-20
2.57387e-05
-1.80353e-20
-1.27217e-20
2.48903e-05
-1.32794e-20
-1.59803e-20
2.40613e-05
-1.5744e-20
-1.04907e-20
2.32518e-05
-1.4532e-20
-1.29278e-20
2.24614e-05
-1.91794e-20
-1.22798e-20
2.169e-05
-1.33653e-20
-1.27688e-20
2.09373e-05
-1.51912e-20
-1.18667e-20
2.02031e-05
-1.31783e-20
-8.0751e-21
1.94873e-05
-1.29498e-20
-9.08931e-21
1.87896e-05
-1.2866e-20
-4.92843e-21
1.811e-05
-1.15206e-20
-4.31768e-21
1.74482e-05
-1.44676e-20
-5.86497e-21
1.68041e-05
-1.17793e-20
-6.23579e-21
1.61775e-05
-1.34136e-20
-4.5495e-21
1.55682e-05
-1.12456e-20
-5.88695e-21
1.49761e-05
-6.65147e-21
-6.39002e-21
1.4401e-05
-9.85534e-21
-4.24548e-21
1.38427e-05
-9.4091e-21
-3.56325e-21
1.33011e-05
-9.54592e-21
-1.31107e-21
1.27759e-05
-9.10057e-21
-1.23171e-21
1.22669e-05
-8.28033e-21
-5.17566e-22
1.17739e-05
-9.49175e-21
-1.08458e-21
1.12966e-05
-8.19286e-21
-2.19872e-21
1.08348e-05
-7.74984e-21
-3.57211e-21
1.03883e-05
-7.42546e-21
-3.92411e-21
9.95668e-06
-5.13762e-21
-4.22953e-21
9.53973e-06
-2.38941e-21
-4.46856e-21
9.13714e-06
2.51156e-22
-3.75877e-21
8.74859e-06
-8.99065e-22
-1.21948e-21
8.37379e-06
-2.28371e-21
-7.32327e-22
8.01236e-06
-1.9989e-21
-7.58892e-22
7.66399e-06
-8.07052e-22
-7.15165e-22
7.32834e-06
-2.7405e-21
-1.14179e-21
7.00507e-06
-2.30578e-21
-8.66536e-22
6.69383e-06
-1.28886e-21
-1.08846e-21
6.39427e-06
-1.48591e-21
-4.41733e-22
6.10603e-06
-1.56697e-21
-1.13885e-21
5.82876e-06
-1.02376e-21
-9.57959e-22
5.56216e-06
-2.59525e-22
-6.07671e-22
5.30585e-06
-3.51261e-22
-6.75414e-22
5.05949e-06
-4.56243e-22
-1.8621e-21
4.82278e-06
-5.25272e-22
-1.66388e-21
4.59536e-06
4.08966e-23
-7.19797e-22
4.37694e-06
-7.94236e-22
-5.97419e-22
4.1672e-06
-8.05627e-22
-4.4265e-22
3.96583e-06
-9.13412e-22
-1.05972e-21
3.77253e-06
-5.70042e-22
-1.2025e-21
3.58703e-06
8.83205e-22
-1.3157e-21
3.40903e-06
3.94462e-22
-1.1735e-21
3.23826e-06
6.48448e-22
-9.37192e-22
3.07445e-06
8.09513e-22
-8.45633e-22
2.91737e-06
4.74752e-22
-7.66368e-22
2.76673e-06
1.80478e-23
-4.40018e-22
2.62233e-06
-2.53132e-23
-5.03781e-22
2.48391e-06
-4.01681e-23
-4.53147e-22
2.35126e-06
-2.15007e-22
-5.95045e-22
2.22414e-06
-5.49977e-23
-3.3931e-22
2.10237e-06
-2.31059e-22
-3.34534e-22
1.98572e-06
1.30423e-22
-4.29835e-22
1.87401e-06
-3.69649e-23
-3.73583e-22
1.76705e-06
-8.70771e-23
-3.82821e-22
1.66465e-06
4.25562e-24
-1.66996e-22
1.56664e-06
-3.26603e-22
-1.16937e-22
1.47285e-06
-3.25484e-22
-1.1966e-22
1.38312e-06
-2.52378e-22
-2.34403e-22
1.29729e-06
-2.4145e-22
-4.01614e-23
1.21519e-06
2.33137e-24
-1.64364e-22
1.13671e-06
-8.66766e-23
-1.97002e-22
1.06168e-06
-1.40315e-23
-2.37748e-22
9.89975e-07
4.25912e-23
-2.0885e-22
9.21466e-07
7.93093e-23
-2.27079e-22
8.56025e-07
8.51459e-23
-1.79282e-22
7.9353e-07
3.91609e-23
-1.95459e-22
7.33869e-07
2.76248e-23
-1.65696e-22
6.76921e-07
2.24012e-22
-1.50579e-22
6.22585e-07
1.57608e-23
-7.54575e-23
5.70757e-07
-3.37157e-23
-6.00077e-23
5.21335e-07
6.44137e-26
-4.19666e-23
4.74223e-07
-2.00897e-23
-2.09136e-23
4.29327e-07
-1.3781e-23
-2.70746e-23
3.8656e-07
-1.6268e-23
-9.48673e-24
3.45836e-07
4.38796e-23
3.16778e-23
3.0707e-07
-8.17205e-25
2.20725e-23
2.70185e-07
1.60198e-23
7.28436e-24
2.35103e-07
6.36325e-24
1.88691e-23
2.01752e-07
3.22735e-24
1.44802e-23
1.70062e-07
2.7867e-23
1.93103e-23
1.39961e-07
2.57544e-23
9.56879e-25
1.11386e-07
-2.08605e-24
-4.71371e-25
8.4275e-08
-3.50005e-24
-7.73911e-24
5.85657e-08
7.13464e-24
-6.06087e-24
3.42006e-08
2.4064e-25
-6.50501e-25
1.11235e-08
)
;

boundaryField
{
    walls
    {
        type            calculated;
        value           uniform 0;
    }
    inlet
    {
        type            cyclic;
        value           nonuniform List<scalar> 
1000
(
-1.11235e-08
-3.42006e-08
-5.85657e-08
-8.42749e-08
-1.11386e-07
-1.39961e-07
-1.70061e-07
-2.01753e-07
-2.35104e-07
-2.70185e-07
-3.0707e-07
-3.45835e-07
-3.8656e-07
-4.29327e-07
-4.74222e-07
-5.21335e-07
-5.70757e-07
-6.22586e-07
-6.76921e-07
-7.33867e-07
-7.93531e-07
-8.56025e-07
-9.21467e-07
-9.89976e-07
-1.06168e-06
-1.13671e-06
-1.2152e-06
-1.29728e-06
-1.38312e-06
-1.47285e-06
-1.56664e-06
-1.66465e-06
-1.76705e-06
-1.87401e-06
-1.98572e-06
-2.10237e-06
-2.22414e-06
-2.35125e-06
-2.48391e-06
-2.62233e-06
-2.76674e-06
-2.91737e-06
-3.07446e-06
-3.23826e-06
-3.40903e-06
-3.58703e-06
-3.77254e-06
-3.96583e-06
-4.1672e-06
-4.37694e-06
-4.59537e-06
-4.82278e-06
-5.05949e-06
-5.30584e-06
-5.56216e-06
-5.82877e-06
-6.10602e-06
-6.39426e-06
-6.69383e-06
-7.00507e-06
-7.32835e-06
-7.66399e-06
-8.01236e-06
-8.37378e-06
-8.7486e-06
-9.13714e-06
-9.53973e-06
-9.95667e-06
-1.03883e-05
-1.08348e-05
-1.12966e-05
-1.17739e-05
-1.22669e-05
-1.27759e-05
-1.33011e-05
-1.38428e-05
-1.4401e-05
-1.49761e-05
-1.55682e-05
-1.61774e-05
-1.68041e-05
-1.74482e-05
-1.811e-05
-1.87896e-05
-1.94873e-05
-2.02031e-05
-2.09373e-05
-2.169e-05
-2.24614e-05
-2.32518e-05
-2.40613e-05
-2.48902e-05
-2.57387e-05
-2.66071e-05
-2.74956e-05
-2.84045e-05
-2.93341e-05
-3.02847e-05
-3.12567e-05
-3.22505e-05
-3.32663e-05
-3.43045e-05
-3.53656e-05
-3.645e-05
-3.7558e-05
-3.86902e-05
-3.9847e-05
-4.10289e-05
-4.22363e-05
-4.34698e-05
-4.47299e-05
-4.60172e-05
-4.73322e-05
-4.86754e-05
-5.00475e-05
-5.1449e-05
-5.28807e-05
-5.4343e-05
-5.58367e-05
-5.73624e-05
-5.89208e-05
-6.05126e-05
-6.21386e-05
-6.37993e-05
-6.54957e-05
-6.72284e-05
-6.89983e-05
-7.08061e-05
-7.26526e-05
-7.45387e-05
-7.64653e-05
-7.84331e-05
-8.04431e-05
-8.24962e-05
-8.45934e-05
-8.67354e-05
-8.89235e-05
-9.11584e-05
-9.34412e-05
-9.5773e-05
-9.81547e-05
-0.000100588
-0.000103072
-0.000105611
-0.000108203
-0.000110851
-0.000113556
-0.000116319
-0.000119141
-0.000122024
-0.000124968
-0.000127975
-0.000131047
-0.000134184
-0.000137388
-0.000140661
-0.000144004
-0.000147418
-0.000150906
-0.000154468
-0.000158105
-0.000161821
-0.000165615
-0.000169491
-0.000173449
-0.000177492
-0.00018162
-0.000185837
-0.000190143
-0.000194541
-0.000199032
-0.000203619
-0.000208303
-0.000213086
-0.000217971
-0.000222959
-0.000228053
-0.000233254
-0.000238566
-0.00024399
-0.000249528
-0.000255183
-0.000260957
-0.000266853
-0.000272873
-0.000279019
-0.000285295
-0.000291702
-0.000298243
-0.000304922
-0.000311739
-0.0003187
-0.000325805
-0.000333059
-0.000340463
-0.000348022
-0.000355737
-0.000363612
-0.00037165
-0.000379854
-0.000388227
-0.000396773
-0.000405494
-0.000414394
-0.000423476
-0.000432743
-0.0004422
-0.000451849
-0.000461693
-0.000471737
-0.000481984
-0.000492436
-0.000503099
-0.000513975
-0.000525067
-0.00053638
-0.000547917
-0.000559682
-0.000571677
-0.000583907
-0.000596375
-0.000609085
-0.000622039
-0.000635241
-0.000648695
-0.000662402
-0.000676367
-0.000690592
-0.00070508
-0.000719833
-0.000734853
-0.000750142
-0.000765703
-0.000781535
-0.00079764
-0.000814018
-0.000830669
-0.000847593
-0.000864787
-0.00088225
-0.000899978
-0.000917968
-0.000936215
-0.000954712
-0.000973453
-0.000992429
-0.00101163
-0.00103105
-0.00105066
-0.00107047
-1.11235e-08
-3.42006e-08
-5.85657e-08
-8.42749e-08
-1.11386e-07
-1.39961e-07
-1.70061e-07
-2.01753e-07
-2.35104e-07
-2.70185e-07
-3.0707e-07
-3.45835e-07
-3.8656e-07
-4.29327e-07
-4.74222e-07
-5.21335e-07
-5.70757e-07
-6.22586e-07
-6.76921e-07
-7.33867e-07
-7.93531e-07
-8.56025e-07
-9.21467e-07
-9.89976e-07
-1.06168e-06
-1.13671e-06
-1.2152e-06
-1.29728e-06
-1.38312e-06
-1.47285e-06
-1.56664e-06
-1.66465e-06
-1.76705e-06
-1.87401e-06
-1.98572e-06
-2.10237e-06
-2.22414e-06
-2.35125e-06
-2.48391e-06
-2.62233e-06
-2.76674e-06
-2.91737e-06
-3.07446e-06
-3.23826e-06
-3.40903e-06
-3.58703e-06
-3.77254e-06
-3.96583e-06
-4.1672e-06
-4.37694e-06
-4.59537e-06
-4.82278e-06
-5.05949e-06
-5.30584e-06
-5.56216e-06
-5.82877e-06
-6.10602e-06
-6.39426e-06
-6.69383e-06
-7.00507e-06
-7.32835e-06
-7.66399e-06
-8.01236e-06
-8.37378e-06
-8.7486e-06
-9.13714e-06
-9.53973e-06
-9.95667e-06
-1.03883e-05
-1.08348e-05
-1.12966e-05
-1.17739e-05
-1.22669e-05
-1.27759e-05
-1.33011e-05
-1.38428e-05
-1.4401e-05
-1.49761e-05
-1.55682e-05
-1.61774e-05
-1.68041e-05
-1.74482e-05
-1.811e-05
-1.87896e-05
-1.94873e-05
-2.02031e-05
-2.09373e-05
-2.169e-05
-2.24614e-05
-2.32518e-05
-2.40613e-05
-2.48902e-05
-2.57387e-05
-2.66071e-05
-2.74956e-05
-2.84045e-05
-2.93341e-05
-3.02847e-05
-3.12567e-05
-3.22505e-05
-3.32663e-05
-3.43045e-05
-3.53656e-05
-3.645e-05
-3.7558e-05
-3.86902e-05
-3.9847e-05
-4.10289e-05
-4.22363e-05
-4.34698e-05
-4.47299e-05
-4.60172e-05
-4.73322e-05
-4.86754e-05
-5.00475e-05
-5.1449e-05
-5.28807e-05
-5.4343e-05
-5.58367e-05
-5.73624e-05
-5.89208e-05
-6.05126e-05
-6.21386e-05
-6.37993e-05
-6.54957e-05
-6.72284e-05
-6.89983e-05
-7.08061e-05
-7.26526e-05
-7.45387e-05
-7.64653e-05
-7.84331e-05
-8.04431e-05
-8.24962e-05
-8.45934e-05
-8.67354e-05
-8.89235e-05
-9.11584e-05
-9.34412e-05
-9.5773e-05
-9.81547e-05
-0.000100588
-0.000103072
-0.000105611
-0.000108203
-0.000110851
-0.000113556
-0.000116319
-0.000119141
-0.000122024
-0.000124968
-0.000127975
-0.000131047
-0.000134184
-0.000137388
-0.000140661
-0.000144004
-0.000147418
-0.000150906
-0.000154468
-0.000158105
-0.000161821
-0.000165615
-0.000169491
-0.000173449
-0.000177492
-0.00018162
-0.000185837
-0.000190143
-0.000194541
-0.000199032
-0.000203619
-0.000208303
-0.000213086
-0.000217971
-0.000222959
-0.000228053
-0.000233254
-0.000238566
-0.00024399
-0.000249528
-0.000255183
-0.000260957
-0.000266853
-0.000272873
-0.000279019
-0.000285295
-0.000291702
-0.000298243
-0.000304922
-0.000311739
-0.0003187
-0.000325805
-0.000333059
-0.000340463
-0.000348022
-0.000355737
-0.000363612
-0.00037165
-0.000379854
-0.000388227
-0.000396773
-0.000405494
-0.000414394
-0.000423476
-0.000432743
-0.0004422
-0.000451849
-0.000461693
-0.000471737
-0.000481984
-0.000492436
-0.000503099
-0.000513975
-0.000525067
-0.00053638
-0.000547917
-0.000559682
-0.000571677
-0.000583907
-0.000596375
-0.000609085
-0.000622039
-0.000635241
-0.000648695
-0.000662402
-0.000676367
-0.000690592
-0.00070508
-0.000719833
-0.000734853
-0.000750142
-0.000765703
-0.000781535
-0.00079764
-0.000814018
-0.000830669
-0.000847593
-0.000864787
-0.00088225
-0.000899978
-0.000917968
-0.000936215
-0.000954712
-0.000973453
-0.000992429
-0.00101163
-0.00103105
-0.00105066
-0.00107047
-0.00107047
-0.00105066
-0.00103105
-0.00101163
-0.000992429
-0.000973453
-0.000954713
-0.000936215
-0.000917968
-0.000899978
-0.00088225
-0.000864787
-0.000847593
-0.000830669
-0.000814018
-0.00079764
-0.000781535
-0.000765703
-0.000750142
-0.000734853
-0.000719833
-0.00070508
-0.000690592
-0.000676367
-0.000662402
-0.000648695
-0.000635241
-0.000622039
-0.000609085
-0.000596375
-0.000583907
-0.000571677
-0.000559682
-0.000547917
-0.00053638
-0.000525067
-0.000513975
-0.000503099
-0.000492436
-0.000481984
-0.000471737
-0.000461693
-0.000451849
-0.0004422
-0.000432743
-0.000423476
-0.000414394
-0.000405494
-0.000396773
-0.000388227
-0.000379854
-0.00037165
-0.000363612
-0.000355737
-0.000348022
-0.000340463
-0.000333059
-0.000325805
-0.0003187
-0.000311739
-0.000304922
-0.000298243
-0.000291702
-0.000285295
-0.000279019
-0.000272873
-0.000266853
-0.000260957
-0.000255183
-0.000249528
-0.00024399
-0.000238566
-0.000233254
-0.000228053
-0.000222959
-0.000217971
-0.000213086
-0.000208303
-0.000203619
-0.000199032
-0.000194541
-0.000190143
-0.000185837
-0.00018162
-0.000177492
-0.000173449
-0.000169491
-0.000165615
-0.000161821
-0.000158105
-0.000154468
-0.000150906
-0.000147419
-0.000144004
-0.000140661
-0.000137388
-0.000134184
-0.000131047
-0.000127975
-0.000124968
-0.000122024
-0.000119141
-0.000116319
-0.000113556
-0.000110851
-0.000108203
-0.000105611
-0.000103073
-0.000100588
-9.81547e-05
-9.57729e-05
-9.34412e-05
-9.11584e-05
-8.89235e-05
-8.67354e-05
-8.45934e-05
-8.24962e-05
-8.04431e-05
-7.84331e-05
-7.64653e-05
-7.45387e-05
-7.26526e-05
-7.08061e-05
-6.89983e-05
-6.72285e-05
-6.54957e-05
-6.37993e-05
-6.21386e-05
-6.05126e-05
-5.89208e-05
-5.73624e-05
-5.58367e-05
-5.4343e-05
-5.28806e-05
-5.1449e-05
-5.00475e-05
-4.86754e-05
-4.73322e-05
-4.60172e-05
-4.47299e-05
-4.34698e-05
-4.22363e-05
-4.10288e-05
-3.9847e-05
-3.86902e-05
-3.7558e-05
-3.64499e-05
-3.53656e-05
-3.43045e-05
-3.32662e-05
-3.22505e-05
-3.12567e-05
-3.02847e-05
-2.93341e-05
-2.84045e-05
-2.74956e-05
-2.66071e-05
-2.57387e-05
-2.48903e-05
-2.40613e-05
-2.32518e-05
-2.24614e-05
-2.169e-05
-2.09373e-05
-2.02031e-05
-1.94873e-05
-1.87896e-05
-1.811e-05
-1.74482e-05
-1.68041e-05
-1.61775e-05
-1.55682e-05
-1.49761e-05
-1.4401e-05
-1.38427e-05
-1.33011e-05
-1.27759e-05
-1.22669e-05
-1.17739e-05
-1.12966e-05
-1.08348e-05
-1.03883e-05
-9.95668e-06
-9.53973e-06
-9.13714e-06
-8.74859e-06
-8.37379e-06
-8.01236e-06
-7.66399e-06
-7.32834e-06
-7.00507e-06
-6.69383e-06
-6.39427e-06
-6.10603e-06
-5.82876e-06
-5.56216e-06
-5.30585e-06
-5.05949e-06
-4.82278e-06
-4.59536e-06
-4.37694e-06
-4.1672e-06
-3.96583e-06
-3.77253e-06
-3.58703e-06
-3.40903e-06
-3.23826e-06
-3.07445e-06
-2.91737e-06
-2.76673e-06
-2.62233e-06
-2.48391e-06
-2.35126e-06
-2.22414e-06
-2.10237e-06
-1.98572e-06
-1.87401e-06
-1.76705e-06
-1.66465e-06
-1.56664e-06
-1.47285e-06
-1.38312e-06
-1.29729e-06
-1.21519e-06
-1.13671e-06
-1.06168e-06
-9.89975e-07
-9.21466e-07
-8.56025e-07
-7.9353e-07
-7.33869e-07
-6.76921e-07
-6.22585e-07
-5.70757e-07
-5.21335e-07
-4.74223e-07
-4.29327e-07
-3.8656e-07
-3.45836e-07
-3.0707e-07
-2.70185e-07
-2.35103e-07
-2.01752e-07
-1.70062e-07
-1.39961e-07
-1.11386e-07
-8.4275e-08
-5.85657e-08
-3.42006e-08
-1.11235e-08
-0.00107047
-0.00105066
-0.00103105
-0.00101163
-0.000992429
-0.000973453
-0.000954713
-0.000936215
-0.000917968
-0.000899978
-0.00088225
-0.000864787
-0.000847593
-0.000830669
-0.000814018
-0.00079764
-0.000781535
-0.000765703
-0.000750142
-0.000734853
-0.000719833
-0.00070508
-0.000690592
-0.000676367
-0.000662402
-0.000648695
-0.000635241
-0.000622039
-0.000609085
-0.000596375
-0.000583907
-0.000571677
-0.000559682
-0.000547917
-0.00053638
-0.000525067
-0.000513975
-0.000503099
-0.000492436
-0.000481984
-0.000471737
-0.000461693
-0.000451849
-0.0004422
-0.000432743
-0.000423476
-0.000414394
-0.000405494
-0.000396773
-0.000388227
-0.000379854
-0.00037165
-0.000363612
-0.000355737
-0.000348022
-0.000340463
-0.000333059
-0.000325805
-0.0003187
-0.000311739
-0.000304922
-0.000298243
-0.000291702
-0.000285295
-0.000279019
-0.000272873
-0.000266853
-0.000260957
-0.000255183
-0.000249528
-0.00024399
-0.000238566
-0.000233254
-0.000228053
-0.000222959
-0.000217971
-0.000213086
-0.000208303
-0.000203619
-0.000199032
-0.000194541
-0.000190143
-0.000185837
-0.00018162
-0.000177492
-0.000173449
-0.000169491
-0.000165615
-0.000161821
-0.000158105
-0.000154468
-0.000150906
-0.000147419
-0.000144004
-0.000140661
-0.000137388
-0.000134184
-0.000131047
-0.000127975
-0.000124968
-0.000122024
-0.000119141
-0.000116319
-0.000113556
-0.000110851
-0.000108203
-0.000105611
-0.000103073
-0.000100588
-9.81547e-05
-9.57729e-05
-9.34412e-05
-9.11584e-05
-8.89235e-05
-8.67354e-05
-8.45934e-05
-8.24962e-05
-8.04431e-05
-7.84331e-05
-7.64653e-05
-7.45387e-05
-7.26526e-05
-7.08061e-05
-6.89983e-05
-6.72285e-05
-6.54957e-05
-6.37993e-05
-6.21386e-05
-6.05126e-05
-5.89208e-05
-5.73624e-05
-5.58367e-05
-5.4343e-05
-5.28806e-05
-5.1449e-05
-5.00475e-05
-4.86754e-05
-4.73322e-05
-4.60172e-05
-4.47299e-05
-4.34698e-05
-4.22363e-05
-4.10288e-05
-3.9847e-05
-3.86902e-05
-3.7558e-05
-3.64499e-05
-3.53656e-05
-3.43045e-05
-3.32662e-05
-3.22505e-05
-3.12567e-05
-3.02847e-05
-2.93341e-05
-2.84045e-05
-2.74956e-05
-2.66071e-05
-2.57387e-05
-2.48903e-05
-2.40613e-05
-2.32518e-05
-2.24614e-05
-2.169e-05
-2.09373e-05
-2.02031e-05
-1.94873e-05
-1.87896e-05
-1.811e-05
-1.74482e-05
-1.68041e-05
-1.61775e-05
-1.55682e-05
-1.49761e-05
-1.4401e-05
-1.38427e-05
-1.33011e-05
-1.27759e-05
-1.22669e-05
-1.17739e-05
-1.12966e-05
-1.08348e-05
-1.03883e-05
-9.95668e-06
-9.53973e-06
-9.13714e-06
-8.74859e-06
-8.37379e-06
-8.01236e-06
-7.66399e-06
-7.32834e-06
-7.00507e-06
-6.69383e-06
-6.39427e-06
-6.10603e-06
-5.82876e-06
-5.56216e-06
-5.30585e-06
-5.05949e-06
-4.82278e-06
-4.59536e-06
-4.37694e-06
-4.1672e-06
-3.96583e-06
-3.77253e-06
-3.58703e-06
-3.40903e-06
-3.23826e-06
-3.07445e-06
-2.91737e-06
-2.76673e-06
-2.62233e-06
-2.48391e-06
-2.35126e-06
-2.22414e-06
-2.10237e-06
-1.98572e-06
-1.87401e-06
-1.76705e-06
-1.66465e-06
-1.56664e-06
-1.47285e-06
-1.38312e-06
-1.29729e-06
-1.21519e-06
-1.13671e-06
-1.06168e-06
-9.89975e-07
-9.21466e-07
-8.56025e-07
-7.9353e-07
-7.33869e-07
-6.76921e-07
-6.22585e-07
-5.70757e-07
-5.21335e-07
-4.74223e-07
-4.29327e-07
-3.8656e-07
-3.45836e-07
-3.0707e-07
-2.70185e-07
-2.35103e-07
-2.01752e-07
-1.70062e-07
-1.39961e-07
-1.11386e-07
-8.4275e-08
-5.85657e-08
-3.42006e-08
-1.11235e-08
)
;
    }
    outlet
    {
        type            cyclic;
        value           nonuniform List<scalar> 
1000
(
1.11235e-08
3.42006e-08
5.85657e-08
8.42749e-08
1.11386e-07
1.39961e-07
1.70061e-07
2.01753e-07
2.35104e-07
2.70185e-07
3.0707e-07
3.45835e-07
3.8656e-07
4.29327e-07
4.74222e-07
5.21335e-07
5.70757e-07
6.22586e-07
6.76921e-07
7.33867e-07
7.93531e-07
8.56025e-07
9.21467e-07
9.89976e-07
1.06168e-06
1.13671e-06
1.2152e-06
1.29728e-06
1.38312e-06
1.47285e-06
1.56664e-06
1.66465e-06
1.76705e-06
1.87401e-06
1.98572e-06
2.10237e-06
2.22414e-06
2.35125e-06
2.48391e-06
2.62233e-06
2.76674e-06
2.91737e-06
3.07446e-06
3.23826e-06
3.40903e-06
3.58703e-06
3.77254e-06
3.96583e-06
4.1672e-06
4.37694e-06
4.59537e-06
4.82278e-06
5.05949e-06
5.30584e-06
5.56216e-06
5.82877e-06
6.10602e-06
6.39426e-06
6.69383e-06
7.00507e-06
7.32835e-06
7.66399e-06
8.01236e-06
8.37378e-06
8.7486e-06
9.13714e-06
9.53973e-06
9.95667e-06
1.03883e-05
1.08348e-05
1.12966e-05
1.17739e-05
1.22669e-05
1.27759e-05
1.33011e-05
1.38428e-05
1.4401e-05
1.49761e-05
1.55682e-05
1.61774e-05
1.68041e-05
1.74482e-05
1.811e-05
1.87896e-05
1.94873e-05
2.02031e-05
2.09373e-05
2.169e-05
2.24614e-05
2.32518e-05
2.40613e-05
2.48902e-05
2.57387e-05
2.66071e-05
2.74956e-05
2.84045e-05
2.93341e-05
3.02847e-05
3.12567e-05
3.22505e-05
3.32663e-05
3.43045e-05
3.53656e-05
3.645e-05
3.7558e-05
3.86902e-05
3.9847e-05
4.10289e-05
4.22363e-05
4.34698e-05
4.47299e-05
4.60172e-05
4.73322e-05
4.86754e-05
5.00475e-05
5.1449e-05
5.28807e-05
5.4343e-05
5.58367e-05
5.73624e-05
5.89208e-05
6.05126e-05
6.21386e-05
6.37993e-05
6.54957e-05
6.72284e-05
6.89983e-05
7.08061e-05
7.26526e-05
7.45387e-05
7.64653e-05
7.84331e-05
8.04431e-05
8.24962e-05
8.45934e-05
8.67354e-05
8.89235e-05
9.11584e-05
9.34412e-05
9.5773e-05
9.81547e-05
0.000100588
0.000103072
0.000105611
0.000108203
0.000110851
0.000113556
0.000116319
0.000119141
0.000122024
0.000124968
0.000127975
0.000131047
0.000134184
0.000137388
0.000140661
0.000144004
0.000147418
0.000150906
0.000154468
0.000158105
0.000161821
0.000165615
0.000169491
0.000173449
0.000177492
0.00018162
0.000185837
0.000190143
0.000194541
0.000199032
0.000203619
0.000208303
0.000213086
0.000217971
0.000222959
0.000228053
0.000233254
0.000238566
0.00024399
0.000249528
0.000255183
0.000260957
0.000266853
0.000272873
0.000279019
0.000285295
0.000291702
0.000298243
0.000304922
0.000311739
0.0003187
0.000325805
0.000333059
0.000340463
0.000348022
0.000355737
0.000363612
0.00037165
0.000379854
0.000388227
0.000396773
0.000405494
0.000414394
0.000423476
0.000432743
0.0004422
0.000451849
0.000461693
0.000471737
0.000481984
0.000492436
0.000503099
0.000513975
0.000525067
0.00053638
0.000547917
0.000559682
0.000571677
0.000583907
0.000596375
0.000609085
0.000622039
0.000635241
0.000648695
0.000662402
0.000676367
0.000690592
0.00070508
0.000719833
0.000734853
0.000750142
0.000765703
0.000781535
0.00079764
0.000814018
0.000830669
0.000847593
0.000864787
0.00088225
0.000899978
0.000917968
0.000936215
0.000954712
0.000973453
0.000992429
0.00101163
0.00103105
0.00105066
0.00107047
1.11235e-08
3.42006e-08
5.85657e-08
8.42749e-08
1.11386e-07
1.39961e-07
1.70061e-07
2.01753e-07
2.35104e-07
2.70185e-07
3.0707e-07
3.45835e-07
3.8656e-07
4.29327e-07
4.74222e-07
5.21335e-07
5.70757e-07
6.22586e-07
6.76921e-07
7.33867e-07
7.93531e-07
8.56025e-07
9.21467e-07
9.89976e-07
1.06168e-06
1.13671e-06
1.2152e-06
1.29728e-06
1.38312e-06
1.47285e-06
1.56664e-06
1.66465e-06
1.76705e-06
1.87401e-06
1.98572e-06
2.10237e-06
2.22414e-06
2.35125e-06
2.48391e-06
2.62233e-06
2.76674e-06
2.91737e-06
3.07446e-06
3.23826e-06
3.40903e-06
3.58703e-06
3.77254e-06
3.96583e-06
4.1672e-06
4.37694e-06
4.59537e-06
4.82278e-06
5.05949e-06
5.30584e-06
5.56216e-06
5.82877e-06
6.10602e-06
6.39426e-06
6.69383e-06
7.00507e-06
7.32835e-06
7.66399e-06
8.01236e-06
8.37378e-06
8.7486e-06
9.13714e-06
9.53973e-06
9.95667e-06
1.03883e-05
1.08348e-05
1.12966e-05
1.17739e-05
1.22669e-05
1.27759e-05
1.33011e-05
1.38428e-05
1.4401e-05
1.49761e-05
1.55682e-05
1.61774e-05
1.68041e-05
1.74482e-05
1.811e-05
1.87896e-05
1.94873e-05
2.02031e-05
2.09373e-05
2.169e-05
2.24614e-05
2.32518e-05
2.40613e-05
2.48902e-05
2.57387e-05
2.66071e-05
2.74956e-05
2.84045e-05
2.93341e-05
3.02847e-05
3.12567e-05
3.22505e-05
3.32663e-05
3.43045e-05
3.53656e-05
3.645e-05
3.7558e-05
3.86902e-05
3.9847e-05
4.10289e-05
4.22363e-05
4.34698e-05
4.47299e-05
4.60172e-05
4.73322e-05
4.86754e-05
5.00475e-05
5.1449e-05
5.28807e-05
5.4343e-05
5.58367e-05
5.73624e-05
5.89208e-05
6.05126e-05
6.21386e-05
6.37993e-05
6.54957e-05
6.72284e-05
6.89983e-05
7.08061e-05
7.26526e-05
7.45387e-05
7.64653e-05
7.84331e-05
8.04431e-05
8.24962e-05
8.45934e-05
8.67354e-05
8.89235e-05
9.11584e-05
9.34412e-05
9.5773e-05
9.81547e-05
0.000100588
0.000103072
0.000105611
0.000108203
0.000110851
0.000113556
0.000116319
0.000119141
0.000122024
0.000124968
0.000127975
0.000131047
0.000134184
0.000137388
0.000140661
0.000144004
0.000147418
0.000150906
0.000154468
0.000158105
0.000161821
0.000165615
0.000169491
0.000173449
0.000177492
0.00018162
0.000185837
0.000190143
0.000194541
0.000199032
0.000203619
0.000208303
0.000213086
0.000217971
0.000222959
0.000228053
0.000233254
0.000238566
0.00024399
0.000249528
0.000255183
0.000260957
0.000266853
0.000272873
0.000279019
0.000285295
0.000291702
0.000298243
0.000304922
0.000311739
0.0003187
0.000325805
0.000333059
0.000340463
0.000348022
0.000355737
0.000363612
0.00037165
0.000379854
0.000388227
0.000396773
0.000405494
0.000414394
0.000423476
0.000432743
0.0004422
0.000451849
0.000461693
0.000471737
0.000481984
0.000492436
0.000503099
0.000513975
0.000525067
0.00053638
0.000547917
0.000559682
0.000571677
0.000583907
0.000596375
0.000609085
0.000622039
0.000635241
0.000648695
0.000662402
0.000676367
0.000690592
0.00070508
0.000719833
0.000734853
0.000750142
0.000765703
0.000781535
0.00079764
0.000814018
0.000830669
0.000847593
0.000864787
0.00088225
0.000899978
0.000917968
0.000936215
0.000954712
0.000973453
0.000992429
0.00101163
0.00103105
0.00105066
0.00107047
0.00107047
0.00105066
0.00103105
0.00101163
0.000992429
0.000973453
0.000954713
0.000936215
0.000917968
0.000899978
0.00088225
0.000864787
0.000847593
0.000830669
0.000814018
0.00079764
0.000781535
0.000765703
0.000750142
0.000734853
0.000719833
0.00070508
0.000690592
0.000676367
0.000662402
0.000648695
0.000635241
0.000622039
0.000609085
0.000596375
0.000583907
0.000571677
0.000559682
0.000547917
0.00053638
0.000525067
0.000513975
0.000503099
0.000492436
0.000481984
0.000471737
0.000461693
0.000451849
0.0004422
0.000432743
0.000423476
0.000414394
0.000405494
0.000396773
0.000388227
0.000379854
0.00037165
0.000363612
0.000355737
0.000348022
0.000340463
0.000333059
0.000325805
0.0003187
0.000311739
0.000304922
0.000298243
0.000291702
0.000285295
0.000279019
0.000272873
0.000266853
0.000260957
0.000255183
0.000249528
0.00024399
0.000238566
0.000233254
0.000228053
0.000222959
0.000217971
0.000213086
0.000208303
0.000203619
0.000199032
0.000194541
0.000190143
0.000185837
0.00018162
0.000177492
0.000173449
0.000169491
0.000165615
0.000161821
0.000158105
0.000154468
0.000150906
0.000147419
0.000144004
0.000140661
0.000137388
0.000134184
0.000131047
0.000127975
0.000124968
0.000122024
0.000119141
0.000116319
0.000113556
0.000110851
0.000108203
0.000105611
0.000103073
0.000100588
9.81547e-05
9.57729e-05
9.34412e-05
9.11584e-05
8.89235e-05
8.67354e-05
8.45934e-05
8.24962e-05
8.04431e-05
7.84331e-05
7.64653e-05
7.45387e-05
7.26526e-05
7.08061e-05
6.89983e-05
6.72285e-05
6.54957e-05
6.37993e-05
6.21386e-05
6.05126e-05
5.89208e-05
5.73624e-05
5.58367e-05
5.4343e-05
5.28806e-05
5.1449e-05
5.00475e-05
4.86754e-05
4.73322e-05
4.60172e-05
4.47299e-05
4.34698e-05
4.22363e-05
4.10288e-05
3.9847e-05
3.86902e-05
3.7558e-05
3.64499e-05
3.53656e-05
3.43045e-05
3.32662e-05
3.22505e-05
3.12567e-05
3.02847e-05
2.93341e-05
2.84045e-05
2.74956e-05
2.66071e-05
2.57387e-05
2.48903e-05
2.40613e-05
2.32518e-05
2.24614e-05
2.169e-05
2.09373e-05
2.02031e-05
1.94873e-05
1.87896e-05
1.811e-05
1.74482e-05
1.68041e-05
1.61775e-05
1.55682e-05
1.49761e-05
1.4401e-05
1.38427e-05
1.33011e-05
1.27759e-05
1.22669e-05
1.17739e-05
1.12966e-05
1.08348e-05
1.03883e-05
9.95668e-06
9.53973e-06
9.13714e-06
8.74859e-06
8.37379e-06
8.01236e-06
7.66399e-06
7.32834e-06
7.00507e-06
6.69383e-06
6.39427e-06
6.10603e-06
5.82876e-06
5.56216e-06
5.30585e-06
5.05949e-06
4.82278e-06
4.59536e-06
4.37694e-06
4.1672e-06
3.96583e-06
3.77253e-06
3.58703e-06
3.40903e-06
3.23826e-06
3.07445e-06
2.91737e-06
2.76673e-06
2.62233e-06
2.48391e-06
2.35126e-06
2.22414e-06
2.10237e-06
1.98572e-06
1.87401e-06
1.76705e-06
1.66465e-06
1.56664e-06
1.47285e-06
1.38312e-06
1.29729e-06
1.21519e-06
1.13671e-06
1.06168e-06
9.89975e-07
9.21466e-07
8.56025e-07
7.9353e-07
7.33869e-07
6.76921e-07
6.22585e-07
5.70757e-07
5.21335e-07
4.74223e-07
4.29327e-07
3.8656e-07
3.45836e-07
3.0707e-07
2.70185e-07
2.35103e-07
2.01752e-07
1.70062e-07
1.39961e-07
1.11386e-07
8.4275e-08
5.85657e-08
3.42006e-08
1.11235e-08
0.00107047
0.00105066
0.00103105
0.00101163
0.000992429
0.000973453
0.000954713
0.000936215
0.000917968
0.000899978
0.00088225
0.000864787
0.000847593
0.000830669
0.000814018
0.00079764
0.000781535
0.000765703
0.000750142
0.000734853
0.000719833
0.00070508
0.000690592
0.000676367
0.000662402
0.000648695
0.000635241
0.000622039
0.000609085
0.000596375
0.000583907
0.000571677
0.000559682
0.000547917
0.00053638
0.000525067
0.000513975
0.000503099
0.000492436
0.000481984
0.000471737
0.000461693
0.000451849
0.0004422
0.000432743
0.000423476
0.000414394
0.000405494
0.000396773
0.000388227
0.000379854
0.00037165
0.000363612
0.000355737
0.000348022
0.000340463
0.000333059
0.000325805
0.0003187
0.000311739
0.000304922
0.000298243
0.000291702
0.000285295
0.000279019
0.000272873
0.000266853
0.000260957
0.000255183
0.000249528
0.00024399
0.000238566
0.000233254
0.000228053
0.000222959
0.000217971
0.000213086
0.000208303
0.000203619
0.000199032
0.000194541
0.000190143
0.000185837
0.00018162
0.000177492
0.000173449
0.000169491
0.000165615
0.000161821
0.000158105
0.000154468
0.000150906
0.000147419
0.000144004
0.000140661
0.000137388
0.000134184
0.000131047
0.000127975
0.000124968
0.000122024
0.000119141
0.000116319
0.000113556
0.000110851
0.000108203
0.000105611
0.000103073
0.000100588
9.81547e-05
9.57729e-05
9.34412e-05
9.11584e-05
8.89235e-05
8.67354e-05
8.45934e-05
8.24962e-05
8.04431e-05
7.84331e-05
7.64653e-05
7.45387e-05
7.26526e-05
7.08061e-05
6.89983e-05
6.72285e-05
6.54957e-05
6.37993e-05
6.21386e-05
6.05126e-05
5.89208e-05
5.73624e-05
5.58367e-05
5.4343e-05
5.28806e-05
5.1449e-05
5.00475e-05
4.86754e-05
4.73322e-05
4.60172e-05
4.47299e-05
4.34698e-05
4.22363e-05
4.10288e-05
3.9847e-05
3.86902e-05
3.7558e-05
3.64499e-05
3.53656e-05
3.43045e-05
3.32662e-05
3.22505e-05
3.12567e-05
3.02847e-05
2.93341e-05
2.84045e-05
2.74956e-05
2.66071e-05
2.57387e-05
2.48903e-05
2.40613e-05
2.32518e-05
2.24614e-05
2.169e-05
2.09373e-05
2.02031e-05
1.94873e-05
1.87896e-05
1.811e-05
1.74482e-05
1.68041e-05
1.61775e-05
1.55682e-05
1.49761e-05
1.4401e-05
1.38427e-05
1.33011e-05
1.27759e-05
1.22669e-05
1.17739e-05
1.12966e-05
1.08348e-05
1.03883e-05
9.95668e-06
9.53973e-06
9.13714e-06
8.74859e-06
8.37379e-06
8.01236e-06
7.66399e-06
7.32834e-06
7.00507e-06
6.69383e-06
6.39427e-06
6.10603e-06
5.82876e-06
5.56216e-06
5.30585e-06
5.05949e-06
4.82278e-06
4.59536e-06
4.37694e-06
4.1672e-06
3.96583e-06
3.77253e-06
3.58703e-06
3.40903e-06
3.23826e-06
3.07445e-06
2.91737e-06
2.76673e-06
2.62233e-06
2.48391e-06
2.35126e-06
2.22414e-06
2.10237e-06
1.98572e-06
1.87401e-06
1.76705e-06
1.66465e-06
1.56664e-06
1.47285e-06
1.38312e-06
1.29729e-06
1.21519e-06
1.13671e-06
1.06168e-06
9.89975e-07
9.21466e-07
8.56025e-07
7.9353e-07
7.33869e-07
6.76921e-07
6.22585e-07
5.70757e-07
5.21335e-07
4.74223e-07
4.29327e-07
3.8656e-07
3.45836e-07
3.0707e-07
2.70185e-07
2.35103e-07
2.01752e-07
1.70062e-07
1.39961e-07
1.11386e-07
8.4275e-08
5.85657e-08
3.42006e-08
1.11235e-08
)
;
    }
    sides
    {
        type            empty;
        value           nonuniform List<scalar> 0();
    }
}


// ************************************************************************* //
