/*--------------------------------*- C++ -*----------------------------------*\
| =========                 |                                                 |
| \\      /  F ield         | OpenFOAM: The Open Source CFD Toolbox           |
|  \\    /   O peration     | Version:  2106                                  |
|   \\  /    A nd           | Website:  www.openfoam.com                      |
|    \\/     M anipulation  |                                                 |
\*---------------------------------------------------------------------------*/
FoamFile
{
    version     2.0;
    format      ascii;
    arch        "LSB;label=32;scalar=64";
    class       volScalarField;
    location    "10090";
    object      T;
}
// * * * * * * * * * * * * * * * * * * * * * * * * * * * * * * * * * * * * * //

dimensions      [0 0 0 1 0 0 0];

internalField   nonuniform List<scalar> 
2000
(
0.0118275
0.0118275
0.0357034
0.0357034
0.0600249
0.0600249
0.0848004
0.0848004
0.110038
0.110038
0.135747
0.135747
0.161936
0.161936
0.188614
0.188614
0.215789
0.215789
0.243472
0.243472
0.271671
0.271671
0.300396
0.300396
0.329658
0.329658
0.359465
0.359465
0.389828
0.389828
0.420758
0.420758
0.452265
0.452265
0.48436
0.48436
0.517054
0.517054
0.550357
0.550357
0.584281
0.584281
0.618838
0.618838
0.654039
0.654039
0.689896
0.689896
0.726422
0.726422
0.763629
0.763629
0.801528
0.801528
0.840134
0.840134
0.879459
0.879459
0.919516
0.919516
0.960318
0.960318
1.00188
1.00188
1.04421
1.04421
1.08733
1.08733
1.13126
1.13126
1.17599
1.17599
1.22156
1.22156
1.26797
1.26797
1.31524
1.31524
1.36338
1.36338
1.41241
1.41241
1.46234
1.46234
1.51318
1.51318
1.56496
1.56496
1.61769
1.61769
1.67138
1.67138
1.72604
1.72604
1.78168
1.78168
1.83833
1.83833
1.89599
1.89599
1.95467
1.95467
2.01439
2.01439
2.07515
2.07515
2.13697
2.13697
2.19984
2.19984
2.26378
2.26378
2.32879
2.32879
2.39487
2.39487
2.46202
2.46202
2.53023
2.53023
2.59951
2.59951
2.66984
2.66984
2.74121
2.74121
2.81361
2.81361
2.88702
2.88702
2.96141
2.96141
3.03677
3.03677
3.11305
3.11305
3.19024
3.19024
3.26828
3.26828
3.34714
3.34714
3.42678
3.42678
3.50715
3.50715
3.58819
3.58819
3.66985
3.66985
3.75208
3.75208
3.83482
3.83482
3.918
3.918
4.00157
4.00157
4.08547
4.08547
4.16963
4.16963
4.25399
4.25399
4.33849
4.33849
4.42307
4.42307
4.50768
4.50768
4.59225
4.59225
4.67673
4.67673
4.76107
4.76107
4.84523
4.84523
4.92915
4.92915
5.0128
5.0128
5.09613
5.09613
5.17911
5.17911
5.26171
5.26171
5.34389
5.34389
5.42563
5.42563
5.5069
5.5069
5.58768
5.58768
5.66795
5.66795
5.7477
5.7477
5.82692
5.82692
5.90558
5.90558
5.98369
5.98369
6.06123
6.06123
6.1382
6.1382
6.21459
6.21459
6.29041
6.29041
6.36564
6.36564
6.4403
6.4403
6.51437
6.51437
6.58788
6.58788
6.66081
6.66081
6.73317
6.73317
6.80496
6.80496
6.8762
6.8762
6.94688
6.94688
7.01702
7.01702
7.08662
7.08662
7.15569
7.15569
7.22423
7.22423
7.29225
7.29225
7.35977
7.35977
7.42678
7.42678
7.49331
7.49331
7.55934
7.55934
7.6249
7.6249
7.69
7.69
7.75463
7.75463
7.81881
7.81881
7.88255
7.88255
7.94586
7.94586
8.00874
8.00874
8.0712
8.0712
8.13326
8.13326
8.19491
8.19491
8.25617
8.25617
8.31704
8.31704
8.37753
8.37753
8.43766
8.43766
8.49742
8.49742
8.55683
8.55683
8.61589
8.61589
8.6746
8.6746
8.73299
8.73299
8.79104
8.79104
8.84878
8.84878
8.90619
8.90619
8.96331
8.96331
9.02011
9.02011
9.07663
9.07663
9.13285
9.13285
9.18878
9.18878
9.24444
9.24444
9.29982
9.29982
9.35494
9.35494
9.40979
9.40979
9.46438
9.46438
9.51872
9.51872
9.57281
9.57281
9.62665
9.62665
9.68025
9.68025
9.73362
9.73362
9.78675
9.78675
9.83965
9.83965
9.89233
9.89233
9.94478
9.94478
9.99702
9.99702
10.049
10.049
10.1008
10.1008
10.1524
10.1524
10.2038
10.2038
10.255
10.255
10.306
10.306
10.3568
10.3568
10.4074
10.4074
10.4578
10.4578
10.508
10.508
10.558
10.558
10.6078
10.6078
10.6574
10.6574
10.7068
10.7068
10.7561
10.7561
10.8051
10.8051
10.854
10.854
10.9026
10.9026
10.9511
10.9511
10.9994
10.9994
11.0475
11.0475
11.0954
11.0954
11.1431
11.1431
11.1907
11.1907
11.238
11.238
11.2851
11.2851
11.3321
11.3321
11.3788
11.3788
11.4253
11.4253
11.4717
11.4717
11.5178
11.5178
11.5637
11.5637
11.6093
11.6093
11.6548
11.6548
11.7
11.7
11.745
11.745
11.7897
11.7897
11.8342
11.8342
11.8785
11.8785
11.9225
11.9225
11.9662
11.9662
12.0096
12.0096
12.0528
12.0528
12.0956
12.0956
12.1382
12.1382
12.1804
12.1804
12.2223
12.2223
12.2638
12.2638
12.305
12.305
12.3458
12.3458
12.3862
12.3862
12.4262
12.4262
12.4658
12.4658
12.5049
12.5049
12.5436
12.5436
12.5817
12.5817
12.6194
12.6194
12.6565
12.6565
12.693
12.693
12.7289
12.7289
12.7641
12.7641
12.7987
12.7987
12.8325
12.8325
12.8656
12.8656
12.8979
12.8979
12.9293
12.9293
12.9598
12.9598
12.9893
12.9893
13.0177
13.0177
13.0451
13.0451
13.0712
13.0712
13.0961
13.0961
13.1196
13.1196
13.1416
13.1416
13.162
13.162
13.1807
13.1807
13.1976
13.1976
13.2126
13.2126
13.2254
13.2254
13.236
13.236
13.2442
13.2442
13.2498
13.2498
13.2527
13.2527
0.0118275
0.0118275
0.0357034
0.0357034
0.0600249
0.0600249
0.0848004
0.0848004
0.110038
0.110038
0.135747
0.135747
0.161936
0.161936
0.188614
0.188614
0.215789
0.215789
0.243472
0.243472
0.271671
0.271671
0.300396
0.300396
0.329658
0.329658
0.359465
0.359465
0.389828
0.389828
0.420758
0.420758
0.452265
0.452265
0.48436
0.48436
0.517054
0.517054
0.550357
0.550357
0.584281
0.584281
0.618838
0.618838
0.654039
0.654039
0.689896
0.689896
0.726422
0.726422
0.763629
0.763629
0.801528
0.801528
0.840134
0.840134
0.879459
0.879459
0.919516
0.919516
0.960318
0.960318
1.00188
1.00188
1.04421
1.04421
1.08733
1.08733
1.13126
1.13126
1.17599
1.17599
1.22156
1.22156
1.26797
1.26797
1.31524
1.31524
1.36338
1.36338
1.41241
1.41241
1.46234
1.46234
1.51318
1.51318
1.56496
1.56496
1.61769
1.61769
1.67138
1.67138
1.72604
1.72604
1.78168
1.78168
1.83833
1.83833
1.89599
1.89599
1.95467
1.95467
2.01439
2.01439
2.07515
2.07515
2.13697
2.13697
2.19984
2.19984
2.26378
2.26378
2.32879
2.32879
2.39487
2.39487
2.46202
2.46202
2.53023
2.53023
2.59951
2.59951
2.66984
2.66984
2.74121
2.74121
2.81361
2.81361
2.88702
2.88702
2.96141
2.96141
3.03677
3.03677
3.11305
3.11305
3.19024
3.19024
3.26828
3.26828
3.34714
3.34714
3.42678
3.42678
3.50715
3.50715
3.58819
3.58819
3.66985
3.66985
3.75208
3.75208
3.83482
3.83482
3.918
3.918
4.00157
4.00157
4.08547
4.08547
4.16963
4.16963
4.25399
4.25399
4.33849
4.33849
4.42307
4.42307
4.50768
4.50768
4.59225
4.59225
4.67673
4.67673
4.76107
4.76107
4.84523
4.84523
4.92915
4.92915
5.0128
5.0128
5.09613
5.09613
5.17911
5.17911
5.26171
5.26171
5.34389
5.34389
5.42563
5.42563
5.5069
5.5069
5.58768
5.58768
5.66795
5.66795
5.7477
5.7477
5.82692
5.82692
5.90558
5.90558
5.98369
5.98369
6.06123
6.06123
6.1382
6.1382
6.21459
6.21459
6.29041
6.29041
6.36564
6.36564
6.4403
6.4403
6.51437
6.51437
6.58788
6.58788
6.66081
6.66081
6.73317
6.73317
6.80496
6.80496
6.8762
6.8762
6.94688
6.94688
7.01702
7.01702
7.08662
7.08662
7.15569
7.15569
7.22423
7.22423
7.29225
7.29225
7.35977
7.35977
7.42678
7.42678
7.49331
7.49331
7.55934
7.55934
7.6249
7.6249
7.69
7.69
7.75463
7.75463
7.81881
7.81881
7.88255
7.88255
7.94586
7.94586
8.00874
8.00874
8.0712
8.0712
8.13326
8.13326
8.19491
8.19491
8.25617
8.25617
8.31704
8.31704
8.37753
8.37753
8.43766
8.43766
8.49742
8.49742
8.55683
8.55683
8.61589
8.61589
8.6746
8.6746
8.73299
8.73299
8.79104
8.79104
8.84878
8.84878
8.90619
8.90619
8.96331
8.96331
9.02011
9.02011
9.07663
9.07663
9.13285
9.13285
9.18878
9.18878
9.24444
9.24444
9.29982
9.29982
9.35494
9.35494
9.40979
9.40979
9.46438
9.46438
9.51872
9.51872
9.57281
9.57281
9.62665
9.62665
9.68025
9.68025
9.73362
9.73362
9.78675
9.78675
9.83965
9.83965
9.89233
9.89233
9.94478
9.94478
9.99702
9.99702
10.049
10.049
10.1008
10.1008
10.1524
10.1524
10.2038
10.2038
10.255
10.255
10.306
10.306
10.3568
10.3568
10.4074
10.4074
10.4578
10.4578
10.508
10.508
10.558
10.558
10.6078
10.6078
10.6574
10.6574
10.7068
10.7068
10.7561
10.7561
10.8051
10.8051
10.854
10.854
10.9026
10.9026
10.9511
10.9511
10.9994
10.9994
11.0475
11.0475
11.0954
11.0954
11.1431
11.1431
11.1907
11.1907
11.238
11.238
11.2851
11.2851
11.3321
11.3321
11.3788
11.3788
11.4253
11.4253
11.4717
11.4717
11.5178
11.5178
11.5637
11.5637
11.6093
11.6093
11.6548
11.6548
11.7
11.7
11.745
11.745
11.7897
11.7897
11.8342
11.8342
11.8785
11.8785
11.9225
11.9225
11.9662
11.9662
12.0096
12.0096
12.0528
12.0528
12.0956
12.0956
12.1382
12.1382
12.1804
12.1804
12.2223
12.2223
12.2638
12.2638
12.305
12.305
12.3458
12.3458
12.3862
12.3862
12.4262
12.4262
12.4658
12.4658
12.5049
12.5049
12.5436
12.5436
12.5817
12.5817
12.6194
12.6194
12.6565
12.6565
12.693
12.693
12.7289
12.7289
12.7641
12.7641
12.7987
12.7987
12.8325
12.8325
12.8656
12.8656
12.8979
12.8979
12.9293
12.9293
12.9598
12.9598
12.9893
12.9893
13.0177
13.0177
13.0451
13.0451
13.0712
13.0712
13.0961
13.0961
13.1196
13.1196
13.1416
13.1416
13.162
13.162
13.1807
13.1807
13.1976
13.1976
13.2126
13.2126
13.2254
13.2254
13.236
13.236
13.2442
13.2442
13.2498
13.2498
13.2527
13.2527
13.2527
13.2527
13.2498
13.2498
13.2442
13.2442
13.236
13.236
13.2254
13.2254
13.2126
13.2126
13.1976
13.1976
13.1807
13.1807
13.162
13.162
13.1416
13.1416
13.1196
13.1196
13.0961
13.0961
13.0712
13.0712
13.0451
13.0451
13.0177
13.0177
12.9893
12.9893
12.9598
12.9598
12.9293
12.9293
12.8979
12.8979
12.8656
12.8656
12.8325
12.8325
12.7987
12.7987
12.7641
12.7641
12.7289
12.7289
12.693
12.693
12.6565
12.6565
12.6194
12.6194
12.5817
12.5817
12.5436
12.5436
12.5049
12.5049
12.4658
12.4658
12.4262
12.4262
12.3862
12.3862
12.3458
12.3458
12.305
12.305
12.2638
12.2638
12.2223
12.2223
12.1804
12.1804
12.1382
12.1382
12.0956
12.0956
12.0528
12.0528
12.0096
12.0096
11.9662
11.9662
11.9225
11.9225
11.8785
11.8785
11.8342
11.8342
11.7897
11.7897
11.745
11.745
11.7
11.7
11.6548
11.6548
11.6093
11.6093
11.5637
11.5637
11.5178
11.5178
11.4717
11.4717
11.4253
11.4253
11.3788
11.3788
11.3321
11.3321
11.2851
11.2851
11.238
11.238
11.1907
11.1907
11.1431
11.1431
11.0954
11.0954
11.0475
11.0475
10.9994
10.9994
10.9511
10.9511
10.9026
10.9026
10.854
10.854
10.8051
10.8051
10.7561
10.7561
10.7068
10.7068
10.6574
10.6574
10.6078
10.6078
10.558
10.558
10.508
10.508
10.4578
10.4578
10.4074
10.4074
10.3568
10.3568
10.306
10.306
10.255
10.255
10.2038
10.2038
10.1524
10.1524
10.1008
10.1008
10.049
10.049
9.99702
9.99702
9.94478
9.94478
9.89233
9.89233
9.83965
9.83965
9.78675
9.78675
9.73362
9.73362
9.68025
9.68025
9.62665
9.62665
9.57281
9.57281
9.51872
9.51872
9.46438
9.46438
9.40979
9.40979
9.35494
9.35494
9.29982
9.29982
9.24444
9.24444
9.18878
9.18878
9.13285
9.13285
9.07663
9.07663
9.02011
9.02011
8.96331
8.96331
8.90619
8.90619
8.84878
8.84878
8.79104
8.79104
8.73299
8.73299
8.6746
8.6746
8.61589
8.61589
8.55683
8.55683
8.49742
8.49742
8.43766
8.43766
8.37753
8.37753
8.31704
8.31704
8.25617
8.25617
8.19491
8.19491
8.13325
8.13325
8.0712
8.0712
8.00874
8.00874
7.94586
7.94586
7.88255
7.88255
7.81881
7.81881
7.75463
7.75463
7.69
7.69
7.6249
7.6249
7.55934
7.55934
7.4933
7.4933
7.42678
7.42678
7.35977
7.35977
7.29225
7.29225
7.22423
7.22423
7.15569
7.15569
7.08662
7.08662
7.01702
7.01702
6.94688
6.94688
6.8762
6.8762
6.80496
6.80496
6.73317
6.73317
6.66081
6.66081
6.58788
6.58788
6.51437
6.51437
6.4403
6.4403
6.36564
6.36564
6.29041
6.29041
6.21459
6.21459
6.1382
6.1382
6.06123
6.06123
5.98369
5.98369
5.90558
5.90558
5.82692
5.82692
5.7477
5.7477
5.66795
5.66795
5.58768
5.58768
5.5069
5.5069
5.42563
5.42563
5.34389
5.34389
5.26171
5.26171
5.17911
5.17911
5.09613
5.09613
5.0128
5.0128
4.92915
4.92915
4.84523
4.84523
4.76107
4.76107
4.67673
4.67673
4.59225
4.59225
4.50768
4.50768
4.42307
4.42307
4.33849
4.33849
4.25399
4.25399
4.16963
4.16963
4.08547
4.08547
4.00157
4.00157
3.918
3.918
3.83482
3.83482
3.75208
3.75208
3.66985
3.66985
3.58819
3.58819
3.50715
3.50715
3.42678
3.42678
3.34714
3.34714
3.26828
3.26828
3.19024
3.19024
3.11305
3.11305
3.03677
3.03677
2.96141
2.96141
2.88702
2.88702
2.81361
2.81361
2.74121
2.74121
2.66984
2.66984
2.59951
2.59951
2.53023
2.53023
2.46202
2.46202
2.39487
2.39487
2.32879
2.32879
2.26378
2.26378
2.19984
2.19984
2.13697
2.13697
2.07515
2.07515
2.01439
2.01439
1.95467
1.95467
1.89599
1.89599
1.83833
1.83833
1.78168
1.78168
1.72604
1.72604
1.67138
1.67138
1.61769
1.61769
1.56496
1.56496
1.51318
1.51318
1.46234
1.46234
1.41241
1.41241
1.36338
1.36338
1.31524
1.31524
1.26797
1.26797
1.22156
1.22156
1.17599
1.17599
1.13126
1.13126
1.08733
1.08733
1.04421
1.04421
1.00188
1.00188
0.960318
0.960318
0.919516
0.919516
0.879459
0.879459
0.840134
0.840134
0.801528
0.801528
0.763629
0.763629
0.726422
0.726422
0.689896
0.689896
0.654039
0.654039
0.618838
0.618838
0.584281
0.584281
0.550357
0.550357
0.517053
0.517053
0.48436
0.48436
0.452265
0.452265
0.420758
0.420758
0.389828
0.389828
0.359465
0.359465
0.329658
0.329658
0.300396
0.300396
0.271671
0.271671
0.243472
0.243472
0.215789
0.215789
0.188614
0.188614
0.161936
0.161936
0.135747
0.135747
0.110038
0.110038
0.0848004
0.0848004
0.0600249
0.0600249
0.0357034
0.0357034
0.0118276
0.0118276
13.2527
13.2527
13.2498
13.2498
13.2442
13.2442
13.236
13.236
13.2254
13.2254
13.2126
13.2126
13.1976
13.1976
13.1807
13.1807
13.162
13.162
13.1416
13.1416
13.1196
13.1196
13.0961
13.0961
13.0712
13.0712
13.0451
13.0451
13.0177
13.0177
12.9893
12.9893
12.9598
12.9598
12.9293
12.9293
12.8979
12.8979
12.8656
12.8656
12.8325
12.8325
12.7987
12.7987
12.7641
12.7641
12.7289
12.7289
12.693
12.693
12.6565
12.6565
12.6194
12.6194
12.5817
12.5817
12.5436
12.5436
12.5049
12.5049
12.4658
12.4658
12.4262
12.4262
12.3862
12.3862
12.3458
12.3458
12.305
12.305
12.2638
12.2638
12.2223
12.2223
12.1804
12.1804
12.1382
12.1382
12.0956
12.0956
12.0528
12.0528
12.0096
12.0096
11.9662
11.9662
11.9225
11.9225
11.8785
11.8785
11.8342
11.8342
11.7897
11.7897
11.745
11.745
11.7
11.7
11.6548
11.6548
11.6093
11.6093
11.5637
11.5637
11.5178
11.5178
11.4717
11.4717
11.4253
11.4253
11.3788
11.3788
11.3321
11.3321
11.2851
11.2851
11.238
11.238
11.1907
11.1907
11.1431
11.1431
11.0954
11.0954
11.0475
11.0475
10.9994
10.9994
10.9511
10.9511
10.9026
10.9026
10.854
10.854
10.8051
10.8051
10.7561
10.7561
10.7068
10.7068
10.6574
10.6574
10.6078
10.6078
10.558
10.558
10.508
10.508
10.4578
10.4578
10.4074
10.4074
10.3568
10.3568
10.306
10.306
10.255
10.255
10.2038
10.2038
10.1524
10.1524
10.1008
10.1008
10.049
10.049
9.99702
9.99702
9.94478
9.94478
9.89233
9.89233
9.83965
9.83965
9.78675
9.78675
9.73362
9.73362
9.68025
9.68025
9.62665
9.62665
9.57281
9.57281
9.51872
9.51872
9.46438
9.46438
9.40979
9.40979
9.35494
9.35494
9.29982
9.29982
9.24444
9.24444
9.18878
9.18878
9.13285
9.13285
9.07663
9.07663
9.02011
9.02011
8.96331
8.96331
8.90619
8.90619
8.84878
8.84878
8.79104
8.79104
8.73299
8.73299
8.6746
8.6746
8.61589
8.61589
8.55683
8.55683
8.49742
8.49742
8.43766
8.43766
8.37753
8.37753
8.31704
8.31704
8.25617
8.25617
8.19491
8.19491
8.13325
8.13325
8.0712
8.0712
8.00874
8.00874
7.94586
7.94586
7.88255
7.88255
7.81881
7.81881
7.75463
7.75463
7.69
7.69
7.6249
7.6249
7.55934
7.55934
7.4933
7.4933
7.42678
7.42678
7.35977
7.35977
7.29225
7.29225
7.22423
7.22423
7.15569
7.15569
7.08662
7.08662
7.01702
7.01702
6.94688
6.94688
6.8762
6.8762
6.80496
6.80496
6.73317
6.73317
6.66081
6.66081
6.58788
6.58788
6.51437
6.51437
6.4403
6.4403
6.36564
6.36564
6.29041
6.29041
6.21459
6.21459
6.1382
6.1382
6.06123
6.06123
5.98369
5.98369
5.90558
5.90558
5.82692
5.82692
5.7477
5.7477
5.66795
5.66795
5.58768
5.58768
5.5069
5.5069
5.42563
5.42563
5.34389
5.34389
5.26171
5.26171
5.17911
5.17911
5.09613
5.09613
5.0128
5.0128
4.92915
4.92915
4.84523
4.84523
4.76107
4.76107
4.67673
4.67673
4.59225
4.59225
4.50768
4.50768
4.42307
4.42307
4.33849
4.33849
4.25399
4.25399
4.16963
4.16963
4.08547
4.08547
4.00157
4.00157
3.918
3.918
3.83482
3.83482
3.75208
3.75208
3.66985
3.66985
3.58819
3.58819
3.50715
3.50715
3.42678
3.42678
3.34714
3.34714
3.26828
3.26828
3.19024
3.19024
3.11305
3.11305
3.03677
3.03677
2.96141
2.96141
2.88702
2.88702
2.81361
2.81361
2.74121
2.74121
2.66984
2.66984
2.59951
2.59951
2.53023
2.53023
2.46202
2.46202
2.39487
2.39487
2.32879
2.32879
2.26378
2.26378
2.19984
2.19984
2.13697
2.13697
2.07515
2.07515
2.01439
2.01439
1.95467
1.95467
1.89599
1.89599
1.83833
1.83833
1.78168
1.78168
1.72604
1.72604
1.67138
1.67138
1.61769
1.61769
1.56496
1.56496
1.51318
1.51318
1.46234
1.46234
1.41241
1.41241
1.36338
1.36338
1.31524
1.31524
1.26797
1.26797
1.22156
1.22156
1.17599
1.17599
1.13126
1.13126
1.08733
1.08733
1.04421
1.04421
1.00188
1.00188
0.960318
0.960318
0.919516
0.919516
0.879459
0.879459
0.840134
0.840134
0.801528
0.801528
0.763629
0.763629
0.726422
0.726422
0.689896
0.689896
0.654039
0.654039
0.618838
0.618838
0.584281
0.584281
0.550357
0.550357
0.517053
0.517053
0.48436
0.48436
0.452265
0.452265
0.420758
0.420758
0.389828
0.389828
0.359465
0.359465
0.329658
0.329658
0.300396
0.300396
0.271671
0.271671
0.243472
0.243472
0.215789
0.215789
0.188614
0.188614
0.161936
0.161936
0.135747
0.135747
0.110038
0.110038
0.0848004
0.0848004
0.0600249
0.0600249
0.0357034
0.0357034
0.0118276
0.0118276
)
;

boundaryField
{
    walls
    {
        type            fixedValue;
        value           uniform 0;
    }
    inlet
    {
        type            cyclic;
    }
    outlet
    {
        type            cyclic;
    }
    sides
    {
        type            empty;
    }
}


// ************************************************************************* //
