/*--------------------------------*- C++ -*----------------------------------*\
| =========                 |                                                 |
| \\      /  F ield         | OpenFOAM: The Open Source CFD Toolbox           |
|  \\    /   O peration     | Version:  2106                                  |
|   \\  /    A nd           | Website:  www.openfoam.com                      |
|    \\/     M anipulation  |                                                 |
\*---------------------------------------------------------------------------*/
FoamFile
{
    version     2.0;
    format      ascii;
    arch        "LSB;label=32;scalar=64";
    class       volVectorField;
    location    "10080";
    object      grad(T);
}
// * * * * * * * * * * * * * * * * * * * * * * * * * * * * * * * * * * * * * //

dimensions      [0 -1 0 1 0 0 0];

internalField   nonuniform List<vector> 
2000
(
(0 281.195 0.520389)
(0 281.195 0.520389)
(0 281.194 1.57088)
(0 281.194 1.57088)
(-6.39537e-17 281.194 2.18014)
(0 281.194 2.18014)
(-2.09585e-16 281.193 2.22083)
(8.3834e-16 281.193 2.22083)
(0 281.192 2.26228)
(-8.50121e-16 281.192 2.26228)
(0 281.191 2.3045)
(-2.03621e-15 281.191 2.3045)
(0 281.189 2.3475)
(2.65197e-15 281.189 2.3475)
(0 281.187 2.3913)
(6.55843e-15 281.187 2.3913)
(-9.79542e-16 281.184 2.43591)
(0 281.184 2.43591)
(0 281.181 2.48135)
(0 281.181 2.48135)
(1.52166e-15 281.177 2.52763)
(0 281.177 2.52763)
(2.97064e-15 281.172 2.57476)
(4.41369e-15 281.172 2.57476)
(0 281.166 2.62276)
(0 281.166 2.62276)
(-1.82407e-15 281.157 2.67163)
(0 281.157 2.67163)
(-2.00255e-15 281.147 2.72138)
(-2.82631e-15 281.147 2.72138)
(4.95887e-15 281.133 2.77203)
(-5.9629e-15 281.133 2.77203)
(0 281.115 2.82357)
(0 281.115 2.82357)
(5.11639e-15 281.092 2.87601)
(1.02328e-14 281.092 2.87601)
(-2.75036e-15 281.063 2.92935)
(-5.24954e-15 281.063 2.92935)
(2.9461e-15 281.024 2.98357)
(1.17844e-14 281.024 2.98357)
(-3.14548e-15 280.975 3.03867)
(2.51638e-14 280.975 3.03867)
(0 280.913 3.09462)
(8.42805e-15 280.913 3.09462)
(0 280.834 3.1514)
(1.42217e-14 280.834 3.1514)
(4.78586e-15 280.734 3.20895)
(1.02785e-14 280.734 3.20895)
(-3.98068e-15 280.609 3.26723)
(0 280.609 3.26723)
(0 280.453 3.32617)
(1.67968e-14 280.453 3.32617)
(1.05808e-16 280.26 3.38568)
(0 280.26 3.38568)
(-4.64836e-15 280.022 3.44566)
(0 280.022 3.44566)
(0 279.732 3.50598)
(-4.36315e-15 279.732 3.50598)
(-1.36803e-14 279.379 3.56648)
(-2.04558e-14 279.379 3.56648)
(5.35303e-15 278.953 3.627)
(2.14121e-14 278.953 3.627)
(0 278.441 3.68731)
(0 278.441 3.68731)
(-5.84388e-15 277.831 3.7472)
(0 277.831 3.7472)
(-6.09568e-15 277.109 3.80638)
(0 277.109 3.80638)
(0 276.259 3.86457)
(2.54069e-14 276.259 3.86457)
(7.66664e-15 275.265 3.92145)
(-7.66664e-15 275.265 3.92145)
(6.87644e-15 274.111 3.97665)
(2.75058e-14 274.111 3.97665)
(-7.145e-15 272.781 4.02981)
(2.858e-14 272.781 4.02981)
(-1.46704e-14 271.258 4.08054)
(7.25285e-15 271.258 4.08054)
(1.42399e-14 269.527 4.12845)
(1.65364e-14 269.527 4.12845)
(-1.59487e-14 267.573 4.17313)
(3.18974e-14 267.573 4.17313)
(0 265.385 4.21421)
(0 265.385 4.21421)
(0 262.951 4.25131)
(0 262.951 4.25131)
(-8.83593e-15 260.266 4.2841)
(-3.53437e-14 260.266 4.2841)
(9.12928e-15 257.323 4.3123)
(2.3535e-14 257.323 4.3123)
(9.42527e-15 254.124 4.33564)
(-3.77011e-14 254.124 4.33564)
(2.78712e-15 250.67 4.35396)
(3.88943e-14 250.67 4.35396)
(-1.22814e-14 246.97 4.36713)
(8.01909e-14 246.97 4.36713)
(1.03258e-14 243.033 4.3751)
(4.13031e-14 243.033 4.3751)
(-1.0629e-14 238.874 4.37788)
(-4.25159e-14 238.874 4.37788)
(0 234.511 4.37556)
(0 234.511 4.37556)
(-2.26434e-14 229.962 4.36828)
(-2.28113e-14 229.962 4.36828)
(0 225.25 4.35624)
(0 225.25 4.35624)
(0 220.399 4.33969)
(-4.73882e-14 220.399 4.33969)
(1.361e-15 215.433 4.31891)
(0 215.433 4.31891)
(-3.36389e-14 210.375 4.29423)
(2.11847e-14 210.375 4.29423)
(-2.55121e-14 205.252 4.26599)
(7.18208e-14 205.252 4.26599)
(-1.30564e-14 200.087 4.23453)
(0 200.087 4.23453)
(-6.66878e-15 194.901 4.20022)
(-7.34615e-14 194.901 4.20022)
(1.36516e-14 189.717 4.16341)
(-5.46064e-14 189.717 4.16341)
(0 184.553 4.12444)
(-1.93135e-14 184.553 4.12444)
(-2.84755e-14 179.428 4.08365)
(1.13902e-13 179.428 4.08365)
(-1.4527e-14 174.358 4.04135)
(5.81079e-14 174.358 4.04135)
(1.82711e-14 169.355 3.99783)
(0 169.355 3.99783)
(-3.30333e-14 164.433 3.95337)
(6.03881e-14 164.433 3.95337)
(0 159.6 3.90822)
(0 159.6 3.90822)
(1.62985e-15 154.867 3.8626)
(-1.7285e-14 154.867 3.8626)
(0 150.239 3.81671)
(0 150.239 3.81671)
(0 145.722 3.77075)
(6.48029e-14 145.722 3.77075)
(0 141.32 3.72486)
(0 141.32 3.72486)
(-1.67336e-14 137.036 3.6792)
(6.69342e-14 137.036 3.6792)
(0 132.872 3.63388)
(6.79805e-14 132.872 3.63388)
(-1.72535e-14 128.828 3.589)
(-6.90141e-14 128.828 3.589)
(0 124.906 3.54467)
(-3.96628e-14 124.906 3.54467)
(-3.55215e-14 121.103 3.50095)
(7.10429e-14 121.103 3.50095)
(-3.60193e-14 117.42 3.4579)
(0 117.42 3.4579)
(0 113.854 3.41559)
(7.30218e-14 113.854 3.41559)
(-4.67045e-14 110.404 3.37405)
(-7.39929e-14 110.404 3.37405)
(1.8738e-14 107.068 3.33331)
(0 107.068 3.33331)
(1.89748e-14 103.842 3.29341)
(-7.58993e-14 103.842 3.29341)
(-3.84175e-14 100.725 3.25436)
(0 100.725 3.25436)
(0 97.7124 3.21616)
(0 97.7124 3.21616)
(4.53831e-14 94.8023 3.17884)
(-1.83061e-13 94.8023 3.17884)
(1.98939e-14 91.9913 3.14239)
(0 91.9913 3.14239)
(0 89.2765 3.10681)
(8.04674e-14 89.2765 3.10681)
(2.03372e-14 86.6546 3.07209)
(8.1349e-14 86.6546 3.07209)
(-1.7229e-14 84.1227 3.03824)
(0 84.1227 3.03824)
(-1.80974e-14 81.6775 3.00523)
(8.30821e-14 81.6775 3.00523)
(-2.03049e-15 79.3161 2.97307)
(1.90882e-13 79.3161 2.97307)
(-2.11942e-14 77.0355 2.94173)
(0 77.0355 2.94173)
(-4.2805e-14 74.8328 2.9112)
(8.56101e-14 74.8328 2.9112)
(-2.16086e-14 72.7052 2.88147)
(8.64346e-14 72.7052 2.88147)
(0 70.6498 2.85253)
(-2.13729e-14 70.6498 2.85253)
(-1.99481e-14 68.6641 2.82434)
(1.3002e-13 68.6641 2.82434)
(2.22142e-14 66.7453 2.7969)
(8.88569e-14 66.7453 2.7969)
(-2.2412e-14 64.8911 2.77019)
(8.96481e-14 64.8911 2.77019)
(2.26078e-14 63.0988 2.7442)
(0 63.0988 2.7442)
(-2.28018e-14 61.3663 2.7189)
(9.12071e-14 61.3663 2.7189)
(2.29939e-14 59.6912 2.69427)
(0 59.6912 2.69427)
(-2.31841e-14 58.0713 2.6703)
(9.27365e-14 58.0713 2.6703)
(6.02395e-14 56.5045 2.64698)
(5.66237e-14 56.5045 2.64698)
(0 54.9889 2.62427)
(9.42379e-14 54.9889 2.62427)
(0 53.5225 2.60218)
(-9.49786e-14 53.5225 2.60218)
(0 52.1033 2.58067)
(9.57128e-14 52.1033 2.58067)
(-2.41102e-14 50.7297 2.55974)
(3.4238e-14 50.7297 2.55974)
(-2.42906e-14 49.3999 2.53937)
(9.71624e-14 49.3999 2.53937)
(3.29947e-14 48.1123 2.51954)
(0 48.1123 2.51954)
(0 46.8652 2.50023)
(-3.23901e-14 46.8652 2.50023)
(2.48232e-14 45.6572 2.48143)
(9.92927e-14 45.6572 2.48143)
(2.49979e-14 44.4867 2.46314)
(6.87777e-14 44.4867 2.46314)
(0 43.3525 2.44532)
(1.00685e-13 43.3525 2.44532)
(-5.06867e-14 42.2531 2.42797)
(1.01373e-13 42.2531 2.42797)
(2.55142e-14 41.1874 2.41107)
(1.02057e-13 41.1874 2.41107)
(0 40.154 2.39462)
(-1.02735e-13 40.154 2.39462)
(2.84568e-14 39.1517 2.37859)
(-2.84568e-14 39.1517 2.37859)
(-5.20387e-14 38.1795 2.36298)
(0 38.1795 2.36298)
(-2.61854e-14 37.2363 2.34778)
(-2.74235e-14 37.2363 2.34778)
(-5.38419e-14 36.321 2.33296)
(-1.05402e-13 36.321 2.33296)
(5.30286e-14 35.4326 2.31853)
(-2.64276e-14 35.4326 2.31853)
(2.74109e-14 34.5701 2.30446)
(1.06709e-13 34.5701 2.30446)
(-2.68389e-14 33.7328 2.29076)
(1.07356e-13 33.7328 2.29076)
(7.90007e-14 32.9195 2.2774)
(-2.50013e-14 32.9195 2.2774)
(7.62458e-14 32.1297 2.26437)
(1.08638e-13 32.1297 2.26437)
(2.08683e-14 31.3623 2.25168)
(-4.81867e-14 31.3623 2.25168)
(2.36519e-14 30.6167 2.23931)
(2.19811e-13 30.6167 2.23931)
(-5.08519e-14 29.892 2.22724)
(0 29.892 2.22724)
(0 29.1877 2.21547)
(2.22317e-13 29.1877 2.21547)
(-2.7945e-14 28.5029 2.204)
(0 28.5029 2.204)
(0 27.8371 2.1928)
(1.12398e-13 27.8371 2.1928)
(-1.48724e-14 27.1895 2.18188)
(2.69151e-13 27.1895 2.18188)
(-2.8406e-14 26.5596 2.17123)
(1.13624e-13 26.5596 2.17123)
(-1.30014e-14 25.9469 2.16083)
(7.26729e-14 25.9469 2.16083)
(-5.74189e-14 25.3506 2.15069)
(1.14838e-13 25.3506 2.15069)
(-4.00503e-14 24.7704 2.14079)
(2.30881e-13 24.7704 2.14079)
(0 24.2056 2.13112)
(1.1604e-13 24.2056 2.13112)
(-2.91591e-14 23.6557 2.12168)
(0 23.6557 2.12168)
(2.93076e-14 23.1204 2.11247)
(0 23.1204 2.11247)
(3.71944e-14 22.599 2.10347)
(-3.71944e-14 22.599 2.10347)
(-2.96026e-14 22.0913 2.09467)
(0 22.0913 2.09467)
(-2.97492e-14 21.5966 2.08608)
(-1.54841e-13 21.5966 2.08608)
(-2.98951e-14 21.1147 2.07769)
(2.39161e-13 21.1147 2.07769)
(0 20.6452 2.06948)
(1.20162e-13 20.6452 2.06948)
(-3.01851e-14 20.1875 2.06146)
(1.2074e-13 20.1875 2.06146)
(0 19.7415 2.05361)
(8.80292e-14 19.7415 2.05361)
(-6.31506e-14 19.3066 2.04594)
(1.21891e-13 19.3066 2.04594)
(-3.2079e-14 18.8826 2.03843)
(1.54542e-13 18.8826 2.03843)
(-3.07583e-14 18.4692 2.03108)
(0 18.4692 2.03108)
(-6.18143e-14 18.066 2.02389)
(3.09141e-14 18.066 2.02389)
(-3.10416e-14 17.6726 2.01685)
(0 17.6726 2.01685)
(3.11825e-14 17.2889 2.00995)
(-1.54522e-13 17.2889 2.00995)
(0 16.9145 2.00318)
(-2.92456e-14 16.9145 2.00318)
(0 16.5492 1.99656)
(0 16.5492 1.99656)
(5.97859e-14 16.1926 1.99006)
(0 16.1926 1.99006)
(-3.17413e-14 15.8445 1.98368)
(1.26965e-13 15.8445 1.98368)
(-5.90399e-14 15.5047 1.97742)
(1.54679e-13 15.5047 1.97742)
(-3.20179e-14 15.1729 1.97127)
(0 15.1729 1.97127)
(0 14.8489 1.96524)
(1.28622e-13 14.8489 1.96524)
(-3.22927e-14 14.5325 1.9593)
(-1.29171e-13 14.5325 1.9593)
(3.24294e-14 14.2234 1.95346)
(1.29718e-13 14.2234 1.95346)
(3.25658e-14 13.9214 1.94772)
(1.30263e-13 13.9214 1.94772)
(3.27017e-14 13.6264 1.94206)
(0 13.6264 1.94206)
(0 13.338 1.93649)
(1.31349e-13 13.338 1.93649)
(-3.29724e-14 13.0563 1.931)
(0 13.0563 1.931)
(0 12.7808 1.92557)
(1.78419e-13 12.7808 1.92557)
(-3.32415e-14 12.5116 1.92022)
(-4.51482e-14 12.5116 1.92022)
(4.43209e-14 12.2483 1.91493)
(0 12.2483 1.91493)
(0 11.9908 1.90969)
(1.34036e-13 11.9908 1.90969)
(0 11.7391 1.90451)
(1.34569e-13 11.7391 1.90451)
(-3.37752e-14 11.4928 1.89938)
(0 11.4928 1.89938)
(-3.39077e-14 11.2518 1.89429)
(0 11.2518 1.89429)
(-3.40398e-14 11.0161 1.88923)
(0 11.0161 1.88923)
(2.86774e-14 10.7854 1.8842)
(1.36686e-13 10.7854 1.8842)
(-1.02909e-13 10.5597 1.87921)
(1.37212e-13 10.5597 1.87921)
(-3.82253e-14 10.3387 1.87423)
(1.37736e-13 10.3387 1.87423)
(-3.45648e-14 10.1223 1.86926)
(0 10.1223 1.86926)
(-7.15325e-14 9.9105 1.8643)
(0 9.9105 1.8643)
(0 9.70306 1.85935)
(0 9.70306 1.85935)
(-3.54995e-14 9.49989 1.85439)
(1.7532e-13 9.49989 1.85439)
(-2.35349e-16 9.30087 1.84942)
(-1.75186e-13 9.30087 1.84942)
(0 9.10588 1.84443)
(0 9.10588 1.84443)
(-6.89256e-14 8.91482 1.83941)
(-3.1632e-13 8.91482 1.83941)
(-6.84385e-14 8.72757 1.83437)
(3.29681e-14 8.72757 1.83437)
(0 8.54402 1.82929)
(0 8.54402 1.82929)
(0 8.36408 1.82416)
(1.11133e-13 8.36408 1.82416)
(-7.17067e-14 8.18765 1.81898)
(2.86827e-13 8.18765 1.81898)
(0 8.01461 1.81374)
(1.43921e-13 8.01461 1.81374)
(-3.61069e-14 7.84489 1.80842)
(0 7.84489 1.80842)
(2.95054e-14 7.67837 1.80303)
(-1.44932e-13 7.67837 1.80303)
(-3.6359e-14 7.51498 1.79755)
(-5.79294e-14 7.51498 1.79755)
(-5.68679e-14 7.35462 1.79198)
(2.02806e-13 7.35462 1.79198)
(0 7.19721 1.78629)
(1.46438e-13 7.19721 1.78629)
(-1.80685e-14 7.04265 1.78049)
(3.48678e-13 7.04265 1.78049)
(3.68587e-14 6.89086 1.77456)
(1.47435e-13 6.89086 1.77456)
(0 6.74177 1.7685)
(1.47931e-13 6.74177 1.7685)
(3.71063e-14 6.59529 1.76228)
(1.48425e-13 6.59529 1.76228)
(-3.72294e-14 6.45134 1.7559)
(2.97836e-13 6.45134 1.7559)
(-3.73522e-14 6.30984 1.74935)
(-1.49409e-13 6.30984 1.74935)
(0 6.17072 1.7426)
(4.90467e-14 6.17072 1.7426)
(-3.75964e-14 6.03389 1.73566)
(-4.8148e-14 6.03389 1.73566)
(-7.54357e-14 5.8993 1.72849)
(0 5.8993 1.72849)
(-3.78388e-14 5.76685 1.72109)
(1.51355e-13 5.76685 1.72109)
(0 5.63648 1.71344)
(0 5.63648 1.71344)
(-3.80793e-14 5.50812 1.70552)
(0 5.50812 1.70552)
(-4.38952e-14 5.38169 1.69732)
(-4.38952e-14 5.38169 1.69732)
(3.83177e-14 5.25713 1.68881)
(3.06542e-13 5.25713 1.68881)
(7.68723e-14 5.13435 1.67997)
(-1.96046e-13 5.13435 1.67997)
(3.55819e-14 5.0133 1.67078)
(4.15261e-14 5.0133 1.67078)
(7.73425e-14 4.8939 1.66122)
(3.0937e-13 4.8939 1.66122)
(3.87879e-14 4.77608 1.65126)
(1.15133e-13 4.77608 1.65126)
(3.89039e-14 4.65977 1.64088)
(1.55616e-13 4.65977 1.64088)
(-3.90193e-14 4.5449 1.63004)
(1.56077e-13 4.5449 1.63004)
(-3.91339e-14 4.43139 1.61871)
(0 4.43139 1.61871)
(3.71645e-14 4.31918 1.60687)
(1.56992e-13 4.31918 1.60687)
(-7.87223e-14 4.20819 1.59448)
(1.20961e-13 4.20819 1.59448)
(-3.94736e-14 4.09834 1.5815)
(0 4.09834 1.5815)
(3.51586e-14 3.98956 1.56789)
(3.16682e-13 3.98956 1.56789)
(0 3.88177 1.5536)
(0 3.88177 1.5536)
(3.98059e-14 3.77489 1.53859)
(-1.59223e-13 3.77489 1.53859)
(3.99148e-14 3.66883 1.52282)
(0 3.66883 1.52282)
(-1.47425e-14 3.56351 1.50621)
(0 3.56351 1.50621)
(1.61531e-14 3.45885 1.48872)
(-6.41064e-14 3.45885 1.48872)
(0 3.35475 1.47028)
(1.60942e-13 3.35475 1.47028)
(0 3.2511 1.45082)
(1.61361e-13 3.2511 1.45082)
(-2.02025e-14 3.14782 1.43027)
(2.22422e-13 3.14782 1.43027)
(0 3.04479 1.40853)
(-1.62184e-13 3.04479 1.40853)
(-4.0647e-14 2.94189 1.38552)
(0 2.94189 1.38552)
(-4.07465e-14 2.83902 1.36114)
(1.62986e-13 2.83902 1.36114)
(0 2.73604 1.33528)
(1.63378e-13 2.73604 1.33528)
(-4.0941e-14 2.63281 1.30782)
(-1.63764e-13 2.63281 1.30782)
(9.53124e-14 2.5292 1.27864)
(2.7401e-13 2.5292 1.27864)
(0 2.42504 1.24758)
(1.64516e-13 2.42504 1.24758)
(-4.122e-14 2.32018 1.21449)
(0 2.32018 1.21449)
(4.13092e-14 2.21443 1.1792)
(1.65237e-13 2.21443 1.1792)
(9.00988e-15 2.1076 1.14151)
(1.65585e-13 2.1076 1.14151)
(-4.14811e-14 1.9995 1.10122)
(1.65924e-13 1.9995 1.10122)
(0 1.88991 1.05812)
(0 1.88991 1.05812)
(4.16433e-14 1.7786 1.01194)
(4.76856e-14 1.7786 1.01194)
(-8.34407e-14 1.66534 0.962428)
(1.66881e-13 1.66534 0.962428)
(0 1.54989 0.909305)
(4.59539e-14 1.54989 0.909305)
(4.51119e-14 1.43199 0.852268)
(0 1.43199 0.852268)
(4.19332e-14 1.31141 0.791005)
(1.67733e-13 1.31141 0.791005)
(1.47648e-15 1.18789 0.725195)
(1.67989e-13 1.18789 0.725195)
(-4.20573e-14 1.06122 0.654512)
(-4.2677e-14 1.06122 0.654512)
(4.1895e-14 0.931203 0.578637)
(-4.1895e-14 0.931203 0.578637)
(0 0.797678 0.497268)
(-1.68659e-13 0.797678 0.497268)
(-1.83768e-15 0.660543 0.410131)
(-4.03736e-14 0.660543 0.410131)
(-2.61889e-15 0.519763 0.316989)
(1.69011e-13 0.519763 0.316989)
(0 0.375377 0.21766)
(1.69154e-13 0.375377 0.21766)
(-4.12368e-15 0.227509 0.112019)
(-3.81946e-14 0.227509 0.112019)
(-4.23416e-14 1.2031e-06 4.45298e-07)
(3.38847e-13 7.76832e-07 2.87527e-07)
(0 281.195 -0.520389)
(-1.14425e-16 281.195 -0.520389)
(-2.24656e-16 281.194 -1.57088)
(0 281.194 -1.57088)
(-1.27907e-16 281.194 -2.18014)
(0 281.194 -2.18014)
(2.09585e-16 281.193 -2.22083)
(0 281.193 -2.22083)
(-7.15869e-16 281.192 -2.26228)
(0 281.192 -2.26228)
(1.3436e-15 281.191 -2.3045)
(-8.34543e-16 281.191 -2.3045)
(-8.1925e-16 281.189 -2.3475)
(-1.6385e-15 281.189 -2.3475)
(1.63961e-15 281.187 -2.3913)
(0 281.187 -2.3913)
(-2.55854e-15 281.184 -2.43591)
(3.91817e-15 281.184 -2.43591)
(1.14226e-15 281.181 -2.48135)
(-7.66918e-15 281.181 -2.48135)
(1.09437e-15 281.177 -2.52763)
(-5.23207e-15 281.177 -2.52763)
(1.47687e-15 281.172 -2.57476)
(0 281.172 -2.57476)
(-1.64887e-15 281.166 -2.62276)
(-6.59546e-15 281.166 -2.62276)
(2.87907e-15 281.157 -2.67163)
(-7.2963e-15 281.157 -2.67163)
(2.00255e-15 281.147 -2.72138)
(-1.08365e-14 281.147 -2.72138)
(-2.77452e-15 281.133 -2.77203)
(0 281.133 -2.77203)
(2.36955e-15 281.115 -2.82357)
(-9.4782e-15 281.115 -2.82357)
(-1.15568e-16 281.092 -2.87601)
(1.29066e-14 281.092 -2.87601)
(2.75036e-15 281.063 -2.92935)
(0 281.063 -2.92935)
(5.89219e-15 281.024 -2.98357)
(0 281.024 -2.98357)
(3.14548e-15 280.975 -3.03867)
(7.523e-15 280.975 -3.03867)
(3.34856e-15 280.913 -3.09462)
(8.42805e-15 280.913 -3.09462)
(-3.55542e-15 280.834 -3.1514)
(0 280.834 -3.1514)
(7.5322e-15 280.734 -3.20895)
(0 280.734 -3.20895)
(3.98068e-15 280.609 -3.26723)
(0 280.609 -3.26723)
(0 280.453 -3.32617)
(0 280.453 -3.32617)
(-4.52756e-15 280.26 -3.38568)
(-4.52756e-15 280.26 -3.38568)
(9.29671e-15 280.022 -3.44566)
(0 280.022 -3.44566)
(4.87908e-15 279.732 -3.50598)
(1.95163e-14 279.732 -3.50598)
(1.02279e-14 279.379 -3.56648)
(0 279.379 -3.56648)
(5.35303e-15 278.953 -3.627)
(0 278.953 -3.627)
(5.59633e-15 278.441 -3.68731)
(-8.25531e-15 278.441 -3.68731)
(5.84388e-15 277.831 -3.7472)
(-2.33755e-14 277.831 -3.7472)
(0 277.109 -3.80638)
(-2.43827e-14 277.109 -3.80638)
(0 276.259 -3.86457)
(0 276.259 -3.86457)
(6.61199e-15 275.265 -3.92145)
(-2.6448e-14 275.265 -3.92145)
(6.22673e-15 274.111 -3.97665)
(-7.52615e-15 274.111 -3.97665)
(-7.145e-15 272.781 -4.02981)
(-2.858e-14 272.781 -4.02981)
(-7.41758e-15 271.258 -4.08054)
(-5.93406e-14 271.258 -4.08054)
(-7.69408e-15 269.527 -4.12845)
(-7.11994e-15 269.527 -4.12845)
(-7.97434e-15 267.573 -4.17313)
(0 267.573 -4.17313)
(5.46457e-15 265.385 -4.21421)
(-7.97885e-14 265.385 -4.21421)
(1.7091e-14 262.951 -4.25131)
(0 262.951 -4.25131)
(8.83593e-15 260.266 -4.2841)
(-3.53437e-14 260.266 -4.2841)
(1.82586e-14 257.323 -4.3123)
(2.3535e-14 257.323 -4.3123)
(2.21695e-14 254.124 -4.33564)
(-3.77011e-14 254.124 -4.33564)
(-1.94471e-14 250.67 -4.35396)
(-3.88943e-14 250.67 -4.35396)
(2.00477e-14 246.97 -4.36713)
(4.00954e-14 246.97 -4.36713)
(1.20564e-14 243.033 -4.3751)
(0 243.033 -4.3751)
(-1.0629e-14 238.874 -4.37788)
(-9.68673e-14 238.874 -4.37788)
(1.09331e-14 234.511 -4.37556)
(-5.53509e-14 234.511 -4.37556)
(1.12377e-14 229.962 -4.36828)
(0 229.962 -4.36828)
(0 225.25 -4.35624)
(-9.23399e-14 225.25 -4.35624)
(1.18471e-14 220.399 -4.33969)
(0 220.399 -4.33969)
(2.43021e-14 215.433 -4.31891)
(0 215.433 -4.31891)
(0 210.375 -4.29423)
(-4.98167e-14 210.375 -4.29423)
(1.27561e-14 205.252 -4.26599)
(0 205.252 -4.26599)
(1.30564e-14 200.087 -4.23453)
(-5.22258e-14 200.087 -4.23453)
(0 194.901 -4.20022)
(-5.34202e-14 194.901 -4.20022)
(0 189.717 -4.16341)
(-5.46064e-14 189.717 -4.16341)
(1.39459e-14 184.553 -4.12444)
(0 184.553 -4.12444)
(0 179.428 -4.08365)
(-1.89596e-14 179.428 -4.08365)
(5.17514e-14 174.358 -4.04135)
(-1.86122e-14 174.358 -4.04135)
(3.30846e-14 169.355 -3.99783)
(-1.82711e-14 169.355 -3.99783)
(0 164.433 -3.95337)
(-6.03881e-14 164.433 -3.95337)
(0 159.6 -3.90822)
(0 159.6 -3.90822)
(1.56551e-14 154.867 -3.8626)
(-6.26205e-14 154.867 -3.8626)
(1.69682e-14 150.239 -3.81671)
(-8.06863e-14 150.239 -3.81671)
(0 145.722 -3.77075)
(0 145.722 -3.77075)
(-1.64687e-14 141.32 -3.72486)
(1.3175e-13 141.32 -3.72486)
(0 137.036 -3.6792)
(0 137.036 -3.6792)
(1.69951e-14 132.872 -3.63388)
(-6.79805e-14 132.872 -3.63388)
(1.72535e-14 128.828 -3.589)
(-6.90141e-14 128.828 -3.589)
(3.0372e-14 124.906 -3.54467)
(-1.4007e-13 124.906 -3.54467)
(-1.77607e-14 121.103 -3.50095)
(-2.98155e-14 121.103 -3.50095)
(0 117.42 -3.4579)
(0 117.42 -3.4579)
(0 113.854 -3.41559)
(7.30218e-14 113.854 -3.41559)
(9.70805e-15 110.404 -3.37405)
(-2.95971e-13 110.404 -3.37405)
(3.7476e-14 107.068 -3.33331)
(-7.4952e-14 107.068 -3.33331)
(-1.89748e-14 103.842 -3.29341)
(0 103.842 -3.29341)
(-1.92088e-14 100.725 -3.25436)
(-7.68351e-14 100.725 -3.25436)
(-3.88798e-14 97.7124 -3.21616)
(-1.03954e-13 97.7124 -3.21616)
(-1.96682e-14 94.8023 -3.17884)
(-1.83061e-13 94.8023 -3.17884)
(3.97877e-14 91.9913 -3.14239)
(-7.95755e-14 91.9913 -3.14239)
(2.01168e-14 89.2765 -3.10681)
(8.04674e-14 89.2765 -3.10681)
(-2.4327e-14 86.6546 -3.07209)
(8.1349e-14 86.6546 -3.07209)
(2.05551e-14 84.1227 -3.03824)
(-1.06102e-13 84.1227 -3.03824)
(-6.49846e-14 81.6775 -3.00523)
(8.30821e-14 81.6775 -3.00523)
(2.09835e-14 79.3161 -2.97307)
(-2.3014e-14 79.3161 -2.97307)
(1.39812e-15 77.0355 -2.94173)
(0 77.0355 -2.94173)
(2.21783e-14 74.8328 -2.9112)
(-2.21783e-14 74.8328 -2.9112)
(2.16086e-14 72.7052 -2.88147)
(8.64346e-14 72.7052 -2.88147)
(2.13729e-14 70.6498 -2.85253)
(-8.72504e-14 70.6498 -2.85253)
(4.19625e-14 68.6641 -2.82434)
(-4.19625e-14 68.6641 -2.82434)
(2.22142e-14 66.7453 -2.7969)
(6.82602e-14 66.7453 -2.7969)
(4.04387e-14 64.8911 -2.77019)
(-4.04387e-14 64.8911 -2.77019)
(0 63.0988 -2.7442)
(-1.80863e-13 63.0988 -2.7442)
(0 61.3663 -2.7189)
(0 61.3663 -2.7189)
(2.29939e-14 59.6912 -2.69427)
(-1.30232e-13 59.6912 -2.69427)
(6.07392e-14 58.0713 -2.6703)
(-3.75551e-14 58.0713 -2.6703)
(2.33727e-14 56.5045 -2.64698)
(1.86981e-13 56.5045 -2.64698)
(2.35595e-14 54.9889 -2.62427)
(0 54.9889 -2.62427)
(2.37446e-14 53.5225 -2.60218)
(-1.30507e-13 53.5225 -2.60218)
(-1.09489e-14 52.1033 -2.58067)
(9.57128e-14 52.1033 -2.58067)
(0 50.7297 -2.55974)
(0 50.7297 -2.55974)
(9.31996e-15 49.3999 -2.53937)
(-1.30773e-13 49.3999 -2.53937)
(0 48.1123 -2.51954)
(-3.29947e-14 48.1123 -2.51954)
(3.23901e-14 46.8652 -2.50023)
(-3.23901e-14 46.8652 -2.50023)
(3.17965e-14 45.6572 -2.48143)
(0 45.6572 -2.48143)
(3.12139e-14 44.4867 -2.46314)
(-1.31205e-13 44.4867 -2.46314)
(-6.12837e-14 43.3525 -2.44532)
(0 43.3525 -2.44532)
(3.00804e-14 42.2531 -2.42797)
(-3.00804e-14 42.2531 -2.42797)
(-4.01497e-15 41.1874 -2.41107)
(0 41.1874 -2.41107)
(-2.56838e-14 40.154 -2.39462)
(0 40.154 -2.39462)
(-2.58522e-14 39.1517 -2.37859)
(-2.84568e-14 39.1517 -2.37859)
(-2.98514e-14 38.1795 -2.36298)
(0 38.1795 -2.36298)
(0 37.2363 -2.34778)
(-2.74235e-14 37.2363 -2.34778)
(-2.57799e-14 36.321 -2.33296)
(-2.10803e-13 36.321 -2.33296)
(0 35.4326 -2.31853)
(0 35.4326 -2.31853)
(2.66771e-14 34.5701 -2.30446)
(0 34.5701 -2.30446)
(-2.54679e-14 33.7328 -2.29076)
(1.07356e-13 33.7328 -2.29076)
(0 32.9195 -2.2774)
(-1.33e-13 32.9195 -2.2774)
(0 32.1297 -2.26437)
(-1.57725e-13 32.1297 -2.26437)
(-2.73185e-14 31.3623 -2.25168)
(-1.09274e-13 31.3623 -2.25168)
(0 30.6167 -2.23931)
(8.62538e-14 30.6167 -2.23931)
(-1.88034e-14 29.892 -2.22724)
(4.64369e-14 29.892 -2.22724)
(9.99334e-15 29.1877 -2.21547)
(1.56745e-13 29.1877 -2.21547)
(-2.7945e-14 28.5029 -2.204)
(1.1178e-13 28.5029 -2.204)
(0 27.8371 -2.1928)
(-4.39306e-14 27.8371 -2.1928)
(2.82531e-14 27.1895 -2.18188)
(0 27.1895 -2.18188)
(2.8406e-14 26.5596 -2.17123)
(1.13624e-13 26.5596 -2.17123)
(2.85581e-14 25.9469 -2.16083)
(7.26729e-14 25.9469 -2.16083)
(2.87095e-14 25.3506 -2.15069)
(0 25.3506 -2.15069)
(4.00503e-14 24.7704 -2.14079)
(-1.1544e-13 24.7704 -2.14079)
(1.07643e-13 24.2056 -2.13112)
(-3.93164e-14 24.2056 -2.13112)
(-2.91591e-14 23.6557 -2.12168)
(-3.8596e-14 23.6557 -2.12168)
(0 23.1204 -2.11247)
(0 23.1204 -2.11247)
(6.66499e-14 22.599 -2.10347)
(-3.71944e-14 22.599 -2.10347)
(5.92053e-14 22.0913 -2.09467)
(0 22.0913 -2.09467)
(0 21.5966 -2.08608)
(3.58438e-14 21.5966 -2.08608)
(2.98951e-14 21.1147 -2.07769)
(2.39161e-13 21.1147 -2.07769)
(0 20.6452 -2.06948)
(0 20.6452 -2.06948)
(-9.80035e-14 20.1875 -2.06146)
(0 20.1875 -2.06146)
(3.62463e-14 19.7415 -2.05361)
(-6.65756e-14 19.7415 -2.05361)
(0 19.3066 -2.04594)
(0 19.3066 -2.04594)
(3.06158e-14 18.8826 -2.03843)
(0 18.8826 -2.03843)
(6.29823e-14 18.4692 -2.03108)
(0 18.4692 -2.03108)
(6.18004e-14 18.066 -2.02389)
(-1.23601e-13 18.066 -2.02389)
(6.20833e-14 17.6726 -2.01685)
(-1.24167e-13 17.6726 -2.01685)
(2.84004e-14 17.2889 -2.00995)
(-3.7419e-13 17.2889 -2.00995)
(-3.13229e-14 16.9145 -2.00318)
(-2.92456e-14 16.9145 -2.00318)
(0 16.5492 -1.99656)
(1.25851e-13 16.5492 -1.99656)
(-2.81836e-14 16.1926 -1.99006)
(0 16.1926 -1.99006)
(4.07417e-15 15.8445 -1.98368)
(2.76671e-14 15.8445 -1.98368)
(2.24404e-14 15.5047 -1.97742)
(-1.81839e-13 15.5047 -1.97742)
(0 15.1729 -1.97127)
(0 15.1729 -1.97127)
(3.21555e-14 14.8489 -1.96524)
(1.28622e-13 14.8489 -1.96524)
(6.45853e-14 14.5325 -1.9593)
(-1.29171e-13 14.5325 -1.9593)
(0 14.2234 -1.95346)
(-1.29718e-13 14.2234 -1.95346)
(3.25658e-14 13.9214 -1.94772)
(-4.95223e-14 13.9214 -1.94772)
(0 13.6264 -1.94206)
(-1.79422e-13 13.6264 -1.94206)
(0 13.338 -1.93649)
(-2.62698e-13 13.338 -1.93649)
(-4.68495e-14 13.0563 -1.931)
(-4.68495e-14 13.0563 -1.931)
(6.62142e-14 12.7808 -1.92557)
(1.32428e-13 12.7808 -1.92557)
(3.32415e-14 12.5116 -1.92022)
(-4.51482e-14 12.5116 -1.92022)
(0 12.2483 -1.91493)
(1.33502e-13 12.2483 -1.91493)
(7.70177e-14 11.9908 -1.90969)
(-1.77545e-13 11.9908 -1.90969)
(0 11.7391 -1.90451)
(-1.77281e-13 11.7391 -1.90451)
(0 11.4928 -1.89938)
(0 11.4928 -1.89938)
(3.39077e-14 11.2518 -1.89429)
(-1.76791e-13 11.2518 -1.89429)
(6.80796e-14 11.0161 -1.88923)
(-1.36159e-13 11.0161 -1.88923)
(7.38373e-14 10.7854 -1.8842)
(9.70206e-14 10.7854 -1.8842)
(2.96672e-14 10.5597 -1.87921)
(9.82732e-14 10.5597 -1.87921)
(3.44341e-14 10.3387 -1.87423)
(0 10.3387 -1.87423)
(2.96e-15 10.1223 -1.86926)
(-3.75249e-14 10.1223 -1.86926)
(3.46952e-14 9.9105 -1.8643)
(-1.38781e-13 9.9105 -1.8643)
(3.48253e-14 9.70306 -1.85935)
(1.03139e-13 9.70306 -1.85935)
(6.991e-14 9.49989 -1.85439)
(0 9.49989 -1.85439)
(0 9.30087 -1.84942)
(1.40337e-13 9.30087 -1.84942)
(-3.52134e-14 9.10588 -1.84443)
(-1.40854e-13 9.10588 -1.84443)
(7.06841e-14 8.91482 -1.83941)
(-1.41368e-13 8.91482 -1.83941)
(-2.50228e-15 8.72757 -1.83437)
(-3.16731e-13 8.72757 -1.83437)
(6.79624e-14 8.54402 -1.82929)
(-1.74758e-13 8.54402 -1.82929)
(-3.17709e-14 8.36408 -1.82416)
(1.11133e-13 8.36408 -1.82416)
(9.32919e-15 8.18765 -1.81898)
(1.43413e-13 8.18765 -1.81898)
(9.72147e-14 8.01461 -1.81374)
(-2.05156e-13 8.01461 -1.81374)
(6.05071e-15 7.84489 -1.80842)
(0 7.84489 -1.80842)
(2.95054e-14 7.67837 -1.80303)
(-1.74438e-13 7.67837 -1.80303)
(0 7.51498 -1.79755)
(-1.45436e-13 7.51498 -1.79755)
(5.68679e-14 7.35462 -1.79198)
(-2.02806e-13 7.35462 -1.79198)
(0 7.19721 -1.78629)
(0 7.19721 -1.78629)
(3.67344e-14 7.04265 -1.78049)
(-5.48028e-14 7.04265 -1.78049)
(3.68587e-14 6.89086 -1.77456)
(1.47435e-13 6.89086 -1.77456)
(3.69827e-14 6.74177 -1.7685)
(-5.28127e-14 6.74177 -1.7685)
(0 6.59529 -1.76228)
(1.48425e-13 6.59529 -1.76228)
(0 6.45134 -1.7559)
(0 6.45134 -1.7559)
(0 6.30984 -1.74935)
(-1.49409e-13 6.30984 -1.74935)
(0 6.17072 -1.7426)
(-4.90467e-14 6.17072 -1.7426)
(-3.75964e-14 6.03389 -1.73566)
(-4.8148e-14 6.03389 -1.73566)
(9.54784e-15 5.8993 -1.72849)
(-1.98137e-13 5.8993 -1.72849)
(-3.78388e-14 5.76685 -1.72109)
(-1.51355e-13 5.76685 -1.72109)
(0 5.63648 -1.71344)
(0 5.63648 -1.71344)
(4.47146e-14 5.50812 -1.70552)
(-3.04634e-13 5.50812 -1.70552)
(0 5.38169 -1.69732)
(-1.9669e-13 5.38169 -1.69732)
(0 5.25713 -1.68881)
(0 5.25713 -1.68881)
(4.23012e-14 5.13435 -1.67997)
(-1.96046e-13 5.13435 -1.67997)
(4.44982e-14 5.0133 -1.67078)
(-4.15261e-14 5.0133 -1.67078)
(3.65773e-14 4.8939 -1.66122)
(1.1392e-13 4.8939 -1.66122)
(7.75758e-14 4.77608 -1.65126)
(0 4.77608 -1.65126)
(7.78078e-14 4.65977 -1.64088)
(-1.55616e-13 4.65977 -1.64088)
(7.75842e-14 4.5449 -1.63004)
(-3.85649e-14 4.5449 -1.63004)
(-3.91339e-14 4.43139 -1.61871)
(0 4.43139 -1.61871)
(0 4.31918 -1.60687)
(1.56992e-13 4.31918 -1.60687)
(-3.93611e-14 4.20819 -1.59448)
(1.20961e-13 4.20819 -1.59448)
(3.58149e-14 4.09834 -1.5815)
(-1.93709e-13 4.09834 -1.5815)
(0 3.98956 -1.56789)
(-1.58341e-13 3.98956 -1.56789)
(-1.08725e-13 3.88177 -1.5536)
(-1.58784e-13 3.88177 -1.5536)
(7.96117e-14 3.77489 -1.53859)
(-1.59223e-13 3.77489 -1.53859)
(3.99148e-14 3.66883 -1.52282)
(0 3.66883 -1.52282)
(-6.5303e-14 3.56351 -1.50621)
(1.60091e-13 3.56351 -1.50621)
(0 3.45885 -1.48872)
(0 3.45885 -1.48872)
(0 3.35475 -1.47028)
(-1.60942e-13 3.35475 -1.47028)
(0 3.2511 -1.45082)
(0 3.2511 -1.45082)
(4.04438e-14 3.14782 -1.43027)
(1.61775e-13 3.14782 -1.43027)
(4.05461e-14 3.04479 -1.40853)
(-3.24369e-13 3.04479 -1.40853)
(0 2.94189 -1.38552)
(0 2.94189 -1.38552)
(4.07465e-14 2.83902 -1.36114)
(-5.73731e-14 2.83902 -1.36114)
(4.08446e-14 2.73604 -1.33528)
(-1.63378e-13 2.73604 -1.33528)
(-9.62307e-14 2.63281 -1.30782)
(1.63764e-13 2.63281 -1.30782)
(8.20717e-14 2.5292 -1.27864)
(1.09867e-13 2.5292 -1.27864)
(2.89758e-14 2.42504 -1.24758)
(0 2.42504 -1.24758)
(4.122e-14 2.32018 -1.21449)
(-5.23055e-14 2.32018 -1.21449)
(4.13092e-14 2.21443 -1.1792)
(-5.13471e-14 2.21443 -1.1792)
(-9.00988e-15 2.1076 -1.14151)
(-2.15991e-13 2.1076 -1.14151)
(4.14811e-14 1.9995 -1.10122)
(1.65924e-13 1.9995 -1.10122)
(0 1.88991 -1.05812)
(-1.66254e-13 1.88991 -1.05812)
(4.16433e-14 1.7786 -1.01194)
(-1.66573e-13 1.7786 -1.01194)
(8.85321e-14 1.66534 -0.962428)
(0 1.66534 -0.962428)
(4.59539e-14 1.54989 -0.909305)
(1.67178e-13 1.54989 -0.909305)
(0 1.43199 -0.852268)
(-3.34924e-13 1.43199 -0.852268)
(0 1.31141 -0.791005)
(-1.67733e-13 1.31141 -0.791005)
(4.19972e-14 1.18789 -0.725195)
(-1.67989e-13 1.18789 -0.725195)
(4.20573e-14 1.06122 -0.654512)
(1.25552e-13 1.06122 -0.654512)
(4.21133e-14 0.931203 -0.578637)
(-3.36906e-13 0.931203 -0.578637)
(8.43294e-14 0.797678 -0.497268)
(-1.68659e-13 0.797678 -0.497268)
(0 0.660543 -0.410131)
(0 0.660543 -0.410131)
(-8.18865e-14 0.519763 -0.316989)
(1.69011e-13 0.519763 -0.316989)
(0 0.375377 -0.21766)
(-2.08061e-13 0.375377 -0.21766)
(-4.12368e-15 0.227509 -0.112019)
(1.31078e-13 0.227509 -0.112019)
(4.23416e-14 1.24084e-06 -4.59269e-07)
(1.69595e-13 4.40806e-07 -1.63154e-07)
(4.23988e-14 -1.20434e-06 4.45762e-07)
(1.69366e-13 -7.75711e-07 2.87112e-07)
(-3.81946e-14 -0.227508 0.112019)
(3.00351e-13 -0.227508 0.112019)
(-4.22885e-14 -0.375376 0.21766)
(0 -0.375376 0.21766)
(0 -0.519762 0.316988)
(1.69011e-13 -0.519762 0.316988)
(0 -0.660543 0.41013)
(3.37691e-13 -0.660543 0.41013)
(-4.21647e-14 -0.797677 0.497268)
(-1.68659e-13 -0.797677 0.497268)
(0 -0.931203 0.578637)
(0 -0.931203 0.578637)
(6.1971e-16 -1.06122 0.654511)
(-2.10906e-13 -1.06122 0.654511)
(0 -1.18789 0.725194)
(0 -1.18789 0.725194)
(4.19332e-14 -1.31141 0.791005)
(4.42852e-14 -1.31141 0.791005)
(0 -1.43199 0.852268)
(1.67462e-13 -1.43199 0.852268)
(0 -1.54989 0.909304)
(1.67178e-13 -1.54989 0.909304)
(0 -1.66534 0.962428)
(0 -1.66534 0.962428)
(6.04229e-15 -1.7786 1.01194)
(-2.14259e-13 -1.7786 1.01194)
(8.31269e-14 -1.88991 1.05812)
(0 -1.88991 1.05812)
(0 -1.9995 1.10122)
(0 -1.9995 1.10122)
(8.27925e-14 -2.1076 1.14151)
(1.65585e-13 -2.1076 1.14151)
(-4.13092e-14 -2.21443 1.1792)
(-1.65237e-13 -2.21443 1.1792)
(-3.01345e-14 -2.32018 1.21449)
(-5.23055e-14 -2.32018 1.21449)
(-4.11289e-14 -2.42504 1.24758)
(1.64516e-13 -2.42504 1.24758)
(-8.20717e-14 -2.5292 1.27864)
(-1.64143e-13 -2.5292 1.27864)
(1.43486e-14 -2.63281 1.30782)
(1.08474e-13 -2.63281 1.30782)
(-8.16892e-14 -2.73604 1.33528)
(1.63378e-13 -2.73604 1.33528)
(0 -2.83902 1.36114)
(1.62986e-13 -2.83902 1.36114)
(1.7797e-14 -2.94189 1.38552)
(-2.21032e-13 -2.94189 1.38552)
(4.05461e-14 -3.04479 1.40853)
(0 -3.04479 1.40853)
(-4.04438e-14 -3.14782 1.43026)
(-1.61775e-13 -3.14782 1.43026)
(4.03403e-14 -3.2511 1.45082)
(-1.61361e-13 -3.2511 1.45082)
(0 -3.35475 1.47028)
(1.60942e-13 -3.35475 1.47028)
(0 -3.45885 1.48872)
(1.60519e-13 -3.45885 1.48872)
(0 -3.56351 1.50621)
(1.60091e-13 -3.56351 1.50621)
(-7.98296e-14 -3.66883 1.52282)
(0 -3.66883 1.52282)
(3.98059e-14 -3.77489 1.53859)
(-3.38819e-14 -3.77489 1.53859)
(-4.48776e-14 -3.88177 1.5536)
(-3.45143e-14 -3.88177 1.5536)
(0 -3.98956 1.56789)
(3.51586e-14 -3.98956 1.56789)
(-7.89471e-14 -4.09834 1.5815)
(0 -4.09834 1.5815)
(-3.93611e-14 -4.20819 1.59448)
(0 -4.20819 1.59448)
(-2.08343e-15 -4.31918 1.60687)
(0 -4.31918 1.60687)
(-3.91339e-14 -4.43139 1.61871)
(0 -4.43139 1.61871)
(0 -4.5449 1.63004)
(-1.56077e-13 -4.5449 1.63004)
(0 -4.65977 1.64088)
(0 -4.65977 1.64088)
(3.87879e-14 -4.77608 1.65126)
(1.55152e-13 -4.77608 1.65126)
(-3.86712e-14 -4.8939 1.66122)
(0 -4.8939 1.66122)
(0 -5.0133 1.67078)
(1.54216e-13 -5.0133 1.67078)
(-3.4571e-14 -5.13435 1.67997)
(-4.23012e-14 -5.13435 1.67997)
(-3.83177e-14 -5.25713 1.68881)
(1.53271e-13 -5.25713 1.68881)
(-5.69647e-15 -5.38169 1.69732)
(0 -5.38169 1.69732)
(0 -5.50812 1.70552)
(0 -5.50812 1.70552)
(7.59186e-14 -5.63648 1.71344)
(1.51837e-13 -5.63648 1.71344)
(-7.56776e-14 -5.76685 1.72109)
(0 -5.76685 1.72109)
(0 -5.8993 1.72849)
(1.50871e-13 -5.8993 1.72849)
(0 -6.03389 1.73566)
(1.50386e-13 -6.03389 1.73566)
(3.74745e-14 -6.17072 1.7426)
(0 -6.17072 1.7426)
(7.47044e-14 -6.30984 1.74935)
(9.94465e-14 -6.30984 1.74935)
(-5.08949e-14 -6.45134 1.7559)
(4.97648e-13 -6.45134 1.7559)
(0 -6.59529 1.76228)
(1.48425e-13 -6.59529 1.76228)
(-5.28127e-14 -6.74177 1.7685)
(9.51181e-14 -6.74177 1.7685)
(3.68587e-14 -6.89086 1.77456)
(-5.37986e-14 -6.89086 1.77456)
(0 -7.04265 1.78049)
(0 -7.04265 1.78049)
(3.66096e-14 -7.19721 1.78629)
(1.46438e-13 -7.19721 1.78629)
(5.68679e-14 -7.35462 1.79198)
(1.45938e-13 -7.35462 1.79198)
(5.79294e-14 -7.51498 1.79755)
(-5.79294e-14 -7.51498 1.79755)
(3.62331e-14 -7.67837 1.80303)
(0 -7.67837 1.80303)
(-3.61069e-14 -7.84489 1.80842)
(0 -7.84489 1.80842)
(-7.19605e-14 -8.01461 1.81374)
(1.43921e-13 -8.01461 1.81374)
(0 -8.18765 1.81898)
(-3.11887e-14 -8.18765 1.81898)
(6.7497e-14 -8.36408 1.82416)
(-3.17709e-14 -8.36408 1.82416)
(0 -8.54402 1.82929)
(-1.42394e-13 -8.54402 1.82929)
(-3.54704e-14 -8.72757 1.83437)
(-1.41882e-13 -8.72757 1.83437)
(-3.35835e-14 -8.91482 1.83941)
(1.41368e-13 -8.91482 1.83941)
(1.00297e-15 -9.10588 1.84443)
(3.42104e-14 -9.10588 1.84443)
(3.46137e-14 -9.30087 1.84942)
(2.80675e-13 -9.30087 1.84942)
(-3.4955e-14 -9.49989 1.85439)
(0 -9.49989 1.85439)
(0 -9.70306 1.85935)
(3.61622e-14 -9.70306 1.85935)
(3.68372e-14 -9.9105 1.8643)
(0 -9.9105 1.8643)
(6.91297e-14 -10.1223 1.86926)
(1.38259e-13 -10.1223 1.86926)
(-3.44341e-14 -10.3387 1.87423)
(0 -10.3387 1.87423)
(-3.4303e-14 -10.5597 1.87921)
(0 -10.5597 1.87921)
(-3.96657e-14 -10.7854 1.8842)
(4.49725e-13 -10.7854 1.8842)
(-4.04062e-14 -11.0161 1.88923)
(1.76565e-13 -11.0161 1.88923)
(7.25275e-15 -11.2518 1.89429)
(0 -11.2518 1.89429)
(8.15359e-15 -11.4928 1.89938)
(9.31719e-14 -11.4928 1.89938)
(0 -11.7391 1.90451)
(-4.27114e-14 -11.7391 1.90451)
(6.70181e-14 -11.9908 1.90969)
(1.34036e-13 -11.9908 1.90969)
(-4.43209e-14 -12.2483 1.91493)
(1.77823e-13 -12.2483 1.91493)
(-1.19067e-14 -12.5116 1.92022)
(1.78114e-13 -12.5116 1.92022)
(-1.12205e-13 -12.7808 1.92557)
(1.32428e-13 -12.7808 1.92557)
(-1.45767e-13 -13.0563 1.931)
(1.3189e-13 -13.0563 1.931)
(3.28372e-14 -13.338 1.93649)
(1.31349e-13 -13.338 1.93649)
(-6.4528e-14 -13.6264 1.94206)
(1.79422e-13 -13.6264 1.94206)
(-3.25658e-14 -13.9214 1.94772)
(1.30263e-13 -13.9214 1.94772)
(-3.24294e-14 -14.2234 1.95346)
(-5.04467e-14 -14.2234 1.95346)
(0 -14.5325 1.9593)
(-1.29171e-13 -14.5325 1.9593)
(0 -14.8489 1.96524)
(1.28622e-13 -14.8489 1.96524)
(0 -15.1729 1.97127)
(0 -15.1729 1.97127)
(2.71601e-14 -15.5047 1.97742)
(1.00359e-13 -15.5047 1.97742)
(2.76671e-14 -15.8445 1.98368)
(-1.26965e-13 -15.8445 1.98368)
(5.97859e-14 -16.1926 1.99006)
(9.82257e-14 -16.1926 1.99006)
(-6.29257e-14 -16.5492 1.99656)
(-1.25851e-13 -16.5492 1.99656)
(0 -16.9145 2.00318)
(0 -16.9145 2.00318)
(3.11825e-14 -17.2889 2.00994)
(1.2473e-13 -17.2889 2.00994)
(9.17368e-14 -17.6726 2.01685)
(6.34713e-14 -17.6726 2.01685)
(-3.09002e-14 -18.066 2.02389)
(0 -18.066 2.02389)
(0 -18.4692 2.03108)
(1.23033e-13 -18.4692 2.03108)
(3.2079e-14 -18.8826 2.03843)
(0 -18.8826 2.03843)
(-2.82678e-14 -19.3066 2.04594)
(-1.54569e-13 -19.3066 2.04594)
(-9.39463e-14 -19.7415 2.05361)
(1.54605e-13 -19.7415 2.05361)
(-3.01851e-14 -20.1875 2.06146)
(1.2074e-13 -20.1875 2.06146)
(3.00404e-14 -20.6452 2.06948)
(1.20162e-13 -20.6452 2.06948)
(0 -21.1148 2.07769)
(0 -21.1148 2.07769)
(0 -21.5967 2.08608)
(2.37994e-13 -21.5967 2.08608)
(6.91019e-15 -22.0913 2.09467)
(-3.65128e-14 -22.0913 2.09467)
(0 -22.599 2.10347)
(8.06275e-14 -22.599 2.10347)
(0 -23.1204 2.11247)
(3.78887e-14 -23.1204 2.11247)
(0 -23.6557 2.12168)
(-1.16637e-13 -23.6557 2.12168)
(2.901e-14 -24.2056 2.13112)
(2.3208e-13 -24.2056 2.13112)
(0 -24.7704 2.14079)
(1.1544e-13 -24.7704 2.14079)
(-6.95074e-14 -25.3506 2.15069)
(2.29676e-13 -25.3506 2.15069)
(1.55567e-14 -25.9469 2.16084)
(2.28465e-13 -25.9469 2.16084)
(0 -26.5596 2.17123)
(-4.23353e-14 -26.5596 2.17123)
(0 -27.1895 2.18188)
(1.13013e-13 -27.1895 2.18188)
(0 -27.8371 2.1928)
(1.12398e-13 -27.8371 2.1928)
(2.7945e-14 -28.5029 2.204)
(1.56531e-13 -28.5029 2.204)
(2.77897e-14 -29.1877 2.21547)
(1.11159e-13 -29.1877 2.21547)
(-4.41503e-15 -29.892 2.22724)
(-1.33752e-13 -29.892 2.22724)
(-4.73037e-14 -30.6167 2.23931)
(-6.26019e-14 -30.6167 2.23931)
(2.73185e-14 -31.3623 2.25168)
(1.09274e-13 -31.3623 2.25168)
(0 -32.1297 2.26437)
(1.08638e-13 -32.1297 2.26437)
(-2.50013e-14 -32.9195 2.2774)
(-5.00025e-14 -32.9195 2.2774)
(0 -33.7328 2.29076)
(-1.32824e-13 -33.7328 2.29076)
(-2.66771e-14 -34.5701 2.30446)
(8.07651e-14 -34.5701 2.30446)
(0 -35.4326 2.31853)
(0 -35.4326 2.31853)
(-2.63504e-14 -36.321 2.33296)
(-1.05402e-13 -36.321 2.33296)
(2.86615e-14 -37.2363 2.34778)
(-5.4847e-14 -37.2363 2.34778)
(5.39547e-14 -38.1795 2.36298)
(7.61421e-14 -38.1795 2.36298)
(0 -39.1517 2.37859)
(7.49518e-14 -39.1517 2.37859)
(2.56838e-14 -40.154 2.39462)
(0 -40.154 2.39462)
(-4.70134e-14 -41.1874 2.41107)
(-1.31586e-13 -41.1874 2.41107)
(0 -42.2531 2.42797)
(-1.01373e-13 -42.2531 2.42797)
(-2.51713e-14 -43.3525 2.44532)
(0 -43.3525 2.44532)
(0 -44.4867 2.46314)
(9.99916e-14 -44.4867 2.46314)
(0 -45.6572 2.48143)
(-3.17965e-14 -45.6572 2.48143)
(-2.46471e-14 -46.8652 2.50023)
(9.85883e-14 -46.8652 2.50023)
(-4.0414e-14 -48.1123 2.51954)
(0 -48.1123 2.51954)
(2.42906e-14 -49.3999 2.53937)
(0 -49.3999 2.53937)
(-2.41102e-14 -50.7297 2.55974)
(9.64407e-14 -50.7297 2.55974)
(-4.78564e-14 -52.1033 2.58067)
(6.08357e-14 -52.1033 2.58067)
(-4.74893e-14 -53.5225 2.60218)
(5.94505e-14 -53.5225 2.60218)
(0 -54.9889 2.62428)
(0 -54.9889 2.62428)
(0 -56.5045 2.64698)
(3.68669e-14 -56.5045 2.64698)
(-6.07392e-14 -58.0713 2.6703)
(-9.27365e-14 -58.0713 2.6703)
(-2.29939e-14 -59.6912 2.69427)
(0 -59.6912 2.69427)
(2.28018e-14 -61.3663 2.7189)
(0 -61.3663 2.7189)
(-3.96977e-14 -63.0988 2.7442)
(1.30129e-13 -63.0988 2.7442)
(2.2412e-14 -64.8911 2.77019)
(8.96481e-14 -64.8911 2.77019)
(0 -66.7453 2.7969)
(8.88569e-14 -66.7453 2.7969)
(6.3977e-14 -68.6641 2.82434)
(-1.3002e-13 -68.6641 2.82434)
(0 -70.6498 2.85252)
(2.13729e-14 -70.6498 2.85252)
(1.63204e-16 -72.7052 2.88147)
(6.46627e-14 -72.7052 2.88147)
(-2.14025e-14 -74.8328 2.9112)
(0 -74.8328 2.9112)
(-2.11942e-14 -77.0355 2.94173)
(0 -77.0355 2.94173)
(-2.09835e-14 -79.3161 2.97307)
(0 -79.3161 2.97307)
(0 -81.6775 3.00523)
(0 -81.6775 3.00523)
(0 -84.1227 3.03824)
(0 -84.1227 3.03824)
(2.03372e-14 -86.6546 3.07209)
(5.7022e-14 -86.6546 3.07209)
(-2.01168e-14 -89.2765 3.10681)
(-1.05249e-13 -89.2765 3.10681)
(-1.98939e-14 -91.9913 3.14239)
(2.38726e-13 -91.9913 3.14239)
(1.96682e-14 -94.8023 3.17884)
(0 -94.8023 3.17884)
(4.56348e-14 -97.7124 3.21616)
(7.77595e-14 -97.7124 3.21616)
(-3.84175e-14 -100.725 3.25436)
(0 -100.725 3.25436)
(-3.79496e-14 -103.842 3.29341)
(0 -103.842 3.29341)
(2.76894e-14 -107.068 3.33331)
(0 -107.068 3.33331)
(1.84982e-14 -110.404 3.37405)
(1.19779e-13 -110.404 3.37405)
(0 -113.854 3.41559)
(2.87328e-14 -113.854 3.41559)
(2.92691e-14 -117.42 3.4579)
(4.27694e-14 -117.42 3.4579)
(-1.77607e-14 -121.103 3.50095)
(-8.59507e-14 -121.103 3.50095)
(1.75087e-14 -124.906 3.54467)
(-7.00348e-14 -124.906 3.54467)
(-1.72535e-14 -128.828 3.589)
(0 -128.828 3.589)
(1.57582e-14 -132.872 3.63388)
(-8.37388e-14 -132.872 3.63388)
(0 -137.036 3.6792)
(6.69342e-14 -137.036 3.6792)
(-1.64687e-14 -141.32 3.72486)
(-6.5875e-14 -141.32 3.72486)
(0 -145.722 3.77075)
(-1.66573e-14 -145.722 3.77075)
(1.59295e-14 -150.239 3.81671)
(1.27436e-13 -150.239 3.81671)
(-1.56551e-14 -154.867 3.8626)
(6.26205e-14 -154.867 3.8626)
(1.76076e-14 -159.6 3.90822)
(4.39028e-14 -159.6 3.90822)
(-3.30333e-14 -164.433 3.95337)
(1.79363e-14 -164.433 3.95337)
(3.45766e-15 -169.355 3.99783)
(1.18508e-13 -169.355 3.99783)
(-1.4527e-14 -174.358 4.04135)
(0 -174.358 4.04135)
(-1.42378e-14 -179.428 4.08365)
(-7.59106e-14 -179.428 4.08365)
(1.39459e-14 -184.553 4.12444)
(-1.93135e-14 -184.553 4.12444)
(-3.33257e-14 -189.717 4.16341)
(5.46064e-14 -189.717 4.16341)
(-6.66878e-15 -194.901 4.20022)
(0 -194.901 4.20022)
(0 -200.087 4.23453)
(3.18104e-14 -200.087 4.23453)
(-2.07965e-14 -205.252 4.26599)
(0 -205.252 4.26599)
(-3.36389e-14 -210.375 4.29423)
(3.92244e-14 -210.375 4.29423)
(-1.21511e-14 -215.433 4.31891)
(-1.07901e-14 -215.433 4.31891)
(0 -220.399 4.33969)
(0 -220.399 4.33969)
(1.15425e-14 -225.25 4.35624)
(-6.85633e-14 -225.25 4.35624)
(0 -229.962 4.36828)
(0 -229.962 4.36828)
(0 -234.511 4.37556)
(-4.37323e-14 -234.511 4.37556)
(-1.0629e-14 -238.874 4.37788)
(-4.25159e-14 -238.874 4.37788)
(0 -243.033 4.3751)
(4.13031e-14 -243.033 4.3751)
(2.23053e-14 -246.97 4.36713)
(8.01909e-14 -246.97 4.36713)
(-9.72357e-15 -250.67 4.35396)
(3.88943e-14 -250.67 4.35396)
(-1.27442e-14 -254.124 4.33564)
(-1.27442e-14 -254.124 4.33564)
(1.82586e-14 -257.323 4.3123)
(0 -257.323 4.3123)
(-1.76719e-14 -260.266 4.2841)
(0 -260.266 4.2841)
(8.54548e-15 -262.951 4.25131)
(3.41819e-14 -262.951 4.25131)
(0 -265.385 4.21421)
(0 -265.385 4.21421)
(7.97434e-15 -267.573 4.17313)
(-3.18974e-14 -267.573 4.17313)
(7.69408e-15 -269.527 4.12844)
(3.07763e-14 -269.527 4.12844)
(-1.64733e-16 -271.258 4.08054)
(5.93406e-14 -271.258 4.08054)
(7.145e-15 -272.781 4.02981)
(-2.858e-14 -272.781 4.02981)
(6.22673e-15 -274.111 3.97665)
(2.75058e-14 -274.111 3.97665)
(1.53333e-14 -275.265 3.92145)
(-4.17812e-14 -275.265 3.92145)
(0 -276.259 3.86458)
(-7.80975e-15 -276.259 3.86458)
(0 -277.109 3.80638)
(-2.43827e-14 -277.109 3.80638)
(5.84388e-15 -277.831 3.7472)
(0 -277.831 3.7472)
(2.93734e-15 -278.441 3.68731)
(1.413e-14 -278.441 3.68731)
(-8.40941e-15 -278.953 3.62699)
(2.98215e-14 -278.953 3.62699)
(0 -279.379 3.56648)
(0 -279.379 3.56648)
(-4.36314e-15 -279.732 3.50598)
(2.38794e-14 -279.732 3.50598)
(4.64836e-15 -280.022 3.44567)
(3.71868e-14 -280.022 3.44567)
(8.8435e-15 -280.26 3.38569)
(1.7687e-14 -280.26 3.38569)
(4.61207e-15 -280.453 3.32617)
(-4.61207e-15 -280.453 3.32617)
(-3.98068e-15 -280.609 3.26723)
(0 -280.609 3.26723)
(0 -280.734 3.20895)
(0 -280.734 3.20895)
(0 -280.834 3.1514)
(9.34647e-15 -280.834 3.1514)
(-3.34856e-15 -280.913 3.09462)
(1.33943e-14 -280.913 3.09462)
(0 -280.975 3.03867)
(1.25819e-14 -280.975 3.03867)
(2.9461e-15 -281.024 2.98358)
(0 -281.024 2.98358)
(2.75036e-15 -281.063 2.92935)
(2.20029e-14 -281.063 2.92935)
(5.34754e-15 -281.092 2.87601)
(0 -281.092 2.87601)
(-2.36955e-15 -281.115 2.82357)
(0 -281.115 2.82357)
(4.36871e-15 -281.133 2.77202)
(0 -281.133 2.77202)
(0 -281.147 2.72138)
(0 -281.147 2.72138)
(0 -281.157 2.67163)
(0 -281.157 2.67163)
(0 -281.166 2.62275)
(-2.93281e-15 -281.166 2.62275)
(-1.47687e-15 -281.172 2.57476)
(5.90746e-15 -281.172 2.57476)
(3.04332e-15 -281.177 2.52763)
(5.23207e-15 -281.177 2.52763)
(2.69233e-15 -281.181 2.48135)
(-1.55006e-15 -281.181 2.48135)
(9.79542e-16 -281.184 2.43591)
(3.91817e-15 -281.184 2.43591)
(-1.63961e-15 -281.187 2.3913)
(-1.60848e-15 -281.187 2.3913)
(-1.48224e-15 -281.189 2.3475)
(1.01347e-15 -281.189 2.3475)
(-1.0181e-15 -281.191 2.3045)
(0 -281.191 2.3045)
(0 -281.192 2.26228)
(1.43174e-15 -281.192 2.26228)
(1.3824e-17 -281.193 2.22083)
(-4.32995e-16 -281.193 2.22083)
(6.39539e-17 -281.194 2.18015)
(0 -281.194 2.18015)
(0 -281.194 1.57088)
(0 -281.194 1.57088)
(0 -281.195 0.52039)
(0 -281.195 0.52039)
(7.98362e-14 -1.24301e-06 -4.60072e-07)
(-4.06424e-27 -4.57592e-13 0)
(8.46365e-14 -0.227508 -0.112019)
(1.69273e-13 -0.227508 -0.112019)
(4.22885e-14 -0.375376 -0.21766)
(-3.38308e-13 -0.375376 -0.21766)
(4.22527e-14 -0.519762 -0.316988)
(1.69011e-13 -0.519762 -0.316988)
(0 -0.660543 -0.41013)
(1.68845e-13 -0.660543 -0.41013)
(0 -0.797677 -0.497268)
(-1.68659e-13 -0.797677 -0.497268)
(0 -0.931203 -0.578637)
(-2.10348e-13 -0.931203 -0.578637)
(4.2677e-14 -1.06122 -0.654511)
(-1.68229e-13 -1.06122 -0.654511)
(4.05207e-14 -1.18789 -0.725194)
(4.34737e-14 -1.18789 -0.725194)
(8.38664e-14 -1.31141 -0.791005)
(-1.67733e-13 -1.31141 -0.791005)
(4.51119e-14 -1.43199 -0.852268)
(0 -1.43199 -0.852268)
(-8.77485e-14 -1.54989 -0.909304)
(0 -1.54989 -0.909304)
(0 -1.66534 -0.962428)
(-1.66881e-13 -1.66534 -0.962428)
(0 -1.7786 -1.01194)
(-1.66573e-13 -1.7786 -1.01194)
(4.85757e-14 -1.88991 -1.05812)
(-4.85757e-14 -1.88991 -1.05812)
(0 -1.9995 -1.10122)
(-1.65924e-13 -1.9995 -1.10122)
(0 -2.1076 -1.14151)
(0 -2.1076 -1.14151)
(0 -2.21443 -1.1792)
(-3.30474e-13 -2.21443 -1.1792)
(-5.23055e-14 -2.32018 -1.21449)
(1.6488e-13 -2.32018 -1.21449)
(4.11289e-14 -2.42504 -1.24758)
(3.29031e-13 -2.42504 -1.24758)
(0 -2.5292 -1.27864)
(1.64143e-13 -2.5292 -1.27864)
(0 -2.63281 -1.30782)
(0 -2.63281 -1.30782)
(-4.08446e-14 -2.73604 -1.33528)
(1.63378e-13 -2.73604 -1.33528)
(-8.14931e-14 -2.83902 -1.36114)
(-1.62986e-13 -2.83902 -1.36114)
(-4.0647e-14 -2.94189 -1.38552)
(0 -2.94189 -1.38552)
(4.05461e-14 -3.04479 -1.40853)
(-5.9535e-14 -3.04479 -1.40853)
(-4.04438e-14 -3.14782 -1.43026)
(-1.61775e-13 -3.14782 -1.43026)
(1.61361e-13 -3.2511 -1.45082)
(-1.61361e-13 -3.2511 -1.45082)
(8.04712e-14 -3.35475 -1.47028)
(0 -3.35475 -1.47028)
(1.61531e-14 -3.45885 -1.48872)
(2.24625e-13 -3.45885 -1.48872)
(4.00228e-14 -3.56351 -1.50621)
(-1.92743e-13 -3.56351 -1.50621)
(3.99148e-14 -3.66883 -1.52282)
(0 -3.66883 -1.52282)
(1.19418e-13 -3.77489 -1.53859)
(1.59223e-13 -3.77489 -1.53859)
(-2.93327e-14 -3.88177 -1.5536)
(1.58784e-13 -3.88177 -1.5536)
(0 -3.98956 -1.56789)
(1.58341e-13 -3.98956 -1.56789)
(0 -4.09834 -1.5815)
(3.58149e-14 -4.09834 -1.5815)
(-3.64835e-14 -4.20819 -1.59448)
(-3.64835e-14 -4.20819 -1.59448)
(-3.92479e-14 -4.31918 -1.60687)
(3.71645e-14 -4.31918 -1.60687)
(3.91339e-14 -4.43139 -1.61871)
(0 -4.43139 -1.61871)
(3.90193e-14 -4.5449 -1.63004)
(-1.94642e-13 -4.5449 -1.63004)
(-3.89039e-14 -4.65977 -1.64088)
(0 -4.65977 -1.64088)
(3.87879e-14 -4.77608 -1.65126)
(1.55152e-13 -4.77608 -1.65126)
(-3.86712e-14 -4.8939 -1.66122)
(0 -4.8939 -1.66122)
(-3.8554e-14 -5.0133 -1.67078)
(-1.54216e-13 -5.0133 -1.67078)
(0 -5.13435 -1.67997)
(1.53745e-13 -5.13435 -1.67997)
(3.83177e-14 -5.25713 -1.68881)
(1.53271e-13 -5.25713 -1.68881)
(7.63975e-14 -5.38169 -1.69732)
(-1.9669e-13 -5.38169 -1.69732)
(0 -5.50812 -1.70552)
(1.07602e-13 -5.50812 -1.70552)
(0 -5.63648 -1.71344)
(0 -5.63648 -1.71344)
(-4.63995e-14 -5.76685 -1.72109)
(-1.97755e-13 -5.76685 -1.72109)
(-9.54784e-15 -5.8993 -1.72849)
(1.50871e-13 -5.8993 -1.72849)
(0 -6.03389 -1.73566)
(0 -6.03389 -1.73566)
(3.74745e-14 -6.17072 -1.7426)
(0 -6.17072 -1.7426)
(8.73145e-14 -6.30984 -1.74935)
(0 -6.30984 -1.74935)
(3.72294e-14 -6.45134 -1.7559)
(1.48918e-13 -6.45134 -1.7559)
(-3.71063e-14 -6.59529 -1.76228)
(-1.48425e-13 -6.59529 -1.76228)
(8.97954e-14 -6.74177 -1.7685)
(-1.47931e-13 -6.74177 -1.7685)
(0 -6.89086 -1.77456)
(0 -6.89086 -1.77456)
(1.80685e-14 -7.04265 -1.78049)
(-2.0174e-13 -7.04265 -1.78049)
(7.32192e-14 -7.19721 -1.78629)
(0 -7.19721 -1.78629)
(-2.03834e-14 -7.35462 -1.79198)
(0 -7.35462 -1.79198)
(5.79294e-14 -7.51498 -1.79755)
(-5.79294e-14 -7.51498 -1.79755)
(3.62331e-14 -7.67837 -1.80303)
(0 -7.67837 -1.80303)
(1.21014e-14 -7.84489 -1.80842)
(-3.00562e-14 -7.84489 -1.80842)
(-3.59803e-14 -8.01461 -1.81374)
(1.43921e-13 -8.01461 -1.81374)
(3.58533e-14 -8.18765 -1.81898)
(-1.43413e-13 -8.18765 -1.81898)
(0 -8.36408 -1.82416)
(-1.42904e-13 -8.36408 -1.82416)
(7.11968e-14 -8.54402 -1.82929)
(-2.84787e-13 -8.54402 -1.82929)
(-2.50228e-15 -8.72757 -1.83437)
(-1.41882e-13 -8.72757 -1.83437)
(6.89256e-14 -8.91482 -1.83941)
(-3.1632e-13 -8.91482 -1.83941)
(3.42104e-14 -9.10588 -1.84443)
(0 -9.10588 -1.84443)
(0 -9.30087 -1.84942)
(0 -9.30087 -1.84942)
(0 -9.49989 -1.85439)
(1.0432e-13 -9.49989 -1.85439)
(3.48253e-14 -9.70306 -1.85935)
(-1.39301e-13 -9.70306 -1.85935)
(3.46952e-14 -9.9105 -1.8643)
(-1.38781e-13 -9.9105 -1.8643)
(3.45648e-14 -10.1223 -1.86926)
(0 -10.1223 -1.86926)
(3.82253e-14 -10.3387 -1.87423)
(-3.82253e-14 -10.3387 -1.87423)
(3.4303e-14 -10.5597 -1.87921)
(-1.37212e-13 -10.5597 -1.87921)
(3.41716e-14 -10.7854 -1.8842)
(2.73373e-13 -10.7854 -1.8842)
(3.40398e-14 -11.0161 -1.88923)
(-1.36159e-13 -11.0161 -1.88923)
(4.11604e-14 -11.2518 -1.89429)
(-1.76791e-13 -11.2518 -1.89429)
(7.57039e-14 -11.4928 -1.89938)
(-1.77029e-13 -11.4928 -1.89938)
(0 -11.7391 -1.90451)
(-1.34569e-13 -11.7391 -1.90451)
(2.35094e-14 -11.9908 -1.90969)
(1.34036e-13 -11.9908 -1.90969)
(3.33755e-14 -12.2483 -1.91493)
(1.33502e-13 -12.2483 -1.91493)
(0 -12.5116 -1.92022)
(1.78114e-13 -12.5116 -1.92022)
(0 -12.7808 -1.92557)
(0 -12.7808 -1.92557)
(-3.29724e-14 -13.0563 -1.931)
(4.68495e-14 -13.0563 -1.931)
(3.28372e-14 -13.338 -1.93649)
(0 -13.338 -1.93649)
(6.54034e-14 -13.6264 -1.94206)
(-1.30807e-13 -13.6264 -1.94206)
(0 -13.9214 -1.94772)
(-1.30263e-13 -13.9214 -1.94772)
(8.28762e-14 -14.2234 -1.95346)
(-1.80164e-13 -14.2234 -1.95346)
(3.22927e-14 -14.5325 -1.9593)
(0 -14.5325 -1.9593)
(0 -14.8489 -1.96524)
(-1.8097e-13 -14.8489 -1.96524)
(0 -15.1729 -1.97127)
(1.28071e-13 -15.1729 -1.97127)
(-3.18798e-14 -15.5047 -1.97742)
(0 -15.5047 -1.97742)
(5.94084e-14 -15.8445 -1.98368)
(-1.26965e-13 -15.8445 -1.98368)
(6.83749e-15 -16.1926 -1.99006)
(1.26409e-13 -16.1926 -1.99006)
(2.87096e-14 -16.5492 -1.99656)
(-2.87096e-14 -16.5492 -1.99656)
(6.26459e-14 -16.9145 -2.00318)
(0 -16.9145 -2.00318)
(1.39105e-15 -17.2889 -2.00994)
(1.2473e-13 -17.2889 -2.00994)
(3.10416e-14 -17.6726 -2.01685)
(9.38189e-14 -17.6726 -2.01685)
(-3.09002e-14 -18.066 -2.02389)
(0 -18.066 -2.02389)
(3.07583e-14 -18.4692 -2.03108)
(2.46066e-13 -18.4692 -2.03108)
(3.06158e-14 -18.8826 -2.03843)
(0 -18.8826 -2.03843)
(6.09456e-14 -19.3066 -2.04594)
(-1.21891e-13 -19.3066 -2.04594)
(3.03293e-14 -19.7415 -2.05361)
(0 -19.7415 -2.05361)
(-3.01851e-14 -20.1875 -2.06146)
(-3.39092e-14 -20.1875 -2.06146)
(3.00404e-14 -20.6452 -2.06948)
(-1.20162e-13 -20.6452 -2.06948)
(2.98951e-14 -21.1148 -2.07769)
(1.1958e-13 -21.1148 -2.07769)
(2.97492e-14 -21.5967 -2.08608)
(0 -21.5967 -2.08608)
(2.96026e-14 -22.0913 -2.09467)
(0 -22.0913 -2.09467)
(6.66499e-14 -22.599 -2.10347)
(-3.71944e-14 -22.599 -2.10347)
(0 -23.1204 -2.11247)
(-1.55119e-13 -23.1204 -2.11247)
(2.91591e-14 -23.6557 -2.12168)
(-1.16637e-13 -23.6557 -2.12168)
(2.901e-14 -24.2056 -2.13112)
(1.1604e-13 -24.2056 -2.13112)
(1.11903e-14 -24.7704 -2.14079)
(-2.70931e-13 -24.7704 -2.14079)
(0 -25.3506 -2.15069)
(1.14838e-13 -25.3506 -2.15069)
(4.15595e-14 -25.9469 -2.16084)
(-1.14232e-13 -25.9469 -2.16084)
(0 -26.5596 -2.17123)
(-1.13624e-13 -26.5596 -2.17123)
(2.82531e-14 -27.1895 -2.18188)
(1.13013e-13 -27.1895 -2.18188)
(2.80995e-14 -27.8371 -2.1928)
(0 -27.8371 -2.1928)
(0 -28.5029 -2.204)
(0 -28.5029 -2.204)
(2.77897e-14 -29.1877 -2.21547)
(-2.2793e-14 -29.1877 -2.21547)
(-4.41503e-15 -29.892 -2.22724)
(-1.33752e-13 -29.892 -2.22724)
(2.74764e-14 -30.6167 -2.23931)
(1.09906e-13 -30.6167 -2.23931)
(3.05435e-14 -31.3623 -2.25168)
(0 -31.3623 -2.25168)
(0 -32.1297 -2.26437)
(0 -32.1297 -2.26437)
(0 -32.9195 -2.2774)
(-2.15998e-13 -32.9195 -2.2774)
(2.68389e-14 -33.7328 -2.29076)
(-1.58292e-13 -33.7328 -2.29076)
(-5.18867e-14 -34.5701 -2.30446)
(1.06709e-13 -34.5701 -2.30446)
(5.30286e-14 -35.4326 -2.31853)
(0 -35.4326 -2.31853)
(-2.69209e-14 -36.321 -2.33296)
(0 -36.321 -2.33296)
(0 -37.2363 -2.34778)
(-2.74235e-14 -37.2363 -2.34778)
(2.60194e-14 -38.1795 -2.36298)
(7.61421e-14 -38.1795 -2.36298)
(2.84568e-14 -39.1517 -2.37859)
(0 -39.1517 -2.37859)
(5.46718e-14 -40.154 -2.39462)
(-2.8988e-14 -40.154 -2.39462)
(-5.50433e-14 -41.1874 -2.41107)
(-2.95292e-14 -41.1874 -2.41107)
(2.53434e-14 -42.2531 -2.42797)
(1.31454e-13 -42.2531 -2.42797)
(3.06419e-14 -43.3525 -2.44532)
(0 -43.3525 -2.44532)
(0 -44.4867 -2.46314)
(-9.99916e-14 -44.4867 -2.46314)
(0 -45.6572 -2.48143)
(-3.17965e-14 -45.6572 -2.48143)
(-2.46471e-14 -46.8652 -2.50023)
(0 -46.8652 -2.50023)
(3.29947e-14 -48.1123 -2.51954)
(-9.78783e-14 -48.1123 -2.51954)
(0 -49.3999 -2.53937)
(0 -49.3999 -2.53937)
(0 -50.7297 -2.55974)
(9.64407e-14 -50.7297 -2.55974)
(-8.27335e-14 -52.1033 -2.58067)
(3.48771e-14 -52.1033 -2.58067)
(1.17835e-14 -53.5225 -2.60218)
(5.94505e-14 -53.5225 -2.60218)
(3.61913e-14 -54.9889 -2.62428)
(0 -54.9889 -2.62428)
(-1.34942e-14 -56.5045 -2.64698)
(3.68669e-14 -56.5045 -2.64698)
(2.31841e-14 -58.0713 -2.6703)
(-1.85473e-13 -58.0713 -2.6703)
(-2.29939e-14 -59.6912 -2.69427)
(0 -59.6912 -2.69427)
(5.84553e-14 -61.3663 -2.7189)
(-9.12071e-14 -61.3663 -2.7189)
(0 -63.0988 -2.7442)
(3.96977e-14 -63.0988 -2.7442)
(2.02193e-14 -64.8911 -2.77019)
(0 -64.8911 -2.77019)
(4.44285e-14 -66.7453 -2.7969)
(8.88569e-14 -66.7453 -2.7969)
(6.50102e-14 -68.6641 -2.82434)
(-2.09813e-14 -68.6641 -2.82434)
(-2.09332e-14 -70.6498 -2.85252)
(4.27458e-14 -70.6498 -2.85252)
(-2.16086e-14 -72.7052 -2.88147)
(6.46627e-14 -72.7052 -2.88147)
(2.14025e-14 -74.8328 -2.9112)
(0 -74.8328 -2.9112)
(2.11942e-14 -77.0355 -2.94173)
(-8.47766e-14 -77.0355 -2.94173)
(0 -79.3161 -2.97307)
(0 -79.3161 -2.97307)
(-2.34436e-14 -81.6775 -3.00523)
(0 -81.6775 -3.00523)
(4.44363e-14 -84.1227 -3.03824)
(-2.38812e-14 -84.1227 -3.03824)
(-2.03372e-14 -86.6546 -3.07209)
(8.1349e-14 -86.6546 -3.07209)
(2.47811e-14 -89.2765 -3.10681)
(-1.05249e-13 -89.2765 -3.10681)
(-5.34982e-15 -91.9913 -3.14239)
(7.95755e-14 -91.9913 -3.14239)
(1.96682e-14 -94.8023 -3.17884)
(7.86729e-14 -94.8023 -3.17884)
(0 -97.7124 -3.21616)
(-7.77595e-14 -97.7124 -3.21616)
(6.51014e-14 -100.725 -3.25436)
(-2.66839e-14 -100.725 -3.25436)
(-1.89748e-14 -103.842 -3.29341)
(0 -103.842 -3.29341)
(1.8738e-14 -107.068 -3.33331)
(0 -107.068 -3.33331)
(3.69964e-14 -110.404 -3.37405)
(7.39929e-14 -110.404 -3.37405)
(0 -113.854 -3.41559)
(-1.01755e-13 -113.854 -3.41559)
(0 -117.42 -3.4579)
(0 -117.42 -3.4579)
(1.49077e-14 -121.103 -3.50095)
(-8.59507e-14 -121.103 -3.50095)
(1.75087e-14 -124.906 -3.54467)
(-7.00348e-14 -124.906 -3.54467)
(0 -128.828 -3.589)
(-9.99531e-14 -128.828 -3.589)
(0 -132.872 -3.63388)
(1.57582e-14 -132.872 -3.63388)
(4.95195e-14 -137.036 -3.6792)
(-1.60524e-14 -137.036 -3.6792)
(1.64687e-14 -141.32 -3.72486)
(-1.3175e-13 -141.32 -3.72486)
(1.62007e-14 -145.722 -3.77075)
(0 -145.722 -3.77075)
(-1.59295e-14 -150.239 -3.81671)
(6.37181e-14 -150.239 -3.81671)
(-3.29401e-14 -154.867 -3.8626)
(-1.7285e-14 -154.867 -3.8626)
(-1.76076e-14 -159.6 -3.90822)
(6.15104e-14 -159.6 -3.90822)
(0 -164.433 -3.95337)
(0 -164.433 -3.95337)
(-1.48134e-14 -169.355 -3.99783)
(-5.92538e-14 -169.355 -3.99783)
(0 -174.358 -4.04135)
(0 -174.358 -4.04135)
(1.42378e-14 -179.428 -4.08365)
(-5.6951e-14 -179.428 -4.08365)
(1.93135e-14 -184.553 -4.12444)
(0 -184.553 -4.12444)
(1.36516e-14 -189.717 -4.16341)
(-7.42805e-14 -189.717 -4.16341)
(-3.33963e-14 -194.901 -4.20022)
(0 -194.901 -4.20022)
(3.34718e-14 -200.087 -4.23453)
(-7.26412e-14 -200.087 -4.23453)
(1.27561e-14 -205.252 -4.26599)
(0 -205.252 -4.26599)
(1.4316e-14 -210.375 -4.29423)
(4.98167e-14 -210.375 -4.29423)
(-1.21511e-14 -215.433 -4.31891)
(-2.15802e-14 -215.433 -4.31891)
(-1.18471e-14 -220.399 -4.33969)
(0 -220.399 -4.33969)
(0 -225.25 -4.35624)
(0 -225.25 -4.35624)
(-1.12377e-14 -229.962 -4.36828)
(0 -229.962 -4.36828)
(-1.16186e-14 -234.511 -4.37556)
(4.37323e-14 -234.511 -4.37556)
(1.18355e-14 -238.874 -4.37788)
(-8.50319e-14 -238.874 -4.37788)
(1.03258e-14 -243.033 -4.3751)
(-8.26063e-14 -243.033 -4.3751)
(1.00239e-14 -246.97 -4.36713)
(-4.00954e-14 -246.97 -4.36713)
(0 -250.67 -4.35396)
(3.88943e-14 -250.67 -4.35396)
(-1.27442e-14 -254.124 -4.33564)
(-1.27442e-14 -254.124 -4.33564)
(0 -257.323 -4.3123)
(0 -257.323 -4.3123)
(0 -260.266 -4.2841)
(-1.32245e-14 -260.266 -4.2841)
(8.54548e-15 -262.951 -4.25131)
(-3.41819e-14 -262.951 -4.25131)
(0 -265.385 -4.21421)
(3.30328e-14 -265.385 -4.21421)
(9.84866e-16 -267.573 -4.17313)
(6.98948e-15 -267.573 -4.17313)
(6.54581e-15 -269.527 -4.12844)
(-4.50162e-14 -269.527 -4.12844)
(1.45057e-14 -271.258 -4.08054)
(-4.4176e-14 -271.258 -4.08054)
(1.429e-14 -272.781 -4.02981)
(-2.858e-14 -272.781 -4.02981)
(1.37529e-14 -274.111 -3.97665)
(7.52615e-15 -274.111 -3.97665)
(1.3224e-14 -275.265 -3.92145)
(-2.6448e-14 -275.265 -3.92145)
(1.27035e-14 -276.259 -3.86458)
(0 -276.259 -3.86458)
(2.20067e-14 -277.109 -3.80638)
(-5.6721e-14 -277.109 -3.80638)
(0 -277.831 -3.7472)
(-3.14796e-14 -277.831 -3.7472)
(-2.65899e-15 -278.441 -3.68731)
(-2.23853e-14 -278.441 -3.68731)
(0 -278.953 -3.62699)
(0 -278.953 -3.62699)
(1.02279e-14 -279.379 -3.56648)
(0 -279.379 -3.56648)
(-4.87908e-15 -279.732 -3.50598)
(0 -279.732 -3.50598)
(4.85212e-15 -280.022 -3.44567)
(1.41488e-14 -280.022 -3.44567)
(0 -280.26 -3.38569)
(0 -280.26 -3.38569)
(-4.19921e-15 -280.453 -3.32617)
(-1.67968e-14 -280.453 -3.32617)
(-7.1749e-16 -280.609 -3.26723)
(4.69817e-15 -280.609 -3.26723)
(3.7661e-15 -280.734 -3.20895)
(0 -280.734 -3.20895)
(-8.43062e-15 -280.834 -3.1514)
(2.84433e-14 -280.834 -3.1514)
(0 -280.913 -3.09462)
(0 -280.913 -3.09462)
(3.14548e-15 -280.975 -3.03867)
(-1.25819e-14 -280.975 -3.03867)
(5.89219e-15 -281.024 -2.98358)
(1.17844e-14 -281.024 -2.98358)
(5.50072e-15 -281.063 -2.92935)
(8.37666e-15 -281.063 -2.92935)
(2.78934e-15 -281.092 -2.87601)
(-2.31393e-14 -281.092 -2.87601)
(2.72368e-15 -281.115 -2.82357)
(2.72368e-15 -281.115 -2.82357)
(0 -281.133 -2.77202)
(0 -281.133 -2.77202)
(0 -281.147 -2.72138)
(-8.0102e-15 -281.147 -2.72138)
(1.82407e-15 -281.157 -2.67163)
(-7.2963e-15 -281.157 -2.67163)
(2.93281e-15 -281.166 -2.62275)
(-2.93281e-15 -281.166 -2.62275)
(-2.98755e-15 -281.172 -2.57476)
(-5.90746e-15 -281.172 -2.57476)
(2.82968e-15 -281.177 -2.52763)
(0 -281.177 -2.52763)
(1.14226e-15 -281.181 -2.48135)
(-4.56904e-15 -281.181 -2.48135)
(9.79542e-16 -281.184 -2.43591)
(-3.91817e-15 -281.184 -2.43591)
(0 -281.187 -2.3913)
(-3.27922e-15 -281.187 -2.3913)
(6.62992e-16 -281.189 -2.3475)
(1.01347e-15 -281.189 -2.3475)
(1.0181e-15 -281.191 -2.3045)
(-2.87075e-15 -281.191 -2.3045)
(3.57935e-16 -281.192 -2.26228)
(-5.81617e-16 -281.192 -2.26228)
(-2.09585e-16 -281.193 -2.22083)
(2.7648e-17 -281.193 -2.22083)
(4.41078e-16 -281.194 -2.18015)
(-8.82156e-16 -281.194 -2.18015)
(0 -281.194 -1.57088)
(0 -281.194 -1.57088)
(0 -281.195 -0.52039)
(0 -281.195 -0.52039)
)
;

boundaryField
{
    walls
    {
        type            extrapolatedCalculated;
        value           nonuniform List<vector> 8((0 281.195 0.520389) (0 281.195 -0.520389) (0 281.195 0.520389) (-1.14425e-16 281.195 -0.520389) (0 -281.195 0.52039) (0 -281.195 -0.52039) (0 -281.195 0.52039) (0 -281.195 -0.52039));
    }
    inlet
    {
        type            cyclic;
    }
    outlet
    {
        type            cyclic;
    }
    sides
    {
        type            empty;
    }
}


// ************************************************************************* //
