/*--------------------------------*- C++ -*----------------------------------*\
| =========                 |                                                 |
| \\      /  F ield         | OpenFOAM: The Open Source CFD Toolbox           |
|  \\    /   O peration     | Version:  2106                                  |
|   \\  /    A nd           | Website:  www.openfoam.com                      |
|    \\/     M anipulation  |                                                 |
\*---------------------------------------------------------------------------*/
FoamFile
{
    version     2.0;
    format      ascii;
    arch        "LSB;label=32;scalar=64";
    class       volVectorField;
    location    "10100";
    object      grad(T);
}
// * * * * * * * * * * * * * * * * * * * * * * * * * * * * * * * * * * * * * //

dimensions      [0 -1 0 1 0 0 0];

internalField   nonuniform List<vector> 
2000
(
(0 455.644 0.843232)
(0 455.644 0.843232)
(4.49311e-16 455.644 2.54543)
(-4.49311e-16 455.644 2.54543)
(-1.0363e-16 455.643 3.53267)
(0 455.643 3.53267)
(-1.2056e-15 455.641 3.5986)
(2.22443e-15 455.641 3.5986)
(0 455.638 3.66575)
(-1.70024e-15 455.638 3.66575)
(0 455.634 3.73414)
(-3.29946e-15 455.634 3.73414)
(1.6385e-15 455.629 3.80379)
(4.29723e-15 455.629 3.80379)
(0 455.621 3.87471)
(1.06272e-14 455.621 3.87471)
(-1.58725e-15 455.609 3.94692)
(0 455.609 3.94692)
(0 455.591 4.0204)
(0 455.591 4.0204)
(3.04332e-15 455.564 4.09516)
(0 455.564 4.09516)
(2.39313e-15 455.524 4.17116)
(6.58497e-15 455.524 4.17116)
(0 455.464 4.24836)
(0 455.464 4.24836)
(-5.83483e-15 455.378 4.32669)
(0 455.378 4.32669)
(-3.24498e-15 455.254 4.40606)
(-5.65262e-15 455.254 4.40606)
(3.53957e-15 455.081 4.48632)
(-8.60925e-15 455.081 4.48632)
(0 454.843 4.56729)
(0 454.843 4.56729)
(8.2905e-15 454.518 4.64873)
(2.19285e-14 454.518 4.64873)
(-4.4565e-15 454.083 4.73034)
(-5.24954e-15 454.083 4.73034)
(4.77344e-15 453.51 4.81173)
(1.90937e-14 453.51 4.81173)
(-5.09612e-15 452.763 4.89244)
(4.07689e-14 452.763 4.89244)
(0 451.805 4.97193)
(2.16983e-14 451.805 4.97193)
(0 450.592 5.04956)
(3.27856e-14 450.592 5.04956)
(0 449.075 5.1246)
(1.48233e-14 449.075 5.1246)
(-6.44441e-15 447.204 5.19624)
(0 447.204 5.19624)
(0 444.924 5.26362)
(2.71825e-14 444.924 5.26362)
(-7.15222e-15 442.184 5.32581)
(0 442.184 5.32581)
(-7.514e-15 438.931 5.38188)
(0 438.931 5.38188)
(0 435.121 5.43092)
(-8.72629e-15 435.121 5.43092)
(-1.68182e-14 430.713 5.47207)
(-3.30071e-14 430.713 5.47207)
(8.62696e-15 425.68 5.50458)
(2.60984e-14 425.68 5.50458)
(0 420.006 5.52784)
(-8.25531e-15 420.006 5.52784)
(-9.38738e-15 413.689 5.54139)
(0 413.689 5.54139)
(-9.77139e-15 406.741 5.545)
(0 406.741 5.545)
(0 399.191 5.53861)
(4.06281e-14 399.191 5.53861)
(1.53333e-14 391.08 5.5224)
(-1.53333e-14 391.08 5.5224)
(1.09304e-14 382.462 5.49672)
(2.86691e-14 382.462 5.49672)
(-4.08695e-14 373.402 5.46211)
(7.48192e-14 373.402 5.46211)
(-1.17015e-14 363.971 5.41923)
(0 363.971 5.41923)
(0 354.242 5.36887)
(4.83382e-14 354.242 5.36887)
(-2.493e-14 344.292 5.31188)
(4.986e-14 344.292 5.31188)
(0 334.196 5.24914)
(1.37228e-14 334.196 5.24914)
(2.69426e-14 324.025 5.18155)
(0 324.025 5.18155)
(-3.60932e-16 313.845 5.10998)
(-6.7566e-14 313.845 5.10998)
(2.69325e-14 303.715 5.03525)
(4.28192e-14 303.715 5.03525)
(3.97989e-14 293.689 4.95814)
(-8.27302e-14 293.689 4.95814)
(-1.46654e-14 283.81 4.87934)
(5.86616e-14 283.81 4.87934)
(-2.45629e-14 274.116 4.79949)
(1.44683e-13 274.116 4.79949)
(1.53592e-14 264.64 4.71915)
(8.55497e-14 264.64 4.71915)
(-1.56978e-14 255.405 4.63879)
(-8.64623e-14 255.405 4.63879)
(0 246.43 4.55884)
(0 246.43 4.55884)
(-3.91695e-14 237.728 4.47964)
(-2.28113e-14 237.728 4.47964)
(0 229.309 4.40148)
(0 229.309 4.40148)
(0 221.178 4.32461)
(-6.79837e-14 221.178 4.32461)
(1.73065e-14 213.336 4.2492)
(-2.15801e-14 213.336 4.2492)
(-1.76115e-14 205.782 4.17542)
(0 205.782 4.17542)
(-3.58225e-14 198.514 4.10337)
(7.16451e-14 198.514 4.10337)
(-1.82057e-14 191.527 4.03314)
(0 191.527 4.03314)
(-3.69902e-14 184.815 3.96477)
(-7.39804e-14 184.815 3.96477)
(1.87794e-14 178.37 3.89832)
(-7.51177e-14 178.37 3.89832)
(0 172.184 3.83379)
(-1.93135e-14 172.184 3.83379)
(-5.76268e-14 166.25 3.77119)
(1.54669e-13 166.25 3.77119)
(-1.96037e-14 160.557 3.7105)
(7.84148e-14 160.557 3.7105)
(0 155.097 3.6517)
(0 155.097 3.6517)
(-3.80669e-14 149.862 3.59477)
(8.05224e-14 149.862 3.59477)
(0 144.841 3.53966)
(0 144.841 3.53966)
(-3.35572e-15 140.025 3.48634)
(-1.7285e-14 140.025 3.48634)
(0 135.407 3.43476)
(0 135.407 3.43476)
(0 130.977 3.38487)
(8.45401e-14 130.977 3.38487)
(0 126.726 3.33663)
(0 126.726 3.33663)
(-2.16146e-14 122.648 3.28999)
(8.64584e-14 122.648 3.28999)
(0 118.733 3.24489)
(8.73966e-14 118.733 3.24489)
(8.85863e-15 114.975 3.20128)
(-1.1926e-13 114.975 3.20128)
(3.0372e-14 111.367 3.15912)
(-8.92334e-14 111.367 3.15912)
(-4.50664e-14 107.9 3.11836)
(9.01328e-14 107.9 3.11836)
(-4.55101e-14 104.57 3.07893)
(0 104.57 3.07893)
(0 101.369 3.04081)
(9.1896e-14 101.369 3.04081)
(-5.13964e-14 98.292 3.00394)
(-9.27604e-14 98.292 3.00394)
(2.34035e-14 95.3327 2.96827)
(0 95.3327 2.96827)
(2.36143e-14 92.486 2.93376)
(-9.4457e-14 92.486 2.93376)
(-4.76449e-14 89.7467 2.90038)
(0 89.7467 2.90038)
(2.61949e-14 87.1099 2.86806)
(-2.61949e-14 87.1099 2.86806)
(2.42315e-14 84.5709 2.83679)
(-2.19567e-13 84.5709 2.83679)
(-8.11093e-16 82.1254 2.80651)
(2.52437e-14 82.1254 2.80651)
(0 79.7691 2.7772)
(9.85256e-14 79.7691 2.7772)
(2.4828e-14 77.4981 2.74881)
(9.93122e-14 77.4981 2.74881)
(-2.6164e-14 75.3085 2.72132)
(4.77624e-14 75.3085 2.72132)
(-7.38738e-14 73.1968 2.69468)
(1.47748e-13 73.1968 2.69468)
(2.54057e-14 71.1596 2.66887)
(2.03245e-13 71.1596 2.66887)
(-2.55943e-14 69.1936 2.64386)
(0 69.1936 2.64386)
(-5.15623e-14 67.2958 2.61961)
(1.03125e-13 67.2958 2.61961)
(-2.59662e-14 65.4633 2.59611)
(1.03865e-13 65.4633 2.59611)
(0 63.6932 2.57331)
(-2.13729e-14 63.6932 2.57331)
(2.63311e-14 61.9829 2.55121)
(1.05325e-13 61.9829 2.55121)
(2.65111e-14 60.33 2.52977)
(1.06045e-13 60.33 2.52977)
(-2.66896e-14 58.732 2.50896)
(1.06758e-13 58.732 2.50896)
(2.68665e-14 57.1867 2.48878)
(0 57.1867 2.48878)
(-2.70419e-14 55.6919 2.46919)
(6.91972e-14 55.6919 2.46919)
(2.72158e-14 54.2456 2.45017)
(0 54.2456 2.45017)
(-2.73884e-14 52.8458 2.43171)
(1.09554e-13 52.8458 2.43171)
(6.44265e-14 51.4907 2.41378)
(7.33717e-14 51.4907 2.41378)
(0 50.1784 2.39637)
(1.10918e-13 50.1784 2.39637)
(0 48.9074 2.37945)
(-1.47121e-13 48.9074 2.37945)
(0 47.6759 2.36302)
(1.12262e-13 47.6759 2.36302)
(-2.82317e-14 46.4826 2.34706)
(0 46.4826 2.34706)
(-2.83968e-14 45.3258 2.33154)
(1.13587e-13 45.3258 2.33154)
(0 44.2042 2.31646)
(3.29947e-14 44.2042 2.31646)
(0 43.1165 2.30181)
(0 43.1165 2.30181)
(2.88851e-14 42.0614 2.28755)
(1.1554e-13 42.0614 2.28755)
(-2.16809e-15 41.0377 2.2737)
(8.49692e-14 41.0377 2.2737)
(0 40.0442 2.26022)
(1.16822e-13 40.0442 2.26022)
(-5.87281e-14 39.0799 2.24711)
(1.17456e-13 39.0799 2.24711)
(-7.40787e-18 38.1436 2.23436)
(1.47616e-13 38.1436 2.23436)
(0 37.2344 2.22195)
(-1.18714e-13 37.2344 2.22195)
(0 36.3513 2.20988)
(-2.84568e-14 36.3513 2.20988)
(-5.99787e-14 35.4933 2.19813)
(0 35.4933 2.19813)
(-3.01434e-14 34.6597 2.18669)
(0 34.6597 2.18669)
(-2.69209e-14 33.8494 2.17556)
(-1.21187e-13 33.8494 2.17556)
(6.08984e-14 33.0617 2.16472)
(0 33.0617 2.16472)
(6.12017e-14 32.2959 2.15417)
(9.64601e-14 32.2959 2.15417)
(-3.07518e-14 31.5512 2.14389)
(1.23007e-13 31.5512 2.14389)
(6.18038e-14 30.8268 2.13388)
(-2.50013e-14 30.8268 2.13388)
(8.01376e-14 30.1221 2.12413)
(1.24205e-13 30.1221 2.12413)
(-3.12e-14 29.4365 2.11463)
(-4.81867e-14 29.4365 2.11463)
(-4.73037e-14 28.7692 2.10538)
(2.50784e-13 28.7692 2.10538)
(-3.14954e-14 28.1197 2.09636)
(0 28.1197 2.09636)
(-4.5586e-14 27.4874 2.08757)
(2.53137e-13 27.4874 2.08757)
(-3.17881e-14 26.8718 2.079)
(0 26.8718 2.079)
(0 26.2722 2.07065)
(1.27734e-13 26.2722 2.07065)
(3.20784e-14 25.6882 2.06251)
(2.56627e-13 25.6882 2.06251)
(-3.22226e-14 25.1194 2.05456)
(1.2889e-13 25.1194 2.05456)
(-9.19331e-15 24.5651 2.04682)
(8.79053e-14 24.5651 2.04682)
(-6.50186e-14 24.0249 2.03926)
(1.30037e-13 24.0249 2.03926)
(-4.00503e-14 23.4985 2.03189)
(2.61215e-13 23.4985 2.03189)
(0 22.9854 2.02469)
(9.18588e-14 22.9854 2.02469)
(5.66071e-15 22.4851 2.01767)
(-3.8596e-14 22.4851 2.01767)
(3.30762e-14 21.9972 2.01081)
(0 21.9972 2.01081)
(0 21.5215 2.00412)
(-3.71944e-14 21.5215 2.00412)
(-3.33567e-14 21.0575 1.99758)
(-3.65128e-14 21.0575 1.99758)
(2.34761e-15 20.6049 1.9912)
(-1.69828e-13 20.6049 1.9912)
(-6.88221e-14 20.1632 1.98495)
(3.04268e-13 20.1632 1.98495)
(-3.45421e-14 19.7323 1.97886)
(1.69637e-13 19.7323 1.97886)
(-3.39119e-14 19.3118 1.97289)
(1.01738e-13 19.3118 1.97289)
(0 18.9013 1.96706)
(1.36198e-13 18.9013 1.96706)
(-6.68647e-14 18.5006 1.96136)
(1.36748e-13 18.5006 1.96136)
(0 18.1094 1.95577)
(1.37295e-13 18.1094 1.95577)
(-3.44602e-14 17.7274 1.95031)
(0 17.7274 1.95031)
(-6.55104e-14 17.3544 1.94496)
(3.09141e-14 17.3544 1.94496)
(-3.4732e-14 16.99 1.93972)
(0 16.99 1.93972)
(-2.47157e-14 16.6341 1.93458)
(-1.39469e-13 16.6341 1.93458)
(0 16.2864 1.92954)
(-2.92456e-14 16.2864 1.92954)
(2.87097e-14 15.9467 1.9246)
(-2.87097e-14 15.9467 1.9246)
(9.16381e-14 15.6147 1.91975)
(0 15.6147 1.91975)
(-9.07391e-14 15.2903 1.91499)
(1.4162e-13 15.2903 1.91499)
(-8.98587e-14 14.9731 1.91031)
(1.42154e-13 14.9731 1.91031)
(-3.56716e-14 14.6631 1.90571)
(0 14.6631 1.90571)
(0 14.36 1.90119)
(1.43218e-13 14.36 1.90119)
(-3.5937e-14 14.0636 1.89673)
(-1.43748e-13 14.0636 1.89673)
(-1.43775e-14 13.7737 1.89234)
(1.94724e-13 13.7737 1.89234)
(3.62012e-14 13.4902 1.88802)
(1.44805e-13 13.4902 1.88802)
(3.63328e-14 13.2129 1.88375)
(0 13.2129 1.88375)
(0 12.9416 1.87953)
(1.45856e-13 12.9416 1.87953)
(-8.34445e-14 12.6762 1.87537)
(4.68495e-14 12.6762 1.87537)
(0 12.4164 1.87125)
(1.46903e-13 12.4164 1.87125)
(-3.68562e-14 12.1622 1.86717)
(0 12.1622 1.86717)
(0 11.9134 1.86312)
(0 11.9134 1.86312)
(0 11.6698 1.85911)
(1.48464e-13 11.6698 1.85911)
(0 11.4313 1.85512)
(1.48983e-13 11.4313 1.85512)
(-3.73749e-14 11.1978 1.85116)
(0 11.1978 1.85116)
(-3.75039e-14 10.9692 1.84721)
(0 10.9692 1.84721)
(-7.80388e-14 10.7452 1.84327)
(4.04062e-14 10.7452 1.84327)
(3.58565e-14 10.5258 1.83935)
(1.11379e-13 10.5258 1.83935)
(-7.4729e-14 10.3109 1.83542)
(1.51557e-13 10.3109 1.83542)
(-3.82253e-14 10.1003 1.83149)
(1.52069e-13 10.1003 1.83149)
(-3.81448e-14 9.894 1.82756)
(0 9.894 1.82756)
(-3.82722e-14 9.69176 1.82361)
(0 9.69176 1.82361)
(3.61622e-14 9.49353 1.81964)
(-3.61622e-14 9.49353 1.81964)
(0 9.2992 1.81565)
(1.54104e-13 9.2992 1.81565)
(-3.86526e-14 9.10866 1.81162)
(-1.54611e-13 9.10866 1.81162)
(0 8.92181 1.80756)
(0 8.92181 1.80756)
(-7.24884e-14 8.73856 1.80345)
(-3.44823e-13 8.73856 1.80345)
(-7.19987e-14 8.5588 1.7993)
(0 8.5588 1.7993)
(0 8.38245 1.79509)
(0 8.38245 1.79509)
(0 8.20941 1.79081)
(1.25354e-13 8.20941 1.79081)
(-7.88121e-14 8.03959 1.78646)
(3.15249e-13 8.03959 1.78646)
(-6.12344e-14 7.87291 1.78203)
(2.19357e-13 7.87291 1.78203)
(-3.96549e-14 7.70927 1.77752)
(0 7.70927 1.77752)
(0 7.54861 1.77291)
(-1.59116e-13 7.54861 1.77291)
(-3.99026e-14 7.39082 1.76819)
(0 7.39082 1.76819)
(0 7.23584 1.76337)
(1.60104e-13 7.23584 1.76337)
(0 7.08358 1.75842)
(1.60596e-13 7.08358 1.75842)
(-1.45311e-14 6.93398 1.75334)
(3.76976e-13 6.93398 1.75334)
(4.03941e-14 6.78694 1.74811)
(1.61576e-13 6.78694 1.74811)
(0 6.6424 1.74273)
(1.62065e-13 6.6424 1.74273)
(4.06378e-14 6.50028 1.73719)
(1.62551e-13 6.50028 1.73719)
(-4.07592e-14 6.36052 1.73147)
(3.26073e-13 6.36052 1.73147)
(-4.08801e-14 6.22304 1.72556)
(-1.63521e-13 6.22304 1.72556)
(0 6.08776 1.71945)
(0 6.08776 1.71945)
(-4.11209e-14 5.95463 1.71312)
(0 5.95463 1.71312)
(-8.24814e-14 5.82358 1.70656)
(0 5.82358 1.70656)
(-8.77596e-14 5.69452 1.69976)
(2.1184e-13 5.69452 1.69976)
(0 5.56741 1.69269)
(0 5.56741 1.69269)
(-4.15974e-14 5.44217 1.68534)
(0 5.44217 1.68534)
(-4.38952e-14 5.31873 1.6777)
(0 5.31873 1.6777)
(4.1833e-14 5.19704 1.66973)
(3.34664e-13 5.19704 1.66973)
(8.39e-14 5.07702 1.66143)
(-1.678e-13 5.07702 1.66143)
(8.41329e-14 4.9586 1.65277)
(0 4.9586 1.65277)
(4.35997e-14 4.84173 1.64372)
(3.78224e-13 4.84173 1.64372)
(4.22978e-14 4.72633 1.63426)
(1.69191e-13 4.72633 1.63426)
(4.24126e-14 4.61235 1.62437)
(1.30365e-13 4.61235 1.62437)
(-4.25267e-14 4.4997 1.61402)
(1.70107e-13 4.4997 1.61402)
(-4.26402e-14 4.38834 1.60317)
(0 4.38834 1.60317)
(0 4.27817 1.5918)
(1.71012e-13 4.27817 1.5918)
(-8.57303e-14 4.16914 1.57986)
(1.34977e-13 4.16914 1.57986)
(-4.29765e-14 4.06118 1.56733)
(0 4.06118 1.56733)
(0 3.95421 1.55416)
(3.44697e-13 3.95421 1.55416)
(0 3.84815 1.5403)
(-6.90287e-14 3.84815 1.5403)
(4.33057e-14 3.74294 1.52572)
(-1.73223e-13 3.74294 1.52572)
(4.34137e-14 3.63848 1.51036)
(0 3.63848 1.51036)
(-2.17386e-14 3.53469 1.49417)
(0 3.53469 1.49417)
(2.31473e-14 3.4315 1.47709)
(-6.41064e-14 3.4315 1.47709)
(0 3.32881 1.45905)
(1.74927e-13 3.32881 1.45905)
(0 3.22652 1.43998)
(1.75343e-13 3.22652 1.43998)
(-1.67079e-14 3.12454 1.41981)
(2.364e-13 3.12454 1.41981)
(0 3.02277 1.39846)
(-1.7616e-13 3.02277 1.39846)
(-4.41401e-14 2.92108 1.37583)
(0 2.92108 1.37583)
(-4.42389e-14 2.81937 1.35182)
(1.19583e-13 2.81937 1.35182)
(0 2.7175 1.32633)
(1.77345e-13 2.7175 1.32633)
(1.08576e-14 2.61535 1.29924)
(-1.77728e-13 2.61535 1.29924)
(4.45262e-14 2.51277 1.27042)
(3.01933e-13 2.51277 1.27042)
(0 2.40962 1.23973)
(1.78474e-13 2.40962 1.23973)
(-4.47092e-14 2.30572 1.207)
(0 2.30572 1.207)
(4.47978e-14 2.2009 1.17206)
(1.79191e-13 2.2009 1.17206)
(5.5928e-14 2.09497 1.13474)
(1.79537e-13 2.09497 1.13474)
(-4.49686e-14 1.98774 1.09481)
(1.79874e-13 1.98774 1.09481)
(0 1.879 1.05206)
(9.71514e-14 1.879 1.05206)
(4.51298e-14 1.76851 1.00625)
(4.76856e-14 1.76851 1.00625)
(-1.84036e-13 1.65606 0.957109)
(2.74449e-13 1.65606 0.957109)
(0 1.54139 0.904357)
(9.19079e-14 1.54139 0.904357)
(0 1.42426 0.847698)
(4.51119e-14 1.42426 0.847698)
(-4.31523e-14 1.30442 0.786822)
(2.70243e-13 1.30442 0.786822)
(4.14656e-14 1.18165 0.721407)
(1.81927e-13 1.18165 0.721407)
(-8.82186e-14 1.05571 0.651131)
(0 1.05571 0.651131)
(0 0.926415 0.575677)
(-4.1895e-14 0.926415 0.575677)
(0 0.793613 0.494746)
(-1.82594e-13 0.793613 0.494746)
(-4.56948e-14 0.657203 0.408064)
(0 0.657203 0.408064)
(-4.57359e-14 0.51715 0.315401)
(2.22578e-13 0.51715 0.315401)
(-7.78151e-14 0.373499 0.216574)
(2.60901e-13 0.373499 0.216574)
(3.0588e-14 0.226375 0.111462)
(-7.63891e-14 0.226375 0.111462)
(-4.58243e-14 6.96233e-07 2.57695e-07)
(3.66709e-13 4.51426e-07 1.67085e-07)
(1.14425e-16 455.644 -0.843232)
(-1.14425e-16 455.644 -0.843232)
(-4.49311e-16 455.644 -2.54543)
(0 455.644 -2.54543)
(-2.07261e-16 455.643 -3.53267)
(0 455.643 -3.53267)
(3.3961e-16 455.641 -3.5986)
(-1.73198e-15 455.641 -3.5986)
(5.40255e-16 455.638 -3.66575)
(-1.70024e-15 455.638 -3.66575)
(8.24865e-16 455.634 -3.73414)
(-1.66909e-15 455.634 -3.73414)
(-1.6385e-15 455.629 -3.80379)
(0 455.629 -3.80379)
(4.26529e-15 455.621 -3.87471)
(-1.60848e-15 455.621 -3.87471)
(-4.74525e-15 455.609 -3.94692)
(6.34899e-15 455.609 -3.94692)
(1.85092e-15 455.591 -4.0204)
(-7.40369e-15 455.591 -4.0204)
(1.19571e-15 455.564 -4.09516)
(-8.47807e-15 455.564 -4.09516)
(2.39313e-15 455.524 -4.17116)
(0 455.524 -4.17116)
(-2.67185e-15 455.464 -4.24836)
(-1.06874e-14 455.464 -4.24836)
(2.87907e-15 455.378 -4.32669)
(-1.47021e-14 455.378 -4.32669)
(3.24498e-15 455.254 -4.40606)
(-1.29799e-14 455.254 -4.40606)
(0 455.081 -4.48632)
(0 455.081 -4.48632)
(3.83963e-15 454.843 -4.56729)
(-1.53585e-14 454.843 -4.56729)
(-1.20228e-15 454.518 -4.64873)
(2.19285e-14 454.518 -4.64873)
(4.4565e-15 454.083 -4.73034)
(0 454.083 -4.73034)
(9.54687e-15 453.51 -4.81173)
(-5.15334e-15 453.51 -4.81173)
(5.09612e-15 452.763 -4.89244)
(1.02666e-14 452.763 -4.89244)
(5.42457e-15 451.805 -4.97193)
(1.67321e-14 451.805 -4.97193)
(-5.75879e-15 450.592 -5.04956)
(0 450.592 -5.04956)
(1.21975e-14 449.075 -5.1246)
(0 449.075 -5.1246)
(6.44441e-15 447.204 -5.19624)
(0 447.204 -5.19624)
(0 444.924 -5.26362)
(0 444.924 -5.26362)
(-9.05512e-15 442.184 -5.32581)
(-9.05512e-15 442.184 -5.32581)
(1.5028e-14 438.931 -5.38188)
(0 438.931 -5.38188)
(7.88063e-15 435.121 -5.43092)
(3.15225e-14 435.121 -5.43092)
(1.65035e-14 430.713 -5.47207)
(0 430.713 -5.47207)
(8.62696e-15 425.68 -5.50458)
(0 425.68 -5.50458)
(9.00569e-15 420.006 -5.52784)
(-8.25531e-15 420.006 -5.52784)
(9.38738e-15 413.689 -5.54139)
(-3.75495e-14 413.689 -5.54139)
(1.59111e-14 406.741 -5.545)
(-5.49966e-14 406.741 -5.545)
(1.56195e-14 399.191 -5.53861)
(0 399.191 -5.53861)
(1.05436e-14 391.08 -5.5224)
(-4.21744e-14 391.08 -5.5224)
(6.80843e-15 382.462 -5.49672)
(0 382.462 -5.49672)
(-1.13166e-14 373.402 -5.46211)
(-4.52663e-14 373.402 -5.46211)
(-1.17015e-14 363.971 -5.41923)
(-1.22624e-13 363.971 -5.41923)
(-1.20846e-14 354.242 -5.36887)
(-2.84798e-14 354.242 -5.36887)
(-1.2465e-14 344.292 -5.31188)
(0 344.292 -5.31188)
(1.46033e-14 334.196 -5.24914)
(-1.30184e-13 334.196 -5.24914)
(2.64318e-14 324.025 -5.18155)
(0 324.025 -5.18155)
(4.00343e-14 313.845 -5.10998)
(-8.07905e-14 313.845 -5.10998)
(2.79007e-14 303.715 -5.03525)
(5.58013e-14 303.715 -5.03525)
(5.25431e-14 293.689 -4.95814)
(-8.27302e-14 293.689 -4.95814)
(-2.93308e-14 283.81 -4.87934)
(-5.86616e-14 283.81 -4.87934)
(3.00301e-14 274.116 -4.79949)
(6.00602e-14 274.116 -4.79949)
(0 264.64 -4.71915)
(0 264.64 -4.71915)
(-1.56978e-14 255.405 -4.63879)
(-1.49254e-13 255.405 -4.63879)
(1.60308e-14 246.43 -4.55884)
(-6.41233e-14 246.43 -4.55884)
(1.63581e-14 237.728 -4.47964)
(0 237.728 -4.47964)
(0 229.309 -4.40148)
(-1.33439e-13 229.309 -4.40148)
(1.69959e-14 221.178 -4.32461)
(0 221.178 -4.32461)
(3.46129e-14 213.336 -4.2492)
(0 213.336 -4.2492)
(2.11847e-14 205.782 -4.17542)
(-9.16309e-14 205.782 -4.17542)
(1.79113e-14 198.514 -4.10337)
(-2.07965e-14 198.514 -4.10337)
(1.82057e-14 191.527 -4.03314)
(-9.32384e-14 191.527 -4.03314)
(0 184.815 -3.96477)
(-7.39804e-14 184.815 -3.96477)
(1.96741e-14 178.37 -3.89832)
(-9.47917e-14 178.37 -3.89832)
(-2.54652e-16 172.184 -3.83379)
(1.93135e-14 172.184 -3.83379)
(0 166.25 -3.77119)
(-1.89596e-14 166.25 -3.77119)
(3.82159e-14 160.557 -3.7105)
(-1.86122e-14 160.557 -3.7105)
(1.98693e-14 155.097 -3.6517)
(0 155.097 -3.6517)
(0 149.862 -3.59477)
(-8.05224e-14 149.862 -3.59477)
(0 144.841 -3.53966)
(0 144.841 -3.53966)
(2.06407e-14 140.025 -3.48634)
(-8.25628e-14 140.025 -3.48634)
(0 135.407 -3.43476)
(-8.35591e-14 135.407 -3.43476)
(0 130.977 -3.38487)
(0 130.977 -3.38487)
(-5.40807e-14 126.726 -3.33663)
(2.03717e-13 126.726 -3.33663)
(3.21048e-14 122.648 -3.28999)
(0 122.648 -3.28999)
(2.18491e-14 118.733 -3.24489)
(-8.73966e-14 118.733 -3.24489)
(5.30193e-14 114.975 -3.20128)
(-1.1926e-13 114.975 -3.20128)
(6.07441e-14 111.367 -3.15912)
(-1.48095e-13 111.367 -3.15912)
(7.28228e-15 107.9 -3.11836)
(-2.98155e-14 107.9 -3.11836)
(0 104.57 -3.07893)
(0 104.57 -3.07893)
(0 101.369 -3.04081)
(9.1896e-14 101.369 -3.04081)
(5.01615e-15 98.292 -3.00394)
(-3.99248e-13 98.292 -3.00394)
(4.6807e-14 95.3327 -2.96827)
(-9.3614e-14 95.3327 -2.96827)
(-2.36143e-14 92.486 -2.93376)
(0 92.486 -2.93376)
(-2.38225e-14 89.7467 -2.90038)
(-9.52898e-14 89.7467 -2.90038)
(-2.18615e-14 87.1099 -2.86806)
(-1.22308e-13 87.1099 -2.86806)
(-2.42315e-14 84.5709 -2.83679)
(-2.45282e-13 84.5709 -2.83679)
(4.88652e-14 82.1254 -2.80651)
(-9.77304e-14 82.1254 -2.80651)
(2.46314e-14 79.7691 -2.7772)
(9.85256e-14 79.7691 -2.7772)
(0 77.4981 -2.74881)
(9.93122e-14 77.4981 -2.74881)
(1.14139e-15 75.3085 -2.72132)
(-1.47853e-13 75.3085 -2.72132)
(-7.38738e-14 73.1968 -2.69468)
(7.74169e-14 73.1968 -2.69468)
(2.54057e-14 71.1596 -2.66887)
(-2.3014e-14 71.1596 -2.66887)
(-3.00207e-15 69.1936 -2.64386)
(0 69.1936 -2.64386)
(0 67.2958 -2.61961)
(-4.43566e-14 67.2958 -2.61961)
(2.59662e-14 65.4633 -2.59611)
(1.03865e-13 65.4633 -2.59611)
(2.13729e-14 63.6932 -2.57331)
(-1.04598e-13 63.6932 -2.57331)
(0 61.9829 -2.55121)
(-4.19625e-14 61.9829 -2.55121)
(2.65111e-14 60.33 -2.52977)
(1.06045e-13 60.33 -2.52977)
(4.04387e-14 58.732 -2.50896)
(-4.04387e-14 58.732 -2.50896)
(3.96977e-14 57.1867 -2.48878)
(-2.54629e-13 57.1867 -2.48878)
(0 55.6919 -2.46919)
(0 55.6919 -2.46919)
(2.72158e-14 54.2456 -2.45017)
(-1.08863e-13 54.2456 -2.45017)
(2.73884e-14 52.8458 -2.43171)
(0 52.8458 -2.43171)
(2.75596e-14 51.4907 -2.41378)
(2.20477e-13 51.4907 -2.41378)
(6.39209e-14 50.1784 -2.39637)
(-3.61913e-14 50.1784 -2.39637)
(2.78982e-14 48.9074 -2.37945)
(-1.47121e-13 48.9074 -2.37945)
(-6.81152e-15 47.6759 -2.36302)
(1.12262e-13 47.6759 -2.36302)
(0 46.4826 -2.34706)
(0 46.4826 -2.34706)
(-2.83968e-14 45.3258 -2.33154)
(-1.13587e-13 45.3258 -2.33154)
(0 44.2042 -2.31646)
(0 44.2042 -2.31646)
(0 43.1165 -2.30181)
(0 43.1165 -2.30181)
(0 42.0614 -2.28755)
(0 42.0614 -2.28755)
(3.12139e-14 41.0377 -2.2737)
(-1.16183e-13 41.0377 -2.2737)
(-3.06419e-14 40.0442 -2.26022)
(0 40.0442 -2.26022)
(0 39.0799 -2.24711)
(-3.00804e-14 39.0799 -2.24711)
(-7.40787e-18 38.1436 -2.23436)
(0 38.1436 -2.23436)
(-2.96785e-14 37.2344 -2.22195)
(0 37.2344 -2.22195)
(-2.98344e-14 36.3513 -2.20988)
(-5.69137e-14 36.3513 -2.20988)
(2.05395e-15 35.4933 -2.19813)
(0 35.4933 -2.19813)
(0 34.6597 -2.18669)
(0 34.6597 -2.18669)
(-6.05934e-14 33.8494 -2.17556)
(-2.42374e-13 33.8494 -2.17556)
(-5.28553e-14 33.0617 -2.16472)
(5.28553e-14 33.0617 -2.16472)
(5.65442e-14 32.2959 -2.15417)
(-2.59434e-14 32.2959 -2.15417)
(-2.54679e-14 31.5512 -2.14389)
(1.23007e-13 31.5512 -2.14389)
(0 30.8268 -2.13388)
(-1.48609e-13 30.8268 -2.13388)
(0 30.1221 -2.12413)
(-1.24205e-13 30.1221 -2.12413)
(-3.12e-14 29.4365 -2.11463)
(-1.248e-13 29.4365 -2.11463)
(0 28.7692 -2.10538)
(7.80885e-14 28.7692 -2.10538)
(3.14954e-14 28.1197 -2.09636)
(4.64369e-14 28.1197 -2.09636)
(6.32842e-14 27.4874 -2.08757)
(1.26568e-13 27.4874 -2.08757)
(-3.17881e-14 26.8718 -2.079)
(8.24019e-14 26.8718 -2.079)
(0 26.2722 -2.07065)
(0 26.2722 -2.07065)
(3.20784e-14 25.6882 -2.06251)
(-4.31256e-14 25.6882 -2.06251)
(3.22226e-14 25.1194 -2.05456)
(1.2889e-13 25.1194 -2.05456)
(7.39257e-14 24.5651 -2.04682)
(8.79053e-14 24.5651 -2.04682)
(7.33072e-14 24.0249 -2.03926)
(-4.0798e-14 24.0249 -2.03926)
(0 23.4985 -2.03189)
(-1.30607e-13 23.4985 -2.03189)
(3.27938e-14 22.9854 -2.02469)
(0 22.9854 -2.02469)
(4.42567e-14 22.4851 -2.01767)
(-3.8596e-14 22.4851 -2.01767)
(0 21.9972 -2.01081)
(0 21.9972 -2.01081)
(-3.97774e-15 21.5215 -2.00412)
(0 21.5215 -2.00412)
(1.03226e-13 21.0575 -1.99758)
(0 21.0575 -1.99758)
(0 20.6049 -1.9912)
(0 20.6049 -1.9912)
(3.36352e-14 20.1632 -1.98495)
(2.69081e-13 20.1632 -1.98495)
(0 19.7323 -1.97886)
(0 19.7323 -1.97886)
(-3.39119e-14 19.3118 -1.97289)
(-3.39092e-14 19.3118 -1.97289)
(-3.40496e-14 18.9013 -1.96706)
(0 18.9013 -1.96706)
(0 18.5006 -1.96136)
(3.26778e-14 18.5006 -1.96136)
(3.43238e-14 18.1094 -1.95577)
(0 18.1094 -1.95577)
(3.14912e-14 17.7274 -1.95031)
(0 17.7274 -1.95031)
(6.91926e-14 17.3544 -1.94496)
(-1.38385e-13 17.3544 -1.94496)
(6.9464e-14 16.99 -1.93972)
(-1.38928e-13 16.99 -1.93972)
(-5.07581e-15 16.6341 -1.93458)
(-4.18408e-13 16.6341 -1.93458)
(-3.50022e-14 16.2864 -1.92954)
(-2.92456e-14 16.2864 -1.92954)
(0 15.9467 -1.9246)
(1.40547e-13 15.9467 -1.9246)
(0 15.6147 -1.91975)
(0 15.6147 -1.91975)
(3.54049e-14 15.2903 -1.91499)
(0 15.2903 -1.91499)
(-3.55384e-14 14.9731 -1.91031)
(-1.42154e-13 14.9731 -1.91031)
(0 14.6631 -1.90571)
(0 14.6631 -1.90571)
(8.81521e-14 14.36 -1.90119)
(1.43218e-13 14.36 -1.90119)
(7.1874e-14 14.0636 -1.89673)
(-1.43748e-13 14.0636 -1.89673)
(5.04467e-14 13.7737 -1.89234)
(-1.94724e-13 13.7737 -1.89234)
(3.62012e-14 13.4902 -1.88802)
(-4.95223e-14 13.4902 -1.88802)
(0 13.2129 -1.88375)
(-1.45331e-13 13.2129 -1.88375)
(0 12.9416 -1.87953)
(-2.91712e-13 12.9416 -1.87953)
(-4.68495e-14 12.6762 -1.87537)
(0 12.6762 -1.87537)
(7.34515e-14 12.4164 -1.87125)
(1.46903e-13 12.4164 -1.87125)
(8.20043e-14 12.1622 -1.86717)
(-4.51482e-14 12.1622 -1.86717)
(0 11.9134 -1.86312)
(1.47945e-13 11.9134 -1.86312)
(8.06248e-14 11.6698 -1.85911)
(-1.91973e-13 11.6698 -1.85911)
(0 11.4313 -1.85512)
(-1.48983e-13 11.4313 -1.85512)
(0 11.1978 -1.85116)
(4.19287e-14 11.1978 -1.85116)
(3.75039e-14 10.9692 -1.84721)
(-1.91176e-13 10.9692 -1.84721)
(7.52653e-14 10.7452 -1.84327)
(-1.50531e-13 10.7452 -1.84327)
(3.77611e-14 10.5258 -1.83935)
(1.51044e-13 10.5258 -1.83935)
(7.57786e-14 10.3109 -1.83542)
(1.12618e-13 10.3109 -1.83542)
(3.80172e-14 10.1003 -1.83149)
(0 10.1003 -1.83149)
(3.69049e-14 9.894 -1.82756)
(-3.75249e-14 9.894 -1.82756)
(3.82722e-14 9.69176 -1.82361)
(-1.53089e-13 9.69176 -1.82361)
(3.83993e-14 9.49353 -1.81964)
(1.53597e-13 9.49353 -1.81964)
(1.12552e-13 9.2992 -1.81565)
(-3.54995e-14 9.2992 -1.81565)
(3.4849e-14 9.10866 -1.81162)
(1.54611e-13 9.10866 -1.81162)
(-3.87789e-14 8.92181 -1.80756)
(-1.89326e-13 8.92181 -1.80756)
(7.78098e-14 8.73856 -1.80345)
(-1.89203e-13 8.73856 -1.80345)
(-3.90306e-14 8.5588 -1.7993)
(-3.45213e-13 8.5588 -1.7993)
(7.152e-14 8.38245 -1.79509)
(-1.88988e-13 8.38245 -1.79509)
(-6.35418e-14 8.20941 -1.79081)
(1.57125e-13 8.20941 -1.79081)
(1.64347e-14 8.03959 -1.78646)
(1.57624e-13 8.03959 -1.78646)
(1.00765e-13 7.87291 -1.78203)
(-1.58123e-13 7.87291 -1.78203)
(-2.04574e-14 7.70927 -1.77752)
(0 7.70927 -1.77752)
(0 7.54861 -1.77291)
(-1.59116e-13 7.54861 -1.77291)
(0 7.39082 -1.76819)
(-1.5961e-13 7.39082 -1.76819)
(0 7.23584 -1.76337)
(-2.16972e-13 7.23584 -1.76337)
(0 7.08358 -1.75842)
(0 7.08358 -1.75842)
(4.02717e-14 6.93398 -1.75334)
(0 6.93398 -1.75334)
(4.03941e-14 6.78694 -1.74811)
(1.61576e-13 6.78694 -1.74811)
(4.05161e-14 6.6424 -1.74273)
(-5.28127e-14 6.6424 -1.74273)
(0 6.50028 -1.73719)
(1.62551e-13 6.50028 -1.73719)
(5.08949e-14 6.36052 -1.73147)
(-5.08949e-14 6.36052 -1.73147)
(0 6.22304 -1.72556)
(-1.63521e-13 6.22304 -1.72556)
(-4.90467e-14 6.08776 -1.71945)
(0 6.08776 -1.71945)
(-4.11209e-14 5.95463 -1.71312)
(-4.8148e-14 5.95463 -1.71312)
(6.02498e-15 5.82358 -1.70656)
(-2.12228e-13 5.82358 -1.70656)
(-4.136e-14 5.69452 -1.69976)
(-2.1184e-13 5.69452 -1.69976)
(4.55493e-14 5.56741 -1.69269)
(-4.55493e-14 5.56741 -1.69269)
(0 5.44217 -1.68534)
(-3.3278e-13 5.44217 -1.68534)
(0 5.31873 -1.6777)
(-1.66862e-13 5.31873 -1.6777)
(0 5.19704 -1.66973)
(0 5.19704 -1.66973)
(0 5.07702 -1.66143)
(-2.10101e-13 5.07702 -1.66143)
(-5.40398e-16 4.9586 -1.65277)
(0 4.9586 -1.65277)
(8.43648e-14 4.84173 -1.64372)
(1.6873e-13 4.84173 -1.64372)
(8.45956e-14 4.72633 -1.63426)
(0 4.72633 -1.63426)
(8.48251e-14 4.61235 -1.62437)
(-2.08935e-13 4.61235 -1.62437)
(8.10916e-14 4.4997 -1.61402)
(-3.85649e-14 4.4997 -1.61402)
(-4.26402e-14 4.38834 -1.60317)
(0 4.38834 -1.60317)
(0 4.27817 -1.5918)
(1.71012e-13 4.27817 -1.5918)
(-6.38168e-15 4.16914 -1.57986)
(1.34977e-13 4.16914 -1.57986)
(3.58149e-14 4.06118 -1.56733)
(-2.07721e-13 4.06118 -1.56733)
(0 3.95421 -1.55416)
(-2.07507e-13 3.95421 -1.55416)
(-1.12226e-13 3.84815 -1.5403)
(-1.72787e-13 3.84815 -1.5403)
(8.66115e-14 3.74294 -1.52572)
(-1.73223e-13 3.74294 -1.52572)
(4.34137e-14 3.63848 -1.51036)
(0 3.63848 -1.51036)
(-6.5303e-14 3.53469 -1.49417)
(1.0878e-13 3.53469 -1.49417)
(0 3.4315 -1.47709)
(0 3.4315 -1.47709)
(6.29316e-14 3.32881 -1.45905)
(-2.37859e-13 3.32881 -1.45905)
(0 3.22652 -1.43998)
(0 3.22652 -1.43998)
(-1.67079e-14 3.12454 -1.41981)
(1.75754e-13 3.12454 -1.41981)
(4.40399e-14 3.02277 -1.39846)
(-3.52319e-13 3.02277 -1.39846)
(0 2.92108 -1.37583)
(0 2.92108 -1.37583)
(4.42389e-14 2.81937 -1.35182)
(-5.73731e-14 2.81937 -1.35182)
(4.43362e-14 2.7175 -1.32633)
(-1.77345e-13 2.7175 -1.32633)
(-9.97217e-14 2.61535 -1.29924)
(1.77728e-13 2.61535 -1.29924)
(3.47759e-14 2.51277 -1.27042)
(1.78105e-13 2.51277 -1.27042)
(8.92372e-14 2.40962 -1.23973)
(-5.32819e-14 2.40962 -1.23973)
(-7.59637e-15 2.30572 -1.207)
(-5.23055e-14 2.30572 -1.207)
(4.47978e-14 2.2009 -1.17206)
(0 2.2009 -1.17206)
(-5.52186e-15 2.09497 -1.13474)
(-2.29943e-13 2.09497 -1.13474)
(4.49686e-14 1.98774 -1.09481)
(1.79874e-13 1.98774 -1.09481)
(0 1.879 -1.05206)
(-1.80202e-13 1.879 -1.05206)
(4.51298e-14 1.76851 -1.00625)
(-2.7589e-13 1.76851 -1.00625)
(9.20182e-14 1.65606 -0.957109)
(0 1.65606 -0.957109)
(-4.59539e-14 1.54139 -0.904357)
(2.73029e-13 1.54139 -0.904357)
(0 1.42426 -0.847698)
(-3.62806e-13 1.42426 -0.847698)
(0 1.30442 -0.786822)
(-1.81672e-13 1.30442 -0.786822)
(8.89554e-14 1.18165 -0.721407)
(-2.25401e-13 1.18165 -0.721407)
(4.55416e-14 1.05571 -0.651131)
(1.82166e-13 1.05571 -0.651131)
(1.29387e-13 0.926415 -0.575677)
(-4.48568e-13 0.926415 -0.575677)
(1.32424e-13 0.793613 -0.494746)
(-2.23721e-13 0.793613 -0.494746)
(0 0.657203 -0.408064)
(0 0.657203 -0.408064)
(-8.53697e-14 0.51715 -0.315401)
(1.03676e-13 0.51715 -0.315401)
(0 0.373499 -0.216574)
(-1.83086e-13 0.373499 -0.216574)
(-4.58011e-14 0.226375 -0.111462)
(1.06815e-13 0.226375 -0.111462)
(1.20814e-13 7.17356e-07 -2.65513e-07)
(1.83525e-13 3.66677e-07 -1.35717e-07)
(4.58813e-14 -6.96967e-07 2.57969e-07)
(2.58287e-13 -4.50752e-07 1.66836e-07)
(-3.81946e-14 -0.226375 0.111462)
(2.9002e-13 -0.226375 0.111462)
(3.20435e-14 -0.373499 0.216574)
(-7.78151e-14 -0.373499 0.216574)
(0 -0.51715 0.3154)
(1.82944e-13 -0.51715 0.3154)
(0 -0.657202 0.408064)
(3.65558e-13 -0.657202 0.408064)
(-4.56484e-14 -0.793613 0.494745)
(-1.82594e-13 -0.793613 0.494745)
(8.379e-14 -0.926414 0.575677)
(0 -0.926415 0.575677)
(-4.55416e-14 -1.05571 0.651131)
(-1.82166e-13 -1.05571 0.651131)
(0 -1.18165 0.721407)
(0 -1.18165 0.721407)
(4.54181e-14 -1.30442 0.786821)
(4.42852e-14 -1.30442 0.786821)
(0 -1.42426 0.847698)
(1.81403e-13 -1.42426 0.847698)
(0 -1.54139 0.904356)
(1.81121e-13 -1.54139 0.904356)
(0 -1.65606 0.957109)
(0 -1.65606 0.957109)
(-4.51298e-14 -1.76851 1.00625)
(-2.7589e-13 -1.76851 1.00625)
(9.01009e-14 -1.879 1.05206)
(-9.71514e-14 -1.879 1.05206)
(-4.94825e-14 -1.98774 1.09481)
(4.94825e-14 -1.98774 1.09481)
(8.97686e-14 -2.09497 1.13474)
(1.29131e-13 -2.09497 1.13474)
(-4.47978e-14 -2.2009 1.17206)
(-2.30538e-13 -2.2009 1.17206)
(-8.94183e-14 -2.30572 1.207)
(0 -2.30572 1.207)
(-4.46186e-14 -2.40962 1.23973)
(1.78474e-13 -2.40962 1.23973)
(-8.90524e-14 -2.51277 1.27042)
(-1.78105e-13 -2.51277 1.27042)
(-4.4432e-14 -2.61535 1.29924)
(1.77728e-13 -2.61535 1.29924)
(-8.86725e-14 -2.7175 1.32633)
(1.21023e-13 -2.7175 1.32633)
(0 -2.81937 1.35182)
(1.76956e-13 -2.81937 1.35182)
(-4.41401e-14 -2.92108 1.37583)
(-1.7656e-13 -2.92108 1.37583)
(4.40399e-14 -3.02277 1.39846)
(0 -3.02277 1.39846)
(-4.39385e-14 -3.12454 1.41981)
(-1.75754e-13 -3.12454 1.41981)
(1.05614e-13 -3.22652 1.43998)
(-1.75343e-13 -3.22652 1.43998)
(0 -3.32881 1.45905)
(1.74927e-13 -3.32881 1.45905)
(0 -3.4315 1.47709)
(1.74507e-13 -3.4315 1.47709)
(0 -3.53469 1.49417)
(1.74083e-13 -3.53469 1.49417)
(-8.68275e-14 -3.63848 1.51036)
(0 -3.63848 1.51036)
(4.33057e-14 -3.74293 1.52572)
(-6.77638e-14 -3.74293 1.52572)
(5.16637e-14 -3.84815 1.5403)
(-6.90287e-14 -3.84815 1.5403)
(3.51586e-14 -3.95421 1.55416)
(0 -3.95421 1.55416)
(-8.5953e-14 -4.06118 1.56733)
(0 -4.06118 1.56733)
(-4.28651e-14 -4.16914 1.57986)
(0 -4.16914 1.57986)
(-5.58854e-15 -4.27817 1.5918)
(0 -4.27817 1.5918)
(-4.26402e-14 -4.38834 1.60317)
(0 -4.38834 1.60317)
(0 -4.4997 1.61402)
(-2.08672e-13 -4.4997 1.61402)
(3.92848e-14 -4.61235 1.62437)
(-3.92848e-14 -4.61235 1.62437)
(4.22978e-14 -4.72633 1.63426)
(1.69191e-13 -4.72633 1.63426)
(-8.29475e-14 -4.84173 1.64372)
(-4.07651e-14 -4.84173 1.64372)
(0 -4.9586 1.65277)
(1.68266e-13 -4.9586 1.65277)
(-8.39e-14 -5.07702 1.66143)
(-4.23012e-14 -5.07702 1.66143)
(-4.1833e-14 -5.19704 1.66973)
(1.67332e-13 -5.19704 1.66973)
(-2.17977e-15 -5.31873 1.6777)
(0 -5.31873 1.6777)
(0 -5.44217 1.68534)
(0 -5.44217 1.68534)
(8.2958e-14 -5.56741 1.69269)
(1.65916e-13 -5.56741 1.69269)
(-8.27201e-14 -5.69452 1.69976)
(0 -5.69452 1.69976)
(0 -5.82358 1.70656)
(1.64963e-13 -5.82358 1.70656)
(0 -5.95463 1.71312)
(1.64484e-13 -5.95463 1.71312)
(4.10007e-14 -6.08776 1.71945)
(0 -6.08776 1.71945)
(3.1798e-14 -6.22304 1.72556)
(1.63521e-13 -6.22304 1.72556)
(0 -6.36052 1.73147)
(4.8911e-13 -6.36052 1.73147)
(0 -6.50028 1.73719)
(1.62551e-13 -6.50028 1.73719)
(-5.28127e-14 -6.6424 1.74273)
(1.09252e-13 -6.6424 1.74273)
(9.41927e-14 -6.78694 1.74811)
(-5.37986e-14 -6.78694 1.74811)
(0 -6.93398 1.75334)
(0 -6.93398 1.75334)
(4.0149e-14 -7.08358 1.75842)
(1.60596e-13 -7.08358 1.75842)
(0 -7.23584 1.76337)
(1.60104e-13 -7.23584 1.76337)
(5.79294e-14 -7.39082 1.76819)
(-5.79294e-14 -7.39082 1.76819)
(3.97789e-14 -7.54861 1.77291)
(0 -7.54861 1.77291)
(-3.96549e-14 -7.70927 1.77752)
(-6.01123e-14 -7.70927 1.77752)
(-1.78269e-14 -7.87291 1.78203)
(9.68882e-14 -7.87291 1.78203)
(0 -8.03959 1.78646)
(-6.23775e-14 -8.03959 1.78646)
(3.92812e-14 -8.20941 1.79081)
(-3.17709e-14 -8.20941 1.79081)
(0 -8.38245 1.79509)
(-1.56624e-13 -8.38245 1.79509)
(-3.90306e-14 -8.5588 1.7993)
(-1.56122e-13 -8.5588 1.7993)
(-6.7167e-14 -8.73856 1.80345)
(1.5562e-13 -8.73856 1.80345)
(3.87789e-14 -8.92181 1.80756)
(0 -8.92181 1.80756)
(3.10454e-14 -9.10866 1.81162)
(3.09221e-13 -9.10866 1.81162)
(-3.85261e-14 -9.2992 1.81565)
(0 -9.2992 1.81565)
(3.61622e-14 -9.49353 1.81964)
(0 -9.49353 1.81964)
(0 -9.69176 1.82361)
(3.68372e-14 -9.69176 1.82361)
(7.62896e-14 -9.894 1.82756)
(1.52579e-13 -9.894 1.82756)
(2.08129e-16 -10.1003 1.83149)
(-3.82253e-14 -10.1003 1.83149)
(1.04957e-15 -10.3109 1.83542)
(-3.89389e-14 -10.3109 1.83542)
(0 -10.5258 1.83935)
(4.53133e-13 -10.5258 1.83935)
(-4.04062e-14 -10.7452 1.84327)
(1.90937e-13 -10.7452 1.84327)
(3.65646e-15 -10.9692 1.84721)
(0 -10.9692 1.84721)
(-3.73749e-14 -11.1978 1.85116)
(1.07571e-13 -11.1978 1.85116)
(0 -11.4313 1.85512)
(0 -11.4313 1.85512)
(7.42322e-14 -11.6698 1.85911)
(1.04956e-13 -11.6698 1.85911)
(0 -11.9134 1.86312)
(1.47945e-13 -11.9134 1.86312)
(3.68562e-14 -12.1622 1.86717)
(1.47425e-13 -12.1622 1.86717)
(-7.34515e-14 -12.4164 1.87125)
(1.46903e-13 -12.4164 1.87125)
(-1.56635e-13 -12.6762 1.87537)
(1.4638e-13 -12.6762 1.87537)
(3.6464e-14 -12.9416 1.87953)
(1.45856e-13 -12.9416 1.87953)
(-1.22821e-14 -13.2129 1.88375)
(1.45331e-13 -13.2129 1.88375)
(-8.57235e-14 -13.4902 1.88802)
(1.44805e-13 -13.4902 1.88802)
(-3.60692e-14 -13.7737 1.89234)
(0 -13.7737 1.89234)
(0 -14.0636 1.89673)
(-1.43748e-13 -14.0636 1.89673)
(0 -14.36 1.90119)
(1.43218e-13 -14.36 1.90119)
(0 -14.6631 1.90571)
(-5.33248e-14 -14.6631 1.90571)
(0 -14.9731 1.91031)
(8.78335e-14 -14.9731 1.91031)
(5.53342e-14 -15.2903 1.91499)
(-1.4162e-13 -15.2903 1.91499)
(3.5271e-14 -15.6147 1.91975)
(1.41084e-13 -15.6147 1.91975)
(-1.28543e-14 -15.9467 1.9246)
(-1.97967e-13 -15.9467 1.9246)
(0 -16.2864 1.92954)
(0 -16.2864 1.92954)
(3.48673e-14 -16.6341 1.93458)
(1.09678e-13 -16.6341 1.93458)
(6.50796e-14 -16.99 1.93972)
(1.0858e-13 -16.99 1.93972)
(-3.45963e-14 -17.3544 1.94496)
(0 -17.3544 1.94496)
(3.14912e-14 -17.7274 1.95031)
(1.0635e-13 -17.7274 1.95031)
(0 -18.1094 1.95577)
(0 -18.1094 1.95577)
(-6.83738e-14 -18.5006 1.96136)
(-1.36748e-13 -18.5006 1.96136)
(-6.80992e-14 -18.9013 1.96706)
(1.36198e-13 -18.9013 1.96706)
(-3.39119e-14 -19.3118 1.97289)
(1.35648e-13 -19.3118 1.97289)
(3.37738e-14 -19.7323 1.97886)
(1.35095e-13 -19.7323 1.97886)
(0 -20.1632 1.98495)
(0 -20.1632 1.98495)
(0 -20.6049 1.9912)
(2.67969e-13 -20.6049 1.9912)
(-3.33567e-14 -21.0575 1.99758)
(-3.65128e-14 -21.0575 1.99758)
(0 -21.5215 2.00412)
(9.56723e-14 -21.5215 2.00412)
(3.78887e-14 -21.9972 2.01081)
(0 -21.9972 2.01081)
(0 -22.4851 2.01767)
(-1.31741e-13 -22.4851 2.01767)
(7.21102e-14 -22.9854 2.02469)
(2.6235e-13 -22.9854 2.02469)
(0 -23.4985 2.03189)
(1.30607e-13 -23.4985 2.03189)
(-3.25093e-14 -24.0249 2.03926)
(2.60074e-13 -24.0249 2.03926)
(6.47324e-14 -24.5651 2.04682)
(2.5893e-13 -24.5651 2.04682)
(4.23353e-14 -25.1194 2.05456)
(-4.23353e-14 -25.1194 2.05456)
(0 -25.6882 2.06251)
(1.71439e-13 -25.6882 2.06251)
(0 -26.2722 2.07065)
(1.27734e-13 -26.2722 2.07065)
(7.65387e-14 -26.8718 2.079)
(1.27153e-13 -26.8718 2.079)
(3.16421e-14 -27.4874 2.08757)
(1.26568e-13 -27.4874 2.08757)
(-3.14954e-14 -28.1197 2.09636)
(-1.25982e-13 -28.1197 2.09636)
(0 -28.7692 2.10538)
(-1.25392e-13 -28.7692 2.10538)
(7.93868e-14 -29.4365 2.11463)
(1.248e-13 -29.4365 2.11463)
(0 -30.1221 2.12413)
(1.24205e-13 -30.1221 2.12413)
(-2.50013e-14 -30.8268 2.13388)
(0 -30.8268 2.13388)
(0 -31.5512 2.14389)
(-1.48475e-13 -31.5512 2.14389)
(-3.06009e-14 -32.2959 2.15417)
(1.22403e-13 -32.2959 2.15417)
(2.64276e-14 -33.0617 2.16472)
(0 -33.0617 2.16472)
(-3.37577e-15 -33.8494 2.17556)
(-1.48108e-13 -33.8494 2.17556)
(-2.71997e-15 -34.6597 2.18669)
(-2.74235e-14 -34.6597 2.18669)
(2.99893e-14 -35.4933 2.19813)
(9.20219e-14 -35.4933 2.19813)
(0 -36.3513 2.20988)
(1.19337e-13 -36.3513 2.20988)
(2.96785e-14 -37.2344 2.22195)
(0 -37.2344 2.22195)
(-2.95069e-14 -38.1436 2.23436)
(-1.18087e-13 -38.1436 2.23436)
(0 -39.0799 2.24711)
(-1.17456e-13 -39.0799 2.24711)
(-2.92054e-14 -40.0442 2.26022)
(0 -40.0442 2.26022)
(-6.24277e-14 -41.0377 2.2737)
(1.78611e-13 -41.0377 2.2737)
(0 -42.0614 2.28755)
(-6.3593e-14 -42.0614 2.28755)
(-6.11135e-14 -43.1165 2.30181)
(1.14894e-13 -43.1165 2.30181)
(-8.56819e-14 -44.2042 2.31646)
(0 -44.2042 2.31646)
(2.83968e-14 -45.3258 2.33154)
(0 -45.3258 2.33154)
(-9.67077e-14 -46.4826 2.34706)
(1.12927e-13 -46.4826 2.34706)
(-5.61311e-14 -47.6759 2.36302)
(7.73852e-14 -47.6759 2.36302)
(-2.02682e-14 -48.9074 2.37946)
(7.60646e-14 -48.9074 2.37946)
(0 -50.1784 2.39637)
(3.61913e-14 -50.1784 2.39637)
(0 -51.4907 2.41378)
(0 -51.4907 2.41378)
(-2.73884e-14 -52.8458 2.43171)
(-1.47109e-13 -52.8458 2.43171)
(-2.72158e-14 -54.2456 2.45017)
(0 -54.2456 2.45017)
(2.70419e-14 -55.6919 2.46919)
(0 -55.6919 2.46919)
(0 -57.1867 2.48878)
(1.07466e-13 -57.1867 2.48878)
(2.66896e-14 -58.732 2.50897)
(1.47197e-13 -58.732 2.50897)
(0 -60.33 2.52977)
(6.4851e-14 -60.33 2.52977)
(2.63311e-14 -61.9829 2.55121)
(-1.47287e-13 -61.9829 2.55121)
(0 -63.6932 2.57331)
(0 -63.6932 2.57331)
(-2.59662e-14 -65.4633 2.59611)
(1.03865e-13 -65.4633 2.59611)
(-2.57812e-14 -67.2958 2.61961)
(0 -67.2958 2.61961)
(-2.55943e-14 -69.1936 2.64386)
(0 -69.1936 2.64386)
(-2.54057e-14 -71.1596 2.66887)
(0 -71.1596 2.66887)
(0 -73.1968 2.69468)
(0 -73.1968 2.69468)
(0 -75.3085 2.72132)
(-4.77624e-14 -75.3085 2.72132)
(2.4828e-14 -77.4981 2.74881)
(5.06582e-14 -77.4981 2.74881)
(-2.46314e-14 -79.7691 2.7772)
(-1.48088e-13 -79.7691 2.7772)
(2.60548e-14 -82.1254 2.80651)
(2.42704e-13 -82.1254 2.80651)
(2.42315e-14 -84.571 2.83679)
(0 -84.571 2.83679)
(2.40282e-14 -87.1099 2.86806)
(9.61128e-14 -87.1099 2.86806)
(-4.76449e-14 -89.7467 2.90038)
(0 -89.7467 2.90038)
(-4.72285e-14 -92.486 2.93376)
(0 -92.486 2.93376)
(0 -95.3327 2.96827)
(0 -95.3327 2.96827)
(7.96026e-14 -98.292 3.00394)
(1.29108e-13 -98.292 3.00394)
(0 -101.369 3.04081)
(0 -101.369 3.04081)
(0 -104.57 3.07893)
(9.10202e-14 -104.57 3.07893)
(-2.25332e-14 -107.9 3.11836)
(-9.01328e-14 -107.9 3.11836)
(2.23083e-14 -111.367 3.15912)
(-8.92334e-14 -111.367 3.15912)
(-2.20804e-14 -114.975 3.20128)
(0 -114.975 3.20128)
(3.15165e-14 -118.733 3.24489)
(-1.18913e-13 -118.733 3.24489)
(0 -122.648 3.28999)
(8.64584e-14 -122.648 3.28999)
(-2.13766e-14 -126.726 3.33663)
(-8.55064e-14 -126.726 3.33663)
(0 -130.977 3.38487)
(0 -130.977 3.38487)
(2.08898e-14 -135.407 3.43476)
(1.67118e-13 -135.407 3.43476)
(-2.06407e-14 -140.025 3.48634)
(8.25628e-14 -140.025 3.48634)
(0 -144.841 3.53966)
(8.15508e-14 -144.841 3.53966)
(-2.01306e-14 -149.862 3.59477)
(0 -149.862 3.59477)
(-1.98693e-14 -155.097 3.6517)
(1.58955e-13 -155.097 3.6517)
(-1.96037e-14 -160.557 3.7105)
(0 -160.557 3.7105)
(-3.73967e-16 -166.25 3.77119)
(-9.6294e-14 -166.25 3.77119)
(-2.5466e-16 -172.184 3.83379)
(-1.93135e-14 -172.184 3.83379)
(-1.87794e-14 -178.37 3.89832)
(7.51177e-14 -178.37 3.89832)
(-1.69489e-14 -184.815 3.96477)
(0 -184.815 3.96477)
(0 -191.527 4.03314)
(7.2823e-14 -191.527 4.03314)
(-2.07965e-14 -198.514 4.10337)
(0 -198.514 4.10337)
(-3.87963e-14 -205.782 4.17542)
(4.92615e-14 -205.782 4.17542)
(-1.73065e-14 -213.336 4.2492)
(-2.15802e-14 -213.336 4.2492)
(0 -221.178 4.32461)
(0 -221.178 4.32461)
(1.66798e-14 -229.309 4.40148)
(-8.91127e-14 -229.309 4.40148)
(0 -237.728 4.47964)
(0 -237.728 4.47964)
(0 -246.43 4.55884)
(-6.41233e-14 -246.43 4.55884)
(-1.56978e-14 -255.405 4.63879)
(-6.27914e-14 -255.405 4.63879)
(0 -264.64 4.71914)
(6.1437e-14 -264.64 4.71914)
(3.95779e-14 -274.116 4.79949)
(1.2012e-13 -274.116 4.79949)
(-2.1547e-15 -283.81 4.87934)
(4.61509e-14 -283.81 4.87934)
(-2.54884e-14 -293.689 4.95814)
(-1.27442e-14 -293.689 4.95814)
(2.79007e-14 -303.715 5.03525)
(0 -303.715 5.03525)
(-1.39463e-14 -313.845 5.10998)
(-1.32245e-14 -313.845 5.10998)
(1.32159e-14 -324.025 5.18155)
(5.28637e-14 -324.025 5.18155)
(1.37228e-14 -334.196 5.24914)
(-1.37228e-14 -334.196 5.24914)
(1.2465e-14 -344.292 5.31188)
(-7.78179e-14 -344.292 5.31188)
(4.05643e-14 -354.242 5.36887)
(4.83382e-14 -354.242 5.36887)
(-1.17015e-14 -363.971 5.41923)
(9.36123e-14 -363.971 5.41923)
(1.13166e-14 -373.402 5.46211)
(-6.00428e-14 -373.402 5.46211)
(6.80842e-15 -382.462 5.49672)
(2.86691e-14 -382.462 5.49672)
(0 -391.08 5.5224)
(-4.21744e-14 -391.08 5.5224)
(0 -399.191 5.53862)
(0 -399.191 5.53862)
(0 -406.741 5.545)
(-3.90856e-14 -406.741 5.545)
(9.38738e-15 -413.689 5.54139)
(0 -413.689 5.54139)
(1.50072e-15 -420.006 5.52783)
(3.60228e-14 -420.006 5.52783)
(0 -425.68 5.50457)
(3.45078e-14 -425.68 5.50457)
(0 -430.713 5.47207)
(0 -430.713 5.47207)
(0 -435.121 5.43093)
(3.15225e-14 -435.121 5.43093)
(1.64032e-14 -438.931 5.38189)
(5.12228e-14 -438.931 5.38189)
(1.43044e-14 -442.184 5.32581)
(2.86089e-14 -442.184 5.32581)
(0 -444.924 5.26362)
(0 -444.924 5.26362)
(-1.58407e-14 -447.204 5.19624)
(9.39634e-15 -447.204 5.19624)
(9.57174e-15 -449.075 5.1246)
(-9.57174e-15 -449.075 5.1246)
(0 -450.592 5.04956)
(1.32848e-14 -450.592 5.04956)
(-5.42457e-15 -451.805 4.97193)
(2.16983e-14 -451.805 4.97193)
(0 -452.763 4.89244)
(2.03845e-14 -452.763 4.89244)
(4.77344e-15 -453.51 4.81173)
(0 -453.51 4.81173)
(-7.93043e-16 -454.083 4.73034)
(4.09015e-14 -454.083 4.73034)
(0 -454.518 4.64873)
(0 -454.518 4.64873)
(-3.83964e-15 -454.843 4.56729)
(0 -454.843 4.56729)
(7.07914e-15 -455.081 4.48632)
(0 -455.081 4.48632)
(0 -455.254 4.40606)
(0 -455.254 4.40606)
(0 -455.378 4.3267)
(0 -455.378 4.3267)
(0 -455.464 4.24836)
(-2.93281e-15 -455.464 4.24836)
(-2.39313e-15 -455.524 4.17116)
(9.57252e-15 -455.524 4.17116)
(0 -455.564 4.09516)
(8.47807e-15 -455.564 4.09516)
(1.85092e-15 -455.591 4.0204)
(0 -455.591 4.0204)
(1.58725e-15 -455.609 3.94692)
(6.34899e-15 -455.609 3.94692)
(-2.65681e-15 -455.621 3.87471)
(-1.60848e-15 -455.621 3.87471)
(-1.07431e-15 -455.629 3.80379)
(2.65873e-15 -455.629 3.80379)
(-1.64973e-15 -455.634 3.73414)
(0 -455.634 3.73414)
(0 -455.638 3.66574)
(2.31998e-15 -455.638 3.66574)
(1.05276e-15 -455.641 3.5986)
(-1.73198e-15 -455.641 3.5986)
(1.03631e-16 -455.643 3.53267)
(0 -455.643 3.53267)
(4.49311e-16 -455.644 2.54544)
(-4.49311e-16 -455.644 2.54544)
(0 -455.644 0.843234)
(0 -455.644 0.843234)
(1.20814e-13 -7.18614e-07 -2.6598e-07)
(-4.39864e-27 -4.95243e-13 0)
(9.16023e-14 -0.226375 -0.111462)
(1.83205e-13 -0.226375 -0.111462)
(4.57715e-14 -0.373499 -0.216574)
(-3.66172e-13 -0.373499 -0.216574)
(8.53697e-14 -0.51715 -0.3154)
(1.03676e-13 -0.51715 -0.3154)
(0 -0.657202 -0.408064)
(1.82779e-13 -0.657202 -0.408064)
(4.11273e-14 -0.793613 -0.494745)
(-2.23721e-13 -0.793613 -0.494745)
(0 -0.926415 -0.575677)
(-2.24284e-13 -0.926415 -0.575677)
(1.28031e-13 -1.05571 -0.651131)
(-2.6752e-13 -1.05571 -0.651131)
(9.09635e-14 -1.18165 -0.721407)
(0 -1.18165 -0.721407)
(9.08362e-14 -1.30442 -0.786821)
(-2.25958e-13 -1.30442 -0.786821)
(0 -1.42426 -0.847698)
(9.02237e-14 -1.42426 -0.847698)
(-9.12341e-14 -1.54139 -0.904356)
(-9.19079e-14 -1.54139 -0.904356)
(-9.36235e-14 -1.65606 -0.957109)
(-8.72023e-14 -1.65606 -0.957109)
(0 -1.76851 -1.00625)
(-1.80519e-13 -1.76851 -1.00625)
(0 -1.879 -1.05206)
(-9.71514e-14 -1.879 -1.05206)
(0 -1.98774 -1.09481)
(-1.79874e-13 -1.98774 -1.09481)
(0 -2.09497 -1.13474)
(0 -2.09497 -1.13474)
(5.13471e-14 -2.2009 -1.17206)
(-4.09729e-13 -2.2009 -1.17206)
(-5.23055e-14 -2.30572 -1.207)
(1.78837e-13 -2.30572 -1.207)
(4.46186e-14 -2.40962 -1.23973)
(3.56949e-13 -2.40962 -1.23973)
(0 -2.51277 -1.27042)
(1.78105e-13 -2.51277 -1.27042)
(0 -2.61535 -1.29924)
(0 -2.61535 -1.29924)
(-4.43362e-14 -2.7175 -1.32633)
(1.21023e-13 -2.7175 -1.32633)
(-3.11047e-14 -2.81937 -1.35182)
(-1.76956e-13 -2.81937 -1.35182)
(-4.41401e-14 -2.92108 -1.37583)
(-5.84441e-14 -2.92108 -1.37583)
(4.40399e-14 -3.02277 -1.39846)
(0 -3.02277 -1.39846)
(-4.39385e-14 -3.12454 -1.41981)
(-1.75754e-13 -3.12454 -1.41981)
(1.75343e-13 -3.22652 -1.43998)
(-1.75343e-13 -3.22652 -1.43998)
(8.74637e-14 -3.32881 -1.45905)
(0 -3.32881 -1.45905)
(8.72537e-14 -3.4315 -1.47709)
(1.74507e-13 -3.4315 -1.47709)
(-2.17822e-14 -3.53469 -1.49417)
(-1.74083e-13 -3.53469 -1.49417)
(4.34137e-14 -3.63848 -1.51036)
(0 -3.63848 -1.51036)
(6.21535e-14 -3.74293 -1.52572)
(2.40987e-13 -3.74293 -1.52572)
(-2.58318e-14 -3.84815 -1.5403)
(1.72787e-13 -3.84815 -1.5403)
(0 -3.95421 -1.55416)
(1.72348e-13 -3.95421 -1.55416)
(3.58149e-14 -4.06118 -1.56733)
(0 -4.06118 -1.56733)
(-3.64835e-14 -4.16914 -1.57986)
(-3.64835e-14 -4.16914 -1.57986)
(-4.2753e-14 -4.27817 -1.5918)
(0 -4.27817 -1.5918)
(4.26402e-14 -4.38834 -1.60317)
(0 -4.38834 -1.60317)
(4.25267e-14 -4.4997 -1.61402)
(-2.08672e-13 -4.4997 -1.61402)
(-4.24126e-14 -4.61235 -1.62437)
(0 -4.61235 -1.62437)
(8.23159e-14 -4.72633 -1.63426)
(1.69191e-13 -4.72633 -1.63426)
(-4.21824e-14 -4.84173 -1.64372)
(0 -4.84173 -1.64372)
(-4.20665e-14 -4.9586 -1.65277)
(-1.68266e-13 -4.9586 -1.65277)
(0 -5.07702 -1.66143)
(1.678e-13 -5.07702 -1.66143)
(4.1833e-14 -5.19704 -1.66973)
(1.67332e-13 -5.19704 -1.66973)
(8.34309e-14 -5.31873 -1.6777)
(-2.10757e-13 -5.31873 -1.6777)
(0 -5.44217 -1.68534)
(1.21675e-13 -5.44217 -1.68534)
(4.55493e-14 -5.56741 -1.69269)
(0 -5.56741 -1.69269)
(0 -5.69452 -1.69976)
(-2.1184e-13 -5.69452 -1.69976)
(-6.02498e-15 -5.82358 -1.70656)
(1.64963e-13 -5.82358 -1.70656)
(0 -5.95463 -1.71312)
(-4.8148e-14 -5.95463 -1.71312)
(4.10007e-14 -6.08776 -1.71945)
(0 -6.08776 -1.71945)
(4.08801e-14 -6.22304 -1.72556)
(0 -6.22304 -1.72556)
(4.07592e-14 -6.36052 -1.73147)
(1.12142e-13 -6.36052 -1.73147)
(-4.06378e-14 -6.50028 -1.73719)
(-1.62551e-13 -6.50028 -1.73719)
(1.46142e-13 -6.6424 -1.74273)
(-2.14877e-13 -6.6424 -1.74273)
(0 -6.78694 -1.74811)
(0 -6.78694 -1.74811)
(-4.02717e-14 -6.93398 -1.75334)
(-1.61087e-13 -6.93398 -1.75334)
(8.0298e-14 -7.08358 -1.75842)
(0 -7.08358 -1.75842)
(4.00259e-14 -7.23584 -1.76337)
(0 -7.23584 -1.76337)
(0 -7.39082 -1.76819)
(-5.79294e-14 -7.39082 -1.76819)
(3.97789e-14 -7.54861 -1.77291)
(0 -7.54861 -1.77291)
(1.91975e-14 -7.70927 -1.77752)
(0 -7.70927 -1.77752)
(-3.95306e-14 -7.87291 -1.78203)
(1.58123e-13 -7.87291 -1.78203)
(3.94061e-14 -8.03959 -1.78646)
(-1.57624e-13 -8.03959 -1.78646)
(0 -8.20941 -1.79081)
(-1.57125e-13 -8.20941 -1.79081)
(7.83121e-14 -8.38245 -1.79509)
(-3.13248e-13 -8.38245 -1.79509)
(2.69056e-14 -8.5588 -1.7993)
(-1.56122e-13 -8.5588 -1.7993)
(3.89049e-14 -8.73856 -1.80345)
(-3.44823e-13 -8.73856 -1.80345)
(0 -8.92181 -1.80756)
(3.42104e-14 -8.92181 -1.80756)
(0 -9.10866 -1.81162)
(0 -9.10866 -1.81162)
(3.54995e-14 -9.2992 -1.81565)
(1.18605e-13 -9.2992 -1.81565)
(3.83993e-14 -9.49353 -1.81964)
(-1.89759e-13 -9.49353 -1.81964)
(3.82722e-14 -9.69176 -1.82361)
(-1.53089e-13 -9.69176 -1.82361)
(3.81448e-14 -9.894 -1.82756)
(0 -9.894 -1.82756)
(0 -10.1003 -1.83149)
(0 -10.1003 -1.83149)
(7.68281e-14 -10.3109 -1.83542)
(-1.90496e-13 -10.3109 -1.83542)
(7.74268e-14 -10.5258 -1.83935)
(3.02089e-13 -10.5258 -1.83935)
(3.76327e-14 -10.7452 -1.84327)
(-1.90937e-13 -10.7452 -1.84327)
(0 -10.9692 -1.84721)
(-1.50016e-13 -10.9692 -1.84721)
(7.93037e-14 -11.1978 -1.85116)
(-1.91429e-13 -11.1978 -1.85116)
(0 -11.4313 -1.85512)
(-1.48983e-13 -11.4313 -1.85512)
(3.07235e-14 -11.6698 -1.85911)
(1.48464e-13 -11.6698 -1.85911)
(3.69863e-14 -11.9134 -1.86312)
(1.47945e-13 -11.9134 -1.86312)
(0 -12.1622 -1.86717)
(1.92573e-13 -12.1622 -1.86717)
(-4.5991e-14 -12.4164 -1.87125)
(4.5991e-14 -12.4164 -1.87125)
(-3.6595e-14 -12.6762 -1.87537)
(0 -12.6762 -1.87537)
(3.6464e-14 -12.9416 -1.87953)
(-4.7724e-14 -12.9416 -1.87953)
(7.26655e-14 -13.2129 -1.88375)
(-1.45331e-13 -13.2129 -1.88375)
(0 -13.4902 -1.88802)
(-1.44805e-13 -13.4902 -1.88802)
(3.60692e-14 -13.7737 -1.89234)
(-1.44277e-13 -13.7737 -1.89234)
(8.73254e-14 -14.0636 -1.89673)
(-5.13884e-14 -14.0636 -1.89673)
(-5.23477e-14 -14.36 -1.90119)
(-1.43218e-13 -14.36 -1.90119)
(0 -14.6631 -1.90571)
(1.42686e-13 -14.6631 -1.90571)
(-3.55384e-14 -14.9731 -1.91031)
(0 -14.9731 -1.91031)
(3.54049e-14 -15.2903 -1.91499)
(-8.62854e-14 -15.2903 -1.91499)
(1.41749e-14 -15.6147 -1.91975)
(1.41084e-13 -15.6147 -1.91975)
(0 -15.9467 -1.9246)
(0 -15.9467 -1.9246)
(7.00045e-14 -16.2864 -1.92954)
(0 -16.2864 -1.92954)
(-2.47157e-14 -16.6341 -1.93458)
(1.09678e-13 -16.6341 -1.93458)
(3.4732e-14 -16.99 -1.93972)
(1.0858e-13 -16.99 -1.93972)
(-3.45963e-14 -17.3544 -1.94496)
(0 -17.3544 -1.94496)
(3.44602e-14 -17.7274 -1.95031)
(2.44191e-13 -17.7274 -1.95031)
(3.43238e-14 -18.1094 -1.95577)
(0 -18.1094 -1.95577)
(6.83738e-14 -18.5006 -1.96136)
(-1.69425e-13 -18.5006 -1.96136)
(3.40496e-14 -18.9013 -1.96706)
(0 -18.9013 -1.96706)
(-1.0173e-13 -19.3118 -1.97289)
(0 -19.3118 -1.97289)
(3.37738e-14 -19.7323 -1.97886)
(-1.69637e-13 -19.7323 -1.97886)
(3.36352e-14 -20.1632 -1.98495)
(9.93538e-14 -20.1632 -1.98495)
(3.34961e-14 -20.6049 -1.9912)
(0 -20.6049 -1.9912)
(3.33567e-14 -21.0575 -1.99758)
(0 -21.0575 -1.99758)
(3.32167e-14 -21.5215 -2.00412)
(0 -21.5215 -2.00412)
(0 -21.9972 -2.01081)
(-1.70194e-13 -21.9972 -2.01081)
(7.15313e-14 -22.4851 -2.01767)
(-1.70337e-13 -22.4851 -2.01767)
(3.27938e-14 -22.9854 -2.02469)
(1.31175e-13 -22.9854 -2.02469)
(7.39854e-15 -23.4985 -2.03189)
(-3.01265e-13 -23.4985 -2.03189)
(0 -24.0249 -2.03926)
(1.30037e-13 -24.0249 -2.03926)
(4.15595e-14 -24.5651 -2.04682)
(-1.29465e-13 -24.5651 -2.04682)
(0 -25.1194 -2.05456)
(-1.2889e-13 -25.1194 -2.05456)
(-1.10472e-14 -25.6882 -2.06251)
(1.71439e-13 -25.6882 -2.06251)
(3.19335e-14 -26.2722 -2.07065)
(0 -26.2722 -2.07065)
(0 -26.8718 -2.079)
(-4.47506e-14 -26.8718 -2.079)
(3.16421e-14 -27.4874 -2.08757)
(0 -27.4874 -2.08757)
(-3.14954e-14 -28.1197 -2.09636)
(-1.25982e-13 -28.1197 -2.09636)
(3.13481e-14 -28.7692 -2.10538)
(1.25392e-13 -28.7692 -2.10538)
(6.24001e-14 -29.4365 -2.11463)
(-4.81868e-14 -29.4365 -2.11463)
(0 -30.1221 -2.12413)
(-4.90862e-14 -30.1221 -2.12413)
(0 -30.8268 -2.13388)
(-2.47215e-13 -30.8268 -2.13388)
(3.07518e-14 -31.5512 -2.14389)
(-1.73943e-13 -31.5512 -2.14389)
(-2.59434e-14 -32.2959 -2.15417)
(1.22403e-13 -32.2959 -2.15417)
(6.08984e-14 -33.0617 -2.16472)
(0 -33.0617 -2.16472)
(-5.38419e-14 -33.8494 -2.17556)
(0 -33.8494 -2.17556)
(0 -34.6597 -2.18669)
(-5.4847e-14 -34.6597 -2.18669)
(2.05395e-15 -35.4933 -2.19813)
(6.40866e-14 -35.4933 -2.19813)
(0 -36.3513 -2.20988)
(2.84568e-14 -36.3513 -2.20988)
(2.96785e-14 -37.2344 -2.22195)
(0 -37.2344 -2.22195)
(-5.90509e-14 -38.1436 -2.23436)
(-2.95292e-14 -38.1436 -2.23436)
(2.93641e-14 -39.0799 -2.24711)
(1.17456e-13 -39.0799 -2.24711)
(3.06419e-14 -40.0442 -2.26022)
(-3.06419e-14 -40.0442 -2.26022)
(3.12139e-14 -41.0377 -2.2737)
(-1.47397e-13 -41.0377 -2.2737)
(3.17965e-14 -42.0614 -2.28755)
(-3.17965e-14 -42.0614 -2.28755)
(-2.87234e-14 -43.1165 -2.30181)
(0 -43.1165 -2.30181)
(3.29947e-14 -44.2042 -2.31646)
(-1.14243e-13 -44.2042 -2.31646)
(0 -45.3258 -2.33154)
(0 -45.3258 -2.33154)
(0 -46.4826 -2.34706)
(1.12927e-13 -46.4826 -2.34706)
(-5.61311e-14 -47.6759 -2.36302)
(0 -47.6759 -2.36302)
(7.62993e-15 -48.9074 -2.37946)
(7.60646e-14 -48.9074 -2.37946)
(0 -50.1784 -2.39637)
(0 -50.1784 -2.39637)
(-9.30726e-15 -51.4907 -2.41378)
(3.68669e-14 -51.4907 -2.41378)
(6.49435e-14 -52.8458 -2.43171)
(-2.56662e-13 -52.8458 -2.43171)
(-2.72158e-14 -54.2456 -2.45017)
(0 -54.2456 -2.45017)
(0 -55.6919 -2.46919)
(-6.91972e-14 -55.6919 -2.46919)
(0 -57.1867 -2.48878)
(0 -57.1867 -2.48878)
(4.04387e-14 -58.732 -2.50897)
(0 -58.732 -2.50897)
(5.30223e-14 -60.33 -2.52977)
(1.06045e-13 -60.33 -2.52977)
(5.26623e-14 -61.9829 -2.55121)
(0 -61.9829 -2.55121)
(2.61495e-14 -63.6932 -2.57331)
(0 -63.6932 -2.57331)
(-4.77381e-14 -65.4633 -2.59611)
(1.03865e-13 -65.4633 -2.59611)
(2.57812e-14 -67.2958 -2.61961)
(0 -67.2958 -2.61961)
(2.55943e-14 -69.1936 -2.64386)
(-1.02377e-13 -69.1936 -2.64386)
(0 -71.1596 -2.66887)
(0 -71.1596 -2.66887)
(-2.34436e-14 -73.1968 -2.69468)
(-4.68872e-14 -73.1968 -2.69468)
(2.50226e-14 -75.3085 -2.72132)
(-4.77624e-14 -75.3085 -2.72132)
(-5.0107e-16 -77.4981 -2.74881)
(7.49852e-14 -77.4981 -2.74881)
(2.47811e-14 -79.7691 -2.7772)
(-9.85256e-14 -79.7691 -2.7772)
(-8.11091e-16 -82.1254 -2.80651)
(7.24867e-14 -82.1254 -2.80651)
(2.42315e-14 -84.571 -2.83679)
(9.69262e-14 -84.571 -2.83679)
(0 -87.1099 -2.86806)
(-1.48503e-13 -87.1099 -2.86806)
(4.76449e-14 -89.7467 -2.90038)
(0 -89.7467 -2.90038)
(-2.36143e-14 -92.486 -2.93376)
(0 -92.486 -2.93376)
(2.34035e-14 -95.3327 -2.96827)
(0 -95.3327 -2.96827)
(1.8174e-14 -98.292 -3.00394)
(9.27604e-14 -98.292 -3.00394)
(0 -101.369 -3.04081)
(-9.1896e-14 -101.369 -3.04081)
(5.85383e-14 -104.57 -3.07893)
(-5.85383e-14 -104.57 -3.07893)
(2.98155e-14 -107.9 -3.11836)
(-1.19948e-13 -107.9 -3.11836)
(2.23083e-14 -111.367 -3.15912)
(-8.92334e-14 -111.367 -3.15912)
(0 -114.975 -3.20128)
(-1.50199e-13 -114.975 -3.20128)
(0 -118.733 -3.24489)
(0 -118.733 -3.24489)
(4.32292e-14 -122.648 -3.28999)
(0 -122.648 -3.28999)
(5.40807e-14 -126.726 -3.33663)
(-2.03717e-13 -126.726 -3.33663)
(5.44496e-14 -130.977 -3.38487)
(-3.33146e-14 -130.977 -3.38487)
(-2.08898e-14 -135.407 -3.43476)
(8.35591e-14 -135.407 -3.43476)
(-5.52107e-14 -140.025 -3.48634)
(0 -140.025 -3.48634)
(-3.52153e-14 -144.841 -3.53966)
(6.39431e-14 -144.841 -3.53966)
(1.79363e-14 -149.862 -3.59477)
(0 -149.862 -3.59477)
(-1.98693e-14 -155.097 -3.6517)
(-7.94773e-14 -155.097 -3.6517)
(0 -160.557 -3.7105)
(1.86122e-14 -160.557 -3.7105)
(1.93336e-14 -166.25 -3.77119)
(-7.73344e-14 -166.25 -3.77119)
(0 -172.184 -3.83379)
(0 -172.184 -3.83379)
(1.87794e-14 -178.37 -3.89832)
(-7.51177e-14 -178.37 -3.89832)
(-3.85364e-14 -184.815 -3.96477)
(-2.00413e-14 -184.815 -3.96477)
(1.82057e-14 -191.527 -4.03314)
(-7.2823e-14 -191.527 -4.03314)
(1.79113e-14 -198.514 -4.10337)
(0 -198.514 -4.10337)
(1.40384e-14 -205.782 -4.17542)
(7.04462e-14 -205.782 -4.17542)
(-1.73065e-14 -213.336 -4.2492)
(0 -213.336 -4.2492)
(-1.69959e-14 -221.178 -4.32461)
(0 -221.178 -4.32461)
(0 -229.309 -4.40148)
(0 -229.309 -4.40148)
(-1.63581e-14 -237.728 -4.47964)
(0 -237.728 -4.47964)
(-2.32372e-14 -246.43 -4.55884)
(6.41233e-14 -246.43 -4.55884)
(2.36709e-14 -255.405 -4.63879)
(-1.49254e-13 -255.405 -4.63879)
(3.9472e-14 -264.64 -4.71914)
(-1.46987e-13 -264.64 -4.71914)
(1.50151e-14 -274.116 -4.79949)
(-6.00602e-14 -274.116 -4.79949)
(0 -283.81 -4.87934)
(3.36402e-14 -283.81 -4.87934)
(-2.54884e-14 -293.689 -4.95814)
(-1.27442e-14 -293.689 -4.95814)
(0 -303.715 -5.03525)
(0 -303.715 -5.03525)
(-1.32245e-14 -313.845 -5.10998)
(-1.32245e-14 -313.845 -5.10998)
(4.01586e-14 -324.025 -5.18155)
(-7.98063e-14 -324.025 -5.18155)
(2.74455e-14 -334.196 -5.24914)
(5.13692e-14 -334.196 -5.24914)
(-1.51395e-15 -344.292 -5.31188)
(1.3979e-14 -344.292 -5.31188)
(-1.20846e-14 -354.242 -5.36887)
(-6.25781e-14 -354.242 -5.36887)
(0 -363.971 -5.41923)
(-4.68061e-14 -363.971 -5.41923)
(2.26332e-14 -373.402 -5.46211)
(-4.52663e-14 -373.402 -5.46211)
(5.19653e-14 -382.462 -5.49672)
(0 -382.462 -5.49672)
(2.10872e-14 -391.08 -5.5224)
(-4.21744e-14 -391.08 -5.5224)
(2.03141e-14 -399.191 -5.53862)
(0 -399.191 -5.53862)
(2.56825e-14 -406.741 -5.545)
(-9.40822e-14 -406.741 -5.545)
(0 -413.689 -5.54139)
(-3.75495e-14 -413.689 -5.54139)
(-7.50497e-15 -420.006 -5.52783)
(-3.60228e-14 -420.006 -5.52783)
(8.40941e-15 -425.68 -5.50457)
(0 -425.68 -5.50457)
(1.65035e-14 -430.713 -5.47207)
(0 -430.713 -5.47207)
(-7.88063e-15 -435.121 -5.43093)
(0 -435.121 -5.43093)
(6.13881e-15 -438.931 -5.38189)
(2.11668e-14 -438.931 -5.38189)
(-9.05512e-15 -442.184 -5.32581)
(0 -442.184 -5.32581)
(-6.79562e-15 -444.924 -5.26362)
(-2.71825e-14 -444.924 -5.26362)
(6.44441e-15 -447.204 -5.19624)
(0 -447.204 -5.19624)
(1.56705e-14 -449.075 -5.1246)
(-9.57174e-15 -449.075 -5.1246)
(-5.75879e-15 -450.592 -5.04956)
(4.60703e-14 -450.592 -5.04956)
(9.93241e-15 -451.805 -4.97193)
(-9.93241e-15 -451.805 -4.97193)
(1.52139e-14 -452.763 -4.89244)
(-3.05023e-14 -452.763 -4.89244)
(9.54687e-15 -453.51 -4.81173)
(1.90937e-14 -453.51 -4.81173)
(3.66345e-15 -454.083 -4.73034)
(1.25764e-14 -454.083 -4.73034)
(-4.14525e-15 -454.518 -4.64873)
(-3.3162e-14 -454.518 -4.64873)
(5.44735e-15 -454.843 -4.56729)
(5.44735e-15 -454.843 -4.56729)
(0 -455.081 -4.48632)
(5.54904e-15 -455.081 -4.48632)
(0 -455.254 -4.40606)
(-1.29799e-14 -455.254 -4.40606)
(2.95577e-15 -455.378 -4.3267)
(-1.18231e-14 -455.378 -4.3267)
(0 -455.464 -4.24836)
(-2.93281e-15 -455.464 -4.24836)
(2.98755e-15 -455.524 -4.17116)
(-1.55476e-14 -455.524 -4.17116)
(2.11952e-15 -455.564 -4.09516)
(3.04332e-15 -455.564 -4.09516)
(1.85092e-15 -455.591 -4.0204)
(-7.40368e-15 -455.591 -4.0204)
(1.58725e-15 -455.609 -3.94692)
(-6.34899e-15 -455.609 -3.94692)
(1.60848e-15 -455.621 -3.87471)
(-6.92211e-15 -455.621 -3.87471)
(-5.64189e-16 -455.629 -3.80379)
(2.65873e-15 -455.629 -3.80379)
(1.64973e-15 -455.634 -3.73414)
(-3.29946e-15 -455.634 -3.73414)
(2.28024e-15 -455.638 -3.66574)
(-2.31998e-15 -455.638 -3.66574)
(-3.39611e-16 -455.641 -3.5986)
(-1.35844e-15 -455.641 -3.5986)
(-8.82156e-16 -455.643 -3.53267)
(0 -455.643 -3.53267)
(0 -455.644 -2.54544)
(0 -455.644 -2.54544)
(1.14424e-16 -455.644 -0.843234)
(-1.14424e-16 -455.644 -0.843234)
)
;

boundaryField
{
    walls
    {
        type            extrapolatedCalculated;
        value           nonuniform List<vector> 8((0 455.644 0.843232) (1.14425e-16 455.644 -0.843232) (0 455.644 0.843232) (-1.14425e-16 455.644 -0.843232) (0 -455.644 0.843234) (1.14424e-16 -455.644 -0.843234) (0 -455.644 0.843234) (-1.14424e-16 -455.644 -0.843234));
    }
    inlet
    {
        type            cyclic;
    }
    outlet
    {
        type            cyclic;
    }
    sides
    {
        type            empty;
    }
}


// ************************************************************************* //
