/*--------------------------------*- C++ -*----------------------------------*\
| =========                 |                                                 |
| \\      /  F ield         | OpenFOAM: The Open Source CFD Toolbox           |
|  \\    /   O peration     | Version:  2106                                  |
|   \\  /    A nd           | Website:  www.openfoam.com                      |
|    \\/     M anipulation  |                                                 |
\*---------------------------------------------------------------------------*/
FoamFile
{
    version     2.0;
    format      ascii;
    arch        "LSB;label=32;scalar=64";
    class       volScalarField;
    location    "10100";
    object      nut;
}
// * * * * * * * * * * * * * * * * * * * * * * * * * * * * * * * * * * * * * //

dimensions      [0 2 -1 0 0 0 0];

internalField   nonuniform List<scalar> 
2000
(
4.30873e-13
4.30873e-13
4.29784e-13
4.29784e-13
1.74352e-12
1.74352e-12
1.15458e-11
1.15458e-11
5.28844e-11
5.28844e-11
1.79642e-10
1.79642e-10
4.96925e-10
4.96925e-10
1.1877e-09
1.1877e-09
2.54668e-09
2.54668e-09
5.02249e-09
5.02249e-09
9.26941e-09
9.26941e-09
1.62095e-08
1.62095e-08
2.71065e-08
2.71065e-08
4.3651e-08
4.3651e-08
6.80591e-08
6.80591e-08
1.03181e-07
1.03181e-07
1.5262e-07
1.5262e-07
2.20859e-07
2.20859e-07
3.13387e-07
3.13387e-07
4.36826e-07
4.36826e-07
5.99037e-07
5.99037e-07
8.09213e-07
8.09213e-07
1.07794e-06
1.07794e-06
1.41718e-06
1.41718e-06
1.84029e-06
1.84029e-06
2.36185e-06
2.36185e-06
2.99751e-06
2.99751e-06
3.76377e-06
3.76377e-06
4.67766e-06
4.67766e-06
5.7564e-06
5.7564e-06
7.01704e-06
7.01704e-06
8.47602e-06
8.47602e-06
1.01489e-05
1.01489e-05
1.205e-05
1.205e-05
1.4192e-05
1.4192e-05
1.65862e-05
1.65862e-05
1.9242e-05
1.9242e-05
2.21668e-05
2.21668e-05
2.53665e-05
2.53665e-05
2.88455e-05
2.88455e-05
3.26065e-05
3.26065e-05
3.6651e-05
3.6651e-05
4.09796e-05
4.09796e-05
4.5592e-05
4.5592e-05
5.04871e-05
5.04871e-05
5.56634e-05
5.56634e-05
6.11192e-05
6.11192e-05
6.68525e-05
6.68525e-05
7.28612e-05
7.28612e-05
7.91434e-05
7.91434e-05
8.5697e-05
8.5697e-05
9.25203e-05
9.25203e-05
9.96118e-05
9.96118e-05
0.00010697
0.00010697
0.000114594
0.000114594
0.000122482
0.000122482
0.000130635
0.000130635
0.000139051
0.000139051
0.000147731
0.000147731
0.000156674
0.000156674
0.000165881
0.000165881
0.000175353
0.000175353
0.00018509
0.00018509
0.000195093
0.000195093
0.000205364
0.000205364
0.000215903
0.000215903
0.000226713
0.000226713
0.000237794
0.000237794
0.00024915
0.00024915
0.000260781
0.000260781
0.00027269
0.00027269
0.000284879
0.000284879
0.000297351
0.000297351
0.000310108
0.000310108
0.000323153
0.000323153
0.000336488
0.000336488
0.000350116
0.000350116
0.000364041
0.000364041
0.000378265
0.000378265
0.000392791
0.000392791
0.000407623
0.000407623
0.000422764
0.000422764
0.000438217
0.000438217
0.000453986
0.000453986
0.000470074
0.000470074
0.000486486
0.000486486
0.000503223
0.000503223
0.000520291
0.000520291
0.000537693
0.000537693
0.000555433
0.000555433
0.000573515
0.000573515
0.000591943
0.000591943
0.00061072
0.00061072
0.000629851
0.000629851
0.00064934
0.00064934
0.000669191
0.000669191
0.000689409
0.000689409
0.000709997
0.000709997
0.00073096
0.00073096
0.000752301
0.000752301
0.000774026
0.000774026
0.000796139
0.000796139
0.000818644
0.000818644
0.000841545
0.000841545
0.000864848
0.000864848
0.000888555
0.000888555
0.000912672
0.000912672
0.000937204
0.000937204
0.000962154
0.000962154
0.000987527
0.000987527
0.00101333
0.00101333
0.00103956
0.00103956
0.00106623
0.00106623
0.00109334
0.00109334
0.0011209
0.0011209
0.0011489
0.0011489
0.00117736
0.00117736
0.00120628
0.00120628
0.00123566
0.00123566
0.00126551
0.00126551
0.00129582
0.00129582
0.00132662
0.00132662
0.00135789
0.00135789
0.00138965
0.00138965
0.0014219
0.0014219
0.00145463
0.00145463
0.00148786
0.00148786
0.00152159
0.00152159
0.00155583
0.00155583
0.00159057
0.00159057
0.00162582
0.00162582
0.00166158
0.00166158
0.00169786
0.00169786
0.00173466
0.00173466
0.00177199
0.00177199
0.00180983
0.00180983
0.00184821
0.00184821
0.00188712
0.00188712
0.00192655
0.00192655
0.00196653
0.00196653
0.00200704
0.00200704
0.00204809
0.00204809
0.00208968
0.00208968
0.00213181
0.00213181
0.00217449
0.00217449
0.00221771
0.00221771
0.00226147
0.00226147
0.00230578
0.00230578
0.00235063
0.00235063
0.00239602
0.00239602
0.00244196
0.00244196
0.00248844
0.00248844
0.00253546
0.00253546
0.00258302
0.00258302
0.00263112
0.00263112
0.00267975
0.00267975
0.00272891
0.00272891
0.0027786
0.0027786
0.00282882
0.00282882
0.00287955
0.00287955
0.0029308
0.0029308
0.00298256
0.00298256
0.00303482
0.00303482
0.00308758
0.00308758
0.00314083
0.00314083
0.00319456
0.00319456
0.00324877
0.00324877
0.00330344
0.00330344
0.00335856
0.00335856
0.00341413
0.00341413
0.00347013
0.00347013
0.00352655
0.00352655
0.00358338
0.00358338
0.0036406
0.0036406
0.0036982
0.0036982
0.00375617
0.00375617
0.00381448
0.00381448
0.00387312
0.00387312
0.00393207
0.00393207
0.00399131
0.00399131
0.00405082
0.00405082
0.00411057
0.00411057
0.00417056
0.00417056
0.00423074
0.00423074
0.00429109
0.00429109
0.00435159
0.00435159
0.00441221
0.00441221
0.00447292
0.00447292
0.00453368
0.00453368
0.00459446
0.00459446
0.00465523
0.00465523
0.00471596
0.00471596
0.00477659
0.00477659
0.0048371
0.0048371
0.00489744
0.00489744
0.00495756
0.00495756
0.00501743
0.00501743
0.00507699
0.00507699
0.00513619
0.00513619
0.00519498
0.00519498
0.00525331
0.00525331
0.00531112
0.00531112
0.00536834
0.00536834
0.00542493
0.00542493
0.00548081
0.00548081
0.00553591
0.00553591
0.00559018
0.00559018
0.00564353
0.00564353
0.00569589
0.00569589
0.00574719
0.00574719
0.00579733
0.00579733
0.00584625
0.00584625
0.00589386
0.00589386
0.00594006
0.00594006
0.00598476
0.00598476
0.00602788
0.00602788
0.00606931
0.00606931
0.00610895
0.00610895
0.00614672
0.00614672
0.0061825
0.0061825
0.00621619
0.00621619
0.00624769
0.00624769
0.00627689
0.00627689
0.00630369
0.00630369
0.00632799
0.00632799
0.0063497
0.0063497
0.00636871
0.00636871
0.00638494
0.00638494
0.00639832
0.00639832
0.00640876
0.00640876
0.00641623
0.00641623
0.00642068
0.00642068
0.00642211
0.00642211
0.00642052
0.00642052
0.00641595
0.00641595
0.0064085
0.0064085
0.0063983
0.0063983
0.00638552
0.00638552
0.00637042
0.00637042
0.0063533
0.0063533
0.00633456
0.00633456
0.00631466
0.00631466
0.00629415
0.00629415
0.00627366
0.00627366
0.00625389
0.00625389
0.00623559
0.00623559
0.00621955
0.00621955
0.00620655
0.00620655
0.00619731
0.00619731
0.00619245
0.00619245
4.30873e-13
4.30873e-13
4.29784e-13
4.29784e-13
1.74352e-12
1.74352e-12
1.15458e-11
1.15458e-11
5.28844e-11
5.28844e-11
1.79642e-10
1.79642e-10
4.96925e-10
4.96925e-10
1.1877e-09
1.1877e-09
2.54668e-09
2.54668e-09
5.02249e-09
5.02249e-09
9.26941e-09
9.26941e-09
1.62095e-08
1.62095e-08
2.71065e-08
2.71065e-08
4.3651e-08
4.3651e-08
6.80591e-08
6.80591e-08
1.03181e-07
1.03181e-07
1.5262e-07
1.5262e-07
2.20859e-07
2.20859e-07
3.13387e-07
3.13387e-07
4.36826e-07
4.36826e-07
5.99037e-07
5.99037e-07
8.09213e-07
8.09213e-07
1.07794e-06
1.07794e-06
1.41718e-06
1.41718e-06
1.84029e-06
1.84029e-06
2.36185e-06
2.36185e-06
2.99751e-06
2.99751e-06
3.76377e-06
3.76377e-06
4.67766e-06
4.67766e-06
5.7564e-06
5.7564e-06
7.01704e-06
7.01704e-06
8.47602e-06
8.47602e-06
1.01489e-05
1.01489e-05
1.205e-05
1.205e-05
1.4192e-05
1.4192e-05
1.65862e-05
1.65862e-05
1.9242e-05
1.9242e-05
2.21668e-05
2.21668e-05
2.53665e-05
2.53665e-05
2.88455e-05
2.88455e-05
3.26065e-05
3.26065e-05
3.6651e-05
3.6651e-05
4.09796e-05
4.09796e-05
4.5592e-05
4.5592e-05
5.04871e-05
5.04871e-05
5.56634e-05
5.56634e-05
6.11192e-05
6.11192e-05
6.68525e-05
6.68525e-05
7.28612e-05
7.28612e-05
7.91434e-05
7.91434e-05
8.5697e-05
8.5697e-05
9.25203e-05
9.25203e-05
9.96118e-05
9.96118e-05
0.00010697
0.00010697
0.000114594
0.000114594
0.000122482
0.000122482
0.000130635
0.000130635
0.000139051
0.000139051
0.000147731
0.000147731
0.000156674
0.000156674
0.000165881
0.000165881
0.000175353
0.000175353
0.00018509
0.00018509
0.000195093
0.000195093
0.000205364
0.000205364
0.000215903
0.000215903
0.000226713
0.000226713
0.000237794
0.000237794
0.00024915
0.00024915
0.000260781
0.000260781
0.00027269
0.00027269
0.000284879
0.000284879
0.000297351
0.000297351
0.000310108
0.000310108
0.000323153
0.000323153
0.000336488
0.000336488
0.000350116
0.000350116
0.000364041
0.000364041
0.000378265
0.000378265
0.000392791
0.000392791
0.000407623
0.000407623
0.000422764
0.000422764
0.000438217
0.000438217
0.000453986
0.000453986
0.000470074
0.000470074
0.000486486
0.000486486
0.000503223
0.000503223
0.000520291
0.000520291
0.000537693
0.000537693
0.000555433
0.000555433
0.000573515
0.000573515
0.000591943
0.000591943
0.00061072
0.00061072
0.000629851
0.000629851
0.00064934
0.00064934
0.000669191
0.000669191
0.000689409
0.000689409
0.000709997
0.000709997
0.00073096
0.00073096
0.000752301
0.000752301
0.000774026
0.000774026
0.000796139
0.000796139
0.000818644
0.000818644
0.000841545
0.000841545
0.000864848
0.000864848
0.000888555
0.000888555
0.000912672
0.000912672
0.000937204
0.000937204
0.000962154
0.000962154
0.000987527
0.000987527
0.00101333
0.00101333
0.00103956
0.00103956
0.00106623
0.00106623
0.00109334
0.00109334
0.0011209
0.0011209
0.0011489
0.0011489
0.00117736
0.00117736
0.00120628
0.00120628
0.00123566
0.00123566
0.00126551
0.00126551
0.00129582
0.00129582
0.00132662
0.00132662
0.00135789
0.00135789
0.00138965
0.00138965
0.0014219
0.0014219
0.00145463
0.00145463
0.00148786
0.00148786
0.00152159
0.00152159
0.00155583
0.00155583
0.00159057
0.00159057
0.00162582
0.00162582
0.00166158
0.00166158
0.00169786
0.00169786
0.00173466
0.00173466
0.00177199
0.00177199
0.00180983
0.00180983
0.00184821
0.00184821
0.00188712
0.00188712
0.00192655
0.00192655
0.00196653
0.00196653
0.00200704
0.00200704
0.00204809
0.00204809
0.00208968
0.00208968
0.00213181
0.00213181
0.00217449
0.00217449
0.00221771
0.00221771
0.00226147
0.00226147
0.00230578
0.00230578
0.00235063
0.00235063
0.00239602
0.00239602
0.00244196
0.00244196
0.00248844
0.00248844
0.00253546
0.00253546
0.00258302
0.00258302
0.00263112
0.00263112
0.00267975
0.00267975
0.00272891
0.00272891
0.0027786
0.0027786
0.00282882
0.00282882
0.00287955
0.00287955
0.0029308
0.0029308
0.00298256
0.00298256
0.00303482
0.00303482
0.00308758
0.00308758
0.00314083
0.00314083
0.00319456
0.00319456
0.00324877
0.00324877
0.00330344
0.00330344
0.00335856
0.00335856
0.00341413
0.00341413
0.00347013
0.00347013
0.00352655
0.00352655
0.00358338
0.00358338
0.0036406
0.0036406
0.0036982
0.0036982
0.00375617
0.00375617
0.00381448
0.00381448
0.00387312
0.00387312
0.00393207
0.00393207
0.00399131
0.00399131
0.00405082
0.00405082
0.00411057
0.00411057
0.00417056
0.00417056
0.00423074
0.00423074
0.00429109
0.00429109
0.00435159
0.00435159
0.00441221
0.00441221
0.00447292
0.00447292
0.00453368
0.00453368
0.00459446
0.00459446
0.00465523
0.00465523
0.00471596
0.00471596
0.00477659
0.00477659
0.0048371
0.0048371
0.00489744
0.00489744
0.00495756
0.00495756
0.00501743
0.00501743
0.00507699
0.00507699
0.00513619
0.00513619
0.00519498
0.00519498
0.00525331
0.00525331
0.00531112
0.00531112
0.00536834
0.00536834
0.00542493
0.00542493
0.00548081
0.00548081
0.00553591
0.00553591
0.00559018
0.00559018
0.00564353
0.00564353
0.00569589
0.00569589
0.00574719
0.00574719
0.00579733
0.00579733
0.00584625
0.00584625
0.00589386
0.00589386
0.00594006
0.00594006
0.00598476
0.00598476
0.00602788
0.00602788
0.00606931
0.00606931
0.00610895
0.00610895
0.00614672
0.00614672
0.0061825
0.0061825
0.00621619
0.00621619
0.00624769
0.00624769
0.00627689
0.00627689
0.00630369
0.00630369
0.00632799
0.00632799
0.0063497
0.0063497
0.00636871
0.00636871
0.00638494
0.00638494
0.00639832
0.00639832
0.00640876
0.00640876
0.00641623
0.00641623
0.00642068
0.00642068
0.00642211
0.00642211
0.00642052
0.00642052
0.00641595
0.00641595
0.0064085
0.0064085
0.0063983
0.0063983
0.00638552
0.00638552
0.00637042
0.00637042
0.0063533
0.0063533
0.00633456
0.00633456
0.00631466
0.00631466
0.00629415
0.00629415
0.00627366
0.00627366
0.00625389
0.00625389
0.00623559
0.00623559
0.00621955
0.00621955
0.00620655
0.00620655
0.00619731
0.00619731
0.00619245
0.00619245
0.00619245
0.00619245
0.00619731
0.00619731
0.00620655
0.00620655
0.00621955
0.00621955
0.00623559
0.00623559
0.00625389
0.00625389
0.00627366
0.00627366
0.00629415
0.00629415
0.00631466
0.00631466
0.00633456
0.00633456
0.0063533
0.0063533
0.00637042
0.00637042
0.00638552
0.00638552
0.0063983
0.0063983
0.0064085
0.0064085
0.00641595
0.00641595
0.00642051
0.00642051
0.00642211
0.00642211
0.00642068
0.00642068
0.00641623
0.00641623
0.00640876
0.00640876
0.00639832
0.00639832
0.00638494
0.00638494
0.00636871
0.00636871
0.0063497
0.0063497
0.00632799
0.00632799
0.00630369
0.00630369
0.00627689
0.00627689
0.00624769
0.00624769
0.00621619
0.00621619
0.0061825
0.0061825
0.00614672
0.00614672
0.00610895
0.00610895
0.00606931
0.00606931
0.00602788
0.00602788
0.00598476
0.00598476
0.00594006
0.00594006
0.00589386
0.00589386
0.00584625
0.00584625
0.00579733
0.00579733
0.00574719
0.00574719
0.00569589
0.00569589
0.00564353
0.00564353
0.00559018
0.00559018
0.00553591
0.00553591
0.00548081
0.00548081
0.00542493
0.00542493
0.00536834
0.00536834
0.00531112
0.00531112
0.00525331
0.00525331
0.00519498
0.00519498
0.00513619
0.00513619
0.00507699
0.00507699
0.00501743
0.00501743
0.00495756
0.00495756
0.00489744
0.00489744
0.0048371
0.0048371
0.00477659
0.00477659
0.00471596
0.00471596
0.00465523
0.00465523
0.00459446
0.00459446
0.00453368
0.00453368
0.00447292
0.00447292
0.00441221
0.00441221
0.00435159
0.00435159
0.00429109
0.00429109
0.00423074
0.00423074
0.00417056
0.00417056
0.00411057
0.00411057
0.00405082
0.00405082
0.00399131
0.00399131
0.00393207
0.00393207
0.00387312
0.00387312
0.00381448
0.00381448
0.00375616
0.00375616
0.0036982
0.0036982
0.0036406
0.0036406
0.00358338
0.00358338
0.00352655
0.00352655
0.00347013
0.00347013
0.00341413
0.00341413
0.00335856
0.00335856
0.00330344
0.00330344
0.00324877
0.00324877
0.00319456
0.00319456
0.00314083
0.00314083
0.00308758
0.00308758
0.00303482
0.00303482
0.00298256
0.00298256
0.0029308
0.0029308
0.00287955
0.00287955
0.00282882
0.00282882
0.0027786
0.0027786
0.00272891
0.00272891
0.00267975
0.00267975
0.00263112
0.00263112
0.00258302
0.00258302
0.00253546
0.00253546
0.00248844
0.00248844
0.00244196
0.00244196
0.00239602
0.00239602
0.00235063
0.00235063
0.00230578
0.00230578
0.00226147
0.00226147
0.00221771
0.00221771
0.00217449
0.00217449
0.00213181
0.00213181
0.00208968
0.00208968
0.00204809
0.00204809
0.00200704
0.00200704
0.00196653
0.00196653
0.00192655
0.00192655
0.00188712
0.00188712
0.00184821
0.00184821
0.00180983
0.00180983
0.00177199
0.00177199
0.00173466
0.00173466
0.00169786
0.00169786
0.00166158
0.00166158
0.00162582
0.00162582
0.00159057
0.00159057
0.00155583
0.00155583
0.00152159
0.00152159
0.00148786
0.00148786
0.00145463
0.00145463
0.0014219
0.0014219
0.00138965
0.00138965
0.00135789
0.00135789
0.00132662
0.00132662
0.00129582
0.00129582
0.00126551
0.00126551
0.00123566
0.00123566
0.00120628
0.00120628
0.00117736
0.00117736
0.0011489
0.0011489
0.0011209
0.0011209
0.00109334
0.00109334
0.00106623
0.00106623
0.00103956
0.00103956
0.00101333
0.00101333
0.000987527
0.000987527
0.000962154
0.000962154
0.000937204
0.000937204
0.000912672
0.000912672
0.000888555
0.000888555
0.000864848
0.000864848
0.000841545
0.000841545
0.000818644
0.000818644
0.000796139
0.000796139
0.000774026
0.000774026
0.000752301
0.000752301
0.00073096
0.00073096
0.000709997
0.000709997
0.000689409
0.000689409
0.000669191
0.000669191
0.00064934
0.00064934
0.000629851
0.000629851
0.00061072
0.00061072
0.000591943
0.000591943
0.000573515
0.000573515
0.000555433
0.000555433
0.000537693
0.000537693
0.000520291
0.000520291
0.000503223
0.000503223
0.000486485
0.000486485
0.000470074
0.000470074
0.000453986
0.000453986
0.000438217
0.000438217
0.000422764
0.000422764
0.000407623
0.000407623
0.000392791
0.000392791
0.000378265
0.000378265
0.000364041
0.000364041
0.000350116
0.000350116
0.000336488
0.000336488
0.000323153
0.000323153
0.000310108
0.000310108
0.000297351
0.000297351
0.000284879
0.000284879
0.00027269
0.00027269
0.000260781
0.000260781
0.00024915
0.00024915
0.000237794
0.000237794
0.000226713
0.000226713
0.000215903
0.000215903
0.000205364
0.000205364
0.000195093
0.000195093
0.00018509
0.00018509
0.000175353
0.000175353
0.000165881
0.000165881
0.000156674
0.000156674
0.000147731
0.000147731
0.000139051
0.000139051
0.000130635
0.000130635
0.000122482
0.000122482
0.000114594
0.000114594
0.00010697
0.00010697
9.96118e-05
9.96118e-05
9.25203e-05
9.25203e-05
8.5697e-05
8.5697e-05
7.91434e-05
7.91434e-05
7.28613e-05
7.28613e-05
6.68525e-05
6.68525e-05
6.11192e-05
6.11192e-05
5.56634e-05
5.56634e-05
5.04871e-05
5.04871e-05
4.5592e-05
4.5592e-05
4.09796e-05
4.09796e-05
3.6651e-05
3.6651e-05
3.26065e-05
3.26065e-05
2.88455e-05
2.88455e-05
2.53665e-05
2.53665e-05
2.21668e-05
2.21668e-05
1.9242e-05
1.9242e-05
1.65862e-05
1.65862e-05
1.4192e-05
1.4192e-05
1.205e-05
1.205e-05
1.01489e-05
1.01489e-05
8.47602e-06
8.47602e-06
7.01704e-06
7.01704e-06
5.75641e-06
5.75641e-06
4.67766e-06
4.67766e-06
3.76377e-06
3.76377e-06
2.9975e-06
2.9975e-06
2.36185e-06
2.36185e-06
1.84029e-06
1.84029e-06
1.41718e-06
1.41718e-06
1.07794e-06
1.07794e-06
8.09213e-07
8.09213e-07
5.99037e-07
5.99037e-07
4.36826e-07
4.36826e-07
3.13387e-07
3.13387e-07
2.20859e-07
2.20859e-07
1.5262e-07
1.5262e-07
1.03181e-07
1.03181e-07
6.80591e-08
6.80591e-08
4.3651e-08
4.3651e-08
2.71065e-08
2.71065e-08
1.62095e-08
1.62095e-08
9.2694e-09
9.2694e-09
5.02248e-09
5.02248e-09
2.54667e-09
2.54667e-09
1.1877e-09
1.1877e-09
4.96926e-10
4.96926e-10
1.79642e-10
1.79642e-10
5.28845e-11
5.28845e-11
1.15459e-11
1.15459e-11
1.74353e-12
1.74353e-12
4.29789e-13
4.29789e-13
4.30877e-13
4.30877e-13
0.00619245
0.00619245
0.00619731
0.00619731
0.00620655
0.00620655
0.00621955
0.00621955
0.00623559
0.00623559
0.00625389
0.00625389
0.00627366
0.00627366
0.00629415
0.00629415
0.00631466
0.00631466
0.00633456
0.00633456
0.0063533
0.0063533
0.00637042
0.00637042
0.00638552
0.00638552
0.0063983
0.0063983
0.0064085
0.0064085
0.00641595
0.00641595
0.00642051
0.00642051
0.00642211
0.00642211
0.00642068
0.00642068
0.00641623
0.00641623
0.00640876
0.00640876
0.00639832
0.00639832
0.00638494
0.00638494
0.00636871
0.00636871
0.0063497
0.0063497
0.00632799
0.00632799
0.00630369
0.00630369
0.00627689
0.00627689
0.00624769
0.00624769
0.00621619
0.00621619
0.0061825
0.0061825
0.00614672
0.00614672
0.00610895
0.00610895
0.00606931
0.00606931
0.00602788
0.00602788
0.00598476
0.00598476
0.00594006
0.00594006
0.00589386
0.00589386
0.00584625
0.00584625
0.00579733
0.00579733
0.00574719
0.00574719
0.00569589
0.00569589
0.00564353
0.00564353
0.00559018
0.00559018
0.00553591
0.00553591
0.00548081
0.00548081
0.00542493
0.00542493
0.00536834
0.00536834
0.00531112
0.00531112
0.00525331
0.00525331
0.00519498
0.00519498
0.00513619
0.00513619
0.00507699
0.00507699
0.00501743
0.00501743
0.00495756
0.00495756
0.00489744
0.00489744
0.0048371
0.0048371
0.00477659
0.00477659
0.00471596
0.00471596
0.00465523
0.00465523
0.00459446
0.00459446
0.00453368
0.00453368
0.00447292
0.00447292
0.00441221
0.00441221
0.00435159
0.00435159
0.00429109
0.00429109
0.00423074
0.00423074
0.00417056
0.00417056
0.00411057
0.00411057
0.00405082
0.00405082
0.00399131
0.00399131
0.00393207
0.00393207
0.00387312
0.00387312
0.00381448
0.00381448
0.00375616
0.00375616
0.0036982
0.0036982
0.0036406
0.0036406
0.00358338
0.00358338
0.00352655
0.00352655
0.00347013
0.00347013
0.00341413
0.00341413
0.00335856
0.00335856
0.00330344
0.00330344
0.00324877
0.00324877
0.00319456
0.00319456
0.00314083
0.00314083
0.00308758
0.00308758
0.00303482
0.00303482
0.00298256
0.00298256
0.0029308
0.0029308
0.00287955
0.00287955
0.00282882
0.00282882
0.0027786
0.0027786
0.00272891
0.00272891
0.00267975
0.00267975
0.00263112
0.00263112
0.00258302
0.00258302
0.00253546
0.00253546
0.00248844
0.00248844
0.00244196
0.00244196
0.00239602
0.00239602
0.00235063
0.00235063
0.00230578
0.00230578
0.00226147
0.00226147
0.00221771
0.00221771
0.00217449
0.00217449
0.00213181
0.00213181
0.00208968
0.00208968
0.00204809
0.00204809
0.00200704
0.00200704
0.00196653
0.00196653
0.00192655
0.00192655
0.00188712
0.00188712
0.00184821
0.00184821
0.00180983
0.00180983
0.00177199
0.00177199
0.00173466
0.00173466
0.00169786
0.00169786
0.00166158
0.00166158
0.00162582
0.00162582
0.00159057
0.00159057
0.00155583
0.00155583
0.00152159
0.00152159
0.00148786
0.00148786
0.00145463
0.00145463
0.0014219
0.0014219
0.00138965
0.00138965
0.00135789
0.00135789
0.00132662
0.00132662
0.00129582
0.00129582
0.00126551
0.00126551
0.00123566
0.00123566
0.00120628
0.00120628
0.00117736
0.00117736
0.0011489
0.0011489
0.0011209
0.0011209
0.00109334
0.00109334
0.00106623
0.00106623
0.00103956
0.00103956
0.00101333
0.00101333
0.000987527
0.000987527
0.000962154
0.000962154
0.000937204
0.000937204
0.000912672
0.000912672
0.000888555
0.000888555
0.000864848
0.000864848
0.000841545
0.000841545
0.000818644
0.000818644
0.000796139
0.000796139
0.000774026
0.000774026
0.000752301
0.000752301
0.00073096
0.00073096
0.000709997
0.000709997
0.000689409
0.000689409
0.000669191
0.000669191
0.00064934
0.00064934
0.000629851
0.000629851
0.00061072
0.00061072
0.000591943
0.000591943
0.000573515
0.000573515
0.000555433
0.000555433
0.000537693
0.000537693
0.000520291
0.000520291
0.000503223
0.000503223
0.000486485
0.000486485
0.000470074
0.000470074
0.000453986
0.000453986
0.000438217
0.000438217
0.000422764
0.000422764
0.000407623
0.000407623
0.000392791
0.000392791
0.000378265
0.000378265
0.000364041
0.000364041
0.000350116
0.000350116
0.000336488
0.000336488
0.000323153
0.000323153
0.000310108
0.000310108
0.000297351
0.000297351
0.000284879
0.000284879
0.00027269
0.00027269
0.000260781
0.000260781
0.00024915
0.00024915
0.000237794
0.000237794
0.000226713
0.000226713
0.000215903
0.000215903
0.000205364
0.000205364
0.000195093
0.000195093
0.00018509
0.00018509
0.000175353
0.000175353
0.000165881
0.000165881
0.000156674
0.000156674
0.000147731
0.000147731
0.000139051
0.000139051
0.000130635
0.000130635
0.000122482
0.000122482
0.000114594
0.000114594
0.00010697
0.00010697
9.96118e-05
9.96118e-05
9.25203e-05
9.25203e-05
8.5697e-05
8.5697e-05
7.91434e-05
7.91434e-05
7.28613e-05
7.28613e-05
6.68525e-05
6.68525e-05
6.11192e-05
6.11192e-05
5.56634e-05
5.56634e-05
5.04871e-05
5.04871e-05
4.5592e-05
4.5592e-05
4.09796e-05
4.09796e-05
3.6651e-05
3.6651e-05
3.26065e-05
3.26065e-05
2.88455e-05
2.88455e-05
2.53665e-05
2.53665e-05
2.21668e-05
2.21668e-05
1.9242e-05
1.9242e-05
1.65862e-05
1.65862e-05
1.4192e-05
1.4192e-05
1.205e-05
1.205e-05
1.01489e-05
1.01489e-05
8.47602e-06
8.47602e-06
7.01704e-06
7.01704e-06
5.75641e-06
5.75641e-06
4.67766e-06
4.67766e-06
3.76377e-06
3.76377e-06
2.9975e-06
2.9975e-06
2.36185e-06
2.36185e-06
1.84029e-06
1.84029e-06
1.41718e-06
1.41718e-06
1.07794e-06
1.07794e-06
8.09213e-07
8.09213e-07
5.99037e-07
5.99037e-07
4.36826e-07
4.36826e-07
3.13387e-07
3.13387e-07
2.20859e-07
2.20859e-07
1.5262e-07
1.5262e-07
1.03181e-07
1.03181e-07
6.80591e-08
6.80591e-08
4.3651e-08
4.3651e-08
2.71065e-08
2.71065e-08
1.62095e-08
1.62095e-08
9.2694e-09
9.2694e-09
5.02248e-09
5.02248e-09
2.54667e-09
2.54667e-09
1.1877e-09
1.1877e-09
4.96926e-10
4.96926e-10
1.79642e-10
1.79642e-10
5.28845e-11
5.28845e-11
1.15459e-11
1.15459e-11
1.74353e-12
1.74353e-12
4.29789e-13
4.29789e-13
4.30877e-13
4.30877e-13
)
;

boundaryField
{
    walls
    {
        type            nutUWallFunction;
        blending        stepwise;
        Cmu             0.09;
        kappa           0.41;
        E               9.8;
        value           uniform 0;
    }
    inlet
    {
        type            cyclic;
    }
    outlet
    {
        type            cyclic;
    }
    sides
    {
        type            empty;
    }
}


// ************************************************************************* //
