/*--------------------------------*- C++ -*----------------------------------*\
| =========                 |                                                 |
| \\      /  F ield         | OpenFOAM: The Open Source CFD Toolbox           |
|  \\    /   O peration     | Version:  2106                                  |
|   \\  /    A nd           | Website:  www.openfoam.com                      |
|    \\/     M anipulation  |                                                 |
\*---------------------------------------------------------------------------*/
FoamFile
{
    version     2.0;
    format      ascii;
    arch        "LSB;label=32;scalar=64";
    class       volVectorField;
    location    "10100";
    object      U;
}
// * * * * * * * * * * * * * * * * * * * * * * * * * * * * * * * * * * * * * //

dimensions      [0 1 -1 0 0 0 0];

internalField   nonuniform List<vector> 
2000
(
(0.00324247 -8.27348e-16 -5.3003e-18)
(0.00324247 -2.22782e-19 3.29894e-33)
(0.0097867 -2.42485e-15 1.36082e-17)
(0.0097867 -2.0544e-20 -5.10152e-21)
(0.0164518 -2.45992e-15 1.42838e-17)
(0.0164518 -3.29652e-20 -8.18594e-21)
(0.0232401 -2.24723e-15 1.56507e-17)
(0.0232401 2.95726e-20 -1.2499e-20)
(0.0301536 -2.24657e-15 1.69637e-17)
(0.0301536 8.86775e-20 -1.79554e-20)
(0.0371949 -2.2615e-15 1.82499e-17)
(0.0371949 1.0637e-19 -2.41906e-20)
(0.044366 -2.2657e-15 1.95797e-17)
(0.044366 1.38157e-19 -3.06496e-20)
(0.0516695 -2.26628e-15 2.09711e-17)
(0.0516695 2.20125e-19 -3.72853e-20)
(0.0591077 -2.26646e-15 2.24265e-17)
(0.0591077 2.55802e-19 -4.43807e-20)
(0.0666829 -2.26689e-15 2.39478e-17)
(0.0666829 2.32701e-19 -5.3446e-20)
(0.0743975 -2.26733e-15 2.55374e-17)
(0.0743975 2.00791e-19 -6.33564e-20)
(0.0822538 -2.26772e-15 2.71971e-17)
(0.0822538 2.43305e-19 -7.38026e-20)
(0.0902542 -2.26804e-15 2.89288e-17)
(0.0902542 2.50579e-19 -8.52714e-20)
(0.0984007 -2.26827e-15 3.07341e-17)
(0.0984007 1.58782e-19 -9.69152e-20)
(0.106695 -2.26853e-15 3.26144e-17)
(0.106695 2.34998e-19 -1.09001e-19)
(0.11514 -2.26888e-15 3.45709e-17)
(0.11514 2.18943e-19 -1.21921e-19)
(0.123736 -2.26932e-15 3.66039e-17)
(0.123736 1.29378e-19 -1.35457e-19)
(0.132484 -2.26965e-15 3.87139e-17)
(0.132484 1.45244e-19 -1.49018e-19)
(0.141384 -2.26994e-15 4.09008e-17)
(0.141384 6.85058e-21 -1.62193e-19)
(0.150437 -2.27035e-15 4.31628e-17)
(0.150437 -2.24821e-19 -1.76582e-19)
(0.159641 -2.27072e-15 4.54957e-17)
(0.159641 -3.35809e-19 -1.91454e-19)
(0.168995 -2.27104e-15 4.78952e-17)
(0.168995 -5.20455e-19 -2.07304e-19)
(0.178493 -2.2714e-15 5.03552e-17)
(0.178493 -7.11984e-19 -2.25063e-19)
(0.188132 -2.27173e-15 5.28663e-17)
(0.188132 -7.78774e-19 -2.45613e-19)
(0.197906 -2.27199e-15 5.54189e-17)
(0.197906 -1.07349e-18 -2.67645e-19)
(0.207804 -2.27234e-15 5.80017e-17)
(0.207804 -1.45904e-18 -2.87238e-19)
(0.217819 -2.27272e-15 6.05989e-17)
(0.217819 -1.78597e-18 -3.07022e-19)
(0.227936 -2.27288e-15 6.31947e-17)
(0.227936 -2.16131e-18 -3.29512e-19)
(0.238142 -2.27299e-15 6.57726e-17)
(0.238142 -2.39425e-18 -3.52436e-19)
(0.248421 -2.27326e-15 6.83129e-17)
(0.248421 -2.7252e-18 -3.77988e-19)
(0.258754 -2.27352e-15 7.07982e-17)
(0.258754 -2.96584e-18 -4.05337e-19)
(0.269123 -2.27368e-15 7.32096e-17)
(0.269123 -3.2833e-18 -4.33047e-19)
(0.279506 -2.2736e-15 7.55325e-17)
(0.279506 -4.09722e-18 -4.57867e-19)
(0.289884 -2.27354e-15 7.77534e-17)
(0.289884 -4.85365e-18 -4.82915e-19)
(0.300233 -2.27344e-15 7.98596e-17)
(0.300233 -5.47238e-18 -5.17501e-19)
(0.310535 -2.27316e-15 8.18446e-17)
(0.310535 -6.21883e-18 -5.3973e-19)
(0.320767 -2.2728e-15 8.37055e-17)
(0.320767 -6.95143e-18 -5.74617e-19)
(0.330912 -2.27277e-15 8.54439e-17)
(0.330912 -7.18926e-18 -6.0509e-19)
(0.340952 -2.27294e-15 8.70572e-17)
(0.340952 -7.86803e-18 -6.429e-19)
(0.350871 -2.27262e-15 8.8553e-17)
(0.350871 -9.04485e-18 -6.73645e-19)
(0.360655 -2.27234e-15 8.99412e-17)
(0.360655 -9.96565e-18 -7.02051e-19)
(0.370293 -2.27278e-15 9.12295e-17)
(0.370293 -1.06769e-17 -7.30191e-19)
(0.379775 -2.27278e-15 9.24255e-17)
(0.379775 -1.1173e-17 -7.78491e-19)
(0.389094 -2.27285e-15 9.35406e-17)
(0.389094 -1.24627e-17 -8.239e-19)
(0.398244 -2.27213e-15 9.45922e-17)
(0.398244 -1.34564e-17 -8.62198e-19)
(0.407222 -2.27123e-15 9.55936e-17)
(0.407222 -1.47255e-17 -8.97631e-19)
(0.416024 -2.27142e-15 9.65544e-17)
(0.416024 -1.62354e-17 -9.28731e-19)
(0.42465 -2.27216e-15 9.74867e-17)
(0.42465 -1.64241e-17 -9.6007e-19)
(0.4331 -2.27271e-15 9.84011e-17)
(0.4331 -1.64147e-17 -9.80647e-19)
(0.441376 -2.27334e-15 9.93058e-17)
(0.441376 -1.73287e-17 -1.01206e-18)
(0.449479 -2.27324e-15 1.00209e-16)
(0.449479 -1.83561e-17 -1.051e-18)
(0.457413 -2.27268e-15 1.01121e-16)
(0.457413 -1.87949e-17 -1.0865e-18)
(0.46518 -2.27188e-15 1.02049e-16)
(0.46518 -1.95063e-17 -1.11818e-18)
(0.472786 -2.2707e-15 1.02999e-16)
(0.472786 -2.11366e-17 -1.15383e-18)
(0.480233 -2.26938e-15 1.03976e-16)
(0.480233 -2.30736e-17 -1.1854e-18)
(0.487527 -2.26855e-15 1.04983e-16)
(0.487527 -2.4423e-17 -1.22511e-18)
(0.494671 -2.26834e-15 1.06017e-16)
(0.494671 -2.53942e-17 -1.28019e-18)
(0.501671 -2.26717e-15 1.07091e-16)
(0.501671 -2.63575e-17 -1.31742e-18)
(0.508531 -2.26579e-15 1.08211e-16)
(0.508531 -2.79934e-17 -1.36748e-18)
(0.515257 -2.26405e-15 1.09364e-16)
(0.515257 -3.01167e-17 -1.42675e-18)
(0.521851 -2.26117e-15 1.10557e-16)
(0.521851 -3.26734e-17 -1.49099e-18)
(0.52832 -2.25847e-15 1.11818e-16)
(0.52832 -3.46368e-17 -1.53139e-18)
(0.534667 -2.25755e-15 1.13125e-16)
(0.534667 -3.64587e-17 -1.55727e-18)
(0.540897 -2.25696e-15 1.14466e-16)
(0.540897 -3.95e-17 -1.59819e-18)
(0.547014 -2.25491e-15 1.15847e-16)
(0.547014 -4.2065e-17 -1.69047e-18)
(0.553023 -2.25131e-15 1.17293e-16)
(0.553023 -4.56897e-17 -1.7412e-18)
(0.558927 -2.24815e-15 1.18817e-16)
(0.558927 -4.82675e-17 -1.76791e-18)
(0.56473 -2.24503e-15 1.20385e-16)
(0.56473 -5.11675e-17 -1.93081e-18)
(0.570436 -2.24105e-15 1.22023e-16)
(0.570436 -5.54351e-17 -1.95735e-18)
(0.576048 -2.23689e-15 1.23715e-16)
(0.576048 -6.04043e-17 -2.01812e-18)
(0.581571 -2.23453e-15 1.25507e-16)
(0.581571 -6.42822e-17 -1.99484e-18)
(0.587006 -2.23437e-15 1.27358e-16)
(0.587006 -6.41938e-17 -2.07902e-18)
(0.592358 -2.23445e-15 1.29277e-16)
(0.592358 -6.58169e-17 -2.15956e-18)
(0.597629 -2.23406e-15 1.31267e-16)
(0.597629 -6.95566e-17 -2.21333e-18)
(0.602822 -2.23232e-15 1.33318e-16)
(0.602822 -7.14152e-17 -2.27755e-18)
(0.607941 -2.23054e-15 1.35456e-16)
(0.607941 -7.36736e-17 -2.33304e-18)
(0.612987 -2.22807e-15 1.37658e-16)
(0.612987 -7.71175e-17 -2.37482e-18)
(0.617964 -2.22414e-15 1.39959e-16)
(0.617964 -8.10082e-17 -2.39811e-18)
(0.622873 -2.22052e-15 1.42354e-16)
(0.622873 -8.42721e-17 -2.49006e-18)
(0.627718 -2.21743e-15 1.44812e-16)
(0.627718 -8.69143e-17 -2.6074e-18)
(0.6325 -2.21465e-15 1.47347e-16)
(0.6325 -9.01218e-17 -2.73799e-18)
(0.637222 -2.21086e-15 1.49962e-16)
(0.637222 -9.18625e-17 -2.86047e-18)
(0.641885 -2.20579e-15 1.52653e-16)
(0.641885 -9.62765e-17 -2.96934e-18)
(0.646492 -2.20176e-15 1.55418e-16)
(0.646492 -1.01041e-16 -3.17045e-18)
(0.651044 -2.19859e-15 1.58241e-16)
(0.651044 -1.0399e-16 -3.33644e-18)
(0.655544 -2.19586e-15 1.61122e-16)
(0.655544 -1.0708e-16 -3.44621e-18)
(0.659993 -2.1938e-15 1.6407e-16)
(0.659993 -1.11629e-16 -3.61845e-18)
(0.664393 -2.19137e-15 1.6709e-16)
(0.664393 -1.17391e-16 -3.81709e-18)
(0.668745 -2.18704e-15 1.70229e-16)
(0.668745 -1.19749e-16 -3.91609e-18)
(0.673051 -2.18235e-15 1.73482e-16)
(0.673051 -1.23609e-16 -4.02379e-18)
(0.677313 -2.17761e-15 1.76863e-16)
(0.677313 -1.29255e-16 -4.15066e-18)
(0.681531 -2.17212e-15 1.80393e-16)
(0.681531 -1.32704e-16 -4.24429e-18)
(0.685708 -2.16676e-15 1.84067e-16)
(0.685708 -1.38054e-16 -4.30214e-18)
(0.689844 -2.16205e-15 1.87829e-16)
(0.689844 -1.43076e-16 -4.4563e-18)
(0.693941 -2.1594e-15 1.91662e-16)
(0.693941 -1.47397e-16 -4.62088e-18)
(0.697999 -2.15645e-15 1.95547e-16)
(0.697999 -1.52282e-16 -4.78514e-18)
(0.702021 -2.15101e-15 1.99586e-16)
(0.702021 -1.58745e-16 -4.94878e-18)
(0.706008 -2.14584e-15 2.03754e-16)
(0.706008 -1.64342e-16 -5.09997e-18)
(0.709959 -2.13809e-15 2.08045e-16)
(0.709959 -1.71212e-16 -5.33539e-18)
(0.713878 -2.13008e-15 2.12502e-16)
(0.713878 -1.80066e-16 -5.37329e-18)
(0.717763 -2.12465e-15 2.17041e-16)
(0.717763 -1.87956e-16 -5.51917e-18)
(0.721617 -2.11619e-15 2.2164e-16)
(0.721617 -1.94285e-16 -5.41695e-18)
(0.72544 -2.10597e-15 2.26359e-16)
(0.72544 -2.03934e-16 -5.59265e-18)
(0.729233 -2.09622e-15 2.312e-16)
(0.729233 -2.13674e-16 -5.72633e-18)
(0.732998 -2.08754e-15 2.3623e-16)
(0.732998 -2.22831e-16 -5.95181e-18)
(0.736734 -2.08233e-15 2.41338e-16)
(0.736734 -2.30788e-16 -5.99577e-18)
(0.740443 -2.07716e-15 2.46533e-16)
(0.740443 -2.37707e-16 -6.45843e-18)
(0.744125 -2.07045e-15 2.51894e-16)
(0.744125 -2.48254e-16 -6.4384e-18)
(0.747781 -2.06707e-15 2.5739e-16)
(0.747781 -2.53658e-16 -6.73323e-18)
(0.751413 -2.05613e-15 2.6302e-16)
(0.751413 -2.55937e-16 -6.89572e-18)
(0.75502 -2.04719e-15 2.68772e-16)
(0.75502 -2.6062e-16 -7.31599e-18)
(0.758603 -2.04003e-15 2.74733e-16)
(0.758603 -2.6763e-16 -7.32334e-18)
(0.762163 -2.03495e-15 2.80772e-16)
(0.762163 -2.73741e-16 -7.38589e-18)
(0.7657 -2.02256e-15 2.86989e-16)
(0.7657 -2.81756e-16 -7.26428e-18)
(0.769216 -2.01435e-15 2.93322e-16)
(0.769216 -2.89582e-16 -7.55721e-18)
(0.77271 -2.00348e-15 2.9987e-16)
(0.77271 -2.97775e-16 -7.63459e-18)
(0.776184 -1.99761e-15 3.06613e-16)
(0.776184 -3.05721e-16 -7.32949e-18)
(0.779637 -1.99119e-15 3.13508e-16)
(0.779637 -3.0856e-16 -7.26475e-18)
(0.783071 -1.98387e-15 3.20587e-16)
(0.783071 -3.09935e-16 -8.00311e-18)
(0.786486 -1.97463e-15 3.2783e-16)
(0.786486 -3.15899e-16 -8.14503e-18)
(0.789882 -1.96438e-15 3.35308e-16)
(0.789882 -3.20284e-16 -7.47193e-18)
(0.793259 -1.955e-15 3.43088e-16)
(0.793259 -3.25121e-16 -7.62468e-18)
(0.796619 -1.94476e-15 3.51059e-16)
(0.796619 -3.29185e-16 -7.8843e-18)
(0.799962 -1.93128e-15 3.5921e-16)
(0.799962 -3.3644e-16 -8.14037e-18)
(0.803288 -1.9187e-15 3.67757e-16)
(0.803288 -3.4359e-16 -7.99519e-18)
(0.806597 -1.90962e-15 3.76455e-16)
(0.806597 -3.51024e-16 -7.82794e-18)
(0.80989 -1.90075e-15 3.85177e-16)
(0.80989 -3.58554e-16 -8.21422e-18)
(0.813168 -1.89441e-15 3.9409e-16)
(0.813168 -3.63465e-16 -8.30667e-18)
(0.81643 -1.88801e-15 4.03139e-16)
(0.81643 -3.73399e-16 -8.94476e-18)
(0.819678 -1.87712e-15 4.12327e-16)
(0.819678 -3.80172e-16 -9.29247e-18)
(0.82291 -1.86699e-15 4.21672e-16)
(0.82291 -3.89488e-16 -8.80113e-18)
(0.826129 -1.85551e-15 4.312e-16)
(0.826129 -4.0047e-16 -8.86604e-18)
(0.829333 -1.84322e-15 4.40918e-16)
(0.829333 -4.08288e-16 -9.19722e-18)
(0.832524 -1.82617e-15 4.50845e-16)
(0.832524 -4.14713e-16 -9.99897e-18)
(0.835702 -1.80793e-15 4.57587e-16)
(0.835702 -4.22684e-16 -9.29594e-18)
(0.838867 -1.79645e-15 4.52931e-16)
(0.838867 -4.34505e-16 -9.33129e-18)
(0.842019 -1.78294e-15 4.47502e-16)
(0.842019 -4.46457e-16 -9.30561e-18)
(0.845158 -1.76902e-15 4.42143e-16)
(0.845158 -4.5631e-16 -9.3159e-18)
(0.848286 -1.75429e-15 4.35699e-16)
(0.848286 -4.60516e-16 -9.10631e-18)
(0.851401 -1.73849e-15 4.2862e-16)
(0.851401 -4.73713e-16 -1.00789e-17)
(0.854505 -1.72449e-15 4.20286e-16)
(0.854505 -4.85088e-16 -7.38604e-18)
(0.857598 -1.70928e-15 4.13171e-16)
(0.857598 -4.90115e-16 -6.97714e-18)
(0.860679 -1.69346e-15 4.06457e-16)
(0.860679 -5.04904e-16 -9.49092e-18)
(0.863749 -1.67146e-15 4.00148e-16)
(0.863749 -5.17056e-16 -1.05244e-17)
(0.866809 -1.65097e-15 3.93173e-16)
(0.866809 -5.28778e-16 -1.15401e-17)
(0.869858 -1.63481e-15 3.87272e-16)
(0.869858 -5.39351e-16 -1.21757e-17)
(0.872896 -1.61499e-15 3.80746e-16)
(0.872896 -5.49864e-16 -1.29334e-17)
(0.875925 -1.59783e-15 3.72822e-16)
(0.875925 -5.6287e-16 -1.44178e-17)
(0.878944 -1.57947e-15 3.66273e-16)
(0.878944 -5.71699e-16 -1.60368e-17)
(0.881952 -1.56121e-15 3.6302e-16)
(0.881952 -5.80675e-16 -1.75351e-17)
(0.884952 -1.54103e-15 3.6122e-16)
(0.884952 -5.92424e-16 -1.87639e-17)
(0.887941 -1.52338e-15 3.59544e-16)
(0.887941 -6.03621e-16 -2.06069e-17)
(0.890922 -1.50957e-15 3.58902e-16)
(0.890922 -6.15581e-16 -2.48208e-17)
(0.893893 -1.49691e-15 3.52746e-16)
(0.893893 -6.253e-16 -3.19701e-17)
(0.896855 -1.48276e-15 3.46898e-16)
(0.896855 -6.34444e-16 -3.91174e-17)
(0.899809 -1.4604e-15 3.43394e-16)
(0.899809 -6.48492e-16 -4.42377e-17)
(0.902753 -1.43817e-15 3.40316e-16)
(0.902753 -6.53384e-16 -4.94369e-17)
(0.905689 -1.41677e-15 3.3838e-16)
(0.905689 -6.59806e-16 -5.56739e-17)
(0.908617 -1.39826e-15 3.36729e-16)
(0.908617 -6.67608e-16 -6.35563e-17)
(0.911536 -1.37982e-15 3.35684e-16)
(0.911536 -6.65919e-16 -7.04402e-17)
(0.914446 -1.35601e-15 3.32758e-16)
(0.914446 -6.75948e-16 -6.37675e-17)
(0.917349 -1.33139e-15 3.27943e-16)
(0.917349 -6.80418e-16 -5.45457e-17)
(0.920243 -1.31322e-15 3.27822e-16)
(0.920243 -6.83731e-16 -4.69055e-17)
(0.923129 -1.29595e-15 3.2658e-16)
(0.923129 -6.84066e-16 -3.95054e-17)
(0.926008 -1.2798e-15 3.24511e-16)
(0.926008 -6.76931e-16 -3.16404e-17)
(0.928878 -1.27278e-15 3.24798e-16)
(0.928878 -6.8088e-16 -1.78386e-17)
(0.93174 -1.26108e-15 3.24273e-16)
(0.93174 -6.84209e-16 7.1317e-19)
(0.934595 -1.23544e-15 3.19534e-16)
(0.934595 -6.91044e-16 1.60008e-17)
(0.937442 -1.21142e-15 3.17802e-16)
(0.937442 -7.07314e-16 2.39599e-17)
(0.940281 -1.19578e-15 3.16226e-16)
(0.940281 -7.15565e-16 3.58218e-17)
(0.943112 -1.17674e-15 3.15115e-16)
(0.943112 -7.25631e-16 4.75108e-17)
(0.945936 -1.15344e-15 3.12255e-16)
(0.945936 -7.35459e-16 5.95306e-17)
(0.948752 -1.12746e-15 3.12835e-16)
(0.948752 -7.39188e-16 7.39168e-17)
(0.95156 -1.13849e-15 3.06355e-16)
(0.95156 -7.41935e-16 8.55159e-17)
(0.954361 -1.11584e-15 3.02193e-16)
(0.954361 -7.44671e-16 9.60741e-17)
(0.957154 -1.09643e-15 2.98149e-16)
(0.957154 -7.43859e-16 1.09472e-16)
(0.959939 -1.08039e-15 2.99104e-16)
(0.959939 -7.44493e-16 1.23289e-16)
(0.962716 -1.06061e-15 2.98673e-16)
(0.962716 -7.37543e-16 1.35781e-16)
(0.965485 -1.05723e-15 2.99121e-16)
(0.965485 -7.29242e-16 1.47121e-16)
(0.968247 -1.05991e-15 2.95251e-16)
(0.968247 -7.29185e-16 1.65853e-16)
(0.971001 -1.03709e-15 2.88553e-16)
(0.971001 -7.37852e-16 1.79204e-16)
(0.973747 -1.0078e-15 2.91485e-16)
(0.973747 -7.4458e-16 1.94168e-16)
(0.976484 -9.82432e-16 3.01275e-16)
(0.976484 -7.4889e-16 2.03661e-16)
(0.979214 -9.63925e-16 3.09899e-16)
(0.979214 -7.63883e-16 2.07412e-16)
(0.981935 -9.50261e-16 3.09912e-16)
(0.981935 -7.64999e-16 2.24828e-16)
(0.984649 -9.44703e-16 2.99648e-16)
(0.984649 -7.68461e-16 2.34028e-16)
(0.987353 -9.33185e-16 3.05653e-16)
(0.987353 -7.83166e-16 2.34214e-16)
(0.990049 -9.2042e-16 2.9829e-16)
(0.990049 -8.01923e-16 2.45091e-16)
(0.992736 -9.07564e-16 2.93997e-16)
(0.992736 -8.13681e-16 2.56857e-16)
(0.995415 -8.99362e-16 2.90703e-16)
(0.995415 -8.16144e-16 2.83902e-16)
(0.998084 -8.89537e-16 2.86683e-16)
(0.998084 -8.22193e-16 2.98998e-16)
(1.00074 -8.82411e-16 2.81161e-16)
(1.00074 -8.22478e-16 3.18126e-16)
(1.00339 -8.77599e-16 2.82267e-16)
(1.00339 -8.1426e-16 3.05746e-16)
(1.00604 -8.72455e-16 2.86345e-16)
(1.00604 -8.09822e-16 3.00269e-16)
(1.00867 -8.80637e-16 2.879e-16)
(1.00867 -8.11657e-16 2.91317e-16)
(1.01129 -8.51847e-16 3.03295e-16)
(1.01129 -8.30704e-16 2.81619e-16)
(1.0139 -8.36207e-16 2.98491e-16)
(1.0139 -8.42091e-16 2.80048e-16)
(1.0165 -8.32978e-16 3.05563e-16)
(1.0165 -8.69782e-16 2.81823e-16)
(1.01909 -8.19752e-16 2.98538e-16)
(1.01909 -8.69447e-16 2.98302e-16)
(1.02167 -8.20105e-16 3.02204e-16)
(1.02167 -8.37832e-16 3.14364e-16)
(1.02423 -8.06163e-16 3.08265e-16)
(1.02423 -8.08646e-16 3.13487e-16)
(1.02679 -7.88794e-16 3.01074e-16)
(1.02679 -7.88825e-16 3.21065e-16)
(1.02933 -7.83502e-16 2.93458e-16)
(1.02933 -7.71728e-16 3.34567e-16)
(1.03186 -7.60531e-16 3.26273e-16)
(1.03186 -7.5761e-16 3.24475e-16)
(1.03437 -7.44101e-16 3.22763e-16)
(1.03437 -7.1233e-16 3.21041e-16)
(1.03688 -7.08974e-16 3.43936e-16)
(1.03688 -6.99726e-16 3.20119e-16)
(1.03936 -6.86219e-16 3.28062e-16)
(1.03936 -7.32481e-16 3.303e-16)
(1.04184 -6.96287e-16 3.10797e-16)
(1.04184 -7.00525e-16 3.35059e-16)
(1.0443 -6.83885e-16 2.92036e-16)
(1.0443 -6.48791e-16 3.21455e-16)
(1.04674 -6.65943e-16 2.82151e-16)
(1.04674 -6.4379e-16 3.15951e-16)
(1.04916 -6.42835e-16 2.74246e-16)
(1.04916 -6.23682e-16 3.05092e-16)
(1.05157 -6.09808e-16 3.20378e-16)
(1.05157 -6.29044e-16 2.81952e-16)
(1.05396 -6.60069e-16 2.87993e-16)
(1.05396 -6.54796e-16 3.11688e-16)
(1.05634 -5.99341e-16 3.20392e-16)
(1.05634 -6.35056e-16 3.05275e-16)
(1.05869 -6.23187e-16 3.33072e-16)
(1.05869 -6.26238e-16 3.51101e-16)
(1.06102 -6.73535e-16 3.25929e-16)
(1.06102 -6.03658e-16 3.53515e-16)
(1.06334 -6.55446e-16 3.26808e-16)
(1.06334 -5.99163e-16 3.25528e-16)
(1.06562 -6.47014e-16 3.2116e-16)
(1.06562 -6.13459e-16 3.17937e-16)
(1.06789 -6.19794e-16 3.14268e-16)
(1.06789 -6.03063e-16 3.11664e-16)
(1.07013 -6.39666e-16 3.36283e-16)
(1.07013 -6.04423e-16 2.90791e-16)
(1.07235 -6.27708e-16 3.33104e-16)
(1.07235 -6.17778e-16 3.03775e-16)
(1.07454 -5.89791e-16 3.61915e-16)
(1.07454 -6.29597e-16 3.01213e-16)
(1.0767 -6.76967e-16 3.25726e-16)
(1.0767 -6.00044e-16 2.79115e-16)
(1.07883 -6.07771e-16 3.24121e-16)
(1.07883 -5.69708e-16 2.74385e-16)
(1.08094 -5.99667e-16 3.12565e-16)
(1.08094 -5.53912e-16 3.21666e-16)
(1.083 -5.7811e-16 3.54632e-16)
(1.083 -6.18489e-16 2.88351e-16)
(1.08504 -5.50781e-16 3.43385e-16)
(1.08504 -6.35123e-16 2.78728e-16)
(1.08703 -5.27765e-16 3.50143e-16)
(1.08703 -5.78435e-16 2.84928e-16)
(1.08899 -5.92053e-16 3.08395e-16)
(1.08899 -6.14241e-16 2.87828e-16)
(1.09091 -5.50804e-16 3.02368e-16)
(1.09091 -5.97164e-16 2.53797e-16)
(1.09278 -5.24595e-16 2.76794e-16)
(1.09278 -4.80799e-16 2.69767e-16)
(1.09461 -5.07784e-16 3.38486e-16)
(1.09461 -4.93886e-16 2.94542e-16)
(1.09638 -4.78613e-16 3.49897e-16)
(1.09638 -5.10565e-16 3.00929e-16)
(1.09811 -5.92449e-16 2.95873e-16)
(1.09811 -5.16858e-16 3.36672e-16)
(1.09978 -5.11261e-16 3.17309e-16)
(1.09978 -5.26242e-16 2.5311e-16)
(1.10139 -4.99437e-16 3.55572e-16)
(1.10139 -5.5382e-16 3.1149e-16)
(1.10294 -4.7411e-16 3.59313e-16)
(1.10294 -5.71317e-16 3.7805e-16)
(1.10441 -4.64938e-16 3.46618e-16)
(1.10441 -5.18808e-16 3.75475e-16)
(1.10582 -4.8851e-16 3.12836e-16)
(1.10582 -4.91728e-16 4.11195e-16)
(1.10715 -5.48379e-16 3.30635e-16)
(1.10715 -5.14434e-16 4.42988e-16)
(1.10839 -5.48538e-16 3.01942e-16)
(1.10839 -4.76907e-16 4.20032e-16)
(1.10954 -5.74129e-16 3.03281e-16)
(1.10954 -4.36895e-16 2.28315e-16)
(1.1106 -5.08887e-16 2.25124e-16)
(1.1106 -5.10416e-16 1.62165e-16)
(1.11156 -4.41025e-16 1.82032e-16)
(1.11156 -4.68771e-16 1.3849e-16)
(1.1124 -4.31945e-16 1.45973e-16)
(1.1124 -4.3177e-16 1.84105e-16)
(1.11312 -4.11539e-16 2.20773e-16)
(1.11312 -4.07899e-16 1.59864e-16)
(1.11372 -4.74919e-16 1.62039e-16)
(1.11372 -4.02784e-16 1.10929e-16)
(1.11418 -3.97706e-16 1.05249e-16)
(1.11418 -3.73152e-16 1.03921e-16)
(1.1145 -3.32072e-16 1.79233e-16)
(1.1145 -4.16497e-16 4.62704e-17)
(1.11466 -3.38724e-16 1.17818e-16)
(1.11466 -4.04204e-16 1.26134e-16)
(0.00324247 -6.14473e-20 -3.72577e-20)
(0.00324247 -5.58818e-21 1.74647e-17)
(0.0097867 1.01482e-19 -5.76607e-18)
(0.0097867 9.78152e-20 4.57311e-17)
(0.0164518 1.80372e-19 -5.97996e-18)
(0.0164518 1.9871e-19 4.74455e-17)
(0.0232401 3.09947e-19 -6.20012e-18)
(0.0232401 3.21546e-19 4.922e-17)
(0.0301536 4.46641e-19 -6.42661e-18)
(0.0301536 4.57251e-19 5.10563e-17)
(0.0371949 5.89737e-19 -6.65945e-18)
(0.0371949 6.02163e-19 5.29562e-17)
(0.044366 7.55068e-19 -6.89883e-18)
(0.044366 7.52263e-19 5.49218e-17)
(0.0516695 8.99687e-19 -7.14418e-18)
(0.0516695 9.19594e-19 5.69542e-17)
(0.0591077 1.00367e-18 -7.39634e-18)
(0.0591077 1.12562e-18 5.90559e-17)
(0.0666829 1.11852e-18 -7.65406e-18)
(0.0666829 1.35179e-18 6.12278e-17)
(0.0743975 1.25589e-18 -7.91853e-18)
(0.0743975 1.55636e-18 6.34734e-17)
(0.0822538 1.3978e-18 -8.18967e-18)
(0.0822538 1.80125e-18 6.57936e-17)
(0.0902542 1.57492e-18 -8.46794e-18)
(0.0902542 2.00347e-18 6.81894e-17)
(0.0984007 1.77017e-18 -8.75201e-18)
(0.0984007 2.17629e-18 7.06621e-17)
(0.106695 1.99928e-18 -9.04528e-18)
(0.106695 2.38729e-18 7.3213e-17)
(0.11514 2.2338e-18 -9.34511e-18)
(0.11514 2.6091e-18 7.58394e-17)
(0.123736 2.4468e-18 -9.65185e-18)
(0.123736 2.78694e-18 7.85396e-17)
(0.132484 2.713e-18 -9.96469e-18)
(0.132484 2.98133e-18 8.13118e-17)
(0.141384 2.98313e-18 -1.02785e-17)
(0.141384 3.24514e-18 8.41499e-17)
(0.150437 3.25315e-18 -1.05933e-17)
(0.150437 3.42745e-18 8.70483e-17)
(0.159641 3.48821e-18 -1.09109e-17)
(0.159641 3.73414e-18 8.99998e-17)
(0.168995 3.71056e-18 -1.12311e-17)
(0.168995 4.16246e-18 9.2994e-17)
(0.178493 3.84572e-18 -1.15517e-17)
(0.178493 4.4988e-18 9.60145e-17)
(0.188132 3.97581e-18 -1.18726e-17)
(0.188132 4.83223e-18 9.9044e-17)
(0.197906 4.35833e-18 -1.21949e-17)
(0.197906 5.0156e-18 1.02064e-16)
(0.207804 4.78071e-18 -1.25054e-17)
(0.207804 5.0006e-18 1.05051e-16)
(0.217819 5.01675e-18 -1.28042e-17)
(0.217819 5.22963e-18 1.07979e-16)
(0.227936 5.28558e-18 -1.30938e-17)
(0.227936 5.57235e-18 1.10827e-16)
(0.238142 5.60213e-18 -1.33683e-17)
(0.238142 5.89201e-18 1.13562e-16)
(0.248421 5.92161e-18 -1.3622e-17)
(0.248421 6.17991e-18 1.16153e-16)
(0.258754 6.24008e-18 -1.38523e-17)
(0.258754 6.59018e-18 1.18572e-16)
(0.269123 6.57533e-18 -1.40592e-17)
(0.269123 7.24754e-18 1.20796e-16)
(0.279506 6.86475e-18 -1.42371e-17)
(0.279506 7.6953e-18 1.22807e-16)
(0.289884 6.93322e-18 -1.43819e-17)
(0.289884 7.94759e-18 1.24583e-16)
(0.300233 6.91926e-18 -1.44983e-17)
(0.300233 8.63549e-18 1.2611e-16)
(0.310535 7.18216e-18 -1.45849e-17)
(0.310535 9.20729e-18 1.27391e-16)
(0.320767 8.12897e-18 -1.46356e-17)
(0.320767 9.44776e-18 1.28413e-16)
(0.330912 8.83907e-18 -1.46336e-17)
(0.330912 9.99956e-18 1.29179e-16)
(0.340952 8.96303e-18 -1.45957e-17)
(0.340952 1.02676e-17 1.29696e-16)
(0.350871 9.34035e-18 -1.45257e-17)
(0.350871 1.08021e-17 1.29993e-16)
(0.360655 9.69361e-18 -1.44175e-17)
(0.360655 1.19218e-17 1.30084e-16)
(0.370293 9.894e-18 -1.42806e-17)
(0.370293 1.21464e-17 1.29988e-16)
(0.379775 1.01129e-17 -1.41171e-17)
(0.379775 1.26171e-17 1.2971e-16)
(0.389094 1.05554e-17 -1.39277e-17)
(0.389094 1.32011e-17 1.29269e-16)
(0.398244 1.12084e-17 -1.37069e-17)
(0.398244 1.39461e-17 1.28694e-16)
(0.407222 1.15405e-17 -1.34648e-17)
(0.407222 1.4965e-17 1.28014e-16)
(0.416024 1.14116e-17 -1.32173e-17)
(0.416024 1.51448e-17 1.27262e-16)
(0.42465 1.17536e-17 -1.29598e-17)
(0.42465 1.58435e-17 1.26457e-16)
(0.4331 1.24246e-17 -1.26759e-17)
(0.4331 1.69048e-17 1.25606e-16)
(0.441376 1.25222e-17 -1.23743e-17)
(0.441376 1.74275e-17 1.24718e-16)
(0.449479 1.25855e-17 -1.20871e-17)
(0.449479 1.76192e-17 1.23821e-16)
(0.457413 1.29503e-17 -1.1796e-17)
(0.457413 1.88339e-17 1.22906e-16)
(0.46518 1.31853e-17 -1.14996e-17)
(0.46518 1.91598e-17 1.21988e-16)
(0.472786 1.32834e-17 -1.11921e-17)
(0.472786 1.88166e-17 1.21064e-16)
(0.480233 1.34217e-17 -1.08659e-17)
(0.480233 1.95809e-17 1.20134e-16)
(0.487527 1.31697e-17 -1.05267e-17)
(0.487527 2.0022e-17 1.19189e-16)
(0.494671 1.32315e-17 -1.02053e-17)
(0.494671 2.0808e-17 1.18246e-16)
(0.501671 1.37847e-17 -9.84042e-18)
(0.501671 2.19322e-17 1.17295e-16)
(0.508531 1.31102e-17 -9.49322e-18)
(0.508531 2.3407e-17 1.16366e-16)
(0.515257 1.19493e-17 -9.20624e-18)
(0.515257 2.4534e-17 1.1546e-16)
(0.521851 1.2722e-17 -8.94294e-18)
(0.521851 2.4483e-17 1.14555e-16)
(0.52832 1.28453e-17 -8.6002e-18)
(0.52832 2.51699e-17 1.13628e-16)
(0.534667 1.12549e-17 -8.28804e-18)
(0.534667 2.71851e-17 1.12738e-16)
(0.540897 1.04806e-17 -8.0351e-18)
(0.540897 2.89383e-17 1.11886e-16)
(0.547014 1.04383e-17 -7.78235e-18)
(0.547014 2.91397e-17 1.10989e-16)
(0.553023 1.15229e-17 -7.5071e-18)
(0.553023 2.88334e-17 1.10088e-16)
(0.558927 1.2476e-17 -7.11449e-18)
(0.558927 2.89783e-17 1.09168e-16)
(0.56473 1.26495e-17 -6.76516e-18)
(0.56473 2.94134e-17 1.08165e-16)
(0.570436 1.29612e-17 -6.45775e-18)
(0.570436 2.94304e-17 1.07248e-16)
(0.576048 1.36298e-17 -6.16588e-18)
(0.576048 2.95011e-17 1.06331e-16)
(0.581571 1.40813e-17 -5.72726e-18)
(0.581571 3.04365e-17 1.05418e-16)
(0.587006 1.46241e-17 -5.30293e-18)
(0.587006 3.09875e-17 1.04506e-16)
(0.592358 1.50233e-17 -4.87512e-18)
(0.592358 3.17941e-17 1.03618e-16)
(0.597629 1.41351e-17 -4.43656e-18)
(0.597629 3.12146e-17 1.02759e-16)
(0.602822 1.37558e-17 -3.9678e-18)
(0.602822 2.97451e-17 1.01868e-16)
(0.607941 1.35519e-17 -3.46017e-18)
(0.607941 2.92107e-17 1.00989e-16)
(0.612987 1.40815e-17 -2.93701e-18)
(0.612987 3.05844e-17 1.00094e-16)
(0.617964 1.46455e-17 -2.20785e-18)
(0.617964 2.99301e-17 9.91719e-17)
(0.622873 1.4583e-17 -1.62699e-18)
(0.622873 2.89269e-17 9.837e-17)
(0.627718 1.50564e-17 -1.08987e-18)
(0.627718 3.13425e-17 9.75787e-17)
(0.6325 1.54703e-17 -4.80981e-19)
(0.6325 3.20384e-17 9.66956e-17)
(0.637222 1.5034e-17 1.61965e-19)
(0.637222 3.29969e-17 9.57537e-17)
(0.641885 1.39377e-17 7.17044e-19)
(0.641885 3.5165e-17 9.48298e-17)
(0.646492 1.45123e-17 1.05439e-18)
(0.646492 3.61276e-17 9.39729e-17)
(0.651044 1.52698e-17 1.23842e-18)
(0.651044 3.70319e-17 9.31229e-17)
(0.655544 1.67619e-17 1.352e-18)
(0.655544 3.91373e-17 9.22102e-17)
(0.659993 1.98177e-17 1.53227e-18)
(0.659993 3.8323e-17 9.1162e-17)
(0.664393 2.13544e-17 1.69091e-18)
(0.664393 3.94814e-17 9.00046e-17)
(0.668745 2.26389e-17 1.8558e-18)
(0.668745 4.4414e-17 8.88583e-17)
(0.673051 2.43893e-17 2.06695e-18)
(0.673051 4.68142e-17 8.77163e-17)
(0.677313 2.51564e-17 2.43032e-18)
(0.677313 4.82171e-17 8.65298e-17)
(0.681531 2.62135e-17 2.87633e-18)
(0.681531 5.09419e-17 8.54399e-17)
(0.685708 2.48898e-17 3.58267e-18)
(0.685708 5.15219e-17 8.43458e-17)
(0.689844 2.08167e-17 4.31527e-18)
(0.689844 5.17603e-17 8.3184e-17)
(0.693941 1.85703e-17 4.88124e-18)
(0.693941 5.67985e-17 8.20917e-17)
(0.697999 1.79304e-17 5.52613e-18)
(0.697999 6.11565e-17 8.08911e-17)
(0.702021 1.82309e-17 6.38258e-18)
(0.702021 5.99147e-17 7.94986e-17)
(0.706008 1.85668e-17 7.26804e-18)
(0.706008 6.05031e-17 7.81127e-17)
(0.709959 1.89616e-17 8.208e-18)
(0.709959 6.36757e-17 7.65791e-17)
(0.713878 1.83822e-17 9.00533e-18)
(0.713878 6.40689e-17 7.52931e-17)
(0.717763 1.55405e-17 9.56346e-18)
(0.717763 6.78167e-17 7.40812e-17)
(0.721617 1.30887e-17 1.01025e-17)
(0.721617 7.15865e-17 7.29648e-17)
(0.72544 1.26348e-17 1.03432e-17)
(0.72544 6.92845e-17 7.19412e-17)
(0.729233 1.4874e-17 1.04703e-17)
(0.729233 6.94766e-17 7.09536e-17)
(0.732998 1.65923e-17 1.08727e-17)
(0.732998 7.0463e-17 6.97644e-17)
(0.736734 1.58085e-17 1.14507e-17)
(0.736734 6.67309e-17 6.83693e-17)
(0.740443 1.54448e-17 1.20843e-17)
(0.740443 6.50071e-17 6.65939e-17)
(0.744125 1.39015e-17 1.30218e-17)
(0.744125 6.62794e-17 6.47708e-17)
(0.747781 1.09796e-17 1.3421e-17)
(0.747781 6.85118e-17 6.26962e-17)
(0.751413 8.18999e-18 1.22106e-17)
(0.751413 6.86177e-17 6.04064e-17)
(0.75502 6.39693e-18 1.20887e-17)
(0.75502 6.87861e-17 5.78028e-17)
(0.758603 4.83461e-18 1.12023e-17)
(0.758603 7.15761e-17 5.51531e-17)
(0.762163 4.7872e-18 1.05665e-17)
(0.762163 7.22136e-17 5.25537e-17)
(0.7657 5.26684e-18 9.8135e-18)
(0.7657 7.11595e-17 4.99787e-17)
(0.769216 4.88935e-18 8.97669e-18)
(0.769216 7.20489e-17 4.70708e-17)
(0.77271 7.3131e-18 8.39345e-18)
(0.77271 7.15104e-17 4.42348e-17)
(0.776184 9.44555e-18 7.23758e-18)
(0.776184 7.62726e-17 4.14773e-17)
(0.779637 8.55829e-18 6.5036e-18)
(0.779637 7.72466e-17 3.96234e-17)
(0.783071 7.30195e-18 5.62548e-18)
(0.783071 7.3037e-17 3.74478e-17)
(0.786486 8.72449e-18 4.43005e-18)
(0.786486 7.08202e-17 3.54434e-17)
(0.789882 7.46831e-18 3.15301e-18)
(0.789882 7.3076e-17 3.40653e-17)
(0.793259 2.86619e-18 1.06924e-18)
(0.793259 7.92993e-17 3.27525e-17)
(0.796619 -1.19122e-18 -3.46177e-19)
(0.796619 8.15221e-17 3.1478e-17)
(0.799962 -4.49784e-18 -2.28894e-19)
(0.799962 8.25987e-17 3.03682e-17)
(0.803288 -5.78001e-18 -5.83157e-19)
(0.803288 8.20077e-17 2.96002e-17)
(0.806597 -8.60845e-18 -1.03279e-18)
(0.806597 7.73407e-17 2.86783e-17)
(0.80989 -8.70774e-18 -1.38136e-18)
(0.80989 6.81581e-17 2.73162e-17)
(0.813168 -6.90576e-18 -2.53043e-18)
(0.813168 6.56969e-17 2.52466e-17)
(0.81643 -1.01861e-17 -3.72107e-18)
(0.81643 6.90675e-17 2.25636e-17)
(0.819678 -1.43522e-17 -4.66242e-18)
(0.819678 7.02693e-17 2.02337e-17)
(0.82291 -1.75391e-17 -4.19837e-18)
(0.82291 6.89176e-17 1.88082e-17)
(0.826129 -2.15706e-17 -5.12542e-18)
(0.826129 6.73626e-17 1.69412e-17)
(0.829333 -2.50694e-17 -6.8894e-18)
(0.829333 6.39564e-17 1.44757e-17)
(0.832524 -3.18567e-17 -8.01138e-18)
(0.832524 5.84946e-17 1.10056e-17)
(0.835702 -4.17949e-17 -8.62093e-18)
(0.835702 5.91739e-17 8.47717e-18)
(0.838867 -4.82917e-17 -7.97318e-18)
(0.838867 6.19552e-17 6.16806e-18)
(0.842019 -4.80579e-17 -7.54098e-18)
(0.842019 6.0901e-17 3.84939e-18)
(0.845158 -4.55187e-17 -7.46974e-18)
(0.845158 5.8209e-17 3.30637e-18)
(0.848286 -4.88417e-17 -8.02101e-18)
(0.848286 5.71084e-17 7.17171e-18)
(0.851401 -5.44804e-17 -7.88457e-18)
(0.851401 5.13711e-17 8.19686e-18)
(0.854505 -5.79263e-17 -7.54094e-18)
(0.854505 4.52719e-17 8.34783e-18)
(0.857598 -5.68252e-17 -7.99552e-18)
(0.857598 4.01538e-17 6.69156e-18)
(0.860679 -5.62779e-17 -7.23658e-18)
(0.860679 3.69037e-17 7.16376e-18)
(0.863749 -5.58204e-17 -9.10367e-18)
(0.863749 3.88883e-17 8.83552e-18)
(0.866809 -5.56472e-17 -1.02409e-17)
(0.866809 3.39689e-17 9.14392e-18)
(0.869858 -5.83189e-17 -1.11615e-17)
(0.869858 2.83052e-17 9.10483e-18)
(0.872896 -6.49714e-17 -1.34306e-17)
(0.872896 2.52908e-17 8.43487e-18)
(0.875925 -7.01933e-17 -1.42818e-17)
(0.875925 2.10779e-17 7.42182e-18)
(0.878944 -6.87315e-17 -1.66137e-17)
(0.878944 1.6048e-17 7.87936e-18)
(0.881952 -7.4298e-17 -1.912e-17)
(0.881952 1.99042e-17 9.60648e-18)
(0.884952 -8.28905e-17 -1.69793e-17)
(0.884952 5.16725e-18 1.06842e-17)
(0.887941 -8.4707e-17 -1.48898e-17)
(0.887941 1.08142e-17 1.01031e-17)
(0.890922 -8.3982e-17 -1.2761e-17)
(0.890922 4.87272e-18 8.29405e-18)
(0.893893 -8.0927e-17 -1.34228e-17)
(0.893893 -1.76614e-18 6.79993e-18)
(0.896855 -7.94401e-17 -1.45172e-17)
(0.896855 4.03305e-18 6.58674e-18)
(0.899809 -7.92599e-17 -1.42238e-17)
(0.899809 -6.37049e-18 8.00669e-18)
(0.902753 -8.08828e-17 -1.23922e-17)
(0.902753 -8.60896e-19 8.14935e-18)
(0.905689 -8.39612e-17 -1.16145e-17)
(0.905689 -3.30009e-18 6.93241e-18)
(0.908617 -8.69117e-17 -1.20316e-17)
(0.908617 -1.55521e-17 6.95044e-18)
(0.911536 -8.91856e-17 -1.08521e-17)
(0.911536 -1.51089e-17 7.348e-18)
(0.914446 -8.88688e-17 -8.66486e-18)
(0.914446 -4.22943e-18 7.22285e-18)
(0.917349 -8.65173e-17 -9.87753e-18)
(0.917349 -3.9813e-19 9.69598e-18)
(0.920243 -9.00787e-17 -6.86269e-18)
(0.920243 -5.51929e-18 1.41336e-17)
(0.923129 -9.21465e-17 -5.72888e-18)
(0.923129 -7.64891e-18 1.39929e-17)
(0.926008 -9.00593e-17 -5.67638e-18)
(0.926008 -1.67016e-17 1.23515e-17)
(0.928878 -9.89122e-17 -6.41343e-18)
(0.928878 -2.37082e-17 1.31976e-17)
(0.93174 -1.04883e-16 -9.5422e-18)
(0.93174 -3.66816e-17 1.05559e-17)
(0.934595 -1.1083e-16 -1.20463e-17)
(0.934595 -5.14261e-17 1.20754e-17)
(0.937442 -1.15119e-16 -1.15752e-17)
(0.937442 -6.75385e-17 1.17965e-17)
(0.940281 -1.22298e-16 -1.38712e-17)
(0.940281 -5.86134e-17 1.03223e-17)
(0.943112 -1.34116e-16 -1.17287e-17)
(0.943112 -7.86731e-17 1.3363e-17)
(0.945936 -1.42673e-16 -9.25278e-18)
(0.945936 -8.62745e-17 1.34634e-17)
(0.948752 -1.44679e-16 -9.02719e-18)
(0.948752 -7.9135e-17 1.37726e-17)
(0.95156 -1.39363e-16 -1.29233e-17)
(0.95156 -8.35083e-17 1.05889e-17)
(0.954361 -1.47999e-16 -2.15798e-17)
(0.954361 -8.43406e-17 1.162e-17)
(0.957154 -1.6127e-16 -2.20245e-17)
(0.957154 -8.7854e-17 1.73452e-17)
(0.959939 -1.65494e-16 -2.32832e-17)
(0.959939 -9.91752e-17 1.84879e-17)
(0.962716 -1.66308e-16 -2.32439e-17)
(0.962716 -1.09511e-16 1.70952e-17)
(0.965485 -1.67978e-16 -2.42412e-17)
(0.965485 -1.20348e-16 7.10023e-18)
(0.968247 -1.81088e-16 -3.04207e-17)
(0.968247 -1.30259e-16 -2.19863e-18)
(0.971001 -1.79506e-16 -3.36437e-17)
(0.971001 -1.52615e-16 3.59459e-18)
(0.973747 -1.7511e-16 -3.10586e-17)
(0.973747 -1.37163e-16 7.70293e-18)
(0.976484 -1.76005e-16 -2.53972e-17)
(0.976484 -1.48402e-16 1.05491e-17)
(0.979214 -1.79996e-16 -9.00271e-18)
(0.979214 -1.28933e-16 1.78367e-17)
(0.981935 -1.7826e-16 -4.02018e-18)
(0.981935 -1.08852e-16 1.48324e-17)
(0.984649 -1.70943e-16 -2.36081e-17)
(0.984649 -1.25206e-16 8.08198e-18)
(0.987353 -1.71452e-16 -2.15422e-17)
(0.987353 -1.42117e-16 1.21119e-17)
(0.990049 -1.65108e-16 -2.96409e-17)
(0.990049 -1.52653e-16 1.00731e-17)
(0.992736 -1.62384e-16 -3.39218e-17)
(0.992736 -1.57935e-16 1.38893e-18)
(0.995415 -1.6494e-16 -3.91779e-17)
(0.995415 -1.67769e-16 -1.23097e-17)
(0.998084 -1.76714e-16 -4.54707e-17)
(0.998084 -1.75266e-16 -3.58754e-17)
(1.00074 -1.8353e-16 -6.6732e-17)
(1.00074 -1.89986e-16 -3.19171e-17)
(1.00339 -1.85554e-16 -6.97238e-17)
(1.00339 -1.55333e-16 -5.48477e-17)
(1.00604 -1.90944e-16 -8.46104e-17)
(1.00604 -1.5541e-16 -5.83214e-17)
(1.00867 -1.93169e-16 -8.81192e-17)
(1.00867 -1.62563e-16 -8.76359e-17)
(1.01129 -2.01723e-16 -1.07949e-16)
(1.01129 -1.66626e-16 -8.65605e-17)
(1.0139 -2.09726e-16 -1.22692e-16)
(1.0139 -1.85404e-16 -8.79552e-17)
(1.0165 -2.05202e-16 -1.24784e-16)
(1.0165 -1.95356e-16 -9.52675e-17)
(1.01909 -1.95264e-16 -1.38307e-16)
(1.01909 -1.90801e-16 -1.0681e-16)
(1.02167 -2.00201e-16 -1.49075e-16)
(1.02167 -1.89714e-16 -1.08418e-16)
(1.02423 -2.11086e-16 -1.48162e-16)
(1.02423 -2.1809e-16 -1.30877e-16)
(1.02679 -2.15227e-16 -1.70985e-16)
(1.02679 -2.2479e-16 -1.58557e-16)
(1.02933 -2.27457e-16 -2.10394e-16)
(1.02933 -2.70429e-16 -1.40782e-16)
(1.03186 -2.43735e-16 -2.12703e-16)
(1.03186 -2.43746e-16 -1.44506e-16)
(1.03437 -2.44555e-16 -2.18009e-16)
(1.03437 -2.20774e-16 -1.70704e-16)
(1.03688 -2.45705e-16 -2.18256e-16)
(1.03688 -2.44252e-16 -1.7471e-16)
(1.03936 -2.69526e-16 -2.362e-16)
(1.03936 -2.45128e-16 -1.92314e-16)
(1.04184 -3.00027e-16 -2.35782e-16)
(1.04184 -2.20951e-16 -2.13386e-16)
(1.0443 -2.3378e-16 -2.59577e-16)
(1.0443 -2.2583e-16 -2.31427e-16)
(1.04674 -2.29179e-16 -2.73435e-16)
(1.04674 -2.63492e-16 -2.3201e-16)
(1.04916 -2.35756e-16 -2.96374e-16)
(1.04916 -2.7302e-16 -2.44556e-16)
(1.05157 -2.52953e-16 -2.87246e-16)
(1.05157 -3.00195e-16 -2.68853e-16)
(1.05396 -2.72059e-16 -3.11794e-16)
(1.05396 -2.99598e-16 -2.75809e-16)
(1.05634 -2.87213e-16 -3.15779e-16)
(1.05634 -2.69468e-16 -3.00263e-16)
(1.05869 -3.12593e-16 -3.37707e-16)
(1.05869 -2.69744e-16 -2.96826e-16)
(1.06102 -3.14547e-16 -3.51572e-16)
(1.06102 -2.65532e-16 -3.08523e-16)
(1.06334 -3.01521e-16 -3.48345e-16)
(1.06334 -2.69569e-16 -3.25379e-16)
(1.06562 -3.06696e-16 -3.95922e-16)
(1.06562 -2.91404e-16 -3.37777e-16)
(1.06789 -3.22944e-16 -4.20805e-16)
(1.06789 -3.17739e-16 -3.65481e-16)
(1.07013 -3.54854e-16 -3.91814e-16)
(1.07013 -3.11069e-16 -4.04263e-16)
(1.07235 -3.04465e-16 -4.12289e-16)
(1.07235 -2.7528e-16 -4.22799e-16)
(1.07454 -3.23489e-16 -4.32188e-16)
(1.07454 -2.91373e-16 -4.36487e-16)
(1.0767 -3.2401e-16 -4.70128e-16)
(1.0767 -3.11282e-16 -4.54088e-16)
(1.07883 -3.06036e-16 -4.68283e-16)
(1.07883 -2.72507e-16 -4.46957e-16)
(1.08094 -2.62451e-16 -4.44699e-16)
(1.08094 -2.82619e-16 -4.30705e-16)
(1.083 -2.79958e-16 -4.01437e-16)
(1.083 -3.1959e-16 -4.56018e-16)
(1.08504 -3.04448e-16 -4.20066e-16)
(1.08504 -2.92443e-16 -4.51647e-16)
(1.08703 -2.9067e-16 -4.49076e-16)
(1.08703 -3.03755e-16 -4.17774e-16)
(1.08899 -2.64387e-16 -4.65942e-16)
(1.08899 -2.99175e-16 -4.06509e-16)
(1.09091 -2.72349e-16 -4.30626e-16)
(1.09091 -2.30486e-16 -3.52211e-16)
(1.09278 -2.49368e-16 -4.20782e-16)
(1.09278 -2.33395e-16 -3.35105e-16)
(1.09461 -2.18811e-16 -4.02606e-16)
(1.09461 -2.43949e-16 -3.55908e-16)
(1.09638 -2.07353e-16 -4.24861e-16)
(1.09638 -2.44787e-16 -3.6413e-16)
(1.09811 -2.03032e-16 -4.68741e-16)
(1.09811 -2.76387e-16 -4.02078e-16)
(1.09978 -1.74208e-16 -3.94608e-16)
(1.09978 -2.0111e-16 -3.70998e-16)
(1.10139 -1.69179e-16 -4.11997e-16)
(1.10139 -1.84092e-16 -3.12203e-16)
(1.10294 -1.93078e-16 -4.50056e-16)
(1.10294 -1.99075e-16 -2.2878e-16)
(1.10441 -1.8699e-16 -4.25273e-16)
(1.10441 -2.64993e-16 -2.09655e-16)
(1.10582 -2.53809e-16 -4.2184e-16)
(1.10582 -2.34428e-16 -1.62834e-16)
(1.10715 -3.28274e-16 -4.74351e-16)
(1.10715 -2.50906e-16 -1.93093e-16)
(1.10839 -3.22363e-16 -4.74584e-16)
(1.10839 -3.00948e-16 -2.35888e-16)
(1.10954 -3.13059e-16 -3.2641e-16)
(1.10954 -3.47548e-16 -3.081e-16)
(1.1106 -2.873e-16 -1.69252e-16)
(1.1106 -3.05551e-16 -3.239e-16)
(1.11156 -2.70153e-16 -1.92649e-16)
(1.11156 -2.59777e-16 -2.69631e-16)
(1.1124 -3.11327e-16 -2.05766e-16)
(1.1124 -3.03244e-16 -2.3118e-16)
(1.11312 -3.11002e-16 -1.91269e-16)
(1.11312 -2.98825e-16 -2.30065e-16)
(1.11372 -3.12385e-16 -2.91095e-16)
(1.11372 -2.57906e-16 -2.55562e-16)
(1.11418 -2.1272e-16 -2.25426e-16)
(1.11418 -2.21018e-16 -1.96344e-16)
(1.1145 -2.32792e-16 -1.87338e-16)
(1.1145 -2.36288e-16 -1.4564e-16)
(1.11466 -2.59636e-16 -1.24787e-16)
(1.11466 -2.38809e-16 -7.84314e-17)
(1.11466 -4.16862e-16 9.47427e-17)
(1.11466 -3.41251e-16 1.45759e-16)
(1.1145 -3.17729e-16 9.27116e-17)
(1.1145 -3.28069e-16 6.30284e-17)
(1.11418 -3.18681e-16 1.16904e-16)
(1.11418 -3.43704e-16 1.8016e-16)
(1.11372 -3.07473e-16 1.34575e-16)
(1.11372 -2.9702e-16 1.64801e-16)
(1.11312 -2.90844e-16 1.25307e-16)
(1.11312 -2.20295e-16 1.60851e-16)
(1.1124 -2.88129e-16 1.71674e-16)
(1.1124 -2.47283e-16 1.36652e-16)
(1.11156 -2.87823e-16 1.22991e-16)
(1.11156 -2.45698e-16 1.96183e-16)
(1.1106 -2.58323e-16 1.74033e-16)
(1.1106 -2.2959e-16 1.52796e-16)
(1.10954 -2.18246e-16 1.73006e-16)
(1.10954 -2.58015e-16 1.56809e-16)
(1.10839 -2.25192e-16 1.33594e-16)
(1.10839 -2.43296e-16 1.71903e-16)
(1.10715 -2.382e-16 1.44695e-16)
(1.10715 -2.44792e-16 1.36972e-16)
(1.10582 -2.36084e-16 1.26823e-16)
(1.10582 -2.28279e-16 1.19041e-16)
(1.10441 -2.11223e-16 1.32614e-16)
(1.10441 -2.24816e-16 9.43397e-17)
(1.10294 -2.1141e-16 1.1983e-16)
(1.10294 -2.53603e-16 1.11567e-16)
(1.10139 -1.89734e-16 1.18454e-16)
(1.10139 -2.02669e-16 1.19474e-16)
(1.09978 -1.7802e-16 9.8486e-17)
(1.09978 -1.57105e-16 1.07546e-16)
(1.09811 -1.66051e-16 7.71013e-17)
(1.09811 -1.39785e-16 7.37993e-17)
(1.09638 -1.63788e-16 7.71632e-17)
(1.09638 -1.48594e-16 9.20234e-17)
(1.09461 -1.32034e-16 7.72835e-17)
(1.09461 -1.60463e-16 9.06921e-17)
(1.09278 -1.41342e-16 6.69033e-17)
(1.09278 -1.27021e-16 7.35328e-17)
(1.09091 -1.47965e-16 9.58486e-17)
(1.09091 -1.44408e-16 8.82754e-17)
(1.08899 -1.25492e-16 9.77472e-17)
(1.08899 -1.56957e-16 8.78818e-17)
(1.08703 -1.13139e-16 9.24167e-17)
(1.08703 -1.32342e-16 8.63536e-17)
(1.08504 -1.1364e-16 8.35161e-17)
(1.08504 -1.05467e-16 7.00823e-17)
(1.083 -1.25423e-16 6.32993e-17)
(1.083 -1.11525e-16 7.23847e-17)
(1.08094 -1.21248e-16 6.95775e-17)
(1.08094 -1.46032e-16 6.05883e-17)
(1.07883 -9.30551e-17 9.56135e-17)
(1.07883 -1.36852e-16 7.60929e-17)
(1.0767 -1.30834e-16 6.70736e-17)
(1.0767 -1.61654e-16 8.42138e-17)
(1.07454 -1.42623e-16 4.50668e-17)
(1.07454 -1.66762e-16 5.70917e-17)
(1.07235 -1.58887e-16 3.37488e-17)
(1.07235 -1.60787e-16 4.56564e-17)
(1.07013 -1.5328e-16 3.56285e-17)
(1.07013 -1.4578e-16 4.92753e-17)
(1.06789 -1.41697e-16 3.76989e-17)
(1.06789 -1.61587e-16 4.643e-17)
(1.06562 -1.33034e-16 4.79261e-17)
(1.06562 -1.7141e-16 7.50207e-17)
(1.06334 -1.51554e-16 5.79529e-17)
(1.06334 -1.76944e-16 9.56187e-17)
(1.06102 -1.58871e-16 4.17448e-17)
(1.06102 -1.55727e-16 8.75013e-17)
(1.05869 -1.66024e-16 4.78395e-17)
(1.05869 -1.81418e-16 6.95297e-17)
(1.05634 -1.58506e-16 6.65434e-17)
(1.05634 -1.85488e-16 7.29166e-17)
(1.05396 -1.91e-16 5.12052e-17)
(1.05396 -1.62225e-16 9.26846e-17)
(1.05157 -1.88837e-16 5.13076e-17)
(1.05157 -1.57225e-16 7.36751e-17)
(1.04916 -1.83402e-16 4.36414e-17)
(1.04916 -1.92447e-16 6.08163e-17)
(1.04674 -1.81888e-16 5.54692e-17)
(1.04674 -1.52759e-16 4.57984e-17)
(1.0443 -1.72225e-16 7.33903e-17)
(1.0443 -1.40233e-16 2.92055e-17)
(1.04184 -1.60738e-16 4.83891e-17)
(1.04184 -1.50243e-16 1.15921e-17)
(1.03936 -1.2787e-16 2.84903e-17)
(1.03936 -1.28684e-16 2.00015e-17)
(1.03688 -1.2299e-16 3.19689e-17)
(1.03688 -1.46049e-16 2.11923e-17)
(1.03437 -1.21204e-16 2.77225e-17)
(1.03437 -1.51047e-16 2.12683e-17)
(1.03186 -1.02778e-16 3.0962e-17)
(1.03186 -1.44858e-16 3.68193e-17)
(1.02933 -1.38552e-16 1.91926e-17)
(1.02933 -1.34164e-16 6.00887e-17)
(1.02679 -1.09945e-16 1.36254e-17)
(1.02679 -1.18003e-16 4.88359e-17)
(1.02423 -1.10987e-16 1.32041e-17)
(1.02423 -1.20359e-16 6.25365e-17)
(1.02167 -1.17657e-16 1.55857e-17)
(1.02167 -1.21348e-16 5.13928e-17)
(1.01909 -1.22526e-16 1.38879e-17)
(1.01909 -1.09306e-16 6.25224e-17)
(1.0165 -1.19171e-16 2.06105e-17)
(1.0165 -1.06305e-16 5.57081e-17)
(1.0139 -1.04532e-16 1.72602e-17)
(1.0139 -1.29539e-16 4.31482e-17)
(1.01129 -1.02903e-16 3.61719e-18)
(1.01129 -1.2683e-16 5.03235e-17)
(1.00867 -8.65321e-17 8.03452e-18)
(1.00867 -1.12187e-16 6.22071e-17)
(1.00604 -1.0462e-16 1.49338e-17)
(1.00604 -8.77106e-17 7.38077e-17)
(1.00339 -9.69352e-17 1.99419e-17)
(1.00339 -6.71342e-17 6.38029e-17)
(1.00074 -8.81752e-17 1.53574e-17)
(1.00074 -3.50326e-17 4.20688e-17)
(0.998084 -8.22513e-17 8.42182e-18)
(0.998084 -5.14434e-17 1.7983e-17)
(0.995415 -7.66909e-17 1.07759e-17)
(0.995415 -6.1705e-17 1.45756e-17)
(0.992736 -7.87168e-17 1.11096e-17)
(0.992736 -8.05628e-17 1.57871e-17)
(0.990049 -7.98942e-17 1.19184e-17)
(0.990049 -8.14455e-17 2.10586e-17)
(0.987353 -7.3178e-17 1.74826e-17)
(0.987353 -8.20322e-17 1.27472e-17)
(0.984649 -7.18684e-17 1.04728e-17)
(0.984649 -9.391e-17 1.6704e-17)
(0.981935 -7.00376e-17 1.17982e-17)
(0.981935 -8.1086e-17 2.8111e-17)
(0.979214 -7.13868e-17 1.01808e-17)
(0.979214 -7.15201e-17 5.06686e-17)
(0.976484 -7.06435e-17 1.10328e-17)
(0.976484 -5.43286e-17 5.59628e-17)
(0.973747 -7.41618e-17 1.43263e-17)
(0.973747 -5.95609e-17 5.42697e-17)
(0.971001 -6.67751e-17 7.24093e-18)
(0.971001 -5.91233e-17 5.03099e-17)
(0.968247 -4.78953e-17 4.13536e-18)
(0.968247 -6.93035e-17 4.78941e-17)
(0.965485 -5.09026e-17 4.78271e-18)
(0.965485 -6.57717e-17 4.98763e-17)
(0.962716 -7.49485e-17 1.12169e-17)
(0.962716 -5.82977e-17 4.42679e-17)
(0.959939 -7.06091e-17 6.8015e-18)
(0.959939 -7.30588e-17 4.35612e-17)
(0.957154 -6.42306e-17 5.49065e-18)
(0.957154 -7.95566e-17 4.57743e-17)
(0.954361 -6.24371e-17 4.11456e-18)
(0.954361 -7.93102e-17 4.31436e-17)
(0.95156 -5.90218e-17 4.92176e-18)
(0.95156 -6.88643e-17 4.097e-17)
(0.948752 -6.03881e-17 6.252e-18)
(0.948752 -7.91791e-17 3.51143e-17)
(0.945936 -6.18635e-17 5.8034e-18)
(0.945936 -6.55916e-17 2.82483e-17)
(0.943112 -6.57062e-17 4.90189e-18)
(0.943112 -5.47941e-17 2.98776e-17)
(0.940281 -6.02526e-17 2.26674e-18)
(0.940281 -6.75735e-17 3.62433e-17)
(0.937442 -7.99874e-17 9.57526e-18)
(0.937442 -6.29828e-17 3.30669e-17)
(0.934595 -7.83039e-17 8.02429e-18)
(0.934595 -5.36897e-17 2.60514e-17)
(0.93174 -7.05382e-17 6.65861e-18)
(0.93174 -5.19626e-17 1.98973e-17)
(0.928878 -6.44393e-17 6.87328e-18)
(0.928878 -4.93248e-17 1.51037e-17)
(0.926008 -5.8138e-17 6.18527e-18)
(0.926008 -5.09027e-17 1.5837e-17)
(0.923129 -5.16681e-17 6.53861e-18)
(0.923129 -4.85225e-17 1.64303e-17)
(0.920243 -5.50822e-17 3.68704e-18)
(0.920243 -4.47677e-17 1.67387e-17)
(0.917349 -4.92009e-17 4.73689e-18)
(0.917349 -4.71662e-17 1.8031e-17)
(0.914446 -3.5285e-17 4.0846e-18)
(0.914446 -5.4288e-17 1.85022e-17)
(0.911536 -2.30823e-17 4.93318e-19)
(0.911536 -5.60008e-17 2.04514e-17)
(0.908617 -2.06043e-17 9.58969e-19)
(0.908617 -5.17871e-17 2.39462e-17)
(0.905689 -2.32365e-17 1.68275e-18)
(0.905689 -5.71474e-17 2.53005e-17)
(0.902753 -2.21903e-17 1.90017e-18)
(0.902753 -5.78118e-17 2.56172e-17)
(0.899809 -2.20754e-17 1.86556e-18)
(0.899809 -4.76058e-17 2.6764e-17)
(0.896855 -2.80353e-17 2.88366e-18)
(0.896855 -4.16332e-17 2.78725e-17)
(0.893893 -3.32489e-17 4.54112e-18)
(0.893893 -4.3349e-17 2.70347e-17)
(0.890922 -2.69431e-17 7.20132e-18)
(0.890922 -4.16496e-17 2.5256e-17)
(0.887941 -2.82975e-17 6.6137e-18)
(0.887941 -4.00303e-17 2.42511e-17)
(0.884952 -2.77369e-17 6.55914e-18)
(0.884952 -4.54329e-17 2.4081e-17)
(0.881952 -2.2945e-17 9.54384e-18)
(0.881952 -4.22764e-17 2.29129e-17)
(0.878944 -1.91602e-17 8.98669e-18)
(0.878944 -3.15544e-17 2.36192e-17)
(0.875925 -2.05573e-17 8.47355e-18)
(0.875925 -2.86346e-17 2.29386e-17)
(0.872896 -1.7904e-17 7.99959e-18)
(0.872896 -3.22236e-17 2.1172e-17)
(0.869858 -8.29989e-18 6.84557e-18)
(0.869858 -2.64267e-17 2.22309e-17)
(0.866809 -1.30306e-17 7.57357e-18)
(0.866809 -3.35237e-17 2.21759e-17)
(0.863749 -1.15331e-17 6.04859e-18)
(0.863749 -3.61463e-17 2.16816e-17)
(0.860679 -1.53464e-17 7.16246e-18)
(0.860679 -2.73302e-17 2.20958e-17)
(0.857598 -1.25737e-17 6.18877e-18)
(0.857598 -1.95222e-17 2.17335e-17)
(0.854505 -1.65655e-17 6.25289e-18)
(0.854505 -2.12913e-17 1.91859e-17)
(0.851401 -1.75924e-17 5.8696e-18)
(0.851401 -1.98784e-17 1.74332e-17)
(0.848286 -1.8137e-17 5.65585e-18)
(0.848286 -1.87202e-17 1.63648e-17)
(0.845158 -1.5027e-17 4.78361e-18)
(0.845158 -2.0212e-17 1.55801e-17)
(0.842019 -1.19569e-17 4.13628e-18)
(0.842019 -1.92614e-17 1.5058e-17)
(0.838867 -1.33376e-17 4.2492e-18)
(0.838867 -2.64254e-17 1.39499e-17)
(0.835702 -8.02633e-18 3.37067e-18)
(0.835702 -2.50538e-17 1.25847e-17)
(0.832524 -9.37711e-18 3.54385e-18)
(0.832524 -2.33872e-17 1.21616e-17)
(0.829333 -1.24321e-17 4.59227e-18)
(0.829333 -2.21599e-17 1.13236e-17)
(0.826129 -7.09719e-18 5.82697e-18)
(0.826129 -1.90169e-17 1.00503e-17)
(0.82291 -1.97117e-18 5.91081e-18)
(0.82291 -2.21666e-17 9.61439e-18)
(0.819678 -4.15742e-18 6.42995e-18)
(0.819678 -2.78563e-17 7.98587e-18)
(0.81643 -5.54374e-18 6.67489e-18)
(0.81643 -2.63031e-17 7.78491e-18)
(0.813168 -1.09853e-17 6.99678e-18)
(0.813168 -2.65353e-17 6.91547e-18)
(0.80989 -4.11449e-18 7.01903e-18)
(0.80989 -2.04335e-17 6.67307e-18)
(0.806597 -5.17357e-18 6.71715e-18)
(0.806597 -2.32648e-17 5.82948e-18)
(0.803288 -5.10531e-18 6.98102e-18)
(0.803288 -2.69694e-17 5.66638e-18)
(0.799962 -6.38104e-18 7.11884e-18)
(0.799962 -2.81615e-17 4.88299e-18)
(0.796619 -2.13302e-18 7.2904e-18)
(0.796619 -2.27829e-17 4.54545e-18)
(0.793259 -8.15534e-20 7.1569e-18)
(0.793259 -2.24119e-17 4.01617e-18)
(0.789882 1.78317e-18 6.43653e-18)
(0.789882 -2.60895e-17 3.44398e-18)
(0.786486 2.65315e-18 5.8454e-18)
(0.786486 -2.74958e-17 2.08196e-18)
(0.783071 -6.10153e-18 5.31812e-18)
(0.783071 -2.07506e-17 1.81447e-18)
(0.779637 -2.69516e-18 5.82939e-18)
(0.779637 -2.05256e-17 1.64362e-18)
(0.776184 -2.15076e-18 5.73092e-18)
(0.776184 -2.21018e-17 1.42426e-18)
(0.77271 -1.38484e-19 5.88631e-18)
(0.77271 -2.21887e-17 6.8352e-19)
(0.769216 1.3771e-18 6.2258e-18)
(0.769216 -2.03385e-17 8.55096e-19)
(0.7657 3.56284e-18 7.40051e-18)
(0.7657 -1.88346e-17 1.74845e-18)
(0.762163 -1.19396e-18 7.76296e-18)
(0.762163 -2.65959e-17 2.91053e-18)
(0.758603 -4.67646e-19 7.52531e-18)
(0.758603 -2.01808e-17 3.23333e-18)
(0.75502 -6.40091e-19 7.17232e-18)
(0.75502 -2.17429e-17 3.44455e-18)
(0.751413 -5.59488e-18 6.83975e-18)
(0.751413 -1.81736e-17 4.05221e-18)
(0.747781 -5.73862e-18 7.17645e-18)
(0.747781 -1.82067e-17 4.06927e-18)
(0.744125 -3.03586e-18 7.07447e-18)
(0.744125 -1.58811e-17 4.20837e-18)
(0.740443 -3.41865e-18 6.86299e-18)
(0.740443 -1.38382e-17 4.73184e-18)
(0.736734 -2.63923e-18 6.62399e-18)
(0.736734 -1.49467e-17 5.15151e-18)
(0.732998 -3.42161e-19 6.31614e-18)
(0.732998 -1.53762e-17 5.43618e-18)
(0.729233 1.22934e-19 6.13155e-18)
(0.729233 -1.45461e-17 5.67389e-18)
(0.72544 -1.11181e-18 6.10206e-18)
(0.72544 -1.40743e-17 6.01518e-18)
(0.721617 -2.63518e-18 5.98447e-18)
(0.721617 -1.58537e-17 6.62815e-18)
(0.717763 1.20569e-19 6.03598e-18)
(0.717763 -1.79474e-17 7.12515e-18)
(0.713878 8.29451e-19 6.23304e-18)
(0.713878 -1.76712e-17 7.6436e-18)
(0.709959 -3.66085e-19 6.10871e-18)
(0.709959 -1.72287e-17 8.04852e-18)
(0.706008 2.09113e-19 5.95382e-18)
(0.706008 -1.72459e-17 8.14671e-18)
(0.702021 1.52475e-18 6.01801e-18)
(0.702021 -1.7516e-17 8.21369e-18)
(0.697999 8.30044e-19 5.93827e-18)
(0.697999 -1.82754e-17 8.61499e-18)
(0.693941 4.34899e-19 6.07809e-18)
(0.693941 -1.83687e-17 9.11534e-18)
(0.689844 -2.29161e-18 6.18903e-18)
(0.689844 -1.89875e-17 9.55711e-18)
(0.685708 -4.5063e-19 6.1701e-18)
(0.685708 -1.61513e-17 9.68118e-18)
(0.681531 -6.12898e-18 6.06226e-18)
(0.681531 -1.51733e-17 9.62003e-18)
(0.677313 -7.65303e-18 6.08667e-18)
(0.677313 -1.36183e-17 9.2809e-18)
(0.673051 -6.13171e-18 5.98493e-18)
(0.673051 -1.35056e-17 9.22175e-18)
(0.668745 -6.19954e-18 6.00024e-18)
(0.668745 -1.31115e-17 9.14999e-18)
(0.664393 -6.46722e-18 6.16676e-18)
(0.664393 -1.40642e-17 9.06617e-18)
(0.659993 -7.39032e-18 6.29956e-18)
(0.659993 -1.22744e-17 8.87197e-18)
(0.655544 -8.26074e-18 6.42367e-18)
(0.655544 -8.48331e-18 8.58681e-18)
(0.651044 -7.87094e-18 6.48734e-18)
(0.651044 -9.41149e-18 8.27029e-18)
(0.646492 -7.75033e-18 6.41371e-18)
(0.646492 -7.4901e-18 7.96073e-18)
(0.641885 -6.79994e-18 6.45257e-18)
(0.641885 -6.35212e-18 7.7567e-18)
(0.637222 -3.33824e-18 6.53253e-18)
(0.637222 -9.08601e-18 7.86977e-18)
(0.6325 -5.36081e-18 6.70044e-18)
(0.6325 -8.66821e-18 7.67469e-18)
(0.627718 -4.19694e-18 6.61022e-18)
(0.627718 -8.93388e-18 7.56715e-18)
(0.622873 -3.28113e-18 6.5278e-18)
(0.622873 -9.52059e-18 7.65867e-18)
(0.617964 -1.45818e-18 6.55289e-18)
(0.617964 -8.72104e-18 7.71857e-18)
(0.612987 -2.11544e-18 6.48868e-18)
(0.612987 -9.07341e-18 8.03648e-18)
(0.607941 -2.92786e-18 6.57751e-18)
(0.607941 -9.35706e-18 8.15713e-18)
(0.602822 -3.39389e-18 6.67304e-18)
(0.602822 -7.96066e-18 8.2675e-18)
(0.597629 -4.00655e-18 6.70411e-18)
(0.597629 -7.63435e-18 8.29792e-18)
(0.592358 -4.16899e-18 6.68464e-18)
(0.592358 -6.51519e-18 8.33972e-18)
(0.587006 -3.21828e-18 6.64701e-18)
(0.587006 -5.81811e-18 8.47138e-18)
(0.581571 -5.21631e-18 6.65675e-18)
(0.581571 -4.54396e-18 8.52711e-18)
(0.576048 -5.50293e-18 6.62672e-18)
(0.576048 -4.25736e-18 8.66214e-18)
(0.570436 -5.26521e-18 6.51891e-18)
(0.570436 -5.03975e-18 8.71699e-18)
(0.56473 -4.37491e-18 6.43117e-18)
(0.56473 -3.91337e-18 8.73325e-18)
(0.558927 -4.32595e-18 6.42378e-18)
(0.558927 -3.05036e-18 8.83586e-18)
(0.553023 -5.44955e-18 6.50378e-18)
(0.553023 -2.86562e-18 8.95427e-18)
(0.547014 -5.71169e-18 6.49541e-18)
(0.547014 -3.2878e-18 9.01529e-18)
(0.540897 -6.39189e-18 6.46043e-18)
(0.540897 -3.03701e-18 9.06005e-18)
(0.534667 -6.53908e-18 6.53088e-18)
(0.534667 -2.4034e-18 9.06364e-18)
(0.52832 -5.68952e-18 6.5647e-18)
(0.52832 -2.38552e-18 9.07133e-18)
(0.521851 -5.15229e-18 6.53668e-18)
(0.521851 -1.71886e-18 8.99851e-18)
(0.515257 -4.7073e-18 6.44942e-18)
(0.515257 -7.1678e-19 8.99118e-18)
(0.508531 -5.28994e-18 6.47658e-18)
(0.508531 -4.87154e-19 9.02321e-18)
(0.501671 -5.53851e-18 6.5216e-18)
(0.501671 -5.65312e-19 8.98695e-18)
(0.494671 -4.9132e-18 6.51151e-18)
(0.494671 -5.10535e-19 8.93884e-18)
(0.487527 -4.07799e-18 6.48789e-18)
(0.487527 -6.94545e-19 8.93092e-18)
(0.480233 -3.65854e-18 6.48045e-18)
(0.480233 -2.5332e-19 9.01657e-18)
(0.472786 -3.61136e-18 6.52812e-18)
(0.472786 3.16091e-19 9.05448e-18)
(0.46518 -4.04512e-18 6.58149e-18)
(0.46518 -2.93478e-21 9.04324e-18)
(0.457413 -3.96989e-18 6.58458e-18)
(0.457413 -2.99761e-19 9.04003e-18)
(0.449479 -4.25784e-18 6.5985e-18)
(0.449479 1.42999e-19 9.05805e-18)
(0.441376 -4.18125e-18 6.57549e-18)
(0.441376 -1.49389e-19 9.08837e-18)
(0.4331 -4.23713e-18 6.51648e-18)
(0.4331 -4.10665e-19 9.10394e-18)
(0.42465 -3.83997e-18 6.49363e-18)
(0.42465 -5.33474e-20 9.10915e-18)
(0.416024 -4.47396e-18 6.5239e-18)
(0.416024 7.20953e-20 9.10448e-18)
(0.407222 -3.78348e-18 6.50842e-18)
(0.407222 -2.84321e-20 9.12407e-18)
(0.398244 -3.24442e-18 6.45378e-18)
(0.398244 -7.68039e-20 9.17942e-18)
(0.389094 -3.1334e-18 6.42748e-18)
(0.389094 -4.34921e-19 9.215e-18)
(0.379775 -2.98464e-18 6.39461e-18)
(0.379775 -5.59055e-19 9.2321e-18)
(0.370293 -2.81858e-18 6.35776e-18)
(0.370293 -2.17738e-19 9.23724e-18)
(0.360655 -2.87777e-18 6.32113e-18)
(0.360655 -1.82451e-19 9.23372e-18)
(0.350871 -2.94191e-18 6.25179e-18)
(0.350871 -1.1838e-19 9.21543e-18)
(0.340952 -2.69717e-18 6.19298e-18)
(0.340952 3.20434e-19 9.17241e-18)
(0.330912 -2.76213e-18 6.1339e-18)
(0.330912 1.74614e-19 9.10997e-18)
(0.320767 -2.12805e-18 6.05603e-18)
(0.320767 2.57509e-20 9.02589e-18)
(0.310535 -1.69613e-18 5.96299e-18)
(0.310535 1.35666e-19 8.95064e-18)
(0.300233 -1.54393e-18 5.88439e-18)
(0.300233 1.85161e-19 8.85335e-18)
(0.289884 -1.52731e-18 5.79121e-18)
(0.289884 3.03249e-19 8.74405e-18)
(0.279506 -1.86907e-18 5.69031e-18)
(0.279506 1.3342e-19 8.59248e-18)
(0.269123 -1.36217e-18 5.57191e-18)
(0.269123 2.37221e-19 8.42576e-18)
(0.258754 -6.2957e-19 5.45389e-18)
(0.258754 2.32705e-19 8.26573e-18)
(0.248421 -5.57035e-19 5.3289e-18)
(0.248421 3.39903e-21 8.0942e-18)
(0.238142 -5.23228e-19 5.19512e-18)
(0.238142 -1.75875e-19 7.91151e-18)
(0.227936 -5.2281e-19 5.05182e-18)
(0.227936 -1.40223e-19 7.72362e-18)
(0.217819 -5.10661e-19 4.91244e-18)
(0.217819 -8.02385e-20 7.52834e-18)
(0.207804 -5.227e-19 4.77079e-18)
(0.207804 -7.27533e-20 7.32857e-18)
(0.197906 -5.35482e-19 4.62586e-18)
(0.197906 1.58522e-20 7.11903e-18)
(0.188132 -4.78133e-19 4.47695e-18)
(0.188132 5.90648e-20 6.90355e-18)
(0.178493 -3.25631e-19 4.33109e-18)
(0.178493 7.89373e-20 6.68973e-18)
(0.168995 -2.22089e-19 4.18838e-18)
(0.168995 5.85359e-20 6.48297e-18)
(0.159641 -2.60732e-19 4.04332e-18)
(0.159641 3.4791e-20 6.28019e-18)
(0.150437 -2.9582e-19 3.90005e-18)
(0.150437 -6.80745e-20 6.07035e-18)
(0.141384 -2.65346e-19 3.76481e-18)
(0.141384 -5.05634e-20 5.86435e-18)
(0.132484 -3.80433e-19 3.63266e-18)
(0.132484 1.17074e-20 5.66774e-18)
(0.123736 -2.99338e-19 3.50725e-18)
(0.123736 -3.23341e-20 5.46755e-18)
(0.11514 -2.37829e-19 3.38349e-18)
(0.11514 -3.14865e-20 5.2721e-18)
(0.106695 -2.024e-19 3.26304e-18)
(0.106695 -2.47416e-20 5.08596e-18)
(0.0984007 -2.29661e-19 3.1463e-18)
(0.0984007 9.63324e-21 4.90422e-18)
(0.0902542 -2.57556e-19 3.03395e-18)
(0.0902542 -6.34718e-21 4.72602e-18)
(0.0822538 -2.08887e-19 2.92345e-18)
(0.0822538 -4.40134e-20 4.55459e-18)
(0.0743975 -2.15243e-19 2.8177e-18)
(0.0743975 -2.431e-20 4.39159e-18)
(0.0666829 -1.91578e-19 2.71641e-18)
(0.0666829 -1.57865e-20 4.23371e-18)
(0.0591077 -1.61606e-19 2.61742e-18)
(0.0591077 6.34537e-21 4.08065e-18)
(0.0516695 -1.44851e-19 2.52189e-18)
(0.0516695 -1.41254e-21 3.93268e-18)
(0.044366 -1.1619e-19 2.43081e-18)
(0.044366 -2.58196e-20 3.79027e-18)
(0.0371949 -9.53617e-20 2.34267e-18)
(0.0371949 -2.4612e-20 3.65419e-18)
(0.0301537 -6.02489e-20 2.25779e-18)
(0.0301537 -1.21044e-20 3.52197e-18)
(0.0232401 -3.32667e-20 2.17614e-18)
(0.0232401 -5.17975e-21 3.39432e-18)
(0.0164518 -1.62967e-20 2.09742e-18)
(0.0164518 -1.423e-20 3.2711e-18)
(0.00978672 -9.09105e-22 2.0214e-18)
(0.00978672 -1.06419e-20 3.15273e-18)
(0.00324247 -2.17448e-21 1.68559e-19)
(0.00324247 -2.76215e-22 6.25761e-19)
(1.11466 -3.22638e-16 -1.26382e-16)
(1.11466 -2.63831e-16 -6.71862e-17)
(1.1145 -2.6297e-16 -9.383e-17)
(1.1145 -2.97178e-16 -5.36132e-17)
(1.11418 -2.57896e-16 -1.06116e-16)
(1.11418 -3.49638e-16 -1.30247e-16)
(1.11372 -2.86146e-16 -1.42499e-16)
(1.11372 -2.59203e-16 -1.4413e-16)
(1.11312 -2.9687e-16 -1.54842e-16)
(1.11312 -2.14771e-16 -1.50974e-16)
(1.1124 -2.7773e-16 -1.70749e-16)
(1.1124 -2.52934e-16 -1.7785e-16)
(1.11156 -2.40298e-16 -1.82906e-16)
(1.11156 -2.68855e-16 -1.67762e-16)
(1.1106 -2.36405e-16 -1.86865e-16)
(1.1106 -2.27024e-16 -2.00327e-16)
(1.10954 -2.2831e-16 -1.54863e-16)
(1.10954 -1.8891e-16 -1.62804e-16)
(1.10839 -2.28683e-16 -1.4699e-16)
(1.10839 -2.02692e-16 -1.61659e-16)
(1.10715 -2.27959e-16 -1.3582e-16)
(1.10715 -2.08476e-16 -1.33445e-16)
(1.10582 -2.72724e-16 -1.44079e-16)
(1.10582 -1.63968e-16 -1.07998e-16)
(1.10441 -1.38363e-16 -1.24238e-16)
(1.10441 -1.73333e-16 -1.01505e-16)
(1.10294 -1.37853e-16 -1.16149e-16)
(1.10294 -1.91141e-16 -1.27092e-16)
(1.10139 -1.54264e-16 -1.0892e-16)
(1.10139 -1.49068e-16 -1.25243e-16)
(1.09978 -1.62341e-16 -1.01742e-16)
(1.09978 -1.50671e-16 -1.03393e-16)
(1.09811 -1.66657e-16 -8.78169e-17)
(1.09811 -1.48782e-16 -8.5806e-17)
(1.09638 -1.37495e-16 -1.06216e-16)
(1.09638 -2.15471e-16 -7.93587e-17)
(1.09461 -1.40964e-16 -1.09651e-16)
(1.09461 -2.25622e-16 -1.19426e-16)
(1.09278 -1.13154e-16 -9.58401e-17)
(1.09278 -1.68269e-16 -8.42975e-17)
(1.09091 -1.32531e-16 -7.46846e-17)
(1.09091 -1.04071e-16 -9.96782e-17)
(1.08899 -1.48284e-16 -8.56324e-17)
(1.08899 -1.18164e-16 -9.0072e-17)
(1.08703 -1.35314e-16 -8.82291e-17)
(1.08703 -1.29137e-16 -6.43371e-17)
(1.08504 -2.02088e-16 -5.93396e-17)
(1.08504 -1.5415e-16 -8.45127e-17)
(1.083 -1.84646e-16 -5.46648e-17)
(1.083 -1.76668e-16 -5.53568e-17)
(1.08094 -1.57949e-16 -6.37253e-17)
(1.08094 -1.2812e-16 -6.87739e-17)
(1.07883 -1.38623e-16 -6.54776e-17)
(1.07883 -1.10834e-16 -6.40369e-17)
(1.0767 -1.46837e-16 -4.81099e-17)
(1.0767 -1.43826e-16 -6.51673e-17)
(1.07454 -1.50171e-16 -4.74881e-17)
(1.07454 -1.54545e-16 -5.70724e-17)
(1.07235 -1.39187e-16 -6.47687e-17)
(1.07235 -1.31336e-16 -3.89008e-17)
(1.07013 -1.83896e-16 -4.59045e-17)
(1.07013 -1.41652e-16 -2.57982e-17)
(1.06789 -1.24696e-16 -3.69801e-17)
(1.06789 -1.66437e-16 -3.47282e-17)
(1.06562 -1.3016e-16 -4.24909e-17)
(1.06562 -1.46582e-16 -3.49131e-17)
(1.06334 -1.20928e-16 -7.04811e-17)
(1.06334 -1.4929e-16 -3.9769e-17)
(1.06102 -9.34988e-17 -7.29006e-17)
(1.06102 -1.32072e-16 -4.46563e-17)
(1.05869 -1.22421e-16 -7.07873e-17)
(1.05869 -1.46828e-16 -7.04524e-17)
(1.05634 -9.59272e-17 -9.39346e-17)
(1.05634 -1.29351e-16 -5.60604e-17)
(1.05396 -1.03177e-16 -8.44728e-17)
(1.05396 -1.24397e-16 -8.78347e-17)
(1.05157 -1.15854e-16 -5.90814e-17)
(1.05157 -1.05256e-16 -9.5666e-17)
(1.04916 -1.01879e-16 -7.96473e-17)
(1.04916 -9.60148e-17 -7.15378e-17)
(1.04674 -1.16443e-16 -6.25248e-17)
(1.04674 -1.20673e-16 -7.71803e-17)
(1.0443 -1.33449e-16 -5.13535e-17)
(1.0443 -1.22131e-16 -7.23994e-17)
(1.04184 -1.56013e-16 -6.33584e-17)
(1.04184 -1.11987e-16 -4.97425e-17)
(1.03936 -1.61668e-16 -3.85537e-17)
(1.03936 -1.77932e-16 -2.48335e-17)
(1.03688 -1.53623e-16 -2.08801e-17)
(1.03688 -1.65346e-16 -1.98647e-17)
(1.03437 -1.43939e-16 -2.21194e-17)
(1.03437 -1.62764e-16 -4.88234e-17)
(1.03186 -1.44168e-16 -4.79363e-17)
(1.03186 -1.18555e-16 -7.05367e-17)
(1.02933 -1.19598e-16 -4.63026e-17)
(1.02933 -1.49467e-16 -6.12085e-17)
(1.02679 -1.08405e-16 -3.48848e-17)
(1.02679 -1.11894e-16 -8.06455e-17)
(1.02423 -1.35153e-16 -5.54654e-17)
(1.02423 -1.28166e-16 -6.06428e-17)
(1.02167 -1.18102e-16 -4.43458e-17)
(1.02167 -1.2077e-16 -5.49861e-17)
(1.01909 -1.07032e-16 -5.10713e-17)
(1.01909 -9.56739e-17 -6.85282e-17)
(1.0165 -1.02823e-16 -4.37698e-17)
(1.0165 -1.16676e-16 -6.72342e-17)
(1.0139 -9.08668e-17 -2.86575e-17)
(1.0139 -1.39015e-16 -7.73679e-17)
(1.01129 -9.8782e-17 -3.20645e-17)
(1.01129 -1.17989e-16 -7.91978e-17)
(1.00867 -9.04777e-17 -3.24527e-17)
(1.00867 -1.04612e-16 -9.27426e-17)
(1.00604 -1.19394e-16 -3.47531e-17)
(1.00604 -1.02273e-16 -1.05263e-16)
(1.00339 -1.41423e-16 -3.83583e-17)
(1.00339 -8.57434e-17 -8.78418e-17)
(1.00074 -1.56677e-16 -2.09679e-17)
(1.00074 -7.21547e-17 -7.09164e-17)
(0.998084 -1.51449e-16 -2.60211e-17)
(0.998084 -8.10946e-17 -4.15245e-17)
(0.995415 -1.33683e-16 -2.44446e-17)
(0.995415 -1.03048e-16 -4.66837e-17)
(0.992736 -1.18261e-16 -2.51892e-17)
(0.992736 -1.1426e-16 -4.14439e-17)
(0.990049 -1.23676e-16 -3.51762e-17)
(0.990049 -1.12552e-16 -3.67237e-17)
(0.987353 -1.02593e-16 -3.64448e-17)
(0.987353 -1.13388e-16 -3.79716e-17)
(0.984649 -8.17462e-17 -3.55156e-17)
(0.984649 -9.77198e-17 -4.77553e-17)
(0.981935 -7.54522e-17 -3.50863e-17)
(0.981935 -8.96049e-17 -4.46169e-17)
(0.979214 -6.79983e-17 -4.68144e-17)
(0.979214 -1.07818e-16 -3.87954e-17)
(0.976484 -6.78235e-17 -4.614e-17)
(0.976484 -1.19639e-16 -4.65365e-17)
(0.973747 -8.63525e-17 -4.5541e-17)
(0.973747 -1.14183e-16 -5.2775e-17)
(0.971001 -7.92859e-17 -4.57898e-17)
(0.971001 -9.59136e-17 -5.56077e-17)
(0.968247 -7.47843e-17 -4.53697e-17)
(0.968247 -9.30563e-17 -5.85664e-17)
(0.965485 -7.04038e-17 -4.90259e-17)
(0.965485 -8.39325e-17 -5.08169e-17)
(0.962716 -6.89559e-17 -4.33808e-17)
(0.962716 -7.88873e-17 -4.57042e-17)
(0.959939 -6.78989e-17 -4.46075e-17)
(0.959939 -8.03703e-17 -4.71165e-17)
(0.957154 -6.52219e-17 -4.6814e-17)
(0.957154 -7.83006e-17 -4.87174e-17)
(0.954361 -6.01555e-17 -4.43387e-17)
(0.954361 -8.12293e-17 -4.61918e-17)
(0.95156 -6.21872e-17 -4.15145e-17)
(0.95156 -6.32943e-17 -4.21151e-17)
(0.948752 -6.98483e-17 -3.56001e-17)
(0.948752 -7.37267e-17 -3.98772e-17)
(0.945936 -8.39483e-17 -3.32368e-17)
(0.945936 -6.56377e-17 -4.62471e-17)
(0.943112 -8.50224e-17 -3.7297e-17)
(0.943112 -5.97465e-17 -4.93084e-17)
(0.940281 -8.67135e-17 -4.42054e-17)
(0.940281 -4.93209e-17 -4.3388e-17)
(0.937442 -7.92413e-17 -4.12456e-17)
(0.937442 -6.3538e-17 -3.60126e-17)
(0.934595 -8.10689e-17 -3.36653e-17)
(0.934595 -5.06513e-17 -3.11497e-17)
(0.93174 -8.19837e-17 -2.96961e-17)
(0.93174 -5.09695e-17 -2.68438e-17)
(0.928878 -7.43196e-17 -2.48351e-17)
(0.928878 -4.6866e-17 -2.38858e-17)
(0.926008 -7.61367e-17 -2.45586e-17)
(0.926008 -5.45007e-17 -2.2709e-17)
(0.923129 -7.05899e-17 -2.52096e-17)
(0.923129 -7.05159e-17 -2.28407e-17)
(0.920243 -6.67986e-17 -2.46571e-17)
(0.920243 -7.70437e-17 -2.55023e-17)
(0.917349 -6.84241e-17 -2.5144e-17)
(0.917349 -7.24258e-17 -2.66861e-17)
(0.914446 -6.39033e-17 -2.27321e-17)
(0.914446 -7.5066e-17 -2.72864e-17)
(0.911536 -6.285e-17 -2.37547e-17)
(0.911536 -7.82757e-17 -2.41686e-17)
(0.908617 -6.60979e-17 -2.40251e-17)
(0.908617 -8.39797e-17 -1.97095e-17)
(0.905689 -6.47089e-17 -2.36175e-17)
(0.905689 -8.49588e-17 -1.97789e-17)
(0.902753 -5.65086e-17 -2.29786e-17)
(0.902753 -8.52217e-17 -1.83243e-17)
(0.899809 -4.63007e-17 -2.13845e-17)
(0.899809 -7.98825e-17 -2.34529e-17)
(0.896855 -5.24212e-17 -1.96921e-17)
(0.896855 -4.88416e-17 -2.62828e-17)
(0.893893 -5.24365e-17 -1.71945e-17)
(0.893893 -5.8948e-17 -2.54892e-17)
(0.890922 -4.36009e-17 -1.49653e-17)
(0.890922 -6.16289e-17 -2.28319e-17)
(0.887941 -4.33116e-17 -1.17829e-17)
(0.887941 -5.75478e-17 -2.58492e-17)
(0.884952 -4.62404e-17 -1.17779e-17)
(0.884952 -5.36297e-17 -2.43772e-17)
(0.881952 -3.79373e-17 -1.1746e-17)
(0.881952 -5.85569e-17 -2.12757e-17)
(0.878944 -3.32204e-17 -1.15541e-17)
(0.878944 -4.54759e-17 -2.26673e-17)
(0.875925 -3.7108e-17 -1.26767e-17)
(0.875925 -5.28781e-17 -2.01728e-17)
(0.872896 -3.92402e-17 -1.25473e-17)
(0.872896 -5.15439e-17 -1.97601e-17)
(0.869858 -3.75079e-17 -1.4927e-17)
(0.869858 -4.30811e-17 -2.09476e-17)
(0.866809 -3.36699e-17 -1.62458e-17)
(0.866809 -5.28756e-17 -2.08406e-17)
(0.863749 -2.82102e-17 -1.67329e-17)
(0.863749 -4.93728e-17 -1.99667e-17)
(0.860679 -2.5573e-17 -1.82039e-17)
(0.860679 -4.36783e-17 -1.82378e-17)
(0.857598 -2.41386e-17 -1.83765e-17)
(0.857598 -4.12714e-17 -1.9067e-17)
(0.854505 -2.29185e-17 -1.75281e-17)
(0.854505 -4.04073e-17 -1.82362e-17)
(0.851401 -2.20966e-17 -1.76985e-17)
(0.851401 -3.33397e-17 -1.96658e-17)
(0.848286 -2.13047e-17 -1.81592e-17)
(0.848286 -3.33896e-17 -2.00974e-17)
(0.845158 -2.00693e-17 -1.88458e-17)
(0.845158 -2.97566e-17 -2.04965e-17)
(0.842019 -1.99329e-17 -2.00969e-17)
(0.842019 -2.58054e-17 -2.04689e-17)
(0.838867 -2.02909e-17 -2.02288e-17)
(0.838867 -2.73591e-17 -2.0131e-17)
(0.835702 -1.91118e-17 -2.05929e-17)
(0.835702 -2.1372e-17 -2.21761e-17)
(0.832524 -2.43055e-17 -2.02797e-17)
(0.832524 -2.59844e-17 -2.2887e-17)
(0.829333 -2.98158e-17 -2.02876e-17)
(0.829333 -2.01545e-17 -2.30232e-17)
(0.826129 -3.18877e-17 -2.07351e-17)
(0.826129 -1.7516e-17 -2.32939e-17)
(0.82291 -3.70045e-17 -2.19544e-17)
(0.82291 -2.5745e-17 -2.17858e-17)
(0.819678 -3.60401e-17 -2.22975e-17)
(0.819678 -1.79885e-17 -2.08619e-17)
(0.81643 -3.45496e-17 -2.27557e-17)
(0.81643 -1.81378e-17 -2.08501e-17)
(0.813168 -3.09541e-17 -2.42507e-17)
(0.813168 -2.1538e-17 -2.12575e-17)
(0.80989 -2.77303e-17 -2.38823e-17)
(0.80989 -2.07913e-17 -2.10039e-17)
(0.806597 -2.78925e-17 -2.29996e-17)
(0.806597 -1.31298e-17 -1.96209e-17)
(0.803288 -3.00447e-17 -2.19433e-17)
(0.803288 -1.39384e-17 -1.89794e-17)
(0.799962 -2.59773e-17 -2.16161e-17)
(0.799962 -1.39584e-17 -1.97183e-17)
(0.796619 -2.33712e-17 -2.09009e-17)
(0.796619 -1.12757e-17 -2.02726e-17)
(0.793259 -2.62412e-17 -2.02632e-17)
(0.793259 -1.65697e-17 -1.92462e-17)
(0.789882 -2.52427e-17 -2.0029e-17)
(0.789882 -1.4101e-17 -1.84376e-17)
(0.786486 -2.15541e-17 -1.88328e-17)
(0.786486 -1.51821e-17 -1.83064e-17)
(0.783071 -1.72249e-17 -1.86081e-17)
(0.783071 -1.3678e-17 -1.70039e-17)
(0.779637 -1.5507e-17 -1.82198e-17)
(0.779637 -1.26157e-17 -1.65683e-17)
(0.776184 -1.36627e-17 -1.7639e-17)
(0.776184 -1.39374e-17 -1.66552e-17)
(0.77271 -8.87349e-18 -1.72102e-17)
(0.77271 -1.31953e-17 -1.691e-17)
(0.769216 -7.97378e-18 -1.67406e-17)
(0.769216 -1.14559e-17 -1.6345e-17)
(0.7657 -8.26002e-18 -1.66213e-17)
(0.7657 -1.28033e-17 -1.6189e-17)
(0.762163 -6.21273e-18 -1.71531e-17)
(0.762163 -1.34221e-17 -1.58139e-17)
(0.758603 -3.555e-18 -1.6582e-17)
(0.758603 -1.3745e-17 -1.54532e-17)
(0.75502 -5.01595e-18 -1.69001e-17)
(0.75502 -1.14881e-17 -1.55048e-17)
(0.751413 -8.45473e-18 -1.76113e-17)
(0.751413 -7.09673e-18 -1.5449e-17)
(0.747781 -9.72339e-18 -1.73627e-17)
(0.747781 -8.60149e-18 -1.52157e-17)
(0.744125 -1.06032e-17 -1.72056e-17)
(0.744125 -5.25021e-18 -1.48557e-17)
(0.740443 -1.05559e-17 -1.74213e-17)
(0.740443 -7.82334e-18 -1.44737e-17)
(0.736734 -9.66921e-18 -1.74173e-17)
(0.736734 -1.13374e-17 -1.41251e-17)
(0.732998 -1.03174e-17 -1.73285e-17)
(0.732998 -9.42815e-18 -1.38068e-17)
(0.729233 -1.06682e-17 -1.76053e-17)
(0.729233 -9.29493e-18 -1.34618e-17)
(0.72544 -1.01655e-17 -1.7766e-17)
(0.72544 -6.55278e-18 -1.31432e-17)
(0.721617 -1.04943e-17 -1.7947e-17)
(0.721617 -6.02967e-18 -1.26397e-17)
(0.717763 -1.08955e-17 -1.82501e-17)
(0.717763 -6.43992e-18 -1.21511e-17)
(0.713878 -1.12413e-17 -1.85198e-17)
(0.713878 -5.57306e-18 -1.15244e-17)
(0.709959 -9.35894e-18 -1.87584e-17)
(0.709959 -8.81909e-18 -1.10857e-17)
(0.706008 -1.26126e-17 -1.87012e-17)
(0.706008 -8.05934e-18 -1.07041e-17)
(0.702021 -1.50498e-17 -1.87782e-17)
(0.702021 -7.35727e-18 -1.01859e-17)
(0.697999 -1.62562e-17 -1.89601e-17)
(0.697999 -8.94555e-18 -9.73522e-18)
(0.693941 -1.59433e-17 -1.89328e-17)
(0.693941 -1.05254e-17 -9.18752e-18)
(0.689844 -1.41208e-17 -1.91227e-17)
(0.689844 -1.15978e-17 -8.65902e-18)
(0.685708 -1.19857e-17 -1.91114e-17)
(0.685708 -1.47461e-17 -8.35801e-18)
(0.681531 -1.00517e-17 -1.89406e-17)
(0.681531 -1.59739e-17 -8.02435e-18)
(0.677313 -7.64568e-18 -1.86384e-17)
(0.677313 -1.55821e-17 -7.80833e-18)
(0.673051 -8.26862e-18 -1.85031e-17)
(0.673051 -1.63506e-17 -7.56889e-18)
(0.668745 -7.69312e-18 -1.83524e-17)
(0.668745 -1.66865e-17 -7.40976e-18)
(0.664393 -6.35644e-18 -1.81868e-17)
(0.664393 -1.64262e-17 -7.22662e-18)
(0.659993 -4.33665e-18 -1.78879e-17)
(0.659993 -1.71154e-17 -7.08003e-18)
(0.655544 -3.15316e-18 -1.75583e-17)
(0.655544 -1.64075e-17 -7.05916e-18)
(0.651044 -4.84883e-18 -1.71415e-17)
(0.651044 -1.50642e-17 -7.20738e-18)
(0.646492 -5.3358e-18 -1.67111e-17)
(0.646492 -1.50496e-17 -7.38996e-18)
(0.641885 -6.08176e-18 -1.63267e-17)
(0.641885 -1.17293e-17 -7.63279e-18)
(0.637222 -7.3547e-18 -1.62431e-17)
(0.637222 -1.18856e-17 -7.56164e-18)
(0.6325 -7.38197e-18 -1.58889e-17)
(0.6325 -1.20855e-17 -7.53002e-18)
(0.627718 -7.54189e-18 -1.57059e-17)
(0.627718 -1.14141e-17 -7.50167e-18)
(0.622873 -6.39634e-18 -1.57552e-17)
(0.622873 -1.26223e-17 -7.62118e-18)
(0.617964 -2.88973e-18 -1.58048e-17)
(0.617964 -1.30077e-17 -7.91068e-18)
(0.612987 -9.88074e-19 -1.59905e-17)
(0.612987 -1.31456e-17 -8.06209e-18)
(0.607941 -2.00883e-18 -1.60158e-17)
(0.607941 -1.17243e-17 -8.01561e-18)
(0.602822 -2.34581e-18 -1.60661e-17)
(0.602822 -1.02975e-17 -7.92214e-18)
(0.597629 -2.13486e-18 -1.60625e-17)
(0.597629 -9.83521e-18 -7.99019e-18)
(0.592358 -2.24608e-18 -1.60724e-17)
(0.592358 -8.79719e-18 -8.01944e-18)
(0.587006 -2.58918e-18 -1.61292e-17)
(0.587006 -9.02142e-18 -8.08413e-18)
(0.581571 -2.32388e-18 -1.61426e-17)
(0.581571 -7.10995e-18 -8.22098e-18)
(0.576048 -2.25475e-18 -1.61688e-17)
(0.576048 -6.89165e-18 -8.17255e-18)
(0.570436 -2.31731e-18 -1.61398e-17)
(0.570436 -8.8411e-18 -8.18266e-18)
(0.56473 -1.45709e-18 -1.60894e-17)
(0.56473 -7.80971e-18 -8.31469e-18)
(0.558927 -5.84566e-19 -1.60867e-17)
(0.558927 -7.72645e-18 -8.38964e-18)
(0.553023 5.37564e-19 -1.60798e-17)
(0.553023 -8.28359e-18 -8.38708e-18)
(0.547014 1.26027e-18 -1.59993e-17)
(0.547014 -7.10724e-18 -8.52167e-18)
(0.540897 -2.52438e-19 -1.5926e-17)
(0.540897 -6.24278e-18 -8.60392e-18)
(0.534667 -2.1638e-18 -1.58211e-17)
(0.534667 -4.72659e-18 -8.58605e-18)
(0.52832 -2.61652e-18 -1.57266e-17)
(0.52832 -3.30235e-18 -8.52142e-18)
(0.521851 -3.28321e-18 -1.55988e-17)
(0.521851 -2.85899e-18 -8.57577e-18)
(0.515257 -3.83835e-18 -1.55956e-17)
(0.515257 -2.60142e-18 -8.71415e-18)
(0.508531 -3.59737e-18 -1.56133e-17)
(0.508531 -9.97303e-19 -8.7388e-18)
(0.501671 -3.38911e-18 -1.55433e-17)
(0.501671 -1.25665e-18 -8.73831e-18)
(0.494671 -3.24109e-18 -1.54683e-17)
(0.494671 -1.89059e-18 -8.74536e-18)
(0.487527 -2.7645e-18 -1.54414e-17)
(0.487527 -1.65354e-18 -8.80017e-18)
(0.480233 -2.26053e-18 -1.54852e-17)
(0.480233 -1.24217e-18 -8.82028e-18)
(0.472786 -2.06244e-18 -1.54983e-17)
(0.472786 -1.11598e-18 -8.83555e-18)
(0.46518 -1.9668e-18 -1.54557e-17)
(0.46518 -9.69254e-19 -8.87294e-18)
(0.457413 -1.87543e-18 -1.54314e-17)
(0.457413 -1.50863e-18 -8.91444e-18)
(0.449479 -1.5808e-18 -1.54137e-17)
(0.449479 -9.96713e-19 -8.98827e-18)
(0.441376 -1.43041e-18 -1.54063e-17)
(0.441376 2.34154e-19 -9.05651e-18)
(0.4331 -1.58571e-18 -1.53951e-17)
(0.4331 7.0781e-20 -9.13035e-18)
(0.42465 -1.68397e-18 -1.53666e-17)
(0.42465 -8.24095e-19 -9.16293e-18)
(0.416024 -1.65002e-18 -1.53174e-17)
(0.416024 -4.13603e-19 -9.11873e-18)
(0.407222 -1.45115e-18 -1.52915e-17)
(0.407222 -1.82172e-19 -9.11426e-18)
(0.398244 -1.01819e-18 -1.52964e-17)
(0.398244 -4.63591e-19 -9.13633e-18)
(0.389094 -7.26326e-19 -1.52893e-17)
(0.389094 -3.36403e-19 -9.14874e-18)
(0.379775 -9.09295e-19 -1.52503e-17)
(0.379775 2.47558e-19 -9.13204e-18)
(0.370293 -1.17019e-18 -1.52027e-17)
(0.370293 7.60768e-19 -9.08831e-18)
(0.360655 -1.02942e-18 -1.51423e-17)
(0.360655 1.01337e-18 -9.05228e-18)
(0.350871 -9.64914e-19 -1.50756e-17)
(0.350871 7.853e-19 -9.04174e-18)
(0.340952 -9.19946e-19 -1.49694e-17)
(0.340952 9.4223e-19 -8.9926e-18)
(0.330912 -7.79798e-19 -1.48235e-17)
(0.330912 5.66873e-19 -8.90352e-18)
(0.320767 -6.55413e-19 -1.46541e-17)
(0.320767 5.89338e-19 -8.81208e-18)
(0.310535 -6.18612e-19 -1.44831e-17)
(0.310535 5.38152e-19 -8.71194e-18)
(0.300233 -7.82221e-19 -1.42837e-17)
(0.300233 4.40148e-19 -8.60238e-18)
(0.289884 -8.88794e-19 -1.40685e-17)
(0.289884 7.51775e-19 -8.47747e-18)
(0.279506 -7.57472e-19 -1.38065e-17)
(0.279506 6.62979e-19 -8.33422e-18)
(0.269123 -4.20109e-19 -1.35145e-17)
(0.269123 5.6582e-19 -8.17103e-18)
(0.258754 -2.37867e-19 -1.32159e-17)
(0.258754 5.54068e-19 -7.98886e-18)
(0.248421 -4.63203e-19 -1.29e-17)
(0.248421 6.1872e-19 -7.79199e-18)
(0.238142 -6.84893e-19 -1.25783e-17)
(0.238142 5.13131e-19 -7.59187e-18)
(0.227936 -6.0202e-19 -1.22462e-17)
(0.227936 5.47606e-19 -7.38653e-18)
(0.217819 -2.75422e-19 -1.19047e-17)
(0.217819 5.9976e-19 -7.16921e-18)
(0.207804 -2.57706e-20 -1.15537e-17)
(0.207804 2.75168e-19 -6.94593e-18)
(0.197906 3.95228e-20 -1.11965e-17)
(0.197906 -4.77034e-20 -6.72747e-18)
(0.188132 5.45543e-20 -1.08364e-17)
(0.188132 3.27297e-20 -6.51149e-18)
(0.178493 6.16569e-20 -1.04831e-17)
(0.178493 1.13619e-19 -6.3016e-18)
(0.168995 5.45628e-20 -1.01377e-17)
(0.168995 2.1865e-19 -6.09182e-18)
(0.159641 7.34024e-20 -9.79838e-18)
(0.159641 1.90935e-20 -5.88084e-18)
(0.150437 9.06098e-20 -9.45619e-18)
(0.150437 4.77102e-20 -5.67404e-18)
(0.141384 5.32256e-20 -9.12522e-18)
(0.141384 1.61797e-19 -5.47964e-18)
(0.132484 1.01949e-20 -8.80722e-18)
(0.132484 2.47112e-19 -5.28468e-18)
(0.123736 -6.5675e-20 -8.49087e-18)
(0.123736 1.41491e-19 -5.09375e-18)
(0.11514 -1.10162e-19 -8.18466e-18)
(0.11514 1.76481e-19 -4.91006e-18)
(0.106695 -4.93329e-20 -7.89092e-18)
(0.106695 3.01904e-20 -4.73423e-18)
(0.0984007 1.5646e-20 -7.60422e-18)
(0.0984007 4.56208e-20 -4.56506e-18)
(0.0902542 3.12273e-20 -7.32522e-18)
(0.0902542 6.49832e-20 -4.40188e-18)
(0.0822538 1.53891e-20 -7.05707e-18)
(0.0822538 1.305e-19 -4.24351e-18)
(0.0743975 2.51886e-21 -6.80058e-18)
(0.0743975 1.63828e-19 -4.08827e-18)
(0.0666829 -6.15181e-21 -6.55299e-18)
(0.0666829 1.49759e-19 -3.93838e-18)
(0.0591077 -7.00827e-21 -6.31431e-18)
(0.0591077 8.02685e-20 -3.79548e-18)
(0.0516695 -1.62716e-20 -6.0839e-18)
(0.0516695 8.67726e-20 -3.65706e-18)
(0.044366 -1.79049e-20 -5.86237e-18)
(0.044366 8.38909e-20 -3.52335e-18)
(0.0371949 7.82565e-21 -5.6501e-18)
(0.0371949 6.27882e-20 -3.39485e-18)
(0.0301537 1.11098e-20 -5.44479e-18)
(0.0301537 2.70541e-20 -3.27134e-18)
(0.0232401 1.10348e-20 -5.24704e-18)
(0.0232401 5.61165e-21 -3.15246e-18)
(0.0164518 1.27362e-20 -5.05639e-18)
(0.0164518 -2.44361e-21 -3.03816e-18)
(0.00978672 1.89199e-21 -4.87301e-18)
(0.00978672 4.79394e-21 -2.92771e-18)
(0.00324247 -2.71722e-22 -9.19853e-19)
(0.00324247 9.59807e-22 -7.36959e-19)
)
;

boundaryField
{
    walls
    {
        type            fixedValue;
        value           uniform (0 0 0);
    }
    inlet
    {
        type            cyclic;
    }
    outlet
    {
        type            cyclic;
    }
    sides
    {
        type            empty;
    }
}


// ************************************************************************* //
