/*--------------------------------*- C++ -*----------------------------------*\
| =========                 |                                                 |
| \\      /  F ield         | OpenFOAM: The Open Source CFD Toolbox           |
|  \\    /   O peration     | Version:  2106                                  |
|   \\  /    A nd           | Website:  www.openfoam.com                      |
|    \\/     M anipulation  |                                                 |
\*---------------------------------------------------------------------------*/
FoamFile
{
    version     2.0;
    format      ascii;
    arch        "LSB;label=32;scalar=64";
    class       volScalarField;
    location    "10000";
    object      nut;
}
// * * * * * * * * * * * * * * * * * * * * * * * * * * * * * * * * * * * * * //

dimensions      [0 2 -1 0 0 0 0];

internalField   nonuniform List<scalar> 
800
(
5.76232e-13
5.76232e-13
5.44442e-13
5.44442e-13
1.78026e-12
1.78026e-12
1.19743e-11
1.19743e-11
5.913e-11
5.913e-11
2.17859e-10
2.17859e-10
6.54281e-10
6.54281e-10
1.69848e-09
1.69848e-09
3.9571e-09
3.9571e-09
8.4835e-09
8.4835e-09
1.70292e-08
1.70292e-08
3.24079e-08
3.24079e-08
5.90143e-08
5.90143e-08
1.03549e-07
1.03549e-07
1.7602e-07
1.7602e-07
2.91086e-07
2.91086e-07
4.69851e-07
4.69851e-07
7.42167e-07
7.42167e-07
1.14955e-06
1.14955e-06
1.74869e-06
1.74869e-06
2.61559e-06
2.61559e-06
3.85001e-06
3.85001e-06
5.58006e-06
5.58006e-06
7.96611e-06
7.96611e-06
1.12035e-05
1.12035e-05
1.55229e-05
1.55229e-05
2.11879e-05
2.11879e-05
2.84883e-05
2.84883e-05
3.77308e-05
3.77308e-05
4.92266e-05
4.92266e-05
6.32777e-05
6.32777e-05
8.01644e-05
8.01644e-05
0.000100136
0.000100136
0.000123405
0.000123405
0.000150148
0.000150148
0.000180503
0.000180503
0.000214583
0.000214583
0.000252475
0.000252475
0.000294254
0.000294254
0.000339985
0.000339985
0.000389728
0.000389728
0.000443546
0.000443546
0.000501504
0.000501504
0.000563673
0.000563673
0.00063013
0.00063013
0.000700959
0.000700959
0.000776252
0.000776252
0.000856107
0.000856107
0.000940628
0.000940628
0.00102993
0.00102993
0.00112411
0.00112411
0.00122331
0.00122331
0.00132765
0.00132765
0.00143724
0.00143724
0.00155222
0.00155222
0.00167271
0.00167271
0.00179884
0.00179884
0.00193072
0.00193072
0.00206848
0.00206848
0.00221223
0.00221223
0.00236207
0.00236207
0.00251808
0.00251808
0.00268036
0.00268036
0.00284895
0.00284895
0.0030239
0.0030239
0.00320521
0.00320521
0.00339289
0.00339289
0.00358687
0.00358687
0.00378708
0.00378708
0.00399337
0.00399337
0.00420558
0.00420558
0.00442344
0.00442344
0.00464666
0.00464666
0.00487484
0.00487484
0.00510751
0.00510751
0.00534411
0.00534411
0.00558395
0.00558395
0.00582625
0.00582625
0.00607007
0.00607007
0.00631434
0.00631434
0.00655783
0.00655783
0.00679911
0.00679911
0.00703659
0.00703659
0.00726845
0.00726845
0.00749266
0.00749266
0.00770693
0.00770693
0.00790876
0.00790876
0.00809538
0.00809538
0.00826381
0.00826381
0.00841086
0.00841086
0.00853327
0.00853327
0.00862782
0.00862782
0.00869164
0.00869164
0.00872267
0.00872267
0.00872042
0.00872042
0.00868706
0.00868706
0.00862888
0.00862888
0.00855771
0.00855771
0.00849124
0.00849124
0.00845007
0.00845007
5.76232e-13
5.76232e-13
5.44442e-13
5.44442e-13
1.78026e-12
1.78026e-12
1.19743e-11
1.19743e-11
5.913e-11
5.913e-11
2.17859e-10
2.17859e-10
6.54281e-10
6.54281e-10
1.69848e-09
1.69848e-09
3.9571e-09
3.9571e-09
8.4835e-09
8.4835e-09
1.70292e-08
1.70292e-08
3.24079e-08
3.24079e-08
5.90143e-08
5.90143e-08
1.03549e-07
1.03549e-07
1.7602e-07
1.7602e-07
2.91086e-07
2.91086e-07
4.69851e-07
4.69851e-07
7.42167e-07
7.42167e-07
1.14955e-06
1.14955e-06
1.74869e-06
1.74869e-06
2.61559e-06
2.61559e-06
3.85001e-06
3.85001e-06
5.58006e-06
5.58006e-06
7.96611e-06
7.96611e-06
1.12035e-05
1.12035e-05
1.55229e-05
1.55229e-05
2.11879e-05
2.11879e-05
2.84883e-05
2.84883e-05
3.77308e-05
3.77308e-05
4.92266e-05
4.92266e-05
6.32777e-05
6.32777e-05
8.01644e-05
8.01644e-05
0.000100136
0.000100136
0.000123405
0.000123405
0.000150148
0.000150148
0.000180503
0.000180503
0.000214583
0.000214583
0.000252475
0.000252475
0.000294254
0.000294254
0.000339985
0.000339985
0.000389728
0.000389728
0.000443546
0.000443546
0.000501504
0.000501504
0.000563673
0.000563673
0.00063013
0.00063013
0.000700959
0.000700959
0.000776252
0.000776252
0.000856107
0.000856107
0.000940628
0.000940628
0.00102993
0.00102993
0.00112411
0.00112411
0.00122331
0.00122331
0.00132765
0.00132765
0.00143724
0.00143724
0.00155222
0.00155222
0.00167271
0.00167271
0.00179884
0.00179884
0.00193072
0.00193072
0.00206848
0.00206848
0.00221223
0.00221223
0.00236207
0.00236207
0.00251808
0.00251808
0.00268036
0.00268036
0.00284895
0.00284895
0.0030239
0.0030239
0.00320521
0.00320521
0.00339289
0.00339289
0.00358687
0.00358687
0.00378708
0.00378708
0.00399337
0.00399337
0.00420558
0.00420558
0.00442344
0.00442344
0.00464666
0.00464666
0.00487484
0.00487484
0.00510751
0.00510751
0.00534411
0.00534411
0.00558395
0.00558395
0.00582625
0.00582625
0.00607007
0.00607007
0.00631434
0.00631434
0.00655783
0.00655783
0.00679911
0.00679911
0.00703659
0.00703659
0.00726845
0.00726845
0.00749266
0.00749266
0.00770693
0.00770693
0.00790876
0.00790876
0.00809538
0.00809538
0.00826381
0.00826381
0.00841086
0.00841086
0.00853327
0.00853327
0.00862782
0.00862782
0.00869164
0.00869164
0.00872267
0.00872267
0.00872042
0.00872042
0.00868706
0.00868706
0.00862888
0.00862888
0.00855771
0.00855771
0.00849124
0.00849124
0.00845007
0.00845007
0.00845007
0.00845007
0.00849124
0.00849124
0.00855771
0.00855771
0.00862888
0.00862888
0.00868706
0.00868706
0.00872042
0.00872042
0.00872267
0.00872267
0.00869164
0.00869164
0.00862782
0.00862782
0.00853327
0.00853327
0.00841086
0.00841086
0.00826381
0.00826381
0.00809538
0.00809538
0.00790876
0.00790876
0.00770693
0.00770693
0.00749266
0.00749266
0.00726845
0.00726845
0.00703659
0.00703659
0.00679911
0.00679911
0.00655783
0.00655783
0.00631434
0.00631434
0.00607007
0.00607007
0.00582625
0.00582625
0.00558395
0.00558395
0.00534411
0.00534411
0.00510751
0.00510751
0.00487484
0.00487484
0.00464666
0.00464666
0.00442344
0.00442344
0.00420558
0.00420558
0.00399337
0.00399337
0.00378708
0.00378708
0.00358687
0.00358687
0.00339289
0.00339289
0.00320521
0.00320521
0.0030239
0.0030239
0.00284895
0.00284895
0.00268036
0.00268036
0.00251808
0.00251808
0.00236207
0.00236207
0.00221223
0.00221223
0.00206848
0.00206848
0.00193072
0.00193072
0.00179884
0.00179884
0.00167271
0.00167271
0.00155222
0.00155222
0.00143724
0.00143724
0.00132765
0.00132765
0.00122331
0.00122331
0.00112411
0.00112411
0.00102993
0.00102993
0.000940628
0.000940628
0.000856107
0.000856107
0.000776252
0.000776252
0.000700959
0.000700959
0.00063013
0.00063013
0.000563673
0.000563673
0.000501504
0.000501504
0.000443546
0.000443546
0.000389728
0.000389728
0.000339985
0.000339985
0.000294254
0.000294254
0.000252475
0.000252475
0.000214583
0.000214583
0.000180503
0.000180503
0.000150148
0.000150148
0.000123405
0.000123405
0.000100136
0.000100136
8.01644e-05
8.01644e-05
6.32777e-05
6.32777e-05
4.92266e-05
4.92266e-05
3.77308e-05
3.77308e-05
2.84883e-05
2.84883e-05
2.11879e-05
2.11879e-05
1.55229e-05
1.55229e-05
1.12035e-05
1.12035e-05
7.96611e-06
7.96611e-06
5.58006e-06
5.58006e-06
3.85001e-06
3.85001e-06
2.61559e-06
2.61559e-06
1.74869e-06
1.74869e-06
1.14955e-06
1.14955e-06
7.42167e-07
7.42167e-07
4.69851e-07
4.69851e-07
2.91086e-07
2.91086e-07
1.7602e-07
1.7602e-07
1.0355e-07
1.0355e-07
5.90143e-08
5.90143e-08
3.24079e-08
3.24079e-08
1.70292e-08
1.70292e-08
8.4835e-09
8.4835e-09
3.9571e-09
3.9571e-09
1.69848e-09
1.69848e-09
6.54281e-10
6.54281e-10
2.17859e-10
2.17859e-10
5.91301e-11
5.91301e-11
1.19743e-11
1.19743e-11
1.78026e-12
1.78026e-12
5.44442e-13
5.44442e-13
5.76233e-13
5.76233e-13
0.00845007
0.00845007
0.00849124
0.00849124
0.00855771
0.00855771
0.00862888
0.00862888
0.00868706
0.00868706
0.00872042
0.00872042
0.00872267
0.00872267
0.00869164
0.00869164
0.00862782
0.00862782
0.00853327
0.00853327
0.00841086
0.00841086
0.00826381
0.00826381
0.00809538
0.00809538
0.00790876
0.00790876
0.00770693
0.00770693
0.00749266
0.00749266
0.00726845
0.00726845
0.00703659
0.00703659
0.00679911
0.00679911
0.00655783
0.00655783
0.00631434
0.00631434
0.00607007
0.00607007
0.00582625
0.00582625
0.00558395
0.00558395
0.00534411
0.00534411
0.00510751
0.00510751
0.00487484
0.00487484
0.00464666
0.00464666
0.00442344
0.00442344
0.00420558
0.00420558
0.00399337
0.00399337
0.00378708
0.00378708
0.00358687
0.00358687
0.00339289
0.00339289
0.00320521
0.00320521
0.0030239
0.0030239
0.00284895
0.00284895
0.00268036
0.00268036
0.00251808
0.00251808
0.00236207
0.00236207
0.00221223
0.00221223
0.00206848
0.00206848
0.00193072
0.00193072
0.00179884
0.00179884
0.00167271
0.00167271
0.00155222
0.00155222
0.00143724
0.00143724
0.00132765
0.00132765
0.00122331
0.00122331
0.00112411
0.00112411
0.00102993
0.00102993
0.000940628
0.000940628
0.000856107
0.000856107
0.000776252
0.000776252
0.000700959
0.000700959
0.00063013
0.00063013
0.000563673
0.000563673
0.000501504
0.000501504
0.000443546
0.000443546
0.000389728
0.000389728
0.000339985
0.000339985
0.000294254
0.000294254
0.000252475
0.000252475
0.000214583
0.000214583
0.000180503
0.000180503
0.000150148
0.000150148
0.000123405
0.000123405
0.000100136
0.000100136
8.01644e-05
8.01644e-05
6.32777e-05
6.32777e-05
4.92266e-05
4.92266e-05
3.77308e-05
3.77308e-05
2.84883e-05
2.84883e-05
2.11879e-05
2.11879e-05
1.55229e-05
1.55229e-05
1.12035e-05
1.12035e-05
7.96611e-06
7.96611e-06
5.58006e-06
5.58006e-06
3.85001e-06
3.85001e-06
2.61559e-06
2.61559e-06
1.74869e-06
1.74869e-06
1.14955e-06
1.14955e-06
7.42167e-07
7.42167e-07
4.69851e-07
4.69851e-07
2.91086e-07
2.91086e-07
1.7602e-07
1.7602e-07
1.0355e-07
1.0355e-07
5.90143e-08
5.90143e-08
3.24079e-08
3.24079e-08
1.70292e-08
1.70292e-08
8.4835e-09
8.4835e-09
3.9571e-09
3.9571e-09
1.69848e-09
1.69848e-09
6.54281e-10
6.54281e-10
2.17859e-10
2.17859e-10
5.91301e-11
5.91301e-11
1.19743e-11
1.19743e-11
1.78026e-12
1.78026e-12
5.44442e-13
5.44442e-13
5.76233e-13
5.76233e-13
)
;

boundaryField
{
    walls
    {
        type            nutUWallFunction;
        blending        stepwise;
        Cmu             0.09;
        kappa           0.41;
        E               9.8;
        value           uniform 0;
    }
    inlet
    {
        type            cyclic;
    }
    outlet
    {
        type            cyclic;
    }
    sides
    {
        type            empty;
    }
}


// ************************************************************************* //
