/*--------------------------------*- C++ -*----------------------------------*\
| =========                 |                                                 |
| \\      /  F ield         | OpenFOAM: The Open Source CFD Toolbox           |
|  \\    /   O peration     | Version:  2106                                  |
|   \\  /    A nd           | Website:  www.openfoam.com                      |
|    \\/     M anipulation  |                                                 |
\*---------------------------------------------------------------------------*/
FoamFile
{
    version     2.0;
    format      ascii;
    arch        "LSB;label=32;scalar=64";
    class       volSymmTensorField;
    location    "10000";
    object      turbulenceProperties:R;
}
// * * * * * * * * * * * * * * * * * * * * * * * * * * * * * * * * * * * * * //

dimensions      [0 2 -2 0 0 0 0];

internalField   nonuniform List<symmTensor> 
800
(
(2.04313e-07 -7.70449e-12 -3.53637e-14 2.04313e-07 3.98297e-26 2.04313e-07)
(2.04313e-07 -7.70449e-12 -3.53637e-14 2.04313e-07 -5.31084e-30 2.04313e-07)
(3.29496e-08 -7.27602e-12 -1.01798e-13 3.29496e-08 1.15263e-26 3.29496e-08)
(3.29496e-08 -7.27602e-12 -1.01798e-13 3.29496e-08 -2.3825e-29 3.29496e-08)
(3.54246e-08 -2.37801e-11 -4.90343e-13 3.54246e-08 3.15062e-26 3.54246e-08)
(3.54246e-08 -2.37801e-11 -4.90343e-13 3.54246e-08 -9.82048e-29 3.54246e-08)
(1.08624e-07 -1.59865e-10 -3.45333e-12 1.08624e-07 1.69755e-25 1.08624e-07)
(1.08624e-07 -1.59865e-10 -3.45333e-12 1.08624e-07 -6.01633e-28 1.08624e-07)
(2.93632e-07 -7.89001e-10 -1.78549e-11 2.93632e-07 7.47023e-25 2.93632e-07)
(2.93632e-07 -7.89001e-10 -1.78549e-11 2.93632e-07 -1.67436e-27 2.93632e-07)
(6.63368e-07 -2.90535e-09 -6.8877e-11 6.63368e-07 2.913e-24 6.63368e-07)
(6.63368e-07 -2.90535e-09 -6.8877e-11 6.63368e-07 -6.89254e-28 6.63368e-07)
(1.31815e-06 -8.72023e-09 -2.16571e-10 1.31815e-06 9.27334e-24 1.31815e-06)
(1.31815e-06 -8.72023e-09 -2.16571e-10 1.31815e-06 1.07566e-26 1.31815e-06)
(2.38995e-06 -2.26231e-08 -5.88598e-10 2.38995e-06 2.56343e-23 2.38995e-06)
(2.38995e-06 -2.26231e-08 -5.88598e-10 2.38995e-06 6.98125e-26 2.38995e-06)
(4.0489e-06 -5.26722e-08 -1.43563e-09 4.0489e-06 6.32811e-23 4.0489e-06)
(4.0489e-06 -5.26722e-08 -1.43563e-09 4.0489e-06 2.48276e-25 4.0489e-06)
(6.51139e-06 -1.12843e-07 -3.22204e-09 6.51139e-06 1.43322e-22 6.51139e-06)
(6.51139e-06 -1.12843e-07 -3.22204e-09 6.51139e-06 6.88354e-25 6.51139e-06)
(1.00498e-05 -2.26345e-07 -6.77044e-09 1.00498e-05 3.0375e-22 1.00498e-05)
(1.00498e-05 -2.26345e-07 -6.77044e-09 1.00498e-05 1.82495e-24 1.00498e-05)
(1.50039e-05 -4.30409e-07 -1.3487e-08 1.50039e-05 6.09783e-22 1.50039e-05)
(1.50039e-05 -4.30409e-07 -1.3487e-08 1.50039e-05 4.72411e-24 1.50039e-05)
(2.17944e-05 -7.83087e-07 -2.57057e-08 2.17944e-05 1.17105e-21 2.17944e-05)
(2.17944e-05 -7.83087e-07 -2.57057e-08 2.17944e-05 1.07794e-23 2.17944e-05)
(3.09388e-05 -1.37272e-06 -4.72043e-08 3.09388e-05 2.16304e-21 3.09388e-05)
(3.09388e-05 -1.37272e-06 -4.72043e-08 3.09388e-05 2.42093e-23 3.09388e-05)
(4.30686e-05 -2.33091e-06 -8.39646e-08 4.30686e-05 3.86539e-21 4.30686e-05)
(4.30686e-05 -2.33091e-06 -8.39646e-08 4.30686e-05 4.91595e-23 4.30686e-05)
(5.89501e-05 -3.84984e-06 -1.45269e-07 5.89501e-05 6.71794e-21 5.89501e-05)
(5.89501e-05 -3.84984e-06 -1.45269e-07 5.89501e-05 9.91784e-23 5.89501e-05)
(7.95055e-05 -6.20493e-06 -2.45251e-07 7.95055e-05 9.52972e-21 7.95055e-05)
(7.95055e-05 -6.20493e-06 -2.45251e-07 7.95055e-05 1.85625e-22 7.95055e-05)
(0.000105836 -9.78353e-06 -4.05033e-07 0.000105836 1.05781e-20 0.000105836)
(0.000105836 -9.78353e-06 -4.05033e-07 0.000105836 3.24549e-22 0.000105836)
(0.000139245 -1.51198e-05 -6.55588e-07 0.000139245 1.32984e-20 0.000139245)
(0.000139245 -1.51198e-05 -6.55588e-07 0.000139245 5.6773e-22 0.000139245)
(0.000181253 -2.29347e-05 -1.04143e-06 0.000181253 2.0087e-20 0.000181253)
(0.000181253 -2.29347e-05 -1.04143e-06 0.000181253 9.92279e-22 0.000181253)
(0.000233616 -3.41786e-05 -1.62512e-06 0.000233616 2.94663e-20 0.000233616)
(0.000233616 -3.41786e-05 -1.62512e-06 0.000233616 1.66837e-21 0.000233616)
(0.000298317 -5.00694e-05 -2.49248e-06 0.000298317 4.18676e-20 0.000298317)
(0.000298317 -5.00694e-05 -2.49248e-06 0.000298317 2.98963e-21 0.000298317)
(0.000377549 -7.21176e-05 -3.75787e-06 0.000377549 5.86249e-20 0.000377549)
(0.000377549 -7.21176e-05 -3.75787e-06 0.000377549 4.67406e-21 0.000377549)
(0.00047366 -0.000102123 -5.56879e-06 0.00047366 7.87082e-20 0.00047366)
(0.00047366 -0.000102123 -5.56879e-06 0.00047366 6.85138e-21 0.00047366)
(0.000589063 -0.000142123 -8.10819e-06 0.000589063 9.97513e-20 0.000589063)
(0.000589063 -0.000142123 -8.10819e-06 0.000589063 9.74119e-21 0.000589063)
(0.000726098 -0.000194283 -1.15927e-05 0.000726098 1.22511e-19 0.000726098)
(0.000726098 -0.000194283 -1.15927e-05 0.000726098 1.42711e-20 0.000726098)
(0.000886839 -0.000260709 -1.62653e-05 0.000886839 1.33547e-19 0.000886839)
(0.000886839 -0.000260709 -1.62653e-05 0.000886839 2.08732e-20 0.000886839)
(0.00107287 -0.000343193 -2.23805e-05 0.00107287 1.41299e-19 0.00107287)
(0.00107287 -0.000343193 -2.23805e-05 0.00107287 2.9015e-20 0.00107287)
(0.00128506 -0.000442928 -3.01839e-05 0.00128506 1.23439e-19 0.00128506)
(0.00128506 -0.000442928 -3.01839e-05 0.00128506 4.1026e-20 0.00128506)
(0.0015233 -0.000560239 -3.98881e-05 0.0015233 4.30641e-20 0.0015233)
(0.0015233 -0.000560239 -3.98881e-05 0.0015233 6.19382e-20 0.0015233)
(0.00178638 -0.000694401 -5.16493e-05 0.00178638 4.67211e-20 0.00178638)
(0.00178638 -0.000694401 -5.16493e-05 0.00178638 8.99012e-20 0.00178638)
(0.00207197 -0.000843608 -6.55507e-05 0.00207197 -1.71878e-19 0.00207197)
(0.00207197 -0.000843608 -6.55507e-05 0.00207197 1.26433e-19 0.00207197)
(0.00237663 -0.0010051 -8.1597e-05 0.00237663 -3.83498e-19 0.00237663)
(0.00237663 -0.0010051 -8.1597e-05 0.00237663 1.7487e-19 0.00237663)
(0.00269613 -0.00117545 -9.97196e-05 0.00269613 -2.67563e-19 0.00269613)
(0.00269613 -0.00117545 -9.97196e-05 0.00269613 2.33071e-19 0.00269613)
(0.00302568 -0.00135091 -0.000119792 0.00302568 -1.95407e-20 0.00302568)
(0.00302568 -0.00135091 -0.000119792 0.00302568 3.10342e-19 0.00302568)
(0.0033603 -0.00152777 -0.00014165 0.0033603 -1.17974e-19 0.0033603)
(0.0033603 -0.00152777 -0.00014165 0.0033603 4.27311e-19 0.0033603)
(0.00369516 -0.00170267 -0.000165115 0.00369516 -1.64747e-19 0.00369516)
(0.00369516 -0.00170267 -0.000165115 0.00369516 5.61802e-19 0.00369516)
(0.00402586 -0.00187277 -0.00019001 0.00402586 -2.39268e-19 0.00402586)
(0.00402586 -0.00187277 -0.00019001 0.00402586 6.97925e-19 0.00402586)
(0.00434858 -0.00203584 -0.000216174 0.00434858 -3.47504e-19 0.00434858)
(0.00434858 -0.00203584 -0.000216174 0.00434858 8.50601e-19 0.00434858)
(0.00466019 -0.0021903 -0.000243469 0.00466019 -5.70966e-19 0.00466019)
(0.00466019 -0.0021903 -0.000243469 0.00466019 1.05289e-18 0.00466019)
(0.00495828 -0.00233508 -0.000271785 0.00495828 -8.4046e-19 0.00495828)
(0.00495828 -0.00233508 -0.000271785 0.00495828 1.27484e-18 0.00495828)
(0.00524112 -0.00246964 -0.00030104 0.00524112 -9.04283e-19 0.00524112)
(0.00524112 -0.00246964 -0.00030104 0.00524112 1.4907e-18 0.00524112)
(0.00550758 -0.00259375 -0.000331174 0.00550758 -8.34979e-19 0.00550758)
(0.00550758 -0.00259375 -0.000331174 0.00550758 1.83123e-18 0.00550758)
(0.00575704 -0.0027075 -0.000362152 0.00575704 -8.27161e-19 0.00575704)
(0.00575704 -0.0027075 -0.000362152 0.00575704 2.0858e-18 0.00575704)
(0.0059893 -0.00281116 -0.000393954 0.0059893 -1.12288e-18 0.0059893)
(0.0059893 -0.00281116 -0.000393954 0.0059893 2.55339e-18 0.0059893)
(0.00620448 -0.00290512 -0.000426577 0.00620448 -1.23409e-18 0.00620448)
(0.00620448 -0.00290512 -0.000426577 0.00620448 3.06284e-18 0.00620448)
(0.00640295 -0.00298985 -0.000460025 0.00640295 -1.40778e-18 0.00640295)
(0.00640295 -0.00298985 -0.000460025 0.00640295 3.40199e-18 0.00640295)
(0.00658525 -0.00306587 -0.000494314 0.00658525 -1.30696e-18 0.00658525)
(0.00658525 -0.00306587 -0.000494314 0.00658525 3.8555e-18 0.00658525)
(0.00675205 -0.0031337 -0.000529464 0.00675205 -1.02742e-18 0.00675205)
(0.00675205 -0.0031337 -0.000529464 0.00675205 4.41189e-18 0.00675205)
(0.00690408 -0.00319384 -0.000565498 0.00690408 -1.61755e-18 0.00690408)
(0.00690408 -0.00319384 -0.000565498 0.00690408 5.40723e-18 0.00690408)
(0.0070421 -0.00324679 -0.000602441 0.0070421 -1.94023e-18 0.0070421)
(0.0070421 -0.00324679 -0.000602441 0.0070421 7.7404e-18 0.0070421)
(0.0071669 -0.003293 -0.00064032 0.0071669 -2.4027e-18 0.0071669)
(0.0071669 -0.003293 -0.00064032 0.0071669 9.89104e-18 0.0071669)
(0.00727923 -0.0033329 -0.000679158 0.00727923 -2.91361e-18 0.00727923)
(0.00727923 -0.0033329 -0.000679158 0.00727923 1.01617e-17 0.00727923)
(0.00737984 -0.00336687 -0.00071898 0.00737984 -6.26831e-19 0.00737984)
(0.00737984 -0.00336687 -0.00071898 0.00737984 1.08592e-17 0.00737984)
(0.00746945 -0.00339526 -0.000759804 0.00746945 1.36736e-18 0.00746945)
(0.00746945 -0.00339526 -0.000759804 0.00746945 1.22028e-17 0.00746945)
(0.00754871 -0.00341839 -0.000801648 0.00754871 1.45775e-18 0.00754871)
(0.00754871 -0.00341839 -0.000801648 0.00754871 1.33402e-17 0.00754871)
(0.00761825 -0.00343655 -0.000844522 0.00761825 2.13259e-18 0.00761825)
(0.00761825 -0.00343655 -0.000844522 0.00761825 1.3849e-17 0.00761825)
(0.00767864 -0.00344997 -0.000888432 0.00767864 2.63572e-18 0.00767864)
(0.00767864 -0.00344997 -0.000888432 0.00767864 1.41067e-17 0.00767864)
(0.00773041 -0.00345888 -0.000933379 0.00773041 2.04734e-18 0.00773041)
(0.00773041 -0.00345888 -0.000933379 0.00773041 1.54075e-17 0.00773041)
(0.00777404 -0.00346347 -0.000979353 0.00777404 1.42653e-18 0.00777404)
(0.00777404 -0.00346347 -0.000979353 0.00777404 1.69747e-17 0.00777404)
(0.00780995 -0.00346389 -0.00102634 0.00780995 1.06881e-18 0.00780995)
(0.00780995 -0.00346389 -0.00102634 0.00780995 1.69566e-17 0.00780995)
(0.00783853 -0.00346029 -0.00107431 0.00783853 8.30107e-19 0.00783853)
(0.00783853 -0.00346029 -0.00107431 0.00783853 1.63681e-17 0.00783853)
(0.0078601 -0.00345278 -0.00112323 0.0078601 1.16583e-18 0.0078601)
(0.0078601 -0.00345278 -0.00112323 0.0078601 1.51994e-17 0.0078601)
(0.00787495 -0.00344146 -0.00117305 0.00787495 -1.86959e-18 0.00787495)
(0.00787495 -0.00344146 -0.00117305 0.00787495 1.50802e-17 0.00787495)
(0.00788333 -0.0034264 -0.00122371 0.00788333 -1.05608e-18 0.00788333)
(0.00788333 -0.0034264 -0.00122371 0.00788333 1.79887e-17 0.00788333)
(0.00788542 -0.00340766 -0.00127512 0.00788542 4.21671e-19 0.00788542)
(0.00788542 -0.00340766 -0.00127512 0.00788542 1.98497e-17 0.00788542)
(0.00788137 -0.00338528 -0.0013272 0.00788137 3.76356e-18 0.00788137)
(0.00788137 -0.00338528 -0.0013272 0.00788137 1.46354e-17 0.00788137)
(0.00787128 -0.00335927 -0.00137983 0.00787128 3.25088e-18 0.00787128)
(0.00787128 -0.00335927 -0.00137983 0.00787128 6.96935e-18 0.00787128)
(0.00785521 -0.00332965 -0.00143288 0.00785521 2.91343e-18 0.00785521)
(0.00785521 -0.00332965 -0.00143288 0.00785521 7.61888e-19 0.00785521)
(0.00783315 -0.00329642 -0.00148618 0.00783315 -1.67105e-18 0.00783315)
(0.00783315 -0.00329642 -0.00148618 0.00783315 1.29361e-18 0.00783315)
(0.00780507 -0.00325955 -0.00153955 0.00780507 -7.83479e-18 0.00780507)
(0.00780507 -0.00325955 -0.00153955 0.00780507 3.19655e-18 0.00780507)
(0.00777086 -0.003219 -0.00159277 0.00777086 -9.59156e-19 0.00777086)
(0.00777086 -0.003219 -0.00159277 0.00777086 4.91176e-18 0.00777086)
(0.00773038 -0.00317474 -0.0016456 0.00773038 9.08987e-18 0.00773038)
(0.00773038 -0.00317474 -0.0016456 0.00773038 5.98521e-18 0.00773038)
(0.00768341 -0.00312671 -0.00169775 0.00768341 1.61235e-17 0.00768341)
(0.00768341 -0.00312671 -0.00169775 0.00768341 -2.3623e-19 0.00768341)
(0.00762971 -0.00307484 -0.0017489 0.00762971 3.50489e-18 0.00762971)
(0.00762971 -0.00307484 -0.0017489 0.00762971 1.19061e-18 0.00762971)
(0.00756894 -0.00301904 -0.00179867 0.00756894 3.6625e-18 0.00756894)
(0.00756894 -0.00301904 -0.00179867 0.00756894 6.613e-18 0.00756894)
(0.00750073 -0.00295923 -0.00184664 0.00750073 -8.468e-18 0.00750073)
(0.00750073 -0.00295923 -0.00184664 0.00750073 1.4323e-17 0.00750073)
(0.00742463 -0.0028953 -0.00189234 0.00742463 -8.82664e-18 0.00742463)
(0.00742463 -0.0028953 -0.00189234 0.00742463 2.60536e-17 0.00742463)
(0.00734015 -0.00282714 -0.00193521 0.00734015 2.58933e-18 0.00734015)
(0.00734015 -0.00282714 -0.00193521 0.00734015 2.95613e-18 0.00734015)
(0.00724672 -0.00275462 -0.00197466 0.00724672 -6.26758e-18 0.00724672)
(0.00724672 -0.00275462 -0.00197466 0.00724672 -6.68995e-18 0.00724672)
(0.00714372 -0.00267762 -0.00201 0.00714372 2.05069e-17 0.00714372)
(0.00714372 -0.00267762 -0.00201 0.00714372 8.52932e-18 0.00714372)
(0.00703047 -0.00259597 -0.00204045 0.00703047 7.25657e-18 0.00703047)
(0.00703047 -0.00259597 -0.00204045 0.00703047 1.5851e-17 0.00703047)
(0.00690627 -0.00250953 -0.00206514 0.00690627 -1.33026e-17 0.00690627)
(0.00690627 -0.00250953 -0.00206514 0.00690627 -2.27673e-18 0.00690627)
(0.00677036 -0.00241812 -0.0020831 0.00677036 1.30775e-17 0.00677036)
(0.00677036 -0.00241812 -0.0020831 0.00677036 -3.2046e-18 0.00677036)
(0.00662202 -0.00232157 -0.00209324 0.00662202 2.94588e-17 0.00662202)
(0.00662202 -0.00232157 -0.00209324 0.00662202 -3.49268e-18 0.00662202)
(0.0064605 -0.00221969 -0.00209434 0.0064605 2.64092e-17 0.0064605)
(0.0064605 -0.00221969 -0.00209434 0.0064605 3.03695e-17 0.0064605)
(0.00628517 -0.00211226 -0.00208503 0.00628517 3.91864e-18 0.00628517)
(0.00628517 -0.00211226 -0.00208503 0.00628517 4.54424e-17 0.00628517)
(0.00609551 -0.00199908 -0.00206377 0.00609551 1.97964e-17 0.00609551)
(0.00609551 -0.00199908 -0.00206377 0.00609551 1.38981e-17 0.00609551)
(0.0058912 -0.00187993 -0.00202885 0.0058912 9.85358e-18 0.0058912)
(0.0058912 -0.00187993 -0.00202885 0.0058912 -1.22832e-32 0.0058912)
(0.00567231 -0.00175456 -0.00197834 0.00567231 -6.39692e-18 0.00567231)
(0.00567231 -0.00175456 -0.00197834 0.00567231 4.5265e-18 0.00567231)
(0.00543935 -0.00162272 -0.0019101 0.00543935 1.87162e-17 0.00543935)
(0.00543935 -0.00162272 -0.0019101 0.00543935 3.46066e-17 0.00543935)
(0.00519361 -0.00148416 -0.0018217 0.00519361 1.53743e-17 0.00519361)
(0.00519361 -0.00148416 -0.0018217 0.00519361 2.51124e-17 0.00519361)
(0.00493734 -0.00133861 -0.00171042 0.00493734 -6.62686e-18 0.00493734)
(0.00493734 -0.00133861 -0.00171042 0.00493734 3.40605e-19 0.00493734)
(0.00467426 -0.0011858 -0.00157323 0.00467426 2.33504e-17 0.00467426)
(0.00467426 -0.0011858 -0.00157323 0.00467426 3.32724e-17 0.00467426)
(0.00440995 -0.00102546 -0.00140672 0.00440995 1.15237e-17 0.00440995)
(0.00440995 -0.00102546 -0.00140672 0.00440995 3.65418e-17 0.00440995)
(0.00415253 -0.00085733 -0.00120718 0.00415253 2.31651e-17 0.00415253)
(0.00415253 -0.00085733 -0.00120718 0.00415253 3.88285e-17 0.00415253)
(0.00391321 -0.000681196 -0.000970653 0.00391321 4.26772e-17 0.00391321)
(0.00391321 -0.000681196 -0.000970653 0.00391321 6.6349e-17 0.00391321)
(0.00370671 -0.000496882 -0.000693171 0.00370671 -3.62841e-32 0.00370671)
(0.00370671 -0.000496882 -0.000693171 0.00370671 1.13215e-17 0.00370671)
(0.00355087 -0.000304215 -0.000370908 0.00355087 -1.48293e-18 0.00355087)
(0.00355087 -0.000304215 -0.000370908 0.00355087 9.99449e-18 0.00355087)
(0.0034648 -1.46585e-20 -1.55565e-20 0.0034648 1.36707e-17 0.0034648)
(0.0034648 -8.178e-17 -9.0062e-17 0.0034648 1.04725e-17 0.0034648)
(2.04313e-07 -7.70449e-12 3.53637e-14 2.04313e-07 -5.47228e-27 2.04313e-07)
(2.04313e-07 -7.70449e-12 3.53637e-14 2.04313e-07 -5.36098e-30 2.04313e-07)
(3.29496e-08 -7.27602e-12 1.01798e-13 3.29496e-08 -1.1141e-26 3.29496e-08)
(3.29496e-08 -7.27602e-12 1.01798e-13 3.29496e-08 1.36084e-28 3.29496e-08)
(3.54246e-08 -2.37801e-11 4.90343e-13 3.54246e-08 -3.19614e-26 3.54246e-08)
(3.54246e-08 -2.37801e-11 4.90343e-13 3.54246e-08 2.23447e-28 3.54246e-08)
(1.08624e-07 -1.59865e-10 3.45333e-12 1.08624e-07 -2.0521e-25 1.08624e-07)
(1.08624e-07 -1.59865e-10 3.45333e-12 1.08624e-07 1.89517e-27 1.08624e-07)
(2.93632e-07 -7.89001e-10 1.78549e-11 2.93632e-07 -1.00946e-24 2.93632e-07)
(2.93632e-07 -7.89001e-10 1.78549e-11 2.93632e-07 1.15204e-26 2.93632e-07)
(6.63368e-07 -2.90535e-09 6.8877e-11 6.63368e-07 -3.76217e-24 6.63368e-07)
(6.63368e-07 -2.90535e-09 6.8877e-11 6.63368e-07 5.22213e-26 6.63368e-07)
(1.31815e-06 -8.72023e-09 2.16571e-10 1.31815e-06 -1.13585e-23 1.31815e-06)
(1.31815e-06 -8.72023e-09 2.16571e-10 1.31815e-06 1.89845e-25 1.31815e-06)
(2.38995e-06 -2.26231e-08 5.88598e-10 2.38995e-06 -2.95664e-23 2.38995e-06)
(2.38995e-06 -2.26231e-08 5.88598e-10 2.38995e-06 5.67433e-25 2.38995e-06)
(4.0489e-06 -5.26722e-08 1.43563e-09 4.0489e-06 -6.9056e-23 4.0489e-06)
(4.0489e-06 -5.26722e-08 1.43563e-09 4.0489e-06 1.47108e-24 4.0489e-06)
(6.51139e-06 -1.12843e-07 3.22204e-09 6.51139e-06 -1.48412e-22 6.51139e-06)
(6.51139e-06 -1.12843e-07 3.22204e-09 6.51139e-06 3.47701e-24 6.51139e-06)
(1.00498e-05 -2.26345e-07 6.77044e-09 1.00498e-05 -2.98429e-22 1.00498e-05)
(1.00498e-05 -2.26345e-07 6.77044e-09 1.00498e-05 7.56956e-24 1.00498e-05)
(1.50039e-05 -4.30409e-07 1.3487e-08 1.50039e-05 -5.68824e-22 1.50039e-05)
(1.50039e-05 -4.30409e-07 1.3487e-08 1.50039e-05 1.55829e-23 1.50039e-05)
(2.17944e-05 -7.83087e-07 2.57057e-08 2.17944e-05 -1.03709e-21 2.17944e-05)
(2.17944e-05 -7.83087e-07 2.57057e-08 2.17944e-05 2.99641e-23 2.17944e-05)
(3.09388e-05 -1.37272e-06 4.72043e-08 3.09388e-05 -1.82099e-21 3.09388e-05)
(3.09388e-05 -1.37272e-06 4.72043e-08 3.09388e-05 5.32216e-23 3.09388e-05)
(4.30686e-05 -2.33091e-06 8.39646e-08 4.30686e-05 -3.09902e-21 4.30686e-05)
(4.30686e-05 -2.33091e-06 8.39646e-08 4.30686e-05 8.776e-23 4.30686e-05)
(5.89501e-05 -3.84984e-06 1.45269e-07 5.89501e-05 -5.12998e-21 5.89501e-05)
(5.89501e-05 -3.84984e-06 1.45269e-07 5.89501e-05 1.40611e-22 5.89501e-05)
(7.95055e-05 -6.20493e-06 2.45251e-07 7.95055e-05 -8.28456e-21 7.95055e-05)
(7.95055e-05 -6.20493e-06 2.45251e-07 7.95055e-05 2.17194e-22 7.95055e-05)
(0.000105836 -9.78353e-06 4.05033e-07 0.000105836 -1.30612e-20 0.000105836)
(0.000105836 -9.78353e-06 4.05033e-07 0.000105836 2.77286e-22 0.000105836)
(0.000139245 -1.51198e-05 6.55588e-07 0.000139245 -2.01315e-20 0.000139245)
(0.000139245 -1.51198e-05 6.55588e-07 0.000139245 2.93441e-22 0.000139245)
(0.000181253 -2.29347e-05 1.04143e-06 0.000181253 -3.05092e-20 0.000181253)
(0.000181253 -2.29347e-05 1.04143e-06 0.000181253 2.55403e-22 0.000181253)
(0.000233616 -3.41786e-05 1.62512e-06 0.000233616 -4.55235e-20 0.000233616)
(0.000233616 -3.41786e-05 1.62512e-06 0.000233616 5.04988e-23 0.000233616)
(0.000298317 -5.00694e-05 2.49248e-06 0.000298317 -6.68279e-20 0.000298317)
(0.000298317 -5.00694e-05 2.49248e-06 0.000298317 -4.36279e-22 0.000298317)
(0.000377549 -7.21176e-05 3.75787e-06 0.000377549 -9.64931e-20 0.000377549)
(0.000377549 -7.21176e-05 3.75787e-06 0.000377549 -1.58837e-21 0.000377549)
(0.00047366 -0.000102123 5.56879e-06 0.00047366 -1.37338e-19 0.00047366)
(0.00047366 -0.000102123 5.56879e-06 0.00047366 -3.45152e-21 0.00047366)
(0.000589063 -0.000142123 8.10819e-06 0.000589063 -1.92251e-19 0.000589063)
(0.000589063 -0.000142123 8.10819e-06 0.000589063 -6.80833e-21 0.000589063)
(0.000726098 -0.000194283 1.15927e-05 0.000726098 -2.63197e-19 0.000726098)
(0.000726098 -0.000194283 1.15927e-05 0.000726098 -1.45127e-20 0.000726098)
(0.000886839 -0.000260709 1.62653e-05 0.000886839 -3.56642e-19 0.000886839)
(0.000886839 -0.000260709 1.62653e-05 0.000886839 -2.33284e-20 0.000886839)
(0.00107287 -0.000343193 2.23805e-05 0.00107287 -4.74881e-19 0.00107287)
(0.00107287 -0.000343193 2.23805e-05 0.00107287 -3.80067e-20 0.00107287)
(0.00128506 -0.000442928 3.01839e-05 0.00128506 -6.19971e-19 0.00128506)
(0.00128506 -0.000442928 3.01839e-05 0.00128506 -6.77323e-20 0.00128506)
(0.0015233 -0.000560239 3.98881e-05 0.0015233 -7.96195e-19 0.0015233)
(0.0015233 -0.000560239 3.98881e-05 0.0015233 -1.0664e-19 0.0015233)
(0.00178638 -0.000694401 5.16493e-05 0.00178638 -1.00257e-18 0.00178638)
(0.00178638 -0.000694401 5.16493e-05 0.00178638 -1.61144e-19 0.00178638)
(0.00207197 -0.000843608 6.55507e-05 0.00207197 -1.24068e-18 0.00207197)
(0.00207197 -0.000843608 6.55507e-05 0.00207197 -2.32402e-19 0.00207197)
(0.00237663 -0.0010051 8.1597e-05 0.00237663 -1.51078e-18 0.00237663)
(0.00237663 -0.0010051 8.1597e-05 0.00237663 -3.25894e-19 0.00237663)
(0.00269613 -0.00117545 9.97196e-05 0.00269613 -1.79616e-18 0.00269613)
(0.00269613 -0.00117545 9.97196e-05 0.00269613 -4.50298e-19 0.00269613)
(0.00302568 -0.00135091 0.000119792 0.00302568 -2.12308e-18 0.00302568)
(0.00302568 -0.00135091 0.000119792 0.00302568 -5.81596e-19 0.00302568)
(0.0033603 -0.00152777 0.00014165 0.0033603 -2.46965e-18 0.0033603)
(0.0033603 -0.00152777 0.00014165 0.0033603 -7.08925e-19 0.0033603)
(0.00369516 -0.00170267 0.000165115 0.00369516 -2.89286e-18 0.00369516)
(0.00369516 -0.00170267 0.000165115 0.00369516 -8.11406e-19 0.00369516)
(0.00402586 -0.00187277 0.00019001 0.00402586 -3.39106e-18 0.00402586)
(0.00402586 -0.00187277 0.00019001 0.00402586 -9.0482e-19 0.00402586)
(0.00434858 -0.00203584 0.000216174 0.00434858 -3.8362e-18 0.00434858)
(0.00434858 -0.00203584 0.000216174 0.00434858 -1.09774e-18 0.00434858)
(0.00466019 -0.0021903 0.000243469 0.00466019 -4.23837e-18 0.00466019)
(0.00466019 -0.0021903 0.000243469 0.00466019 -1.31697e-18 0.00466019)
(0.00495828 -0.00233508 0.000271785 0.00495828 -4.8677e-18 0.00495828)
(0.00495828 -0.00233508 0.000271785 0.00495828 -1.45068e-18 0.00495828)
(0.00524112 -0.00246964 0.00030104 0.00524112 -5.64133e-18 0.00524112)
(0.00524112 -0.00246964 0.00030104 0.00524112 -1.5658e-18 0.00524112)
(0.00550758 -0.00259375 0.000331174 0.00550758 -6.39253e-18 0.00550758)
(0.00550758 -0.00259375 0.000331174 0.00550758 -1.785e-18 0.00550758)
(0.00575704 -0.0027075 0.000362152 0.00575704 -7.06199e-18 0.00575704)
(0.00575704 -0.0027075 0.000362152 0.00575704 -2.06182e-18 0.00575704)
(0.0059893 -0.00281116 0.000393954 0.0059893 -7.75239e-18 0.0059893)
(0.0059893 -0.00281116 0.000393954 0.0059893 -2.2834e-18 0.0059893)
(0.00620448 -0.00290512 0.000426577 0.00620448 -8.51974e-18 0.00620448)
(0.00620448 -0.00290512 0.000426577 0.00620448 -2.43768e-18 0.00620448)
(0.00640295 -0.00298985 0.000460025 0.00640295 -9.26676e-18 0.00640295)
(0.00640295 -0.00298985 0.000460025 0.00640295 -2.76708e-18 0.00640295)
(0.00658525 -0.00306587 0.000494314 0.00658525 -9.86501e-18 0.00658525)
(0.00658525 -0.00306587 0.000494314 0.00658525 -3.41271e-18 0.00658525)
(0.00675205 -0.0031337 0.000529464 0.00675205 -1.10371e-17 0.00675205)
(0.00675205 -0.0031337 0.000529464 0.00675205 -3.67708e-18 0.00675205)
(0.00690408 -0.00319384 0.000565498 0.00690408 -1.15818e-17 0.00690408)
(0.00690408 -0.00319384 0.000565498 0.00690408 -5.3346e-18 0.00690408)
(0.0070421 -0.00324679 0.000602441 0.0070421 -1.26026e-17 0.0070421)
(0.0070421 -0.00324679 0.000602441 0.0070421 -6.79917e-18 0.0070421)
(0.0071669 -0.003293 0.00064032 0.0071669 -1.36136e-17 0.0071669)
(0.0071669 -0.003293 0.00064032 0.0071669 -6.71308e-18 0.0071669)
(0.00727923 -0.0033329 0.000679158 0.00727923 -1.39052e-17 0.00727923)
(0.00727923 -0.0033329 0.000679158 0.00727923 -7.29761e-18 0.00727923)
(0.00737984 -0.00336687 0.00071898 0.00737984 -1.4075e-17 0.00737984)
(0.00737984 -0.00336687 0.00071898 0.00737984 -8.40615e-18 0.00737984)
(0.00746945 -0.00339526 0.000759804 0.00746945 -1.5073e-17 0.00746945)
(0.00746945 -0.00339526 0.000759804 0.00746945 -1.0033e-17 0.00746945)
(0.00754871 -0.00341839 0.000801648 0.00754871 -1.60295e-17 0.00754871)
(0.00754871 -0.00341839 0.000801648 0.00754871 -1.13995e-17 0.00754871)
(0.00761825 -0.00343655 0.000844522 0.00761825 -1.65674e-17 0.00761825)
(0.00761825 -0.00343655 0.000844522 0.00761825 -1.24498e-17 0.00761825)
(0.00767864 -0.00344997 0.000888432 0.00767864 -1.74533e-17 0.00767864)
(0.00767864 -0.00344997 0.000888432 0.00767864 -1.06492e-17 0.00767864)
(0.00773041 -0.00345888 0.000933379 0.00773041 -1.7946e-17 0.00773041)
(0.00773041 -0.00345888 0.000933379 0.00773041 -1.17896e-17 0.00773041)
(0.00777404 -0.00346347 0.000979353 0.00777404 -1.79571e-17 0.00777404)
(0.00777404 -0.00346347 0.000979353 0.00777404 -1.72378e-17 0.00777404)
(0.00780995 -0.00346389 0.00102634 0.00780995 -2.1009e-17 0.00780995)
(0.00780995 -0.00346389 0.00102634 0.00780995 -1.6517e-17 0.00780995)
(0.00783853 -0.00346029 0.00107431 0.00783853 -2.17815e-17 0.00783853)
(0.00783853 -0.00346029 0.00107431 0.00783853 -1.54663e-17 0.00783853)
(0.0078601 -0.00345278 0.00112323 0.0078601 -1.97494e-17 0.0078601)
(0.0078601 -0.00345278 0.00112323 0.0078601 -1.82901e-17 0.0078601)
(0.00787495 -0.00344146 0.00117305 0.00787495 -2.50213e-17 0.00787495)
(0.00787495 -0.00344146 0.00117305 0.00787495 -2.1208e-17 0.00787495)
(0.00788333 -0.0034264 0.00122371 0.00788333 -2.93377e-17 0.00788333)
(0.00788333 -0.0034264 0.00122371 0.00788333 -2.18869e-17 0.00788333)
(0.00788542 -0.00340766 0.00127512 0.00788542 -2.67336e-17 0.00788542)
(0.00788542 -0.00340766 0.00127512 0.00788542 -1.90433e-17 0.00788542)
(0.00788137 -0.00338528 0.0013272 0.00788137 -1.94326e-17 0.00788137)
(0.00788137 -0.00338528 0.0013272 0.00788137 -1.96777e-17 0.00788137)
(0.00787128 -0.00335927 0.00137983 0.00787128 -2.77351e-17 0.00787128)
(0.00787128 -0.00335927 0.00137983 0.00787128 -2.57571e-17 0.00787128)
(0.00785521 -0.00332965 0.00143288 0.00785521 -3.18147e-17 0.00785521)
(0.00785521 -0.00332965 0.00143288 0.00785521 -2.65891e-17 0.00785521)
(0.00783315 -0.00329642 0.00148618 0.00783315 -3.09654e-17 0.00783315)
(0.00783315 -0.00329642 0.00148618 0.00783315 -3.1018e-17 0.00783315)
(0.00780507 -0.00325955 0.00153955 0.00780507 -3.09751e-17 0.00780507)
(0.00780507 -0.00325955 0.00153955 0.00780507 -3.56008e-17 0.00780507)
(0.00777086 -0.003219 0.00159277 0.00777086 -3.83331e-17 0.00777086)
(0.00777086 -0.003219 0.00159277 0.00777086 -3.52488e-17 0.00777086)
(0.00773038 -0.00317474 0.0016456 0.00773038 -4.31973e-17 0.00773038)
(0.00773038 -0.00317474 0.0016456 0.00773038 -4.02613e-17 0.00773038)
(0.00768341 -0.00312671 0.00169775 0.00768341 -4.09481e-17 0.00768341)
(0.00768341 -0.00312671 0.00169775 0.00768341 -3.91734e-17 0.00768341)
(0.00762971 -0.00307484 0.0017489 0.00762971 -4.24027e-17 0.00762971)
(0.00762971 -0.00307484 0.0017489 0.00762971 -3.76286e-17 0.00762971)
(0.00756894 -0.00301904 0.00179867 0.00756894 -4.68226e-17 0.00756894)
(0.00756894 -0.00301904 0.00179867 0.00756894 -4.63025e-17 0.00756894)
(0.00750073 -0.00295923 0.00184664 0.00750073 -4.85486e-17 0.00750073)
(0.00750073 -0.00295923 0.00184664 0.00750073 -5.88351e-17 0.00750073)
(0.00742463 -0.0028953 0.00189234 0.00742463 -5.5135e-17 0.00742463)
(0.00742463 -0.0028953 0.00189234 0.00742463 -5.29598e-17 0.00742463)
(0.00734015 -0.00282714 0.00193521 0.00734015 -6.75863e-17 0.00734015)
(0.00734015 -0.00282714 0.00193521 0.00734015 -5.42234e-17 0.00734015)
(0.00724672 -0.00275462 0.00197466 0.00724672 -5.76806e-17 0.00724672)
(0.00724672 -0.00275462 0.00197466 0.00724672 -4.7751e-17 0.00724672)
(0.00714372 -0.00267762 0.00201 0.00714372 -5.63123e-17 0.00714372)
(0.00714372 -0.00267762 0.00201 0.00714372 -7.99439e-17 0.00714372)
(0.00703047 -0.00259597 0.00204045 0.00703047 -3.81375e-17 0.00703047)
(0.00703047 -0.00259597 0.00204045 0.00703047 -3.4596e-17 0.00703047)
(0.00690627 -0.00250953 0.00206514 0.00690627 -8.53638e-18 0.00690627)
(0.00690627 -0.00250953 0.00206514 0.00690627 -1.83427e-17 0.00690627)
(0.00677036 -0.00241812 0.0020831 0.00677036 -2.01825e-17 0.00677036)
(0.00677036 -0.00241812 0.0020831 0.00677036 -2.90657e-17 0.00677036)
(0.00662202 -0.00232157 0.00209324 0.00662202 -1.09715e-17 0.00662202)
(0.00662202 -0.00232157 0.00209324 0.00662202 -3.5395e-17 0.00662202)
(0.0064605 -0.00221969 0.00209434 0.0064605 -6.21845e-18 0.0064605)
(0.0064605 -0.00221969 0.00209434 0.0064605 -2.52286e-17 0.0064605)
(0.00628517 -0.00211226 0.00208503 0.00628517 -3.55806e-17 0.00628517)
(0.00628517 -0.00211226 0.00208503 0.00628517 -1.30052e-17 0.00628517)
(0.00609551 -0.00199908 0.00206377 0.00609551 -3.12268e-17 0.00609551)
(0.00609551 -0.00199908 0.00206377 0.00609551 -1.81241e-17 0.00609551)
(0.0058912 -0.00187993 0.00202885 0.0058912 -1.56392e-17 0.0058912)
(0.0058912 -0.00187993 0.00202885 0.0058912 2.01539e-18 0.0058912)
(0.00567231 -0.00175456 0.00197834 0.00567231 1.54049e-17 0.00567231)
(0.00567231 -0.00175456 0.00197834 0.00567231 1.57725e-17 0.00567231)
(0.00543935 -0.00162272 0.0019101 0.00543935 -2.50204e-17 0.00543935)
(0.00543935 -0.00162272 0.0019101 0.00543935 -4.57058e-17 0.00543935)
(0.00519361 -0.00148416 0.0018217 0.00519361 -8.54001e-17 0.00519361)
(0.00519361 -0.00148416 0.0018217 0.00519361 -4.62008e-17 0.00519361)
(0.00493734 -0.00133861 0.00171042 0.00493734 -6.51014e-18 0.00493734)
(0.00493734 -0.00133861 0.00171042 0.00493734 -3.26508e-17 0.00493734)
(0.00467426 -0.0011858 0.00157323 0.00467426 -9.53719e-18 0.00467426)
(0.00467426 -0.0011858 0.00157323 0.00467426 2.12663e-17 0.00467426)
(0.00440995 -0.00102546 0.00140672 0.00440995 -4.42022e-17 0.00440995)
(0.00440995 -0.00102546 0.00140672 0.00440995 -4.76012e-18 0.00440995)
(0.00415253 -0.00085733 0.00120718 0.00415253 -1.53757e-17 0.00415253)
(0.00415253 -0.00085733 0.00120718 0.00415253 -8.44617e-18 0.00415253)
(0.00391321 -0.000681196 0.000970653 0.00391321 -6.80698e-33 0.00391321)
(0.00391321 -0.000681196 0.000970653 0.00391321 -1.14034e-17 0.00391321)
(0.00370671 -0.000496882 0.000693171 0.00370671 -4.00015e-18 0.00370671)
(0.00370671 -0.000496882 0.000693171 0.00370671 -1.28071e-17 0.00370671)
(0.00355087 -0.000304215 0.000370908 0.00355087 -9.11329e-18 0.00355087)
(0.00355087 -0.000304215 0.000370908 0.00355087 -8.4459e-19 0.00355087)
(0.0034648 -1.46585e-20 3.00207e-17 0.0034648 -1.04642e-17 0.0034648)
(0.0034648 -8.178e-17 8.99998e-17 0.0034648 -1.82532e-17 0.0034648)
(0.0034648 6.35746e-12 -5.83482e-12 0.0034648 2.98344e-17 0.0034648)
(0.0034648 6.35729e-12 -5.83467e-12 0.0034648 2.63485e-17 0.0034648)
(0.00355087 0.000304215 -0.000370908 0.00355087 -2.57026e-34 0.00355087)
(0.00355087 0.000304215 -0.000370908 0.00355087 2.48299e-17 0.00355087)
(0.00370671 0.000496882 -0.000693171 0.00370671 -4.28026e-18 0.00370671)
(0.00370671 0.000496882 -0.000693171 0.00370671 -1.85846e-17 0.00370671)
(0.00391321 0.000681196 -0.000970653 0.00391321 1.88547e-17 0.00391321)
(0.00391321 0.000681196 -0.000970653 0.00391321 3.92996e-17 0.00391321)
(0.00415253 0.00085733 -0.00120718 0.00415253 4.02241e-17 0.00415253)
(0.00415253 0.00085733 -0.00120718 0.00415253 -2.14153e-33 0.00415253)
(0.00440995 0.00102546 -0.00140672 0.00440995 2.07943e-17 0.00440995)
(0.00440995 0.00102546 -0.00140672 0.00440995 1.02172e-17 0.00440995)
(0.00467426 0.0011858 -0.00157323 0.00467426 -1.24998e-17 0.00467426)
(0.00467426 0.0011858 -0.00157323 0.00467426 3.64694e-17 0.00467426)
(0.00493734 0.00133861 -0.00171042 0.00493734 2.02551e-17 0.00493734)
(0.00493734 0.00133861 -0.00171042 0.00493734 2.99723e-18 0.00493734)
(0.00519361 0.00148416 -0.0018217 0.00519361 2.82562e-17 0.00519361)
(0.00519361 0.00148416 -0.0018217 0.00519361 1.0056e-17 0.00519361)
(0.00543935 0.00162272 -0.0019101 0.00543935 -3.91323e-18 0.00543935)
(0.00543935 0.00162272 -0.0019101 0.00543935 1.43017e-17 0.00543935)
(0.00567231 0.00175456 -0.00197834 0.00567231 3.54054e-18 0.00567231)
(0.00567231 0.00175456 -0.00197834 0.00567231 2.89614e-18 0.00567231)
(0.0058912 0.00187993 -0.00202885 0.0058912 -2.6111e-18 0.0058912)
(0.0058912 0.00187993 -0.00202885 0.0058912 1.68684e-17 0.0058912)
(0.00609551 0.00199908 -0.00206377 0.00609551 -1.90715e-18 0.00609551)
(0.00609551 0.00199908 -0.00206377 0.00609551 9.29332e-18 0.00609551)
(0.00628517 0.00211226 -0.00208503 0.00628517 1.5043e-17 0.00628517)
(0.00628517 0.00211226 -0.00208503 0.00628517 7.99714e-18 0.00628517)
(0.0064605 0.00221969 -0.00209434 0.0064605 -7.50268e-18 0.0064605)
(0.0064605 0.00221969 -0.00209434 0.0064605 -1.48631e-18 0.0064605)
(0.00662202 0.00232157 -0.00209324 0.00662202 2.193e-18 0.00662202)
(0.00662202 0.00232157 -0.00209324 0.00662202 4.9297e-18 0.00662202)
(0.00677036 0.00241812 -0.0020831 0.00677036 1.99824e-17 0.00677036)
(0.00677036 0.00241812 -0.0020831 0.00677036 2.81667e-17 0.00677036)
(0.00690627 0.00250953 -0.00206514 0.00690627 7.42274e-18 0.00690627)
(0.00690627 0.00250953 -0.00206514 0.00690627 4.92868e-18 0.00690627)
(0.00703047 0.00259597 -0.00204045 0.00703047 1.06496e-17 0.00703047)
(0.00703047 0.00259597 -0.00204045 0.00703047 -1.41165e-17 0.00703047)
(0.00714372 0.00267762 -0.00201 0.00714372 1.7113e-17 0.00714372)
(0.00714372 0.00267762 -0.00201 0.00714372 -2.63436e-18 0.00714372)
(0.00724672 0.00275462 -0.00197466 0.00724672 1.64307e-17 0.00724672)
(0.00724672 0.00275462 -0.00197466 0.00724672 2.72489e-17 0.00724672)
(0.00734015 0.00282714 -0.00193521 0.00734015 -2.73121e-18 0.00734015)
(0.00734015 0.00282714 -0.00193521 0.00734015 3.3998e-17 0.00734015)
(0.00742463 0.0028953 -0.00189234 0.00742463 4.69838e-19 0.00742463)
(0.00742463 0.0028953 -0.00189234 0.00742463 1.76668e-17 0.00742463)
(0.00750073 0.00295923 -0.00184664 0.00750073 8.55439e-18 0.00750073)
(0.00750073 0.00295923 -0.00184664 0.00750073 -1.23123e-17 0.00750073)
(0.00756894 0.00301904 -0.00179867 0.00756894 6.04201e-18 0.00756894)
(0.00756894 0.00301904 -0.00179867 0.00756894 9.5677e-18 0.00756894)
(0.00762971 0.00307484 -0.0017489 0.00762971 1.01639e-17 0.00762971)
(0.00762971 0.00307484 -0.0017489 0.00762971 9.30981e-18 0.00762971)
(0.00768341 0.00312671 -0.00169775 0.00768341 1.14576e-17 0.00768341)
(0.00768341 0.00312671 -0.00169775 0.00768341 8.39962e-18 0.00768341)
(0.00773038 0.00317474 -0.0016456 0.00773038 5.13678e-18 0.00773038)
(0.00773038 0.00317474 -0.0016456 0.00773038 4.74401e-18 0.00773038)
(0.00777086 0.003219 -0.00159277 0.00777086 1.46894e-18 0.00777086)
(0.00777086 0.003219 -0.00159277 0.00777086 1.39018e-18 0.00777086)
(0.00780507 0.00325955 -0.00153955 0.00780507 -2.79942e-18 0.00780507)
(0.00780507 0.00325955 -0.00153955 0.00780507 -8.57627e-19 0.00780507)
(0.00783315 0.00329642 -0.00148618 0.00783315 3.37998e-18 0.00783315)
(0.00783315 0.00329642 -0.00148618 0.00783315 5.10443e-18 0.00783315)
(0.00785521 0.00332965 -0.00143288 0.00785521 8.54295e-18 0.00785521)
(0.00785521 0.00332965 -0.00143288 0.00785521 7.00437e-33 0.00785521)
(0.00787128 0.00335927 -0.00137983 0.00787128 3.71742e-18 0.00787128)
(0.00787128 0.00335927 -0.00137983 0.00787128 8.12873e-19 0.00787128)
(0.00788137 0.00338528 -0.0013272 0.00788137 1.09785e-19 0.00788137)
(0.00788137 0.00338528 -0.0013272 0.00788137 4.06965e-18 0.00788137)
(0.00788542 0.00340766 -0.00127512 0.00788542 7.30099e-33 0.00788542)
(0.00788542 0.00340766 -0.00127512 0.00788542 9.48902e-19 0.00788542)
(0.00788333 0.0034264 -0.00122371 0.00788333 2.89665e-18 0.00788333)
(0.00788333 0.0034264 -0.00122371 0.00788333 -2.17948e-18 0.00788333)
(0.00787495 0.00344146 -0.00117305 0.00787495 -6.60069e-19 0.00787495)
(0.00787495 0.00344146 -0.00117305 0.00787495 3.23036e-18 0.00787495)
(0.0078601 0.00345278 -0.00112323 0.0078601 2.08321e-18 0.0078601)
(0.0078601 0.00345278 -0.00112323 0.0078601 4.47623e-18 0.0078601)
(0.00783853 0.00346029 -0.00107431 0.00783853 2.73235e-18 0.00783853)
(0.00783853 0.00346029 -0.00107431 0.00783853 5.70047e-18 0.00783853)
(0.00780995 0.00346389 -0.00102634 0.00780995 -2.06766e-34 0.00780995)
(0.00780995 0.00346389 -0.00102634 0.00780995 5.36542e-18 0.00780995)
(0.00777404 0.00346347 -0.000979353 0.00777404 -1.23145e-21 0.00777404)
(0.00777404 0.00346347 -0.000979353 0.00777404 1.92585e-18 0.00777404)
(0.00773041 0.00345888 -0.000933379 0.00773041 9.31064e-19 0.00773041)
(0.00773041 0.00345888 -0.000933379 0.00773041 -2.00342e-18 0.00773041)
(0.00767864 0.00344997 -0.000888432 0.00767864 1.02753e-18 0.00767864)
(0.00767864 0.00344997 -0.000888432 0.00767864 1.5677e-19 0.00767864)
(0.00761825 0.00343655 -0.000844522 0.00761825 4.5324e-19 0.00761825)
(0.00761825 0.00343655 -0.000844522 0.00761825 4.38785e-19 0.00761825)
(0.00754871 0.00341839 -0.000801648 0.00754871 1.10999e-18 0.00754871)
(0.00754871 0.00341839 -0.000801648 0.00754871 -5.34528e-19 0.00754871)
(0.00746945 0.00339526 -0.000759804 0.00746945 1.38079e-18 0.00746945)
(0.00746945 0.00339526 -0.000759804 0.00746945 5.77574e-19 0.00746945)
(0.00737984 0.00336687 -0.00071898 0.00737984 6.75176e-19 0.00737984)
(0.00737984 0.00336687 -0.00071898 0.00737984 1.45672e-18 0.00737984)
(0.00727923 0.0033329 -0.000679158 0.00727923 8.97023e-19 0.00727923)
(0.00727923 0.0033329 -0.000679158 0.00727923 1.10415e-18 0.00727923)
(0.0071669 0.003293 -0.00064032 0.0071669 4.17648e-19 0.0071669)
(0.0071669 0.003293 -0.00064032 0.0071669 5.51444e-19 0.0071669)
(0.0070421 0.00324679 -0.000602441 0.0070421 8.59112e-19 0.0070421)
(0.0070421 0.00324679 -0.000602441 0.0070421 -2.34178e-20 0.0070421)
(0.00690408 0.00319384 -0.000565498 0.00690408 1.02988e-18 0.00690408)
(0.00690408 0.00319384 -0.000565498 0.00690408 1.58251e-18 0.00690408)
(0.00675205 0.0031337 -0.000529464 0.00675205 7.08145e-19 0.00675205)
(0.00675205 0.0031337 -0.000529464 0.00675205 5.31033e-19 0.00675205)
(0.00658525 0.00306587 -0.000494314 0.00658525 1.63828e-19 0.00658525)
(0.00658525 0.00306587 -0.000494314 0.00658525 6.10977e-19 0.00658525)
(0.00640295 0.00298985 -0.000460025 0.00640295 2.76388e-19 0.00640295)
(0.00640295 0.00298985 -0.000460025 0.00640295 3.08111e-19 0.00640295)
(0.00620448 0.00290512 -0.000426577 0.00620448 2.77692e-19 0.00620448)
(0.00620448 0.00290512 -0.000426577 0.00620448 1.34006e-19 0.00620448)
(0.0059893 0.00281116 -0.000393954 0.0059893 1.16332e-19 0.0059893)
(0.0059893 0.00281116 -0.000393954 0.0059893 -5.5416e-20 0.0059893)
(0.00575704 0.0027075 -0.000362152 0.00575704 1.75845e-19 0.00575704)
(0.00575704 0.0027075 -0.000362152 0.00575704 -5.09578e-19 0.00575704)
(0.00550758 0.00259375 -0.000331174 0.00550758 1.21101e-19 0.00550758)
(0.00550758 0.00259375 -0.000331174 0.00550758 -2.14716e-19 0.00550758)
(0.00524112 0.00246964 -0.00030104 0.00524112 2.36569e-20 0.00524112)
(0.00524112 0.00246964 -0.00030104 0.00524112 3.12435e-20 0.00524112)
(0.00495828 0.00233508 -0.000271785 0.00495828 -1.52862e-19 0.00495828)
(0.00495828 0.00233508 -0.000271785 0.00495828 1.59418e-19 0.00495828)
(0.00466019 0.0021903 -0.000243469 0.00466019 -1.0443e-19 0.00466019)
(0.00466019 0.0021903 -0.000243469 0.00466019 2.10946e-19 0.00466019)
(0.00434858 0.00203584 -0.000216174 0.00434858 -6.73536e-20 0.00434858)
(0.00434858 0.00203584 -0.000216174 0.00434858 1.00169e-19 0.00434858)
(0.00402586 0.00187277 -0.00019001 0.00402586 -1.69379e-19 0.00402586)
(0.00402586 0.00187277 -0.00019001 0.00402586 2.52301e-20 0.00402586)
(0.00369516 0.00170267 -0.000165115 0.00369516 -1.3952e-19 0.00369516)
(0.00369516 0.00170267 -0.000165115 0.00369516 7.98567e-21 0.00369516)
(0.0033603 0.00152777 -0.00014165 0.0033603 -6.05397e-20 0.0033603)
(0.0033603 0.00152777 -0.00014165 0.0033603 -6.52979e-21 0.0033603)
(0.00302568 0.00135091 -0.000119792 0.00302568 -1.07747e-20 0.00302568)
(0.00302568 0.00135091 -0.000119792 0.00302568 2.78088e-21 0.00302568)
(0.00269613 0.00117545 -9.97196e-05 0.00269613 7.13791e-21 0.00269613)
(0.00269613 0.00117545 -9.97196e-05 0.00269613 -3.14853e-21 0.00269613)
(0.00237663 0.0010051 -8.15971e-05 0.00237663 -9.7128e-21 0.00237663)
(0.00237663 0.0010051 -8.15971e-05 0.00237663 -1.03087e-20 0.00237663)
(0.00207197 0.000843608 -6.55508e-05 0.00207197 4.08515e-21 0.00207197)
(0.00207197 0.000843608 -6.55508e-05 0.00207197 2.88335e-21 0.00207197)
(0.00178638 0.000694401 -5.16493e-05 0.00178638 1.04055e-20 0.00178638)
(0.00178638 0.000694401 -5.16493e-05 0.00178638 8.37125e-21 0.00178638)
(0.0015233 0.000560239 -3.98881e-05 0.0015233 3.69464e-21 0.0015233)
(0.0015233 0.000560239 -3.98881e-05 0.0015233 5.41401e-22 0.0015233)
(0.00128506 0.000442928 -3.01839e-05 0.00128506 -1.72105e-21 0.00128506)
(0.00128506 0.000442928 -3.01839e-05 0.00128506 -6.26827e-21 0.00128506)
(0.00107287 0.000343193 -2.23805e-05 0.00107287 -4.19297e-22 0.00107287)
(0.00107287 0.000343193 -2.23805e-05 0.00107287 -3.09304e-21 0.00107287)
(0.000886839 0.000260709 -1.62653e-05 0.000886839 2.7946e-21 0.000886839)
(0.000886839 0.000260709 -1.62653e-05 0.000886839 -4.37948e-21 0.000886839)
(0.000726098 0.000194283 -1.15927e-05 0.000726098 1.61226e-21 0.000726098)
(0.000726098 0.000194283 -1.15927e-05 0.000726098 -3.81257e-21 0.000726098)
(0.000589063 0.000142123 -8.10819e-06 0.000589063 -1.55875e-21 0.000589063)
(0.000589063 0.000142123 -8.10819e-06 0.000589063 -1.6667e-21 0.000589063)
(0.00047366 0.000102123 -5.56879e-06 0.00047366 -1.53284e-21 0.00047366)
(0.00047366 0.000102123 -5.56879e-06 0.00047366 -6.41704e-22 0.00047366)
(0.000377549 7.21176e-05 -3.75787e-06 0.000377549 -5.79932e-22 0.000377549)
(0.000377549 7.21176e-05 -3.75787e-06 0.000377549 -5.29387e-22 0.000377549)
(0.000298317 5.00694e-05 -2.49248e-06 0.000298317 -3.55524e-22 0.000298317)
(0.000298317 5.00694e-05 -2.49248e-06 0.000298317 -5.42443e-22 0.000298317)
(0.000233616 3.41786e-05 -1.62512e-06 0.000233616 -3.25146e-22 0.000233616)
(0.000233616 3.41786e-05 -1.62512e-06 0.000233616 -3.79989e-22 0.000233616)
(0.000181253 2.29347e-05 -1.04143e-06 0.000181253 -1.98555e-22 0.000181253)
(0.000181253 2.29347e-05 -1.04143e-06 0.000181253 -2.67294e-22 0.000181253)
(0.000139245 1.51198e-05 -6.55588e-07 0.000139245 -1.11472e-22 0.000139245)
(0.000139245 1.51198e-05 -6.55588e-07 0.000139245 -2.3656e-22 0.000139245)
(0.000105836 9.78353e-06 -4.05033e-07 0.000105836 -8.12944e-23 0.000105836)
(0.000105836 9.78353e-06 -4.05033e-07 0.000105836 -1.44895e-22 0.000105836)
(7.95055e-05 6.20493e-06 -2.45251e-07 7.95055e-05 -3.41946e-23 7.95055e-05)
(7.95055e-05 6.20493e-06 -2.45251e-07 7.95055e-05 -9.015e-23 7.95055e-05)
(5.89501e-05 3.84984e-06 -1.45269e-07 5.89501e-05 -8.99591e-24 5.89501e-05)
(5.89501e-05 3.84984e-06 -1.45269e-07 5.89501e-05 -5.32952e-23 5.89501e-05)
(4.30686e-05 2.33091e-06 -8.39646e-08 4.30686e-05 -7.43762e-24 4.30686e-05)
(4.30686e-05 2.33091e-06 -8.39646e-08 4.30686e-05 -2.74855e-23 4.30686e-05)
(3.09388e-05 1.37272e-06 -4.72043e-08 3.09388e-05 -4.59008e-24 3.09388e-05)
(3.09388e-05 1.37272e-06 -4.72043e-08 3.09388e-05 -1.54619e-23 3.09388e-05)
(2.17944e-05 7.83087e-07 -2.57057e-08 2.17944e-05 -2.32015e-24 2.17944e-05)
(2.17944e-05 7.83087e-07 -2.57057e-08 2.17944e-05 -9.41659e-24 2.17944e-05)
(1.50039e-05 4.30409e-07 -1.3487e-08 1.50039e-05 -1.23426e-24 1.50039e-05)
(1.50039e-05 4.30409e-07 -1.3487e-08 1.50039e-05 -5.33767e-24 1.50039e-05)
(1.00498e-05 2.26345e-07 -6.77044e-09 1.00498e-05 -4.01508e-25 1.00498e-05)
(1.00498e-05 2.26345e-07 -6.77044e-09 1.00498e-05 -2.7814e-24 1.00498e-05)
(6.51139e-06 1.12843e-07 -3.22204e-09 6.51139e-06 -1.55098e-25 6.51139e-06)
(6.51139e-06 1.12843e-07 -3.22204e-09 6.51139e-06 -1.33643e-24 6.51139e-06)
(4.0489e-06 5.26722e-08 -1.43563e-09 4.0489e-06 -8.40247e-26 4.0489e-06)
(4.0489e-06 5.26722e-08 -1.43563e-09 4.0489e-06 -5.4993e-25 4.0489e-06)
(2.38995e-06 2.26231e-08 -5.88598e-10 2.38995e-06 -3.78798e-26 2.38995e-06)
(2.38995e-06 2.26231e-08 -5.88598e-10 2.38995e-06 -2.19377e-25 2.38995e-06)
(1.31815e-06 8.72023e-09 -2.16571e-10 1.31815e-06 -1.62497e-26 1.31815e-06)
(1.31815e-06 8.72023e-09 -2.16571e-10 1.31815e-06 -7.81274e-26 1.31815e-06)
(6.63368e-07 2.90535e-09 -6.8877e-11 6.63368e-07 -5.49366e-27 6.63368e-07)
(6.63368e-07 2.90535e-09 -6.8877e-11 6.63368e-07 -2.47775e-26 6.63368e-07)
(2.93632e-07 7.89001e-10 -1.78549e-11 2.93632e-07 -1.38945e-27 2.93632e-07)
(2.93632e-07 7.89001e-10 -1.78549e-11 2.93632e-07 -6.663e-27 2.93632e-07)
(1.08624e-07 1.59866e-10 -3.45334e-12 1.08624e-07 -2.86184e-28 1.08624e-07)
(1.08624e-07 1.59866e-10 -3.45334e-12 1.08624e-07 -1.25163e-27 1.08624e-07)
(3.54246e-08 2.37801e-11 -4.90343e-13 3.54246e-08 -4.2156e-29 3.54246e-08)
(3.54246e-08 2.37801e-11 -4.90343e-13 3.54246e-08 -1.73664e-28 3.54246e-08)
(3.29497e-08 7.27603e-12 -1.01798e-13 3.29497e-08 -2.94857e-29 3.29497e-08)
(3.29497e-08 7.27603e-12 -1.01798e-13 3.29497e-08 -1.05409e-28 3.29497e-08)
(2.04313e-07 7.70451e-12 -3.53638e-14 2.04313e-07 -1.00575e-28 2.04313e-07)
(2.04313e-07 7.70451e-12 -3.53638e-14 2.04313e-07 -2.84951e-28 2.04313e-07)
(0.0034648 6.35746e-12 5.83482e-12 0.0034648 -1.84383e-17 0.0034648)
(0.0034648 6.35909e-12 5.83473e-12 0.0034648 -2.23432e-17 0.0034648)
(0.00355087 0.000304215 0.000370908 0.00355087 -1.74392e-17 0.00355087)
(0.00355087 0.000304215 0.000370908 0.00355087 -1.90235e-17 0.00355087)
(0.00370671 0.000496882 0.000693171 0.00370671 2.52376e-17 0.00370671)
(0.00370671 0.000496882 0.000693171 0.00370671 -1.92793e-17 0.00370671)
(0.00391321 0.000681196 0.000970653 0.00391321 -2.34737e-17 0.00391321)
(0.00391321 0.000681196 0.000970653 0.00391321 -5.0995e-18 0.00391321)
(0.00415253 0.00085733 0.00120718 0.00415253 -4.07154e-17 0.00415253)
(0.00415253 0.00085733 0.00120718 0.00415253 -3.48291e-17 0.00415253)
(0.00440995 0.00102546 0.00140672 0.00440995 -2.76239e-18 0.00440995)
(0.00440995 0.00102546 0.00140672 0.00440995 -1.65561e-17 0.00440995)
(0.00467426 0.0011858 0.00157323 0.00467426 -8.51449e-18 0.00467426)
(0.00467426 0.0011858 0.00157323 0.00467426 4.80615e-19 0.00467426)
(0.00493734 0.00133861 0.00171042 0.00493734 -1.91586e-17 0.00493734)
(0.00493734 0.00133861 0.00171042 0.00493734 -2.70499e-17 0.00493734)
(0.00519361 0.00148416 0.0018217 0.00519361 -1.67838e-17 0.00519361)
(0.00519361 0.00148416 0.0018217 0.00519361 -8.3094e-18 0.00519361)
(0.00543935 0.00162272 0.0019101 0.00543935 -1.44157e-18 0.00543935)
(0.00543935 0.00162272 0.0019101 0.00543935 -2.25123e-17 0.00543935)
(0.00567231 0.00175456 0.00197834 0.00567231 1.62386e-18 0.00567231)
(0.00567231 0.00175456 0.00197834 0.00567231 -1.35627e-17 0.00567231)
(0.0058912 0.00187993 0.00202885 0.0058912 1.17079e-17 0.0058912)
(0.0058912 0.00187993 0.00202885 0.0058912 2.09179e-17 0.0058912)
(0.00609551 0.00199908 0.00206377 0.00609551 4.52286e-18 0.00609551)
(0.00609551 0.00199908 0.00206377 0.00609551 1.42364e-17 0.00609551)
(0.00628517 0.00211226 0.00208503 0.00628517 -8.96867e-18 0.00628517)
(0.00628517 0.00211226 0.00208503 0.00628517 -3.98864e-18 0.00628517)
(0.0064605 0.00221969 0.00209434 0.0064605 -2.85854e-17 0.0064605)
(0.0064605 0.00221969 0.00209434 0.0064605 -2.99803e-17 0.0064605)
(0.00662202 0.00232157 0.00209324 0.00662202 -3.08291e-18 0.00662202)
(0.00662202 0.00232157 0.00209324 0.00662202 1.37383e-18 0.00662202)
(0.00677036 0.00241812 0.0020831 0.00677036 1.89025e-17 0.00677036)
(0.00677036 0.00241812 0.0020831 0.00677036 -7.59107e-18 0.00677036)
(0.00690627 0.00250953 0.00206514 0.00690627 -1.48299e-17 0.00690627)
(0.00690627 0.00250953 0.00206514 0.00690627 -1.83122e-17 0.00690627)
(0.00703047 0.00259597 0.00204045 0.00703047 -1.44111e-17 0.00703047)
(0.00703047 0.00259597 0.00204045 0.00703047 -7.44196e-18 0.00703047)
(0.00714372 0.00267762 0.00201 0.00714372 -1.23887e-17 0.00714372)
(0.00714372 0.00267762 0.00201 0.00714372 -1.77574e-17 0.00714372)
(0.00724672 0.00275462 0.00197466 0.00724672 -4.01075e-18 0.00724672)
(0.00724672 0.00275462 0.00197466 0.00724672 1.29291e-18 0.00724672)
(0.00734015 0.00282714 0.00193521 0.00734015 -3.46072e-18 0.00734015)
(0.00734015 0.00282714 0.00193521 0.00734015 -8.93519e-18 0.00734015)
(0.00742463 0.0028953 0.00189234 0.00742463 -7.66369e-18 0.00742463)
(0.00742463 0.0028953 0.00189234 0.00742463 -1.67298e-32 0.00742463)
(0.00750073 0.00295923 0.00184664 0.00750073 -9.19146e-18 0.00750073)
(0.00750073 0.00295923 0.00184664 0.00750073 1.1998e-17 0.00750073)
(0.00756894 0.00301904 0.00179867 0.00756894 -4.66672e-18 0.00756894)
(0.00756894 0.00301904 0.00179867 0.00756894 -8.63985e-18 0.00756894)
(0.00762971 0.00307484 0.0017489 0.00762971 -8.05056e-19 0.00762971)
(0.00762971 0.00307484 0.0017489 0.00762971 -7.46667e-18 0.00762971)
(0.00768341 0.00312671 0.00169775 0.00768341 -1.08173e-17 0.00768341)
(0.00768341 0.00312671 0.00169775 0.00768341 -8.85097e-18 0.00768341)
(0.00773038 0.00317474 0.0016456 0.00773038 -9.71375e-32 0.00773038)
(0.00773038 0.00317474 0.0016456 0.00773038 -1.19901e-18 0.00773038)
(0.00777086 0.003219 0.00159277 0.00777086 -4.26625e-19 0.00777086)
(0.00777086 0.003219 0.00159277 0.00777086 6.19506e-18 0.00777086)
(0.00780507 0.00325955 0.00153955 0.00780507 -6.88476e-18 0.00780507)
(0.00780507 0.00325955 0.00153955 0.00780507 -3.71957e-18 0.00780507)
(0.00783315 0.00329642 0.00148618 0.00783315 4.99838e-20 0.00783315)
(0.00783315 0.00329642 0.00148618 0.00783315 -5.8791e-18 0.00783315)
(0.00785521 0.00332965 0.00143288 0.00785521 -5.57711e-19 0.00785521)
(0.00785521 0.00332965 0.00143288 0.00785521 -7.91182e-18 0.00785521)
(0.00787128 0.00335927 0.00137983 0.00787128 -2.50379e-18 0.00787128)
(0.00787128 0.00335927 0.00137983 0.00787128 -8.24126e-19 0.00787128)
(0.00788137 0.00338528 0.0013272 0.00788137 -3.88867e-18 0.00788137)
(0.00788137 0.00338528 0.0013272 0.00788137 -3.74354e-18 0.00788137)
(0.00788542 0.00340766 0.00127512 0.00788542 -4.06105e-18 0.00788542)
(0.00788542 0.00340766 0.00127512 0.00788542 -7.34637e-18 0.00788542)
(0.00788333 0.0034264 0.00122371 0.00788333 -3.42872e-18 0.00788333)
(0.00788333 0.0034264 0.00122371 0.00788333 -2.92847e-18 0.00788333)
(0.00787495 0.00344146 0.00117305 0.00787495 -2.20032e-18 0.00787495)
(0.00787495 0.00344146 0.00117305 0.00787495 -1.00042e-19 0.00787495)
(0.0078601 0.00345278 0.00112323 0.0078601 -2.30421e-18 0.0078601)
(0.0078601 0.00345278 0.00112323 0.0078601 6.32545e-19 0.0078601)
(0.00783853 0.00346029 0.00107431 0.00783853 -2.96156e-18 0.00783853)
(0.00783853 0.00346029 0.00107431 0.00783853 -4.61078e-20 0.00783853)
(0.00780995 0.00346389 0.00102634 0.00780995 -3.18367e-18 0.00780995)
(0.00780995 0.00346389 0.00102634 0.00780995 -1.5778e-18 0.00780995)
(0.00777404 0.00346347 0.000979353 0.00777404 -1.29005e-18 0.00777404)
(0.00777404 0.00346347 0.000979353 0.00777404 -2.13627e-18 0.00777404)
(0.00773041 0.00345888 0.000933379 0.00773041 1.16076e-19 0.00773041)
(0.00773041 0.00345888 0.000933379 0.00773041 -3.87491e-20 0.00773041)
(0.00767864 0.00344997 0.000888432 0.00767864 -4.11541e-19 0.00767864)
(0.00767864 0.00344997 0.000888432 0.00767864 1.62856e-18 0.00767864)
(0.00761825 0.00343655 0.000844522 0.00761825 6.2275e-19 0.00761825)
(0.00761825 0.00343655 0.000844522 0.00761825 -1.12695e-19 0.00761825)
(0.00754871 0.00341839 0.000801648 0.00754871 2.88269e-19 0.00754871)
(0.00754871 0.00341839 0.000801648 0.00754871 -8.79634e-19 0.00754871)
(0.00746945 0.00339526 0.000759804 0.00746945 -7.4832e-19 0.00746945)
(0.00746945 0.00339526 0.000759804 0.00746945 -2.50079e-19 0.00746945)
(0.00737984 0.00336687 0.00071898 0.00737984 -1.48657e-18 0.00737984)
(0.00737984 0.00336687 0.00071898 0.00737984 -7.00687e-19 0.00737984)
(0.00727923 0.0033329 0.000679158 0.00727923 -2.70997e-32 0.00727923)
(0.00727923 0.0033329 0.000679158 0.00727923 -1.05874e-18 0.00727923)
(0.0071669 0.003293 0.00064032 0.0071669 -4.17648e-19 0.0071669)
(0.0071669 0.003293 0.00064032 0.0071669 -7.23769e-33 0.0071669)
(0.0070421 0.00324679 0.000602441 0.0070421 -4.35493e-19 0.0070421)
(0.0070421 0.00324679 0.000602441 0.0070421 -5.41518e-19 0.0070421)
(0.00690408 0.00319384 0.000565498 0.00690408 -6.33748e-19 0.00690408)
(0.00690408 0.00319384 0.000565498 0.00690408 3.66468e-33 0.00690408)
(0.00675205 0.0031337 0.000529464 0.00675205 -4.948e-19 0.00675205)
(0.00675205 0.0031337 0.000529464 0.00675205 6.17001e-20 0.00675205)
(0.00658525 0.00306587 0.000494314 0.00658525 -3.56089e-19 0.00658525)
(0.00658525 0.00306587 0.000494314 0.00658525 2.5928e-20 0.00658525)
(0.00640295 0.00298985 0.000460025 0.00640295 -3.41512e-20 0.00640295)
(0.00640295 0.00298985 0.000460025 0.00640295 4.90297e-20 0.00640295)
(0.00620448 0.00290512 0.000426577 0.00620448 1.78104e-19 0.00620448)
(0.00620448 0.00290512 0.000426577 0.00620448 -1.31219e-19 0.00620448)
(0.0059893 0.00281116 0.000393954 0.0059893 1.67948e-19 0.0059893)
(0.0059893 0.00281116 0.000393954 0.0059893 -2.61847e-19 0.0059893)
(0.00575704 0.0027075 0.000362152 0.00575704 3.30036e-19 0.00575704)
(0.00575704 0.0027075 0.000362152 0.00575704 -9.98625e-20 0.00575704)
(0.00550758 0.00259375 0.000331174 0.00550758 1.45893e-19 0.00550758)
(0.00550758 0.00259375 0.000331174 0.00550758 7.91312e-20 0.00550758)
(0.00524112 0.00246964 0.00030104 0.00524112 -6.90399e-20 0.00524112)
(0.00524112 0.00246964 0.00030104 0.00524112 6.66787e-20 0.00524112)
(0.00495828 0.00233508 0.000271785 0.00495828 -1.75876e-19 0.00495828)
(0.00495828 0.00233508 0.000271785 0.00495828 -5.47438e-20 0.00495828)
(0.00466019 0.0021903 0.000243469 0.00466019 -1.74647e-19 0.00466019)
(0.00466019 0.0021903 0.000243469 0.00466019 -6.02441e-20 0.00466019)
(0.00434858 0.00203584 0.000216174 0.00434858 -1.31968e-19 0.00434858)
(0.00434858 0.00203584 0.000216174 0.00434858 -2.32156e-20 0.00434858)
(0.00402586 0.00187277 0.00019001 0.00402586 -7.73041e-20 0.00402586)
(0.00402586 0.00187277 0.00019001 0.00402586 2.03689e-20 0.00402586)
(0.00369516 0.00170267 0.000165115 0.00369516 -2.11402e-20 0.00369516)
(0.00369516 0.00170267 0.000165115 0.00369516 4.02529e-20 0.00369516)
(0.0033603 0.00152777 0.00014165 0.0033603 -1.26009e-20 0.0033603)
(0.0033603 0.00152777 0.00014165 0.0033603 -1.65354e-20 0.0033603)
(0.00302568 0.00135091 0.000119792 0.00302568 -1.42876e-20 0.00302568)
(0.00302568 0.00135091 0.000119792 0.00302568 -2.70045e-20 0.00302568)
(0.00269613 0.00117545 9.97196e-05 0.00269613 5.08251e-22 0.00269613)
(0.00269613 0.00117545 9.97196e-05 0.00269613 7.85999e-21 0.00269613)
(0.00237663 0.0010051 8.15971e-05 0.00237663 -4.01337e-21 0.00237663)
(0.00237663 0.0010051 8.15971e-05 0.00237663 1.10639e-20 0.00237663)
(0.00207197 0.000843608 6.55508e-05 0.00207197 1.94443e-21 0.00207197)
(0.00207197 0.000843608 6.55508e-05 0.00207197 -6.98537e-21 0.00207197)
(0.00178638 0.000694401 5.16493e-05 0.00178638 8.8239e-22 0.00178638)
(0.00178638 0.000694401 5.16493e-05 0.00178638 -7.33496e-21 0.00178638)
(0.0015233 0.000560239 3.98881e-05 0.0015233 -2.00371e-21 0.0015233)
(0.0015233 0.000560239 3.98881e-05 0.0015233 5.38092e-24 0.0015233)
(0.00128506 0.000442928 3.01839e-05 0.00128506 2.37236e-21 0.00128506)
(0.00128506 0.000442928 3.01839e-05 0.00128506 -7.1827e-22 0.00128506)
(0.00107287 0.000343193 2.23805e-05 0.00107287 -3.08289e-22 0.00107287)
(0.00107287 0.000343193 2.23805e-05 0.00107287 -3.27424e-22 0.00107287)
(0.000886839 0.000260709 1.62653e-05 0.000886839 1.08158e-21 0.000886839)
(0.000886839 0.000260709 1.62653e-05 0.000886839 -1.31257e-21 0.000886839)
(0.000726098 0.000194283 1.15927e-05 0.000726098 1.2794e-22 0.000726098)
(0.000726098 0.000194283 1.15927e-05 0.000726098 5.08e-22 0.000726098)
(0.000589063 0.000142123 8.10819e-06 0.000589063 -1.53988e-21 0.000589063)
(0.000589063 0.000142123 8.10819e-06 0.000589063 7.80777e-22 0.000589063)
(0.00047366 0.000102123 5.56879e-06 0.00047366 -1.52913e-21 0.00047366)
(0.00047366 0.000102123 5.56879e-06 0.00047366 -4.71075e-23 0.00047366)
(0.000377549 7.21176e-05 3.75787e-06 0.000377549 -8.56857e-22 0.000377549)
(0.000377549 7.21176e-05 3.75787e-06 0.000377549 -1.02168e-23 0.000377549)
(0.000298317 5.00694e-05 2.49248e-06 0.000298317 -4.15866e-22 0.000298317)
(0.000298317 5.00694e-05 2.49248e-06 0.000298317 -1.12483e-22 0.000298317)
(0.000233616 3.41786e-05 1.62512e-06 0.000233616 -2.34634e-22 0.000233616)
(0.000233616 3.41786e-05 1.62512e-06 0.000233616 -7.52554e-23 0.000233616)
(0.000181253 2.29347e-05 1.04143e-06 0.000181253 -1.00345e-22 0.000181253)
(0.000181253 2.29347e-05 1.04143e-06 0.000181253 3.66137e-24 0.000181253)
(0.000139245 1.51198e-05 6.55588e-07 0.000139245 -5.3173e-24 0.000139245)
(0.000139245 1.51198e-05 6.55588e-07 0.000139245 -2.74853e-23 0.000139245)
(0.000105836 9.78353e-06 4.05033e-07 0.000105836 -3.98522e-25 0.000105836)
(0.000105836 9.78353e-06 4.05033e-07 0.000105836 3.98842e-24 0.000105836)
(7.95055e-05 6.20493e-06 2.45251e-07 7.95055e-05 -9.51708e-25 7.95055e-05)
(7.95055e-05 6.20493e-06 2.45251e-07 7.95055e-05 -3.72054e-25 7.95055e-05)
(5.89501e-05 3.84984e-06 1.45269e-07 5.89501e-05 1.19757e-23 5.89501e-05)
(5.89501e-05 3.84984e-06 1.45269e-07 5.89501e-05 -1.43672e-23 5.89501e-05)
(4.30686e-05 2.33091e-06 8.39646e-08 4.30686e-05 8.54087e-24 4.30686e-05)
(4.30686e-05 2.33091e-06 8.39646e-08 4.30686e-05 -8.78534e-24 4.30686e-05)
(3.09388e-05 1.37272e-06 4.72043e-08 3.09388e-05 6.9664e-24 3.09388e-05)
(3.09388e-05 1.37272e-06 4.72043e-08 3.09388e-05 -4.41036e-24 3.09388e-05)
(2.17944e-05 7.83087e-07 2.57057e-08 2.17944e-05 5.16048e-24 2.17944e-05)
(2.17944e-05 7.83087e-07 2.57057e-08 2.17944e-05 -2.89382e-24 2.17944e-05)
(1.50039e-05 4.30409e-07 1.3487e-08 1.50039e-05 3.1518e-24 1.50039e-05)
(1.50039e-05 4.30409e-07 1.3487e-08 1.50039e-05 -1.36151e-24 1.50039e-05)
(1.00498e-05 2.26345e-07 6.77044e-09 1.00498e-05 1.76799e-24 1.00498e-05)
(1.00498e-05 2.26345e-07 6.77044e-09 1.00498e-05 -6.77761e-25 1.00498e-05)
(6.51139e-06 1.12843e-07 3.22204e-09 6.51139e-06 8.40358e-25 6.51139e-06)
(6.51139e-06 1.12843e-07 3.22204e-09 6.51139e-06 -3.6186e-25 6.51139e-06)
(4.0489e-06 5.26722e-08 1.43563e-09 4.0489e-06 3.33557e-25 4.0489e-06)
(4.0489e-06 5.26722e-08 1.43563e-09 4.0489e-06 -1.37342e-25 4.0489e-06)
(2.38995e-06 2.26231e-08 5.88598e-10 2.38995e-06 1.36759e-25 2.38995e-06)
(2.38995e-06 2.26231e-08 5.88598e-10 2.38995e-06 -6.93937e-26 2.38995e-06)
(1.31815e-06 8.72023e-09 2.16571e-10 1.31815e-06 5.25311e-26 1.31815e-06)
(1.31815e-06 8.72023e-09 2.16571e-10 1.31815e-06 -3.15725e-26 1.31815e-06)
(6.63368e-07 2.90535e-09 6.8877e-11 6.63368e-07 1.75238e-26 6.63368e-07)
(6.63368e-07 2.90535e-09 6.8877e-11 6.63368e-07 -8.78723e-27 6.63368e-07)
(2.93632e-07 7.89001e-10 1.78549e-11 2.93632e-07 4.80441e-27 2.93632e-07)
(2.93632e-07 7.89001e-10 1.78549e-11 2.93632e-07 -2.29224e-27 2.93632e-07)
(1.08624e-07 1.59866e-10 3.45334e-12 1.08624e-07 9.08231e-28 1.08624e-07)
(1.08624e-07 1.59866e-10 3.45334e-12 1.08624e-07 -4.60073e-28 1.08624e-07)
(3.54246e-08 2.37801e-11 4.90343e-13 3.54246e-08 1.2705e-28 3.54246e-08)
(3.54246e-08 2.37801e-11 4.90343e-13 3.54246e-08 -6.71164e-29 3.54246e-08)
(3.29497e-08 7.27603e-12 1.01798e-13 3.29497e-08 7.79221e-29 3.29497e-08)
(3.29497e-08 7.27603e-12 1.01798e-13 3.29497e-08 -1.14392e-28 3.29497e-08)
(2.04313e-07 7.70451e-12 3.53638e-14 2.04313e-07 2.87369e-28 2.04313e-07)
(2.04313e-07 7.70451e-12 3.53638e-14 2.04313e-07 -1.29154e-28 2.04313e-07)
)
;

boundaryField
{
    walls
    {
        type            kqRWallFunction;
        value           nonuniform List<symmTensor> 8((2.04313e-07 -0 -0 2.04313e-07 0 2.04313e-07) (2.04313e-07 -0 0 2.04313e-07 -0 2.04313e-07) (2.04313e-07 -0 -0 2.04313e-07 -0 2.04313e-07) (2.04313e-07 -0 0 2.04313e-07 -0 2.04313e-07) (2.04313e-07 0 -0 2.04313e-07 -0 2.04313e-07) (2.04313e-07 0 0 2.04313e-07 0 2.04313e-07) (2.04313e-07 0 -0 2.04313e-07 -0 2.04313e-07) (2.04313e-07 0 0 2.04313e-07 -0 2.04313e-07));
    }
    inlet
    {
        type            cyclic;
    }
    outlet
    {
        type            cyclic;
    }
    sides
    {
        type            empty;
    }
}


// ************************************************************************* //
