/*--------------------------------*- C++ -*----------------------------------*\
| =========                 |                                                 |
| \\      /  F ield         | OpenFOAM: The Open Source CFD Toolbox           |
|  \\    /   O peration     | Version:  2106                                  |
|   \\  /    A nd           | Website:  www.openfoam.com                      |
|    \\/     M anipulation  |                                                 |
\*---------------------------------------------------------------------------*/
FoamFile
{
    version     2.0;
    format      ascii;
    arch        "LSB;label=32;scalar=64";
    class       volScalarField;
    location    "10010";
    object      nut;
}
// * * * * * * * * * * * * * * * * * * * * * * * * * * * * * * * * * * * * * //

dimensions      [0 2 -1 0 0 0 0];

internalField   nonuniform List<scalar> 
2000
(
2.82678e-12
2.82678e-12
3.41799e-12
3.41799e-12
2.42916e-11
2.42916e-11
1.7735e-10
1.7735e-10
8.21607e-10
8.21607e-10
2.79455e-09
2.79455e-09
7.72231e-09
7.72231e-09
1.84107e-08
1.84107e-08
3.93112e-08
3.93112e-08
7.70403e-08
7.70403e-08
1.40908e-07
1.40908e-07
2.43389e-07
2.43389e-07
4.00435e-07
4.00435e-07
6.31528e-07
6.31528e-07
9.59374e-07
9.59374e-07
1.40918e-06
1.40918e-06
2.00752e-06
2.00752e-06
2.78095e-06
2.78095e-06
3.75443e-06
3.75443e-06
4.94998e-06
4.94998e-06
6.38555e-06
6.38555e-06
8.07444e-06
8.07444e-06
1.00252e-05
1.00252e-05
1.22419e-05
1.22419e-05
1.47249e-05
1.47249e-05
1.74715e-05
1.74715e-05
2.04767e-05
2.04767e-05
2.37344e-05
2.37344e-05
2.72375e-05
2.72375e-05
3.09786e-05
3.09786e-05
3.49507e-05
3.49507e-05
3.91469e-05
3.91469e-05
4.35609e-05
4.35609e-05
4.8187e-05
4.8187e-05
5.30201e-05
5.30201e-05
5.80558e-05
5.80558e-05
6.32903e-05
6.32903e-05
6.87203e-05
6.87203e-05
7.43432e-05
7.43432e-05
8.01568e-05
8.01568e-05
8.61593e-05
8.61593e-05
9.23493e-05
9.23493e-05
9.87259e-05
9.87259e-05
0.000105289
0.000105289
0.000112037
0.000112037
0.000118971
0.000118971
0.00012609
0.00012609
0.000133396
0.000133396
0.000140889
0.000140889
0.000148569
0.000148569
0.000156438
0.000156438
0.000164497
0.000164497
0.000172748
0.000172748
0.00018119
0.00018119
0.000189827
0.000189827
0.00019866
0.00019866
0.00020769
0.00020769
0.00021692
0.00021692
0.000226352
0.000226352
0.000235987
0.000235987
0.000245828
0.000245828
0.000255878
0.000255878
0.000266138
0.000266138
0.00027661
0.00027661
0.000287299
0.000287299
0.000298205
0.000298205
0.000309332
0.000309332
0.000320682
0.000320682
0.000332259
0.000332259
0.000344064
0.000344064
0.000356102
0.000356102
0.000368374
0.000368374
0.000380884
0.000380884
0.000393635
0.000393635
0.000406631
0.000406631
0.000419873
0.000419873
0.000433366
0.000433366
0.000447112
0.000447112
0.000461116
0.000461116
0.00047538
0.00047538
0.000489907
0.000489907
0.000504702
0.000504702
0.000519768
0.000519768
0.000535108
0.000535108
0.000550725
0.000550725
0.000566625
0.000566625
0.000582809
0.000582809
0.000599282
0.000599282
0.000616047
0.000616047
0.000633109
0.000633109
0.00065047
0.00065047
0.000668136
0.000668136
0.000686109
0.000686109
0.000704393
0.000704393
0.000722994
0.000722994
0.000741913
0.000741913
0.000761156
0.000761156
0.000780726
0.000780726
0.000800627
0.000800627
0.000820864
0.000820864
0.00084144
0.00084144
0.000862359
0.000862359
0.000883626
0.000883626
0.000905244
0.000905244
0.000927217
0.000927217
0.000949551
0.000949551
0.000972248
0.000972248
0.000995313
0.000995313
0.00101875
0.00101875
0.00104256
0.00104256
0.00106675
0.00106675
0.00109133
0.00109133
0.0011163
0.0011163
0.00114165
0.00114165
0.00116741
0.00116741
0.00119356
0.00119356
0.00122012
0.00122012
0.00124708
0.00124708
0.00127446
0.00127446
0.00130225
0.00130225
0.00133046
0.00133046
0.0013591
0.0013591
0.00138816
0.00138816
0.00141766
0.00141766
0.00144758
0.00144758
0.00147795
0.00147795
0.00150876
0.00150876
0.00154001
0.00154001
0.00157171
0.00157171
0.00160386
0.00160386
0.00163646
0.00163646
0.00166953
0.00166953
0.00170305
0.00170305
0.00173703
0.00173703
0.00177148
0.00177148
0.0018064
0.0018064
0.00184179
0.00184179
0.00187766
0.00187766
0.00191399
0.00191399
0.00195081
0.00195081
0.0019881
0.0019881
0.00202587
0.00202587
0.00206412
0.00206412
0.00210286
0.00210286
0.00214207
0.00214207
0.00218178
0.00218178
0.00222196
0.00222196
0.00226263
0.00226263
0.00230379
0.00230379
0.00234543
0.00234543
0.00238755
0.00238755
0.00243015
0.00243015
0.00247324
0.00247324
0.0025168
0.0025168
0.00256085
0.00256085
0.00260536
0.00260536
0.00265035
0.00265035
0.00269581
0.00269581
0.00274174
0.00274174
0.00278812
0.00278812
0.00283496
0.00283496
0.00288226
0.00288226
0.00293
0.00293
0.00297818
0.00297818
0.0030268
0.0030268
0.00307584
0.00307584
0.0031253
0.0031253
0.00317517
0.00317517
0.00322544
0.00322544
0.00327611
0.00327611
0.00332716
0.00332716
0.00337857
0.00337857
0.00343035
0.00343035
0.00348247
0.00348247
0.00353492
0.00353492
0.0035877
0.0035877
0.00364077
0.00364077
0.00369413
0.00369413
0.00374777
0.00374777
0.00380165
0.00380165
0.00385576
0.00385576
0.00391009
0.00391009
0.00396461
0.00396461
0.0040193
0.0040193
0.00407413
0.00407413
0.00412908
0.00412908
0.00418412
0.00418412
0.00423924
0.00423924
0.00429438
0.00429438
0.00434954
0.00434954
0.00440467
0.00440467
0.00445974
0.00445974
0.00451471
0.00451471
0.00456956
0.00456956
0.00462423
0.00462423
0.0046787
0.0046787
0.00473292
0.00473292
0.00478684
0.00478684
0.00484042
0.00484042
0.00489361
0.00489361
0.00494636
0.00494636
0.00499862
0.00499862
0.00505034
0.00505034
0.00510145
0.00510145
0.0051519
0.0051519
0.00520164
0.00520164
0.00525058
0.00525058
0.00529868
0.00529868
0.00534586
0.00534586
0.00539204
0.00539204
0.00543716
0.00543716
0.00548114
0.00548114
0.0055239
0.0055239
0.00556536
0.00556536
0.00560544
0.00560544
0.00564404
0.00564404
0.00568109
0.00568109
0.00571649
0.00571649
0.00575015
0.00575015
0.00578198
0.00578198
0.00581188
0.00581188
0.00583976
0.00583976
0.00586552
0.00586552
0.00588906
0.00588906
0.00591031
0.00591031
0.00592915
0.00592915
0.00594552
0.00594552
0.00595933
0.00595933
0.00597051
0.00597051
0.005979
0.005979
0.00598474
0.00598474
0.00598772
0.00598772
0.00598791
0.00598791
0.00598534
0.00598534
0.00598005
0.00598005
0.00597211
0.00597211
0.00596166
0.00596166
0.00594886
0.00594886
0.00593395
0.00593395
0.00591722
0.00591722
0.00589903
0.00589903
0.00587983
0.00587983
0.00586012
0.00586012
0.00584049
0.00584049
0.00582161
0.00582161
0.00580417
0.00580417
0.00578891
0.00578891
0.00577655
0.00577655
0.00576777
0.00576777
0.00576316
0.00576316
2.82678e-12
2.82678e-12
3.41799e-12
3.41799e-12
2.42916e-11
2.42916e-11
1.7735e-10
1.7735e-10
8.21607e-10
8.21607e-10
2.79455e-09
2.79455e-09
7.72231e-09
7.72231e-09
1.84107e-08
1.84107e-08
3.93112e-08
3.93112e-08
7.70403e-08
7.70403e-08
1.40908e-07
1.40908e-07
2.43389e-07
2.43389e-07
4.00435e-07
4.00435e-07
6.31528e-07
6.31528e-07
9.59374e-07
9.59374e-07
1.40918e-06
1.40918e-06
2.00752e-06
2.00752e-06
2.78095e-06
2.78095e-06
3.75443e-06
3.75443e-06
4.94998e-06
4.94998e-06
6.38555e-06
6.38555e-06
8.07444e-06
8.07444e-06
1.00252e-05
1.00252e-05
1.22419e-05
1.22419e-05
1.47249e-05
1.47249e-05
1.74715e-05
1.74715e-05
2.04767e-05
2.04767e-05
2.37344e-05
2.37344e-05
2.72375e-05
2.72375e-05
3.09786e-05
3.09786e-05
3.49507e-05
3.49507e-05
3.91469e-05
3.91469e-05
4.35609e-05
4.35609e-05
4.8187e-05
4.8187e-05
5.30201e-05
5.30201e-05
5.80558e-05
5.80558e-05
6.32903e-05
6.32903e-05
6.87203e-05
6.87203e-05
7.43432e-05
7.43432e-05
8.01568e-05
8.01568e-05
8.61593e-05
8.61593e-05
9.23493e-05
9.23493e-05
9.87259e-05
9.87259e-05
0.000105289
0.000105289
0.000112037
0.000112037
0.000118971
0.000118971
0.00012609
0.00012609
0.000133396
0.000133396
0.000140889
0.000140889
0.000148569
0.000148569
0.000156438
0.000156438
0.000164497
0.000164497
0.000172748
0.000172748
0.00018119
0.00018119
0.000189827
0.000189827
0.00019866
0.00019866
0.00020769
0.00020769
0.00021692
0.00021692
0.000226352
0.000226352
0.000235987
0.000235987
0.000245828
0.000245828
0.000255878
0.000255878
0.000266138
0.000266138
0.00027661
0.00027661
0.000287299
0.000287299
0.000298205
0.000298205
0.000309332
0.000309332
0.000320682
0.000320682
0.000332259
0.000332259
0.000344064
0.000344064
0.000356102
0.000356102
0.000368374
0.000368374
0.000380884
0.000380884
0.000393635
0.000393635
0.000406631
0.000406631
0.000419873
0.000419873
0.000433366
0.000433366
0.000447112
0.000447112
0.000461116
0.000461116
0.00047538
0.00047538
0.000489907
0.000489907
0.000504702
0.000504702
0.000519768
0.000519768
0.000535108
0.000535108
0.000550725
0.000550725
0.000566625
0.000566625
0.000582809
0.000582809
0.000599282
0.000599282
0.000616047
0.000616047
0.000633109
0.000633109
0.00065047
0.00065047
0.000668136
0.000668136
0.000686109
0.000686109
0.000704393
0.000704393
0.000722994
0.000722994
0.000741913
0.000741913
0.000761156
0.000761156
0.000780726
0.000780726
0.000800627
0.000800627
0.000820864
0.000820864
0.00084144
0.00084144
0.000862359
0.000862359
0.000883626
0.000883626
0.000905244
0.000905244
0.000927217
0.000927217
0.000949551
0.000949551
0.000972248
0.000972248
0.000995313
0.000995313
0.00101875
0.00101875
0.00104256
0.00104256
0.00106675
0.00106675
0.00109133
0.00109133
0.0011163
0.0011163
0.00114165
0.00114165
0.00116741
0.00116741
0.00119356
0.00119356
0.00122012
0.00122012
0.00124708
0.00124708
0.00127446
0.00127446
0.00130225
0.00130225
0.00133046
0.00133046
0.0013591
0.0013591
0.00138816
0.00138816
0.00141766
0.00141766
0.00144758
0.00144758
0.00147795
0.00147795
0.00150876
0.00150876
0.00154001
0.00154001
0.00157171
0.00157171
0.00160386
0.00160386
0.00163646
0.00163646
0.00166953
0.00166953
0.00170305
0.00170305
0.00173703
0.00173703
0.00177148
0.00177148
0.0018064
0.0018064
0.00184179
0.00184179
0.00187766
0.00187766
0.00191399
0.00191399
0.00195081
0.00195081
0.0019881
0.0019881
0.00202587
0.00202587
0.00206412
0.00206412
0.00210286
0.00210286
0.00214207
0.00214207
0.00218178
0.00218178
0.00222196
0.00222196
0.00226263
0.00226263
0.00230379
0.00230379
0.00234543
0.00234543
0.00238755
0.00238755
0.00243015
0.00243015
0.00247324
0.00247324
0.0025168
0.0025168
0.00256085
0.00256085
0.00260536
0.00260536
0.00265035
0.00265035
0.00269581
0.00269581
0.00274174
0.00274174
0.00278812
0.00278812
0.00283496
0.00283496
0.00288226
0.00288226
0.00293
0.00293
0.00297818
0.00297818
0.0030268
0.0030268
0.00307584
0.00307584
0.0031253
0.0031253
0.00317517
0.00317517
0.00322544
0.00322544
0.00327611
0.00327611
0.00332716
0.00332716
0.00337857
0.00337857
0.00343035
0.00343035
0.00348247
0.00348247
0.00353492
0.00353492
0.0035877
0.0035877
0.00364077
0.00364077
0.00369413
0.00369413
0.00374777
0.00374777
0.00380165
0.00380165
0.00385576
0.00385576
0.00391009
0.00391009
0.00396461
0.00396461
0.0040193
0.0040193
0.00407413
0.00407413
0.00412908
0.00412908
0.00418412
0.00418412
0.00423924
0.00423924
0.00429438
0.00429438
0.00434954
0.00434954
0.00440467
0.00440467
0.00445974
0.00445974
0.00451471
0.00451471
0.00456956
0.00456956
0.00462423
0.00462423
0.0046787
0.0046787
0.00473292
0.00473292
0.00478684
0.00478684
0.00484042
0.00484042
0.00489361
0.00489361
0.00494636
0.00494636
0.00499862
0.00499862
0.00505034
0.00505034
0.00510145
0.00510145
0.0051519
0.0051519
0.00520164
0.00520164
0.00525058
0.00525058
0.00529868
0.00529868
0.00534586
0.00534586
0.00539204
0.00539204
0.00543716
0.00543716
0.00548114
0.00548114
0.0055239
0.0055239
0.00556536
0.00556536
0.00560544
0.00560544
0.00564404
0.00564404
0.00568109
0.00568109
0.00571649
0.00571649
0.00575015
0.00575015
0.00578198
0.00578198
0.00581188
0.00581188
0.00583976
0.00583976
0.00586552
0.00586552
0.00588906
0.00588906
0.00591031
0.00591031
0.00592915
0.00592915
0.00594552
0.00594552
0.00595933
0.00595933
0.00597051
0.00597051
0.005979
0.005979
0.00598474
0.00598474
0.00598772
0.00598772
0.00598791
0.00598791
0.00598534
0.00598534
0.00598005
0.00598005
0.00597211
0.00597211
0.00596166
0.00596166
0.00594886
0.00594886
0.00593395
0.00593395
0.00591722
0.00591722
0.00589903
0.00589903
0.00587983
0.00587983
0.00586012
0.00586012
0.00584049
0.00584049
0.00582161
0.00582161
0.00580417
0.00580417
0.00578891
0.00578891
0.00577655
0.00577655
0.00576777
0.00576777
0.00576316
0.00576316
0.00576316
0.00576316
0.00576777
0.00576777
0.00577655
0.00577655
0.00578891
0.00578891
0.00580417
0.00580417
0.00582161
0.00582161
0.00584049
0.00584049
0.00586012
0.00586012
0.00587983
0.00587983
0.00589903
0.00589903
0.00591722
0.00591722
0.00593395
0.00593395
0.00594886
0.00594886
0.00596166
0.00596166
0.00597211
0.00597211
0.00598005
0.00598005
0.00598534
0.00598534
0.00598791
0.00598791
0.00598772
0.00598772
0.00598474
0.00598474
0.00597899
0.00597899
0.00597051
0.00597051
0.00595933
0.00595933
0.00594552
0.00594552
0.00592915
0.00592915
0.0059103
0.0059103
0.00588906
0.00588906
0.00586551
0.00586551
0.00583975
0.00583975
0.00581188
0.00581188
0.00578198
0.00578198
0.00575015
0.00575015
0.00571649
0.00571649
0.00568109
0.00568109
0.00564404
0.00564404
0.00560544
0.00560544
0.00556536
0.00556536
0.0055239
0.0055239
0.00548114
0.00548114
0.00543716
0.00543716
0.00539204
0.00539204
0.00534585
0.00534585
0.00529868
0.00529868
0.00525058
0.00525058
0.00520163
0.00520163
0.0051519
0.0051519
0.00510145
0.00510145
0.00505033
0.00505033
0.00499862
0.00499862
0.00494636
0.00494636
0.0048936
0.0048936
0.00484041
0.00484041
0.00478683
0.00478683
0.00473291
0.00473291
0.0046787
0.0046787
0.00462423
0.00462423
0.00456955
0.00456955
0.00451471
0.00451471
0.00445973
0.00445973
0.00440466
0.00440466
0.00434953
0.00434953
0.00429438
0.00429438
0.00423923
0.00423923
0.00418412
0.00418412
0.00412908
0.00412908
0.00407413
0.00407413
0.0040193
0.0040193
0.00396461
0.00396461
0.00391009
0.00391009
0.00385576
0.00385576
0.00380165
0.00380165
0.00374776
0.00374776
0.00369413
0.00369413
0.00364077
0.00364077
0.0035877
0.0035877
0.00353492
0.00353492
0.00348247
0.00348247
0.00343035
0.00343035
0.00337857
0.00337857
0.00332715
0.00332715
0.00327611
0.00327611
0.00322544
0.00322544
0.00317517
0.00317517
0.0031253
0.0031253
0.00307584
0.00307584
0.0030268
0.0030268
0.00297818
0.00297818
0.00293
0.00293
0.00288226
0.00288226
0.00283496
0.00283496
0.00278812
0.00278812
0.00274174
0.00274174
0.00269581
0.00269581
0.00265035
0.00265035
0.00260536
0.00260536
0.00256085
0.00256085
0.0025168
0.0025168
0.00247324
0.00247324
0.00243015
0.00243015
0.00238755
0.00238755
0.00234543
0.00234543
0.00230379
0.00230379
0.00226263
0.00226263
0.00222196
0.00222196
0.00218178
0.00218178
0.00214207
0.00214207
0.00210286
0.00210286
0.00206412
0.00206412
0.00202587
0.00202587
0.0019881
0.0019881
0.00195081
0.00195081
0.00191399
0.00191399
0.00187766
0.00187766
0.00184179
0.00184179
0.0018064
0.0018064
0.00177148
0.00177148
0.00173703
0.00173703
0.00170305
0.00170305
0.00166953
0.00166953
0.00163646
0.00163646
0.00160386
0.00160386
0.00157171
0.00157171
0.00154001
0.00154001
0.00150876
0.00150876
0.00147795
0.00147795
0.00144758
0.00144758
0.00141766
0.00141766
0.00138816
0.00138816
0.0013591
0.0013591
0.00133046
0.00133046
0.00130225
0.00130225
0.00127446
0.00127446
0.00124708
0.00124708
0.00122012
0.00122012
0.00119356
0.00119356
0.00116741
0.00116741
0.00114165
0.00114165
0.0011163
0.0011163
0.00109133
0.00109133
0.00106675
0.00106675
0.00104256
0.00104256
0.00101875
0.00101875
0.000995312
0.000995312
0.000972248
0.000972248
0.000949551
0.000949551
0.000927217
0.000927217
0.000905244
0.000905244
0.000883626
0.000883626
0.000862359
0.000862359
0.00084144
0.00084144
0.000820864
0.000820864
0.000800627
0.000800627
0.000780726
0.000780726
0.000761156
0.000761156
0.000741913
0.000741913
0.000722994
0.000722994
0.000704393
0.000704393
0.000686109
0.000686109
0.000668136
0.000668136
0.00065047
0.00065047
0.000633109
0.000633109
0.000616047
0.000616047
0.000599282
0.000599282
0.000582809
0.000582809
0.000566625
0.000566625
0.000550725
0.000550725
0.000535108
0.000535108
0.000519768
0.000519768
0.000504702
0.000504702
0.000489907
0.000489907
0.00047538
0.00047538
0.000461116
0.000461116
0.000447112
0.000447112
0.000433366
0.000433366
0.000419873
0.000419873
0.000406631
0.000406631
0.000393635
0.000393635
0.000380884
0.000380884
0.000368374
0.000368374
0.000356102
0.000356102
0.000344064
0.000344064
0.000332259
0.000332259
0.000320682
0.000320682
0.000309332
0.000309332
0.000298205
0.000298205
0.000287299
0.000287299
0.00027661
0.00027661
0.000266138
0.000266138
0.000255878
0.000255878
0.000245828
0.000245828
0.000235987
0.000235987
0.000226352
0.000226352
0.00021692
0.00021692
0.00020769
0.00020769
0.00019866
0.00019866
0.000189827
0.000189827
0.00018119
0.00018119
0.000172748
0.000172748
0.000164497
0.000164497
0.000156438
0.000156438
0.000148569
0.000148569
0.000140889
0.000140889
0.000133396
0.000133396
0.00012609
0.00012609
0.000118971
0.000118971
0.000112037
0.000112037
0.000105289
0.000105289
9.87259e-05
9.87259e-05
9.23493e-05
9.23493e-05
8.61593e-05
8.61593e-05
8.01568e-05
8.01568e-05
7.43432e-05
7.43432e-05
6.87203e-05
6.87203e-05
6.32903e-05
6.32903e-05
5.80558e-05
5.80558e-05
5.30201e-05
5.30201e-05
4.8187e-05
4.8187e-05
4.35609e-05
4.35609e-05
3.91469e-05
3.91469e-05
3.49507e-05
3.49507e-05
3.09786e-05
3.09786e-05
2.72375e-05
2.72375e-05
2.37344e-05
2.37344e-05
2.04767e-05
2.04767e-05
1.74715e-05
1.74715e-05
1.47249e-05
1.47249e-05
1.22419e-05
1.22419e-05
1.00252e-05
1.00252e-05
8.07445e-06
8.07445e-06
6.38555e-06
6.38555e-06
4.94998e-06
4.94998e-06
3.75443e-06
3.75443e-06
2.78095e-06
2.78095e-06
2.00752e-06
2.00752e-06
1.40918e-06
1.40918e-06
9.59374e-07
9.59374e-07
6.31528e-07
6.31528e-07
4.00436e-07
4.00436e-07
2.4339e-07
2.4339e-07
1.40908e-07
1.40908e-07
7.70402e-08
7.70402e-08
3.93112e-08
3.93112e-08
1.84107e-08
1.84107e-08
7.72231e-09
7.72231e-09
2.79455e-09
2.79455e-09
8.21608e-10
8.21608e-10
1.7735e-10
1.7735e-10
2.42917e-11
2.42917e-11
3.41802e-12
3.41802e-12
2.82681e-12
2.82681e-12
0.00576316
0.00576316
0.00576777
0.00576777
0.00577655
0.00577655
0.00578891
0.00578891
0.00580417
0.00580417
0.00582161
0.00582161
0.00584049
0.00584049
0.00586012
0.00586012
0.00587983
0.00587983
0.00589903
0.00589903
0.00591722
0.00591722
0.00593395
0.00593395
0.00594886
0.00594886
0.00596166
0.00596166
0.00597211
0.00597211
0.00598005
0.00598005
0.00598534
0.00598534
0.00598791
0.00598791
0.00598772
0.00598772
0.00598474
0.00598474
0.00597899
0.00597899
0.00597051
0.00597051
0.00595933
0.00595933
0.00594552
0.00594552
0.00592915
0.00592915
0.0059103
0.0059103
0.00588906
0.00588906
0.00586551
0.00586551
0.00583975
0.00583975
0.00581188
0.00581188
0.00578198
0.00578198
0.00575015
0.00575015
0.00571649
0.00571649
0.00568109
0.00568109
0.00564404
0.00564404
0.00560544
0.00560544
0.00556536
0.00556536
0.0055239
0.0055239
0.00548114
0.00548114
0.00543716
0.00543716
0.00539204
0.00539204
0.00534585
0.00534585
0.00529868
0.00529868
0.00525058
0.00525058
0.00520163
0.00520163
0.0051519
0.0051519
0.00510145
0.00510145
0.00505033
0.00505033
0.00499862
0.00499862
0.00494636
0.00494636
0.0048936
0.0048936
0.00484041
0.00484041
0.00478683
0.00478683
0.00473291
0.00473291
0.0046787
0.0046787
0.00462423
0.00462423
0.00456955
0.00456955
0.00451471
0.00451471
0.00445973
0.00445973
0.00440466
0.00440466
0.00434953
0.00434953
0.00429438
0.00429438
0.00423923
0.00423923
0.00418412
0.00418412
0.00412908
0.00412908
0.00407413
0.00407413
0.0040193
0.0040193
0.00396461
0.00396461
0.00391009
0.00391009
0.00385576
0.00385576
0.00380165
0.00380165
0.00374776
0.00374776
0.00369413
0.00369413
0.00364077
0.00364077
0.0035877
0.0035877
0.00353492
0.00353492
0.00348247
0.00348247
0.00343035
0.00343035
0.00337857
0.00337857
0.00332715
0.00332715
0.00327611
0.00327611
0.00322544
0.00322544
0.00317517
0.00317517
0.0031253
0.0031253
0.00307584
0.00307584
0.0030268
0.0030268
0.00297818
0.00297818
0.00293
0.00293
0.00288226
0.00288226
0.00283496
0.00283496
0.00278812
0.00278812
0.00274174
0.00274174
0.00269581
0.00269581
0.00265035
0.00265035
0.00260536
0.00260536
0.00256085
0.00256085
0.0025168
0.0025168
0.00247324
0.00247324
0.00243015
0.00243015
0.00238755
0.00238755
0.00234543
0.00234543
0.00230379
0.00230379
0.00226263
0.00226263
0.00222196
0.00222196
0.00218178
0.00218178
0.00214207
0.00214207
0.00210286
0.00210286
0.00206412
0.00206412
0.00202587
0.00202587
0.0019881
0.0019881
0.00195081
0.00195081
0.00191399
0.00191399
0.00187766
0.00187766
0.00184179
0.00184179
0.0018064
0.0018064
0.00177148
0.00177148
0.00173703
0.00173703
0.00170305
0.00170305
0.00166953
0.00166953
0.00163646
0.00163646
0.00160386
0.00160386
0.00157171
0.00157171
0.00154001
0.00154001
0.00150876
0.00150876
0.00147795
0.00147795
0.00144758
0.00144758
0.00141766
0.00141766
0.00138816
0.00138816
0.0013591
0.0013591
0.00133046
0.00133046
0.00130225
0.00130225
0.00127446
0.00127446
0.00124708
0.00124708
0.00122012
0.00122012
0.00119356
0.00119356
0.00116741
0.00116741
0.00114165
0.00114165
0.0011163
0.0011163
0.00109133
0.00109133
0.00106675
0.00106675
0.00104256
0.00104256
0.00101875
0.00101875
0.000995312
0.000995312
0.000972248
0.000972248
0.000949551
0.000949551
0.000927217
0.000927217
0.000905244
0.000905244
0.000883626
0.000883626
0.000862359
0.000862359
0.00084144
0.00084144
0.000820864
0.000820864
0.000800627
0.000800627
0.000780726
0.000780726
0.000761156
0.000761156
0.000741913
0.000741913
0.000722994
0.000722994
0.000704393
0.000704393
0.000686109
0.000686109
0.000668136
0.000668136
0.00065047
0.00065047
0.000633109
0.000633109
0.000616047
0.000616047
0.000599282
0.000599282
0.000582809
0.000582809
0.000566625
0.000566625
0.000550725
0.000550725
0.000535108
0.000535108
0.000519768
0.000519768
0.000504702
0.000504702
0.000489907
0.000489907
0.00047538
0.00047538
0.000461116
0.000461116
0.000447112
0.000447112
0.000433366
0.000433366
0.000419873
0.000419873
0.000406631
0.000406631
0.000393635
0.000393635
0.000380884
0.000380884
0.000368374
0.000368374
0.000356102
0.000356102
0.000344064
0.000344064
0.000332259
0.000332259
0.000320682
0.000320682
0.000309332
0.000309332
0.000298205
0.000298205
0.000287299
0.000287299
0.00027661
0.00027661
0.000266138
0.000266138
0.000255878
0.000255878
0.000245828
0.000245828
0.000235987
0.000235987
0.000226352
0.000226352
0.00021692
0.00021692
0.00020769
0.00020769
0.00019866
0.00019866
0.000189827
0.000189827
0.00018119
0.00018119
0.000172748
0.000172748
0.000164497
0.000164497
0.000156438
0.000156438
0.000148569
0.000148569
0.000140889
0.000140889
0.000133396
0.000133396
0.00012609
0.00012609
0.000118971
0.000118971
0.000112037
0.000112037
0.000105289
0.000105289
9.87259e-05
9.87259e-05
9.23493e-05
9.23493e-05
8.61593e-05
8.61593e-05
8.01568e-05
8.01568e-05
7.43432e-05
7.43432e-05
6.87203e-05
6.87203e-05
6.32903e-05
6.32903e-05
5.80558e-05
5.80558e-05
5.30201e-05
5.30201e-05
4.8187e-05
4.8187e-05
4.35609e-05
4.35609e-05
3.91469e-05
3.91469e-05
3.49507e-05
3.49507e-05
3.09786e-05
3.09786e-05
2.72375e-05
2.72375e-05
2.37344e-05
2.37344e-05
2.04767e-05
2.04767e-05
1.74715e-05
1.74715e-05
1.47249e-05
1.47249e-05
1.22419e-05
1.22419e-05
1.00252e-05
1.00252e-05
8.07445e-06
8.07445e-06
6.38555e-06
6.38555e-06
4.94998e-06
4.94998e-06
3.75443e-06
3.75443e-06
2.78095e-06
2.78095e-06
2.00752e-06
2.00752e-06
1.40918e-06
1.40918e-06
9.59374e-07
9.59374e-07
6.31528e-07
6.31528e-07
4.00436e-07
4.00436e-07
2.4339e-07
2.4339e-07
1.40908e-07
1.40908e-07
7.70402e-08
7.70402e-08
3.93112e-08
3.93112e-08
1.84107e-08
1.84107e-08
7.72231e-09
7.72231e-09
2.79455e-09
2.79455e-09
8.21608e-10
8.21608e-10
1.7735e-10
1.7735e-10
2.42917e-11
2.42917e-11
3.41802e-12
3.41802e-12
2.82681e-12
2.82681e-12
)
;

boundaryField
{
    walls
    {
        type            nutUWallFunction;
        blending        stepwise;
        Cmu             0.09;
        kappa           0.41;
        E               9.8;
        value           uniform 0;
    }
    inlet
    {
        type            cyclic;
    }
    outlet
    {
        type            cyclic;
    }
    sides
    {
        type            empty;
    }
}


// ************************************************************************* //
