/*--------------------------------*- C++ -*----------------------------------*\
| =========                 |                                                 |
| \\      /  F ield         | OpenFOAM: The Open Source CFD Toolbox           |
|  \\    /   O peration     | Version:  2106                                  |
|   \\  /    A nd           | Website:  www.openfoam.com                      |
|    \\/     M anipulation  |                                                 |
\*---------------------------------------------------------------------------*/
FoamFile
{
    version     2.0;
    format      ascii;
    arch        "LSB;label=32;scalar=64";
    class       volScalarField;
    location    "10010";
    object      omega;
}
// * * * * * * * * * * * * * * * * * * * * * * * * * * * * * * * * * * * * * //

dimensions      [0 0 -1 0 0 0 0];

internalField   nonuniform List<scalar> 
2000
(
373739
373739
64866.5
64866.5
21904.6
21904.6
10286.7
10286.7
5806.9
5806.9
3674.25
3674.25
2510.45
2510.45
1812.44
1812.44
1364.06
1364.06
1060.73
1060.73
847.118
847.118
691.801
691.801
575.894
575.894
487.504
487.504
418.837
418.837
364.616
364.616
321.159
321.159
285.841
285.841
256.748
256.748
232.467
232.467
211.941
211.941
194.375
194.375
179.164
179.164
165.852
165.852
154.087
154.087
143.601
143.601
134.186
134.186
125.68
125.68
117.954
117.954
110.907
110.907
104.455
104.455
98.5285
98.5285
93.0706
93.0706
88.0322
88.0322
83.3712
83.3712
79.0513
79.0513
75.0406
75.0406
71.3108
71.3108
67.8371
67.8371
64.5971
64.5971
61.5711
61.5711
58.7411
58.7411
56.091
56.091
53.6063
53.6063
51.274
51.274
49.082
49.082
47.0197
47.0197
45.0772
45.0772
43.2456
43.2456
41.5167
41.5167
39.8833
39.8833
38.3384
38.3384
36.8759
36.8759
35.4901
35.4901
34.1757
34.1757
32.9281
32.9281
31.7429
31.7429
30.6159
30.6159
29.5434
29.5434
28.5221
28.5221
27.5487
27.5487
26.6203
26.6203
25.7342
25.7342
24.8879
24.8879
24.0791
24.0791
23.3055
23.3055
22.5652
22.5652
21.8564
21.8564
21.1772
21.1772
20.5261
20.5261
19.9015
19.9015
19.302
19.302
18.7264
18.7264
18.1733
18.1733
17.6417
17.6417
17.1304
17.1304
16.6385
16.6385
16.1649
16.1649
15.7088
15.7088
15.2694
15.2694
14.8458
14.8458
14.4374
14.4374
14.0434
14.0434
13.6631
13.6631
13.296
13.296
12.9415
12.9415
12.5989
12.5989
12.2679
12.2679
11.9478
11.9478
11.6382
11.6382
11.3387
11.3387
11.0489
11.0489
10.7683
10.7683
10.4966
10.4966
10.2333
10.2333
9.97832
9.97832
9.73114
9.73114
9.49151
9.49151
9.25913
9.25913
9.03372
9.03372
8.81501
8.81501
8.60277
8.60277
8.39673
8.39673
8.19668
8.19668
8.0024
8.0024
7.81367
7.81367
7.6303
7.6303
7.45209
7.45209
7.27887
7.27887
7.11045
7.11045
6.94668
6.94668
6.78739
6.78739
6.63242
6.63242
6.48164
6.48164
6.33491
6.33491
6.19208
6.19208
6.05303
6.05303
5.91763
5.91763
5.78577
5.78577
5.65734
5.65734
5.53221
5.53221
5.4103
5.4103
5.29149
5.29149
5.1757
5.1757
5.06282
5.06282
4.95276
4.95276
4.84545
4.84545
4.7408
4.7408
4.63872
4.63872
4.53914
4.53914
4.44199
4.44199
4.34719
4.34719
4.25468
4.25468
4.16438
4.16438
4.07624
4.07624
3.99019
3.99019
3.90617
3.90617
3.82413
3.82413
3.74401
3.74401
3.66575
3.66575
3.58931
3.58931
3.51462
3.51462
3.44166
3.44166
3.37035
3.37035
3.30067
3.30067
3.23257
3.23257
3.166
3.166
3.10093
3.10093
3.03731
3.03731
2.97511
2.97511
2.91428
2.91428
2.8548
2.8548
2.79662
2.79662
2.73972
2.73972
2.68405
2.68405
2.62959
2.62959
2.57631
2.57631
2.52418
2.52418
2.47316
2.47316
2.42323
2.42323
2.37437
2.37437
2.32653
2.32653
2.27971
2.27971
2.23387
2.23387
2.18899
2.18899
2.14505
2.14505
2.10201
2.10201
2.05987
2.05987
2.0186
2.0186
1.97817
1.97817
1.93857
1.93857
1.89977
1.89977
1.86176
1.86176
1.82452
1.82452
1.78802
1.78802
1.75226
1.75226
1.71721
1.71721
1.68286
1.68286
1.64918
1.64918
1.61617
1.61617
1.5838
1.5838
1.55207
1.55207
1.52095
1.52095
1.49043
1.49043
1.46051
1.46051
1.43115
1.43115
1.40236
1.40236
1.37411
1.37411
1.34639
1.34639
1.3192
1.3192
1.29252
1.29252
1.26633
1.26633
1.24062
1.24062
1.21539
1.21539
1.19062
1.19062
1.16631
1.16631
1.14243
1.14243
1.11898
1.11898
1.09595
1.09595
1.07334
1.07334
1.05112
1.05112
1.02929
1.02929
1.00785
1.00785
0.986779
0.986779
0.966072
0.966072
0.945721
0.945721
0.925719
0.925719
0.906056
0.906056
0.886726
0.886726
0.867722
0.867722
0.849036
0.849036
0.830662
0.830662
0.812594
0.812594
0.794825
0.794825
0.777351
0.777351
0.760167
0.760167
0.743267
0.743267
0.726647
0.726647
0.710304
0.710304
0.694235
0.694235
0.678438
0.678438
0.66291
0.66291
0.64765
0.64765
0.632659
0.632659
0.617938
0.617938
0.603488
0.603488
0.589312
0.589312
0.575415
0.575415
0.561803
0.561803
0.548483
0.548483
0.535464
0.535464
0.522758
0.522758
0.510379
0.510379
0.498343
0.498343
0.486668
0.486668
0.475378
0.475378
0.464498
0.464498
0.454057
0.454057
0.44409
0.44409
0.434635
0.434635
0.425735
0.425735
0.417437
0.417437
0.409796
0.409796
0.402868
0.402868
0.396717
0.396717
0.391411
0.391411
0.387019
0.387019
0.383615
0.383615
0.381273
0.381273
0.380066
0.380066
373739
373739
64866.5
64866.5
21904.6
21904.6
10286.7
10286.7
5806.9
5806.9
3674.25
3674.25
2510.45
2510.45
1812.44
1812.44
1364.06
1364.06
1060.73
1060.73
847.118
847.118
691.801
691.801
575.894
575.894
487.504
487.504
418.837
418.837
364.616
364.616
321.159
321.159
285.841
285.841
256.748
256.748
232.467
232.467
211.941
211.941
194.375
194.375
179.164
179.164
165.852
165.852
154.087
154.087
143.601
143.601
134.186
134.186
125.68
125.68
117.954
117.954
110.907
110.907
104.455
104.455
98.5285
98.5285
93.0706
93.0706
88.0322
88.0322
83.3712
83.3712
79.0513
79.0513
75.0406
75.0406
71.3108
71.3108
67.8371
67.8371
64.5971
64.5971
61.5711
61.5711
58.7411
58.7411
56.091
56.091
53.6063
53.6063
51.274
51.274
49.082
49.082
47.0197
47.0197
45.0772
45.0772
43.2456
43.2456
41.5167
41.5167
39.8833
39.8833
38.3384
38.3384
36.8759
36.8759
35.4901
35.4901
34.1757
34.1757
32.9281
32.9281
31.7429
31.7429
30.6159
30.6159
29.5434
29.5434
28.5221
28.5221
27.5487
27.5487
26.6203
26.6203
25.7342
25.7342
24.8879
24.8879
24.0791
24.0791
23.3055
23.3055
22.5652
22.5652
21.8564
21.8564
21.1772
21.1772
20.5261
20.5261
19.9015
19.9015
19.302
19.302
18.7264
18.7264
18.1733
18.1733
17.6417
17.6417
17.1304
17.1304
16.6385
16.6385
16.1649
16.1649
15.7088
15.7088
15.2694
15.2694
14.8458
14.8458
14.4374
14.4374
14.0434
14.0434
13.6631
13.6631
13.296
13.296
12.9415
12.9415
12.5989
12.5989
12.2679
12.2679
11.9478
11.9478
11.6382
11.6382
11.3387
11.3387
11.0489
11.0489
10.7683
10.7683
10.4966
10.4966
10.2333
10.2333
9.97832
9.97832
9.73114
9.73114
9.49151
9.49151
9.25913
9.25913
9.03372
9.03372
8.81501
8.81501
8.60277
8.60277
8.39673
8.39673
8.19668
8.19668
8.0024
8.0024
7.81367
7.81367
7.6303
7.6303
7.45209
7.45209
7.27887
7.27887
7.11045
7.11045
6.94668
6.94668
6.78739
6.78739
6.63242
6.63242
6.48164
6.48164
6.33491
6.33491
6.19208
6.19208
6.05303
6.05303
5.91763
5.91763
5.78577
5.78577
5.65734
5.65734
5.53221
5.53221
5.4103
5.4103
5.29149
5.29149
5.1757
5.1757
5.06282
5.06282
4.95276
4.95276
4.84545
4.84545
4.7408
4.7408
4.63872
4.63872
4.53914
4.53914
4.44199
4.44199
4.34719
4.34719
4.25468
4.25468
4.16438
4.16438
4.07624
4.07624
3.99019
3.99019
3.90617
3.90617
3.82413
3.82413
3.74401
3.74401
3.66575
3.66575
3.58931
3.58931
3.51462
3.51462
3.44166
3.44166
3.37035
3.37035
3.30067
3.30067
3.23257
3.23257
3.166
3.166
3.10093
3.10093
3.03731
3.03731
2.97511
2.97511
2.91428
2.91428
2.8548
2.8548
2.79662
2.79662
2.73972
2.73972
2.68405
2.68405
2.62959
2.62959
2.57631
2.57631
2.52418
2.52418
2.47316
2.47316
2.42323
2.42323
2.37437
2.37437
2.32653
2.32653
2.27971
2.27971
2.23387
2.23387
2.18899
2.18899
2.14505
2.14505
2.10201
2.10201
2.05987
2.05987
2.0186
2.0186
1.97817
1.97817
1.93857
1.93857
1.89977
1.89977
1.86176
1.86176
1.82452
1.82452
1.78802
1.78802
1.75226
1.75226
1.71721
1.71721
1.68286
1.68286
1.64918
1.64918
1.61617
1.61617
1.5838
1.5838
1.55207
1.55207
1.52095
1.52095
1.49043
1.49043
1.46051
1.46051
1.43115
1.43115
1.40236
1.40236
1.37411
1.37411
1.34639
1.34639
1.3192
1.3192
1.29252
1.29252
1.26633
1.26633
1.24062
1.24062
1.21539
1.21539
1.19062
1.19062
1.16631
1.16631
1.14243
1.14243
1.11898
1.11898
1.09595
1.09595
1.07334
1.07334
1.05112
1.05112
1.02929
1.02929
1.00785
1.00785
0.986779
0.986779
0.966072
0.966072
0.945721
0.945721
0.925719
0.925719
0.906056
0.906056
0.886726
0.886726
0.867722
0.867722
0.849036
0.849036
0.830662
0.830662
0.812594
0.812594
0.794825
0.794825
0.777351
0.777351
0.760167
0.760167
0.743267
0.743267
0.726647
0.726647
0.710304
0.710304
0.694235
0.694235
0.678438
0.678438
0.66291
0.66291
0.64765
0.64765
0.632659
0.632659
0.617938
0.617938
0.603488
0.603488
0.589312
0.589312
0.575415
0.575415
0.561803
0.561803
0.548483
0.548483
0.535464
0.535464
0.522758
0.522758
0.510379
0.510379
0.498343
0.498343
0.486668
0.486668
0.475378
0.475378
0.464498
0.464498
0.454057
0.454057
0.44409
0.44409
0.434635
0.434635
0.425735
0.425735
0.417437
0.417437
0.409796
0.409796
0.402868
0.402868
0.396717
0.396717
0.391411
0.391411
0.387019
0.387019
0.383615
0.383615
0.381273
0.381273
0.380066
0.380066
0.380066
0.380066
0.381273
0.381273
0.383615
0.383615
0.387019
0.387019
0.391411
0.391411
0.396717
0.396717
0.402868
0.402868
0.409796
0.409796
0.417437
0.417437
0.425735
0.425735
0.434635
0.434635
0.44409
0.44409
0.454057
0.454057
0.464498
0.464498
0.475378
0.475378
0.486668
0.486668
0.498343
0.498343
0.510379
0.510379
0.522758
0.522758
0.535464
0.535464
0.548483
0.548483
0.561803
0.561803
0.575415
0.575415
0.589312
0.589312
0.603488
0.603488
0.617938
0.617938
0.632659
0.632659
0.64765
0.64765
0.662909
0.662909
0.678437
0.678437
0.694235
0.694235
0.710304
0.710304
0.726647
0.726647
0.743266
0.743266
0.760167
0.760167
0.777351
0.777351
0.794825
0.794825
0.812593
0.812593
0.830662
0.830662
0.849036
0.849036
0.867721
0.867721
0.886726
0.886726
0.906056
0.906056
0.925718
0.925718
0.945721
0.945721
0.966072
0.966072
0.986779
0.986779
1.00785
1.00785
1.02929
1.02929
1.05112
1.05112
1.07334
1.07334
1.09595
1.09595
1.11898
1.11898
1.14243
1.14243
1.16631
1.16631
1.19062
1.19062
1.21539
1.21539
1.24062
1.24062
1.26633
1.26633
1.29252
1.29252
1.3192
1.3192
1.34639
1.34639
1.37411
1.37411
1.40236
1.40236
1.43115
1.43115
1.46051
1.46051
1.49043
1.49043
1.52095
1.52095
1.55207
1.55207
1.5838
1.5838
1.61617
1.61617
1.64918
1.64918
1.68285
1.68285
1.71721
1.71721
1.75226
1.75226
1.78802
1.78802
1.82452
1.82452
1.86176
1.86176
1.89977
1.89977
1.93857
1.93857
1.97817
1.97817
2.0186
2.0186
2.05987
2.05987
2.10202
2.10202
2.14505
2.14505
2.18899
2.18899
2.23387
2.23387
2.27971
2.27971
2.32653
2.32653
2.37437
2.37437
2.42323
2.42323
2.47316
2.47316
2.52418
2.52418
2.57631
2.57631
2.62959
2.62959
2.68405
2.68405
2.73972
2.73972
2.79662
2.79662
2.8548
2.8548
2.91428
2.91428
2.97511
2.97511
3.03731
3.03731
3.10093
3.10093
3.16601
3.16601
3.23257
3.23257
3.30067
3.30067
3.37035
3.37035
3.44166
3.44166
3.51462
3.51462
3.58931
3.58931
3.66575
3.66575
3.74401
3.74401
3.82413
3.82413
3.90617
3.90617
3.99019
3.99019
4.07624
4.07624
4.16438
4.16438
4.25467
4.25467
4.34719
4.34719
4.44199
4.44199
4.53914
4.53914
4.63872
4.63872
4.7408
4.7408
4.84545
4.84545
4.95276
4.95276
5.06282
5.06282
5.1757
5.1757
5.29149
5.29149
5.4103
5.4103
5.53221
5.53221
5.65734
5.65734
5.78577
5.78577
5.91763
5.91763
6.05303
6.05303
6.19208
6.19208
6.33491
6.33491
6.48164
6.48164
6.63242
6.63242
6.78739
6.78739
6.94668
6.94668
7.11045
7.11045
7.27887
7.27887
7.45209
7.45209
7.6303
7.6303
7.81367
7.81367
8.0024
8.0024
8.19668
8.19668
8.39673
8.39673
8.60277
8.60277
8.81501
8.81501
9.03372
9.03372
9.25913
9.25913
9.49151
9.49151
9.73114
9.73114
9.97832
9.97832
10.2333
10.2333
10.4966
10.4966
10.7683
10.7683
11.0489
11.0489
11.3387
11.3387
11.6382
11.6382
11.9478
11.9478
12.2679
12.2679
12.5989
12.5989
12.9415
12.9415
13.296
13.296
13.6631
13.6631
14.0434
14.0434
14.4374
14.4374
14.8458
14.8458
15.2694
15.2694
15.7088
15.7088
16.1649
16.1649
16.6385
16.6385
17.1304
17.1304
17.6417
17.6417
18.1733
18.1733
18.7264
18.7264
19.302
19.302
19.9015
19.9015
20.5261
20.5261
21.1772
21.1772
21.8564
21.8564
22.5652
22.5652
23.3055
23.3055
24.0791
24.0791
24.8879
24.8879
25.7342
25.7342
26.6203
26.6203
27.5487
27.5487
28.5221
28.5221
29.5434
29.5434
30.6159
30.6159
31.7429
31.7429
32.9281
32.9281
34.1757
34.1757
35.4901
35.4901
36.8759
36.8759
38.3384
38.3384
39.8833
39.8833
41.5167
41.5167
43.2456
43.2456
45.0772
45.0772
47.0197
47.0197
49.082
49.082
51.274
51.274
53.6063
53.6063
56.091
56.091
58.7411
58.7411
61.5711
61.5711
64.5971
64.5971
67.8371
67.8371
71.3108
71.3108
75.0405
75.0405
79.0513
79.0513
83.3712
83.3712
88.0322
88.0322
93.0706
93.0706
98.5285
98.5285
104.455
104.455
110.907
110.907
117.954
117.954
125.68
125.68
134.186
134.186
143.601
143.601
154.087
154.087
165.852
165.852
179.164
179.164
194.375
194.375
211.941
211.941
232.467
232.467
256.748
256.748
285.841
285.841
321.159
321.159
364.615
364.615
418.837
418.837
487.504
487.504
575.894
575.894
691.801
691.801
847.118
847.118
1060.73
1060.73
1364.06
1364.06
1812.44
1812.44
2510.45
2510.45
3674.25
3674.25
5806.89
5806.89
10286.7
10286.7
21904.6
21904.6
64866.3
64866.3
373737
373737
0.380066
0.380066
0.381273
0.381273
0.383615
0.383615
0.387019
0.387019
0.391411
0.391411
0.396717
0.396717
0.402868
0.402868
0.409796
0.409796
0.417437
0.417437
0.425735
0.425735
0.434635
0.434635
0.44409
0.44409
0.454057
0.454057
0.464498
0.464498
0.475378
0.475378
0.486668
0.486668
0.498343
0.498343
0.510379
0.510379
0.522758
0.522758
0.535464
0.535464
0.548483
0.548483
0.561803
0.561803
0.575415
0.575415
0.589312
0.589312
0.603488
0.603488
0.617938
0.617938
0.632659
0.632659
0.64765
0.64765
0.662909
0.662909
0.678437
0.678437
0.694235
0.694235
0.710304
0.710304
0.726647
0.726647
0.743266
0.743266
0.760167
0.760167
0.777351
0.777351
0.794825
0.794825
0.812593
0.812593
0.830662
0.830662
0.849036
0.849036
0.867721
0.867721
0.886726
0.886726
0.906056
0.906056
0.925718
0.925718
0.945721
0.945721
0.966072
0.966072
0.986779
0.986779
1.00785
1.00785
1.02929
1.02929
1.05112
1.05112
1.07334
1.07334
1.09595
1.09595
1.11898
1.11898
1.14243
1.14243
1.16631
1.16631
1.19062
1.19062
1.21539
1.21539
1.24062
1.24062
1.26633
1.26633
1.29252
1.29252
1.3192
1.3192
1.34639
1.34639
1.37411
1.37411
1.40236
1.40236
1.43115
1.43115
1.46051
1.46051
1.49043
1.49043
1.52095
1.52095
1.55207
1.55207
1.5838
1.5838
1.61617
1.61617
1.64918
1.64918
1.68285
1.68285
1.71721
1.71721
1.75226
1.75226
1.78802
1.78802
1.82452
1.82452
1.86176
1.86176
1.89977
1.89977
1.93857
1.93857
1.97817
1.97817
2.0186
2.0186
2.05987
2.05987
2.10202
2.10202
2.14505
2.14505
2.18899
2.18899
2.23387
2.23387
2.27971
2.27971
2.32653
2.32653
2.37437
2.37437
2.42323
2.42323
2.47316
2.47316
2.52418
2.52418
2.57631
2.57631
2.62959
2.62959
2.68405
2.68405
2.73972
2.73972
2.79662
2.79662
2.8548
2.8548
2.91428
2.91428
2.97511
2.97511
3.03731
3.03731
3.10093
3.10093
3.16601
3.16601
3.23257
3.23257
3.30067
3.30067
3.37035
3.37035
3.44166
3.44166
3.51462
3.51462
3.58931
3.58931
3.66575
3.66575
3.74401
3.74401
3.82413
3.82413
3.90617
3.90617
3.99019
3.99019
4.07624
4.07624
4.16438
4.16438
4.25467
4.25467
4.34719
4.34719
4.44199
4.44199
4.53914
4.53914
4.63872
4.63872
4.7408
4.7408
4.84545
4.84545
4.95276
4.95276
5.06282
5.06282
5.1757
5.1757
5.29149
5.29149
5.4103
5.4103
5.53221
5.53221
5.65734
5.65734
5.78577
5.78577
5.91763
5.91763
6.05303
6.05303
6.19208
6.19208
6.33491
6.33491
6.48164
6.48164
6.63242
6.63242
6.78739
6.78739
6.94668
6.94668
7.11045
7.11045
7.27887
7.27887
7.45209
7.45209
7.6303
7.6303
7.81367
7.81367
8.0024
8.0024
8.19668
8.19668
8.39673
8.39673
8.60277
8.60277
8.81501
8.81501
9.03372
9.03372
9.25913
9.25913
9.49151
9.49151
9.73114
9.73114
9.97832
9.97832
10.2333
10.2333
10.4966
10.4966
10.7683
10.7683
11.0489
11.0489
11.3387
11.3387
11.6382
11.6382
11.9478
11.9478
12.2679
12.2679
12.5989
12.5989
12.9415
12.9415
13.296
13.296
13.6631
13.6631
14.0434
14.0434
14.4374
14.4374
14.8458
14.8458
15.2694
15.2694
15.7088
15.7088
16.1649
16.1649
16.6385
16.6385
17.1304
17.1304
17.6417
17.6417
18.1733
18.1733
18.7264
18.7264
19.302
19.302
19.9015
19.9015
20.5261
20.5261
21.1772
21.1772
21.8564
21.8564
22.5652
22.5652
23.3055
23.3055
24.0791
24.0791
24.8879
24.8879
25.7342
25.7342
26.6203
26.6203
27.5487
27.5487
28.5221
28.5221
29.5434
29.5434
30.6159
30.6159
31.7429
31.7429
32.9281
32.9281
34.1757
34.1757
35.4901
35.4901
36.8759
36.8759
38.3384
38.3384
39.8833
39.8833
41.5167
41.5167
43.2456
43.2456
45.0772
45.0772
47.0197
47.0197
49.082
49.082
51.274
51.274
53.6063
53.6063
56.091
56.091
58.7411
58.7411
61.5711
61.5711
64.5971
64.5971
67.8371
67.8371
71.3108
71.3108
75.0405
75.0405
79.0513
79.0513
83.3712
83.3712
88.0322
88.0322
93.0706
93.0706
98.5285
98.5285
104.455
104.455
110.907
110.907
117.954
117.954
125.68
125.68
134.186
134.186
143.601
143.601
154.087
154.087
165.852
165.852
179.164
179.164
194.375
194.375
211.941
211.941
232.467
232.467
256.748
256.748
285.841
285.841
321.159
321.159
364.615
364.615
418.837
418.837
487.504
487.504
575.894
575.894
691.801
691.801
847.118
847.118
1060.73
1060.73
1364.06
1364.06
1812.44
1812.44
2510.45
2510.45
3674.25
3674.25
5806.89
5806.89
10286.7
10286.7
21904.6
21904.6
64866.3
64866.3
373737
373737
)
;

boundaryField
{
    walls
    {
        blending        binomial2;
        n               2;
        beta1           0.075;
        type            omegaWallFunction;
        value           nonuniform List<scalar> 8(373739 373739 373739 373739 373737 373737 373737 373737);
    }
    inlet
    {
        type            cyclic;
    }
    outlet
    {
        type            cyclic;
    }
    sides
    {
        type            empty;
    }
}


// ************************************************************************* //
