/*--------------------------------*- C++ -*----------------------------------*\
| =========                 |                                                 |
| \\      /  F ield         | OpenFOAM: The Open Source CFD Toolbox           |
|  \\    /   O peration     | Version:  2106                                  |
|   \\  /    A nd           | Website:  www.openfoam.com                      |
|    \\/     M anipulation  |                                                 |
\*---------------------------------------------------------------------------*/
FoamFile
{
    version     2.0;
    format      ascii;
    arch        "LSB;label=32;scalar=64";
    class       surfaceScalarField;
    location    "10010";
    object      phi;
}
// * * * * * * * * * * * * * * * * * * * * * * * * * * * * * * * * * * * * * //

dimensions      [0 3 -1 0 0 0 0];

oriented        oriented;

internalField   nonuniform List<scalar> 
3996
(
5.26533e-08
-5.59086e-18
-8.42101e-22
-1.6219e-21
-8.14086e-23
1.61889e-07
-5.58194e-18
-3.15634e-21
-6.78117e-21
-5.96115e-22
2.77222e-07
-5.57264e-18
-3.31574e-21
-1.20985e-20
-6.30086e-22
3.98918e-07
-5.56288e-18
-3.48903e-21
-1.77464e-20
-6.65982e-22
5.27251e-07
-5.55271e-18
-3.67004e-21
-2.36562e-20
-7.03906e-22
6.62506e-07
-5.54178e-18
-3.859e-21
-2.98705e-20
-7.43956e-22
8.04975e-07
-5.53037e-18
-4.05729e-21
-3.64844e-20
-7.86218e-22
9.54952e-07
-5.51838e-18
-4.26519e-21
-4.35033e-20
-8.30745e-22
1.11273e-06
-5.50588e-18
-4.48261e-21
-5.05463e-20
-8.77545e-22
1.27859e-06
-5.49281e-18
-4.70914e-21
-5.79169e-20
-9.26573e-22
1.4528e-06
-5.47954e-18
-4.94395e-21
-6.59847e-20
-9.77672e-22
1.63556e-06
-5.46503e-18
-5.18553e-21
-7.44104e-20
-1.03056e-21
1.82706e-06
-5.44952e-18
-5.43165e-21
-8.33745e-20
-1.08481e-21
2.02735e-06
-5.43315e-18
-5.67922e-21
-9.25563e-20
-1.13982e-21
2.23643e-06
-5.416e-18
-5.92432e-21
-1.0176e-19
-1.19478e-21
2.45415e-06
-5.39908e-18
-6.16227e-21
-1.11458e-19
-1.24875e-21
2.68024e-06
-5.38138e-18
-6.38793e-21
-1.2182e-19
-1.30069e-21
2.91427e-06
-5.36281e-18
-6.59616e-21
-1.32467e-19
-1.34952e-21
3.15572e-06
-5.34329e-18
-6.78227e-21
-1.43344e-19
-1.39426e-21
3.40393e-06
-5.32348e-18
-6.94258e-21
-1.5453e-19
-1.43409e-21
3.65821e-06
-5.30311e-18
-7.07475e-21
-1.66134e-19
-1.46847e-21
3.91783e-06
-5.28288e-18
-7.17799e-21
-1.77241e-19
-1.4972e-21
4.1821e-06
-5.26447e-18
-7.25301e-21
-1.88632e-19
-1.52042e-21
4.45038e-06
-5.24399e-18
-7.30174e-21
-1.98957e-19
-1.53851e-21
4.72213e-06
-5.22435e-18
-7.32719e-21
-2.10266e-19
-1.55209e-21
4.99688e-06
-5.20462e-18
-7.33285e-21
-2.20518e-19
-1.56181e-21
5.2743e-06
-5.18592e-18
-7.32241e-21
-2.31558e-19
-1.56842e-21
5.55417e-06
-5.16578e-18
-7.29944e-21
-2.43143e-19
-1.57255e-21
5.83633e-06
-5.14591e-18
-7.26722e-21
-2.53689e-19
-1.57489e-21
6.12073e-06
-5.12446e-18
-7.22863e-21
-2.65265e-19
-1.57607e-21
6.40738e-06
-5.10532e-18
-7.18616e-21
-2.75582e-19
-1.57652e-21
6.69635e-06
-5.086e-18
-7.14167e-21
-2.86174e-19
-1.5767e-21
6.98776e-06
-5.06702e-18
-7.09676e-21
-2.97089e-19
-1.57696e-21
7.28173e-06
-5.04853e-18
-7.05264e-21
-3.07734e-19
-1.57753e-21
7.57846e-06
-5.02985e-18
-7.01017e-21
-3.17966e-19
-1.57862e-21
7.87812e-06
-5.01082e-18
-6.97004e-21
-3.25951e-19
-1.58047e-21
8.18092e-06
-4.99182e-18
-6.93273e-21
-3.36917e-19
-1.58328e-21
8.48706e-06
-4.97469e-18
-6.8985e-21
-3.45167e-19
-1.587e-21
8.79677e-06
-4.95557e-18
-6.86745e-21
-3.54865e-19
-1.59182e-21
9.11026e-06
-4.93747e-18
-6.83988e-21
-3.63085e-19
-1.59758e-21
9.42775e-06
-4.91967e-18
-6.81571e-21
-3.73048e-19
-1.60445e-21
9.74946e-06
-4.90243e-18
-6.79502e-21
-3.81197e-19
-1.61223e-21
1.00756e-05
-4.88562e-18
-6.77737e-21
-3.88762e-19
-1.62111e-21
1.04064e-05
-4.86834e-18
-6.76265e-21
-3.95729e-19
-1.63127e-21
1.07421e-05
-4.85006e-18
-6.7508e-21
-4.03785e-19
-1.64279e-21
1.10829e-05
-4.83256e-18
-6.74169e-21
-4.11894e-19
-1.65545e-21
1.1429e-05
-4.81654e-18
-6.73541e-21
-4.21652e-19
-1.66913e-21
1.17806e-05
-4.7995e-18
-6.73159e-21
-4.28517e-19
-1.68366e-21
1.2138e-05
-4.78344e-18
-6.73001e-21
-4.36613e-19
-1.69915e-21
1.25013e-05
-4.7632e-18
-6.7304e-21
-4.44231e-19
-1.71545e-21
1.28708e-05
-4.74586e-18
-6.73284e-21
-4.53582e-19
-1.73208e-21
1.32466e-05
-4.72341e-18
-6.73673e-21
-4.62874e-19
-1.74922e-21
1.3629e-05
-4.70668e-18
-6.74238e-21
-4.70896e-19
-1.76684e-21
1.40182e-05
-4.69054e-18
-6.7489e-21
-4.79687e-19
-1.78494e-21
1.44144e-05
-4.67079e-18
-6.75586e-21
-4.85576e-19
-1.80381e-21
1.48178e-05
-4.65369e-18
-6.76307e-21
-4.94073e-19
-1.82421e-21
1.52286e-05
-4.63804e-18
-6.77029e-21
-5.02906e-19
-1.84548e-21
1.56471e-05
-4.61745e-18
-6.77712e-21
-5.14674e-19
-1.86795e-21
1.60734e-05
-4.59305e-18
-6.78407e-21
-5.33995e-19
-1.89134e-21
1.65078e-05
-4.56717e-18
-6.79092e-21
-5.49709e-19
-1.91467e-21
1.69504e-05
-4.54497e-18
-6.79758e-21
-5.61227e-19
-1.9387e-21
1.74016e-05
-4.52399e-18
-6.80375e-21
-5.74826e-19
-1.96393e-21
1.78615e-05
-4.50242e-18
-6.80952e-21
-5.82881e-19
-1.98898e-21
1.83304e-05
-4.48378e-18
-6.81554e-21
-5.97444e-19
-2.01465e-21
1.88084e-05
-4.4605e-18
-6.82013e-21
-6.08539e-19
-2.03995e-21
1.92958e-05
-4.44687e-18
-6.82434e-21
-6.07643e-19
-2.06475e-21
1.97929e-05
-4.43224e-18
-6.8258e-21
-6.12262e-19
-2.09132e-21
2.02998e-05
-4.41728e-18
-6.82502e-21
-6.16206e-19
-2.11873e-21
2.08169e-05
-4.401e-18
-6.82267e-21
-6.20573e-19
-2.14573e-21
2.13443e-05
-4.38944e-18
-6.81948e-21
-6.22573e-19
-2.17316e-21
2.18824e-05
-4.37472e-18
-6.81384e-21
-6.2911e-19
-2.20157e-21
2.24313e-05
-4.36491e-18
-6.80687e-21
-6.30684e-19
-2.22864e-21
2.29913e-05
-4.34416e-18
-6.79752e-21
-6.38531e-19
-2.2545e-21
2.35627e-05
-4.33432e-18
-6.78738e-21
-6.45126e-19
-2.27906e-21
2.41457e-05
-4.3167e-18
-6.77426e-21
-6.4971e-19
-2.30307e-21
2.47406e-05
-4.30213e-18
-6.75987e-21
-6.57515e-19
-2.32561e-21
2.53477e-05
-4.28689e-18
-6.74491e-21
-6.62333e-19
-2.34728e-21
2.59672e-05
-4.25991e-18
-6.72705e-21
-6.75762e-19
-2.36829e-21
2.65995e-05
-4.24535e-18
-6.71047e-21
-6.82202e-19
-2.38392e-21
2.72448e-05
-4.22982e-18
-6.69116e-21
-6.88723e-19
-2.39729e-21
2.79033e-05
-4.206e-18
-6.66912e-21
-6.99055e-19
-2.41101e-21
2.85755e-05
-4.1863e-18
-6.64556e-21
-7.09808e-19
-2.42255e-21
2.92617e-05
-4.16655e-18
-6.61928e-21
-7.1497e-19
-2.43103e-21
2.9962e-05
-4.14948e-18
-6.58974e-21
-7.2535e-19
-2.43575e-21
3.06768e-05
-4.13594e-18
-6.55808e-21
-7.29797e-19
-2.43646e-21
3.14065e-05
-4.12296e-18
-6.52542e-21
-7.30572e-19
-2.43299e-21
3.21514e-05
-4.11792e-18
-6.49272e-21
-7.29713e-19
-2.42631e-21
3.29118e-05
-4.10825e-18
-6.45715e-21
-7.25535e-19
-2.41729e-21
3.36881e-05
-4.10056e-18
-6.4179e-21
-7.28085e-19
-2.40385e-21
3.44805e-05
-4.08409e-18
-6.37625e-21
-7.27803e-19
-2.38586e-21
3.52895e-05
-4.07341e-18
-6.33786e-21
-7.24752e-19
-2.3645e-21
3.61154e-05
-4.06751e-18
-6.29471e-21
-7.25726e-19
-2.34031e-21
3.69585e-05
-4.0427e-18
-6.24572e-21
-7.24701e-19
-2.31034e-21
3.78193e-05
-4.042e-18
-6.19856e-21
-7.19629e-19
-2.27496e-21
3.86982e-05
-4.0279e-18
-6.14233e-21
-7.22208e-19
-2.23404e-21
3.95954e-05
-4.01757e-18
-6.08252e-21
-7.26106e-19
-2.18683e-21
4.05115e-05
-4.00132e-18
-6.01678e-21
-7.3296e-19
-2.13185e-21
4.14467e-05
-3.99107e-18
-5.94677e-21
-7.24772e-19
-2.06778e-21
4.24016e-05
-3.97225e-18
-5.86681e-21
-7.31603e-19
-2.00252e-21
4.33766e-05
-3.96038e-18
-5.78441e-21
-7.32436e-19
-1.92319e-21
4.4372e-05
-3.94342e-18
-5.69745e-21
-7.34887e-19
-1.8371e-21
4.53883e-05
-3.92591e-18
-5.60694e-21
-7.39804e-19
-1.74607e-21
4.6426e-05
-3.91009e-18
-5.51409e-21
-7.40066e-19
-1.64742e-21
4.74855e-05
-3.90114e-18
-5.41779e-21
-7.40292e-19
-1.53932e-21
4.85673e-05
-3.88793e-18
-5.30418e-21
-7.46447e-19
-1.43054e-21
4.96718e-05
-3.87105e-18
-5.18615e-21
-7.5558e-19
-1.31546e-21
5.07995e-05
-3.86093e-18
-5.06177e-21
-7.63477e-19
-1.18995e-21
5.1951e-05
-3.84381e-18
-4.92303e-21
-7.71417e-19
-1.06285e-21
5.31267e-05
-3.83726e-18
-4.77228e-21
-7.74116e-19
-9.36348e-22
5.43272e-05
-3.80441e-18
-4.61281e-21
-7.83286e-19
-8.07698e-22
5.55529e-05
-3.78172e-18
-4.46685e-21
-7.98172e-19
-6.59691e-22
5.68044e-05
-3.76541e-18
-4.31726e-21
-8.10747e-19
-4.93829e-22
5.80822e-05
-3.74138e-18
-4.18047e-21
-8.25013e-19
-3.04937e-22
5.9387e-05
-3.72349e-18
-4.04935e-21
-8.36708e-19
-9.61364e-23
6.07192e-05
-3.698e-18
-3.92638e-21
-8.50501e-19
1.25117e-22
6.20795e-05
-3.69382e-18
-3.81627e-21
-8.4059e-19
3.63943e-22
6.34684e-05
-3.68166e-18
-3.69336e-21
-8.47692e-19
6.16737e-22
6.48866e-05
-3.66182e-18
-3.55541e-21
-8.43035e-19
8.94785e-22
6.63346e-05
-3.63701e-18
-3.41596e-21
-8.37554e-19
1.16144e-21
6.7813e-05
-3.62044e-18
-3.26639e-21
-8.4633e-19
1.42591e-21
6.93227e-05
-3.60204e-18
-3.09992e-21
-8.46057e-19
1.6988e-21
7.0864e-05
-3.59322e-18
-2.92825e-21
-8.35267e-19
1.96473e-21
7.24379e-05
-3.56993e-18
-2.74971e-21
-8.49509e-19
2.22282e-21
7.40448e-05
-3.55416e-18
-2.59037e-21
-8.47637e-19
2.48792e-21
7.56856e-05
-3.52445e-18
-2.43846e-21
-8.69564e-19
2.72627e-21
7.73609e-05
-3.4957e-18
-2.32747e-21
-8.81513e-19
2.95758e-21
7.90714e-05
-3.47989e-18
-2.28228e-21
-8.90131e-19
3.17142e-21
8.0818e-05
-3.45786e-18
-2.26429e-21
-9.05733e-19
3.36623e-21
8.26012e-05
-3.45043e-18
-2.27097e-21
-9.13282e-19
3.54878e-21
8.4422e-05
-3.42564e-18
-2.25547e-21
-9.32355e-19
3.70732e-21
8.62811e-05
-3.41387e-18
-2.28176e-21
-9.45427e-19
3.89645e-21
8.81792e-05
-3.37859e-18
-2.29413e-21
-9.683e-19
4.04267e-21
9.01173e-05
-3.36141e-18
-2.32349e-21
-9.61338e-19
4.1735e-21
9.2096e-05
-3.33903e-18
-2.34961e-21
-9.77387e-19
4.25237e-21
9.41164e-05
-3.31429e-18
-2.37528e-21
-9.95987e-19
4.34499e-21
9.61792e-05
-3.29114e-18
-2.40374e-21
-1.02076e-18
4.4044e-21
9.82854e-05
-3.28565e-18
-2.48407e-21
-1.04481e-18
4.43013e-21
0.000100436
-3.26171e-18
-2.52565e-21
-1.06146e-18
4.40421e-21
0.000102631
-3.23705e-18
-2.53641e-21
-1.08383e-18
4.3331e-21
0.000104873
-3.21751e-18
-2.53796e-21
-1.11583e-18
4.24318e-21
0.000107162
-3.18236e-18
-2.54542e-21
-1.14535e-18
4.12863e-21
0.000109498
-3.16091e-18
-2.61369e-21
-1.18244e-18
3.99296e-21
0.000111884
-3.15081e-18
-2.71428e-21
-1.17788e-18
3.93267e-21
0.00011432
-3.14948e-18
-2.72629e-21
-1.18859e-18
3.83914e-21
0.000116807
-3.12488e-18
-2.70781e-21
-1.20758e-18
3.76531e-21
0.000119346
-3.11751e-18
-2.76974e-21
-1.22259e-18
3.7051e-21
0.000121938
-3.10718e-18
-2.79426e-21
-1.24306e-18
3.59434e-21
0.000124584
-3.09725e-18
-2.89612e-21
-1.2609e-18
3.43079e-21
0.000127286
-3.08792e-18
-3.07993e-21
-1.2811e-18
3.29618e-21
0.000130045
-3.06018e-18
-3.25515e-21
-1.31104e-18
3.21244e-21
0.000132861
-3.06784e-18
-3.51744e-21
-1.32325e-18
3.19562e-21
0.000135736
-3.05429e-18
-3.76104e-21
-1.34728e-18
3.22579e-21
0.000138671
-3.08285e-18
-4.24361e-21
-1.36218e-18
3.24917e-21
0.000141668
-3.05744e-18
-4.57284e-21
-1.38525e-18
3.11997e-21
0.000144727
-3.04887e-18
-4.95505e-21
-1.42356e-18
3.03163e-21
0.000147851
-3.04378e-18
-5.28603e-21
-1.44623e-18
3.25523e-21
0.000151039
-3.0274e-18
-5.45921e-21
-1.46019e-18
3.40479e-21
0.000154294
-3.01213e-18
-5.62065e-21
-1.49429e-18
3.45072e-21
0.000157618
-2.98101e-18
-5.86186e-21
-1.49995e-18
3.54986e-21
0.00016101
-2.95199e-18
-6.23715e-21
-1.52696e-18
3.68597e-21
0.000164473
-2.93709e-18
-6.77012e-21
-1.56335e-18
3.69004e-21
0.000168009
-2.91797e-18
-7.13046e-21
-1.58377e-18
3.52367e-21
0.000171618
-2.90064e-18
-7.61497e-21
-1.60319e-18
3.48021e-21
0.000175302
-2.85614e-18
-7.84589e-21
-1.632e-18
3.28584e-21
0.000179063
-2.86166e-18
-8.22816e-21
-1.62014e-18
3.00188e-21
0.000182903
-2.82133e-18
-8.50184e-21
-1.65225e-18
2.50044e-21
0.000186822
-2.83225e-18
-8.94706e-21
-1.67466e-18
1.69693e-21
0.000190823
-2.80931e-18
-9.11853e-21
-1.69043e-18
1.04483e-21
0.000194907
-2.78122e-18
-9.27633e-21
-1.68407e-18
6.60941e-22
0.000199076
-2.73295e-18
-9.47547e-21
-1.71437e-18
-2.73106e-23
0.000203332
-2.71429e-18
-9.79621e-21
-1.73194e-18
-6.90544e-22
0.000207676
-2.65226e-18
-1.01065e-20
-1.72297e-18
-1.27606e-21
0.00021211
-2.65693e-18
-1.07495e-20
-1.73483e-18
-1.82888e-21
0.000216636
-2.64459e-18
-1.10818e-20
-1.71008e-18
-2.14924e-21
0.000221255
-2.6343e-18
-1.13264e-20
-1.69725e-18
-2.67725e-21
0.000225971
-2.57918e-18
-1.16401e-20
-1.68541e-18
-3.0408e-21
0.000230784
-2.54295e-18
-1.19355e-20
-1.68863e-18
-3.57609e-21
0.000235697
-2.51961e-18
-1.22625e-20
-1.70638e-18
-4.05713e-21
0.000240711
-2.51168e-18
-1.25737e-20
-1.72084e-18
-4.67643e-21
0.000245829
-2.50063e-18
-1.26433e-20
-1.77038e-18
-5.69047e-21
0.000251053
-2.36799e-18
-1.25978e-20
-1.69295e-18
-7.15534e-21
0.000256384
-2.34231e-18
-1.35317e-20
-1.74231e-18
-9.78625e-21
0.000261826
-2.296e-18
-1.4731e-20
-1.74536e-18
-1.1566e-20
0.00026738
-2.27688e-18
-1.64965e-20
-1.75577e-18
-1.3024e-20
0.000273048
-2.23886e-18
-1.75975e-20
-1.76218e-18
-1.41442e-20
0.000278832
-2.20873e-18
-1.77684e-20
-1.79635e-18
-1.53991e-20
0.000284736
-2.17648e-18
-1.88264e-20
-1.8315e-18
-1.62115e-20
0.000290761
-2.15636e-18
-1.86587e-20
-1.88486e-18
-1.71416e-20
0.00029691
-2.12278e-18
-1.83291e-20
-1.84788e-18
-1.75574e-20
0.000303184
-2.08387e-18
-1.80309e-20
-1.87771e-18
-1.90474e-20
0.000309588
-2.07527e-18
-1.77058e-20
-1.89778e-18
-1.88172e-20
0.000316122
-2.02728e-18
-1.73392e-20
-1.91039e-18
-1.90069e-20
0.000322791
-2.00644e-18
-1.78015e-20
-1.94219e-18
-1.84275e-20
0.000329595
-1.97767e-18
-1.89625e-20
-1.95941e-18
-1.88084e-20
0.000336538
-2.05755e-18
-2.12643e-20
-1.9713e-18
-1.92782e-20
0.000343623
-2.04376e-18
-2.16586e-20
-1.98651e-18
-2.01994e-20
0.000350853
-2.04777e-18
-2.26319e-20
-1.95412e-18
-2.03181e-20
0.000358229
-2.06251e-18
-2.35637e-20
-1.92562e-18
-2.22255e-20
0.000365755
-2.03008e-18
-2.35416e-20
-1.96882e-18
-2.52363e-20
0.000373434
-1.99566e-18
-2.41922e-20
-1.88316e-18
-2.64556e-20
0.000381269
-1.91682e-18
-2.46276e-20
-1.90835e-18
-2.9143e-20
0.000389262
-1.86134e-18
-2.41059e-20
-1.88643e-18
-3.00405e-20
0.000397417
-1.84259e-18
-2.50371e-20
-1.89226e-18
-3.12634e-20
0.000405736
-1.75303e-18
-2.65414e-20
-1.88909e-18
-3.06153e-20
0.000414223
-1.77711e-18
-2.98598e-20
-1.76716e-18
-2.56136e-20
0.000422881
-1.74465e-18
-3.10035e-20
-1.79453e-18
-2.30728e-20
0.000431712
-1.76734e-18
-2.99735e-20
-1.69596e-18
-2.02272e-20
0.000440721
-1.72021e-18
-2.65556e-20
-1.68439e-18
-2.04041e-20
0.00044991
-1.66818e-18
-2.31559e-20
-1.70304e-18
-2.04434e-20
0.000459282
-1.56733e-18
-2.22477e-20
-1.60153e-18
-1.93601e-20
0.000468841
-1.51871e-18
-2.14554e-20
-1.57978e-18
-2.01077e-20
0.00047859
-1.47437e-18
-2.26494e-20
-1.60914e-18
-1.94112e-20
0.000488532
-1.47689e-18
-2.40114e-20
-1.5835e-18
-1.54007e-20
0.000498671
-1.50039e-18
-2.93883e-20
-1.37394e-18
-1.54616e-20
0.00050901
-1.58432e-18
-3.18949e-20
-1.40402e-18
-1.97004e-20
0.000519553
-1.50636e-18
-2.95344e-20
-1.47062e-18
-2.23042e-20
0.000530302
-1.40832e-18
-2.77168e-20
-1.39666e-18
-1.66432e-20
0.000541262
-1.36534e-18
-2.94257e-20
-1.2974e-18
-1.23251e-20
0.000552436
-1.31428e-18
-3.38729e-20
-1.24726e-18
-1.33658e-20
0.000563826
-1.387e-18
-4.01256e-20
-1.29774e-18
-1.72629e-20
0.000575437
-1.25092e-18
-3.03336e-20
-1.23108e-18
-1.94019e-20
0.000587272
-1.22263e-18
-2.47641e-20
-1.24105e-18
-2.41016e-20
0.000599335
-1.27541e-18
-2.23643e-20
-1.27015e-18
-2.27474e-20
0.000611628
-1.28619e-18
-2.48868e-20
-1.28537e-18
-2.2536e-20
0.000624154
-1.23231e-18
-2.52315e-20
-1.20999e-18
-2.26995e-20
0.000636918
-1.28956e-18
-3.11602e-20
-1.26294e-18
-2.6963e-20
0.000649922
-1.28752e-18
-2.70489e-20
-1.24664e-18
-3.23047e-20
0.000663169
-1.23503e-18
-2.38847e-20
-1.26371e-18
-3.66755e-20
0.000676663
-1.29711e-18
-3.34718e-20
-1.31288e-18
-3.45869e-20
0.000690406
-1.23206e-18
-4.02329e-20
-1.29242e-18
-2.98395e-20
0.0007044
-1.25532e-18
-4.03678e-20
-1.34995e-18
-2.72927e-20
0.000718649
-1.18299e-18
-3.80429e-20
-1.33395e-18
-1.88368e-20
0.000733154
-1.20114e-18
-4.14696e-20
-1.32902e-18
-1.59417e-20
0.000747917
-1.2954e-18
-4.78878e-20
-1.3922e-18
-1.4617e-20
0.000762941
-1.1899e-18
-3.59138e-20
-1.34368e-18
-1.10668e-20
0.000778227
-1.24219e-18
-4.34808e-20
-1.30333e-18
-1.38221e-20
0.000793776
-1.28017e-18
-4.83794e-20
-1.31739e-18
-2.79185e-20
0.000809589
-1.19056e-18
-4.66248e-20
-1.26818e-18
-2.91709e-20
0.000825665
-1.40867e-18
-6.23232e-20
-1.24119e-18
-2.86527e-20
0.000842005
-1.38322e-18
-6.96633e-20
-1.28708e-18
-3.32637e-20
0.000858608
-1.32385e-18
-6.63425e-20
-1.20525e-18
-3.3309e-20
0.000875473
-1.4742e-18
-5.85495e-20
-1.23811e-18
-3.44591e-20
0.000892597
-1.28946e-18
-3.53191e-20
-1.17769e-18
-2.63361e-20
0.000909977
-1.21302e-18
-2.58005e-20
-1.15292e-18
-2.13028e-20
0.000927611
-1.05637e-18
-1.86445e-20
-1.11219e-18
-1.96456e-20
0.000945492
-1.05912e-18
-2.40286e-20
-1.10546e-18
-1.88481e-20
0.000963617
-1.16129e-18
-3.56453e-20
-1.04411e-18
-2.52993e-20
0.00098198
-1.03437e-18
-1.28596e-20
-9.25465e-19
-2.77359e-20
0.00100057
-8.77647e-19
8.49717e-22
-1.09459e-18
-2.15031e-20
0.00101939
4.16068e-21
-7.70659e-19
3.00873e-21
-1.06413e-18
5.26533e-08
-6.49995e-22
-2.74574e-22
1.61889e-07
-3.12572e-21
-1.52101e-21
2.77222e-07
-5.74427e-21
-2.85387e-21
3.98918e-07
-8.52897e-21
-4.26016e-21
5.27251e-07
-1.14081e-20
-5.69749e-21
6.62506e-07
-1.43947e-20
-7.24277e-21
8.04975e-07
-1.74158e-20
-8.97314e-21
9.54952e-07
-2.1046e-20
-1.06004e-20
1.11273e-06
-2.44408e-20
-1.23194e-20
1.27859e-06
-2.82381e-20
-1.38598e-20
1.4528e-06
-3.192e-20
-1.56331e-20
1.63556e-06
-3.61184e-20
-1.76344e-20
1.82706e-06
-4.04665e-20
-1.98214e-20
2.02735e-06
-4.60964e-20
-2.10994e-20
2.23643e-06
-5.13638e-20
-2.25977e-20
2.45415e-06
-5.64791e-20
-2.47894e-20
2.68024e-06
-6.19014e-20
-2.67007e-20
2.91427e-06
-6.66893e-20
-2.95876e-20
3.15572e-06
-7.24733e-20
-3.19044e-20
3.40393e-06
-7.84315e-20
-3.3887e-20
3.65821e-06
-8.43397e-20
-3.66224e-20
3.91783e-06
-9.03166e-20
-3.94509e-20
4.1821e-06
-9.55026e-20
-4.31383e-20
4.45038e-06
-1.00949e-19
-4.75273e-20
4.72213e-06
-1.05828e-19
-5.18459e-20
4.99688e-06
-1.11146e-19
-5.62812e-20
5.2743e-06
-1.16729e-19
-5.90649e-20
5.55417e-06
-1.21204e-19
-6.3074e-20
5.83633e-06
-1.26071e-19
-6.63581e-20
6.12073e-06
-1.31193e-19
-6.95709e-20
6.40738e-06
-1.35933e-19
-7.3189e-20
6.69635e-06
-1.41101e-19
-7.69624e-20
6.98776e-06
-1.46372e-19
-8.02034e-20
7.28173e-06
-1.51397e-19
-8.31636e-20
7.57846e-06
-1.56955e-19
-8.69938e-20
7.87812e-06
-1.62039e-19
-8.96247e-20
8.18092e-06
-1.65878e-19
-9.25313e-20
8.48706e-06
-1.70541e-19
-9.64642e-20
8.79677e-06
-1.77516e-19
-9.81687e-20
9.11026e-06
-1.83849e-19
-1.00264e-19
9.42775e-06
-1.91656e-19
-1.01231e-19
9.74946e-06
-1.95376e-19
-1.03903e-19
1.00756e-05
-2.00369e-19
-1.07365e-19
1.04064e-05
-2.06486e-19
-1.10308e-19
1.07421e-05
-2.12402e-19
-1.11438e-19
1.10829e-05
-2.22219e-19
-1.12042e-19
1.1429e-05
-2.29196e-19
-1.14982e-19
1.17806e-05
-2.33846e-19
-1.1821e-19
1.2138e-05
-2.38799e-19
-1.22305e-19
1.25013e-05
-2.43681e-19
-1.23234e-19
1.28708e-05
-2.46815e-19
-1.27452e-19
1.32466e-05
-2.51412e-19
-1.30353e-19
1.3629e-05
-2.55764e-19
-1.3355e-19
1.40182e-05
-2.59383e-19
-1.37745e-19
1.44144e-05
-2.60572e-19
-1.44457e-19
1.48178e-05
-2.64727e-19
-1.47589e-19
1.52286e-05
-2.6892e-19
-1.52614e-19
1.56471e-05
-2.74511e-19
-1.56205e-19
1.60734e-05
-2.774e-19
-1.58008e-19
1.65078e-05
-2.80724e-19
-1.62163e-19
1.69504e-05
-2.85298e-19
-1.67778e-19
1.74016e-05
-2.91228e-19
-1.68974e-19
1.78615e-05
-3.03528e-19
-1.69615e-19
1.83304e-05
-3.09293e-19
-1.69352e-19
1.88084e-05
-3.17786e-19
-1.69022e-19
1.92958e-05
-3.19785e-19
-1.7142e-19
1.97929e-05
-3.23825e-19
-1.742e-19
2.02998e-05
-3.3009e-19
-1.73857e-19
2.08169e-05
-3.37864e-19
-1.78921e-19
2.13443e-05
-3.40611e-19
-1.82477e-19
2.18824e-05
-3.46308e-19
-1.85058e-19
2.24313e-05
-3.51541e-19
-1.88132e-19
2.29913e-05
-3.55994e-19
-1.92753e-19
2.35627e-05
-3.62832e-19
-2.00931e-19
2.41457e-05
-3.69925e-19
-2.04376e-19
2.47406e-05
-3.82851e-19
-2.08876e-19
2.53477e-05
-3.8549e-19
-2.14052e-19
2.59672e-05
-3.9226e-19
-2.17402e-19
2.65995e-05
-3.96362e-19
-2.21694e-19
2.72448e-05
-4.02628e-19
-2.27913e-19
2.79033e-05
-4.06031e-19
-2.32642e-19
2.85755e-05
-4.12122e-19
-2.37106e-19
2.92617e-05
-4.15842e-19
-2.33442e-19
2.9962e-05
-4.1889e-19
-2.41208e-19
3.06768e-05
-4.21814e-19
-2.4683e-19
3.14065e-05
-4.2339e-19
-2.53502e-19
3.21514e-05
-4.20562e-19
-2.61827e-19
3.29118e-05
-4.1261e-19
-2.61143e-19
3.36881e-05
-4.15504e-19
-2.6986e-19
3.44805e-05
-4.28765e-19
-2.77666e-19
3.52895e-05
-4.30005e-19
-2.83717e-19
3.61154e-05
-4.35343e-19
-2.87696e-19
3.69585e-05
-4.41055e-19
-2.93665e-19
3.78193e-05
-4.46515e-19
-2.94701e-19
3.86982e-05
-4.50887e-19
-2.94553e-19
3.95954e-05
-4.53865e-19
-2.94673e-19
4.05115e-05
-4.57091e-19
-2.99892e-19
4.14467e-05
-4.55891e-19
-3.05427e-19
4.24016e-05
-4.60107e-19
-3.04847e-19
4.33766e-05
-4.65398e-19
-3.10546e-19
4.4372e-05
-4.67904e-19
-3.16673e-19
4.53883e-05
-4.70745e-19
-3.27211e-19
4.6426e-05
-4.72581e-19
-3.294e-19
4.74855e-05
-4.61637e-19
-3.37242e-19
4.85673e-05
-4.68925e-19
-3.41922e-19
4.96718e-05
-4.7317e-19
-3.46426e-19
5.07995e-05
-4.75776e-19
-3.54346e-19
5.1951e-05
-4.77504e-19
-3.58997e-19
5.31267e-05
-4.92495e-19
-3.62895e-19
5.43272e-05
-4.9985e-19
-3.58149e-19
5.55529e-05
-4.84275e-19
-3.59148e-19
5.68044e-05
-4.8626e-19
-3.53838e-19
5.80822e-05
-4.73156e-19
-3.55817e-19
5.9387e-05
-4.75372e-19
-3.59093e-19
6.07192e-05
-4.78284e-19
-3.61958e-19
6.20795e-05
-4.79974e-19
-3.45488e-19
6.34684e-05
-4.78485e-19
-3.33398e-19
6.48866e-05
-4.91755e-19
-3.45557e-19
6.63346e-05
-4.92747e-19
-3.45057e-19
6.7813e-05
-4.84786e-19
-3.47079e-19
6.93227e-05
-4.78775e-19
-3.46828e-19
7.0864e-05
-4.82501e-19
-3.37729e-19
7.24379e-05
-4.9042e-19
-3.40505e-19
7.40448e-05
-4.89546e-19
-3.4071e-19
7.56856e-05
-4.9318e-19
-3.44635e-19
7.73609e-05
-5.09012e-19
-3.49446e-19
7.90714e-05
-5.07345e-19
-3.47286e-19
8.0818e-05
-5.01158e-19
-3.37429e-19
8.26012e-05
-4.82473e-19
-3.43951e-19
8.4422e-05
-4.83445e-19
-3.39373e-19
8.62811e-05
-4.65956e-19
-3.50813e-19
8.81792e-05
-4.52261e-19
-3.42204e-19
9.01173e-05
-4.49681e-19
-3.37939e-19
9.2096e-05
-4.50477e-19
-3.32203e-19
9.41164e-05
-4.57236e-19
-3.30659e-19
9.61792e-05
-4.88088e-19
-3.15013e-19
9.82854e-05
-4.89252e-19
-3.15051e-19
0.000100436
-4.70654e-19
-3.15023e-19
0.000102631
-4.56995e-19
-3.09479e-19
0.000104873
-4.53486e-19
-3.15532e-19
0.000107162
-4.50432e-19
-3.29568e-19
0.000109498
-4.47386e-19
-3.25026e-19
0.000111884
-4.17067e-19
-3.20004e-19
0.00011432
-4.20114e-19
-3.06614e-19
0.000116807
-4.3502e-19
-3.1044e-19
0.000119346
-4.25004e-19
-3.29292e-19
0.000121938
-4.46888e-19
-3.40905e-19
0.000124584
-4.63401e-19
-3.26705e-19
0.000127286
-4.5645e-19
-3.25413e-19
0.000130045
-4.66461e-19
-3.41954e-19
0.000132861
-4.66437e-19
-3.30754e-19
0.000135736
-5.05856e-19
-3.22189e-19
0.000138671
-4.86857e-19
-3.423e-19
0.000141668
-4.65554e-19
-3.439e-19
0.000144727
-4.54196e-19
-3.08593e-19
0.000147851
-4.45426e-19
-3.29524e-19
0.000151039
-4.49784e-19
-3.32508e-19
0.000154294
-4.65981e-19
-3.24415e-19
0.000157618
-4.80565e-19
-2.98661e-19
0.00016101
-4.9818e-19
-3.07839e-19
0.000164473
-4.63614e-19
-3.30789e-19
0.000168009
-4.88049e-19
-3.11213e-19
0.000171618
-4.50284e-19
-3.2518e-19
0.000175302
-4.5467e-19
-3.32349e-19
0.000179063
-4.6436e-19
-3.21636e-19
0.000182903
-4.79482e-19
-3.59565e-19
0.000186822
-4.68871e-19
-3.59115e-19
0.000190823
-4.61419e-19
-3.42019e-19
0.000194907
-4.57651e-19
-3.50358e-19
0.000199076
-4.42705e-19
-3.64648e-19
0.000203332
-4.41031e-19
-3.7572e-19
0.000207676
-4.45992e-19
-3.49786e-19
0.00021211
-4.32696e-19
-3.35482e-19
0.000216636
-4.44039e-19
-3.57777e-19
0.000221255
-4.91504e-19
-3.46443e-19
0.000225971
-4.8016e-19
-3.64464e-19
0.000230784
-4.84246e-19
-3.67998e-19
0.000235697
-4.85074e-19
-3.95635e-19
0.000240711
-4.9611e-19
-4.15711e-19
0.000245829
-5.25819e-19
-4.64509e-19
0.000251053
-5.08951e-19
-4.51824e-19
0.000256384
-5.29753e-19
-4.29319e-19
0.000261826
-5.73958e-19
-4.05348e-19
0.00026738
-5.50347e-19
-3.32877e-19
0.000273048
-4.77186e-19
-3.48964e-19
0.000278832
-5.4813e-19
-3.93218e-19
0.000284736
-4.65202e-19
-4.29458e-19
0.000290761
-4.59277e-19
-4.13762e-19
0.00029691
-4.35422e-19
-4.65433e-19
0.000303184
-4.14636e-19
-4.04613e-19
0.000309588
-4.341e-19
-4.54725e-19
0.000316122
-4.59477e-19
-4.05754e-19
0.000322791
-4.83633e-19
-4.56628e-19
0.000329595
-5.21704e-19
-4.27844e-19
0.000336538
-5.20519e-19
-4.43973e-19
0.000343623
-5.63874e-19
-4.47645e-19
0.000350853
-5.82321e-19
-5.24065e-19
0.000358229
-5.71761e-19
-5.28097e-19
0.000365755
-5.80841e-19
-4.65441e-19
0.000373434
-5.50676e-19
-4.90432e-19
0.000381269
-4.71618e-19
-5.11266e-19
0.000389262
-5.19e-19
-5.38784e-19
0.000397417
-5.58301e-19
-5.183e-19
0.000405736
-5.79078e-19
-4.35879e-19
0.000414223
-5.66546e-19
-4.97613e-19
0.000422881
-5.22419e-19
-5.24249e-19
0.000431712
-5.32217e-19
-5.1928e-19
0.000440721
-5.27791e-19
-5.32789e-19
0.00044991
-5.72283e-19
-5.68204e-19
0.000459282
-4.98312e-19
-6.05679e-19
0.000468841
-5.51405e-19
-6.09301e-19
0.00047859
-5.67541e-19
-5.66033e-19
0.000488532
-7.33193e-19
-6.48946e-19
0.000498671
-6.89072e-19
-5.22227e-19
0.00050901
-6.55839e-19
-5.39645e-19
0.000519553
-6.16376e-19
-5.30185e-19
0.000530302
-6.4383e-19
-5.71688e-19
0.000541262
-6.8594e-19
-6.06031e-19
0.000552436
-6.95776e-19
-6.31807e-19
0.000563826
-4.85771e-19
-6.1535e-19
0.000575437
-4.83086e-19
-6.06316e-19
0.000587272
-5.0025e-19
-5.65795e-19
0.000599335
-6.06907e-19
-6.18763e-19
0.000611628
-5.61703e-19
-5.967e-19
0.000624154
-6.27853e-19
-5.9216e-19
0.000636918
-5.18074e-19
-6.31069e-19
0.000649922
-5.13019e-19
-6.24742e-19
0.000663169
-6.28633e-19
-5.61017e-19
0.000676663
-6.34228e-19
-4.57704e-19
0.000690406
-4.98012e-19
-4.50073e-19
0.0007044
-4.95864e-19
-4.66652e-19
0.000718649
-4.48994e-19
-4.77447e-19
0.000733154
-4.76142e-19
-4.69588e-19
0.000747917
-3.36155e-19
-5.18652e-19
0.000762941
-4.38519e-19
-5.12243e-19
0.000778227
-4.51264e-19
-5.84327e-19
0.000793776
-4.53355e-19
-5.253e-19
0.000809589
-5.70439e-19
-5.33136e-19
0.000825665
-7.33227e-19
-5.53573e-19
0.000842005
-6.90116e-19
-6.12323e-19
0.000858608
-6.77343e-19
-6.87289e-19
0.000875473
-7.28615e-19
-6.86398e-19
0.000892597
-7.17549e-19
-6.95623e-19
0.000909977
-7.74353e-19
-8.35376e-19
0.000927611
-8.04382e-19
-8.45677e-19
0.000945492
-8.47238e-19
-8.37343e-19
0.000963617
-6.8593e-19
-7.59442e-19
0.00098198
-6.93308e-19
-6.3338e-19
0.00100057
-6.52259e-19
-6.59056e-19
0.00101939
-8.20981e-19
-8.61747e-19
0.00101939
-9.70807e-19
-2.97217e-20
-8.98104e-19
-8.72395e-22
0.00100057
-9.21994e-19
-2.23776e-20
-8.47113e-19
-8.64728e-21
0.00098198
-8.19749e-19
-1.36199e-20
-7.94741e-19
-1.45283e-20
0.000963617
-8.36752e-19
-2.71736e-20
-7.35848e-19
-5.14193e-21
0.000945492
-8.88611e-19
-1.41847e-20
-6.90545e-19
-1.4198e-20
0.000927611
-7.51558e-19
-2.01467e-20
-8.03504e-19
-2.20748e-20
0.000909977
-6.45093e-19
-2.01104e-20
-7.19839e-19
-2.26968e-20
0.000892597
-6.31101e-19
-2.602e-20
-7.57475e-19
-1.36971e-20
0.000875473
-6.51711e-19
-1.93903e-20
-7.9662e-19
-5.6426e-21
0.000858608
-7.40821e-19
-1.54794e-20
-8.1043e-19
2.0344e-22
0.000842005
-7.03937e-19
1.70861e-21
-8.14889e-19
1.473e-20
0.000825665
-7.57469e-19
-6.17701e-21
-6.55189e-19
1.63958e-20
0.000809589
-7.47943e-19
4.3157e-21
-6.87468e-19
1.93989e-21
0.000793776
-6.66156e-19
6.87839e-21
-5.69113e-19
5.91928e-21
0.000778227
-6.10358e-19
5.21424e-21
-5.31064e-19
-1.96268e-22
0.000762941
-6.07294e-19
7.88665e-21
-5.37728e-19
-7.65269e-22
0.000747917
-6.31273e-19
2.02082e-20
-4.35481e-19
3.02142e-21
0.000733154
-4.87689e-19
2.90913e-20
-3.74336e-19
1.28925e-21
0.000718649
-3.90703e-19
2.46851e-20
-4.59291e-19
-9.35442e-21
0.0007044
-2.10924e-19
2.33941e-20
-4.30497e-19
-1.03636e-20
0.000690406
-3.31845e-19
9.12976e-21
-4.39171e-19
-7.13858e-21
0.000676663
-3.05582e-19
3.91448e-21
-3.74548e-19
-4.36975e-21
0.000663169
-3.61086e-19
-1.39409e-21
-3.45267e-19
-3.34075e-21
0.000649922
-3.72422e-19
9.82004e-23
-3.61092e-19
-1.73863e-21
0.000636918
-3.52748e-19
-1.35754e-22
-3.59555e-19
2.99651e-21
0.000624154
-3.38313e-19
1.05641e-21
-3.73837e-19
6.26358e-21
0.000611628
-3.08719e-19
1.72168e-21
-3.23666e-19
8.76919e-21
0.000599335
-3.48929e-19
1.60903e-22
-4.11654e-19
7.2059e-21
0.000587272
-4.6673e-19
2.7837e-21
-4.54436e-19
5.5575e-21
0.000575437
-4.4293e-19
6.72175e-21
-4.2725e-19
4.8065e-21
0.000563826
-4.0498e-19
6.73146e-21
-4.8439e-19
9.48929e-22
0.000552436
-4.31365e-19
1.01699e-20
-4.44737e-19
3.08341e-21
0.000541262
-3.28248e-19
1.02393e-20
-4.60907e-19
6.52914e-21
0.000530302
-3.68091e-19
3.10964e-21
-3.84125e-19
8.61822e-21
0.000519553
-4.26786e-19
-2.96585e-22
-4.3186e-19
1.94567e-21
0.00050901
-4.77922e-19
-3.63261e-21
-4.33435e-19
-1.06551e-21
0.000498671
-3.71689e-19
-6.37433e-21
-4.45937e-19
-1.39017e-21
0.000488532
-5.18574e-19
-8.9343e-21
-4.29835e-19
1.20086e-21
0.00047859
-5.00656e-19
-5.29846e-21
-4.45324e-19
-3.70383e-22
0.000468841
-4.95594e-19
-2.59184e-21
-4.65748e-19
-3.2782e-21
0.000459282
-4.90436e-19
3.00684e-22
-4.63053e-19
-3.00179e-21
0.00044991
-4.48612e-19
-6.24096e-23
-4.74959e-19
-4.25862e-21
0.000440721
-4.0642e-19
-1.72606e-21
-4.66358e-19
-5.27636e-21
0.000431712
-4.07398e-19
-4.51917e-21
-4.71798e-19
-5.19135e-21
0.000422881
-3.89365e-19
-4.53618e-21
-3.92184e-19
-3.09157e-21
0.000414223
-3.43806e-19
-3.59266e-21
-3.90285e-19
-3.19494e-21
0.000405736
-2.64179e-19
-3.31982e-21
-3.91182e-19
-3.42559e-21
0.000397417
-3.16208e-19
-4.6505e-21
-3.28041e-19
-1.06797e-21
0.000389262
-2.92538e-19
-2.23829e-21
-3.92183e-19
1.35589e-21
0.000381269
-2.60365e-19
-1.35356e-21
-3.7396e-19
3.09078e-21
0.000373434
-2.18401e-19
-8.31222e-23
-2.91182e-19
5.94831e-21
0.000365755
-1.94101e-19
3.89163e-22
-2.2519e-19
6.83251e-21
0.000358229
-1.88711e-19
-4.99415e-22
-2.7462e-19
7.41345e-21
0.000350853
-1.95081e-19
-3.92255e-22
-1.53482e-19
8.63532e-21
0.000343623
-1.5893e-19
-1.44688e-21
-2.04598e-19
6.08416e-21
0.000336538
-1.7944e-19
-1.77246e-21
-1.91032e-19
5.65621e-21
0.000329595
-1.92475e-19
-8.93692e-22
-1.21826e-19
5.32976e-21
0.000322791
-1.55746e-19
-1.12591e-21
-8.84946e-20
3.87354e-21
0.000316122
-1.48012e-19
-1.01479e-21
-7.49227e-20
2.54417e-21
0.000309588
-1.37473e-19
-1.30252e-21
-1.33067e-19
7.69221e-23
0.000303184
-1.26107e-19
-1.88861e-21
-1.39327e-19
-1.35795e-21
0.00029691
-1.09222e-19
-1.79898e-21
-1.26812e-19
-1.69854e-21
0.000290761
-1.54347e-19
-1.99056e-21
-1.11197e-19
-2.28025e-21
0.000284736
-9.76247e-20
-1.7056e-21
-8.38187e-20
-2.59566e-21
0.000278832
-1.08716e-19
-1.73841e-21
-8.62867e-20
-2.97362e-21
0.000273048
-1.50773e-19
-1.97988e-21
-6.61001e-20
-2.75374e-21
0.00026738
-1.34104e-19
-1.58395e-21
-3.11173e-20
-2.63042e-21
0.000261826
-9.96901e-20
-1.04079e-21
-6.08971e-20
-2.59709e-21
0.000256384
-1.28809e-19
-5.24874e-22
-6.2848e-20
-2.41477e-21
0.000251053
-6.33438e-20
2.13997e-22
-7.97356e-20
-2.5078e-21
0.000245829
-6.84634e-20
-9.9625e-23
-8.90286e-20
-2.02979e-21
0.000240711
-9.63645e-20
-3.17766e-23
-1.19733e-19
-1.66263e-21
0.000235697
-8.49692e-20
3.71994e-22
-7.62089e-20
-1.38308e-21
0.000230784
-1.1421e-19
6.35219e-22
-8.88578e-20
-1.72826e-21
0.000225971
-1.23714e-19
1.09959e-21
-1.04494e-19
-1.87817e-21
0.000221255
-9.592e-20
1.43611e-21
-1.25569e-19
-1.75034e-21
0.000216636
-9.62057e-20
1.5322e-21
-1.46918e-19
-1.51004e-21
0.00021211
-1.17988e-19
1.45532e-21
-1.12532e-19
-1.03504e-21
0.000207676
-1.03518e-19
1.50462e-21
-1.16546e-19
-8.33754e-22
0.000203332
-9.85147e-20
1.2855e-21
-1.02914e-19
-5.72989e-22
0.000199076
-1.27034e-19
1.18304e-21
-1.20465e-19
-2.49544e-22
0.000194907
-1.30056e-19
1.2892e-21
-8.86137e-20
1.38926e-22
0.000190823
-1.16921e-19
1.31089e-21
-5.6038e-20
5.39238e-22
0.000186822
-1.34153e-19
1.25243e-21
-6.43664e-20
6.6566e-22
0.000182903
-9.18893e-20
1.63411e-21
-6.80505e-20
6.33612e-22
0.000179063
-7.18471e-20
1.60116e-21
-9.29338e-20
5.98738e-22
0.000175302
-5.68829e-20
1.39773e-21
-8.67702e-20
8.23119e-22
0.000171618
-3.14365e-20
1.27342e-21
-9.11296e-20
1.03292e-21
0.000168009
-3.53258e-20
9.86323e-22
-8.14114e-20
1.14868e-21
0.000164473
-1.57137e-20
9.06485e-22
-7.8492e-20
1.25415e-21
0.00016101
2.53106e-20
8.50035e-22
-9.64098e-20
1.21985e-21
0.000157618
2.38606e-20
6.72951e-22
-9.4643e-20
1.31684e-21
0.000154295
2.986e-20
5.45087e-22
-7.5311e-20
1.34893e-21
0.000151039
3.52989e-20
3.8775e-22
-6.77618e-20
1.3721e-21
0.000147851
9.35894e-21
1.90298e-22
-4.56323e-20
1.43476e-21
0.000144727
1.12129e-20
3.13542e-23
-4.27291e-20
1.29186e-21
0.000141668
1.6761e-20
-5.13085e-23
-5.40314e-20
1.10307e-21
0.000138671
3.12447e-20
-3.01402e-22
-7.4228e-20
9.74327e-22
0.000135736
-4.48714e-21
-5.24937e-22
-5.10322e-20
9.39282e-22
0.000132861
2.18642e-21
-6.79069e-22
-4.60004e-20
9.60627e-22
0.000130045
2.53074e-21
-8.9221e-22
-5.00901e-20
9.96884e-22
0.000127286
4.16389e-21
-1.08949e-21
-4.06329e-20
1.11018e-21
0.000124584
-5.11686e-21
-1.23233e-21
-4.66638e-20
1.17511e-21
0.000121938
-4.73742e-21
-1.32797e-21
-4.24782e-20
1.17345e-21
0.000119346
3.15619e-22
-1.3583e-21
-4.95139e-20
1.15232e-21
0.000116807
-8.77737e-21
-1.35695e-21
-3.74906e-20
1.06406e-21
0.00011432
-2.02479e-21
-1.33407e-21
-4.3664e-20
9.73929e-22
0.000111884
-8.59945e-21
-1.34799e-21
-3.18427e-20
8.81346e-22
0.000109498
-9.06116e-21
-1.23714e-21
-3.28861e-20
7.99685e-22
0.000107162
-5.80884e-21
-1.14525e-21
-4.85944e-20
7.86054e-22
0.000104873
8.67411e-21
-1.06337e-21
-4.63736e-20
7.56589e-22
0.000102631
-2.91358e-21
-1.03879e-21
-3.69919e-20
7.27686e-22
0.000100436
-4.56338e-21
-9.6792e-22
-3.06265e-20
7.01953e-22
9.82854e-05
-3.83286e-21
-8.92044e-22
-3.21982e-20
6.50186e-22
9.61792e-05
-1.32449e-20
-8.49458e-22
-2.48716e-20
6.15626e-22
9.41164e-05
-2.16986e-20
-7.96751e-22
-2.57157e-20
5.14304e-22
9.2096e-05
-2.68885e-20
-7.24177e-22
-3.52263e-20
3.93258e-22
9.01173e-05
-2.12284e-20
-6.52691e-22
-3.64686e-20
3.22478e-22
8.81792e-05
-4.8176e-21
-6.00569e-22
-3.06134e-20
2.37167e-22
8.62811e-05
-3.43923e-21
-5.8355e-22
-2.22937e-20
1.8165e-22
8.4422e-05
-9.02017e-21
-5.64821e-22
-4.55686e-20
1.26278e-22
8.26012e-05
1.13426e-21
-5.10472e-22
-3.55453e-20
8.77482e-23
8.0818e-05
-1.92769e-20
-4.95268e-22
-3.7484e-20
4.16316e-23
7.90714e-05
-1.40817e-20
-4.46213e-22
-3.63935e-20
3.17844e-23
7.73609e-05
-2.53465e-20
-3.95062e-22
-2.78196e-20
3.34759e-23
7.56856e-05
-8.88939e-21
-3.54697e-22
-4.19742e-20
1.98328e-23
7.40448e-05
-6.19763e-21
-3.46752e-22
-4.48028e-20
-7.6916e-24
7.24379e-05
6.06382e-21
-3.54238e-22
-4.35125e-20
-3.24757e-23
7.0864e-05
1.00575e-20
-3.68969e-22
-4.38589e-20
-3.35812e-23
6.93227e-05
1.34248e-20
-3.91777e-22
-5.13492e-20
-2.44276e-23
6.7813e-05
6.23442e-21
-4.05173e-22
-3.82255e-20
1.06801e-23
6.63346e-05
-2.76537e-21
-3.89729e-22
-3.60476e-20
2.08898e-23
6.48866e-05
-3.22893e-21
-3.76578e-22
-3.27251e-20
2.70458e-23
6.34684e-05
7.6793e-21
-3.47824e-22
-3.55614e-20
3.76863e-23
6.20795e-05
4.1264e-21
-3.39086e-22
-3.59032e-20
4.83746e-23
6.07192e-05
6.68597e-21
-3.33188e-22
-2.75628e-20
6.66581e-23
5.9387e-05
8.15342e-21
-3.39587e-22
-3.29887e-20
6.9873e-23
5.80822e-05
-1.21199e-20
-3.54093e-22
-2.16343e-20
7.65502e-23
5.68044e-05
-7.63738e-21
-3.3806e-22
-2.41561e-20
7.1118e-23
5.55529e-05
-1.31722e-20
-3.29395e-22
-1.76189e-20
5.36927e-23
5.43272e-05
-2.84182e-21
-3.18925e-22
-2.66022e-20
3.75424e-23
5.31267e-05
-8.20056e-21
-3.16405e-22
-1.84439e-20
4.17275e-23
5.1951e-05
-4.34586e-21
-3.1372e-22
-2.1088e-20
3.98306e-23
5.07995e-05
-9.75151e-21
-3.05714e-22
-2.3149e-20
3.76259e-23
4.96718e-05
9.35396e-22
-3.04226e-22
-3.04081e-20
4.32763e-23
4.85672e-05
1.76432e-21
-3.12085e-22
-2.95202e-20
5.2057e-23
4.74855e-05
4.10028e-21
-3.10277e-22
-2.44031e-20
5.65119e-23
4.6426e-05
3.8607e-21
-3.07873e-22
-2.71684e-20
5.99031e-23
4.53883e-05
6.16803e-21
-3.03368e-22
-3.17518e-20
6.74029e-23
4.4372e-05
6.16689e-21
-3.00739e-22
-3.47266e-20
7.74556e-23
4.33766e-05
1.45338e-20
-2.96543e-22
-3.20856e-20
8.47152e-23
4.24016e-05
1.77237e-20
-2.92686e-22
-3.66773e-20
9.18916e-23
4.14468e-05
9.32166e-21
-2.88466e-22
-3.20621e-20
9.79687e-23
4.05115e-05
1.13093e-20
-2.80353e-22
-3.44086e-20
1.02717e-22
3.95955e-05
1.9678e-21
-2.69995e-22
-3.22357e-20
1.1376e-22
3.86982e-05
3.41918e-21
-2.56727e-22
-3.21384e-20
1.24413e-22
3.78193e-05
-3.22339e-21
-2.46381e-22
-2.18071e-20
1.34688e-22
3.69585e-05
-1.30846e-21
-2.35045e-22
-2.34607e-20
1.38156e-22
3.61154e-05
-6.32525e-22
-2.25799e-22
-2.71591e-20
1.40872e-22
3.52895e-05
1.15198e-21
-2.15845e-22
-2.37218e-20
1.43675e-22
3.44805e-05
7.27982e-22
-2.08277e-22
-2.46596e-20
1.43034e-22
3.36881e-05
1.96178e-21
-2.0214e-22
-2.38815e-20
1.42421e-22
3.29118e-05
-2.70522e-21
-1.97066e-22
-3.07581e-20
1.39733e-22
3.21514e-05
-3.77166e-21
-1.8914e-22
-2.00976e-20
1.35844e-22
3.14066e-05
1.70389e-21
-1.81893e-22
-1.33549e-20
1.27412e-22
3.06768e-05
-2.00756e-21
-1.75886e-22
-1.18426e-20
1.16138e-22
2.9962e-05
1.91804e-21
-1.71603e-22
-1.43144e-20
1.0573e-22
2.92616e-05
4.39081e-22
-1.67422e-22
-1.48116e-20
9.60195e-23
2.85755e-05
-3.16149e-22
-1.6324e-22
-1.21359e-20
8.7605e-23
2.79034e-05
4.11229e-22
-1.58247e-22
-1.4862e-20
7.91131e-23
2.72448e-05
2.17457e-21
-1.52266e-22
-1.45593e-20
7.09962e-23
2.65995e-05
3.45667e-21
-1.47067e-22
-1.5684e-20
6.2727e-23
2.59672e-05
5.03708e-21
-1.41773e-22
-1.61111e-20
5.37688e-23
2.53477e-05
3.98595e-21
-1.37484e-22
-1.5616e-20
4.62175e-23
2.47406e-05
-3.53493e-21
-1.32984e-22
-8.42416e-21
4.00989e-23
2.41457e-05
-9.07213e-21
-1.26859e-22
-4.31448e-21
3.2474e-23
2.35627e-05
-7.08584e-21
-1.19754e-22
-2.37488e-21
2.45387e-23
2.29913e-05
-8.0081e-21
-1.13312e-22
-4.85259e-21
1.71369e-23
2.24313e-05
-1.08549e-20
-1.07028e-22
-3.22261e-21
1.11968e-23
2.18824e-05
-1.03781e-20
-1.01204e-22
-3.6983e-21
5.34379e-24
2.13443e-05
-1.02119e-20
-9.59271e-23
-1.50759e-21
4.77149e-25
2.08169e-05
-9.81615e-21
-9.13257e-23
1.24693e-22
-4.29843e-24
2.02998e-05
-8.97652e-21
-8.71764e-23
-1.48937e-21
-8.37231e-24
1.97929e-05
-7.68166e-21
-8.34429e-23
-1.29213e-21
-1.18582e-23
1.92958e-05
-1.1573e-20
-7.87471e-23
8.43416e-22
-1.56344e-23
1.88084e-05
-1.03835e-20
-7.34342e-23
2.04539e-21
-1.96196e-23
1.83304e-05
-1.096e-20
-6.91561e-23
-1.19998e-21
-2.35019e-23
1.78615e-05
-1.15948e-20
-6.54067e-23
-3.02502e-21
-2.59885e-23
1.74016e-05
-9.56893e-21
-6.201e-23
-5.44468e-22
-2.80534e-23
1.69504e-05
-1.26037e-20
-5.88534e-23
-1.34668e-21
-3.02069e-23
1.65078e-05
-1.0416e-20
-5.51318e-23
-5.74431e-22
-3.23566e-23
1.60734e-05
-1.45553e-20
-5.1742e-23
-2.78637e-21
-3.40214e-23
1.56471e-05
-1.28267e-20
-4.76956e-23
-1.90393e-21
-3.509e-23
1.52286e-05
-1.16333e-20
-4.38377e-23
4.90989e-22
-3.59876e-23
1.48178e-05
-8.58428e-21
-4.0247e-23
9.21772e-22
-3.71783e-23
1.44144e-05
-8.36026e-21
-3.69575e-23
7.3108e-22
-3.8309e-23
1.40182e-05
-8.63843e-21
-3.38471e-23
1.56697e-21
-3.89527e-23
1.3629e-05
-8.04135e-21
-3.09368e-23
2.76255e-21
-3.95865e-23
1.32466e-05
-1.04785e-20
-2.84763e-23
1.55396e-21
-4.02749e-23
1.28708e-05
-1.11097e-20
-2.60572e-23
2.25282e-21
-4.09402e-23
1.25013e-05
-1.00165e-20
-2.355e-23
6.29207e-21
-4.17302e-23
1.2138e-05
-6.2606e-21
-2.16301e-23
1.84442e-21
-4.2941e-23
1.17807e-05
-6.9682e-21
-2.04107e-23
-1.7566e-21
-4.32699e-23
1.1429e-05
-8.94012e-21
-1.93069e-23
-3.5558e-22
-4.31531e-23
1.10829e-05
-6.75942e-21
-1.80998e-23
6.89353e-22
-4.31274e-23
1.07421e-05
-6.24804e-21
-1.70867e-23
-3.71808e-22
-4.32236e-23
1.04064e-05
-5.96886e-21
-1.62302e-23
5.33499e-22
-4.31461e-23
1.00756e-05
-5.77377e-21
-1.54631e-23
7.27921e-22
-4.28893e-23
9.74948e-06
-6.195e-21
-1.48439e-23
8.64177e-22
-4.26851e-23
9.42774e-06
-5.61057e-21
-1.41546e-23
7.73113e-22
-4.26139e-23
9.11026e-06
-7.34656e-21
-1.36312e-23
6.65921e-22
-4.26285e-23
8.79677e-06
-8.87305e-21
-1.31076e-23
6.585e-22
-4.2628e-23
8.48707e-06
-9.32496e-21
-1.25285e-23
1.66401e-21
-4.26153e-23
8.18091e-06
-7.19518e-21
-1.1979e-23
1.32572e-21
-4.26907e-23
7.87813e-06
-5.75112e-21
-1.16207e-23
-8.41456e-22
-4.27625e-23
7.57846e-06
-5.9817e-21
-1.13394e-23
3.21673e-23
-4.28635e-23
7.28173e-06
-5.83419e-21
-1.11011e-23
-5.61684e-23
-4.30105e-23
6.98776e-06
-5.91748e-21
-1.09251e-23
-2.54885e-24
-4.31279e-23
6.69634e-06
-5.07429e-21
-1.07723e-23
8.6841e-22
-4.32277e-23
6.40738e-06
-4.62071e-21
-1.05571e-23
7.21775e-22
-4.33482e-23
6.12073e-06
-3.98199e-21
-1.04027e-23
8.27967e-23
-4.34576e-23
5.83634e-06
-3.06165e-21
-1.02588e-23
-6.68985e-22
-4.35407e-23
5.55417e-06
-2.73321e-21
-1.01436e-23
-1.13396e-21
-4.35837e-23
5.2743e-06
-2.15093e-21
-9.98906e-24
-1.46771e-21
-4.35238e-23
4.99688e-06
-2.0068e-21
-9.77564e-24
-8.44553e-22
-4.3373e-23
4.72212e-06
-2.39053e-21
-9.55715e-24
-1.14107e-21
-4.31608e-23
4.45038e-06
-2.06383e-21
-9.33708e-24
-1.36478e-21
-4.27899e-23
4.1821e-06
-1.01927e-21
-9.08652e-24
-1.23802e-21
-4.23057e-23
3.91783e-06
-8.92791e-22
-8.83654e-24
-1.07071e-21
-4.16983e-23
3.6582e-06
-1.45418e-21
-8.59066e-24
-3.73366e-22
-4.09084e-23
3.40394e-06
-1.68984e-21
-8.30818e-24
-4.04997e-22
-3.99477e-23
3.15572e-06
-1.40869e-21
-7.99821e-24
-3.23402e-22
-3.8846e-23
2.91427e-06
-1.3e-21
-7.66563e-24
-6.50394e-23
-3.76122e-23
2.68024e-06
-6.54793e-22
-7.31747e-24
-1.13818e-22
-3.62561e-23
2.45415e-06
-8.64741e-22
-6.99867e-24
-4.74542e-22
-3.48159e-23
2.23644e-06
-6.69892e-22
-6.65717e-24
-7.86883e-22
-3.33346e-23
2.02735e-06
-8.5618e-22
-6.31257e-24
-3.11209e-22
-3.18145e-23
1.82705e-06
-8.9817e-22
-5.96495e-24
8.59489e-23
-3.02925e-23
1.63557e-06
-6.9833e-22
-5.62719e-24
1.24168e-23
-2.87883e-23
1.4528e-06
-6.45502e-22
-5.30423e-24
-1.57037e-25
-2.73176e-23
1.27859e-06
-6.64364e-22
-5.00276e-24
4.78125e-23
-2.59e-23
1.11273e-06
-6.2237e-22
-4.71407e-24
-5.64497e-23
-2.45421e-23
9.54951e-07
-3.54862e-22
-4.44313e-24
1.49327e-23
-2.32408e-23
8.04977e-07
-1.24536e-22
-4.19038e-24
-4.38489e-23
-2.20052e-23
6.62505e-07
-1.10731e-22
-3.95294e-24
9.59776e-23
-2.0831e-23
5.2725e-07
-1.26465e-22
-3.72913e-24
3.61002e-23
-1.97178e-23
3.98918e-07
-9.12082e-23
-3.51999e-24
-6.2418e-24
-1.86625e-23
2.77222e-07
-2.68166e-23
-3.32552e-24
-2.93067e-23
-1.76611e-23
1.6189e-07
-1.21255e-23
-3.14395e-24
3.37408e-25
-1.67117e-23
5.26536e-08
-8.39872e-25
-6.25142e-24
0.00101939
-7.46299e-19
-7.65946e-19
0.00100057
-6.87914e-19
-7.47925e-19
0.00098198
-7.49136e-19
-6.41487e-19
0.000963617
-5.62175e-19
-7.42439e-19
0.000945492
-8.52725e-19
-7.33008e-19
0.000927611
-7.50561e-19
-8.34474e-19
0.000909977
-7.51673e-19
-6.87111e-19
0.000892597
-6.43832e-19
-7.29138e-19
0.000875473
-6.79298e-19
-7.48925e-19
0.000858608
-5.70945e-19
-6.24785e-19
0.000842005
-7.12738e-19
-6.96341e-19
0.000825665
-5.39673e-19
-6.96779e-19
0.000809589
-6.0855e-19
-5.73774e-19
0.000793776
-5.94982e-19
-5.923e-19
0.000778227
-5.55624e-19
-4.82945e-19
0.000762941
-4.44558e-19
-4.59546e-19
0.000747917
-4.70529e-19
-4.63268e-19
0.000733154
-4.59927e-19
-5.3754e-19
0.000718649
-3.01801e-19
-4.7209e-19
0.0007044
-3.55227e-19
-3.61676e-19
0.000690406
-4.02002e-19
-3.6874e-19
0.000676663
-4.2616e-19
-3.56962e-19
0.000663169
-3.97242e-19
-3.81072e-19
0.000649922
-4.7106e-19
-3.92788e-19
0.000636918
-4.5918e-19
-3.87599e-19
0.000624154
-4.71397e-19
-3.86967e-19
0.000611628
-4.77237e-19
-4.0246e-19
0.000599335
-3.93507e-19
-4.59203e-19
0.000587272
-4.13301e-19
-4.51974e-19
0.000575437
-4.24928e-19
-4.87774e-19
0.000563826
-3.19388e-19
-4.77427e-19
0.000552436
-3.85988e-19
-4.28882e-19
0.000541262
-3.7042e-19
-4.01726e-19
0.000530302
-2.9067e-19
-4.41101e-19
0.000519553
-3.52079e-19
-3.42231e-19
0.00050901
-4.04745e-19
-3.11579e-19
0.000498671
-3.38858e-19
-2.86865e-19
0.000488532
-3.18679e-19
-3.73157e-19
0.00047859
-2.83994e-19
-3.8756e-19
0.000468841
-2.36695e-19
-2.82856e-19
0.000459282
-3.39302e-19
-3.31697e-19
0.00044991
-3.58217e-19
-3.42542e-19
0.000440721
-3.89564e-19
-3.65192e-19
0.000431712
-3.49813e-19
-4.01717e-19
0.000422881
-3.32827e-19
-3.94778e-19
0.000414223
-3.11327e-19
-3.91397e-19
0.000405736
-3.15221e-19
-3.29468e-19
0.000397417
-2.69773e-19
-2.38818e-19
0.000389262
-3.31918e-19
-3.33591e-19
0.000381269
-2.46153e-19
-2.75993e-19
0.000373434
-1.97967e-19
-2.4131e-19
0.000365755
-2.24064e-19
-1.66303e-19
0.000358229
-1.89225e-19
-1.67033e-19
0.000350853
-2.78337e-19
-2.57069e-19
0.000343623
-2.31188e-19
-2.43106e-19
0.000336538
-2.08592e-19
-2.52391e-19
0.000329595
-2.77652e-19
-2.42185e-19
0.000322791
-2.2336e-19
-1.60059e-19
0.000316122
-2.49507e-19
-2.02628e-19
0.000309588
-2.44827e-19
-2.24101e-19
0.000303184
-1.74471e-19
-1.9322e-19
0.00029691
-1.74761e-19
-2.07385e-19
0.000290761
-1.7827e-19
-1.67156e-19
0.000284736
-1.17312e-19
-1.42814e-19
0.000278832
-1.16022e-19
-9.80476e-20
0.000273048
-1.05261e-19
-1.05808e-19
0.00026738
-9.74511e-20
-1.2582e-19
0.000261826
-9.09477e-20
-1.52794e-19
0.000256384
-1.24722e-19
-1.68651e-19
0.000251053
-1.84435e-19
-1.43366e-19
0.000245829
-1.72049e-19
-1.65051e-19
0.000240711
-1.5761e-19
-1.91393e-19
0.000235697
-1.39167e-19
-1.79496e-19
0.000230784
-1.30303e-19
-1.48167e-19
0.000225971
-1.3904e-19
-1.34934e-19
0.000221255
-1.28994e-19
-1.38724e-19
0.000216636
-1.36782e-19
-1.19143e-19
0.00021211
-1.22963e-19
-1.1671e-19
0.000207676
-1.31227e-19
-1.20356e-19
0.000203332
-1.11447e-19
-1.01231e-19
0.000199076
-1.03244e-19
-1.01431e-19
0.000194907
-1.03034e-19
-6.67662e-20
0.000190823
-1.08023e-19
-7.52218e-20
0.000186822
-6.05127e-20
-9.9076e-20
0.000182903
-7.87162e-20
-1.00511e-19
0.000179063
-9.7666e-20
-8.76943e-20
0.000175302
-7.86454e-20
-9.80415e-20
0.000171618
-9.02482e-20
-1.22896e-19
0.000168009
-7.72301e-20
-1.03265e-19
0.000164473
-7.51036e-20
-1.22535e-19
0.00016101
-7.20762e-20
-1.23516e-19
0.000157618
-6.34372e-20
-1.24559e-19
0.000154295
-5.69027e-20
-9.29398e-20
0.000151039
-5.67908e-20
-7.59095e-20
0.000147851
-7.10113e-20
-8.06291e-20
0.000144727
-4.59481e-20
-7.60938e-20
0.000141668
-7.50906e-20
-7.84652e-20
0.000138671
-4.69306e-20
-7.68999e-20
0.000135736
-4.81613e-20
-4.45166e-20
0.000132861
-4.23686e-20
-4.99133e-20
0.000130045
-3.60207e-20
-4.42219e-20
0.000127286
-2.49402e-20
-5.56582e-20
0.000124584
-3.27551e-20
-7.8497e-20
0.000121938
-2.57889e-20
-6.71052e-20
0.000119346
-1.9389e-20
-9.06285e-20
0.000116807
-1.57335e-20
-8.11131e-20
0.00011432
-1.89521e-20
-9.28327e-20
0.000111884
1.78785e-20
-9.40287e-20
0.000109498
1.4675e-20
-7.3742e-20
0.000107162
1.94606e-20
-7.9405e-20
0.000104873
1.0562e-20
-7.42577e-20
0.000102631
1.94691e-20
-6.16374e-20
0.000100436
1.62283e-20
-6.56113e-20
9.82854e-05
-1.67804e-21
-5.58189e-20
9.61792e-05
-5.41897e-21
-5.863e-20
9.41164e-05
-6.14611e-21
-6.05377e-20
9.2096e-05
-1.6168e-20
-4.61341e-20
9.01173e-05
-2.46166e-20
-5.58242e-20
8.81792e-05
-3.27964e-20
-4.69401e-20
8.62811e-05
-3.35055e-20
-4.96462e-20
8.4422e-05
-1.03592e-20
-6.71848e-20
8.26012e-05
-1.6283e-20
-7.56271e-20
8.0818e-05
-1.24839e-20
-6.69763e-20
7.90714e-05
-5.57066e-21
-6.22393e-20
7.73609e-05
-2.30342e-20
-5.04212e-20
7.56856e-05
-2.53093e-20
-5.50083e-20
7.40448e-05
-2.74785e-20
-5.78233e-20
7.24379e-05
-1.86239e-20
-5.54949e-20
7.0864e-05
-2.32973e-20
-6.26204e-20
6.93227e-05
-1.62139e-20
-5.27633e-20
6.7813e-05
1.64214e-21
-6.33485e-20
6.63346e-05
-4.80066e-21
-6.51938e-20
6.48866e-05
1.62516e-20
-4.85684e-20
6.34684e-05
1.3903e-20
-3.75977e-20
6.20795e-05
1.02579e-20
-2.04224e-20
6.07192e-05
4.32598e-21
-2.6929e-20
5.9387e-05
3.70947e-21
-3.00129e-20
5.80822e-05
2.23389e-20
-2.52167e-20
5.68044e-05
1.71941e-20
-2.73207e-20
5.55529e-05
9.62559e-21
-1.71689e-20
5.43272e-05
4.55621e-21
-6.23902e-21
5.31267e-05
-7.22583e-21
-3.60283e-21
5.1951e-05
-3.46181e-22
-6.83091e-21
5.07995e-05
-1.62871e-20
-3.3586e-21
4.96718e-05
-2.413e-20
-6.4475e-21
4.85672e-05
-1.3803e-20
-1.33834e-20
4.74855e-05
-1.29706e-20
-1.63046e-20
4.6426e-05
-1.14742e-20
-1.56882e-20
4.53883e-05
-1.53846e-20
-1.40248e-20
4.4372e-05
-1.48188e-20
-2.03169e-20
4.33766e-05
-8.91795e-21
-1.68696e-20
4.24016e-05
-1.20385e-20
-2.22269e-20
4.14468e-05
-2.0971e-20
-2.27838e-20
4.05115e-05
-1.8441e-20
-1.83224e-20
3.95955e-05
-2.13189e-20
-2.21992e-20
3.86982e-05
-2.31659e-20
-2.14227e-20
3.78193e-05
-2.21498e-20
-2.14864e-20
3.69585e-05
-1.94298e-20
-2.20671e-20
3.61154e-05
-1.29559e-20
-2.07048e-20
3.52895e-05
-1.42243e-20
-2.04462e-20
3.44805e-05
-1.48583e-20
-1.73989e-20
3.36881e-05
-1.36482e-20
-1.71056e-20
3.29118e-05
-7.6931e-21
-2.18024e-20
3.21514e-05
-8.76126e-21
-2.03732e-20
3.14066e-05
-7.5018e-21
-1.87812e-20
3.06768e-05
-1.86685e-20
-1.43364e-20
2.9962e-05
-1.6645e-20
-1.47894e-20
2.92616e-05
-2.01471e-20
-9.4097e-21
2.85755e-05
-2.0837e-20
-8.78885e-21
2.79034e-05
-1.75905e-20
-1.06856e-20
2.72448e-05
-1.88737e-20
-1.07135e-20
2.65995e-05
-1.64275e-20
-1.74133e-20
2.59672e-05
-1.56672e-20
-1.63933e-20
2.53477e-05
-1.34012e-20
-1.39433e-20
2.47406e-05
-1.31621e-20
-1.54981e-20
2.41457e-05
-1.30395e-20
-1.32777e-20
2.35627e-05
-1.26579e-20
-1.18586e-20
2.29913e-05
-1.31531e-20
-1.01796e-20
2.24313e-05
-1.68837e-20
-8.92101e-21
2.18824e-05
-1.62684e-20
-8.17369e-21
2.13443e-05
-1.64476e-20
-1.01525e-20
2.08169e-05
-1.60997e-20
-6.23488e-21
2.02998e-05
-1.55759e-20
-7.6544e-21
1.97929e-05
-6.1381e-21
-1.2696e-20
1.92958e-05
-3.29184e-21
-1.18602e-20
1.88084e-05
-5.52e-21
-1.19839e-20
1.83304e-05
-7.76754e-21
-1.07468e-20
1.78615e-05
-1.03235e-20
-1.0735e-20
1.74016e-05
-1.04077e-20
-6.22965e-21
1.69504e-05
-9.47148e-21
-6.40151e-21
1.65078e-05
-9.54745e-21
-3.40383e-21
1.60734e-05
-8.00284e-21
-1.68073e-21
1.56471e-05
-8.12673e-21
-3.15944e-22
1.52286e-05
-8.76418e-21
-8.78077e-22
1.48178e-05
-6.35946e-21
-1.2859e-22
1.44144e-05
-5.14484e-21
2.35978e-21
1.40182e-05
-4.74421e-21
1.59425e-21
1.3629e-05
-5.61089e-21
1.3355e-21
1.32466e-05
-5.61344e-21
7.49827e-22
1.28708e-05
-2.26353e-21
2.77124e-21
1.25013e-05
-4.57263e-21
2.27846e-21
1.2138e-05
-6.91529e-21
4.63552e-21
1.17807e-05
-7.70678e-21
4.05097e-21
1.1429e-05
-6.78022e-21
5.19658e-21
1.10829e-05
-5.81181e-21
4.78349e-21
1.07421e-05
-6.20536e-21
4.97941e-21
1.04064e-05
-5.817e-21
7.1874e-21
1.00756e-05
-6.82457e-21
5.68824e-21
9.74948e-06
-5.07474e-21
6.09998e-21
9.42774e-06
-6.49737e-21
7.86526e-21
9.11026e-06
-7.59904e-21
7.34584e-21
8.79677e-06
-6.66986e-21
6.46381e-21
8.48707e-06
-6.21193e-21
6.80698e-21
8.18091e-06
-7.03706e-21
6.75392e-21
7.87813e-06
-6.5237e-21
3.73074e-21
7.57846e-06
-6.68369e-21
3.554e-21
7.28173e-06
-6.966e-21
3.49588e-21
6.98776e-06
-7.13625e-21
3.22432e-21
6.69634e-06
-4.59168e-21
2.76304e-21
6.40738e-06
-5.10656e-21
2.35218e-21
6.12073e-06
-4.36255e-21
2.21601e-21
5.83634e-06
-4.28299e-21
1.6027e-21
5.55417e-06
-3.22502e-21
2.16249e-21
5.2743e-06
-1.67146e-21
2.1629e-21
4.99688e-06
-1.92562e-21
1.96397e-21
4.72212e-06
-2.50605e-21
3.29079e-21
4.45038e-06
-1.82801e-21
2.8842e-21
4.1821e-06
-1.5589e-21
2.34424e-21
3.91783e-06
-2.10258e-21
2.16855e-21
3.6582e-06
-1.79041e-21
2.19452e-21
3.40394e-06
-1.55171e-21
2.00197e-21
3.15572e-06
-1.16205e-21
1.85798e-21
2.91427e-06
-1.07706e-21
1.91373e-21
2.68024e-06
-2.08425e-21
1.87564e-21
2.45415e-06
-1.84523e-21
9.98423e-22
2.23644e-06
-1.7005e-21
8.7406e-22
2.02735e-06
-1.42612e-21
1.15588e-21
1.82705e-06
-1.2609e-21
1.52672e-21
1.63557e-06
-8.98463e-22
1.30472e-21
1.4528e-06
-9.6001e-22
9.51997e-22
1.27859e-06
-6.86817e-22
7.93104e-22
1.11273e-06
-6.44051e-22
7.31646e-22
9.54951e-07
-4.35469e-22
4.88644e-22
8.04977e-07
-1.45301e-22
3.47038e-22
6.62505e-07
-2.14598e-23
2.85709e-22
5.2725e-07
-4.126e-23
9.15109e-23
3.98918e-07
-8.06246e-23
6.64089e-23
2.77222e-07
-7.29512e-23
6.53836e-23
1.6189e-07
-2.25643e-23
2.78285e-23
5.26536e-08
)
;

boundaryField
{
    walls
    {
        type            calculated;
        value           uniform 0;
    }
    inlet
    {
        type            cyclic;
        value           nonuniform List<scalar> 
1000
(
-5.26533e-08
-1.61889e-07
-2.77222e-07
-3.98918e-07
-5.27251e-07
-6.62506e-07
-8.04975e-07
-9.54952e-07
-1.11273e-06
-1.27859e-06
-1.4528e-06
-1.63556e-06
-1.82706e-06
-2.02735e-06
-2.23643e-06
-2.45415e-06
-2.68024e-06
-2.91427e-06
-3.15572e-06
-3.40393e-06
-3.65821e-06
-3.91783e-06
-4.1821e-06
-4.45038e-06
-4.72213e-06
-4.99688e-06
-5.2743e-06
-5.55417e-06
-5.83633e-06
-6.12073e-06
-6.40738e-06
-6.69635e-06
-6.98776e-06
-7.28173e-06
-7.57846e-06
-7.87812e-06
-8.18092e-06
-8.48706e-06
-8.79677e-06
-9.11026e-06
-9.42775e-06
-9.74946e-06
-1.00756e-05
-1.04064e-05
-1.07421e-05
-1.10829e-05
-1.1429e-05
-1.17806e-05
-1.2138e-05
-1.25013e-05
-1.28708e-05
-1.32466e-05
-1.3629e-05
-1.40182e-05
-1.44144e-05
-1.48178e-05
-1.52286e-05
-1.56471e-05
-1.60734e-05
-1.65078e-05
-1.69504e-05
-1.74016e-05
-1.78615e-05
-1.83304e-05
-1.88084e-05
-1.92958e-05
-1.97929e-05
-2.02998e-05
-2.08169e-05
-2.13443e-05
-2.18824e-05
-2.24313e-05
-2.29913e-05
-2.35627e-05
-2.41457e-05
-2.47406e-05
-2.53477e-05
-2.59672e-05
-2.65995e-05
-2.72448e-05
-2.79033e-05
-2.85755e-05
-2.92617e-05
-2.9962e-05
-3.06768e-05
-3.14065e-05
-3.21514e-05
-3.29118e-05
-3.36881e-05
-3.44805e-05
-3.52895e-05
-3.61154e-05
-3.69585e-05
-3.78193e-05
-3.86982e-05
-3.95954e-05
-4.05115e-05
-4.14467e-05
-4.24016e-05
-4.33766e-05
-4.4372e-05
-4.53883e-05
-4.6426e-05
-4.74855e-05
-4.85673e-05
-4.96718e-05
-5.07995e-05
-5.1951e-05
-5.31267e-05
-5.43272e-05
-5.55529e-05
-5.68044e-05
-5.80822e-05
-5.9387e-05
-6.07192e-05
-6.20795e-05
-6.34684e-05
-6.48866e-05
-6.63346e-05
-6.7813e-05
-6.93227e-05
-7.0864e-05
-7.24379e-05
-7.40448e-05
-7.56856e-05
-7.73609e-05
-7.90714e-05
-8.0818e-05
-8.26012e-05
-8.4422e-05
-8.62811e-05
-8.81792e-05
-9.01173e-05
-9.2096e-05
-9.41164e-05
-9.61792e-05
-9.82854e-05
-0.000100436
-0.000102631
-0.000104873
-0.000107162
-0.000109498
-0.000111884
-0.00011432
-0.000116807
-0.000119346
-0.000121938
-0.000124584
-0.000127286
-0.000130045
-0.000132861
-0.000135736
-0.000138671
-0.000141668
-0.000144727
-0.000147851
-0.000151039
-0.000154294
-0.000157618
-0.00016101
-0.000164473
-0.000168009
-0.000171618
-0.000175302
-0.000179063
-0.000182903
-0.000186822
-0.000190823
-0.000194907
-0.000199076
-0.000203332
-0.000207676
-0.00021211
-0.000216636
-0.000221255
-0.000225971
-0.000230784
-0.000235697
-0.000240711
-0.000245829
-0.000251053
-0.000256384
-0.000261826
-0.00026738
-0.000273048
-0.000278832
-0.000284736
-0.000290761
-0.00029691
-0.000303184
-0.000309588
-0.000316122
-0.000322791
-0.000329595
-0.000336538
-0.000343623
-0.000350853
-0.000358229
-0.000365755
-0.000373434
-0.000381269
-0.000389262
-0.000397417
-0.000405736
-0.000414223
-0.000422881
-0.000431712
-0.000440721
-0.00044991
-0.000459282
-0.000468841
-0.00047859
-0.000488532
-0.000498671
-0.00050901
-0.000519553
-0.000530302
-0.000541262
-0.000552436
-0.000563826
-0.000575437
-0.000587272
-0.000599335
-0.000611628
-0.000624154
-0.000636918
-0.000649922
-0.000663169
-0.000676663
-0.000690406
-0.0007044
-0.000718649
-0.000733154
-0.000747917
-0.000762941
-0.000778227
-0.000793776
-0.000809589
-0.000825665
-0.000842005
-0.000858608
-0.000875473
-0.000892597
-0.000909977
-0.000927611
-0.000945492
-0.000963617
-0.00098198
-0.00100057
-0.00101939
-5.26533e-08
-1.61889e-07
-2.77222e-07
-3.98918e-07
-5.27251e-07
-6.62506e-07
-8.04975e-07
-9.54952e-07
-1.11273e-06
-1.27859e-06
-1.4528e-06
-1.63556e-06
-1.82706e-06
-2.02735e-06
-2.23643e-06
-2.45415e-06
-2.68024e-06
-2.91427e-06
-3.15572e-06
-3.40393e-06
-3.65821e-06
-3.91783e-06
-4.1821e-06
-4.45038e-06
-4.72213e-06
-4.99688e-06
-5.2743e-06
-5.55417e-06
-5.83633e-06
-6.12073e-06
-6.40738e-06
-6.69635e-06
-6.98776e-06
-7.28173e-06
-7.57846e-06
-7.87812e-06
-8.18092e-06
-8.48706e-06
-8.79677e-06
-9.11026e-06
-9.42775e-06
-9.74946e-06
-1.00756e-05
-1.04064e-05
-1.07421e-05
-1.10829e-05
-1.1429e-05
-1.17806e-05
-1.2138e-05
-1.25013e-05
-1.28708e-05
-1.32466e-05
-1.3629e-05
-1.40182e-05
-1.44144e-05
-1.48178e-05
-1.52286e-05
-1.56471e-05
-1.60734e-05
-1.65078e-05
-1.69504e-05
-1.74016e-05
-1.78615e-05
-1.83304e-05
-1.88084e-05
-1.92958e-05
-1.97929e-05
-2.02998e-05
-2.08169e-05
-2.13443e-05
-2.18824e-05
-2.24313e-05
-2.29913e-05
-2.35627e-05
-2.41457e-05
-2.47406e-05
-2.53477e-05
-2.59672e-05
-2.65995e-05
-2.72448e-05
-2.79033e-05
-2.85755e-05
-2.92617e-05
-2.9962e-05
-3.06768e-05
-3.14065e-05
-3.21514e-05
-3.29118e-05
-3.36881e-05
-3.44805e-05
-3.52895e-05
-3.61154e-05
-3.69585e-05
-3.78193e-05
-3.86982e-05
-3.95954e-05
-4.05115e-05
-4.14467e-05
-4.24016e-05
-4.33766e-05
-4.4372e-05
-4.53883e-05
-4.6426e-05
-4.74855e-05
-4.85673e-05
-4.96718e-05
-5.07995e-05
-5.1951e-05
-5.31267e-05
-5.43272e-05
-5.55529e-05
-5.68044e-05
-5.80822e-05
-5.9387e-05
-6.07192e-05
-6.20795e-05
-6.34684e-05
-6.48866e-05
-6.63346e-05
-6.7813e-05
-6.93227e-05
-7.0864e-05
-7.24379e-05
-7.40448e-05
-7.56856e-05
-7.73609e-05
-7.90714e-05
-8.0818e-05
-8.26012e-05
-8.4422e-05
-8.62811e-05
-8.81792e-05
-9.01173e-05
-9.2096e-05
-9.41164e-05
-9.61792e-05
-9.82854e-05
-0.000100436
-0.000102631
-0.000104873
-0.000107162
-0.000109498
-0.000111884
-0.00011432
-0.000116807
-0.000119346
-0.000121938
-0.000124584
-0.000127286
-0.000130045
-0.000132861
-0.000135736
-0.000138671
-0.000141668
-0.000144727
-0.000147851
-0.000151039
-0.000154294
-0.000157618
-0.00016101
-0.000164473
-0.000168009
-0.000171618
-0.000175302
-0.000179063
-0.000182903
-0.000186822
-0.000190823
-0.000194907
-0.000199076
-0.000203332
-0.000207676
-0.00021211
-0.000216636
-0.000221255
-0.000225971
-0.000230784
-0.000235697
-0.000240711
-0.000245829
-0.000251053
-0.000256384
-0.000261826
-0.00026738
-0.000273048
-0.000278832
-0.000284736
-0.000290761
-0.00029691
-0.000303184
-0.000309588
-0.000316122
-0.000322791
-0.000329595
-0.000336538
-0.000343623
-0.000350853
-0.000358229
-0.000365755
-0.000373434
-0.000381269
-0.000389262
-0.000397417
-0.000405736
-0.000414223
-0.000422881
-0.000431712
-0.000440721
-0.00044991
-0.000459282
-0.000468841
-0.00047859
-0.000488532
-0.000498671
-0.00050901
-0.000519553
-0.000530302
-0.000541262
-0.000552436
-0.000563826
-0.000575437
-0.000587272
-0.000599335
-0.000611628
-0.000624154
-0.000636918
-0.000649922
-0.000663169
-0.000676663
-0.000690406
-0.0007044
-0.000718649
-0.000733154
-0.000747917
-0.000762941
-0.000778227
-0.000793776
-0.000809589
-0.000825665
-0.000842005
-0.000858608
-0.000875473
-0.000892597
-0.000909977
-0.000927611
-0.000945492
-0.000963617
-0.00098198
-0.00100057
-0.00101939
-0.00101939
-0.00100057
-0.00098198
-0.000963617
-0.000945492
-0.000927611
-0.000909977
-0.000892597
-0.000875473
-0.000858608
-0.000842005
-0.000825665
-0.000809589
-0.000793776
-0.000778227
-0.000762941
-0.000747917
-0.000733154
-0.000718649
-0.0007044
-0.000690406
-0.000676663
-0.000663169
-0.000649922
-0.000636918
-0.000624154
-0.000611628
-0.000599335
-0.000587272
-0.000575437
-0.000563826
-0.000552436
-0.000541262
-0.000530302
-0.000519553
-0.00050901
-0.000498671
-0.000488532
-0.00047859
-0.000468841
-0.000459282
-0.00044991
-0.000440721
-0.000431712
-0.000422881
-0.000414223
-0.000405736
-0.000397417
-0.000389262
-0.000381269
-0.000373434
-0.000365755
-0.000358229
-0.000350853
-0.000343623
-0.000336538
-0.000329595
-0.000322791
-0.000316122
-0.000309588
-0.000303184
-0.00029691
-0.000290761
-0.000284736
-0.000278832
-0.000273048
-0.00026738
-0.000261826
-0.000256384
-0.000251053
-0.000245829
-0.000240711
-0.000235697
-0.000230784
-0.000225971
-0.000221255
-0.000216636
-0.00021211
-0.000207676
-0.000203332
-0.000199076
-0.000194907
-0.000190823
-0.000186822
-0.000182903
-0.000179063
-0.000175302
-0.000171618
-0.000168009
-0.000164473
-0.00016101
-0.000157618
-0.000154295
-0.000151039
-0.000147851
-0.000144727
-0.000141668
-0.000138671
-0.000135736
-0.000132861
-0.000130045
-0.000127286
-0.000124584
-0.000121938
-0.000119346
-0.000116807
-0.00011432
-0.000111884
-0.000109498
-0.000107162
-0.000104873
-0.000102631
-0.000100436
-9.82854e-05
-9.61792e-05
-9.41164e-05
-9.2096e-05
-9.01173e-05
-8.81792e-05
-8.62811e-05
-8.4422e-05
-8.26012e-05
-8.0818e-05
-7.90714e-05
-7.73609e-05
-7.56856e-05
-7.40448e-05
-7.24379e-05
-7.0864e-05
-6.93227e-05
-6.7813e-05
-6.63346e-05
-6.48866e-05
-6.34684e-05
-6.20795e-05
-6.07192e-05
-5.9387e-05
-5.80822e-05
-5.68044e-05
-5.55529e-05
-5.43272e-05
-5.31267e-05
-5.1951e-05
-5.07995e-05
-4.96718e-05
-4.85672e-05
-4.74855e-05
-4.6426e-05
-4.53883e-05
-4.4372e-05
-4.33766e-05
-4.24016e-05
-4.14468e-05
-4.05115e-05
-3.95955e-05
-3.86982e-05
-3.78193e-05
-3.69585e-05
-3.61154e-05
-3.52895e-05
-3.44805e-05
-3.36881e-05
-3.29118e-05
-3.21514e-05
-3.14066e-05
-3.06768e-05
-2.9962e-05
-2.92616e-05
-2.85755e-05
-2.79034e-05
-2.72448e-05
-2.65995e-05
-2.59672e-05
-2.53477e-05
-2.47406e-05
-2.41457e-05
-2.35627e-05
-2.29913e-05
-2.24313e-05
-2.18824e-05
-2.13443e-05
-2.08169e-05
-2.02998e-05
-1.97929e-05
-1.92958e-05
-1.88084e-05
-1.83304e-05
-1.78615e-05
-1.74016e-05
-1.69504e-05
-1.65078e-05
-1.60734e-05
-1.56471e-05
-1.52286e-05
-1.48178e-05
-1.44144e-05
-1.40182e-05
-1.3629e-05
-1.32466e-05
-1.28708e-05
-1.25013e-05
-1.2138e-05
-1.17807e-05
-1.1429e-05
-1.10829e-05
-1.07421e-05
-1.04064e-05
-1.00756e-05
-9.74948e-06
-9.42774e-06
-9.11026e-06
-8.79677e-06
-8.48707e-06
-8.18091e-06
-7.87813e-06
-7.57846e-06
-7.28173e-06
-6.98776e-06
-6.69634e-06
-6.40738e-06
-6.12073e-06
-5.83634e-06
-5.55417e-06
-5.2743e-06
-4.99688e-06
-4.72212e-06
-4.45038e-06
-4.1821e-06
-3.91783e-06
-3.6582e-06
-3.40394e-06
-3.15572e-06
-2.91427e-06
-2.68024e-06
-2.45415e-06
-2.23644e-06
-2.02735e-06
-1.82705e-06
-1.63557e-06
-1.4528e-06
-1.27859e-06
-1.11273e-06
-9.54951e-07
-8.04977e-07
-6.62505e-07
-5.2725e-07
-3.98918e-07
-2.77222e-07
-1.6189e-07
-5.26536e-08
-0.00101939
-0.00100057
-0.00098198
-0.000963617
-0.000945492
-0.000927611
-0.000909977
-0.000892597
-0.000875473
-0.000858608
-0.000842005
-0.000825665
-0.000809589
-0.000793776
-0.000778227
-0.000762941
-0.000747917
-0.000733154
-0.000718649
-0.0007044
-0.000690406
-0.000676663
-0.000663169
-0.000649922
-0.000636918
-0.000624154
-0.000611628
-0.000599335
-0.000587272
-0.000575437
-0.000563826
-0.000552436
-0.000541262
-0.000530302
-0.000519553
-0.00050901
-0.000498671
-0.000488532
-0.00047859
-0.000468841
-0.000459282
-0.00044991
-0.000440721
-0.000431712
-0.000422881
-0.000414223
-0.000405736
-0.000397417
-0.000389262
-0.000381269
-0.000373434
-0.000365755
-0.000358229
-0.000350853
-0.000343623
-0.000336538
-0.000329595
-0.000322791
-0.000316122
-0.000309588
-0.000303184
-0.00029691
-0.000290761
-0.000284736
-0.000278832
-0.000273048
-0.00026738
-0.000261826
-0.000256384
-0.000251053
-0.000245829
-0.000240711
-0.000235697
-0.000230784
-0.000225971
-0.000221255
-0.000216636
-0.00021211
-0.000207676
-0.000203332
-0.000199076
-0.000194907
-0.000190823
-0.000186822
-0.000182903
-0.000179063
-0.000175302
-0.000171618
-0.000168009
-0.000164473
-0.00016101
-0.000157618
-0.000154295
-0.000151039
-0.000147851
-0.000144727
-0.000141668
-0.000138671
-0.000135736
-0.000132861
-0.000130045
-0.000127286
-0.000124584
-0.000121938
-0.000119346
-0.000116807
-0.00011432
-0.000111884
-0.000109498
-0.000107162
-0.000104873
-0.000102631
-0.000100436
-9.82854e-05
-9.61792e-05
-9.41164e-05
-9.2096e-05
-9.01173e-05
-8.81792e-05
-8.62811e-05
-8.4422e-05
-8.26012e-05
-8.0818e-05
-7.90714e-05
-7.73609e-05
-7.56856e-05
-7.40448e-05
-7.24379e-05
-7.0864e-05
-6.93227e-05
-6.7813e-05
-6.63346e-05
-6.48866e-05
-6.34684e-05
-6.20795e-05
-6.07192e-05
-5.9387e-05
-5.80822e-05
-5.68044e-05
-5.55529e-05
-5.43272e-05
-5.31267e-05
-5.1951e-05
-5.07995e-05
-4.96718e-05
-4.85672e-05
-4.74855e-05
-4.6426e-05
-4.53883e-05
-4.4372e-05
-4.33766e-05
-4.24016e-05
-4.14468e-05
-4.05115e-05
-3.95955e-05
-3.86982e-05
-3.78193e-05
-3.69585e-05
-3.61154e-05
-3.52895e-05
-3.44805e-05
-3.36881e-05
-3.29118e-05
-3.21514e-05
-3.14066e-05
-3.06768e-05
-2.9962e-05
-2.92616e-05
-2.85755e-05
-2.79034e-05
-2.72448e-05
-2.65995e-05
-2.59672e-05
-2.53477e-05
-2.47406e-05
-2.41457e-05
-2.35627e-05
-2.29913e-05
-2.24313e-05
-2.18824e-05
-2.13443e-05
-2.08169e-05
-2.02998e-05
-1.97929e-05
-1.92958e-05
-1.88084e-05
-1.83304e-05
-1.78615e-05
-1.74016e-05
-1.69504e-05
-1.65078e-05
-1.60734e-05
-1.56471e-05
-1.52286e-05
-1.48178e-05
-1.44144e-05
-1.40182e-05
-1.3629e-05
-1.32466e-05
-1.28708e-05
-1.25013e-05
-1.2138e-05
-1.17807e-05
-1.1429e-05
-1.10829e-05
-1.07421e-05
-1.04064e-05
-1.00756e-05
-9.74948e-06
-9.42774e-06
-9.11026e-06
-8.79677e-06
-8.48707e-06
-8.18091e-06
-7.87813e-06
-7.57846e-06
-7.28173e-06
-6.98776e-06
-6.69634e-06
-6.40738e-06
-6.12073e-06
-5.83634e-06
-5.55417e-06
-5.2743e-06
-4.99688e-06
-4.72212e-06
-4.45038e-06
-4.1821e-06
-3.91783e-06
-3.6582e-06
-3.40394e-06
-3.15572e-06
-2.91427e-06
-2.68024e-06
-2.45415e-06
-2.23644e-06
-2.02735e-06
-1.82705e-06
-1.63557e-06
-1.4528e-06
-1.27859e-06
-1.11273e-06
-9.54951e-07
-8.04977e-07
-6.62505e-07
-5.2725e-07
-3.98918e-07
-2.77222e-07
-1.6189e-07
-5.26536e-08
)
;
    }
    outlet
    {
        type            cyclic;
        value           nonuniform List<scalar> 
1000
(
5.26533e-08
1.61889e-07
2.77222e-07
3.98918e-07
5.27251e-07
6.62506e-07
8.04975e-07
9.54952e-07
1.11273e-06
1.27859e-06
1.4528e-06
1.63556e-06
1.82706e-06
2.02735e-06
2.23643e-06
2.45415e-06
2.68024e-06
2.91427e-06
3.15572e-06
3.40393e-06
3.65821e-06
3.91783e-06
4.1821e-06
4.45038e-06
4.72213e-06
4.99688e-06
5.2743e-06
5.55417e-06
5.83633e-06
6.12073e-06
6.40738e-06
6.69635e-06
6.98776e-06
7.28173e-06
7.57846e-06
7.87812e-06
8.18092e-06
8.48706e-06
8.79677e-06
9.11026e-06
9.42775e-06
9.74946e-06
1.00756e-05
1.04064e-05
1.07421e-05
1.10829e-05
1.1429e-05
1.17806e-05
1.2138e-05
1.25013e-05
1.28708e-05
1.32466e-05
1.3629e-05
1.40182e-05
1.44144e-05
1.48178e-05
1.52286e-05
1.56471e-05
1.60734e-05
1.65078e-05
1.69504e-05
1.74016e-05
1.78615e-05
1.83304e-05
1.88084e-05
1.92958e-05
1.97929e-05
2.02998e-05
2.08169e-05
2.13443e-05
2.18824e-05
2.24313e-05
2.29913e-05
2.35627e-05
2.41457e-05
2.47406e-05
2.53477e-05
2.59672e-05
2.65995e-05
2.72448e-05
2.79033e-05
2.85755e-05
2.92617e-05
2.9962e-05
3.06768e-05
3.14065e-05
3.21514e-05
3.29118e-05
3.36881e-05
3.44805e-05
3.52895e-05
3.61154e-05
3.69585e-05
3.78193e-05
3.86982e-05
3.95954e-05
4.05115e-05
4.14467e-05
4.24016e-05
4.33766e-05
4.4372e-05
4.53883e-05
4.6426e-05
4.74855e-05
4.85673e-05
4.96718e-05
5.07995e-05
5.1951e-05
5.31267e-05
5.43272e-05
5.55529e-05
5.68044e-05
5.80822e-05
5.9387e-05
6.07192e-05
6.20795e-05
6.34684e-05
6.48866e-05
6.63346e-05
6.7813e-05
6.93227e-05
7.0864e-05
7.24379e-05
7.40448e-05
7.56856e-05
7.73609e-05
7.90714e-05
8.0818e-05
8.26012e-05
8.4422e-05
8.62811e-05
8.81792e-05
9.01173e-05
9.2096e-05
9.41164e-05
9.61792e-05
9.82854e-05
0.000100436
0.000102631
0.000104873
0.000107162
0.000109498
0.000111884
0.00011432
0.000116807
0.000119346
0.000121938
0.000124584
0.000127286
0.000130045
0.000132861
0.000135736
0.000138671
0.000141668
0.000144727
0.000147851
0.000151039
0.000154294
0.000157618
0.00016101
0.000164473
0.000168009
0.000171618
0.000175302
0.000179063
0.000182903
0.000186822
0.000190823
0.000194907
0.000199076
0.000203332
0.000207676
0.00021211
0.000216636
0.000221255
0.000225971
0.000230784
0.000235697
0.000240711
0.000245829
0.000251053
0.000256384
0.000261826
0.00026738
0.000273048
0.000278832
0.000284736
0.000290761
0.00029691
0.000303184
0.000309588
0.000316122
0.000322791
0.000329595
0.000336538
0.000343623
0.000350853
0.000358229
0.000365755
0.000373434
0.000381269
0.000389262
0.000397417
0.000405736
0.000414223
0.000422881
0.000431712
0.000440721
0.00044991
0.000459282
0.000468841
0.00047859
0.000488532
0.000498671
0.00050901
0.000519553
0.000530302
0.000541262
0.000552436
0.000563826
0.000575437
0.000587272
0.000599335
0.000611628
0.000624154
0.000636918
0.000649922
0.000663169
0.000676663
0.000690406
0.0007044
0.000718649
0.000733154
0.000747917
0.000762941
0.000778227
0.000793776
0.000809589
0.000825665
0.000842005
0.000858608
0.000875473
0.000892597
0.000909977
0.000927611
0.000945492
0.000963617
0.00098198
0.00100057
0.00101939
5.26533e-08
1.61889e-07
2.77222e-07
3.98918e-07
5.27251e-07
6.62506e-07
8.04975e-07
9.54952e-07
1.11273e-06
1.27859e-06
1.4528e-06
1.63556e-06
1.82706e-06
2.02735e-06
2.23643e-06
2.45415e-06
2.68024e-06
2.91427e-06
3.15572e-06
3.40393e-06
3.65821e-06
3.91783e-06
4.1821e-06
4.45038e-06
4.72213e-06
4.99688e-06
5.2743e-06
5.55417e-06
5.83633e-06
6.12073e-06
6.40738e-06
6.69635e-06
6.98776e-06
7.28173e-06
7.57846e-06
7.87812e-06
8.18092e-06
8.48706e-06
8.79677e-06
9.11026e-06
9.42775e-06
9.74946e-06
1.00756e-05
1.04064e-05
1.07421e-05
1.10829e-05
1.1429e-05
1.17806e-05
1.2138e-05
1.25013e-05
1.28708e-05
1.32466e-05
1.3629e-05
1.40182e-05
1.44144e-05
1.48178e-05
1.52286e-05
1.56471e-05
1.60734e-05
1.65078e-05
1.69504e-05
1.74016e-05
1.78615e-05
1.83304e-05
1.88084e-05
1.92958e-05
1.97929e-05
2.02998e-05
2.08169e-05
2.13443e-05
2.18824e-05
2.24313e-05
2.29913e-05
2.35627e-05
2.41457e-05
2.47406e-05
2.53477e-05
2.59672e-05
2.65995e-05
2.72448e-05
2.79033e-05
2.85755e-05
2.92617e-05
2.9962e-05
3.06768e-05
3.14065e-05
3.21514e-05
3.29118e-05
3.36881e-05
3.44805e-05
3.52895e-05
3.61154e-05
3.69585e-05
3.78193e-05
3.86982e-05
3.95954e-05
4.05115e-05
4.14467e-05
4.24016e-05
4.33766e-05
4.4372e-05
4.53883e-05
4.6426e-05
4.74855e-05
4.85673e-05
4.96718e-05
5.07995e-05
5.1951e-05
5.31267e-05
5.43272e-05
5.55529e-05
5.68044e-05
5.80822e-05
5.9387e-05
6.07192e-05
6.20795e-05
6.34684e-05
6.48866e-05
6.63346e-05
6.7813e-05
6.93227e-05
7.0864e-05
7.24379e-05
7.40448e-05
7.56856e-05
7.73609e-05
7.90714e-05
8.0818e-05
8.26012e-05
8.4422e-05
8.62811e-05
8.81792e-05
9.01173e-05
9.2096e-05
9.41164e-05
9.61792e-05
9.82854e-05
0.000100436
0.000102631
0.000104873
0.000107162
0.000109498
0.000111884
0.00011432
0.000116807
0.000119346
0.000121938
0.000124584
0.000127286
0.000130045
0.000132861
0.000135736
0.000138671
0.000141668
0.000144727
0.000147851
0.000151039
0.000154294
0.000157618
0.00016101
0.000164473
0.000168009
0.000171618
0.000175302
0.000179063
0.000182903
0.000186822
0.000190823
0.000194907
0.000199076
0.000203332
0.000207676
0.00021211
0.000216636
0.000221255
0.000225971
0.000230784
0.000235697
0.000240711
0.000245829
0.000251053
0.000256384
0.000261826
0.00026738
0.000273048
0.000278832
0.000284736
0.000290761
0.00029691
0.000303184
0.000309588
0.000316122
0.000322791
0.000329595
0.000336538
0.000343623
0.000350853
0.000358229
0.000365755
0.000373434
0.000381269
0.000389262
0.000397417
0.000405736
0.000414223
0.000422881
0.000431712
0.000440721
0.00044991
0.000459282
0.000468841
0.00047859
0.000488532
0.000498671
0.00050901
0.000519553
0.000530302
0.000541262
0.000552436
0.000563826
0.000575437
0.000587272
0.000599335
0.000611628
0.000624154
0.000636918
0.000649922
0.000663169
0.000676663
0.000690406
0.0007044
0.000718649
0.000733154
0.000747917
0.000762941
0.000778227
0.000793776
0.000809589
0.000825665
0.000842005
0.000858608
0.000875473
0.000892597
0.000909977
0.000927611
0.000945492
0.000963617
0.00098198
0.00100057
0.00101939
0.00101939
0.00100057
0.00098198
0.000963617
0.000945492
0.000927611
0.000909977
0.000892597
0.000875473
0.000858608
0.000842005
0.000825665
0.000809589
0.000793776
0.000778227
0.000762941
0.000747917
0.000733154
0.000718649
0.0007044
0.000690406
0.000676663
0.000663169
0.000649922
0.000636918
0.000624154
0.000611628
0.000599335
0.000587272
0.000575437
0.000563826
0.000552436
0.000541262
0.000530302
0.000519553
0.00050901
0.000498671
0.000488532
0.00047859
0.000468841
0.000459282
0.00044991
0.000440721
0.000431712
0.000422881
0.000414223
0.000405736
0.000397417
0.000389262
0.000381269
0.000373434
0.000365755
0.000358229
0.000350853
0.000343623
0.000336538
0.000329595
0.000322791
0.000316122
0.000309588
0.000303184
0.00029691
0.000290761
0.000284736
0.000278832
0.000273048
0.00026738
0.000261826
0.000256384
0.000251053
0.000245829
0.000240711
0.000235697
0.000230784
0.000225971
0.000221255
0.000216636
0.00021211
0.000207676
0.000203332
0.000199076
0.000194907
0.000190823
0.000186822
0.000182903
0.000179063
0.000175302
0.000171618
0.000168009
0.000164473
0.00016101
0.000157618
0.000154295
0.000151039
0.000147851
0.000144727
0.000141668
0.000138671
0.000135736
0.000132861
0.000130045
0.000127286
0.000124584
0.000121938
0.000119346
0.000116807
0.00011432
0.000111884
0.000109498
0.000107162
0.000104873
0.000102631
0.000100436
9.82854e-05
9.61792e-05
9.41164e-05
9.2096e-05
9.01173e-05
8.81792e-05
8.62811e-05
8.4422e-05
8.26012e-05
8.0818e-05
7.90714e-05
7.73609e-05
7.56856e-05
7.40448e-05
7.24379e-05
7.0864e-05
6.93227e-05
6.7813e-05
6.63346e-05
6.48866e-05
6.34684e-05
6.20795e-05
6.07192e-05
5.9387e-05
5.80822e-05
5.68044e-05
5.55529e-05
5.43272e-05
5.31267e-05
5.1951e-05
5.07995e-05
4.96718e-05
4.85672e-05
4.74855e-05
4.6426e-05
4.53883e-05
4.4372e-05
4.33766e-05
4.24016e-05
4.14468e-05
4.05115e-05
3.95955e-05
3.86982e-05
3.78193e-05
3.69585e-05
3.61154e-05
3.52895e-05
3.44805e-05
3.36881e-05
3.29118e-05
3.21514e-05
3.14066e-05
3.06768e-05
2.9962e-05
2.92616e-05
2.85755e-05
2.79034e-05
2.72448e-05
2.65995e-05
2.59672e-05
2.53477e-05
2.47406e-05
2.41457e-05
2.35627e-05
2.29913e-05
2.24313e-05
2.18824e-05
2.13443e-05
2.08169e-05
2.02998e-05
1.97929e-05
1.92958e-05
1.88084e-05
1.83304e-05
1.78615e-05
1.74016e-05
1.69504e-05
1.65078e-05
1.60734e-05
1.56471e-05
1.52286e-05
1.48178e-05
1.44144e-05
1.40182e-05
1.3629e-05
1.32466e-05
1.28708e-05
1.25013e-05
1.2138e-05
1.17807e-05
1.1429e-05
1.10829e-05
1.07421e-05
1.04064e-05
1.00756e-05
9.74948e-06
9.42774e-06
9.11026e-06
8.79677e-06
8.48707e-06
8.18091e-06
7.87813e-06
7.57846e-06
7.28173e-06
6.98776e-06
6.69634e-06
6.40738e-06
6.12073e-06
5.83634e-06
5.55417e-06
5.2743e-06
4.99688e-06
4.72212e-06
4.45038e-06
4.1821e-06
3.91783e-06
3.6582e-06
3.40394e-06
3.15572e-06
2.91427e-06
2.68024e-06
2.45415e-06
2.23644e-06
2.02735e-06
1.82705e-06
1.63557e-06
1.4528e-06
1.27859e-06
1.11273e-06
9.54951e-07
8.04977e-07
6.62505e-07
5.2725e-07
3.98918e-07
2.77222e-07
1.6189e-07
5.26536e-08
0.00101939
0.00100057
0.00098198
0.000963617
0.000945492
0.000927611
0.000909977
0.000892597
0.000875473
0.000858608
0.000842005
0.000825665
0.000809589
0.000793776
0.000778227
0.000762941
0.000747917
0.000733154
0.000718649
0.0007044
0.000690406
0.000676663
0.000663169
0.000649922
0.000636918
0.000624154
0.000611628
0.000599335
0.000587272
0.000575437
0.000563826
0.000552436
0.000541262
0.000530302
0.000519553
0.00050901
0.000498671
0.000488532
0.00047859
0.000468841
0.000459282
0.00044991
0.000440721
0.000431712
0.000422881
0.000414223
0.000405736
0.000397417
0.000389262
0.000381269
0.000373434
0.000365755
0.000358229
0.000350853
0.000343623
0.000336538
0.000329595
0.000322791
0.000316122
0.000309588
0.000303184
0.00029691
0.000290761
0.000284736
0.000278832
0.000273048
0.00026738
0.000261826
0.000256384
0.000251053
0.000245829
0.000240711
0.000235697
0.000230784
0.000225971
0.000221255
0.000216636
0.00021211
0.000207676
0.000203332
0.000199076
0.000194907
0.000190823
0.000186822
0.000182903
0.000179063
0.000175302
0.000171618
0.000168009
0.000164473
0.00016101
0.000157618
0.000154295
0.000151039
0.000147851
0.000144727
0.000141668
0.000138671
0.000135736
0.000132861
0.000130045
0.000127286
0.000124584
0.000121938
0.000119346
0.000116807
0.00011432
0.000111884
0.000109498
0.000107162
0.000104873
0.000102631
0.000100436
9.82854e-05
9.61792e-05
9.41164e-05
9.2096e-05
9.01173e-05
8.81792e-05
8.62811e-05
8.4422e-05
8.26012e-05
8.0818e-05
7.90714e-05
7.73609e-05
7.56856e-05
7.40448e-05
7.24379e-05
7.0864e-05
6.93227e-05
6.7813e-05
6.63346e-05
6.48866e-05
6.34684e-05
6.20795e-05
6.07192e-05
5.9387e-05
5.80822e-05
5.68044e-05
5.55529e-05
5.43272e-05
5.31267e-05
5.1951e-05
5.07995e-05
4.96718e-05
4.85672e-05
4.74855e-05
4.6426e-05
4.53883e-05
4.4372e-05
4.33766e-05
4.24016e-05
4.14468e-05
4.05115e-05
3.95955e-05
3.86982e-05
3.78193e-05
3.69585e-05
3.61154e-05
3.52895e-05
3.44805e-05
3.36881e-05
3.29118e-05
3.21514e-05
3.14066e-05
3.06768e-05
2.9962e-05
2.92616e-05
2.85755e-05
2.79034e-05
2.72448e-05
2.65995e-05
2.59672e-05
2.53477e-05
2.47406e-05
2.41457e-05
2.35627e-05
2.29913e-05
2.24313e-05
2.18824e-05
2.13443e-05
2.08169e-05
2.02998e-05
1.97929e-05
1.92958e-05
1.88084e-05
1.83304e-05
1.78615e-05
1.74016e-05
1.69504e-05
1.65078e-05
1.60734e-05
1.56471e-05
1.52286e-05
1.48178e-05
1.44144e-05
1.40182e-05
1.3629e-05
1.32466e-05
1.28708e-05
1.25013e-05
1.2138e-05
1.17807e-05
1.1429e-05
1.10829e-05
1.07421e-05
1.04064e-05
1.00756e-05
9.74948e-06
9.42774e-06
9.11026e-06
8.79677e-06
8.48707e-06
8.18091e-06
7.87813e-06
7.57846e-06
7.28173e-06
6.98776e-06
6.69634e-06
6.40738e-06
6.12073e-06
5.83634e-06
5.55417e-06
5.2743e-06
4.99688e-06
4.72212e-06
4.45038e-06
4.1821e-06
3.91783e-06
3.6582e-06
3.40394e-06
3.15572e-06
2.91427e-06
2.68024e-06
2.45415e-06
2.23644e-06
2.02735e-06
1.82705e-06
1.63557e-06
1.4528e-06
1.27859e-06
1.11273e-06
9.54951e-07
8.04977e-07
6.62505e-07
5.2725e-07
3.98918e-07
2.77222e-07
1.6189e-07
5.26536e-08
)
;
    }
    sides
    {
        type            empty;
        value           nonuniform List<scalar> 0();
    }
}


// ************************************************************************* //
