/*--------------------------------*- C++ -*----------------------------------*\
| =========                 |                                                 |
| \\      /  F ield         | OpenFOAM: The Open Source CFD Toolbox           |
|  \\    /   O peration     | Version:  2106                                  |
|   \\  /    A nd           | Website:  www.openfoam.com                      |
|    \\/     M anipulation  |                                                 |
\*---------------------------------------------------------------------------*/
FoamFile
{
    version     2.0;
    format      ascii;
    arch        "LSB;label=32;scalar=64";
    class       volScalarField;
    location    "10030";
    object      nut;
}
// * * * * * * * * * * * * * * * * * * * * * * * * * * * * * * * * * * * * * //

dimensions      [0 2 -1 0 0 0 0];

internalField   nonuniform List<scalar> 
2000
(
2.82944e-12
2.82944e-12
3.42129e-12
3.42129e-12
2.43163e-11
2.43163e-11
1.77531e-10
1.77531e-10
8.22446e-10
8.22446e-10
2.7974e-09
2.7974e-09
7.73018e-09
7.73018e-09
1.84294e-08
1.84294e-08
3.9351e-08
3.9351e-08
7.71177e-08
7.71177e-08
1.41049e-07
1.41049e-07
2.43629e-07
2.43629e-07
4.00823e-07
4.00823e-07
6.32128e-07
6.32128e-07
9.60263e-07
9.60263e-07
1.41045e-06
1.41045e-06
2.00927e-06
2.00927e-06
2.78328e-06
2.78328e-06
3.75745e-06
3.75745e-06
4.95377e-06
4.95377e-06
6.3902e-06
6.3902e-06
8.08001e-06
8.08001e-06
1.00317e-05
1.00317e-05
1.22494e-05
1.22494e-05
1.47334e-05
1.47334e-05
1.74809e-05
1.74809e-05
2.04871e-05
2.04871e-05
2.37457e-05
2.37457e-05
2.72496e-05
2.72496e-05
3.09915e-05
3.09915e-05
3.49643e-05
3.49643e-05
3.91611e-05
3.91611e-05
4.35756e-05
4.35756e-05
4.82022e-05
4.82022e-05
5.30357e-05
5.30357e-05
5.80717e-05
5.80717e-05
6.33063e-05
6.33063e-05
6.87365e-05
6.87365e-05
7.43594e-05
7.43594e-05
8.01728e-05
8.01728e-05
8.6175e-05
8.6175e-05
9.23648e-05
9.23648e-05
9.8741e-05
9.8741e-05
0.000105303
0.000105303
0.000112051
0.000112051
0.000118984
0.000118984
0.000126102
0.000126102
0.000133407
0.000133407
0.000140899
0.000140899
0.000148578
0.000148578
0.000156446
0.000156446
0.000164503
0.000164503
0.000172752
0.000172752
0.000181193
0.000181193
0.000189828
0.000189828
0.000198659
0.000198659
0.000207687
0.000207687
0.000216915
0.000216915
0.000226344
0.000226344
0.000235977
0.000235977
0.000245815
0.000245815
0.000255862
0.000255862
0.000266119
0.000266119
0.000276589
0.000276589
0.000287274
0.000287274
0.000298177
0.000298177
0.000309301
0.000309301
0.000320648
0.000320648
0.000332221
0.000332221
0.000344023
0.000344023
0.000356056
0.000356056
0.000368325
0.000368325
0.000380831
0.000380831
0.000393578
0.000393578
0.000406569
0.000406569
0.000419808
0.000419808
0.000433296
0.000433296
0.000447038
0.000447038
0.000461038
0.000461038
0.000475297
0.000475297
0.00048982
0.00048982
0.000504611
0.000504611
0.000519672
0.000519672
0.000535007
0.000535007
0.00055062
0.00055062
0.000566514
0.000566514
0.000582694
0.000582694
0.000599162
0.000599162
0.000615922
0.000615922
0.000632979
0.000632979
0.000650336
0.000650336
0.000667997
0.000667997
0.000685965
0.000685965
0.000704245
0.000704245
0.000722841
0.000722841
0.000741756
0.000741756
0.000760994
0.000760994
0.000780559
0.000780559
0.000800456
0.000800456
0.000820689
0.000820689
0.00084126
0.00084126
0.000862175
0.000862175
0.000883438
0.000883438
0.000905052
0.000905052
0.000927022
0.000927022
0.000949352
0.000949352
0.000972045
0.000972045
0.000995107
0.000995107
0.00101854
0.00101854
0.00104235
0.00104235
0.00106654
0.00106654
0.00109111
0.00109111
0.00111608
0.00111608
0.00114143
0.00114143
0.00116718
0.00116718
0.00119333
0.00119333
0.00121989
0.00121989
0.00124685
0.00124685
0.00127423
0.00127423
0.00130202
0.00130202
0.00133023
0.00133023
0.00135887
0.00135887
0.00138793
0.00138793
0.00141742
0.00141742
0.00144735
0.00144735
0.00147772
0.00147772
0.00150853
0.00150853
0.00153978
0.00153978
0.00157148
0.00157148
0.00160363
0.00160363
0.00163624
0.00163624
0.0016693
0.0016693
0.00170283
0.00170283
0.00173682
0.00173682
0.00177127
0.00177127
0.0018062
0.0018062
0.00184159
0.00184159
0.00187746
0.00187746
0.0019138
0.0019138
0.00195062
0.00195062
0.00198792
0.00198792
0.00202569
0.00202569
0.00206395
0.00206395
0.00210269
0.00210269
0.00214192
0.00214192
0.00218163
0.00218163
0.00222182
0.00222182
0.0022625
0.0022625
0.00230367
0.00230367
0.00234532
0.00234532
0.00238745
0.00238745
0.00243006
0.00243006
0.00247316
0.00247316
0.00251674
0.00251674
0.00256079
0.00256079
0.00260532
0.00260532
0.00265032
0.00265032
0.00269579
0.00269579
0.00274173
0.00274173
0.00278813
0.00278813
0.00283498
0.00283498
0.00288229
0.00288229
0.00293005
0.00293005
0.00297824
0.00297824
0.00302687
0.00302687
0.00307593
0.00307593
0.00312541
0.00312541
0.0031753
0.0031753
0.00322559
0.00322559
0.00327627
0.00327627
0.00332733
0.00332733
0.00337877
0.00337877
0.00343056
0.00343056
0.0034827
0.0034827
0.00353518
0.00353518
0.00358797
0.00358797
0.00364106
0.00364106
0.00369445
0.00369445
0.0037481
0.0037481
0.003802
0.003802
0.00385614
0.00385614
0.00391049
0.00391049
0.00396503
0.00396503
0.00401974
0.00401974
0.00407459
0.00407459
0.00412956
0.00412956
0.00418463
0.00418463
0.00423977
0.00423977
0.00429494
0.00429494
0.00435012
0.00435012
0.00440527
0.00440527
0.00446036
0.00446036
0.00451537
0.00451537
0.00457024
0.00457024
0.00462494
0.00462494
0.00467943
0.00467943
0.00473367
0.00473367
0.00478762
0.00478762
0.00484123
0.00484123
0.00489445
0.00489445
0.00494723
0.00494723
0.00499952
0.00499952
0.00505127
0.00505127
0.00510241
0.00510241
0.0051529
0.0051529
0.00520266
0.00520266
0.00525164
0.00525164
0.00529977
0.00529977
0.00534698
0.00534698
0.0053932
0.0053932
0.00543835
0.00543835
0.00548237
0.00548237
0.00552517
0.00552517
0.00556667
0.00556667
0.00560678
0.00560678
0.00564543
0.00564543
0.00568252
0.00568252
0.00571796
0.00571796
0.00575166
0.00575166
0.00578354
0.00578354
0.00581348
0.00581348
0.00584141
0.00584141
0.00586722
0.00586722
0.00589081
0.00589081
0.00591211
0.00591211
0.00593101
0.00593101
0.00594744
0.00594744
0.00596131
0.00596131
0.00597255
0.00597255
0.0059811
0.0059811
0.00598691
0.00598691
0.00598996
0.00598996
0.00599023
0.00599023
0.00598773
0.00598773
0.00598252
0.00598252
0.00597466
0.00597466
0.00596429
0.00596429
0.00595158
0.00595158
0.00593676
0.00593676
0.00592012
0.00592012
0.00590203
0.00590203
0.00588292
0.00588292
0.0058633
0.0058633
0.00584376
0.00584376
0.00582496
0.00582496
0.00580759
0.00580759
0.00579239
0.00579239
0.00578009
0.00578009
0.00577135
0.00577135
0.00576675
0.00576675
2.82944e-12
2.82944e-12
3.42129e-12
3.42129e-12
2.43163e-11
2.43163e-11
1.77531e-10
1.77531e-10
8.22446e-10
8.22446e-10
2.7974e-09
2.7974e-09
7.73018e-09
7.73018e-09
1.84294e-08
1.84294e-08
3.9351e-08
3.9351e-08
7.71177e-08
7.71177e-08
1.41049e-07
1.41049e-07
2.43629e-07
2.43629e-07
4.00823e-07
4.00823e-07
6.32128e-07
6.32128e-07
9.60263e-07
9.60263e-07
1.41045e-06
1.41045e-06
2.00927e-06
2.00927e-06
2.78328e-06
2.78328e-06
3.75745e-06
3.75745e-06
4.95377e-06
4.95377e-06
6.3902e-06
6.3902e-06
8.08001e-06
8.08001e-06
1.00317e-05
1.00317e-05
1.22494e-05
1.22494e-05
1.47334e-05
1.47334e-05
1.74809e-05
1.74809e-05
2.04871e-05
2.04871e-05
2.37457e-05
2.37457e-05
2.72496e-05
2.72496e-05
3.09915e-05
3.09915e-05
3.49643e-05
3.49643e-05
3.91611e-05
3.91611e-05
4.35756e-05
4.35756e-05
4.82022e-05
4.82022e-05
5.30357e-05
5.30357e-05
5.80717e-05
5.80717e-05
6.33063e-05
6.33063e-05
6.87365e-05
6.87365e-05
7.43594e-05
7.43594e-05
8.01728e-05
8.01728e-05
8.6175e-05
8.6175e-05
9.23648e-05
9.23648e-05
9.8741e-05
9.8741e-05
0.000105303
0.000105303
0.000112051
0.000112051
0.000118984
0.000118984
0.000126102
0.000126102
0.000133407
0.000133407
0.000140899
0.000140899
0.000148578
0.000148578
0.000156446
0.000156446
0.000164503
0.000164503
0.000172752
0.000172752
0.000181193
0.000181193
0.000189828
0.000189828
0.000198659
0.000198659
0.000207687
0.000207687
0.000216915
0.000216915
0.000226344
0.000226344
0.000235977
0.000235977
0.000245815
0.000245815
0.000255862
0.000255862
0.000266119
0.000266119
0.000276589
0.000276589
0.000287274
0.000287274
0.000298177
0.000298177
0.000309301
0.000309301
0.000320648
0.000320648
0.000332221
0.000332221
0.000344023
0.000344023
0.000356056
0.000356056
0.000368325
0.000368325
0.000380831
0.000380831
0.000393578
0.000393578
0.000406569
0.000406569
0.000419808
0.000419808
0.000433296
0.000433296
0.000447038
0.000447038
0.000461038
0.000461038
0.000475297
0.000475297
0.00048982
0.00048982
0.000504611
0.000504611
0.000519672
0.000519672
0.000535007
0.000535007
0.00055062
0.00055062
0.000566514
0.000566514
0.000582694
0.000582694
0.000599162
0.000599162
0.000615922
0.000615922
0.000632979
0.000632979
0.000650336
0.000650336
0.000667997
0.000667997
0.000685965
0.000685965
0.000704245
0.000704245
0.000722841
0.000722841
0.000741756
0.000741756
0.000760994
0.000760994
0.000780559
0.000780559
0.000800456
0.000800456
0.000820689
0.000820689
0.00084126
0.00084126
0.000862175
0.000862175
0.000883438
0.000883438
0.000905052
0.000905052
0.000927022
0.000927022
0.000949352
0.000949352
0.000972045
0.000972045
0.000995107
0.000995107
0.00101854
0.00101854
0.00104235
0.00104235
0.00106654
0.00106654
0.00109111
0.00109111
0.00111608
0.00111608
0.00114143
0.00114143
0.00116718
0.00116718
0.00119333
0.00119333
0.00121989
0.00121989
0.00124685
0.00124685
0.00127423
0.00127423
0.00130202
0.00130202
0.00133023
0.00133023
0.00135887
0.00135887
0.00138793
0.00138793
0.00141742
0.00141742
0.00144735
0.00144735
0.00147772
0.00147772
0.00150853
0.00150853
0.00153978
0.00153978
0.00157148
0.00157148
0.00160363
0.00160363
0.00163624
0.00163624
0.0016693
0.0016693
0.00170283
0.00170283
0.00173682
0.00173682
0.00177127
0.00177127
0.0018062
0.0018062
0.00184159
0.00184159
0.00187746
0.00187746
0.0019138
0.0019138
0.00195062
0.00195062
0.00198792
0.00198792
0.00202569
0.00202569
0.00206395
0.00206395
0.00210269
0.00210269
0.00214192
0.00214192
0.00218163
0.00218163
0.00222182
0.00222182
0.0022625
0.0022625
0.00230367
0.00230367
0.00234532
0.00234532
0.00238745
0.00238745
0.00243006
0.00243006
0.00247316
0.00247316
0.00251674
0.00251674
0.00256079
0.00256079
0.00260532
0.00260532
0.00265032
0.00265032
0.00269579
0.00269579
0.00274173
0.00274173
0.00278813
0.00278813
0.00283498
0.00283498
0.00288229
0.00288229
0.00293005
0.00293005
0.00297824
0.00297824
0.00302687
0.00302687
0.00307593
0.00307593
0.00312541
0.00312541
0.0031753
0.0031753
0.00322559
0.00322559
0.00327627
0.00327627
0.00332733
0.00332733
0.00337877
0.00337877
0.00343056
0.00343056
0.0034827
0.0034827
0.00353518
0.00353518
0.00358797
0.00358797
0.00364106
0.00364106
0.00369445
0.00369445
0.0037481
0.0037481
0.003802
0.003802
0.00385614
0.00385614
0.00391049
0.00391049
0.00396503
0.00396503
0.00401974
0.00401974
0.00407459
0.00407459
0.00412956
0.00412956
0.00418463
0.00418463
0.00423977
0.00423977
0.00429494
0.00429494
0.00435012
0.00435012
0.00440527
0.00440527
0.00446036
0.00446036
0.00451537
0.00451537
0.00457024
0.00457024
0.00462494
0.00462494
0.00467943
0.00467943
0.00473367
0.00473367
0.00478762
0.00478762
0.00484123
0.00484123
0.00489445
0.00489445
0.00494723
0.00494723
0.00499952
0.00499952
0.00505127
0.00505127
0.00510241
0.00510241
0.0051529
0.0051529
0.00520266
0.00520266
0.00525164
0.00525164
0.00529977
0.00529977
0.00534698
0.00534698
0.0053932
0.0053932
0.00543835
0.00543835
0.00548237
0.00548237
0.00552517
0.00552517
0.00556667
0.00556667
0.00560678
0.00560678
0.00564543
0.00564543
0.00568252
0.00568252
0.00571796
0.00571796
0.00575166
0.00575166
0.00578354
0.00578354
0.00581348
0.00581348
0.00584141
0.00584141
0.00586722
0.00586722
0.00589081
0.00589081
0.00591211
0.00591211
0.00593101
0.00593101
0.00594744
0.00594744
0.00596131
0.00596131
0.00597255
0.00597255
0.0059811
0.0059811
0.00598691
0.00598691
0.00598996
0.00598996
0.00599023
0.00599023
0.00598773
0.00598773
0.00598252
0.00598252
0.00597466
0.00597466
0.00596429
0.00596429
0.00595158
0.00595158
0.00593676
0.00593676
0.00592012
0.00592012
0.00590203
0.00590203
0.00588292
0.00588292
0.0058633
0.0058633
0.00584376
0.00584376
0.00582496
0.00582496
0.00580759
0.00580759
0.00579239
0.00579239
0.00578009
0.00578009
0.00577135
0.00577135
0.00576675
0.00576675
0.00576675
0.00576675
0.00577135
0.00577135
0.00578008
0.00578008
0.00579239
0.00579239
0.00580759
0.00580759
0.00582496
0.00582496
0.00584376
0.00584376
0.0058633
0.0058633
0.00588291
0.00588291
0.00590203
0.00590203
0.00592012
0.00592012
0.00593676
0.00593676
0.00595158
0.00595158
0.00596429
0.00596429
0.00597466
0.00597466
0.00598251
0.00598251
0.00598773
0.00598773
0.00599023
0.00599023
0.00598996
0.00598996
0.00598691
0.00598691
0.0059811
0.0059811
0.00597255
0.00597255
0.0059613
0.0059613
0.00594744
0.00594744
0.00593101
0.00593101
0.00591211
0.00591211
0.00589081
0.00589081
0.00586721
0.00586721
0.0058414
0.0058414
0.00581348
0.00581348
0.00578353
0.00578353
0.00575166
0.00575166
0.00571796
0.00571796
0.00568251
0.00568251
0.00564542
0.00564542
0.00560678
0.00560678
0.00556666
0.00556666
0.00552516
0.00552516
0.00548237
0.00548237
0.00543835
0.00543835
0.00539319
0.00539319
0.00534697
0.00534697
0.00529977
0.00529977
0.00525164
0.00525164
0.00520266
0.00520266
0.00515289
0.00515289
0.00510241
0.00510241
0.00505126
0.00505126
0.00499952
0.00499952
0.00494723
0.00494723
0.00489445
0.00489445
0.00484123
0.00484123
0.00478762
0.00478762
0.00473367
0.00473367
0.00467943
0.00467943
0.00462494
0.00462494
0.00457023
0.00457023
0.00451536
0.00451536
0.00446036
0.00446036
0.00440527
0.00440527
0.00435011
0.00435011
0.00429494
0.00429494
0.00423976
0.00423976
0.00418463
0.00418463
0.00412956
0.00412956
0.00407459
0.00407459
0.00401973
0.00401973
0.00396503
0.00396503
0.00391049
0.00391049
0.00385614
0.00385614
0.003802
0.003802
0.0037481
0.0037481
0.00369444
0.00369444
0.00364106
0.00364106
0.00358797
0.00358797
0.00353518
0.00353518
0.0034827
0.0034827
0.00343056
0.00343056
0.00337877
0.00337877
0.00332733
0.00332733
0.00327627
0.00327627
0.00322559
0.00322559
0.0031753
0.0031753
0.00312541
0.00312541
0.00307593
0.00307593
0.00302687
0.00302687
0.00297824
0.00297824
0.00293005
0.00293005
0.00288229
0.00288229
0.00283498
0.00283498
0.00278813
0.00278813
0.00274173
0.00274173
0.00269579
0.00269579
0.00265032
0.00265032
0.00260532
0.00260532
0.00256079
0.00256079
0.00251674
0.00251674
0.00247316
0.00247316
0.00243006
0.00243006
0.00238745
0.00238745
0.00234532
0.00234532
0.00230367
0.00230367
0.0022625
0.0022625
0.00222182
0.00222182
0.00218163
0.00218163
0.00214192
0.00214192
0.00210269
0.00210269
0.00206395
0.00206395
0.00202569
0.00202569
0.00198792
0.00198792
0.00195062
0.00195062
0.0019138
0.0019138
0.00187746
0.00187746
0.00184159
0.00184159
0.0018062
0.0018062
0.00177127
0.00177127
0.00173682
0.00173682
0.00170283
0.00170283
0.0016693
0.0016693
0.00163624
0.00163624
0.00160363
0.00160363
0.00157148
0.00157148
0.00153978
0.00153978
0.00150853
0.00150853
0.00147772
0.00147772
0.00144735
0.00144735
0.00141742
0.00141742
0.00138793
0.00138793
0.00135887
0.00135887
0.00133023
0.00133023
0.00130202
0.00130202
0.00127423
0.00127423
0.00124685
0.00124685
0.00121989
0.00121989
0.00119333
0.00119333
0.00116718
0.00116718
0.00114143
0.00114143
0.00111608
0.00111608
0.00109111
0.00109111
0.00106654
0.00106654
0.00104235
0.00104235
0.00101854
0.00101854
0.000995107
0.000995107
0.000972045
0.000972045
0.000949352
0.000949352
0.000927022
0.000927022
0.000905052
0.000905052
0.000883438
0.000883438
0.000862175
0.000862175
0.00084126
0.00084126
0.000820689
0.000820689
0.000800456
0.000800456
0.000780559
0.000780559
0.000760994
0.000760994
0.000741756
0.000741756
0.000722841
0.000722841
0.000704245
0.000704245
0.000685965
0.000685965
0.000667997
0.000667997
0.000650336
0.000650336
0.000632979
0.000632979
0.000615922
0.000615922
0.000599162
0.000599162
0.000582694
0.000582694
0.000566514
0.000566514
0.00055062
0.00055062
0.000535007
0.000535007
0.000519672
0.000519672
0.000504611
0.000504611
0.00048982
0.00048982
0.000475297
0.000475297
0.000461038
0.000461038
0.000447039
0.000447039
0.000433296
0.000433296
0.000419808
0.000419808
0.00040657
0.00040657
0.000393578
0.000393578
0.000380831
0.000380831
0.000368325
0.000368325
0.000356057
0.000356057
0.000344023
0.000344023
0.000332221
0.000332221
0.000320648
0.000320648
0.000309301
0.000309301
0.000298177
0.000298177
0.000287274
0.000287274
0.000276589
0.000276589
0.000266119
0.000266119
0.000255862
0.000255862
0.000245815
0.000245815
0.000235977
0.000235977
0.000226344
0.000226344
0.000216915
0.000216915
0.000207687
0.000207687
0.000198659
0.000198659
0.000189828
0.000189828
0.000181193
0.000181193
0.000172752
0.000172752
0.000164503
0.000164503
0.000156446
0.000156446
0.000148578
0.000148578
0.000140899
0.000140899
0.000133407
0.000133407
0.000126102
0.000126102
0.000118984
0.000118984
0.000112051
0.000112051
0.000105303
0.000105303
9.8741e-05
9.8741e-05
9.23648e-05
9.23648e-05
8.61751e-05
8.61751e-05
8.01728e-05
8.01728e-05
7.43594e-05
7.43594e-05
6.87365e-05
6.87365e-05
6.33063e-05
6.33063e-05
5.80717e-05
5.80717e-05
5.30357e-05
5.30357e-05
4.82022e-05
4.82022e-05
4.35756e-05
4.35756e-05
3.91611e-05
3.91611e-05
3.49643e-05
3.49643e-05
3.09915e-05
3.09915e-05
2.72496e-05
2.72496e-05
2.37457e-05
2.37457e-05
2.04871e-05
2.04871e-05
1.74809e-05
1.74809e-05
1.47334e-05
1.47334e-05
1.22494e-05
1.22494e-05
1.00317e-05
1.00317e-05
8.08002e-06
8.08002e-06
6.3902e-06
6.3902e-06
4.95377e-06
4.95377e-06
3.75745e-06
3.75745e-06
2.78328e-06
2.78328e-06
2.00927e-06
2.00927e-06
1.41045e-06
1.41045e-06
9.60264e-07
9.60264e-07
6.32128e-07
6.32128e-07
4.00823e-07
4.00823e-07
2.43629e-07
2.43629e-07
1.41049e-07
1.41049e-07
7.71176e-08
7.71176e-08
3.93509e-08
3.93509e-08
1.84294e-08
1.84294e-08
7.73018e-09
7.73018e-09
2.7974e-09
2.7974e-09
8.22448e-10
8.22448e-10
1.77532e-10
1.77532e-10
2.43164e-11
2.43164e-11
3.42133e-12
3.42133e-12
2.82947e-12
2.82947e-12
0.00576675
0.00576675
0.00577135
0.00577135
0.00578008
0.00578008
0.00579239
0.00579239
0.00580759
0.00580759
0.00582496
0.00582496
0.00584376
0.00584376
0.0058633
0.0058633
0.00588291
0.00588291
0.00590203
0.00590203
0.00592012
0.00592012
0.00593676
0.00593676
0.00595158
0.00595158
0.00596429
0.00596429
0.00597466
0.00597466
0.00598251
0.00598251
0.00598773
0.00598773
0.00599023
0.00599023
0.00598996
0.00598996
0.00598691
0.00598691
0.0059811
0.0059811
0.00597255
0.00597255
0.0059613
0.0059613
0.00594744
0.00594744
0.00593101
0.00593101
0.00591211
0.00591211
0.00589081
0.00589081
0.00586721
0.00586721
0.0058414
0.0058414
0.00581348
0.00581348
0.00578353
0.00578353
0.00575166
0.00575166
0.00571796
0.00571796
0.00568251
0.00568251
0.00564542
0.00564542
0.00560678
0.00560678
0.00556666
0.00556666
0.00552516
0.00552516
0.00548237
0.00548237
0.00543835
0.00543835
0.00539319
0.00539319
0.00534697
0.00534697
0.00529977
0.00529977
0.00525164
0.00525164
0.00520266
0.00520266
0.00515289
0.00515289
0.00510241
0.00510241
0.00505126
0.00505126
0.00499952
0.00499952
0.00494723
0.00494723
0.00489445
0.00489445
0.00484123
0.00484123
0.00478762
0.00478762
0.00473367
0.00473367
0.00467943
0.00467943
0.00462494
0.00462494
0.00457023
0.00457023
0.00451536
0.00451536
0.00446036
0.00446036
0.00440527
0.00440527
0.00435011
0.00435011
0.00429494
0.00429494
0.00423976
0.00423976
0.00418463
0.00418463
0.00412956
0.00412956
0.00407459
0.00407459
0.00401973
0.00401973
0.00396503
0.00396503
0.00391049
0.00391049
0.00385614
0.00385614
0.003802
0.003802
0.0037481
0.0037481
0.00369444
0.00369444
0.00364106
0.00364106
0.00358797
0.00358797
0.00353518
0.00353518
0.0034827
0.0034827
0.00343056
0.00343056
0.00337877
0.00337877
0.00332733
0.00332733
0.00327627
0.00327627
0.00322559
0.00322559
0.0031753
0.0031753
0.00312541
0.00312541
0.00307593
0.00307593
0.00302687
0.00302687
0.00297824
0.00297824
0.00293005
0.00293005
0.00288229
0.00288229
0.00283498
0.00283498
0.00278813
0.00278813
0.00274173
0.00274173
0.00269579
0.00269579
0.00265032
0.00265032
0.00260532
0.00260532
0.00256079
0.00256079
0.00251674
0.00251674
0.00247316
0.00247316
0.00243006
0.00243006
0.00238745
0.00238745
0.00234532
0.00234532
0.00230367
0.00230367
0.0022625
0.0022625
0.00222182
0.00222182
0.00218163
0.00218163
0.00214192
0.00214192
0.00210269
0.00210269
0.00206395
0.00206395
0.00202569
0.00202569
0.00198792
0.00198792
0.00195062
0.00195062
0.0019138
0.0019138
0.00187746
0.00187746
0.00184159
0.00184159
0.0018062
0.0018062
0.00177127
0.00177127
0.00173682
0.00173682
0.00170283
0.00170283
0.0016693
0.0016693
0.00163624
0.00163624
0.00160363
0.00160363
0.00157148
0.00157148
0.00153978
0.00153978
0.00150853
0.00150853
0.00147772
0.00147772
0.00144735
0.00144735
0.00141742
0.00141742
0.00138793
0.00138793
0.00135887
0.00135887
0.00133023
0.00133023
0.00130202
0.00130202
0.00127423
0.00127423
0.00124685
0.00124685
0.00121989
0.00121989
0.00119333
0.00119333
0.00116718
0.00116718
0.00114143
0.00114143
0.00111608
0.00111608
0.00109111
0.00109111
0.00106654
0.00106654
0.00104235
0.00104235
0.00101854
0.00101854
0.000995107
0.000995107
0.000972045
0.000972045
0.000949352
0.000949352
0.000927022
0.000927022
0.000905052
0.000905052
0.000883438
0.000883438
0.000862175
0.000862175
0.00084126
0.00084126
0.000820689
0.000820689
0.000800456
0.000800456
0.000780559
0.000780559
0.000760994
0.000760994
0.000741756
0.000741756
0.000722841
0.000722841
0.000704245
0.000704245
0.000685965
0.000685965
0.000667997
0.000667997
0.000650336
0.000650336
0.000632979
0.000632979
0.000615922
0.000615922
0.000599162
0.000599162
0.000582694
0.000582694
0.000566514
0.000566514
0.00055062
0.00055062
0.000535007
0.000535007
0.000519672
0.000519672
0.000504611
0.000504611
0.00048982
0.00048982
0.000475297
0.000475297
0.000461038
0.000461038
0.000447039
0.000447039
0.000433296
0.000433296
0.000419808
0.000419808
0.00040657
0.00040657
0.000393578
0.000393578
0.000380831
0.000380831
0.000368325
0.000368325
0.000356057
0.000356057
0.000344023
0.000344023
0.000332221
0.000332221
0.000320648
0.000320648
0.000309301
0.000309301
0.000298177
0.000298177
0.000287274
0.000287274
0.000276589
0.000276589
0.000266119
0.000266119
0.000255862
0.000255862
0.000245815
0.000245815
0.000235977
0.000235977
0.000226344
0.000226344
0.000216915
0.000216915
0.000207687
0.000207687
0.000198659
0.000198659
0.000189828
0.000189828
0.000181193
0.000181193
0.000172752
0.000172752
0.000164503
0.000164503
0.000156446
0.000156446
0.000148578
0.000148578
0.000140899
0.000140899
0.000133407
0.000133407
0.000126102
0.000126102
0.000118984
0.000118984
0.000112051
0.000112051
0.000105303
0.000105303
9.8741e-05
9.8741e-05
9.23648e-05
9.23648e-05
8.61751e-05
8.61751e-05
8.01728e-05
8.01728e-05
7.43594e-05
7.43594e-05
6.87365e-05
6.87365e-05
6.33063e-05
6.33063e-05
5.80717e-05
5.80717e-05
5.30357e-05
5.30357e-05
4.82022e-05
4.82022e-05
4.35756e-05
4.35756e-05
3.91611e-05
3.91611e-05
3.49643e-05
3.49643e-05
3.09915e-05
3.09915e-05
2.72496e-05
2.72496e-05
2.37457e-05
2.37457e-05
2.04871e-05
2.04871e-05
1.74809e-05
1.74809e-05
1.47334e-05
1.47334e-05
1.22494e-05
1.22494e-05
1.00317e-05
1.00317e-05
8.08002e-06
8.08002e-06
6.3902e-06
6.3902e-06
4.95377e-06
4.95377e-06
3.75745e-06
3.75745e-06
2.78328e-06
2.78328e-06
2.00927e-06
2.00927e-06
1.41045e-06
1.41045e-06
9.60264e-07
9.60264e-07
6.32128e-07
6.32128e-07
4.00823e-07
4.00823e-07
2.43629e-07
2.43629e-07
1.41049e-07
1.41049e-07
7.71176e-08
7.71176e-08
3.93509e-08
3.93509e-08
1.84294e-08
1.84294e-08
7.73018e-09
7.73018e-09
2.7974e-09
2.7974e-09
8.22448e-10
8.22448e-10
1.77532e-10
1.77532e-10
2.43164e-11
2.43164e-11
3.42133e-12
3.42133e-12
2.82947e-12
2.82947e-12
)
;

boundaryField
{
    walls
    {
        type            nutUWallFunction;
        blending        stepwise;
        Cmu             0.09;
        kappa           0.41;
        E               9.8;
        value           uniform 0;
    }
    inlet
    {
        type            cyclic;
    }
    outlet
    {
        type            cyclic;
    }
    sides
    {
        type            empty;
    }
}


// ************************************************************************* //
