/*--------------------------------*- C++ -*----------------------------------*\
| =========                 |                                                 |
| \\      /  F ield         | OpenFOAM: The Open Source CFD Toolbox           |
|  \\    /   O peration     | Version:  2106                                  |
|   \\  /    A nd           | Website:  www.openfoam.com                      |
|    \\/     M anipulation  |                                                 |
\*---------------------------------------------------------------------------*/
FoamFile
{
    version     2.0;
    format      ascii;
    arch        "LSB;label=32;scalar=64";
    class       volVectorField;
    location    "10030";
    object      U;
}
// * * * * * * * * * * * * * * * * * * * * * * * * * * * * * * * * * * * * * //

dimensions      [0 1 -1 0 0 0 0];

internalField   nonuniform List<vector> 
2000
(
(0.00569297 -5.65121e-16 -4.32791e-17)
(0.00569297 5.39032e-19 -4.04876e-21)
(0.017183 -3.03045e-15 -1.81948e-16)
(0.017183 -2.49863e-18 -8.6246e-21)
(0.0288853 -2.72242e-15 -1.90975e-16)
(0.0288853 -3.65361e-18 -1.80721e-20)
(0.0408037 -2.58555e-15 -2.00256e-16)
(0.0408037 -5.73883e-18 -2.41662e-20)
(0.0529422 -2.57664e-15 -2.10204e-16)
(0.0529422 -7.91224e-18 -2.9412e-20)
(0.0653043 -2.5881e-15 -2.20702e-16)
(0.0653043 -1.01936e-17 -3.33677e-20)
(0.0778937 -2.58939e-15 -2.31651e-16)
(0.0778937 -1.25913e-17 -3.81864e-20)
(0.090713 -2.58553e-15 -2.43021e-16)
(0.090713 -1.50749e-17 -4.38789e-20)
(0.103764 -2.58101e-15 -2.54787e-16)
(0.103764 -1.76528e-17 -4.90987e-20)
(0.117046 -2.5766e-15 -2.6691e-16)
(0.117046 -2.02597e-17 -5.0689e-20)
(0.130556 -2.57213e-15 -2.79323e-16)
(0.130556 -2.29409e-17 -5.24695e-20)
(0.144287 -2.56725e-15 -2.91928e-16)
(0.144287 -2.57545e-17 -5.41845e-20)
(0.158226 -2.56194e-15 -3.04587e-16)
(0.158226 -2.87483e-17 -5.72371e-20)
(0.172354 -2.55634e-15 -3.17119e-16)
(0.172354 -3.19031e-17 -6.39914e-20)
(0.186645 -2.55052e-15 -3.29305e-16)
(0.186645 -3.49251e-17 -6.58917e-20)
(0.201061 -2.54481e-15 -3.40891e-16)
(0.201061 -3.80047e-17 -6.16971e-20)
(0.215559 -2.53904e-15 -3.51612e-16)
(0.215559 -4.12868e-17 -6.18903e-20)
(0.230086 -2.53298e-15 -3.61206e-16)
(0.230086 -4.44916e-17 -6.68669e-20)
(0.244582 -2.52668e-15 -3.69451e-16)
(0.244582 -4.80678e-17 -7.23657e-20)
(0.258983 -2.51996e-15 -3.76185e-16)
(0.258983 -5.18994e-17 -7.97906e-20)
(0.273228 -2.51321e-15 -3.81327e-16)
(0.273228 -5.52657e-17 -8.97992e-20)
(0.287256 -2.50664e-15 -3.84883e-16)
(0.287256 -5.85083e-17 -1.01812e-19)
(0.301011 -2.50018e-15 -3.86939e-16)
(0.301011 -6.2022e-17 -1.16899e-19)
(0.31445 -2.49375e-15 -3.85335e-16)
(0.31445 -6.56981e-17 -1.38459e-19)
(0.327534 -2.48697e-15 -3.79546e-16)
(0.327534 -6.94696e-17 -1.54871e-19)
(0.340238 -2.48017e-15 -3.72903e-16)
(0.340238 -7.31e-17 -1.78604e-19)
(0.352545 -2.47375e-15 -3.65639e-16)
(0.352545 -7.6888e-17 -2.1158e-19)
(0.364447 -2.46747e-15 -3.57984e-16)
(0.364447 -8.0633e-17 -2.41196e-19)
(0.375942 -2.46082e-15 -3.50118e-16)
(0.375942 -8.38913e-17 -2.61584e-19)
(0.387035 -2.45396e-15 -3.42191e-16)
(0.387035 -8.757e-17 -2.87786e-19)
(0.397735 -2.44733e-15 -3.36152e-16)
(0.397735 -9.12525e-17 -3.26502e-19)
(0.408053 -2.44086e-15 -3.32556e-16)
(0.408053 -9.44999e-17 -3.53901e-19)
(0.418006 -2.43455e-15 -3.29129e-16)
(0.418006 -9.78364e-17 -3.81876e-19)
(0.427608 -2.42845e-15 -3.25886e-16)
(0.427608 -1.0153e-16 -4.16555e-19)
(0.436876 -2.42239e-15 -3.22886e-16)
(0.436876 -1.04821e-16 -4.45873e-19)
(0.445827 -2.41614e-15 -3.20159e-16)
(0.445827 -1.07648e-16 -4.64555e-19)
(0.454477 -2.40983e-15 -3.17718e-16)
(0.454477 -1.10903e-16 -5.10223e-19)
(0.462844 -2.40391e-15 -3.15565e-16)
(0.462844 -1.13937e-16 -5.50862e-19)
(0.470941 -2.39774e-15 -3.13726e-16)
(0.470941 -1.17083e-16 -5.72544e-19)
(0.478786 -2.39117e-15 -3.12173e-16)
(0.478786 -1.20673e-16 -6.22755e-19)
(0.486391 -2.38531e-15 -3.10915e-16)
(0.486391 -1.23876e-16 -6.86238e-19)
(0.49377 -2.37989e-15 -3.09937e-16)
(0.49377 -1.26761e-16 -7.3064e-19)
(0.500937 -2.37493e-15 -3.09244e-16)
(0.500937 -1.29193e-16 -7.47675e-19)
(0.507902 -2.36983e-15 -3.08866e-16)
(0.507902 -1.32013e-16 -7.61807e-19)
(0.514678 -2.36382e-15 -3.08741e-16)
(0.514678 -1.34897e-16 -8.08094e-19)
(0.521275 -2.35759e-15 -3.08886e-16)
(0.521275 -1.38438e-16 -8.41518e-19)
(0.527702 -2.35256e-15 -3.09286e-16)
(0.527702 -1.41718e-16 -8.49261e-19)
(0.533969 -2.34838e-15 -3.09948e-16)
(0.533969 -1.43344e-16 -1.02401e-18)
(0.540084 -2.34327e-15 -3.10829e-16)
(0.540084 -1.4526e-16 -1.85785e-18)
(0.546055 -2.33851e-15 -3.12015e-16)
(0.546055 -1.47668e-16 -2.62378e-18)
(0.55189 -2.33403e-15 -3.13383e-16)
(0.55189 -1.49719e-16 -3.46457e-18)
(0.557596 -2.3293e-15 -3.15055e-16)
(0.557596 -1.51806e-16 -4.35766e-18)
(0.56318 -2.32514e-15 -3.16832e-16)
(0.56318 -1.54056e-16 -5.22406e-18)
(0.568647 -2.32093e-15 -3.18917e-16)
(0.568647 -1.5661e-16 -6.15063e-18)
(0.574003 -2.31652e-15 -3.21266e-16)
(0.574003 -1.59188e-16 -7.07159e-18)
(0.579253 -2.31263e-15 -3.23759e-16)
(0.579253 -1.60998e-16 -8.01432e-18)
(0.584404 -2.30994e-15 -3.26431e-16)
(0.584404 -1.62301e-16 -9.02582e-18)
(0.589458 -2.30615e-15 -3.29408e-16)
(0.589458 -1.63813e-16 -1.00675e-17)
(0.594422 -2.30139e-15 -3.32589e-16)
(0.594422 -1.65972e-16 -1.10819e-17)
(0.599298 -2.29633e-15 -3.35956e-16)
(0.599298 -1.68494e-16 -1.21371e-17)
(0.604091 -2.29013e-15 -3.39558e-16)
(0.604091 -1.71339e-16 -1.3235e-17)
(0.608805 -2.28444e-15 -3.4329e-16)
(0.608805 -1.72781e-16 -1.44653e-17)
(0.613443 -2.28047e-15 -3.47245e-16)
(0.613443 -1.73894e-16 -1.56966e-17)
(0.618008 -2.27667e-15 -3.51295e-16)
(0.618008 -1.76703e-16 -1.6874e-17)
(0.622504 -2.27188e-15 -3.55681e-16)
(0.622504 -1.79178e-16 -1.8209e-17)
(0.626933 -2.26576e-15 -3.60211e-16)
(0.626933 -1.81805e-16 -1.95686e-17)
(0.631299 -2.26003e-15 -3.64937e-16)
(0.631299 -1.84994e-16 -2.08951e-17)
(0.635602 -2.25471e-15 -3.69878e-16)
(0.635602 -1.88348e-16 -2.23608e-17)
(0.639848 -2.24902e-15 -3.74967e-16)
(0.639848 -1.91354e-16 -2.39014e-17)
(0.644036 -2.24346e-15 -3.80304e-16)
(0.644036 -1.94662e-16 -2.54152e-17)
(0.648171 -2.23925e-15 -3.85812e-16)
(0.648171 -1.97229e-16 -2.69974e-17)
(0.652253 -2.23598e-15 -3.91545e-16)
(0.652253 -1.97344e-16 -2.86124e-17)
(0.656285 -2.23348e-15 -3.97514e-16)
(0.656285 -1.98349e-16 -3.00715e-17)
(0.660269 -2.23088e-15 -4.03629e-16)
(0.660269 -2.00318e-16 -3.16695e-17)
(0.664207 -2.22724e-15 -4.10059e-16)
(0.664207 -2.01112e-16 -3.35035e-17)
(0.6681 -2.22475e-15 -4.16663e-16)
(0.6681 -2.0281e-16 -3.54158e-17)
(0.671949 -2.2211e-15 -4.23463e-16)
(0.671949 -2.03899e-16 -3.73517e-17)
(0.675757 -2.2156e-15 -4.30584e-16)
(0.675757 -2.06019e-16 -3.92063e-17)
(0.679526 -2.21051e-15 -4.37727e-16)
(0.679526 -2.08435e-16 -4.12696e-17)
(0.683255 -2.20576e-15 -4.45187e-16)
(0.683255 -2.10145e-16 -4.35401e-17)
(0.686947 -2.20151e-15 -4.52847e-16)
(0.686947 -2.11826e-16 -4.57288e-17)
(0.690604 -2.19792e-15 -4.60802e-16)
(0.690604 -2.11457e-16 -4.81826e-17)
(0.694225 -2.1931e-15 -4.68948e-16)
(0.694225 -2.1476e-16 -5.03789e-17)
(0.697813 -2.18902e-15 -4.77256e-16)
(0.697813 -2.17554e-16 -5.28095e-17)
(0.701369 -2.18774e-15 -4.86116e-16)
(0.701369 -2.18276e-16 -5.57513e-17)
(0.704893 -2.18574e-15 -4.95205e-16)
(0.704893 -2.20936e-16 -5.86341e-17)
(0.708387 -2.18287e-15 -5.04387e-16)
(0.708387 -2.27545e-16 -6.14691e-17)
(0.711851 -2.18152e-15 -5.13981e-16)
(0.711851 -2.35081e-16 -6.44551e-17)
(0.715287 -2.17945e-15 -5.23708e-16)
(0.715287 -2.36815e-16 -6.76816e-17)
(0.718696 -2.17532e-15 -5.33667e-16)
(0.718696 -2.41531e-16 -7.09123e-17)
(0.722078 -2.16988e-15 -5.3789e-16)
(0.722078 -2.49004e-16 -7.43933e-17)
(0.725434 -2.1646e-15 -5.40532e-16)
(0.725434 -2.52875e-16 -7.80443e-17)
(0.728765 -2.15668e-15 -5.43749e-16)
(0.728765 -2.59502e-16 -8.1554e-17)
(0.732072 -2.15119e-15 -5.47143e-16)
(0.732072 -2.65437e-16 -8.53642e-17)
(0.735356 -2.14942e-15 -5.50552e-16)
(0.735356 -2.66996e-16 -8.92381e-17)
(0.738616 -2.1474e-15 -5.54072e-16)
(0.738616 -2.67976e-16 -9.33049e-17)
(0.741855 -2.14502e-15 -5.5764e-16)
(0.741855 -2.71458e-16 -9.71375e-17)
(0.745072 -2.14151e-15 -5.6102e-16)
(0.745072 -2.73738e-16 -1.01185e-16)
(0.748269 -2.13732e-15 -5.64355e-16)
(0.748269 -2.76287e-16 -1.0578e-16)
(0.751445 -2.13323e-15 -5.67908e-16)
(0.751445 -2.79869e-16 -1.10047e-16)
(0.754602 -2.13036e-15 -5.71049e-16)
(0.754602 -2.80883e-16 -1.14902e-16)
(0.757739 -2.12665e-15 -5.74283e-16)
(0.757739 -2.81969e-16 -1.19644e-16)
(0.760859 -2.12165e-15 -5.77638e-16)
(0.760859 -2.88636e-16 -1.24314e-16)
(0.76396 -2.11489e-15 -5.80698e-16)
(0.76396 -2.95226e-16 -1.29582e-16)
(0.767044 -2.10867e-15 -5.83814e-16)
(0.767044 -2.9995e-16 -1.34985e-16)
(0.770111 -2.10266e-15 -5.87087e-16)
(0.770111 -3.05095e-16 -1.40422e-16)
(0.773161 -2.09708e-15 -5.90494e-16)
(0.773161 -3.09678e-16 -1.45805e-16)
(0.776196 -2.09223e-15 -5.93624e-16)
(0.776196 -3.17646e-16 -1.51317e-16)
(0.779215 -2.08704e-15 -5.96033e-16)
(0.779215 -3.24709e-16 -1.57673e-16)
(0.782218 -2.08129e-15 -5.99015e-16)
(0.782218 -3.2979e-16 -1.63544e-16)
(0.785208 -2.07224e-15 -6.01587e-16)
(0.785208 -3.3673e-16 -1.7016e-16)
(0.788182 -2.06537e-15 -6.04452e-16)
(0.788182 -3.45993e-16 -1.77213e-16)
(0.791143 -2.05929e-15 -6.07282e-16)
(0.791143 -3.52926e-16 -1.84101e-16)
(0.79409 -2.0485e-15 -6.09939e-16)
(0.79409 -3.63276e-16 -1.90862e-16)
(0.797024 -2.03793e-15 -6.12589e-16)
(0.797024 -3.74982e-16 -1.97673e-16)
(0.799945 -2.02596e-15 -6.14602e-16)
(0.799945 -3.86651e-16 -2.06218e-16)
(0.802854 -2.01231e-15 -6.17838e-16)
(0.802854 -4.01072e-16 -2.14197e-16)
(0.80575 -2.00162e-15 -6.21875e-16)
(0.80575 -4.14044e-16 -2.21463e-16)
(0.808635 -1.98712e-15 -6.24375e-16)
(0.808635 -4.24923e-16 -2.29575e-16)
(0.811507 -1.96854e-15 -6.26887e-16)
(0.811507 -4.36076e-16 -2.39038e-16)
(0.814369 -1.95706e-15 -6.3041e-16)
(0.814369 -4.47198e-16 -2.48377e-16)
(0.817219 -1.94581e-15 -6.33955e-16)
(0.817219 -4.58768e-16 -2.56687e-16)
(0.820059 -1.93314e-15 -6.36457e-16)
(0.820059 -4.66366e-16 -2.659e-16)
(0.822889 -1.92005e-15 -6.38377e-16)
(0.822889 -4.81391e-16 -2.75982e-16)
(0.825708 -1.90336e-15 -6.40798e-16)
(0.825708 -4.95882e-16 -2.86574e-16)
(0.828517 -1.88878e-15 -6.43438e-16)
(0.828517 -5.09495e-16 -2.97885e-16)
(0.831316 -1.87468e-15 -6.46818e-16)
(0.831316 -5.21214e-16 -3.08149e-16)
(0.834106 -1.86253e-15 -6.48943e-16)
(0.834106 -5.27288e-16 -3.17709e-16)
(0.836886 -1.85444e-15 -6.49205e-16)
(0.836886 -5.39092e-16 -3.28665e-16)
(0.839658 -1.84614e-15 -6.4829e-16)
(0.839658 -5.41051e-16 -3.41363e-16)
(0.84242 -1.83675e-15 -6.47066e-16)
(0.84242 -5.45882e-16 -3.53589e-16)
(0.845174 -1.82623e-15 -6.46019e-16)
(0.845174 -5.50597e-16 -3.63618e-16)
(0.84792 -1.81269e-15 -6.42064e-16)
(0.84792 -5.51222e-16 -3.76095e-16)
(0.850657 -1.79852e-15 -6.38489e-16)
(0.850657 -5.54988e-16 -3.91361e-16)
(0.853386 -1.78282e-15 -6.36732e-16)
(0.853386 -5.60772e-16 -4.05491e-16)
(0.856107 -1.7678e-15 -6.3558e-16)
(0.856107 -5.70167e-16 -4.18173e-16)
(0.858821 -1.75688e-15 -6.33534e-16)
(0.858821 -5.7997e-16 -4.34029e-16)
(0.861526 -1.74713e-15 -6.31962e-16)
(0.861526 -5.89558e-16 -4.34599e-16)
(0.864225 -1.73839e-15 -6.29656e-16)
(0.864225 -5.92135e-16 -4.31992e-16)
(0.866916 -1.7305e-15 -6.2631e-16)
(0.866916 -5.99029e-16 -4.27934e-16)
(0.8696 -1.72144e-15 -6.19977e-16)
(0.8696 -6.06178e-16 -4.26404e-16)
(0.872277 -1.70843e-15 -6.14917e-16)
(0.872277 -6.11696e-16 -4.25917e-16)
(0.874947 -1.69955e-15 -6.11678e-16)
(0.874947 -6.23e-16 -4.23441e-16)
(0.87761 -1.69008e-15 -6.06112e-16)
(0.87761 -6.28246e-16 -4.19042e-16)
(0.880267 -1.67578e-15 -5.99194e-16)
(0.880267 -6.35332e-16 -4.15074e-16)
(0.882917 -1.66177e-15 -5.93375e-16)
(0.882917 -6.41e-16 -4.11954e-16)
(0.885561 -1.6454e-15 -5.87368e-16)
(0.885561 -6.50452e-16 -4.07804e-16)
(0.888198 -1.62802e-15 -5.80141e-16)
(0.888198 -6.64599e-16 -4.03637e-16)
(0.89083 -1.60437e-15 -5.74974e-16)
(0.89083 -6.74298e-16 -4.00909e-16)
(0.893455 -1.58116e-15 -5.73325e-16)
(0.893455 -6.78733e-16 -3.97734e-16)
(0.896074 -1.56657e-15 -5.6587e-16)
(0.896074 -6.81784e-16 -4.00706e-16)
(0.898687 -1.56235e-15 -5.57843e-16)
(0.898687 -6.87654e-16 -4.00288e-16)
(0.901295 -1.55921e-15 -5.44989e-16)
(0.901295 -6.97841e-16 -4.0314e-16)
(0.903897 -1.55331e-15 -5.31485e-16)
(0.903897 -7.0836e-16 -4.03019e-16)
(0.906493 -1.53367e-15 -5.2025e-16)
(0.906493 -7.10686e-16 -4.0428e-16)
(0.909083 -1.50651e-15 -5.12431e-16)
(0.909083 -7.20061e-16 -4.04868e-16)
(0.911668 -1.49227e-15 -5.07443e-16)
(0.911668 -7.25081e-16 -4.07001e-16)
(0.914248 -1.47577e-15 -5.04587e-16)
(0.914248 -7.36684e-16 -4.11492e-16)
(0.916822 -1.45085e-15 -5.0097e-16)
(0.916822 -7.55908e-16 -4.16406e-16)
(0.91939 -1.43691e-15 -5.01537e-16)
(0.91939 -7.59969e-16 -4.14635e-16)
(0.921953 -1.42579e-15 -4.98459e-16)
(0.921953 -7.74614e-16 -4.12468e-16)
(0.924511 -1.40773e-15 -4.94882e-16)
(0.924511 -7.79628e-16 -4.09295e-16)
(0.927064 -1.39378e-15 -4.90502e-16)
(0.927064 -7.86657e-16 -4.04789e-16)
(0.929611 -1.38082e-15 -4.81722e-16)
(0.929611 -7.97303e-16 -3.99244e-16)
(0.932153 -1.36743e-15 -4.75458e-16)
(0.932153 -7.89414e-16 -3.97825e-16)
(0.93469 -1.34995e-15 -4.68911e-16)
(0.93469 -7.9125e-16 -4.00052e-16)
(0.937221 -1.33704e-15 -4.61972e-16)
(0.937221 -7.98407e-16 -4.06506e-16)
(0.939747 -1.31514e-15 -4.54613e-16)
(0.939747 -8.03691e-16 -4.07661e-16)
(0.942268 -1.28735e-15 -4.49539e-16)
(0.942268 -8.15716e-16 -4.03567e-16)
(0.944784 -1.27218e-15 -4.4558e-16)
(0.944784 -8.2369e-16 -4.03665e-16)
(0.947295 -1.25839e-15 -4.45343e-16)
(0.947295 -8.23948e-16 -3.98805e-16)
(0.9498 -1.23378e-15 -4.48536e-16)
(0.9498 -8.17645e-16 -3.93194e-16)
(0.9523 -1.21929e-15 -4.48543e-16)
(0.9523 -8.13354e-16 -3.93279e-16)
(0.954795 -1.20939e-15 -4.46041e-16)
(0.954795 -8.18914e-16 -3.90133e-16)
(0.957284 -1.19334e-15 -4.42832e-16)
(0.957284 -8.21349e-16 -3.90388e-16)
(0.959768 -1.18762e-15 -4.46321e-16)
(0.959768 -8.22703e-16 -3.85075e-16)
(0.962246 -1.17745e-15 -4.47037e-16)
(0.962246 -8.2629e-16 -3.86247e-16)
(0.964719 -1.16557e-15 -4.44054e-16)
(0.964719 -8.17164e-16 -3.86735e-16)
(0.967186 -1.16055e-15 -4.40632e-16)
(0.967186 -8.21235e-16 -3.89852e-16)
(0.969648 -1.14657e-15 -4.31513e-16)
(0.969648 -8.24421e-16 -3.98406e-16)
(0.972103 -1.106e-15 -4.28231e-16)
(0.972103 -8.17212e-16 -3.99012e-16)
(0.974553 -1.07791e-15 -4.34174e-16)
(0.974553 -8.26172e-16 -4.05552e-16)
(0.976997 -1.06539e-15 -4.39187e-16)
(0.976997 -8.44398e-16 -3.98512e-16)
(0.979435 -1.05532e-15 -4.46942e-16)
(0.979435 -8.63763e-16 -3.87681e-16)
(0.981867 -1.04773e-15 -4.33867e-16)
(0.981867 -8.72957e-16 -3.88276e-16)
(0.984292 -1.03437e-15 -4.19724e-16)
(0.984292 -8.85352e-16 -3.90412e-16)
(0.986711 -1.03144e-15 -4.28477e-16)
(0.986711 -8.8737e-16 -3.8614e-16)
(0.989124 -1.02762e-15 -4.21244e-16)
(0.989124 -8.96308e-16 -3.93252e-16)
(0.991529 -1.01097e-15 -4.15992e-16)
(0.991529 -9.02309e-16 -3.9744e-16)
(0.993928 -9.91228e-16 -4.14372e-16)
(0.993928 -8.89903e-16 -4.1062e-16)
(0.99632 -9.79446e-16 -4.15407e-16)
(0.99632 -8.95274e-16 -4.18841e-16)
(0.998704 -9.72554e-16 -4.13814e-16)
(0.998704 -8.97048e-16 -4.23279e-16)
(1.00108 -9.69778e-16 -4.19089e-16)
(1.00108 -8.94296e-16 -4.22607e-16)
(1.00345 -9.71588e-16 -4.19142e-16)
(1.00345 -9.06536e-16 -4.32017e-16)
(1.00581 -9.58731e-16 -4.1298e-16)
(1.00581 -9.12852e-16 -4.34306e-16)
(1.00816 -9.39547e-16 -4.08821e-16)
(1.00816 -8.967e-16 -4.42489e-16)
(1.01051 -9.32816e-16 -4.17866e-16)
(1.01051 -9.00704e-16 -4.36811e-16)
(1.01285 -9.17272e-16 -4.22987e-16)
(1.01285 -9.09487e-16 -4.34984e-16)
(1.01517 -9.19803e-16 -4.10886e-16)
(1.01517 -8.8178e-16 -4.2588e-16)
(1.01749 -9.30505e-16 -3.99437e-16)
(1.01749 -8.62528e-16 -4.38481e-16)
(1.0198 -8.98104e-16 -3.84787e-16)
(1.0198 -8.58841e-16 -4.4209e-16)
(1.0221 -8.47654e-16 -3.76745e-16)
(1.0221 -8.60661e-16 -4.23795e-16)
(1.02438 -8.2593e-16 -3.69298e-16)
(1.02438 -8.56085e-16 -4.24142e-16)
(1.02666 -8.20216e-16 -3.83522e-16)
(1.02666 -8.36915e-16 -4.24146e-16)
(1.02893 -8.09262e-16 -3.87831e-16)
(1.02893 -7.86231e-16 -4.09843e-16)
(1.03118 -7.73402e-16 -3.94172e-16)
(1.03118 -7.67156e-16 -4.13693e-16)
(1.03342 -7.41926e-16 -4.00416e-16)
(1.03342 -7.87865e-16 -4.16942e-16)
(1.03565 -7.37363e-16 -4.18163e-16)
(1.03565 -7.63985e-16 -4.07624e-16)
(1.03787 -7.3099e-16 -4.15301e-16)
(1.03787 -7.12825e-16 -4.06003e-16)
(1.04007 -7.17235e-16 -4.00595e-16)
(1.04007 -6.86221e-16 -4.46523e-16)
(1.04226 -6.96633e-16 -4.01741e-16)
(1.04226 -6.55596e-16 -4.60914e-16)
(1.04444 -6.76874e-16 -4.38077e-16)
(1.04444 -6.4763e-16 -4.58342e-16)
(1.0466 -6.22809e-16 -4.18952e-16)
(1.0466 -6.83707e-16 -4.63863e-16)
(1.04874 -6.31017e-16 -4.45805e-16)
(1.04874 -6.65446e-16 -4.45559e-16)
(1.05086 -6.25483e-16 -4.85207e-16)
(1.05086 -6.7011e-16 -4.60328e-16)
(1.05297 -6.14312e-16 -5.07141e-16)
(1.05297 -6.62451e-16 -4.8271e-16)
(1.05506 -6.44733e-16 -5.23229e-16)
(1.05506 -6.16099e-16 -4.43377e-16)
(1.05713 -6.42208e-16 -4.88433e-16)
(1.05713 -6.41833e-16 -4.48048e-16)
(1.05918 -6.26712e-16 -4.85365e-16)
(1.05918 -6.41911e-16 -4.46879e-16)
(1.06121 -6.59964e-16 -5.10625e-16)
(1.06121 -6.13255e-16 -4.3865e-16)
(1.06321 -6.52299e-16 -4.79531e-16)
(1.06321 -6.31776e-16 -4.42434e-16)
(1.06519 -6.23745e-16 -5.0459e-16)
(1.06519 -6.24829e-16 -4.70162e-16)
(1.06715 -6.10054e-16 -5.11784e-16)
(1.06715 -6.12474e-16 -4.82965e-16)
(1.06908 -6.30237e-16 -5.09624e-16)
(1.06908 -5.85397e-16 -4.62298e-16)
(1.07098 -6.13624e-16 -4.56344e-16)
(1.07098 -5.78068e-16 -4.27685e-16)
(1.07285 -5.60289e-16 -4.32763e-16)
(1.07285 -6.07135e-16 -3.96759e-16)
(1.0747 -5.19211e-16 -4.87707e-16)
(1.0747 -6.37985e-16 -3.46688e-16)
(1.0765 -5.33134e-16 -4.8279e-16)
(1.0765 -5.61401e-16 -3.29121e-16)
(1.07828 -5.6862e-16 -5.01625e-16)
(1.07828 -5.58786e-16 -2.9884e-16)
(1.08001 -5.42831e-16 -4.84392e-16)
(1.08001 -5.42363e-16 -2.77174e-16)
(1.08171 -5.17547e-16 -4.44289e-16)
(1.08171 -4.65109e-16 -3.44561e-16)
(1.08337 -5.06085e-16 -4.28948e-16)
(1.08337 -5.10447e-16 -3.7529e-16)
(1.08498 -4.61431e-16 -4.27833e-16)
(1.08498 -5.4124e-16 -3.75038e-16)
(1.08654 -4.64284e-16 -4.89058e-16)
(1.08654 -5.29612e-16 -3.59907e-16)
(1.08806 -4.90881e-16 -4.19873e-16)
(1.08806 -5.1914e-16 -3.35689e-16)
(1.08952 -5.21297e-16 -4.37866e-16)
(1.08952 -5.1645e-16 -4.23079e-16)
(1.09092 -4.5773e-16 -4.25344e-16)
(1.09092 -5.37934e-16 -4.69096e-16)
(1.09226 -4.53088e-16 -3.57949e-16)
(1.09226 -5.19141e-16 -3.90977e-16)
(1.09354 -4.75816e-16 -3.82575e-16)
(1.09354 -4.68569e-16 -3.8899e-16)
(1.09474 -4.86128e-16 -4.4365e-16)
(1.09474 -4.73122e-16 -3.94943e-16)
(1.09587 -5.28701e-16 -3.99596e-16)
(1.09587 -4.71937e-16 -3.44385e-16)
(1.09692 -5.30623e-16 -3.15742e-16)
(1.09692 -4.35163e-16 -2.19995e-16)
(1.09788 -4.6688e-16 -2.28029e-16)
(1.09788 -4.2096e-16 -7.99094e-17)
(1.09875 -4.3403e-16 -1.33313e-16)
(1.09875 -3.82497e-16 -6.13665e-17)
(1.09951 -3.95707e-16 -1.17669e-16)
(1.09951 -3.60918e-16 -6.54471e-17)
(1.10017 -3.72468e-16 -1.58031e-16)
(1.10017 -3.75328e-16 -4.7805e-17)
(1.10071 -3.49996e-16 -1.88065e-16)
(1.10071 -3.85559e-16 -1.02569e-16)
(1.10113 -4.23315e-16 -1.15914e-16)
(1.10113 -3.69868e-16 -8.90515e-17)
(1.10142 -3.40943e-16 -5.88861e-17)
(1.10142 -3.67193e-16 -1.11627e-16)
(1.10157 -3.09876e-16 -1.2853e-16)
(1.10157 -3.67216e-16 -6.57081e-17)
(0.00569297 3.13325e-19 1.38298e-17)
(0.00569297 2.13136e-19 8.7814e-18)
(0.017183 -1.19593e-18 5.63879e-17)
(0.017183 -5.92574e-19 2.7435e-17)
(0.0288853 -1.76247e-18 5.84763e-17)
(0.0288853 -8.41608e-19 2.8487e-17)
(0.0408037 -2.81457e-18 6.20033e-17)
(0.0408037 -1.34713e-18 2.95959e-17)
(0.0529422 -3.9306e-18 6.54601e-17)
(0.0529422 -1.89251e-18 3.07656e-17)
(0.0653043 -5.07297e-18 6.88951e-17)
(0.0653043 -2.49141e-18 3.19968e-17)
(0.0778937 -6.23494e-18 7.24597e-17)
(0.0778937 -3.09704e-18 3.3292e-17)
(0.090713 -7.47345e-18 7.61719e-17)
(0.090713 -3.69572e-18 3.46548e-17)
(0.103764 -8.78035e-18 8.00111e-17)
(0.103764 -4.33268e-18 3.60839e-17)
(0.117046 -1.0074e-17 8.39664e-17)
(0.117046 -5.07666e-18 3.75725e-17)
(0.130556 -1.13247e-17 8.80102e-17)
(0.130556 -5.94176e-18 3.91135e-17)
(0.144287 -1.26148e-17 9.21146e-17)
(0.144287 -6.81007e-18 4.06969e-17)
(0.158226 -1.40224e-17 9.62361e-17)
(0.158226 -7.74055e-18 4.23025e-17)
(0.172354 -1.56052e-17 1.00322e-16)
(0.172354 -8.63458e-18 4.39082e-17)
(0.186645 -1.73242e-17 1.04133e-16)
(0.186645 -9.49118e-18 4.54957e-17)
(0.201061 -1.91212e-17 1.06689e-16)
(0.201061 -1.02092e-17 4.70202e-17)
(0.215559 -2.09988e-17 1.08927e-16)
(0.215559 -1.1037e-17 4.84498e-17)
(0.230086 -2.28845e-17 1.1077e-16)
(0.230086 -1.20808e-17 4.97567e-17)
(0.244582 -2.47747e-17 1.12163e-16)
(0.244582 -1.30738e-17 5.09003e-17)
(0.258983 -2.66626e-17 1.13062e-16)
(0.258983 -1.41966e-17 5.18652e-17)
(0.273228 -2.86246e-17 1.13449e-16)
(0.273228 -1.52103e-17 5.26541e-17)
(0.287256 -3.05106e-17 1.13333e-16)
(0.287256 -1.60657e-17 5.32551e-17)
(0.301011 -3.25091e-17 1.12745e-16)
(0.301011 -1.70232e-17 5.36842e-17)
(0.31445 -3.4628e-17 1.11737e-16)
(0.31445 -1.81277e-17 5.39592e-17)
(0.327534 -3.6659e-17 1.10371e-16)
(0.327534 -1.92217e-17 5.41282e-17)
(0.340238 -3.86099e-17 1.08719e-16)
(0.340238 -2.03402e-17 5.41968e-17)
(0.352545 -4.03394e-17 1.06849e-16)
(0.352545 -2.14491e-17 5.42053e-17)
(0.364447 -4.19302e-17 1.04824e-16)
(0.364447 -2.26503e-17 5.42018e-17)
(0.375942 -4.35642e-17 1.02695e-16)
(0.375942 -2.37761e-17 5.41932e-17)
(0.387035 -4.52018e-17 1.00516e-16)
(0.387035 -2.49443e-17 5.41775e-17)
(0.397735 -4.68243e-17 9.83154e-17)
(0.397735 -2.62923e-17 5.42024e-17)
(0.408053 -4.87747e-17 9.61307e-17)
(0.408053 -2.71431e-17 5.428e-17)
(0.418006 -5.08944e-17 9.39593e-17)
(0.418006 -2.7872e-17 5.44332e-17)
(0.427608 -5.26528e-17 9.18283e-17)
(0.427608 -2.91503e-17 5.46517e-17)
(0.436876 -5.4275e-17 8.97574e-17)
(0.436876 -3.00339e-17 5.49749e-17)
(0.445827 -5.58814e-17 8.77535e-17)
(0.445827 -3.09358e-17 5.53755e-17)
(0.454477 -5.70531e-17 8.87296e-17)
(0.454477 -3.18149e-17 5.58623e-17)
(0.462844 -5.81124e-17 9.10793e-17)
(0.462844 -3.25623e-17 5.64405e-17)
(0.470941 -5.94248e-17 9.34545e-17)
(0.470941 -3.38809e-17 5.71065e-17)
(0.478786 -6.07947e-17 9.58436e-17)
(0.478786 -3.47554e-17 5.78801e-17)
(0.486391 -6.2262e-17 9.82845e-17)
(0.486391 -3.51228e-17 5.87549e-17)
(0.49377 -6.38096e-17 1.00794e-16)
(0.49377 -3.64263e-17 5.971e-17)
(0.500937 -6.5077e-17 1.03298e-16)
(0.500937 -3.77692e-17 6.08012e-17)
(0.507902 -6.63511e-17 1.05873e-16)
(0.507902 -3.90878e-17 6.19232e-17)
(0.514678 -6.86039e-17 1.08526e-16)
(0.514678 -3.90713e-17 6.31113e-17)
(0.521275 -7.09221e-17 1.10773e-16)
(0.521275 -3.84761e-17 6.44121e-17)
(0.527702 -7.24925e-17 1.10999e-16)
(0.527702 -3.98288e-17 6.58379e-17)
(0.533969 -7.36298e-17 1.11304e-16)
(0.533969 -4.0921e-17 6.73779e-17)
(0.540084 -7.48777e-17 1.11772e-16)
(0.540084 -4.1354e-17 6.89612e-17)
(0.546055 -7.67672e-17 1.12355e-16)
(0.546055 -4.28524e-17 7.05804e-17)
(0.55189 -7.84352e-17 1.12942e-16)
(0.55189 -4.38586e-17 7.23165e-17)
(0.557596 -7.94137e-17 1.13558e-16)
(0.557596 -4.33874e-17 7.39929e-17)
(0.56318 -8.08075e-17 1.14347e-16)
(0.56318 -4.41594e-17 7.51329e-17)
(0.568647 -8.24398e-17 1.15106e-16)
(0.568647 -4.53293e-17 7.63546e-17)
(0.574003 -8.38543e-17 1.15925e-16)
(0.574003 -4.56049e-17 7.75999e-17)
(0.579253 -8.4968e-17 1.16899e-16)
(0.579253 -4.65409e-17 7.89036e-17)
(0.584404 -8.58633e-17 1.17848e-16)
(0.584404 -4.71104e-17 8.02507e-17)
(0.589458 -8.65811e-17 1.18915e-16)
(0.589458 -4.76212e-17 8.16598e-17)
(0.594422 -8.81761e-17 1.2002e-16)
(0.594422 -4.83072e-17 8.31518e-17)
(0.599298 -9.00874e-17 1.21143e-16)
(0.599298 -4.94648e-17 8.47003e-17)
(0.604091 -8.98379e-17 1.22299e-16)
(0.604091 -5.16017e-17 8.62346e-17)
(0.608805 -8.97176e-17 1.23682e-16)
(0.608805 -5.27268e-17 8.77488e-17)
(0.613443 -9.08919e-17 1.25124e-16)
(0.613443 -5.27993e-17 8.93868e-17)
(0.618008 -9.20048e-17 1.26591e-16)
(0.618008 -5.22502e-17 9.11223e-17)
(0.622504 -9.31295e-17 1.28091e-16)
(0.622504 -5.32214e-17 9.29088e-17)
(0.626933 -9.439e-17 1.2958e-16)
(0.626933 -5.43125e-17 9.47183e-17)
(0.631299 -9.58851e-17 1.31294e-16)
(0.631299 -5.4341e-17 9.6598e-17)
(0.635602 -9.78457e-17 1.32913e-16)
(0.635602 -5.56219e-17 9.86086e-17)
(0.639848 -9.97261e-17 1.34435e-16)
(0.639848 -5.77186e-17 1.00689e-16)
(0.644036 -1.00701e-16 1.35983e-16)
(0.644036 -5.908e-17 1.02726e-16)
(0.648171 -1.01775e-16 1.37913e-16)
(0.648171 -5.97685e-17 1.04644e-16)
(0.652253 -1.02734e-16 1.39959e-16)
(0.652253 -6.11204e-17 1.06706e-16)
(0.656285 -1.03359e-16 1.42003e-16)
(0.656285 -6.14947e-17 1.08915e-16)
(0.660269 -1.0502e-16 1.44042e-16)
(0.660269 -6.25037e-17 1.10993e-16)
(0.664207 -1.0653e-16 1.45998e-16)
(0.664207 -6.40618e-17 1.13311e-16)
(0.6681 -1.07103e-16 1.48073e-16)
(0.6681 -6.47866e-17 1.15805e-16)
(0.671949 -1.07455e-16 1.50551e-16)
(0.671949 -6.38311e-17 1.1829e-16)
(0.675757 -1.08891e-16 1.53491e-16)
(0.675757 -6.60791e-17 1.20781e-16)
(0.679526 -1.09966e-16 1.56043e-16)
(0.679526 -6.94312e-17 1.23112e-16)
(0.683255 -1.10885e-16 1.58593e-16)
(0.683255 -6.81462e-17 1.25365e-16)
(0.686947 -1.11947e-16 1.61466e-16)
(0.686947 -6.89855e-17 1.27597e-16)
(0.690604 -1.13109e-16 1.64622e-16)
(0.690604 -7.014e-17 1.29672e-16)
(0.694225 -1.14899e-16 1.67866e-16)
(0.694225 -7.13005e-17 1.3187e-16)
(0.697813 -1.15249e-16 1.70935e-16)
(0.697813 -7.34217e-17 1.33773e-16)
(0.701369 -1.1633e-16 1.7398e-16)
(0.701369 -7.41184e-17 1.35396e-16)
(0.704893 -1.18259e-16 1.77399e-16)
(0.704893 -7.37719e-17 1.36981e-16)
(0.708387 -1.16619e-16 1.81091e-16)
(0.708387 -7.48265e-17 1.38531e-16)
(0.711851 -1.12535e-16 1.8493e-16)
(0.711851 -7.48615e-17 1.4021e-16)
(0.715287 -1.097e-16 1.8926e-16)
(0.715287 -7.57257e-17 1.41898e-16)
(0.718696 -1.11955e-16 1.93857e-16)
(0.718696 -7.84975e-17 1.43528e-16)
(0.722078 -1.16116e-16 1.9836e-16)
(0.722078 -8.09521e-17 1.44924e-16)
(0.725434 -1.16875e-16 2.02922e-16)
(0.725434 -8.19365e-17 1.4633e-16)
(0.728765 -1.17813e-16 2.08239e-16)
(0.728765 -8.48425e-17 1.47929e-16)
(0.732072 -1.20026e-16 2.13674e-16)
(0.732072 -8.9642e-17 1.49193e-16)
(0.735356 -1.21839e-16 2.19151e-16)
(0.735356 -8.92201e-17 1.50454e-16)
(0.738616 -1.23479e-16 2.24958e-16)
(0.738616 -8.78439e-17 1.51582e-16)
(0.741855 -1.24554e-16 2.31034e-16)
(0.741855 -8.99423e-17 1.52854e-16)
(0.745072 -1.27291e-16 2.37062e-16)
(0.745072 -8.8048e-17 1.53998e-16)
(0.748269 -1.2947e-16 2.42813e-16)
(0.748269 -8.52898e-17 1.55104e-16)
(0.751445 -1.30523e-16 2.48686e-16)
(0.751445 -8.69279e-17 1.56471e-16)
(0.754602 -1.33898e-16 2.54488e-16)
(0.754602 -8.49164e-17 1.57578e-16)
(0.757739 -1.36441e-16 2.60942e-16)
(0.757739 -8.31899e-17 1.584e-16)
(0.760859 -1.3666e-16 2.67331e-16)
(0.760859 -8.49686e-17 1.5895e-16)
(0.76396 -1.35511e-16 2.73267e-16)
(0.76396 -8.39639e-17 1.59216e-16)
(0.767044 -1.35189e-16 2.79978e-16)
(0.767044 -8.28915e-17 1.59512e-16)
(0.770111 -1.38283e-16 2.87449e-16)
(0.770111 -8.44931e-17 1.59634e-16)
(0.773161 -1.41906e-16 2.94486e-16)
(0.773161 -8.21896e-17 1.5993e-16)
(0.776196 -1.43117e-16 3.01131e-16)
(0.776196 -7.89075e-17 1.60095e-16)
(0.779215 -1.45006e-16 3.08145e-16)
(0.779215 -7.62086e-17 1.59859e-16)
(0.782218 -1.47283e-16 3.15709e-16)
(0.782218 -7.46241e-17 1.59733e-16)
(0.785208 -1.47336e-16 3.22425e-16)
(0.785208 -7.20811e-17 1.58717e-16)
(0.788182 -1.47275e-16 3.29879e-16)
(0.788182 -6.72884e-17 1.58345e-16)
(0.791143 -1.47269e-16 3.36639e-16)
(0.791143 -6.64599e-17 1.57845e-16)
(0.79409 -1.46447e-16 3.44416e-16)
(0.79409 -6.79041e-17 1.57606e-16)
(0.797024 -1.46914e-16 3.5251e-16)
(0.797024 -6.72409e-17 1.5699e-16)
(0.799945 -1.43523e-16 3.59924e-16)
(0.799945 -6.53233e-17 1.55801e-16)
(0.802854 -1.39295e-16 3.6723e-16)
(0.802854 -6.37895e-17 1.56155e-16)
(0.80575 -1.44775e-16 3.69691e-16)
(0.80575 -6.96759e-17 1.56354e-16)
(0.808635 -1.49986e-16 3.71825e-16)
(0.808635 -7.65498e-17 1.55461e-16)
(0.811507 -1.48632e-16 3.73667e-16)
(0.811507 -7.90408e-17 1.54101e-16)
(0.814369 -1.4546e-16 3.76033e-16)
(0.814369 -7.91498e-17 1.52868e-16)
(0.817219 -1.41324e-16 3.80176e-16)
(0.817219 -7.71559e-17 1.5199e-16)
(0.820059 -1.39543e-16 3.83696e-16)
(0.820059 -7.34472e-17 1.50411e-16)
(0.822889 -1.41473e-16 3.85926e-16)
(0.822889 -7.04021e-17 1.48633e-16)
(0.825708 -1.45158e-16 3.88013e-16)
(0.825708 -6.77066e-17 1.4711e-16)
(0.828517 -1.49087e-16 3.90262e-16)
(0.828517 -6.83941e-17 1.45484e-16)
(0.831316 -1.50699e-16 3.92876e-16)
(0.831316 -7.04483e-17 1.43783e-16)
(0.834106 -1.51057e-16 3.96703e-16)
(0.834106 -6.7341e-17 1.41825e-16)
(0.836886 -1.50289e-16 3.99967e-16)
(0.836886 -6.7884e-17 1.38136e-16)
(0.839658 -1.48726e-16 4.03111e-16)
(0.839658 -6.81471e-17 1.34259e-16)
(0.84242 -1.46715e-16 4.0413e-16)
(0.84242 -6.92271e-17 1.31624e-16)
(0.845174 -1.44129e-16 4.06786e-16)
(0.845174 -7.1694e-17 1.28518e-16)
(0.84792 -1.45057e-16 4.1039e-16)
(0.84792 -7.06377e-17 1.22541e-16)
(0.850657 -1.52027e-16 4.13267e-16)
(0.850657 -7.28069e-17 1.1636e-16)
(0.853386 -1.58816e-16 4.15814e-16)
(0.853386 -7.56877e-17 1.11688e-16)
(0.856107 -1.64804e-16 4.17531e-16)
(0.856107 -7.58412e-17 1.07167e-16)
(0.858821 -1.70466e-16 4.18771e-16)
(0.858821 -7.63289e-17 1.00343e-16)
(0.861526 -1.69563e-16 4.20363e-16)
(0.861526 -7.55369e-17 9.50388e-17)
(0.864225 -1.69061e-16 4.21814e-16)
(0.864225 -7.877e-17 9.06822e-17)
(0.866916 -1.75392e-16 4.21707e-16)
(0.866916 -8.86865e-17 8.47723e-17)
(0.8696 -1.81125e-16 4.21926e-16)
(0.8696 -9.08246e-17 7.62626e-17)
(0.872277 -1.80209e-16 4.23629e-16)
(0.872277 -9.27027e-17 6.86402e-17)
(0.874947 -1.78602e-16 4.2491e-16)
(0.874947 -9.76499e-17 6.32375e-17)
(0.87761 -1.81756e-16 4.2417e-16)
(0.87761 -9.43055e-17 6.35716e-17)
(0.880267 -1.85178e-16 4.20313e-16)
(0.880267 -9.48442e-17 6.52918e-17)
(0.882917 -1.8408e-16 4.17929e-16)
(0.882917 -1.0054e-16 6.67923e-17)
(0.885561 -1.90067e-16 4.16478e-16)
(0.885561 -1.04682e-16 6.96947e-17)
(0.888198 -1.93827e-16 4.14054e-16)
(0.888198 -1.08851e-16 7.16088e-17)
(0.89083 -1.91542e-16 4.13115e-16)
(0.89083 -1.08047e-16 7.15202e-17)
(0.893455 -1.93821e-16 4.11281e-16)
(0.893455 -1.20416e-16 7.09724e-17)
(0.896074 -1.97627e-16 4.09584e-16)
(0.896074 -1.29217e-16 6.7627e-17)
(0.898687 -1.96505e-16 4.05595e-16)
(0.898687 -1.17795e-16 6.93998e-17)
(0.901295 -1.92952e-16 4.05612e-16)
(0.901295 -1.19263e-16 6.89872e-17)
(0.903897 -1.89628e-16 4.03287e-16)
(0.903897 -1.22022e-16 6.99501e-17)
(0.906493 -1.87838e-16 4.02587e-16)
(0.906493 -1.28144e-16 6.72739e-17)
(0.909083 -1.90888e-16 4.00472e-16)
(0.909083 -1.41043e-16 6.76481e-17)
(0.911668 -1.97968e-16 4.00114e-16)
(0.911668 -1.38337e-16 7.05325e-17)
(0.914248 -2.03064e-16 4.01453e-16)
(0.914248 -1.36365e-16 7.19136e-17)
(0.916822 -2.13042e-16 4.03088e-16)
(0.916822 -1.40283e-16 7.61887e-17)
(0.91939 -2.23814e-16 3.98181e-16)
(0.91939 -1.30278e-16 8.23724e-17)
(0.921953 -2.19043e-16 3.9346e-16)
(0.921953 -1.25355e-16 8.7226e-17)
(0.924511 -2.09841e-16 3.89407e-16)
(0.924511 -1.37806e-16 8.76192e-17)
(0.927064 -2.05274e-16 3.8368e-16)
(0.927064 -1.46625e-16 9.00536e-17)
(0.929611 -2.0427e-16 3.7962e-16)
(0.929611 -1.43104e-16 9.71331e-17)
(0.932153 -2.04759e-16 3.79381e-16)
(0.932153 -1.52973e-16 1.0086e-16)
(0.93469 -2.08886e-16 3.78043e-16)
(0.93469 -1.6054e-16 1.12497e-16)
(0.937221 -2.15552e-16 3.80843e-16)
(0.937221 -1.62303e-16 1.20607e-16)
(0.939747 -2.16032e-16 3.78706e-16)
(0.939747 -1.79474e-16 1.25505e-16)
(0.942268 -2.18688e-16 3.75211e-16)
(0.942268 -1.8492e-16 1.34145e-16)
(0.944784 -2.36679e-16 3.76388e-16)
(0.944784 -1.86392e-16 1.35791e-16)
(0.947295 -2.45738e-16 3.69067e-16)
(0.947295 -2.01713e-16 1.39781e-16)
(0.9498 -2.43281e-16 3.61581e-16)
(0.9498 -2.05362e-16 1.47719e-16)
(0.9523 -2.45019e-16 3.59032e-16)
(0.9523 -1.94693e-16 1.62173e-16)
(0.954795 -2.45624e-16 3.55172e-16)
(0.954795 -1.98533e-16 1.74419e-16)
(0.957284 -2.50503e-16 3.56535e-16)
(0.957284 -2.04341e-16 1.81572e-16)
(0.959768 -2.59817e-16 3.49003e-16)
(0.959768 -2.16774e-16 1.91615e-16)
(0.962246 -2.6472e-16 3.46865e-16)
(0.962246 -2.19719e-16 2.0012e-16)
(0.964719 -2.66939e-16 3.42794e-16)
(0.964719 -2.25317e-16 2.13836e-16)
(0.967186 -2.68861e-16 3.39673e-16)
(0.967186 -2.3125e-16 2.27365e-16)
(0.969648 -2.76078e-16 3.43359e-16)
(0.969648 -2.24615e-16 2.36862e-16)
(0.972103 -2.76639e-16 3.38881e-16)
(0.972103 -2.10083e-16 2.41401e-16)
(0.974553 -2.73609e-16 3.34037e-16)
(0.974553 -1.99229e-16 2.44636e-16)
(0.976997 -2.7148e-16 3.19335e-16)
(0.976997 -2.19519e-16 2.49083e-16)
(0.979435 -2.54486e-16 3.10245e-16)
(0.979435 -2.18128e-16 2.60047e-16)
(0.981867 -2.33844e-16 3.04371e-16)
(0.981867 -2.03256e-16 2.85891e-16)
(0.984292 -2.32307e-16 3.14987e-16)
(0.984292 -2.17143e-16 2.88545e-16)
(0.986711 -2.40912e-16 3.14238e-16)
(0.986711 -2.23054e-16 2.96674e-16)
(0.989124 -2.47747e-16 3.18626e-16)
(0.989124 -2.16785e-16 3.03199e-16)
(0.991529 -2.44805e-16 3.15283e-16)
(0.991529 -2.29355e-16 3.11521e-16)
(0.993928 -2.41699e-16 3.159e-16)
(0.993928 -2.43201e-16 3.18002e-16)
(0.99632 -2.505e-16 3.12375e-16)
(0.99632 -2.39723e-16 3.25848e-16)
(0.998704 -2.69151e-16 3.18708e-16)
(0.998704 -2.45488e-16 3.26862e-16)
(1.00108 -2.80376e-16 3.22117e-16)
(1.00108 -2.40173e-16 3.27569e-16)
(1.00345 -2.78562e-16 3.28427e-16)
(1.00345 -2.50282e-16 3.34275e-16)
(1.00581 -2.81251e-16 3.30658e-16)
(1.00581 -2.69229e-16 3.59406e-16)
(1.00816 -2.82654e-16 3.33243e-16)
(1.00816 -2.55e-16 3.60168e-16)
(1.01051 -2.82697e-16 3.39581e-16)
(1.01051 -2.63497e-16 3.58067e-16)
(1.01285 -2.65068e-16 3.34258e-16)
(1.01285 -2.54322e-16 3.46234e-16)
(1.01517 -2.55165e-16 3.38885e-16)
(1.01517 -2.19999e-16 3.39341e-16)
(1.01749 -2.58053e-16 3.40564e-16)
(1.01749 -2.2297e-16 3.38652e-16)
(1.0198 -2.59189e-16 3.39529e-16)
(1.0198 -2.51365e-16 3.46973e-16)
(1.0221 -2.66836e-16 3.33117e-16)
(1.0221 -2.49392e-16 3.61906e-16)
(1.02438 -2.77158e-16 3.40308e-16)
(1.02438 -2.6408e-16 3.61877e-16)
(1.02666 -2.90208e-16 3.35663e-16)
(1.02666 -2.93284e-16 3.54415e-16)
(1.02893 -2.99506e-16 3.54072e-16)
(1.02893 -2.85919e-16 3.65469e-16)
(1.03118 -3.03538e-16 3.52456e-16)
(1.03118 -3.01483e-16 3.37871e-16)
(1.03342 -3.15916e-16 3.72526e-16)
(1.03342 -3.17402e-16 3.21992e-16)
(1.03565 -3.2064e-16 3.62298e-16)
(1.03565 -3.05628e-16 3.36101e-16)
(1.03787 -3.1614e-16 3.50168e-16)
(1.03787 -3.03355e-16 3.50132e-16)
(1.04007 -3.28918e-16 3.44585e-16)
(1.04007 -3.28619e-16 3.36932e-16)
(1.04226 -3.40779e-16 3.4901e-16)
(1.04226 -3.31786e-16 3.06519e-16)
(1.04444 -3.4081e-16 3.09794e-16)
(1.04444 -3.16172e-16 3.0499e-16)
(1.0466 -3.30894e-16 3.36177e-16)
(1.0466 -3.23886e-16 3.21683e-16)
(1.04874 -3.30768e-16 3.2382e-16)
(1.04874 -2.97986e-16 3.29458e-16)
(1.05086 -3.46353e-16 3.49623e-16)
(1.05086 -2.92721e-16 3.35355e-16)
(1.05297 -3.43856e-16 3.78597e-16)
(1.05297 -3.1979e-16 3.39238e-16)
(1.05506 -2.30468e-16 3.25228e-16)
(1.05506 -3.5104e-16 3.34912e-16)
(1.05713 -3.49307e-16 3.29295e-16)
(1.05713 -3.43925e-16 3.08731e-16)
(1.05918 -3.38736e-16 3.664e-16)
(1.05918 -3.43682e-16 3.06831e-16)
(1.06121 -3.14916e-16 3.46397e-16)
(1.06121 -3.35433e-16 3.55659e-16)
(1.06321 -3.32087e-16 3.03897e-16)
(1.06321 -3.24157e-16 3.60266e-16)
(1.06519 -3.33259e-16 3.21422e-16)
(1.06519 -2.75708e-16 3.25246e-16)
(1.06715 -3.22377e-16 3.36025e-16)
(1.06715 -3.42589e-16 3.26906e-16)
(1.06908 -2.69871e-16 2.9423e-16)
(1.06908 -2.57009e-16 3.14267e-16)
(1.07098 -2.85528e-16 2.78823e-16)
(1.07098 -2.23021e-16 3.05574e-16)
(1.07285 -3.06911e-16 3.00696e-16)
(1.07285 -2.54245e-16 3.42889e-16)
(1.0747 -2.53206e-16 2.53676e-16)
(1.0747 -2.52864e-16 4.09623e-16)
(1.0765 -2.66858e-16 2.85523e-16)
(1.0765 -2.90165e-16 3.73826e-16)
(1.07828 -2.28672e-16 2.85736e-16)
(1.07828 -3.0682e-16 3.90002e-16)
(1.08001 -2.2965e-16 2.88045e-16)
(1.08001 -2.75627e-16 3.95566e-16)
(1.08171 -2.20418e-16 2.98189e-16)
(1.08171 -2.54571e-16 3.45639e-16)
(1.08337 -2.32821e-16 2.85534e-16)
(1.08337 -2.25181e-16 3.24802e-16)
(1.08498 -1.93597e-16 3.34574e-16)
(1.08498 -1.99003e-16 3.03282e-16)
(1.08654 -1.99002e-16 3.5561e-16)
(1.08654 -1.95237e-16 3.36377e-16)
(1.08806 -1.5088e-16 3.60175e-16)
(1.08806 -1.97535e-16 2.97889e-16)
(1.08952 -1.43269e-16 3.87772e-16)
(1.08952 -2.23992e-16 2.31031e-16)
(1.09092 -1.54883e-16 4.52823e-16)
(1.09092 -2.22309e-16 1.72569e-16)
(1.09226 -1.62792e-16 4.16994e-16)
(1.09226 -2.30726e-16 1.6514e-16)
(1.09354 -2.1199e-16 4.46598e-16)
(1.09354 -1.81511e-16 1.01448e-16)
(1.09474 -2.56724e-16 4.14566e-16)
(1.09474 -1.76314e-16 1.03406e-16)
(1.09587 -2.5196e-16 3.56245e-16)
(1.09587 -2.42082e-16 1.24534e-16)
(1.09692 -2.65322e-16 2.4386e-16)
(1.09692 -2.26737e-16 1.54544e-16)
(1.09788 -2.83532e-16 1.03561e-16)
(1.09788 -2.0171e-16 1.13727e-16)
(1.09875 -2.66104e-16 7.14099e-17)
(1.09875 -2.22706e-16 1.28851e-16)
(1.09951 -2.50328e-16 8.68775e-17)
(1.09951 -3.04288e-16 1.03615e-16)
(1.10017 -2.49051e-16 1.03096e-16)
(1.10017 -2.94286e-16 1.10199e-16)
(1.10071 -2.41603e-16 1.37789e-16)
(1.10071 -2.64695e-16 1.34072e-16)
(1.10113 -2.5031e-16 1.05071e-16)
(1.10113 -2.7043e-16 9.08359e-17)
(1.10142 -2.26786e-16 1.17322e-16)
(1.10142 -3.00565e-16 7.9813e-17)
(1.10157 -2.46971e-16 1.01006e-16)
(1.10157 -2.67797e-16 9.06108e-17)
(1.10157 -3.08231e-16 -1.61335e-16)
(1.10157 -3.77772e-16 -1.49673e-16)
(1.10142 -4.0581e-16 -1.74455e-16)
(1.10142 -3.81896e-16 -1.32656e-16)
(1.10113 -3.48446e-16 -9.89775e-17)
(1.10113 -3.70638e-16 -9.8593e-17)
(1.10071 -3.27426e-16 -1.17625e-16)
(1.10071 -3.70764e-16 -8.26233e-17)
(1.10017 -3.25861e-16 -1.13379e-16)
(1.10017 -3.04734e-16 -1.05698e-16)
(1.09951 -3.44371e-16 -1.26669e-16)
(1.09951 -3.07384e-16 -1.55242e-16)
(1.09875 -3.34392e-16 -1.14478e-16)
(1.09875 -2.7903e-16 -4.56639e-17)
(1.09788 -3.57171e-16 -8.59112e-17)
(1.09788 -2.92689e-16 -6.10938e-17)
(1.09692 -3.45256e-16 -5.44399e-17)
(1.09692 -3.31064e-16 -1.01403e-16)
(1.09587 -2.66681e-16 -8.46715e-17)
(1.09587 -3.5278e-16 -1.69057e-16)
(1.09474 -3.35225e-16 -8.85327e-17)
(1.09474 -3.63971e-16 -1.8997e-16)
(1.09354 -3.62533e-16 -1.63941e-16)
(1.09354 -3.30595e-16 -1.88735e-16)
(1.09226 -3.25834e-16 -1.49534e-16)
(1.09226 -2.95936e-16 -1.44767e-16)
(1.09092 -3.09362e-16 -6.19853e-17)
(1.09092 -3.02038e-16 -9.352e-17)
(1.08952 -2.68005e-16 -5.98345e-17)
(1.08952 -3.05469e-16 -7.86554e-17)
(1.08806 -2.84516e-16 -8.67725e-17)
(1.08806 -2.87516e-16 -7.92175e-17)
(1.08654 -2.97801e-16 -1.04782e-16)
(1.08654 -2.64117e-16 -1.14811e-16)
(1.08498 -2.61628e-16 -7.11023e-17)
(1.08498 -2.90774e-16 -9.38258e-17)
(1.08337 -2.42982e-16 -6.03971e-17)
(1.08337 -2.99564e-16 -1.01524e-16)
(1.08171 -2.3163e-16 -7.30666e-17)
(1.08171 -2.15034e-16 -5.08071e-17)
(1.08001 -2.40253e-16 -7.96305e-17)
(1.08001 -2.07513e-16 -3.97919e-17)
(1.07828 -2.30838e-16 -4.63319e-17)
(1.07828 -2.39308e-16 -4.45231e-17)
(1.0765 -1.97002e-16 -3.38336e-17)
(1.0765 -2.11906e-16 -5.57561e-17)
(1.0747 -1.71373e-16 -7.73184e-17)
(1.0747 -1.77852e-16 -8.72823e-17)
(1.07285 -2.02063e-16 -6.20949e-17)
(1.07285 -1.82956e-16 -5.80385e-17)
(1.07098 -1.84934e-16 -3.11853e-17)
(1.07098 -1.74325e-16 -6.89625e-17)
(1.06908 -1.72771e-16 -5.16185e-17)
(1.06908 -1.73848e-16 -5.46499e-17)
(1.06715 -1.50446e-16 -5.99106e-17)
(1.06715 -2.11949e-16 -6.50546e-17)
(1.06519 -1.82923e-16 -6.29292e-17)
(1.06519 -2.32168e-16 -6.61525e-17)
(1.06321 -1.76995e-16 -5.84454e-17)
(1.06321 -2.26125e-16 -5.4172e-17)
(1.06121 -1.85504e-16 -1.07918e-16)
(1.06121 -2.05568e-16 -6.27657e-17)
(1.05918 -2.06752e-16 -8.34722e-17)
(1.05918 -1.97041e-16 -6.10756e-17)
(1.05713 -1.77914e-16 -7.855e-17)
(1.05713 -1.85843e-16 -4.89426e-17)
(1.05506 -1.53586e-16 -9.75832e-17)
(1.05506 -1.38224e-16 -4.21955e-17)
(1.05297 -1.99204e-16 -7.46674e-17)
(1.05297 -1.69283e-16 -6.19173e-17)
(1.05086 -1.89658e-16 -7.46603e-17)
(1.05086 -1.91491e-16 -5.00249e-17)
(1.04874 -1.8309e-16 -6.35524e-17)
(1.04874 -1.84407e-16 -3.96381e-17)
(1.0466 -1.83359e-16 -5.85981e-17)
(1.0466 -1.65133e-16 -4.81404e-17)
(1.04444 -1.90399e-16 -6.2046e-17)
(1.04444 -1.50117e-16 -5.08084e-17)
(1.04226 -1.68996e-16 -4.77673e-17)
(1.04226 -1.62864e-16 -5.20933e-17)
(1.04007 -1.46102e-16 -3.75997e-17)
(1.04007 -1.78784e-16 -5.54217e-17)
(1.03787 -1.36186e-16 -4.32232e-17)
(1.03787 -1.60593e-16 -4.57197e-17)
(1.03565 -1.26454e-16 -4.57647e-17)
(1.03565 -1.60842e-16 -3.36997e-17)
(1.03342 -1.5315e-16 -5.55337e-17)
(1.03342 -1.43552e-16 -4.51045e-17)
(1.03118 -1.2912e-16 -5.6306e-17)
(1.03118 -1.22912e-16 -2.8366e-17)
(1.02893 -1.25653e-16 -3.297e-17)
(1.02893 -1.01405e-16 -2.77901e-17)
(1.02666 -1.1254e-16 -3.16088e-17)
(1.02666 -1.02103e-16 -3.07656e-17)
(1.02438 -1.11516e-16 -3.53042e-17)
(1.02438 -1.14174e-16 -3.06571e-17)
(1.0221 -1.02853e-16 -3.27274e-17)
(1.0221 -1.04284e-16 -3.0819e-17)
(1.0198 -9.85053e-17 -2.715e-17)
(1.0198 -1.14626e-16 -5.48505e-17)
(1.01749 -9.86596e-17 -3.16313e-17)
(1.01749 -1.30805e-16 -4.2066e-17)
(1.01517 -1.01464e-16 -4.55297e-17)
(1.01517 -1.09804e-16 -3.29131e-17)
(1.01285 -9.82933e-17 -5.12896e-17)
(1.01285 -7.57235e-17 -2.13233e-17)
(1.01051 -9.25582e-17 -3.59975e-17)
(1.01051 -1.00095e-16 -2.61278e-17)
(1.00817 -7.77495e-17 -2.36981e-17)
(1.00817 -7.33228e-17 -2.26909e-17)
(1.00581 -7.42416e-17 -2.52103e-17)
(1.00581 -8.9199e-17 -4.01965e-17)
(1.00345 -7.43572e-17 -5.59526e-17)
(1.00345 -9.07075e-17 -4.0885e-17)
(1.00108 -7.08252e-17 -6.21116e-17)
(1.00108 -7.32691e-17 -2.95823e-17)
(0.998704 -7.09233e-17 -4.60095e-17)
(0.998704 -4.57006e-17 -2.39488e-17)
(0.99632 -6.46521e-17 -2.3612e-17)
(0.99632 -5.94669e-17 -2.38488e-17)
(0.993928 -5.76563e-17 -1.88993e-17)
(0.993928 -4.77729e-17 -2.7538e-17)
(0.991529 -5.62654e-17 -2.20828e-17)
(0.991529 -4.45702e-17 -3.6413e-17)
(0.989124 -5.76946e-17 -2.0828e-17)
(0.989124 -5.71143e-17 -4.35587e-17)
(0.986711 -6.2331e-17 -1.86936e-17)
(0.986711 -6.80735e-17 -4.94824e-17)
(0.984292 -6.10571e-17 -1.49352e-17)
(0.984292 -6.54763e-17 -5.63508e-17)
(0.981867 -5.94809e-17 -2.4617e-17)
(0.981867 -4.5665e-17 -6.42698e-17)
(0.979435 -5.49913e-17 -2.0986e-17)
(0.979435 -2.84966e-17 -8.09727e-17)
(0.976997 -5.7061e-17 -1.9032e-17)
(0.976997 -3.67137e-17 -8.14476e-17)
(0.974553 -5.27231e-17 -1.43938e-17)
(0.974553 -6.00122e-17 -7.7517e-17)
(0.972103 -4.21531e-17 -1.32199e-17)
(0.972103 -5.87213e-17 -6.92206e-17)
(0.969648 -3.29293e-17 -1.62572e-17)
(0.969648 -5.27201e-17 -5.67859e-17)
(0.967186 -3.47089e-17 -1.88009e-17)
(0.967186 -4.74162e-17 -4.97247e-17)
(0.964719 -4.5112e-17 -2.89051e-17)
(0.964719 -3.89498e-17 -4.01692e-17)
(0.962246 -4.82555e-17 -2.73294e-17)
(0.962246 -4.48416e-17 -4.52373e-17)
(0.959768 -4.93473e-17 -2.53301e-17)
(0.959768 -5.24362e-17 -4.3064e-17)
(0.957284 -4.48702e-17 -2.55197e-17)
(0.957284 -5.03489e-17 -3.41694e-17)
(0.954795 -4.45399e-17 -2.89405e-17)
(0.954795 -4.07767e-17 -2.53605e-17)
(0.9523 -5.1641e-17 -2.33787e-17)
(0.9523 -5.04469e-17 -2.11846e-17)
(0.9498 -4.87043e-17 -1.29982e-17)
(0.9498 -3.63138e-17 -1.76571e-17)
(0.947295 -4.01709e-17 -1.3206e-17)
(0.947295 -4.1355e-17 -2.27281e-17)
(0.944784 -4.21526e-17 -2.21889e-17)
(0.944784 -6.13786e-17 -2.22826e-17)
(0.942268 -4.73196e-17 -2.84111e-17)
(0.942268 -5.83433e-17 -1.6812e-17)
(0.939747 -5.18475e-17 -2.60277e-17)
(0.939747 -4.94216e-17 -1.24094e-17)
(0.937221 -4.64831e-17 -2.43087e-17)
(0.937221 -4.5639e-17 -7.9343e-18)
(0.93469 -5.98942e-17 -1.99855e-17)
(0.93469 -4.09893e-17 -6.81856e-18)
(0.932153 -5.76776e-17 -1.55984e-17)
(0.932153 -4.37759e-17 -4.95363e-18)
(0.929611 -4.86451e-17 -1.28076e-17)
(0.929611 -4.25053e-17 -2.87494e-18)
(0.927064 -4.37676e-17 -1.0163e-17)
(0.927064 -4.10893e-17 -5.61697e-18)
(0.924511 -3.49993e-17 -1.26324e-17)
(0.924511 -4.59488e-17 -7.59723e-18)
(0.921953 -2.46097e-17 -1.36368e-17)
(0.921953 -5.12898e-17 -5.99405e-18)
(0.91939 -1.83815e-17 -1.46299e-17)
(0.91939 -4.70463e-17 -9.11135e-18)
(0.916822 -1.66867e-17 -2.0853e-17)
(0.916822 -2.04853e-17 -8.56911e-18)
(0.914248 -1.89569e-17 -2.08534e-17)
(0.914248 -4.18199e-17 -9.74639e-18)
(0.911668 -2.06009e-17 -1.48357e-17)
(0.911668 -2.65905e-17 -1.34246e-17)
(0.909083 -1.70649e-17 -1.26213e-17)
(0.909083 -2.65458e-17 -1.23391e-17)
(0.906493 -1.3427e-17 -1.14527e-17)
(0.906493 -2.07463e-17 -1.44835e-17)
(0.903897 -1.7193e-17 -8.6586e-18)
(0.903897 -1.86629e-17 -1.76805e-17)
(0.901295 -1.45541e-17 -6.96223e-18)
(0.901295 -1.83739e-17 -1.97867e-17)
(0.898688 -1.32915e-17 -4.42453e-18)
(0.898688 -1.50331e-17 -2.35061e-17)
(0.896074 -9.8223e-18 -1.51103e-18)
(0.896074 -2.81055e-17 -2.75341e-17)
(0.893455 -7.70789e-18 -1.68478e-18)
(0.893455 -3.02305e-17 -2.84874e-17)
(0.89083 -9.88353e-18 -2.00681e-18)
(0.89083 -2.50387e-17 -2.77654e-17)
(0.888198 -1.12969e-17 -1.599e-18)
(0.888198 -2.96079e-17 -2.45891e-17)
(0.885561 -1.01975e-17 -1.88534e-18)
(0.885561 -3.4805e-17 -2.27414e-17)
(0.882917 -9.0257e-18 -4.13062e-18)
(0.882917 -3.14657e-17 -2.15302e-17)
(0.880267 -9.23024e-18 -6.12913e-18)
(0.880267 -3.67956e-17 -2.14133e-17)
(0.87761 -9.36937e-18 -4.12489e-18)
(0.87761 -3.65271e-17 -1.97789e-17)
(0.874947 -8.78227e-18 -4.86311e-18)
(0.874947 -3.36848e-17 -1.98438e-17)
(0.872277 -8.26099e-18 -5.50392e-18)
(0.872277 -2.97976e-17 -2.03044e-17)
(0.8696 -7.22711e-18 -6.21984e-18)
(0.8696 -3.33737e-17 -1.97524e-17)
(0.866916 -4.24873e-18 -5.48886e-18)
(0.866916 -3.39741e-17 -2.00752e-17)
(0.864225 -3.95638e-18 -7.86045e-18)
(0.864225 -3.19893e-17 -1.99911e-17)
(0.861526 -4.05354e-18 -9.40196e-18)
(0.861526 -2.8926e-17 -2.02267e-17)
(0.858821 -1.28835e-18 -1.02623e-17)
(0.858821 -2.40021e-17 -2.04647e-17)
(0.856107 -5.32835e-18 -1.14412e-17)
(0.856107 -1.89517e-17 -1.94358e-17)
(0.853386 -8.73307e-18 -9.96895e-18)
(0.853386 -2.44604e-17 -1.90118e-17)
(0.850657 -3.75356e-18 -9.40403e-18)
(0.850657 -2.27291e-17 -1.78347e-17)
(0.84792 -1.46729e-19 -1.03817e-17)
(0.84792 -2.9984e-17 -1.56967e-17)
(0.845174 5.04964e-20 -1.27839e-17)
(0.845174 -2.70219e-17 -1.39642e-17)
(0.84242 -1.21406e-18 -1.51298e-17)
(0.84242 -1.69029e-17 -1.29424e-17)
(0.839658 1.08404e-18 -1.62183e-17)
(0.839658 -2.91728e-17 -1.26981e-17)
(0.836886 2.41462e-18 -1.77995e-17)
(0.836886 -2.85322e-17 -1.13842e-17)
(0.834106 -1.02848e-17 -1.88438e-17)
(0.834106 -2.5533e-17 -1.16138e-17)
(0.831316 -7.0814e-18 -1.95912e-17)
(0.831316 -2.08426e-17 -1.23065e-17)
(0.828517 -6.02624e-18 -2.04983e-17)
(0.828517 -1.60763e-17 -1.1988e-17)
(0.825708 -7.79324e-18 -2.02161e-17)
(0.825708 -2.22023e-17 -1.2283e-17)
(0.822889 -8.86719e-18 -1.85131e-17)
(0.822889 -1.87461e-17 -1.31218e-17)
(0.820059 -8.55406e-18 -1.74682e-17)
(0.820059 -1.71454e-17 -1.20779e-17)
(0.81722 -6.33322e-18 -1.72566e-17)
(0.81722 -1.92984e-17 -1.18062e-17)
(0.814369 -3.93468e-18 -1.72193e-17)
(0.814369 -2.52157e-17 -1.20177e-17)
(0.811507 -3.82013e-18 -1.61404e-17)
(0.811507 -1.78163e-17 -1.23105e-17)
(0.808635 -9.26807e-18 -1.50351e-17)
(0.808635 -1.4715e-17 -1.14313e-17)
(0.80575 -8.41151e-18 -1.45574e-17)
(0.80575 -1.7784e-17 -1.08438e-17)
(0.802854 -7.67387e-18 -1.34665e-17)
(0.802854 -2.32393e-17 -1.05988e-17)
(0.799945 -5.13071e-18 -1.27998e-17)
(0.799945 -2.31674e-17 -9.91489e-18)
(0.797024 -5.27505e-18 -1.25335e-17)
(0.797024 -1.81436e-17 -9.77261e-18)
(0.79409 -4.11394e-18 -1.2546e-17)
(0.79409 -1.46325e-17 -9.9499e-18)
(0.791143 -6.08855e-18 -1.25818e-17)
(0.791143 -1.57794e-17 -9.9034e-18)
(0.788182 -7.99951e-18 -1.17313e-17)
(0.788182 -1.24281e-17 -9.75342e-18)
(0.785208 -7.74087e-18 -1.0658e-17)
(0.785208 -1.53628e-17 -1.03502e-17)
(0.782219 -6.37423e-18 -9.50235e-18)
(0.782219 -1.43891e-17 -1.0872e-17)
(0.779215 -3.97982e-18 -9.2842e-18)
(0.779215 -1.52072e-17 -1.06406e-17)
(0.776196 -2.90264e-18 -9.12783e-18)
(0.776196 -1.41834e-17 -1.00997e-17)
(0.773161 -2.57016e-18 -9.05144e-18)
(0.773161 -1.55391e-17 -9.97663e-18)
(0.770111 -2.41472e-18 -9.25952e-18)
(0.770111 -1.71921e-17 -9.5623e-18)
(0.767044 -2.21145e-19 -8.83484e-18)
(0.767044 -1.73155e-17 -9.03393e-18)
(0.76396 1.81024e-18 -9.03771e-18)
(0.76396 -1.77911e-17 -8.86813e-18)
(0.760859 9.29622e-19 -9.33389e-18)
(0.760859 -1.63149e-17 -8.64735e-18)
(0.757739 1.12095e-18 -9.6018e-18)
(0.757739 -1.56113e-17 -8.58153e-18)
(0.754602 2.18568e-18 -9.88268e-18)
(0.754602 -1.55732e-17 -8.6621e-18)
(0.751445 2.72278e-18 -1.0224e-17)
(0.751445 -1.39775e-17 -8.66797e-18)
(0.748269 2.14739e-18 -9.94779e-18)
(0.748269 -1.32478e-17 -8.81154e-18)
(0.745072 2.78804e-18 -9.66353e-18)
(0.745072 -1.39474e-17 -8.91638e-18)
(0.741855 4.10138e-18 -9.48161e-18)
(0.741855 -1.37553e-17 -8.87688e-18)
(0.738616 3.68725e-18 -9.41321e-18)
(0.738616 -1.40158e-17 -9.06116e-18)
(0.735356 5.64965e-18 -9.55791e-18)
(0.735356 -1.31239e-17 -9.21773e-18)
(0.732072 6.08832e-18 -9.90471e-18)
(0.732072 -1.39504e-17 -9.38172e-18)
(0.728765 4.14482e-18 -9.69547e-18)
(0.728765 -1.49824e-17 -9.6187e-18)
(0.725434 4.70882e-18 -9.40976e-18)
(0.725434 -1.29173e-17 -9.92514e-18)
(0.722078 5.23031e-18 -9.46573e-18)
(0.722078 -1.28804e-17 -1.05637e-17)
(0.718696 1.82864e-18 -9.49248e-18)
(0.718696 -1.4516e-17 -1.11645e-17)
(0.715287 1.69537e-18 -9.39866e-18)
(0.715287 -1.45231e-17 -1.14836e-17)
(0.711851 1.77949e-18 -9.14957e-18)
(0.711851 -1.40654e-17 -1.18367e-17)
(0.708387 5.41754e-19 -8.95878e-18)
(0.708387 -1.44201e-17 -1.20248e-17)
(0.704893 1.44494e-18 -8.9107e-18)
(0.704893 -1.29686e-17 -1.23569e-17)
(0.701369 2.18582e-18 -8.71332e-18)
(0.701369 -1.27464e-17 -1.25597e-17)
(0.697813 2.2332e-19 -8.34873e-18)
(0.697813 -1.09983e-17 -1.25743e-17)
(0.694225 1.60332e-18 -8.24702e-18)
(0.694225 -1.12029e-17 -1.26386e-17)
(0.690604 3.88703e-18 -8.40034e-18)
(0.690604 -1.37114e-17 -1.2674e-17)
(0.686947 3.44631e-18 -8.5012e-18)
(0.686947 -1.33411e-17 -1.23895e-17)
(0.683255 3.4694e-18 -8.68379e-18)
(0.683255 -1.37098e-17 -1.21079e-17)
(0.679526 4.98264e-18 -8.74586e-18)
(0.679526 -1.45648e-17 -1.19609e-17)
(0.675757 4.56229e-18 -8.84837e-18)
(0.675757 -1.43659e-17 -1.18251e-17)
(0.671949 3.60936e-18 -9.06442e-18)
(0.671949 -1.40186e-17 -1.18602e-17)
(0.6681 1.80044e-18 -9.2313e-18)
(0.6681 -1.3356e-17 -1.17718e-17)
(0.664207 1.33276e-18 -9.40311e-18)
(0.664207 -1.21895e-17 -1.16328e-17)
(0.660269 1.81e-18 -9.45089e-18)
(0.660269 -1.17841e-17 -1.15542e-17)
(0.656285 1.51435e-18 -9.46809e-18)
(0.656285 -1.08951e-17 -1.14723e-17)
(0.652253 -1.51668e-18 -9.50229e-18)
(0.652253 -1.12808e-17 -1.12934e-17)
(0.648171 -2.18835e-18 -9.42391e-18)
(0.648171 -9.7427e-18 -1.12204e-17)
(0.644036 -3.43475e-18 -9.37233e-18)
(0.644036 -8.05631e-18 -1.11985e-17)
(0.639848 -4.04001e-18 -9.3282e-18)
(0.639848 -7.78356e-18 -1.10443e-17)
(0.635602 -4.31221e-18 -9.08457e-18)
(0.635602 -6.88935e-18 -1.09099e-17)
(0.631299 -5.18586e-18 -8.96901e-18)
(0.631299 -6.61205e-18 -1.07774e-17)
(0.626933 -4.49496e-18 -9.04462e-18)
(0.626933 -6.798e-18 -1.065e-17)
(0.622504 -4.11181e-18 -9.00507e-18)
(0.622504 -5.96595e-18 -1.06531e-17)
(0.618009 -4.5001e-18 -8.94226e-18)
(0.618009 -6.00171e-18 -1.05774e-17)
(0.613443 -4.29331e-18 -8.98459e-18)
(0.613443 -4.69155e-18 -1.05059e-17)
(0.608805 -3.77917e-18 -9.01279e-18)
(0.608805 -5.58087e-18 -1.04134e-17)
(0.604091 -2.5246e-18 -8.96877e-18)
(0.604091 -4.10312e-18 -1.03686e-17)
(0.599298 -2.6331e-18 -8.89223e-18)
(0.599298 -3.3293e-18 -1.0433e-17)
(0.594422 -3.11439e-18 -8.88522e-18)
(0.594422 -3.83712e-18 -1.04283e-17)
(0.589458 -4.25717e-18 -8.89833e-18)
(0.589458 -4.28419e-18 -1.03254e-17)
(0.584404 -3.55308e-18 -8.85243e-18)
(0.584404 -2.89232e-18 -1.02309e-17)
(0.579253 -2.05507e-18 -8.84902e-18)
(0.579253 -3.20131e-18 -1.0195e-17)
(0.574003 -1.36854e-18 -8.94569e-18)
(0.574003 -2.98302e-18 -1.02505e-17)
(0.568647 -1.08533e-18 -8.99898e-18)
(0.568647 -2.52739e-18 -1.02877e-17)
(0.56318 -6.55624e-19 -9.07107e-18)
(0.56318 -1.866e-18 -1.03024e-17)
(0.557596 -1.54686e-18 -9.11563e-18)
(0.557596 -1.56009e-18 -1.03662e-17)
(0.55189 -2.82221e-18 -9.16042e-18)
(0.55189 -9.00773e-19 -1.04164e-17)
(0.546055 -3.06807e-18 -9.19295e-18)
(0.546055 -8.50274e-20 -1.04918e-17)
(0.540084 -3.04627e-18 -9.18568e-18)
(0.540084 -1.34612e-18 -1.05452e-17)
(0.533969 -4.17766e-18 -9.25241e-18)
(0.533969 -8.07209e-19 -1.05476e-17)
(0.527702 -3.25906e-18 -9.41023e-18)
(0.527702 -6.02594e-19 -1.05153e-17)
(0.521275 -2.8596e-18 -9.5331e-18)
(0.521275 -1.08822e-18 -1.05293e-17)
(0.514678 -2.22514e-18 -9.6467e-18)
(0.514678 -4.20567e-19 -1.05771e-17)
(0.507902 -2.5528e-18 -9.77261e-18)
(0.507902 -5.15705e-19 -1.0664e-17)
(0.500937 -2.04211e-18 -9.93043e-18)
(0.500937 -6.15723e-19 -1.07221e-17)
(0.49377 -2.00717e-18 -1.01179e-17)
(0.49377 -2.153e-19 -1.07647e-17)
(0.486391 -2.30903e-18 -1.02817e-17)
(0.486391 5.48294e-19 -1.08544e-17)
(0.478786 -2.31166e-18 -1.04188e-17)
(0.478786 8.46228e-20 -1.09877e-17)
(0.470941 -2.8575e-18 -1.05893e-17)
(0.470941 6.43382e-19 -1.11073e-17)
(0.462844 -3.00583e-18 -1.07898e-17)
(0.462844 7.39861e-19 -1.12241e-17)
(0.454477 -2.40997e-18 -1.09664e-17)
(0.454477 1.11165e-18 -1.13603e-17)
(0.445827 -2.01185e-18 -1.11493e-17)
(0.445827 1.61018e-18 -1.15294e-17)
(0.436876 -1.90581e-18 -1.13615e-17)
(0.436876 1.32131e-18 -1.17181e-17)
(0.427608 -1.87286e-18 -1.15735e-17)
(0.427608 1.63406e-18 -1.19315e-17)
(0.418006 -1.9434e-18 -1.17823e-17)
(0.418006 1.36071e-18 -1.21356e-17)
(0.408053 -1.88959e-18 -1.19868e-17)
(0.408053 1.58797e-18 -1.23362e-17)
(0.397735 -1.78037e-18 -1.21846e-17)
(0.397735 1.84982e-18 -1.25481e-17)
(0.387035 -1.66087e-18 -1.2402e-17)
(0.387035 1.61313e-18 -1.27689e-17)
(0.375942 -1.75683e-18 -1.26164e-17)
(0.375942 1.50733e-18 -1.3e-17)
(0.364447 -1.43883e-18 -1.28152e-17)
(0.364447 1.54766e-18 -1.32233e-17)
(0.352545 -1.39414e-18 -1.30125e-17)
(0.352545 1.53071e-18 -1.34384e-17)
(0.340238 -1.28604e-18 -1.32047e-17)
(0.340238 1.2985e-18 -1.36415e-17)
(0.327534 -1.19636e-18 -1.33647e-17)
(0.327534 1.11039e-18 -1.38104e-17)
(0.31445 -9.59395e-19 -1.34867e-17)
(0.31445 9.36697e-19 -1.39369e-17)
(0.301011 -6.76384e-19 -1.35792e-17)
(0.301011 7.23385e-19 -1.40199e-17)
(0.287256 -6.38757e-19 -1.3622e-17)
(0.287256 7.77159e-19 -1.406e-17)
(0.273228 -9.77387e-19 -1.36146e-17)
(0.273228 7.99257e-19 -1.40474e-17)
(0.258983 -8.58209e-19 -1.35449e-17)
(0.258983 6.52679e-19 -1.39637e-17)
(0.244582 -8.41888e-19 -1.34114e-17)
(0.244582 6.16521e-19 -1.38225e-17)
(0.230086 -7.44416e-19 -1.32221e-17)
(0.230086 6.15537e-19 -1.36293e-17)
(0.215559 -6.38314e-19 -1.29835e-17)
(0.215559 3.22051e-19 -1.33749e-17)
(0.201061 -5.84616e-19 -1.27004e-17)
(0.201061 2.64053e-19 -1.30717e-17)
(0.186645 -5.19103e-19 -1.23796e-17)
(0.186645 1.51148e-19 -1.27382e-17)
(0.172354 -5.3718e-19 -1.20334e-17)
(0.172354 5.95942e-20 -1.23771e-17)
(0.158226 -3.75088e-19 -1.16692e-17)
(0.158226 1.65131e-19 -1.19937e-17)
(0.144287 -3.59591e-19 -1.1292e-17)
(0.144287 1.79477e-19 -1.16024e-17)
(0.130556 -3.77789e-19 -1.09126e-17)
(0.130556 2.11959e-19 -1.12114e-17)
(0.117046 -3.96397e-19 -1.05362e-17)
(0.117046 1.21058e-19 -1.08219e-17)
(0.103764 -2.71338e-19 -1.01648e-17)
(0.103764 7.06164e-20 -1.04404e-17)
(0.090713 -2.42519e-19 -9.80251e-18)
(0.090713 4.47065e-20 -1.00668e-17)
(0.0778937 -1.73341e-19 -9.45099e-18)
(0.0778937 2.29664e-20 -9.70466e-18)
(0.0653043 -8.90147e-20 -9.11067e-18)
(0.0653043 -4.86574e-21 -9.3557e-18)
(0.0529422 -4.76131e-20 -8.78145e-18)
(0.0529422 -4.45245e-20 -9.01704e-18)
(0.0408038 -3.032e-20 -8.46472e-18)
(0.0408038 -4.7829e-20 -8.69041e-18)
(0.0288853 -1.64698e-20 -8.1584e-18)
(0.0288853 -9.29335e-21 -8.3752e-18)
(0.017183 -2.34362e-20 -7.86282e-18)
(0.017183 5.74536e-21 -8.07174e-18)
(0.00569299 -2.5074e-21 -1.97938e-18)
(0.00569299 1.0076e-21 -1.0203e-18)
(1.10157 -3.1626e-16 2.02082e-16)
(1.10157 -3.1073e-16 1.12128e-16)
(1.10142 -3.23441e-16 1.6478e-16)
(1.10142 -2.95919e-16 7.92985e-17)
(1.10113 -3.08043e-16 1.14329e-16)
(1.10113 -2.76988e-16 4.14585e-17)
(1.10071 -2.54564e-16 7.05088e-17)
(1.10071 -3.05067e-16 4.44849e-17)
(1.10017 -3.02715e-16 1.51269e-16)
(1.10017 -2.35232e-16 7.46684e-17)
(1.09951 -3.25398e-16 1.19484e-16)
(1.09951 -2.84752e-16 1.47267e-16)
(1.09875 -2.83836e-16 3.45621e-17)
(1.09875 -3.16472e-16 1.07739e-16)
(1.09788 -2.8243e-16 5.00586e-17)
(1.09788 -3.38133e-16 8.15103e-17)
(1.09692 -3.35292e-16 8.9774e-17)
(1.09692 -3.30591e-16 1.0902e-16)
(1.09587 -3.35742e-16 1.39976e-16)
(1.09587 -3.31836e-16 8.70174e-17)
(1.09474 -3.36918e-16 2.11363e-16)
(1.09474 -3.13657e-16 1.23041e-16)
(1.09354 -1.86501e-16 1.15867e-16)
(1.09354 -2.80505e-16 1.0978e-16)
(1.09226 -2.6345e-16 7.1256e-17)
(1.09226 -2.57826e-16 9.77556e-17)
(1.09092 -2.70363e-16 9.20373e-17)
(1.09092 -2.76441e-16 8.8385e-17)
(1.08952 -2.36327e-16 4.02357e-17)
(1.08952 -2.68623e-16 6.87649e-17)
(1.08806 -2.29915e-16 8.07489e-17)
(1.08806 -2.82689e-16 8.34424e-17)
(1.08654 -2.50773e-16 9.94035e-17)
(1.08654 -2.71052e-16 7.49979e-17)
(1.08498 -2.60423e-16 8.31314e-17)
(1.08498 -2.7129e-16 2.77797e-17)
(1.08337 -1.90408e-16 5.77971e-17)
(1.08337 -2.79508e-16 5.46259e-17)
(1.08171 -2.18774e-16 7.97644e-17)
(1.08171 -2.35074e-16 9.41073e-17)
(1.08001 -2.14576e-16 7.7521e-17)
(1.08001 -2.29419e-16 1.11521e-16)
(1.07828 -2.07205e-16 9.34789e-17)
(1.07828 -2.63603e-16 1.13911e-16)
(1.0765 -2.04816e-16 1.07e-16)
(1.0765 -2.38833e-16 1.29272e-16)
(1.0747 -1.78434e-16 1.53372e-16)
(1.0747 -1.7824e-16 9.52504e-17)
(1.07285 -2.81775e-16 1.20509e-16)
(1.07285 -2.14708e-16 7.43002e-17)
(1.07098 -2.52532e-16 4.8057e-17)
(1.07098 -2.03003e-16 7.53339e-17)
(1.06908 -2.20863e-16 6.35374e-17)
(1.06908 -2.07471e-16 3.60226e-17)
(1.06715 -2.22763e-16 7.38332e-17)
(1.06715 -2.08174e-16 2.21522e-17)
(1.06519 -2.06552e-16 9.26723e-17)
(1.06519 -2.29222e-16 5.02287e-17)
(1.06321 -1.9914e-16 1.25463e-16)
(1.06321 -2.14831e-16 6.94584e-17)
(1.06121 -1.27154e-16 7.73856e-17)
(1.06121 -1.93686e-16 5.98205e-17)
(1.05918 -1.42599e-16 5.39163e-17)
(1.05918 -2.17428e-16 3.48017e-17)
(1.05713 -1.01305e-16 7.53206e-17)
(1.05713 -2.00268e-16 3.66994e-17)
(1.05506 -1.25564e-16 4.21259e-17)
(1.05506 -1.53687e-16 6.54174e-17)
(1.05297 -1.27961e-16 6.54915e-17)
(1.05297 -1.48764e-16 6.92482e-17)
(1.05086 -8.45429e-17 7.79527e-17)
(1.05086 -1.56975e-16 8.02425e-17)
(1.04874 -1.30684e-16 7.23382e-17)
(1.04874 -1.54732e-16 5.88193e-17)
(1.0466 -1.34442e-16 7.27492e-17)
(1.0466 -1.26317e-16 8.68687e-17)
(1.04444 -1.15286e-16 9.01657e-17)
(1.04444 -1.15387e-16 9.52757e-17)
(1.04226 -9.4862e-17 9.79221e-17)
(1.04226 -1.10847e-16 7.9101e-17)
(1.04007 -7.98701e-17 9.36359e-17)
(1.04007 -1.29459e-16 8.16737e-17)
(1.03787 -8.47649e-17 1.10271e-16)
(1.03787 -1.05857e-16 6.95383e-17)
(1.03565 -1.10353e-16 1.04399e-16)
(1.03565 -8.54082e-17 4.03877e-17)
(1.03342 -1.14808e-16 1.02441e-16)
(1.03342 -1.35257e-16 2.74752e-17)
(1.03118 -1.29624e-16 5.24794e-17)
(1.03118 -8.18289e-17 3.62853e-17)
(1.02893 -1.11528e-16 3.84396e-17)
(1.02893 -9.52834e-17 4.18798e-17)
(1.02666 -7.26113e-17 7.25719e-17)
(1.02666 -8.50911e-17 2.90238e-17)
(1.02438 -5.25797e-17 7.36295e-17)
(1.02438 -8.98769e-17 1.97549e-17)
(1.0221 -8.30103e-17 7.49265e-17)
(1.0221 -8.2119e-17 3.68683e-17)
(1.0198 -7.16314e-17 1.0457e-16)
(1.0198 -1.07738e-16 2.09028e-17)
(1.01749 -7.73653e-17 8.77073e-17)
(1.01749 -7.0872e-17 1.68835e-17)
(1.01517 -8.65582e-17 8.68175e-17)
(1.01517 -3.16074e-17 2.52908e-17)
(1.01285 -8.00388e-17 6.9445e-17)
(1.01285 -4.78776e-17 3.88568e-17)
(1.01051 -7.49707e-17 5.35436e-17)
(1.01051 -7.9663e-17 3.81923e-17)
(1.00817 -7.55051e-17 6.18282e-17)
(1.00817 -9.50633e-17 4.11126e-17)
(1.00581 -7.42008e-17 7.09102e-17)
(1.00581 -1.04304e-16 4.85687e-17)
(1.00345 -7.29819e-17 9.60117e-17)
(1.00345 -1.0801e-16 4.22521e-17)
(1.00108 -1.15804e-16 9.30851e-17)
(1.00108 -7.69294e-17 2.86609e-17)
(0.998704 -1.35152e-16 6.35445e-17)
(0.998704 -6.07311e-17 2.71785e-17)
(0.99632 -1.13193e-16 4.88148e-17)
(0.99632 -8.16298e-17 1.84642e-17)
(0.993928 -8.7456e-17 4.10749e-17)
(0.993928 -9.10628e-17 2.58397e-17)
(0.991529 -7.32232e-17 5.08785e-17)
(0.991529 -1.01097e-16 2.72365e-17)
(0.989124 -5.34925e-17 5.56628e-17)
(0.989124 -9.56441e-17 3.1386e-17)
(0.986711 -8.18186e-17 5.57092e-17)
(0.986711 -9.02207e-17 2.44368e-17)
(0.984292 -8.46842e-17 5.68411e-17)
(0.984292 -7.20535e-17 3.53297e-17)
(0.981867 -7.46218e-17 6.24413e-17)
(0.981867 -7.28419e-17 4.55775e-17)
(0.979435 -6.24228e-17 7.28937e-17)
(0.979435 -8.40182e-17 4.10238e-17)
(0.976997 -5.72009e-17 7.20509e-17)
(0.976997 -7.56798e-17 3.96746e-17)
(0.974553 -5.83637e-17 7.00766e-17)
(0.974553 -7.62009e-17 3.68278e-17)
(0.972103 -6.77416e-17 6.29923e-17)
(0.972103 -6.92652e-17 3.19567e-17)
(0.969648 -6.84447e-17 5.07941e-17)
(0.969648 -5.82573e-17 3.39315e-17)
(0.967186 -6.82017e-17 4.4652e-17)
(0.967186 -5.69089e-17 2.74113e-17)
(0.964719 -6.5231e-17 3.93001e-17)
(0.964719 -6.18785e-17 2.80732e-17)
(0.962246 -5.91974e-17 4.67757e-17)
(0.962246 -4.65847e-17 2.35587e-17)
(0.959768 -5.76797e-17 4.74384e-17)
(0.959768 -6.26023e-17 2.21091e-17)
(0.957284 -6.09994e-17 4.16514e-17)
(0.957284 -5.52179e-17 2.09178e-17)
(0.954795 -6.54974e-17 3.54714e-17)
(0.954795 -4.40928e-17 1.81933e-17)
(0.9523 -6.08779e-17 3.06261e-17)
(0.9523 -6.18085e-17 1.62739e-17)
(0.9498 -5.63427e-17 2.71163e-17)
(0.9498 -6.16558e-17 1.91606e-17)
(0.947295 -5.79934e-17 3.38826e-17)
(0.947295 -4.85731e-17 2.23518e-17)
(0.944784 -5.53392e-17 3.97259e-17)
(0.944784 -4.33228e-17 1.97686e-17)
(0.942268 -4.91583e-17 3.96282e-17)
(0.942268 -6.35729e-17 1.80879e-17)
(0.939747 -5.32936e-17 3.86535e-17)
(0.939747 -5.54713e-17 1.75804e-17)
(0.937221 -5.58376e-17 3.35684e-17)
(0.937221 -4.67929e-17 1.52308e-17)
(0.93469 -5.34033e-17 2.6337e-17)
(0.93469 -4.05956e-17 1.1216e-17)
(0.932153 -4.6177e-17 2.37738e-17)
(0.932153 -4.22693e-17 6.32329e-18)
(0.929611 -5.38721e-17 2.13348e-17)
(0.929611 -4.9253e-17 8.87009e-18)
(0.927064 -5.27929e-17 2.26305e-17)
(0.927064 -5.91755e-17 9.75408e-18)
(0.924511 -4.88346e-17 2.32276e-17)
(0.924511 -5.43611e-17 1.08775e-17)
(0.921953 -4.01429e-17 2.3877e-17)
(0.921953 -5.55777e-17 1.15891e-17)
(0.91939 -3.86478e-17 2.55397e-17)
(0.91939 -5.91064e-17 1.14328e-17)
(0.916822 -3.82164e-17 2.61656e-17)
(0.916822 -6.53315e-17 1.45057e-17)
(0.914248 -4.11318e-17 2.87208e-17)
(0.914248 -5.72078e-17 1.35656e-17)
(0.911668 -4.13418e-17 2.65306e-17)
(0.911668 -5.77725e-17 1.21523e-17)
(0.909083 -3.41817e-17 2.47186e-17)
(0.909083 -5.18446e-17 1.24585e-17)
(0.906493 -3.48132e-17 2.48723e-17)
(0.906493 -4.13929e-17 1.29402e-17)
(0.903897 -4.47256e-17 2.50139e-17)
(0.903897 -5.33927e-17 1.26521e-17)
(0.901295 -3.48755e-17 2.4391e-17)
(0.901295 -5.66717e-17 1.03686e-17)
(0.898688 -4.49137e-17 2.61934e-17)
(0.898688 -4.56238e-17 1.0493e-17)
(0.896074 -3.72623e-17 2.70194e-17)
(0.896074 -5.26372e-17 1.00188e-17)
(0.893455 -3.46929e-17 2.70225e-17)
(0.893455 -4.70995e-17 9.8086e-18)
(0.89083 -3.44034e-17 2.52426e-17)
(0.89083 -3.76017e-17 1.10684e-17)
(0.888198 -3.27199e-17 2.11356e-17)
(0.888198 -3.88922e-17 1.19085e-17)
(0.885561 -3.00591e-17 1.98999e-17)
(0.885561 -3.66148e-17 1.21314e-17)
(0.882917 -2.91552e-17 1.91752e-17)
(0.882917 -2.87286e-17 1.54905e-17)
(0.880267 -2.32728e-17 1.9487e-17)
(0.880267 -4.38698e-17 1.6984e-17)
(0.87761 -2.42085e-17 1.68125e-17)
(0.87761 -3.68663e-17 1.73618e-17)
(0.874947 -2.03919e-17 1.63256e-17)
(0.874947 -3.50148e-17 1.62372e-17)
(0.872277 -1.60674e-17 1.76697e-17)
(0.872277 -4.24673e-17 1.70328e-17)
(0.8696 -1.50047e-17 1.77653e-17)
(0.8696 -4.15729e-17 1.73151e-17)
(0.866916 -1.40062e-17 1.82002e-17)
(0.866916 -3.63519e-17 1.71409e-17)
(0.864225 -1.33941e-17 1.95289e-17)
(0.864225 -3.70007e-17 1.72699e-17)
(0.861526 -1.13677e-17 2.07999e-17)
(0.861526 -3.50973e-17 1.70267e-17)
(0.858821 -1.27469e-17 2.22251e-17)
(0.858821 -2.38259e-17 1.50956e-17)
(0.856107 -1.62924e-17 2.23414e-17)
(0.856107 -3.18637e-17 1.44497e-17)
(0.853386 -1.76759e-17 2.21728e-17)
(0.853386 -2.30889e-17 1.39426e-17)
(0.850657 -2.15258e-17 2.09263e-17)
(0.850657 -2.69716e-17 1.33023e-17)
(0.84792 -2.1604e-17 1.96135e-17)
(0.84792 -1.92843e-17 1.34349e-17)
(0.845174 -2.31243e-17 1.89003e-17)
(0.845174 -1.59906e-17 1.28186e-17)
(0.84242 -2.58154e-17 1.81237e-17)
(0.84242 -2.28877e-17 1.26025e-17)
(0.839658 -2.15513e-17 1.64439e-17)
(0.839658 -2.64194e-17 1.3101e-17)
(0.836886 -1.67205e-17 1.68937e-17)
(0.836886 -2.82189e-17 1.35705e-17)
(0.834106 -1.64704e-17 1.80116e-17)
(0.834106 -3.1549e-17 1.29651e-17)
(0.831316 -1.90644e-17 1.8609e-17)
(0.831316 -2.76272e-17 1.25788e-17)
(0.828517 -1.80368e-17 1.86343e-17)
(0.828517 -2.2079e-17 1.33284e-17)
(0.825708 -1.50876e-17 1.75619e-17)
(0.825708 -1.99913e-17 1.27662e-17)
(0.822889 -1.3974e-17 1.72789e-17)
(0.822889 -1.96371e-17 1.08782e-17)
(0.820059 -9.50664e-18 1.75511e-17)
(0.820059 -1.93882e-17 1.03858e-17)
(0.81722 -6.69885e-18 1.73496e-17)
(0.81722 -1.94134e-17 1.0568e-17)
(0.814369 -7.05826e-18 1.69822e-17)
(0.814369 -2.13828e-17 1.06921e-17)
(0.811507 -8.10998e-18 1.49781e-17)
(0.811507 -1.82445e-17 1.03073e-17)
(0.808635 -6.28811e-18 1.43908e-17)
(0.808635 -1.4827e-17 9.2006e-18)
(0.80575 -3.0216e-18 1.43749e-17)
(0.80575 -1.68089e-17 8.86204e-18)
(0.802854 2.89517e-19 1.44196e-17)
(0.802854 -2.08721e-17 7.86087e-18)
(0.799945 2.07969e-18 1.45209e-17)
(0.799945 -1.941e-17 7.27251e-18)
(0.797024 -8.3014e-19 1.46425e-17)
(0.797024 -1.74166e-17 7.75265e-18)
(0.79409 -1.21557e-18 1.45717e-17)
(0.79409 -1.81978e-17 7.13633e-18)
(0.791143 7.21017e-19 1.43497e-17)
(0.791143 -1.72604e-17 6.43496e-18)
(0.788182 9.47178e-19 1.40824e-17)
(0.788182 -1.5354e-17 7.06965e-18)
(0.785208 -3.88371e-19 1.45004e-17)
(0.785208 -1.2791e-17 7.56749e-18)
(0.782219 -7.28075e-18 1.45171e-17)
(0.782219 -1.01126e-17 7.0507e-18)
(0.779215 -9.05708e-18 1.35653e-17)
(0.779215 -9.79942e-18 6.82817e-18)
(0.776196 -1.06958e-17 1.27485e-17)
(0.776196 -7.57741e-18 6.69084e-18)
(0.773161 -1.1783e-17 1.24788e-17)
(0.773161 -9.85287e-18 6.70939e-18)
(0.770111 -1.55684e-17 1.20187e-17)
(0.770111 -1.38581e-17 6.64965e-18)
(0.767044 -1.55044e-17 1.13232e-17)
(0.767044 -1.16241e-17 6.60915e-18)
(0.76396 -1.61784e-17 1.09748e-17)
(0.76396 -1.1673e-17 6.59714e-18)
(0.760859 -1.57901e-17 1.08113e-17)
(0.760859 -1.11573e-17 6.45372e-18)
(0.757739 -1.53257e-17 1.06253e-17)
(0.757739 -1.09661e-17 6.67927e-18)
(0.754602 -1.49093e-17 1.07764e-17)
(0.754602 -1.03377e-17 6.74466e-18)
(0.751445 -1.46079e-17 1.07692e-17)
(0.751445 -1.14846e-17 6.62259e-18)
(0.748269 -1.46571e-17 1.05998e-17)
(0.748269 -1.26474e-17 6.62819e-18)
(0.745072 -1.474e-17 1.0393e-17)
(0.745072 -1.22701e-17 6.61122e-18)
(0.741855 -1.49322e-17 1.00536e-17)
(0.741855 -1.20701e-17 6.47634e-18)
(0.738616 -1.66603e-17 9.8221e-18)
(0.738616 -1.27174e-17 6.71865e-18)
(0.735356 -1.87348e-17 9.75175e-18)
(0.735356 -1.28019e-17 6.77044e-18)
(0.732072 -1.93265e-17 9.66514e-18)
(0.732072 -1.14314e-17 6.64169e-18)
(0.728765 -1.62313e-17 9.52974e-18)
(0.728765 -1.38578e-17 6.59279e-18)
(0.725434 -1.21526e-17 9.58547e-18)
(0.725434 -1.6313e-17 6.77032e-18)
(0.722078 -1.06652e-17 1.0217e-17)
(0.722078 -1.65947e-17 6.82564e-18)
(0.718696 -9.90842e-18 1.07814e-17)
(0.718696 -1.80725e-17 6.6402e-18)
(0.715287 -9.14802e-18 1.10673e-17)
(0.715287 -1.64531e-17 6.53088e-18)
(0.711851 -7.68129e-18 1.12993e-17)
(0.711851 -1.45004e-17 6.19269e-18)
(0.708387 -4.65843e-18 1.15297e-17)
(0.708387 -1.42532e-17 6.20748e-18)
(0.704893 -3.43481e-18 1.19625e-17)
(0.704893 -1.31717e-17 6.1723e-18)
(0.701369 -4.3098e-18 1.22745e-17)
(0.701369 -8.7652e-18 5.97604e-18)
(0.697813 -5.82305e-18 1.22189e-17)
(0.697813 -1.03211e-17 5.77521e-18)
(0.694225 -6.37581e-18 1.22809e-17)
(0.694225 -6.25014e-18 5.87293e-18)
(0.690604 -6.42573e-18 1.2419e-17)
(0.690604 -4.59109e-18 5.78207e-18)
(0.686947 -6.67214e-18 1.22271e-17)
(0.686947 -6.59314e-18 5.63528e-18)
(0.683255 -6.84891e-18 1.20543e-17)
(0.683255 -5.56856e-18 5.44659e-18)
(0.679526 -6.75322e-18 1.19763e-17)
(0.679526 -7.10035e-18 5.22188e-18)
(0.675757 -5.63435e-18 1.18548e-17)
(0.675757 -6.83954e-18 5.06064e-18)
(0.671949 -4.95471e-18 1.19629e-17)
(0.671949 -6.95619e-18 5.02125e-18)
(0.6681 -5.05286e-18 1.18785e-17)
(0.6681 -4.98753e-18 4.95031e-18)
(0.664207 -5.29806e-18 1.17173e-17)
(0.664207 -3.89322e-18 4.90433e-18)
(0.660269 -4.65033e-18 1.15717e-17)
(0.660269 -4.27607e-18 4.79775e-18)
(0.656285 -4.16735e-18 1.14681e-17)
(0.656285 -3.78803e-18 4.73651e-18)
(0.652253 -4.28716e-18 1.12917e-17)
(0.652253 -3.80575e-18 4.67703e-18)
(0.648171 -4.80503e-18 1.12484e-17)
(0.648171 -2.2408e-18 4.50525e-18)
(0.644036 -6.4458e-18 1.11951e-17)
(0.644036 -4.3519e-18 4.45379e-18)
(0.639848 -7.14976e-18 1.09547e-17)
(0.639848 -2.29071e-18 4.43186e-18)
(0.635602 -6.83959e-18 1.06604e-17)
(0.635602 -6.63938e-19 4.27394e-18)
(0.631299 -5.69478e-18 1.04375e-17)
(0.631299 -9.76869e-19 4.08171e-18)
(0.626933 -3.18108e-18 1.02832e-17)
(0.626933 -1.8784e-18 4.06014e-18)
(0.622504 -1.31143e-18 1.02935e-17)
(0.622504 -1.65606e-18 4.11946e-18)
(0.618009 -2.55793e-18 1.02094e-17)
(0.618009 -4.73824e-19 4.15102e-18)
(0.613443 -3.31798e-18 1.01364e-17)
(0.613443 -6.04653e-19 4.10557e-18)
(0.608805 -3.47374e-18 1.00556e-17)
(0.608805 -4.55801e-19 4.00839e-18)
(0.604091 -3.46343e-18 9.952e-18)
(0.604091 -8.38468e-19 3.94989e-18)
(0.599298 -2.92947e-18 9.96222e-18)
(0.599298 -1.34565e-18 3.8568e-18)
(0.594422 -2.41782e-18 9.93136e-18)
(0.594422 -2.88903e-21 3.83788e-18)
(0.589458 -1.80644e-18 9.86984e-18)
(0.589458 4.87106e-19 3.85124e-18)
(0.584404 -2.03722e-18 9.79046e-18)
(0.584404 -8.6222e-19 3.76969e-18)
(0.579253 -1.81668e-18 9.75146e-18)
(0.579253 -4.59337e-19 3.66498e-18)
(0.574003 -1.22232e-18 9.82461e-18)
(0.574003 -7.62693e-19 3.59618e-18)
(0.568647 -1.21389e-18 9.88881e-18)
(0.568647 5.75112e-19 3.59911e-18)
(0.56318 -1.43991e-18 9.92494e-18)
(0.56318 7.73976e-19 3.57801e-18)
(0.557596 -1.26756e-18 9.98515e-18)
(0.557596 3.20318e-19 3.52523e-18)
(0.55189 -9.86059e-19 1.00589e-17)
(0.55189 7.9766e-19 3.47658e-18)
(0.546055 -1.14671e-18 1.01688e-17)
(0.546055 1.37507e-18 3.4891e-18)
(0.540084 -1.95936e-18 1.02355e-17)
(0.540084 -9.26657e-19 3.49364e-18)
(0.533969 -1.84636e-18 1.02656e-17)
(0.533969 3.82417e-19 3.50605e-18)
(0.527702 -1.03868e-18 1.02988e-17)
(0.527702 5.02997e-19 3.44092e-18)
(0.521275 -6.67417e-19 1.03905e-17)
(0.521275 8.39409e-19 3.3736e-18)
(0.514678 -6.93987e-19 1.05189e-17)
(0.514678 4.96789e-19 3.39821e-18)
(0.507902 -8.6553e-19 1.06532e-17)
(0.507902 1.17259e-18 3.37849e-18)
(0.500937 -7.89131e-19 1.07719e-17)
(0.500937 8.2283e-19 3.39926e-18)
(0.49377 -8.39887e-19 1.0875e-17)
(0.49377 8.06349e-19 3.40679e-18)
(0.486391 -6.86036e-19 1.102e-17)
(0.486391 1.17886e-18 3.4056e-18)
(0.478786 -5.48611e-19 1.12024e-17)
(0.478786 9.89528e-19 3.41064e-18)
(0.470941 -4.61849e-19 1.13807e-17)
(0.470941 6.02746e-19 3.42592e-18)
(0.462844 -3.30007e-19 1.15687e-17)
(0.462844 8.23765e-19 3.44261e-18)
(0.454477 -3.51148e-19 1.17578e-17)
(0.454477 6.14812e-19 3.46877e-18)
(0.445827 -5.3043e-19 1.19744e-17)
(0.445827 3.26785e-19 3.49862e-18)
(0.436876 -8.229e-19 1.22076e-17)
(0.436876 1.62253e-19 3.54069e-18)
(0.427608 -1.04685e-18 1.24573e-17)
(0.427608 2.00554e-19 3.57131e-18)
(0.418006 -1.29038e-18 1.26837e-17)
(0.418006 7.69317e-19 3.5928e-18)
(0.408053 -1.13255e-18 1.29042e-17)
(0.408053 5.4527e-19 3.62644e-18)
(0.397735 -1.00114e-18 1.31389e-17)
(0.397735 8.67495e-19 3.68455e-18)
(0.387035 -1.25958e-18 1.33744e-17)
(0.387035 9.88108e-19 3.73113e-18)
(0.375942 -1.33941e-18 1.36167e-17)
(0.375942 7.71434e-19 3.77639e-18)
(0.364447 -9.97909e-19 1.38463e-17)
(0.364447 7.01825e-19 3.82179e-18)
(0.352545 -5.28749e-19 1.40738e-17)
(0.352545 7.46631e-19 3.87313e-18)
(0.340238 -4.40322e-19 1.42908e-17)
(0.340238 9.10331e-19 3.91547e-18)
(0.327534 -2.90739e-19 1.44692e-17)
(0.327534 4.37572e-19 3.95462e-18)
(0.31445 -1.97193e-19 1.46021e-17)
(0.31445 4.42025e-19 3.98349e-18)
(0.301011 -3.7361e-19 1.46948e-17)
(0.301011 5.02526e-19 4.00338e-18)
(0.287256 -4.72035e-19 1.47376e-17)
(0.287256 7.076e-19 4.01617e-18)
(0.273228 -3.85911e-19 1.47275e-17)
(0.273228 4.07498e-19 4.01287e-18)
(0.258983 -3.18064e-19 1.46421e-17)
(0.258983 3.38106e-19 3.99278e-18)
(0.244582 -2.01847e-19 1.44932e-17)
(0.244582 5.48777e-19 3.95257e-18)
(0.230086 -2.07032e-19 1.42927e-17)
(0.230086 4.73428e-19 3.89956e-18)
(0.215559 -3.26198e-19 1.40277e-17)
(0.215559 2.59928e-19 3.83085e-18)
(0.201061 -3.46534e-19 1.37121e-17)
(0.201061 3.29028e-19 3.74186e-18)
(0.186645 -3.36724e-19 1.33634e-17)
(0.186645 2.06148e-19 3.64322e-18)
(0.172354 -2.74142e-19 1.29885e-17)
(0.172354 1.04017e-19 3.54196e-18)
(0.158226 -2.93806e-19 1.25873e-17)
(0.158226 2.49791e-19 3.43766e-18)
(0.144287 -2.74018e-19 1.21749e-17)
(0.144287 2.64889e-19 3.32779e-18)
(0.130556 -2.66125e-19 1.17631e-17)
(0.130556 2.71641e-19 3.21809e-18)
(0.117046 -3.37244e-19 1.13517e-17)
(0.117046 3.00165e-19 3.10853e-18)
(0.103764 -3.13297e-19 1.09475e-17)
(0.103764 2.33739e-19 3.00061e-18)
(0.090713 -2.14222e-19 1.05527e-17)
(0.090713 1.76112e-19 2.89554e-18)
(0.0778937 -1.27863e-19 1.01705e-17)
(0.0778937 1.54823e-19 2.79236e-18)
(0.0653043 -6.18319e-20 9.80314e-18)
(0.0653043 1.34696e-19 2.69269e-18)
(0.0529422 -5.07219e-20 9.44703e-18)
(0.0529422 9.69859e-20 2.59729e-18)
(0.0408038 -6.81522e-20 9.10392e-18)
(0.0408038 7.90335e-20 2.50378e-18)
(0.0288853 -4.46513e-20 8.77272e-18)
(0.0288853 5.13517e-20 2.41351e-18)
(0.017183 -3.0836e-20 8.45427e-18)
(0.017183 3.60476e-20 2.32639e-18)
(0.00569299 8.76576e-21 1.74305e-18)
(0.00569299 -3.06524e-21 1.941e-19)
)
;

boundaryField
{
    walls
    {
        type            fixedValue;
        value           uniform (0 0 0);
    }
    inlet
    {
        type            cyclic;
    }
    outlet
    {
        type            cyclic;
    }
    sides
    {
        type            empty;
    }
}


// ************************************************************************* //
