/*--------------------------------*- C++ -*----------------------------------*\
| =========                 |                                                 |
| \\      /  F ield         | OpenFOAM: The Open Source CFD Toolbox           |
|  \\    /   O peration     | Version:  2106                                  |
|   \\  /    A nd           | Website:  www.openfoam.com                      |
|    \\/     M anipulation  |                                                 |
\*---------------------------------------------------------------------------*/
FoamFile
{
    version     2.0;
    format      ascii;
    arch        "LSB;label=32;scalar=64";
    class       volScalarField;
    location    "10060";
    object      T;
}
// * * * * * * * * * * * * * * * * * * * * * * * * * * * * * * * * * * * * * //

dimensions      [0 0 0 1 0 0 0];

internalField   nonuniform List<scalar> 
2000
(
0.0118275
0.0118275
0.0357031
0.0357031
0.0600245
0.0600245
0.0847998
0.0847998
0.110038
0.110038
0.135746
0.135746
0.161935
0.161935
0.188612
0.188612
0.215788
0.215788
0.24347
0.24347
0.271669
0.271669
0.300394
0.300394
0.329656
0.329656
0.359463
0.359463
0.389826
0.389826
0.420756
0.420756
0.452263
0.452263
0.484357
0.484357
0.51705
0.51705
0.550353
0.550353
0.584277
0.584277
0.618834
0.618834
0.654035
0.654035
0.689892
0.689892
0.726418
0.726418
0.763624
0.763624
0.801523
0.801523
0.840129
0.840129
0.879453
0.879453
0.91951
0.91951
0.960312
0.960312
1.00187
1.00187
1.04421
1.04421
1.08733
1.08733
1.13125
1.13125
1.17598
1.17598
1.22155
1.22155
1.26796
1.26796
1.31523
1.31523
1.36337
1.36337
1.41239
1.41239
1.46232
1.46232
1.51317
1.51317
1.56495
1.56495
1.61767
1.61767
1.67136
1.67136
1.72602
1.72602
1.78166
1.78166
1.83831
1.83831
1.89596
1.89596
1.95464
1.95464
2.01436
2.01436
2.07511
2.07511
2.13692
2.13692
2.19979
2.19979
2.26372
2.26372
2.32872
2.32872
2.39479
2.39479
2.46193
2.46193
2.53014
2.53014
2.5994
2.5994
2.66972
2.66972
2.74107
2.74107
2.81345
2.81345
2.88683
2.88683
2.9612
2.9612
3.03652
3.03652
3.11277
3.11277
3.18992
3.18992
3.26792
3.26792
3.34673
3.34673
3.42632
3.42632
3.50663
3.50663
3.58761
3.58761
3.6692
3.6692
3.75136
3.75136
3.83402
3.83402
3.91711
3.91711
4.00059
4.00059
4.08439
4.08439
4.16844
4.16844
4.25269
4.25269
4.33707
4.33707
4.42152
4.42152
4.50599
4.50599
4.59042
4.59042
4.67476
4.67476
4.75895
4.75895
4.84295
4.84295
4.92671
4.92671
5.01018
5.01018
5.09334
5.09334
5.17614
5.17614
5.25854
5.25854
5.34053
5.34053
5.42207
5.42207
5.50314
5.50314
5.58371
5.58371
5.66377
5.66377
5.74331
5.74331
5.8223
5.8223
5.90074
5.90074
5.97862
5.97862
6.05593
6.05593
6.13267
6.13267
6.20882
6.20882
6.2844
6.2844
6.35939
6.35939
6.4338
6.4338
6.50763
6.50763
6.58088
6.58088
6.65356
6.65356
6.72566
6.72566
6.7972
6.7972
6.86818
6.86818
6.9386
6.9386
7.00847
7.00847
7.07781
7.07781
7.1466
7.1466
7.21488
7.21488
7.28263
7.28263
7.34987
7.34987
7.41661
7.41661
7.48285
7.48285
7.54861
7.54861
7.61389
7.61389
7.6787
7.6787
7.74305
7.74305
7.80695
7.80695
7.8704
7.8704
7.93342
7.93342
7.99602
7.99602
8.05819
8.05819
8.11995
8.11995
8.18131
8.18131
8.24227
8.24227
8.30285
8.30285
8.36305
8.36305
8.42288
8.42288
8.48234
8.48234
8.54145
8.54145
8.60021
8.60021
8.65862
8.65862
8.7167
8.7167
8.77445
8.77445
8.83188
8.83188
8.88899
8.88899
8.9458
8.9458
9.0023
9.0023
9.0585
9.0585
9.11442
9.11442
9.17004
9.17004
9.22539
9.22539
9.28046
9.28046
9.33526
9.33526
9.3898
9.3898
9.44408
9.44408
9.4981
9.4981
9.55188
9.55188
9.60541
9.60541
9.65869
9.65869
9.71174
9.71174
9.76456
9.76456
9.81714
9.81714
9.8695
9.8695
9.92164
9.92164
9.97356
9.97356
10.0253
10.0253
10.0768
10.0768
10.128
10.128
10.1791
10.1791
10.23
10.23
10.2806
10.2806
10.3311
10.3311
10.3814
10.3814
10.4314
10.4314
10.4813
10.4813
10.531
10.531
10.5805
10.5805
10.6298
10.6298
10.6789
10.6789
10.7278
10.7278
10.7766
10.7766
10.8251
10.8251
10.8735
10.8735
10.9216
10.9216
10.9696
10.9696
11.0174
11.0174
11.065
11.065
11.1124
11.1124
11.1596
11.1596
11.2066
11.2066
11.2534
11.2534
11.3001
11.3001
11.3465
11.3465
11.3927
11.3927
11.4387
11.4387
11.4845
11.4845
11.5301
11.5301
11.5755
11.5755
11.6206
11.6206
11.6656
11.6656
11.7102
11.7102
11.7547
11.7547
11.7989
11.7989
11.8428
11.8428
11.8865
11.8865
11.93
11.93
11.9731
11.9731
12.016
12.016
12.0585
12.0585
12.1008
12.1008
12.1427
12.1427
12.1843
12.1843
12.2256
12.2256
12.2665
12.2665
12.307
12.307
12.3472
12.3472
12.3869
12.3869
12.4262
12.4262
12.4651
12.4651
12.5034
12.5034
12.5413
12.5413
12.5787
12.5787
12.6155
12.6155
12.6518
12.6518
12.6875
12.6875
12.7225
12.7225
12.7568
12.7568
12.7904
12.7904
12.8233
12.8233
12.8553
12.8553
12.8865
12.8865
12.9168
12.9168
12.9461
12.9461
12.9743
12.9743
13.0015
13.0015
13.0274
13.0274
13.0521
13.0521
13.0754
13.0754
13.0973
13.0973
13.1176
13.1176
13.1361
13.1361
13.1529
13.1529
13.1677
13.1677
13.1805
13.1805
13.191
13.191
13.1991
13.1991
13.2047
13.2047
13.2076
13.2076
0.0118275
0.0118275
0.0357031
0.0357031
0.0600245
0.0600245
0.0847998
0.0847998
0.110038
0.110038
0.135746
0.135746
0.161935
0.161935
0.188612
0.188612
0.215788
0.215788
0.24347
0.24347
0.271669
0.271669
0.300394
0.300394
0.329656
0.329656
0.359463
0.359463
0.389826
0.389826
0.420756
0.420756
0.452263
0.452263
0.484357
0.484357
0.51705
0.51705
0.550353
0.550353
0.584277
0.584277
0.618834
0.618834
0.654035
0.654035
0.689892
0.689892
0.726418
0.726418
0.763624
0.763624
0.801523
0.801523
0.840129
0.840129
0.879453
0.879453
0.91951
0.91951
0.960312
0.960312
1.00187
1.00187
1.04421
1.04421
1.08733
1.08733
1.13125
1.13125
1.17598
1.17598
1.22155
1.22155
1.26796
1.26796
1.31523
1.31523
1.36337
1.36337
1.41239
1.41239
1.46232
1.46232
1.51317
1.51317
1.56495
1.56495
1.61767
1.61767
1.67136
1.67136
1.72602
1.72602
1.78166
1.78166
1.83831
1.83831
1.89596
1.89596
1.95464
1.95464
2.01436
2.01436
2.07511
2.07511
2.13692
2.13692
2.19979
2.19979
2.26372
2.26372
2.32872
2.32872
2.39479
2.39479
2.46193
2.46193
2.53014
2.53014
2.5994
2.5994
2.66972
2.66972
2.74107
2.74107
2.81345
2.81345
2.88683
2.88683
2.9612
2.9612
3.03652
3.03652
3.11277
3.11277
3.18992
3.18992
3.26792
3.26792
3.34673
3.34673
3.42632
3.42632
3.50663
3.50663
3.58761
3.58761
3.6692
3.6692
3.75136
3.75136
3.83402
3.83402
3.91711
3.91711
4.00059
4.00059
4.08439
4.08439
4.16844
4.16844
4.25269
4.25269
4.33707
4.33707
4.42152
4.42152
4.50599
4.50599
4.59042
4.59042
4.67476
4.67476
4.75895
4.75895
4.84295
4.84295
4.92671
4.92671
5.01018
5.01018
5.09334
5.09334
5.17614
5.17614
5.25854
5.25854
5.34053
5.34053
5.42207
5.42207
5.50314
5.50314
5.58371
5.58371
5.66377
5.66377
5.74331
5.74331
5.8223
5.8223
5.90074
5.90074
5.97862
5.97862
6.05593
6.05593
6.13267
6.13267
6.20882
6.20882
6.2844
6.2844
6.35939
6.35939
6.4338
6.4338
6.50763
6.50763
6.58088
6.58088
6.65356
6.65356
6.72566
6.72566
6.7972
6.7972
6.86818
6.86818
6.9386
6.9386
7.00847
7.00847
7.07781
7.07781
7.1466
7.1466
7.21488
7.21488
7.28263
7.28263
7.34987
7.34987
7.41661
7.41661
7.48285
7.48285
7.54861
7.54861
7.61389
7.61389
7.6787
7.6787
7.74305
7.74305
7.80695
7.80695
7.8704
7.8704
7.93342
7.93342
7.99602
7.99602
8.05819
8.05819
8.11995
8.11995
8.18131
8.18131
8.24227
8.24227
8.30285
8.30285
8.36305
8.36305
8.42288
8.42288
8.48234
8.48234
8.54145
8.54145
8.60021
8.60021
8.65862
8.65862
8.7167
8.7167
8.77445
8.77445
8.83188
8.83188
8.88899
8.88899
8.9458
8.9458
9.0023
9.0023
9.0585
9.0585
9.11442
9.11442
9.17004
9.17004
9.22539
9.22539
9.28046
9.28046
9.33526
9.33526
9.3898
9.3898
9.44408
9.44408
9.4981
9.4981
9.55188
9.55188
9.60541
9.60541
9.65869
9.65869
9.71174
9.71174
9.76456
9.76456
9.81714
9.81714
9.8695
9.8695
9.92164
9.92164
9.97356
9.97356
10.0253
10.0253
10.0768
10.0768
10.128
10.128
10.1791
10.1791
10.23
10.23
10.2806
10.2806
10.3311
10.3311
10.3814
10.3814
10.4314
10.4314
10.4813
10.4813
10.531
10.531
10.5805
10.5805
10.6298
10.6298
10.6789
10.6789
10.7278
10.7278
10.7766
10.7766
10.8251
10.8251
10.8735
10.8735
10.9216
10.9216
10.9696
10.9696
11.0174
11.0174
11.065
11.065
11.1124
11.1124
11.1596
11.1596
11.2066
11.2066
11.2534
11.2534
11.3001
11.3001
11.3465
11.3465
11.3927
11.3927
11.4387
11.4387
11.4845
11.4845
11.5301
11.5301
11.5755
11.5755
11.6206
11.6206
11.6656
11.6656
11.7102
11.7102
11.7547
11.7547
11.7989
11.7989
11.8428
11.8428
11.8865
11.8865
11.93
11.93
11.9731
11.9731
12.016
12.016
12.0585
12.0585
12.1008
12.1008
12.1427
12.1427
12.1843
12.1843
12.2256
12.2256
12.2665
12.2665
12.307
12.307
12.3472
12.3472
12.3869
12.3869
12.4262
12.4262
12.4651
12.4651
12.5034
12.5034
12.5413
12.5413
12.5787
12.5787
12.6155
12.6155
12.6518
12.6518
12.6875
12.6875
12.7225
12.7225
12.7568
12.7568
12.7904
12.7904
12.8233
12.8233
12.8553
12.8553
12.8865
12.8865
12.9168
12.9168
12.9461
12.9461
12.9743
12.9743
13.0015
13.0015
13.0274
13.0274
13.0521
13.0521
13.0754
13.0754
13.0973
13.0973
13.1176
13.1176
13.1361
13.1361
13.1529
13.1529
13.1677
13.1677
13.1805
13.1805
13.191
13.191
13.1991
13.1991
13.2047
13.2047
13.2076
13.2076
13.2076
13.2076
13.2047
13.2047
13.1991
13.1991
13.191
13.191
13.1805
13.1805
13.1677
13.1677
13.1529
13.1529
13.1361
13.1361
13.1176
13.1176
13.0973
13.0973
13.0754
13.0754
13.0521
13.0521
13.0274
13.0274
13.0015
13.0015
12.9743
12.9743
12.9461
12.9461
12.9168
12.9168
12.8865
12.8865
12.8553
12.8553
12.8233
12.8233
12.7904
12.7904
12.7568
12.7568
12.7225
12.7225
12.6875
12.6875
12.6518
12.6518
12.6155
12.6155
12.5787
12.5787
12.5413
12.5413
12.5034
12.5034
12.4651
12.4651
12.4262
12.4262
12.3869
12.3869
12.3472
12.3472
12.307
12.307
12.2665
12.2665
12.2256
12.2256
12.1843
12.1843
12.1427
12.1427
12.1008
12.1008
12.0585
12.0585
12.016
12.016
11.9731
11.9731
11.93
11.93
11.8865
11.8865
11.8428
11.8428
11.7989
11.7989
11.7547
11.7547
11.7102
11.7102
11.6656
11.6656
11.6206
11.6206
11.5755
11.5755
11.5301
11.5301
11.4845
11.4845
11.4387
11.4387
11.3927
11.3927
11.3465
11.3465
11.3001
11.3001
11.2534
11.2534
11.2066
11.2066
11.1596
11.1596
11.1124
11.1124
11.065
11.065
11.0174
11.0174
10.9696
10.9696
10.9216
10.9216
10.8735
10.8735
10.8251
10.8251
10.7766
10.7766
10.7278
10.7278
10.6789
10.6789
10.6298
10.6298
10.5805
10.5805
10.531
10.531
10.4813
10.4813
10.4314
10.4314
10.3814
10.3814
10.3311
10.3311
10.2806
10.2806
10.23
10.23
10.1791
10.1791
10.128
10.128
10.0768
10.0768
10.0253
10.0253
9.97356
9.97356
9.92164
9.92164
9.8695
9.8695
9.81714
9.81714
9.76456
9.76456
9.71174
9.71174
9.65869
9.65869
9.60541
9.60541
9.55188
9.55188
9.4981
9.4981
9.44408
9.44408
9.3898
9.3898
9.33526
9.33526
9.28046
9.28046
9.22539
9.22539
9.17004
9.17004
9.11442
9.11442
9.0585
9.0585
9.0023
9.0023
8.9458
8.9458
8.88899
8.88899
8.83188
8.83188
8.77445
8.77445
8.7167
8.7167
8.65862
8.65862
8.60021
8.60021
8.54145
8.54145
8.48234
8.48234
8.42288
8.42288
8.36305
8.36305
8.30285
8.30285
8.24227
8.24227
8.18131
8.18131
8.11995
8.11995
8.05819
8.05819
7.99601
7.99601
7.93342
7.93342
7.8704
7.8704
7.80695
7.80695
7.74305
7.74305
7.6787
7.6787
7.61389
7.61389
7.54861
7.54861
7.48285
7.48285
7.41661
7.41661
7.34987
7.34987
7.28263
7.28263
7.21488
7.21488
7.1466
7.1466
7.07781
7.07781
7.00847
7.00847
6.9386
6.9386
6.86818
6.86818
6.7972
6.7972
6.72566
6.72566
6.65356
6.65356
6.58088
6.58088
6.50763
6.50763
6.4338
6.4338
6.35939
6.35939
6.2844
6.2844
6.20882
6.20882
6.13267
6.13267
6.05593
6.05593
5.97862
5.97862
5.90074
5.90074
5.8223
5.8223
5.74331
5.74331
5.66377
5.66377
5.58371
5.58371
5.50314
5.50314
5.42207
5.42207
5.34053
5.34053
5.25854
5.25854
5.17614
5.17614
5.09334
5.09334
5.01018
5.01018
4.92671
4.92671
4.84295
4.84295
4.75895
4.75895
4.67476
4.67476
4.59042
4.59042
4.50599
4.50599
4.42152
4.42152
4.33707
4.33707
4.25269
4.25269
4.16844
4.16844
4.08439
4.08439
4.00059
4.00059
3.91711
3.91711
3.83402
3.83402
3.75136
3.75136
3.6692
3.6692
3.58761
3.58761
3.50663
3.50663
3.42632
3.42632
3.34673
3.34673
3.26792
3.26792
3.18992
3.18992
3.11277
3.11277
3.03652
3.03652
2.9612
2.9612
2.88683
2.88683
2.81345
2.81345
2.74107
2.74107
2.66972
2.66972
2.5994
2.5994
2.53014
2.53014
2.46193
2.46193
2.39479
2.39479
2.32872
2.32872
2.26372
2.26372
2.19979
2.19979
2.13692
2.13692
2.07511
2.07511
2.01436
2.01436
1.95464
1.95464
1.89596
1.89596
1.83831
1.83831
1.78166
1.78166
1.72602
1.72602
1.67136
1.67136
1.61767
1.61767
1.56495
1.56495
1.51317
1.51317
1.46232
1.46232
1.41239
1.41239
1.36337
1.36337
1.31523
1.31523
1.26796
1.26796
1.22155
1.22155
1.17598
1.17598
1.13125
1.13125
1.08733
1.08733
1.04421
1.04421
1.00187
1.00187
0.960312
0.960312
0.91951
0.91951
0.879453
0.879453
0.840129
0.840129
0.801523
0.801523
0.763624
0.763624
0.726418
0.726418
0.689892
0.689892
0.654035
0.654035
0.618834
0.618834
0.584277
0.584277
0.550353
0.550353
0.51705
0.51705
0.484357
0.484357
0.452263
0.452263
0.420756
0.420756
0.389826
0.389826
0.359463
0.359463
0.329656
0.329656
0.300394
0.300394
0.271669
0.271669
0.24347
0.24347
0.215788
0.215788
0.188612
0.188612
0.161935
0.161935
0.135746
0.135746
0.110038
0.110038
0.0847999
0.0847999
0.0600245
0.0600245
0.0357032
0.0357032
0.0118275
0.0118275
13.2076
13.2076
13.2047
13.2047
13.1991
13.1991
13.191
13.191
13.1805
13.1805
13.1677
13.1677
13.1529
13.1529
13.1361
13.1361
13.1176
13.1176
13.0973
13.0973
13.0754
13.0754
13.0521
13.0521
13.0274
13.0274
13.0015
13.0015
12.9743
12.9743
12.9461
12.9461
12.9168
12.9168
12.8865
12.8865
12.8553
12.8553
12.8233
12.8233
12.7904
12.7904
12.7568
12.7568
12.7225
12.7225
12.6875
12.6875
12.6518
12.6518
12.6155
12.6155
12.5787
12.5787
12.5413
12.5413
12.5034
12.5034
12.4651
12.4651
12.4262
12.4262
12.3869
12.3869
12.3472
12.3472
12.307
12.307
12.2665
12.2665
12.2256
12.2256
12.1843
12.1843
12.1427
12.1427
12.1008
12.1008
12.0585
12.0585
12.016
12.016
11.9731
11.9731
11.93
11.93
11.8865
11.8865
11.8428
11.8428
11.7989
11.7989
11.7547
11.7547
11.7102
11.7102
11.6656
11.6656
11.6206
11.6206
11.5755
11.5755
11.5301
11.5301
11.4845
11.4845
11.4387
11.4387
11.3927
11.3927
11.3465
11.3465
11.3001
11.3001
11.2534
11.2534
11.2066
11.2066
11.1596
11.1596
11.1124
11.1124
11.065
11.065
11.0174
11.0174
10.9696
10.9696
10.9216
10.9216
10.8735
10.8735
10.8251
10.8251
10.7766
10.7766
10.7278
10.7278
10.6789
10.6789
10.6298
10.6298
10.5805
10.5805
10.531
10.531
10.4813
10.4813
10.4314
10.4314
10.3814
10.3814
10.3311
10.3311
10.2806
10.2806
10.23
10.23
10.1791
10.1791
10.128
10.128
10.0768
10.0768
10.0253
10.0253
9.97356
9.97356
9.92164
9.92164
9.8695
9.8695
9.81714
9.81714
9.76456
9.76456
9.71174
9.71174
9.65869
9.65869
9.60541
9.60541
9.55188
9.55188
9.4981
9.4981
9.44408
9.44408
9.3898
9.3898
9.33526
9.33526
9.28046
9.28046
9.22539
9.22539
9.17004
9.17004
9.11442
9.11442
9.0585
9.0585
9.0023
9.0023
8.9458
8.9458
8.88899
8.88899
8.83188
8.83188
8.77445
8.77445
8.7167
8.7167
8.65862
8.65862
8.60021
8.60021
8.54145
8.54145
8.48234
8.48234
8.42288
8.42288
8.36305
8.36305
8.30285
8.30285
8.24227
8.24227
8.18131
8.18131
8.11995
8.11995
8.05819
8.05819
7.99601
7.99601
7.93342
7.93342
7.8704
7.8704
7.80695
7.80695
7.74305
7.74305
7.6787
7.6787
7.61389
7.61389
7.54861
7.54861
7.48285
7.48285
7.41661
7.41661
7.34987
7.34987
7.28263
7.28263
7.21488
7.21488
7.1466
7.1466
7.07781
7.07781
7.00847
7.00847
6.9386
6.9386
6.86818
6.86818
6.7972
6.7972
6.72566
6.72566
6.65356
6.65356
6.58088
6.58088
6.50763
6.50763
6.4338
6.4338
6.35939
6.35939
6.2844
6.2844
6.20882
6.20882
6.13267
6.13267
6.05593
6.05593
5.97862
5.97862
5.90074
5.90074
5.8223
5.8223
5.74331
5.74331
5.66377
5.66377
5.58371
5.58371
5.50314
5.50314
5.42207
5.42207
5.34053
5.34053
5.25854
5.25854
5.17614
5.17614
5.09334
5.09334
5.01018
5.01018
4.92671
4.92671
4.84295
4.84295
4.75895
4.75895
4.67476
4.67476
4.59042
4.59042
4.50599
4.50599
4.42152
4.42152
4.33707
4.33707
4.25269
4.25269
4.16844
4.16844
4.08439
4.08439
4.00059
4.00059
3.91711
3.91711
3.83402
3.83402
3.75136
3.75136
3.6692
3.6692
3.58761
3.58761
3.50663
3.50663
3.42632
3.42632
3.34673
3.34673
3.26792
3.26792
3.18992
3.18992
3.11277
3.11277
3.03652
3.03652
2.9612
2.9612
2.88683
2.88683
2.81345
2.81345
2.74107
2.74107
2.66972
2.66972
2.5994
2.5994
2.53014
2.53014
2.46193
2.46193
2.39479
2.39479
2.32872
2.32872
2.26372
2.26372
2.19979
2.19979
2.13692
2.13692
2.07511
2.07511
2.01436
2.01436
1.95464
1.95464
1.89596
1.89596
1.83831
1.83831
1.78166
1.78166
1.72602
1.72602
1.67136
1.67136
1.61767
1.61767
1.56495
1.56495
1.51317
1.51317
1.46232
1.46232
1.41239
1.41239
1.36337
1.36337
1.31523
1.31523
1.26796
1.26796
1.22155
1.22155
1.17598
1.17598
1.13125
1.13125
1.08733
1.08733
1.04421
1.04421
1.00187
1.00187
0.960312
0.960312
0.91951
0.91951
0.879453
0.879453
0.840129
0.840129
0.801523
0.801523
0.763624
0.763624
0.726418
0.726418
0.689892
0.689892
0.654035
0.654035
0.618834
0.618834
0.584277
0.584277
0.550353
0.550353
0.51705
0.51705
0.484357
0.484357
0.452263
0.452263
0.420756
0.420756
0.389826
0.389826
0.359463
0.359463
0.329656
0.329656
0.300394
0.300394
0.271669
0.271669
0.24347
0.24347
0.215788
0.215788
0.188612
0.188612
0.161935
0.161935
0.135746
0.135746
0.110038
0.110038
0.0847999
0.0847999
0.0600245
0.0600245
0.0357032
0.0357032
0.0118275
0.0118275
)
;

boundaryField
{
    walls
    {
        type            fixedValue;
        value           uniform 0;
    }
    inlet
    {
        type            cyclic;
    }
    outlet
    {
        type            cyclic;
    }
    sides
    {
        type            empty;
    }
}


// ************************************************************************* //
