/*--------------------------------*- C++ -*----------------------------------*\
| =========                 |                                                 |
| \\      /  F ield         | OpenFOAM: The Open Source CFD Toolbox           |
|  \\    /   O peration     | Version:  2106                                  |
|   \\  /    A nd           | Website:  www.openfoam.com                      |
|    \\/     M anipulation  |                                                 |
\*---------------------------------------------------------------------------*/
FoamFile
{
    version     2.0;
    format      ascii;
    arch        "LSB;label=32;scalar=64";
    class       volScalarField;
    location    "10020";
    object      nut;
}
// * * * * * * * * * * * * * * * * * * * * * * * * * * * * * * * * * * * * * //

dimensions      [0 2 -1 0 0 0 0];

internalField   nonuniform List<scalar> 
2000
(
2.82814e-12
2.82814e-12
3.41968e-12
3.41968e-12
2.43042e-11
2.43042e-11
1.77443e-10
1.77443e-10
8.22038e-10
8.22038e-10
2.79602e-09
2.79602e-09
7.72635e-09
7.72635e-09
1.84203e-08
1.84203e-08
3.93316e-08
3.93316e-08
7.708e-08
7.708e-08
1.4098e-07
1.4098e-07
2.43512e-07
2.43512e-07
4.00634e-07
4.00634e-07
6.31836e-07
6.31836e-07
9.59831e-07
9.59831e-07
1.40983e-06
1.40983e-06
2.00842e-06
2.00842e-06
2.78215e-06
2.78215e-06
3.75598e-06
3.75598e-06
4.95193e-06
4.95193e-06
6.38794e-06
6.38794e-06
8.07731e-06
8.07731e-06
1.00286e-05
1.00286e-05
1.22458e-05
1.22458e-05
1.47293e-05
1.47293e-05
1.74763e-05
1.74763e-05
2.04821e-05
2.04821e-05
2.37402e-05
2.37402e-05
2.72437e-05
2.72437e-05
3.09853e-05
3.09853e-05
3.49578e-05
3.49578e-05
3.91543e-05
3.91543e-05
4.35686e-05
4.35686e-05
4.81949e-05
4.81949e-05
5.30282e-05
5.30282e-05
5.80641e-05
5.80641e-05
6.32987e-05
6.32987e-05
6.87288e-05
6.87288e-05
7.43517e-05
7.43517e-05
8.01653e-05
8.01653e-05
8.61676e-05
8.61676e-05
9.23576e-05
9.23576e-05
9.8734e-05
9.8734e-05
0.000105296
0.000105296
0.000112044
0.000112044
0.000118978
0.000118978
0.000126097
0.000126097
0.000133403
0.000133403
0.000140895
0.000140895
0.000148575
0.000148575
0.000156443
0.000156443
0.000164501
0.000164501
0.000172751
0.000172751
0.000181193
0.000181193
0.000189829
0.000189829
0.00019866
0.00019866
0.00020769
0.00020769
0.000216919
0.000216919
0.000226349
0.000226349
0.000235983
0.000235983
0.000245823
0.000245823
0.000255872
0.000255872
0.00026613
0.00026613
0.000276601
0.000276601
0.000287288
0.000287288
0.000298193
0.000298193
0.000309319
0.000309319
0.000320667
0.000320667
0.000332242
0.000332242
0.000344046
0.000344046
0.000356082
0.000356082
0.000368353
0.000368353
0.000380861
0.000380861
0.00039361
0.00039361
0.000406604
0.000406604
0.000419844
0.000419844
0.000433335
0.000433335
0.00044708
0.00044708
0.000461081
0.000461081
0.000475343
0.000475343
0.000489869
0.000489869
0.000504661
0.000504661
0.000519725
0.000519725
0.000535063
0.000535063
0.000550678
0.000550678
0.000566575
0.000566575
0.000582758
0.000582758
0.000599228
0.000599228
0.000615992
0.000615992
0.000633051
0.000633051
0.000650411
0.000650411
0.000668074
0.000668074
0.000686045
0.000686045
0.000704328
0.000704328
0.000722926
0.000722926
0.000741844
0.000741844
0.000761085
0.000761085
0.000780653
0.000780653
0.000800553
0.000800553
0.000820788
0.000820788
0.000841362
0.000841362
0.00086228
0.00086228
0.000883545
0.000883545
0.000905162
0.000905162
0.000927134
0.000927134
0.000949466
0.000949466
0.000972162
0.000972162
0.000995225
0.000995225
0.00101866
0.00101866
0.00104247
0.00104247
0.00106666
0.00106666
0.00109124
0.00109124
0.0011162
0.0011162
0.00114156
0.00114156
0.00116731
0.00116731
0.00119347
0.00119347
0.00122002
0.00122002
0.00124699
0.00124699
0.00127437
0.00127437
0.00130216
0.00130216
0.00133037
0.00133037
0.00135901
0.00135901
0.00138807
0.00138807
0.00141757
0.00141757
0.0014475
0.0014475
0.00147786
0.00147786
0.00150867
0.00150867
0.00153992
0.00153992
0.00157163
0.00157163
0.00160378
0.00160378
0.00163639
0.00163639
0.00166945
0.00166945
0.00170298
0.00170298
0.00173696
0.00173696
0.00177142
0.00177142
0.00180634
0.00180634
0.00184173
0.00184173
0.0018776
0.0018776
0.00191394
0.00191394
0.00195076
0.00195076
0.00198805
0.00198805
0.00202583
0.00202583
0.00206409
0.00206409
0.00210283
0.00210283
0.00214205
0.00214205
0.00218176
0.00218176
0.00222195
0.00222195
0.00226262
0.00226262
0.00230379
0.00230379
0.00234543
0.00234543
0.00238756
0.00238756
0.00243017
0.00243017
0.00247326
0.00247326
0.00251683
0.00251683
0.00256088
0.00256088
0.00260541
0.00260541
0.00265041
0.00265041
0.00269587
0.00269587
0.0027418
0.0027418
0.0027882
0.0027882
0.00283505
0.00283505
0.00288235
0.00288235
0.0029301
0.0029301
0.00297829
0.00297829
0.00302692
0.00302692
0.00307597
0.00307597
0.00312544
0.00312544
0.00317532
0.00317532
0.0032256
0.0032256
0.00327628
0.00327628
0.00332734
0.00332734
0.00337876
0.00337876
0.00343055
0.00343055
0.00348268
0.00348268
0.00353515
0.00353515
0.00358793
0.00358793
0.00364102
0.00364102
0.00369439
0.00369439
0.00374804
0.00374804
0.00380193
0.00380193
0.00385606
0.00385606
0.0039104
0.0039104
0.00396493
0.00396493
0.00401963
0.00401963
0.00407448
0.00407448
0.00412944
0.00412944
0.0041845
0.0041845
0.00423962
0.00423962
0.00429479
0.00429479
0.00434995
0.00434995
0.0044051
0.0044051
0.00446018
0.00446018
0.00451517
0.00451517
0.00457003
0.00457003
0.00462472
0.00462472
0.0046792
0.0046792
0.00473343
0.00473343
0.00478737
0.00478737
0.00484097
0.00484097
0.00489417
0.00489417
0.00494694
0.00494694
0.00499922
0.00499922
0.00505095
0.00505095
0.00510208
0.00510208
0.00515255
0.00515255
0.0052023
0.0052023
0.00525127
0.00525127
0.00529938
0.00529938
0.00534658
0.00534658
0.00539278
0.00539278
0.00543792
0.00543792
0.00548192
0.00548192
0.0055247
0.0055247
0.00556618
0.00556618
0.00560628
0.00560628
0.00564491
0.00564491
0.00568198
0.00568198
0.0057174
0.0057174
0.00575108
0.00575108
0.00578294
0.00578294
0.00581286
0.00581286
0.00584076
0.00584076
0.00586655
0.00586655
0.00589012
0.00589012
0.00591139
0.00591139
0.00593027
0.00593027
0.00594667
0.00594667
0.00596051
0.00596051
0.00597172
0.00597172
0.00598024
0.00598024
0.00598602
0.00598602
0.00598903
0.00598903
0.00598926
0.00598926
0.00598673
0.00598673
0.00598148
0.00598148
0.00597358
0.00597358
0.00596317
0.00596317
0.00595042
0.00595042
0.00593555
0.00593555
0.00591887
0.00591887
0.00590073
0.00590073
0.00588157
0.00588157
0.00586191
0.00586191
0.00584233
0.00584233
0.00582349
0.00582349
0.00580609
0.00580609
0.00579086
0.00579086
0.00577852
0.00577852
0.00576977
0.00576977
0.00576517
0.00576517
2.82814e-12
2.82814e-12
3.41968e-12
3.41968e-12
2.43042e-11
2.43042e-11
1.77443e-10
1.77443e-10
8.22038e-10
8.22038e-10
2.79602e-09
2.79602e-09
7.72635e-09
7.72635e-09
1.84203e-08
1.84203e-08
3.93316e-08
3.93316e-08
7.708e-08
7.708e-08
1.4098e-07
1.4098e-07
2.43512e-07
2.43512e-07
4.00634e-07
4.00634e-07
6.31836e-07
6.31836e-07
9.59831e-07
9.59831e-07
1.40983e-06
1.40983e-06
2.00842e-06
2.00842e-06
2.78215e-06
2.78215e-06
3.75598e-06
3.75598e-06
4.95193e-06
4.95193e-06
6.38794e-06
6.38794e-06
8.07731e-06
8.07731e-06
1.00286e-05
1.00286e-05
1.22458e-05
1.22458e-05
1.47293e-05
1.47293e-05
1.74763e-05
1.74763e-05
2.04821e-05
2.04821e-05
2.37402e-05
2.37402e-05
2.72437e-05
2.72437e-05
3.09853e-05
3.09853e-05
3.49578e-05
3.49578e-05
3.91543e-05
3.91543e-05
4.35686e-05
4.35686e-05
4.81949e-05
4.81949e-05
5.30282e-05
5.30282e-05
5.80641e-05
5.80641e-05
6.32987e-05
6.32987e-05
6.87288e-05
6.87288e-05
7.43517e-05
7.43517e-05
8.01653e-05
8.01653e-05
8.61676e-05
8.61676e-05
9.23576e-05
9.23576e-05
9.8734e-05
9.8734e-05
0.000105296
0.000105296
0.000112044
0.000112044
0.000118978
0.000118978
0.000126097
0.000126097
0.000133403
0.000133403
0.000140895
0.000140895
0.000148575
0.000148575
0.000156443
0.000156443
0.000164501
0.000164501
0.000172751
0.000172751
0.000181193
0.000181193
0.000189829
0.000189829
0.00019866
0.00019866
0.00020769
0.00020769
0.000216919
0.000216919
0.000226349
0.000226349
0.000235983
0.000235983
0.000245823
0.000245823
0.000255872
0.000255872
0.00026613
0.00026613
0.000276601
0.000276601
0.000287288
0.000287288
0.000298193
0.000298193
0.000309319
0.000309319
0.000320667
0.000320667
0.000332242
0.000332242
0.000344046
0.000344046
0.000356082
0.000356082
0.000368353
0.000368353
0.000380861
0.000380861
0.00039361
0.00039361
0.000406604
0.000406604
0.000419844
0.000419844
0.000433335
0.000433335
0.00044708
0.00044708
0.000461081
0.000461081
0.000475343
0.000475343
0.000489869
0.000489869
0.000504661
0.000504661
0.000519725
0.000519725
0.000535063
0.000535063
0.000550678
0.000550678
0.000566575
0.000566575
0.000582758
0.000582758
0.000599228
0.000599228
0.000615992
0.000615992
0.000633051
0.000633051
0.000650411
0.000650411
0.000668074
0.000668074
0.000686045
0.000686045
0.000704328
0.000704328
0.000722926
0.000722926
0.000741844
0.000741844
0.000761085
0.000761085
0.000780653
0.000780653
0.000800553
0.000800553
0.000820788
0.000820788
0.000841362
0.000841362
0.00086228
0.00086228
0.000883545
0.000883545
0.000905162
0.000905162
0.000927134
0.000927134
0.000949466
0.000949466
0.000972162
0.000972162
0.000995225
0.000995225
0.00101866
0.00101866
0.00104247
0.00104247
0.00106666
0.00106666
0.00109124
0.00109124
0.0011162
0.0011162
0.00114156
0.00114156
0.00116731
0.00116731
0.00119347
0.00119347
0.00122002
0.00122002
0.00124699
0.00124699
0.00127437
0.00127437
0.00130216
0.00130216
0.00133037
0.00133037
0.00135901
0.00135901
0.00138807
0.00138807
0.00141757
0.00141757
0.0014475
0.0014475
0.00147786
0.00147786
0.00150867
0.00150867
0.00153992
0.00153992
0.00157163
0.00157163
0.00160378
0.00160378
0.00163639
0.00163639
0.00166945
0.00166945
0.00170298
0.00170298
0.00173696
0.00173696
0.00177142
0.00177142
0.00180634
0.00180634
0.00184173
0.00184173
0.0018776
0.0018776
0.00191394
0.00191394
0.00195076
0.00195076
0.00198805
0.00198805
0.00202583
0.00202583
0.00206409
0.00206409
0.00210283
0.00210283
0.00214205
0.00214205
0.00218176
0.00218176
0.00222195
0.00222195
0.00226262
0.00226262
0.00230379
0.00230379
0.00234543
0.00234543
0.00238756
0.00238756
0.00243017
0.00243017
0.00247326
0.00247326
0.00251683
0.00251683
0.00256088
0.00256088
0.00260541
0.00260541
0.00265041
0.00265041
0.00269587
0.00269587
0.0027418
0.0027418
0.0027882
0.0027882
0.00283505
0.00283505
0.00288235
0.00288235
0.0029301
0.0029301
0.00297829
0.00297829
0.00302692
0.00302692
0.00307597
0.00307597
0.00312544
0.00312544
0.00317532
0.00317532
0.0032256
0.0032256
0.00327628
0.00327628
0.00332734
0.00332734
0.00337876
0.00337876
0.00343055
0.00343055
0.00348268
0.00348268
0.00353515
0.00353515
0.00358793
0.00358793
0.00364102
0.00364102
0.00369439
0.00369439
0.00374804
0.00374804
0.00380193
0.00380193
0.00385606
0.00385606
0.0039104
0.0039104
0.00396493
0.00396493
0.00401963
0.00401963
0.00407448
0.00407448
0.00412944
0.00412944
0.0041845
0.0041845
0.00423962
0.00423962
0.00429479
0.00429479
0.00434995
0.00434995
0.0044051
0.0044051
0.00446018
0.00446018
0.00451517
0.00451517
0.00457003
0.00457003
0.00462472
0.00462472
0.0046792
0.0046792
0.00473343
0.00473343
0.00478737
0.00478737
0.00484097
0.00484097
0.00489417
0.00489417
0.00494694
0.00494694
0.00499922
0.00499922
0.00505095
0.00505095
0.00510208
0.00510208
0.00515255
0.00515255
0.0052023
0.0052023
0.00525127
0.00525127
0.00529938
0.00529938
0.00534658
0.00534658
0.00539278
0.00539278
0.00543792
0.00543792
0.00548192
0.00548192
0.0055247
0.0055247
0.00556618
0.00556618
0.00560628
0.00560628
0.00564491
0.00564491
0.00568198
0.00568198
0.0057174
0.0057174
0.00575108
0.00575108
0.00578294
0.00578294
0.00581286
0.00581286
0.00584076
0.00584076
0.00586655
0.00586655
0.00589012
0.00589012
0.00591139
0.00591139
0.00593027
0.00593027
0.00594667
0.00594667
0.00596051
0.00596051
0.00597172
0.00597172
0.00598024
0.00598024
0.00598602
0.00598602
0.00598903
0.00598903
0.00598926
0.00598926
0.00598673
0.00598673
0.00598148
0.00598148
0.00597358
0.00597358
0.00596317
0.00596317
0.00595042
0.00595042
0.00593555
0.00593555
0.00591887
0.00591887
0.00590073
0.00590073
0.00588157
0.00588157
0.00586191
0.00586191
0.00584233
0.00584233
0.00582349
0.00582349
0.00580609
0.00580609
0.00579086
0.00579086
0.00577852
0.00577852
0.00576977
0.00576977
0.00576517
0.00576517
0.00576517
0.00576517
0.00576977
0.00576977
0.00577852
0.00577852
0.00579086
0.00579086
0.00580609
0.00580609
0.00582349
0.00582349
0.00584233
0.00584233
0.00586191
0.00586191
0.00588157
0.00588157
0.00590073
0.00590073
0.00591887
0.00591887
0.00593555
0.00593555
0.00595042
0.00595042
0.00596317
0.00596317
0.00597358
0.00597358
0.00598147
0.00598147
0.00598673
0.00598673
0.00598926
0.00598926
0.00598903
0.00598903
0.00598602
0.00598602
0.00598024
0.00598024
0.00597172
0.00597172
0.0059605
0.0059605
0.00594666
0.00594666
0.00593027
0.00593027
0.00591139
0.00591139
0.00589012
0.00589012
0.00586654
0.00586654
0.00584076
0.00584076
0.00581286
0.00581286
0.00578293
0.00578293
0.00575108
0.00575108
0.0057174
0.0057174
0.00568197
0.00568197
0.0056449
0.0056449
0.00560627
0.00560627
0.00556618
0.00556618
0.0055247
0.0055247
0.00548192
0.00548192
0.00543792
0.00543792
0.00539278
0.00539278
0.00534657
0.00534657
0.00529938
0.00529938
0.00525126
0.00525126
0.0052023
0.0052023
0.00515255
0.00515255
0.00510208
0.00510208
0.00505095
0.00505095
0.00499921
0.00499921
0.00494694
0.00494694
0.00489417
0.00489417
0.00484096
0.00484096
0.00478737
0.00478737
0.00473343
0.00473343
0.0046792
0.0046792
0.00462472
0.00462472
0.00457003
0.00457003
0.00451517
0.00451517
0.00446018
0.00446018
0.00440509
0.00440509
0.00434995
0.00434995
0.00429478
0.00429478
0.00423962
0.00423962
0.0041845
0.0041845
0.00412944
0.00412944
0.00407447
0.00407447
0.00401963
0.00401963
0.00396493
0.00396493
0.0039104
0.0039104
0.00385606
0.00385606
0.00380193
0.00380193
0.00374804
0.00374804
0.00369439
0.00369439
0.00364102
0.00364102
0.00358793
0.00358793
0.00353515
0.00353515
0.00348268
0.00348268
0.00343055
0.00343055
0.00337876
0.00337876
0.00332734
0.00332734
0.00327628
0.00327628
0.0032256
0.0032256
0.00317532
0.00317532
0.00312544
0.00312544
0.00307597
0.00307597
0.00302692
0.00302692
0.00297829
0.00297829
0.0029301
0.0029301
0.00288235
0.00288235
0.00283505
0.00283505
0.0027882
0.0027882
0.00274181
0.00274181
0.00269587
0.00269587
0.00265041
0.00265041
0.00260541
0.00260541
0.00256088
0.00256088
0.00251683
0.00251683
0.00247326
0.00247326
0.00243017
0.00243017
0.00238756
0.00238756
0.00234543
0.00234543
0.00230379
0.00230379
0.00226262
0.00226262
0.00222195
0.00222195
0.00218176
0.00218176
0.00214205
0.00214205
0.00210283
0.00210283
0.00206409
0.00206409
0.00202583
0.00202583
0.00198805
0.00198805
0.00195076
0.00195076
0.00191394
0.00191394
0.0018776
0.0018776
0.00184173
0.00184173
0.00180634
0.00180634
0.00177142
0.00177142
0.00173696
0.00173696
0.00170298
0.00170298
0.00166945
0.00166945
0.00163639
0.00163639
0.00160378
0.00160378
0.00157163
0.00157163
0.00153992
0.00153992
0.00150867
0.00150867
0.00147786
0.00147786
0.0014475
0.0014475
0.00141757
0.00141757
0.00138807
0.00138807
0.00135901
0.00135901
0.00133037
0.00133037
0.00130216
0.00130216
0.00127437
0.00127437
0.00124699
0.00124699
0.00122002
0.00122002
0.00119347
0.00119347
0.00116731
0.00116731
0.00114156
0.00114156
0.0011162
0.0011162
0.00109124
0.00109124
0.00106666
0.00106666
0.00104247
0.00104247
0.00101866
0.00101866
0.000995225
0.000995225
0.000972162
0.000972162
0.000949466
0.000949466
0.000927134
0.000927134
0.000905162
0.000905162
0.000883545
0.000883545
0.00086228
0.00086228
0.000841362
0.000841362
0.000820788
0.000820788
0.000800553
0.000800553
0.000780653
0.000780653
0.000761085
0.000761085
0.000741844
0.000741844
0.000722926
0.000722926
0.000704328
0.000704328
0.000686046
0.000686046
0.000668074
0.000668074
0.000650411
0.000650411
0.000633051
0.000633051
0.000615992
0.000615992
0.000599228
0.000599228
0.000582758
0.000582758
0.000566575
0.000566575
0.000550678
0.000550678
0.000535063
0.000535063
0.000519725
0.000519725
0.000504662
0.000504662
0.000489869
0.000489869
0.000475343
0.000475343
0.000461081
0.000461081
0.00044708
0.00044708
0.000433335
0.000433335
0.000419844
0.000419844
0.000406604
0.000406604
0.00039361
0.00039361
0.000380861
0.000380861
0.000368353
0.000368353
0.000356082
0.000356082
0.000344046
0.000344046
0.000332242
0.000332242
0.000320667
0.000320667
0.000309319
0.000309319
0.000298193
0.000298193
0.000287288
0.000287288
0.000276602
0.000276602
0.00026613
0.00026613
0.000255872
0.000255872
0.000245823
0.000245823
0.000235983
0.000235983
0.000226349
0.000226349
0.000216919
0.000216919
0.00020769
0.00020769
0.00019866
0.00019866
0.000189829
0.000189829
0.000181193
0.000181193
0.000172751
0.000172751
0.000164501
0.000164501
0.000156443
0.000156443
0.000148575
0.000148575
0.000140895
0.000140895
0.000133403
0.000133403
0.000126097
0.000126097
0.000118978
0.000118978
0.000112044
0.000112044
0.000105296
0.000105296
9.8734e-05
9.8734e-05
9.23576e-05
9.23576e-05
8.61677e-05
8.61677e-05
8.01653e-05
8.01653e-05
7.43517e-05
7.43517e-05
6.87288e-05
6.87288e-05
6.32987e-05
6.32987e-05
5.80641e-05
5.80641e-05
5.30282e-05
5.30282e-05
4.81949e-05
4.81949e-05
4.35686e-05
4.35686e-05
3.91543e-05
3.91543e-05
3.49578e-05
3.49578e-05
3.09853e-05
3.09853e-05
2.72437e-05
2.72437e-05
2.37402e-05
2.37402e-05
2.04821e-05
2.04821e-05
1.74763e-05
1.74763e-05
1.47293e-05
1.47293e-05
1.22458e-05
1.22458e-05
1.00286e-05
1.00286e-05
8.07731e-06
8.07731e-06
6.38794e-06
6.38794e-06
4.95193e-06
4.95193e-06
3.75598e-06
3.75598e-06
2.78215e-06
2.78215e-06
2.00842e-06
2.00842e-06
1.40983e-06
1.40983e-06
9.59831e-07
9.59831e-07
6.31836e-07
6.31836e-07
4.00635e-07
4.00635e-07
2.43513e-07
2.43513e-07
1.4098e-07
1.4098e-07
7.70799e-08
7.70799e-08
3.93316e-08
3.93316e-08
1.84203e-08
1.84203e-08
7.72635e-09
7.72635e-09
2.79602e-09
2.79602e-09
8.2204e-10
8.2204e-10
1.77443e-10
1.77443e-10
2.43044e-11
2.43044e-11
3.41971e-12
3.41971e-12
2.82817e-12
2.82817e-12
0.00576517
0.00576517
0.00576977
0.00576977
0.00577852
0.00577852
0.00579086
0.00579086
0.00580609
0.00580609
0.00582349
0.00582349
0.00584233
0.00584233
0.00586191
0.00586191
0.00588157
0.00588157
0.00590073
0.00590073
0.00591887
0.00591887
0.00593555
0.00593555
0.00595042
0.00595042
0.00596317
0.00596317
0.00597358
0.00597358
0.00598147
0.00598147
0.00598673
0.00598673
0.00598926
0.00598926
0.00598903
0.00598903
0.00598602
0.00598602
0.00598024
0.00598024
0.00597172
0.00597172
0.0059605
0.0059605
0.00594666
0.00594666
0.00593027
0.00593027
0.00591139
0.00591139
0.00589012
0.00589012
0.00586654
0.00586654
0.00584076
0.00584076
0.00581286
0.00581286
0.00578293
0.00578293
0.00575108
0.00575108
0.0057174
0.0057174
0.00568197
0.00568197
0.0056449
0.0056449
0.00560627
0.00560627
0.00556618
0.00556618
0.0055247
0.0055247
0.00548192
0.00548192
0.00543792
0.00543792
0.00539278
0.00539278
0.00534657
0.00534657
0.00529938
0.00529938
0.00525126
0.00525126
0.0052023
0.0052023
0.00515255
0.00515255
0.00510208
0.00510208
0.00505095
0.00505095
0.00499921
0.00499921
0.00494694
0.00494694
0.00489417
0.00489417
0.00484096
0.00484096
0.00478737
0.00478737
0.00473343
0.00473343
0.0046792
0.0046792
0.00462472
0.00462472
0.00457003
0.00457003
0.00451517
0.00451517
0.00446018
0.00446018
0.00440509
0.00440509
0.00434995
0.00434995
0.00429478
0.00429478
0.00423962
0.00423962
0.0041845
0.0041845
0.00412944
0.00412944
0.00407447
0.00407447
0.00401963
0.00401963
0.00396493
0.00396493
0.0039104
0.0039104
0.00385606
0.00385606
0.00380193
0.00380193
0.00374804
0.00374804
0.00369439
0.00369439
0.00364102
0.00364102
0.00358793
0.00358793
0.00353515
0.00353515
0.00348268
0.00348268
0.00343055
0.00343055
0.00337876
0.00337876
0.00332734
0.00332734
0.00327628
0.00327628
0.0032256
0.0032256
0.00317532
0.00317532
0.00312544
0.00312544
0.00307597
0.00307597
0.00302692
0.00302692
0.00297829
0.00297829
0.0029301
0.0029301
0.00288235
0.00288235
0.00283505
0.00283505
0.0027882
0.0027882
0.00274181
0.00274181
0.00269587
0.00269587
0.00265041
0.00265041
0.00260541
0.00260541
0.00256088
0.00256088
0.00251683
0.00251683
0.00247326
0.00247326
0.00243017
0.00243017
0.00238756
0.00238756
0.00234543
0.00234543
0.00230379
0.00230379
0.00226262
0.00226262
0.00222195
0.00222195
0.00218176
0.00218176
0.00214205
0.00214205
0.00210283
0.00210283
0.00206409
0.00206409
0.00202583
0.00202583
0.00198805
0.00198805
0.00195076
0.00195076
0.00191394
0.00191394
0.0018776
0.0018776
0.00184173
0.00184173
0.00180634
0.00180634
0.00177142
0.00177142
0.00173696
0.00173696
0.00170298
0.00170298
0.00166945
0.00166945
0.00163639
0.00163639
0.00160378
0.00160378
0.00157163
0.00157163
0.00153992
0.00153992
0.00150867
0.00150867
0.00147786
0.00147786
0.0014475
0.0014475
0.00141757
0.00141757
0.00138807
0.00138807
0.00135901
0.00135901
0.00133037
0.00133037
0.00130216
0.00130216
0.00127437
0.00127437
0.00124699
0.00124699
0.00122002
0.00122002
0.00119347
0.00119347
0.00116731
0.00116731
0.00114156
0.00114156
0.0011162
0.0011162
0.00109124
0.00109124
0.00106666
0.00106666
0.00104247
0.00104247
0.00101866
0.00101866
0.000995225
0.000995225
0.000972162
0.000972162
0.000949466
0.000949466
0.000927134
0.000927134
0.000905162
0.000905162
0.000883545
0.000883545
0.00086228
0.00086228
0.000841362
0.000841362
0.000820788
0.000820788
0.000800553
0.000800553
0.000780653
0.000780653
0.000761085
0.000761085
0.000741844
0.000741844
0.000722926
0.000722926
0.000704328
0.000704328
0.000686046
0.000686046
0.000668074
0.000668074
0.000650411
0.000650411
0.000633051
0.000633051
0.000615992
0.000615992
0.000599228
0.000599228
0.000582758
0.000582758
0.000566575
0.000566575
0.000550678
0.000550678
0.000535063
0.000535063
0.000519725
0.000519725
0.000504662
0.000504662
0.000489869
0.000489869
0.000475343
0.000475343
0.000461081
0.000461081
0.00044708
0.00044708
0.000433335
0.000433335
0.000419844
0.000419844
0.000406604
0.000406604
0.00039361
0.00039361
0.000380861
0.000380861
0.000368353
0.000368353
0.000356082
0.000356082
0.000344046
0.000344046
0.000332242
0.000332242
0.000320667
0.000320667
0.000309319
0.000309319
0.000298193
0.000298193
0.000287288
0.000287288
0.000276602
0.000276602
0.00026613
0.00026613
0.000255872
0.000255872
0.000245823
0.000245823
0.000235983
0.000235983
0.000226349
0.000226349
0.000216919
0.000216919
0.00020769
0.00020769
0.00019866
0.00019866
0.000189829
0.000189829
0.000181193
0.000181193
0.000172751
0.000172751
0.000164501
0.000164501
0.000156443
0.000156443
0.000148575
0.000148575
0.000140895
0.000140895
0.000133403
0.000133403
0.000126097
0.000126097
0.000118978
0.000118978
0.000112044
0.000112044
0.000105296
0.000105296
9.8734e-05
9.8734e-05
9.23576e-05
9.23576e-05
8.61677e-05
8.61677e-05
8.01653e-05
8.01653e-05
7.43517e-05
7.43517e-05
6.87288e-05
6.87288e-05
6.32987e-05
6.32987e-05
5.80641e-05
5.80641e-05
5.30282e-05
5.30282e-05
4.81949e-05
4.81949e-05
4.35686e-05
4.35686e-05
3.91543e-05
3.91543e-05
3.49578e-05
3.49578e-05
3.09853e-05
3.09853e-05
2.72437e-05
2.72437e-05
2.37402e-05
2.37402e-05
2.04821e-05
2.04821e-05
1.74763e-05
1.74763e-05
1.47293e-05
1.47293e-05
1.22458e-05
1.22458e-05
1.00286e-05
1.00286e-05
8.07731e-06
8.07731e-06
6.38794e-06
6.38794e-06
4.95193e-06
4.95193e-06
3.75598e-06
3.75598e-06
2.78215e-06
2.78215e-06
2.00842e-06
2.00842e-06
1.40983e-06
1.40983e-06
9.59831e-07
9.59831e-07
6.31836e-07
6.31836e-07
4.00635e-07
4.00635e-07
2.43513e-07
2.43513e-07
1.4098e-07
1.4098e-07
7.70799e-08
7.70799e-08
3.93316e-08
3.93316e-08
1.84203e-08
1.84203e-08
7.72635e-09
7.72635e-09
2.79602e-09
2.79602e-09
8.2204e-10
8.2204e-10
1.77443e-10
1.77443e-10
2.43044e-11
2.43044e-11
3.41971e-12
3.41971e-12
2.82817e-12
2.82817e-12
)
;

boundaryField
{
    walls
    {
        type            nutUWallFunction;
        blending        stepwise;
        Cmu             0.09;
        kappa           0.41;
        E               9.8;
        value           uniform 0;
    }
    inlet
    {
        type            cyclic;
    }
    outlet
    {
        type            cyclic;
    }
    sides
    {
        type            empty;
    }
}


// ************************************************************************* //
