/*--------------------------------*- C++ -*----------------------------------*\
| =========                 |                                                 |
| \\      /  F ield         | OpenFOAM: The Open Source CFD Toolbox           |
|  \\    /   O peration     | Version:  2106                                  |
|   \\  /    A nd           | Website:  www.openfoam.com                      |
|    \\/     M anipulation  |                                                 |
\*---------------------------------------------------------------------------*/
FoamFile
{
    version     2.0;
    format      ascii;
    arch        "LSB;label=32;scalar=64";
    class       volScalarField;
    location    "10080";
    object      alphat;
}
// * * * * * * * * * * * * * * * * * * * * * * * * * * * * * * * * * * * * * //

dimensions      [0 2 -1 0 0 0 0];

internalField   nonuniform List<scalar> 
2000
(
8.14372e-15
8.14372e-15
7.03398e-15
7.03398e-15
9.55588e-15
9.55588e-15
3.32239e-14
3.32239e-14
1.34732e-13
1.34732e-13
4.46812e-13
4.46812e-13
1.22854e-12
1.22854e-12
2.93122e-12
2.93122e-12
6.28266e-12
6.28266e-12
1.2393e-11
1.2393e-11
2.28861e-11
2.28861e-11
4.00607e-11
4.00607e-11
6.70869e-11
6.70869e-11
1.08243e-10
1.08243e-10
1.69199e-10
1.69199e-10
2.57361e-10
2.57361e-10
3.82269e-10
3.82269e-10
5.5608e-10
5.5608e-10
7.94127e-10
7.94127e-10
1.11559e-09
1.11559e-09
1.54425e-09
1.54425e-09
2.10942e-09
2.10942e-09
2.84697e-09
2.84697e-09
3.80058e-09
3.80058e-09
5.02311e-09
5.02311e-09
6.57828e-09
6.57828e-09
8.54251e-09
8.54251e-09
1.10071e-08
1.10071e-08
1.40808e-08
1.40808e-08
1.78923e-08
1.78923e-08
2.25942e-08
2.25942e-08
2.83659e-08
2.83659e-08
3.54183e-08
3.54183e-08
4.39985e-08
4.39985e-08
5.43955e-08
5.43955e-08
6.69457e-08
6.69457e-08
8.20407e-08
8.20407e-08
1.00135e-07
1.00135e-07
1.21753e-07
1.21753e-07
1.47503e-07
1.47503e-07
1.78086e-07
1.78086e-07
2.14305e-07
2.14305e-07
2.57085e-07
2.57085e-07
3.07486e-07
3.07486e-07
3.66718e-07
3.66718e-07
4.36164e-07
4.36164e-07
5.17398e-07
5.17398e-07
6.1221e-07
6.1221e-07
7.2263e-07
7.2263e-07
8.50958e-07
8.50958e-07
9.99793e-07
9.99793e-07
1.17207e-06
1.17207e-06
1.37108e-06
1.37108e-06
1.60053e-06
1.60053e-06
1.86457e-06
1.86457e-06
2.16785e-06
2.16785e-06
2.51555e-06
2.51555e-06
2.91341e-06
2.91341e-06
3.36784e-06
3.36784e-06
3.88591e-06
3.88591e-06
4.47544e-06
4.47544e-06
5.14502e-06
5.14502e-06
5.9041e-06
5.9041e-06
6.76299e-06
6.76299e-06
7.73296e-06
7.73296e-06
8.82625e-06
8.82625e-06
1.00561e-05
1.00561e-05
1.14368e-05
1.14368e-05
1.29838e-05
1.29838e-05
1.47134e-05
1.47134e-05
1.66432e-05
1.66432e-05
1.87919e-05
1.87919e-05
2.11791e-05
2.11791e-05
2.38254e-05
2.38254e-05
2.67525e-05
2.67525e-05
2.99828e-05
2.99828e-05
3.35399e-05
3.35399e-05
3.74476e-05
3.74476e-05
4.17305e-05
4.17305e-05
4.64139e-05
4.64139e-05
5.1523e-05
5.1523e-05
5.70834e-05
5.70834e-05
6.31209e-05
6.31209e-05
6.96607e-05
6.96607e-05
7.67283e-05
7.67283e-05
8.43482e-05
8.43482e-05
9.25448e-05
9.25448e-05
0.000101341
0.000101341
0.000110761
0.000110761
0.000120825
0.000120825
0.000131554
0.000131554
0.000142968
0.000142968
0.000155085
0.000155085
0.000167923
0.000167923
0.000181497
0.000181497
0.000195824
0.000195824
0.000210916
0.000210916
0.000226786
0.000226786
0.000243446
0.000243446
0.000260907
0.000260907
0.000279179
0.000279179
0.000298269
0.000298269
0.000318186
0.000318186
0.000338938
0.000338938
0.000360531
0.000360531
0.000382971
0.000382971
0.000406264
0.000406264
0.000430415
0.000430415
0.000455428
0.000455428
0.000481308
0.000481308
0.000508059
0.000508059
0.000535685
0.000535685
0.000564191
0.000564191
0.000593578
0.000593578
0.000623852
0.000623852
0.000655016
0.000655016
0.000687073
0.000687073
0.000720026
0.000720026
0.000753879
0.000753879
0.000788636
0.000788636
0.0008243
0.0008243
0.000860874
0.000860874
0.000898361
0.000898361
0.000936766
0.000936766
0.000976092
0.000976092
0.00101634
0.00101634
0.00105752
0.00105752
0.00109963
0.00109963
0.00114267
0.00114267
0.00118665
0.00118665
0.00123158
0.00123158
0.00127744
0.00127744
0.00132426
0.00132426
0.00137203
0.00137203
0.00142075
0.00142075
0.00147043
0.00147043
0.00152107
0.00152107
0.00157267
0.00157267
0.00162523
0.00162523
0.00167877
0.00167877
0.00173327
0.00173327
0.00178875
0.00178875
0.00184519
0.00184519
0.00190262
0.00190262
0.00196101
0.00196101
0.00202039
0.00202039
0.00208074
0.00208074
0.00214206
0.00214206
0.00220436
0.00220436
0.00226764
0.00226764
0.00233188
0.00233188
0.0023971
0.0023971
0.00246329
0.00246329
0.00253045
0.00253045
0.00259857
0.00259857
0.00266765
0.00266765
0.00273768
0.00273768
0.00280866
0.00280866
0.00288058
0.00288058
0.00295344
0.00295344
0.00302723
0.00302723
0.00310194
0.00310194
0.00317756
0.00317756
0.00325408
0.00325408
0.00333149
0.00333149
0.00340979
0.00340979
0.00348894
0.00348894
0.00356895
0.00356895
0.0036498
0.0036498
0.00373147
0.00373147
0.00381394
0.00381394
0.0038972
0.0038972
0.00398122
0.00398122
0.00406599
0.00406599
0.00415148
0.00415148
0.00423767
0.00423767
0.00432453
0.00432453
0.00441204
0.00441204
0.00450016
0.00450016
0.00458888
0.00458888
0.00467815
0.00467815
0.00476794
0.00476794
0.00485822
0.00485822
0.00494895
0.00494895
0.00504009
0.00504009
0.0051316
0.0051316
0.00522343
0.00522343
0.00531554
0.00531554
0.00540789
0.00540789
0.00550041
0.00550041
0.00559306
0.00559306
0.00568579
0.00568579
0.00577852
0.00577852
0.00587122
0.00587122
0.0059638
0.0059638
0.0060562
0.0060562
0.00614836
0.00614836
0.0062402
0.0062402
0.00633164
0.00633164
0.00642261
0.00642261
0.00651302
0.00651302
0.00660279
0.00660279
0.00669183
0.00669183
0.00678004
0.00678004
0.00686732
0.00686732
0.00695359
0.00695359
0.00703872
0.00703872
0.00712261
0.00712261
0.00720516
0.00720516
0.00728623
0.00728623
0.00736572
0.00736572
0.00744349
0.00744349
0.00751941
0.00751941
0.00759336
0.00759336
0.00766518
0.00766518
0.00773475
0.00773475
0.0078019
0.0078019
0.0078665
0.0078665
0.0079284
0.0079284
0.00798742
0.00798742
0.00804342
0.00804342
0.00809624
0.00809624
0.00814571
0.00814571
0.00819168
0.00819168
0.00823398
0.00823398
0.00827246
0.00827246
0.00830697
0.00830697
0.00833738
0.00833738
0.00836353
0.00836353
0.00838534
0.00838534
0.00840268
0.00840268
0.0084155
0.0084155
0.00842374
0.00842374
0.00842741
0.00842741
0.00842654
0.00842654
0.00842124
0.00842124
0.00841166
0.00841166
0.00839805
0.00839805
0.00838073
0.00838073
0.00836013
0.00836013
0.0083368
0.0083368
0.00831139
0.00831139
0.00828469
0.00828469
0.00825761
0.00825761
0.00823116
0.00823116
0.00820645
0.00820645
0.00818462
0.00818462
0.00816682
0.00816682
0.00815411
0.00815411
0.00814741
0.00814741
8.14372e-15
8.14372e-15
7.03398e-15
7.03398e-15
9.55588e-15
9.55588e-15
3.32239e-14
3.32239e-14
1.34732e-13
1.34732e-13
4.46812e-13
4.46812e-13
1.22854e-12
1.22854e-12
2.93122e-12
2.93122e-12
6.28266e-12
6.28266e-12
1.2393e-11
1.2393e-11
2.28861e-11
2.28861e-11
4.00607e-11
4.00607e-11
6.70869e-11
6.70869e-11
1.08243e-10
1.08243e-10
1.69199e-10
1.69199e-10
2.57361e-10
2.57361e-10
3.82269e-10
3.82269e-10
5.5608e-10
5.5608e-10
7.94127e-10
7.94127e-10
1.11559e-09
1.11559e-09
1.54425e-09
1.54425e-09
2.10942e-09
2.10942e-09
2.84697e-09
2.84697e-09
3.80058e-09
3.80058e-09
5.02311e-09
5.02311e-09
6.57828e-09
6.57828e-09
8.54251e-09
8.54251e-09
1.10071e-08
1.10071e-08
1.40808e-08
1.40808e-08
1.78923e-08
1.78923e-08
2.25942e-08
2.25942e-08
2.83659e-08
2.83659e-08
3.54183e-08
3.54183e-08
4.39985e-08
4.39985e-08
5.43955e-08
5.43955e-08
6.69457e-08
6.69457e-08
8.20407e-08
8.20407e-08
1.00135e-07
1.00135e-07
1.21753e-07
1.21753e-07
1.47503e-07
1.47503e-07
1.78086e-07
1.78086e-07
2.14305e-07
2.14305e-07
2.57085e-07
2.57085e-07
3.07486e-07
3.07486e-07
3.66718e-07
3.66718e-07
4.36164e-07
4.36164e-07
5.17398e-07
5.17398e-07
6.1221e-07
6.1221e-07
7.2263e-07
7.2263e-07
8.50958e-07
8.50958e-07
9.99793e-07
9.99793e-07
1.17207e-06
1.17207e-06
1.37108e-06
1.37108e-06
1.60053e-06
1.60053e-06
1.86457e-06
1.86457e-06
2.16785e-06
2.16785e-06
2.51555e-06
2.51555e-06
2.91341e-06
2.91341e-06
3.36784e-06
3.36784e-06
3.88591e-06
3.88591e-06
4.47544e-06
4.47544e-06
5.14502e-06
5.14502e-06
5.9041e-06
5.9041e-06
6.76299e-06
6.76299e-06
7.73296e-06
7.73296e-06
8.82625e-06
8.82625e-06
1.00561e-05
1.00561e-05
1.14368e-05
1.14368e-05
1.29838e-05
1.29838e-05
1.47134e-05
1.47134e-05
1.66432e-05
1.66432e-05
1.87919e-05
1.87919e-05
2.11791e-05
2.11791e-05
2.38254e-05
2.38254e-05
2.67525e-05
2.67525e-05
2.99828e-05
2.99828e-05
3.35399e-05
3.35399e-05
3.74476e-05
3.74476e-05
4.17305e-05
4.17305e-05
4.64139e-05
4.64139e-05
5.1523e-05
5.1523e-05
5.70834e-05
5.70834e-05
6.31209e-05
6.31209e-05
6.96607e-05
6.96607e-05
7.67283e-05
7.67283e-05
8.43482e-05
8.43482e-05
9.25448e-05
9.25448e-05
0.000101341
0.000101341
0.000110761
0.000110761
0.000120825
0.000120825
0.000131554
0.000131554
0.000142968
0.000142968
0.000155085
0.000155085
0.000167923
0.000167923
0.000181497
0.000181497
0.000195824
0.000195824
0.000210916
0.000210916
0.000226786
0.000226786
0.000243446
0.000243446
0.000260907
0.000260907
0.000279179
0.000279179
0.000298269
0.000298269
0.000318186
0.000318186
0.000338938
0.000338938
0.000360531
0.000360531
0.000382971
0.000382971
0.000406264
0.000406264
0.000430415
0.000430415
0.000455428
0.000455428
0.000481308
0.000481308
0.000508059
0.000508059
0.000535685
0.000535685
0.000564191
0.000564191
0.000593578
0.000593578
0.000623852
0.000623852
0.000655016
0.000655016
0.000687073
0.000687073
0.000720026
0.000720026
0.000753879
0.000753879
0.000788636
0.000788636
0.0008243
0.0008243
0.000860874
0.000860874
0.000898361
0.000898361
0.000936766
0.000936766
0.000976092
0.000976092
0.00101634
0.00101634
0.00105752
0.00105752
0.00109963
0.00109963
0.00114267
0.00114267
0.00118665
0.00118665
0.00123158
0.00123158
0.00127744
0.00127744
0.00132426
0.00132426
0.00137203
0.00137203
0.00142075
0.00142075
0.00147043
0.00147043
0.00152107
0.00152107
0.00157267
0.00157267
0.00162523
0.00162523
0.00167877
0.00167877
0.00173327
0.00173327
0.00178875
0.00178875
0.00184519
0.00184519
0.00190262
0.00190262
0.00196101
0.00196101
0.00202039
0.00202039
0.00208074
0.00208074
0.00214206
0.00214206
0.00220436
0.00220436
0.00226764
0.00226764
0.00233188
0.00233188
0.0023971
0.0023971
0.00246329
0.00246329
0.00253045
0.00253045
0.00259857
0.00259857
0.00266765
0.00266765
0.00273768
0.00273768
0.00280866
0.00280866
0.00288058
0.00288058
0.00295344
0.00295344
0.00302723
0.00302723
0.00310194
0.00310194
0.00317756
0.00317756
0.00325408
0.00325408
0.00333149
0.00333149
0.00340979
0.00340979
0.00348894
0.00348894
0.00356895
0.00356895
0.0036498
0.0036498
0.00373147
0.00373147
0.00381394
0.00381394
0.0038972
0.0038972
0.00398122
0.00398122
0.00406599
0.00406599
0.00415148
0.00415148
0.00423767
0.00423767
0.00432453
0.00432453
0.00441204
0.00441204
0.00450016
0.00450016
0.00458888
0.00458888
0.00467815
0.00467815
0.00476794
0.00476794
0.00485822
0.00485822
0.00494895
0.00494895
0.00504009
0.00504009
0.0051316
0.0051316
0.00522343
0.00522343
0.00531554
0.00531554
0.00540789
0.00540789
0.00550041
0.00550041
0.00559306
0.00559306
0.00568579
0.00568579
0.00577852
0.00577852
0.00587122
0.00587122
0.0059638
0.0059638
0.0060562
0.0060562
0.00614836
0.00614836
0.0062402
0.0062402
0.00633164
0.00633164
0.00642261
0.00642261
0.00651302
0.00651302
0.00660279
0.00660279
0.00669183
0.00669183
0.00678004
0.00678004
0.00686732
0.00686732
0.00695359
0.00695359
0.00703872
0.00703872
0.00712261
0.00712261
0.00720516
0.00720516
0.00728623
0.00728623
0.00736572
0.00736572
0.00744349
0.00744349
0.00751941
0.00751941
0.00759336
0.00759336
0.00766518
0.00766518
0.00773475
0.00773475
0.0078019
0.0078019
0.0078665
0.0078665
0.0079284
0.0079284
0.00798742
0.00798742
0.00804342
0.00804342
0.00809624
0.00809624
0.00814571
0.00814571
0.00819168
0.00819168
0.00823398
0.00823398
0.00827246
0.00827246
0.00830697
0.00830697
0.00833738
0.00833738
0.00836353
0.00836353
0.00838534
0.00838534
0.00840268
0.00840268
0.0084155
0.0084155
0.00842374
0.00842374
0.00842741
0.00842741
0.00842654
0.00842654
0.00842124
0.00842124
0.00841166
0.00841166
0.00839805
0.00839805
0.00838073
0.00838073
0.00836013
0.00836013
0.0083368
0.0083368
0.00831139
0.00831139
0.00828469
0.00828469
0.00825761
0.00825761
0.00823116
0.00823116
0.00820645
0.00820645
0.00818462
0.00818462
0.00816682
0.00816682
0.00815411
0.00815411
0.00814741
0.00814741
0.00814741
0.00814741
0.00815411
0.00815411
0.00816682
0.00816682
0.00818462
0.00818462
0.00820645
0.00820645
0.00823116
0.00823116
0.00825761
0.00825761
0.00828469
0.00828469
0.00831139
0.00831139
0.0083368
0.0083368
0.00836013
0.00836013
0.00838073
0.00838073
0.00839805
0.00839805
0.00841166
0.00841166
0.00842124
0.00842124
0.00842654
0.00842654
0.00842741
0.00842741
0.00842374
0.00842374
0.00841549
0.00841549
0.00840268
0.00840268
0.00838533
0.00838533
0.00836353
0.00836353
0.00833737
0.00833737
0.00830697
0.00830697
0.00827246
0.00827246
0.00823398
0.00823398
0.00819167
0.00819167
0.00814571
0.00814571
0.00809624
0.00809624
0.00804342
0.00804342
0.00798742
0.00798742
0.00792839
0.00792839
0.0078665
0.0078665
0.0078019
0.0078019
0.00773474
0.00773474
0.00766518
0.00766518
0.00759335
0.00759335
0.00751941
0.00751941
0.00744349
0.00744349
0.00736572
0.00736572
0.00728623
0.00728623
0.00720516
0.00720516
0.00712261
0.00712261
0.00703872
0.00703872
0.00695358
0.00695358
0.00686732
0.00686732
0.00678003
0.00678003
0.00669182
0.00669182
0.00660279
0.00660279
0.00651302
0.00651302
0.00642261
0.00642261
0.00633164
0.00633164
0.0062402
0.0062402
0.00614836
0.00614836
0.0060562
0.0060562
0.0059638
0.0059638
0.00587121
0.00587121
0.00577852
0.00577852
0.00568579
0.00568579
0.00559306
0.00559306
0.00550041
0.00550041
0.00540788
0.00540788
0.00531554
0.00531554
0.00522343
0.00522343
0.0051316
0.0051316
0.00504009
0.00504009
0.00494895
0.00494895
0.00485822
0.00485822
0.00476794
0.00476794
0.00467815
0.00467815
0.00458888
0.00458888
0.00450016
0.00450016
0.00441204
0.00441204
0.00432453
0.00432453
0.00423767
0.00423767
0.00415148
0.00415148
0.00406599
0.00406599
0.00398122
0.00398122
0.0038972
0.0038972
0.00381394
0.00381394
0.00373147
0.00373147
0.0036498
0.0036498
0.00356895
0.00356895
0.00348894
0.00348894
0.00340979
0.00340979
0.00333149
0.00333149
0.00325408
0.00325408
0.00317756
0.00317756
0.00310194
0.00310194
0.00302723
0.00302723
0.00295344
0.00295344
0.00288058
0.00288058
0.00280866
0.00280866
0.00273768
0.00273768
0.00266764
0.00266764
0.00259857
0.00259857
0.00253045
0.00253045
0.00246329
0.00246329
0.0023971
0.0023971
0.00233188
0.00233188
0.00226764
0.00226764
0.00220436
0.00220436
0.00214206
0.00214206
0.00208073
0.00208073
0.00202039
0.00202039
0.00196101
0.00196101
0.00190262
0.00190262
0.00184519
0.00184519
0.00178875
0.00178875
0.00173327
0.00173327
0.00167877
0.00167877
0.00162523
0.00162523
0.00157267
0.00157267
0.00152107
0.00152107
0.00147043
0.00147043
0.00142075
0.00142075
0.00137203
0.00137203
0.00132426
0.00132426
0.00127744
0.00127744
0.00123158
0.00123158
0.00118665
0.00118665
0.00114267
0.00114267
0.00109963
0.00109963
0.00105752
0.00105752
0.00101634
0.00101634
0.000976092
0.000976092
0.000936766
0.000936766
0.000898361
0.000898361
0.000860873
0.000860873
0.0008243
0.0008243
0.000788636
0.000788636
0.000753879
0.000753879
0.000720026
0.000720026
0.000687073
0.000687073
0.000655016
0.000655016
0.000623852
0.000623852
0.000593578
0.000593578
0.00056419
0.00056419
0.000535685
0.000535685
0.000508059
0.000508059
0.000481308
0.000481308
0.000455428
0.000455428
0.000430415
0.000430415
0.000406264
0.000406264
0.000382971
0.000382971
0.000360531
0.000360531
0.000338938
0.000338938
0.000318186
0.000318186
0.000298269
0.000298269
0.000279179
0.000279179
0.000260907
0.000260907
0.000243446
0.000243446
0.000226786
0.000226786
0.000210916
0.000210916
0.000195824
0.000195824
0.000181497
0.000181497
0.000167923
0.000167923
0.000155085
0.000155085
0.000142968
0.000142968
0.000131554
0.000131554
0.000120825
0.000120825
0.000110761
0.000110761
0.000101341
0.000101341
9.25447e-05
9.25447e-05
8.43482e-05
8.43482e-05
7.67282e-05
7.67282e-05
6.96607e-05
6.96607e-05
6.31208e-05
6.31208e-05
5.70834e-05
5.70834e-05
5.1523e-05
5.1523e-05
4.64138e-05
4.64138e-05
4.17305e-05
4.17305e-05
3.74476e-05
3.74476e-05
3.35399e-05
3.35399e-05
2.99828e-05
2.99828e-05
2.67524e-05
2.67524e-05
2.38254e-05
2.38254e-05
2.11791e-05
2.11791e-05
1.87919e-05
1.87919e-05
1.66432e-05
1.66432e-05
1.47134e-05
1.47134e-05
1.29838e-05
1.29838e-05
1.14368e-05
1.14368e-05
1.00561e-05
1.00561e-05
8.82624e-06
8.82624e-06
7.73296e-06
7.73296e-06
6.76299e-06
6.76299e-06
5.90409e-06
5.90409e-06
5.14502e-06
5.14502e-06
4.47544e-06
4.47544e-06
3.88591e-06
3.88591e-06
3.36784e-06
3.36784e-06
2.91341e-06
2.91341e-06
2.51555e-06
2.51555e-06
2.16785e-06
2.16785e-06
1.86457e-06
1.86457e-06
1.60053e-06
1.60053e-06
1.37108e-06
1.37108e-06
1.17207e-06
1.17207e-06
9.99793e-07
9.99793e-07
8.50958e-07
8.50958e-07
7.2263e-07
7.2263e-07
6.1221e-07
6.1221e-07
5.17398e-07
5.17398e-07
4.36164e-07
4.36164e-07
3.66718e-07
3.66718e-07
3.07486e-07
3.07486e-07
2.57085e-07
2.57085e-07
2.14305e-07
2.14305e-07
1.78086e-07
1.78086e-07
1.47503e-07
1.47503e-07
1.21753e-07
1.21753e-07
1.00135e-07
1.00135e-07
8.20407e-08
8.20407e-08
6.69457e-08
6.69457e-08
5.43955e-08
5.43955e-08
4.39985e-08
4.39985e-08
3.54183e-08
3.54183e-08
2.83659e-08
2.83659e-08
2.25942e-08
2.25942e-08
1.78923e-08
1.78923e-08
1.40808e-08
1.40808e-08
1.10071e-08
1.10071e-08
8.54251e-09
8.54251e-09
6.57828e-09
6.57828e-09
5.02311e-09
5.02311e-09
3.80058e-09
3.80058e-09
2.84697e-09
2.84697e-09
2.10942e-09
2.10942e-09
1.54425e-09
1.54425e-09
1.11559e-09
1.11559e-09
7.94127e-10
7.94127e-10
5.5608e-10
5.5608e-10
3.82269e-10
3.82269e-10
2.57361e-10
2.57361e-10
1.69199e-10
1.69199e-10
1.08243e-10
1.08243e-10
6.70869e-11
6.70869e-11
4.00608e-11
4.00608e-11
2.28861e-11
2.28861e-11
1.2393e-11
1.2393e-11
6.28265e-12
6.28265e-12
2.93122e-12
2.93122e-12
1.22854e-12
1.22854e-12
4.46812e-13
4.46812e-13
1.34732e-13
1.34732e-13
3.3224e-14
3.3224e-14
9.55595e-15
9.55595e-15
7.03405e-15
7.03405e-15
8.1438e-15
8.1438e-15
0.00814741
0.00814741
0.00815411
0.00815411
0.00816682
0.00816682
0.00818462
0.00818462
0.00820645
0.00820645
0.00823116
0.00823116
0.00825761
0.00825761
0.00828469
0.00828469
0.00831139
0.00831139
0.0083368
0.0083368
0.00836013
0.00836013
0.00838073
0.00838073
0.00839805
0.00839805
0.00841166
0.00841166
0.00842124
0.00842124
0.00842654
0.00842654
0.00842741
0.00842741
0.00842374
0.00842374
0.00841549
0.00841549
0.00840268
0.00840268
0.00838533
0.00838533
0.00836353
0.00836353
0.00833737
0.00833737
0.00830697
0.00830697
0.00827246
0.00827246
0.00823398
0.00823398
0.00819167
0.00819167
0.00814571
0.00814571
0.00809624
0.00809624
0.00804342
0.00804342
0.00798742
0.00798742
0.00792839
0.00792839
0.0078665
0.0078665
0.0078019
0.0078019
0.00773474
0.00773474
0.00766518
0.00766518
0.00759335
0.00759335
0.00751941
0.00751941
0.00744349
0.00744349
0.00736572
0.00736572
0.00728623
0.00728623
0.00720516
0.00720516
0.00712261
0.00712261
0.00703872
0.00703872
0.00695358
0.00695358
0.00686732
0.00686732
0.00678003
0.00678003
0.00669182
0.00669182
0.00660279
0.00660279
0.00651302
0.00651302
0.00642261
0.00642261
0.00633164
0.00633164
0.0062402
0.0062402
0.00614836
0.00614836
0.0060562
0.0060562
0.0059638
0.0059638
0.00587121
0.00587121
0.00577852
0.00577852
0.00568579
0.00568579
0.00559306
0.00559306
0.00550041
0.00550041
0.00540788
0.00540788
0.00531554
0.00531554
0.00522343
0.00522343
0.0051316
0.0051316
0.00504009
0.00504009
0.00494895
0.00494895
0.00485822
0.00485822
0.00476794
0.00476794
0.00467815
0.00467815
0.00458888
0.00458888
0.00450016
0.00450016
0.00441204
0.00441204
0.00432453
0.00432453
0.00423767
0.00423767
0.00415148
0.00415148
0.00406599
0.00406599
0.00398122
0.00398122
0.0038972
0.0038972
0.00381394
0.00381394
0.00373147
0.00373147
0.0036498
0.0036498
0.00356895
0.00356895
0.00348894
0.00348894
0.00340979
0.00340979
0.00333149
0.00333149
0.00325408
0.00325408
0.00317756
0.00317756
0.00310194
0.00310194
0.00302723
0.00302723
0.00295344
0.00295344
0.00288058
0.00288058
0.00280866
0.00280866
0.00273768
0.00273768
0.00266764
0.00266764
0.00259857
0.00259857
0.00253045
0.00253045
0.00246329
0.00246329
0.0023971
0.0023971
0.00233188
0.00233188
0.00226764
0.00226764
0.00220436
0.00220436
0.00214206
0.00214206
0.00208073
0.00208073
0.00202039
0.00202039
0.00196101
0.00196101
0.00190262
0.00190262
0.00184519
0.00184519
0.00178875
0.00178875
0.00173327
0.00173327
0.00167877
0.00167877
0.00162523
0.00162523
0.00157267
0.00157267
0.00152107
0.00152107
0.00147043
0.00147043
0.00142075
0.00142075
0.00137203
0.00137203
0.00132426
0.00132426
0.00127744
0.00127744
0.00123158
0.00123158
0.00118665
0.00118665
0.00114267
0.00114267
0.00109963
0.00109963
0.00105752
0.00105752
0.00101634
0.00101634
0.000976092
0.000976092
0.000936766
0.000936766
0.000898361
0.000898361
0.000860873
0.000860873
0.0008243
0.0008243
0.000788636
0.000788636
0.000753879
0.000753879
0.000720026
0.000720026
0.000687073
0.000687073
0.000655016
0.000655016
0.000623852
0.000623852
0.000593578
0.000593578
0.00056419
0.00056419
0.000535685
0.000535685
0.000508059
0.000508059
0.000481308
0.000481308
0.000455428
0.000455428
0.000430415
0.000430415
0.000406264
0.000406264
0.000382971
0.000382971
0.000360531
0.000360531
0.000338938
0.000338938
0.000318186
0.000318186
0.000298269
0.000298269
0.000279179
0.000279179
0.000260907
0.000260907
0.000243446
0.000243446
0.000226786
0.000226786
0.000210916
0.000210916
0.000195824
0.000195824
0.000181497
0.000181497
0.000167923
0.000167923
0.000155085
0.000155085
0.000142968
0.000142968
0.000131554
0.000131554
0.000120825
0.000120825
0.000110761
0.000110761
0.000101341
0.000101341
9.25447e-05
9.25447e-05
8.43482e-05
8.43482e-05
7.67282e-05
7.67282e-05
6.96607e-05
6.96607e-05
6.31208e-05
6.31208e-05
5.70834e-05
5.70834e-05
5.1523e-05
5.1523e-05
4.64138e-05
4.64138e-05
4.17305e-05
4.17305e-05
3.74476e-05
3.74476e-05
3.35399e-05
3.35399e-05
2.99828e-05
2.99828e-05
2.67524e-05
2.67524e-05
2.38254e-05
2.38254e-05
2.11791e-05
2.11791e-05
1.87919e-05
1.87919e-05
1.66432e-05
1.66432e-05
1.47134e-05
1.47134e-05
1.29838e-05
1.29838e-05
1.14368e-05
1.14368e-05
1.00561e-05
1.00561e-05
8.82624e-06
8.82624e-06
7.73296e-06
7.73296e-06
6.76299e-06
6.76299e-06
5.90409e-06
5.90409e-06
5.14502e-06
5.14502e-06
4.47544e-06
4.47544e-06
3.88591e-06
3.88591e-06
3.36784e-06
3.36784e-06
2.91341e-06
2.91341e-06
2.51555e-06
2.51555e-06
2.16785e-06
2.16785e-06
1.86457e-06
1.86457e-06
1.60053e-06
1.60053e-06
1.37108e-06
1.37108e-06
1.17207e-06
1.17207e-06
9.99793e-07
9.99793e-07
8.50958e-07
8.50958e-07
7.2263e-07
7.2263e-07
6.1221e-07
6.1221e-07
5.17398e-07
5.17398e-07
4.36164e-07
4.36164e-07
3.66718e-07
3.66718e-07
3.07486e-07
3.07486e-07
2.57085e-07
2.57085e-07
2.14305e-07
2.14305e-07
1.78086e-07
1.78086e-07
1.47503e-07
1.47503e-07
1.21753e-07
1.21753e-07
1.00135e-07
1.00135e-07
8.20407e-08
8.20407e-08
6.69457e-08
6.69457e-08
5.43955e-08
5.43955e-08
4.39985e-08
4.39985e-08
3.54183e-08
3.54183e-08
2.83659e-08
2.83659e-08
2.25942e-08
2.25942e-08
1.78923e-08
1.78923e-08
1.40808e-08
1.40808e-08
1.10071e-08
1.10071e-08
8.54251e-09
8.54251e-09
6.57828e-09
6.57828e-09
5.02311e-09
5.02311e-09
3.80058e-09
3.80058e-09
2.84697e-09
2.84697e-09
2.10942e-09
2.10942e-09
1.54425e-09
1.54425e-09
1.11559e-09
1.11559e-09
7.94127e-10
7.94127e-10
5.5608e-10
5.5608e-10
3.82269e-10
3.82269e-10
2.57361e-10
2.57361e-10
1.69199e-10
1.69199e-10
1.08243e-10
1.08243e-10
6.70869e-11
6.70869e-11
4.00608e-11
4.00608e-11
2.28861e-11
2.28861e-11
1.2393e-11
1.2393e-11
6.28265e-12
6.28265e-12
2.93122e-12
2.93122e-12
1.22854e-12
1.22854e-12
4.46812e-13
4.46812e-13
1.34732e-13
1.34732e-13
3.3224e-14
3.3224e-14
9.55595e-15
9.55595e-15
7.03405e-15
7.03405e-15
8.1438e-15
8.1438e-15
)
;

boundaryField
{
    walls
    {
        type            alphatJayatillekeWallFunction;
        Prt             0.85;
        kappa           0.41;
        E               9.8;
        value           uniform 0;
    }
    inlet
    {
        type            cyclic;
    }
    outlet
    {
        type            cyclic;
    }
    sides
    {
        type            empty;
    }
}


// ************************************************************************* //
