/*--------------------------------*- C++ -*----------------------------------*\
| =========                 |                                                 |
| \\      /  F ield         | OpenFOAM: The Open Source CFD Toolbox           |
|  \\    /   O peration     | Version:  2106                                  |
|   \\  /    A nd           | Website:  www.openfoam.com                      |
|    \\/     M anipulation  |                                                 |
\*---------------------------------------------------------------------------*/
FoamFile
{
    version     2.0;
    format      ascii;
    arch        "LSB;label=32;scalar=64";
    class       volScalarField;
    location    "10080";
    object      nut;
}
// * * * * * * * * * * * * * * * * * * * * * * * * * * * * * * * * * * * * * //

dimensions      [0 2 -1 0 0 0 0];

internalField   nonuniform List<scalar> 
2000
(
6.92215e-15
6.92215e-15
5.97886e-15
5.97886e-15
8.12236e-15
8.12236e-15
2.82393e-14
2.82393e-14
1.14517e-13
1.14517e-13
3.79775e-13
3.79775e-13
1.04421e-12
1.04421e-12
2.49143e-12
2.49143e-12
5.34004e-12
5.34004e-12
1.05336e-11
1.05336e-11
1.94524e-11
1.94524e-11
3.40502e-11
3.40502e-11
5.70215e-11
5.70215e-11
9.20025e-11
9.20025e-11
1.43814e-10
1.43814e-10
2.18748e-10
2.18748e-10
3.24915e-10
3.24915e-10
4.72648e-10
4.72648e-10
6.7498e-10
6.7498e-10
9.4821e-10
9.4821e-10
1.31256e-09
1.31256e-09
1.79293e-09
1.79293e-09
2.41983e-09
2.41983e-09
3.23036e-09
3.23036e-09
4.26947e-09
4.26947e-09
5.59131e-09
5.59131e-09
7.26084e-09
7.26084e-09
9.35567e-09
9.35567e-09
1.19682e-08
1.19682e-08
1.52079e-08
1.52079e-08
1.92043e-08
1.92043e-08
2.411e-08
2.411e-08
3.01043e-08
3.01043e-08
3.73973e-08
3.73973e-08
4.62343e-08
4.62343e-08
5.69016e-08
5.69016e-08
6.97318e-08
6.97318e-08
8.5111e-08
8.5111e-08
1.03486e-07
1.03486e-07
1.25373e-07
1.25373e-07
1.51367e-07
1.51367e-07
1.82152e-07
1.82152e-07
2.18514e-07
2.18514e-07
2.61353e-07
2.61353e-07
3.11698e-07
3.11698e-07
3.70725e-07
3.70725e-07
4.39771e-07
4.39771e-07
5.20358e-07
5.20358e-07
6.14211e-07
6.14211e-07
7.23286e-07
7.23286e-07
8.49791e-07
8.49791e-07
9.96218e-07
9.96218e-07
1.16537e-06
1.16537e-06
1.3604e-06
1.3604e-06
1.58483e-06
1.58483e-06
1.84261e-06
1.84261e-06
2.13813e-06
2.13813e-06
2.47631e-06
2.47631e-06
2.86256e-06
2.86256e-06
3.3029e-06
3.3029e-06
3.80398e-06
3.80398e-06
4.37311e-06
4.37311e-06
5.0183e-06
5.0183e-06
5.74833e-06
5.74833e-06
6.57278e-06
6.57278e-06
7.50204e-06
7.50204e-06
8.54738e-06
8.54738e-06
9.72095e-06
9.72095e-06
1.10358e-05
1.10358e-05
1.25059e-05
1.25059e-05
1.41463e-05
1.41463e-05
1.59726e-05
1.59726e-05
1.80016e-05
1.80016e-05
2.02509e-05
2.02509e-05
2.27388e-05
2.27388e-05
2.54846e-05
2.54846e-05
2.85079e-05
2.85079e-05
3.18294e-05
3.18294e-05
3.54698e-05
3.54698e-05
3.94505e-05
3.94505e-05
4.37931e-05
4.37931e-05
4.85194e-05
4.85194e-05
5.3651e-05
5.3651e-05
5.92098e-05
5.92098e-05
6.5217e-05
6.5217e-05
7.16938e-05
7.16938e-05
7.86607e-05
7.86607e-05
8.61376e-05
8.61376e-05
9.41439e-05
9.41439e-05
0.000102698
0.000102698
0.000111817
0.000111817
0.000121519
0.000121519
0.000131818
0.000131818
0.00014273
0.00014273
0.000154268
0.000154268
0.000166446
0.000166446
0.000179274
0.000179274
0.000192763
0.000192763
0.000206924
0.000206924
0.000221765
0.000221765
0.000237296
0.000237296
0.000253522
0.000253522
0.000270452
0.000270452
0.00028809
0.00028809
0.000306444
0.000306444
0.000325518
0.000325518
0.000345316
0.000345316
0.000365844
0.000365844
0.000387104
0.000387104
0.000409102
0.000409102
0.00043184
0.00043184
0.000455322
0.000455322
0.000479551
0.000479551
0.00050453
0.00050453
0.000530262
0.000530262
0.000556751
0.000556751
0.000583999
0.000583999
0.000612008
0.000612008
0.000640783
0.000640783
0.000670326
0.000670326
0.000700639
0.000700639
0.000731726
0.000731726
0.00076359
0.00076359
0.000796234
0.000796234
0.00082966
0.00082966
0.000863871
0.000863871
0.000898872
0.000898872
0.000934663
0.000934663
0.00097125
0.00097125
0.00100863
0.00100863
0.00104682
0.00104682
0.0010858
0.0010858
0.0011256
0.0011256
0.0011662
0.0011662
0.00120761
0.00120761
0.00124984
0.00124984
0.00129288
0.00129288
0.00133674
0.00133674
0.00138142
0.00138142
0.00142692
0.00142692
0.00147325
0.00147325
0.0015204
0.0015204
0.00156838
0.00156838
0.00161719
0.00161719
0.00166682
0.00166682
0.00171729
0.00171729
0.00176859
0.00176859
0.00182071
0.00182071
0.00187366
0.00187366
0.00192745
0.00192745
0.00198206
0.00198206
0.00203749
0.00203749
0.00209375
0.00209375
0.00215083
0.00215083
0.00220873
0.00220873
0.00226745
0.00226745
0.00232697
0.00232697
0.00238731
0.00238731
0.00244844
0.00244844
0.00251037
0.00251037
0.00257309
0.00257309
0.00263659
0.00263659
0.00270086
0.00270086
0.00276591
0.00276591
0.00283171
0.00283171
0.00289825
0.00289825
0.00296553
0.00296553
0.00303354
0.00303354
0.00310226
0.00310226
0.00317168
0.00317168
0.00324178
0.00324178
0.00331254
0.00331254
0.00338396
0.00338396
0.00345601
0.00345601
0.00352868
0.00352868
0.00360193
0.00360193
0.00367577
0.00367577
0.00375015
0.00375015
0.00382505
0.00382505
0.00390046
0.00390046
0.00397633
0.00397633
0.00405266
0.00405266
0.00412939
0.00412939
0.00420651
0.00420651
0.00428398
0.00428398
0.00436176
0.00436176
0.00443981
0.00443981
0.00451811
0.00451811
0.0045966
0.0045966
0.00467524
0.00467524
0.00475399
0.00475399
0.00483281
0.00483281
0.00491163
0.00491163
0.00499042
0.00499042
0.00506911
0.00506911
0.00514765
0.00514765
0.00522598
0.00522598
0.00530405
0.00530405
0.00538177
0.00538177
0.00545909
0.00545909
0.00553594
0.00553594
0.00561224
0.00561224
0.00568792
0.00568792
0.0057629
0.0057629
0.00583709
0.00583709
0.00591041
0.00591041
0.00598277
0.00598277
0.00605408
0.00605408
0.00612424
0.00612424
0.00619316
0.00619316
0.00626072
0.00626072
0.00632682
0.00632682
0.00639135
0.00639135
0.0064542
0.0064542
0.00651525
0.00651525
0.00657438
0.00657438
0.00663146
0.00663146
0.00668637
0.00668637
0.00673898
0.00673898
0.00678915
0.00678915
0.00683675
0.00683675
0.00688164
0.00688164
0.00692369
0.00692369
0.00696276
0.00696276
0.00699872
0.00699872
0.00703143
0.00703143
0.00706076
0.00706076
0.0070866
0.0070866
0.00710884
0.00710884
0.00712737
0.00712737
0.00714211
0.00714211
0.007153
0.007153
0.00716001
0.00716001
0.00716313
0.00716313
0.00716239
0.00716239
0.00715788
0.00715788
0.00714974
0.00714974
0.00713817
0.00713817
0.00712344
0.00712344
0.00710594
0.00710594
0.0070861
0.0070861
0.00706451
0.00706451
0.00704181
0.00704181
0.00701879
0.00701879
0.00699631
0.00699631
0.0069753
0.0069753
0.00695675
0.00695675
0.00694161
0.00694161
0.00693081
0.00693081
0.00692512
0.00692512
6.92215e-15
6.92215e-15
5.97886e-15
5.97886e-15
8.12236e-15
8.12236e-15
2.82393e-14
2.82393e-14
1.14517e-13
1.14517e-13
3.79775e-13
3.79775e-13
1.04421e-12
1.04421e-12
2.49143e-12
2.49143e-12
5.34004e-12
5.34004e-12
1.05336e-11
1.05336e-11
1.94524e-11
1.94524e-11
3.40502e-11
3.40502e-11
5.70215e-11
5.70215e-11
9.20025e-11
9.20025e-11
1.43814e-10
1.43814e-10
2.18748e-10
2.18748e-10
3.24915e-10
3.24915e-10
4.72648e-10
4.72648e-10
6.7498e-10
6.7498e-10
9.4821e-10
9.4821e-10
1.31256e-09
1.31256e-09
1.79293e-09
1.79293e-09
2.41983e-09
2.41983e-09
3.23036e-09
3.23036e-09
4.26947e-09
4.26947e-09
5.59131e-09
5.59131e-09
7.26084e-09
7.26084e-09
9.35567e-09
9.35567e-09
1.19682e-08
1.19682e-08
1.52079e-08
1.52079e-08
1.92043e-08
1.92043e-08
2.411e-08
2.411e-08
3.01043e-08
3.01043e-08
3.73973e-08
3.73973e-08
4.62343e-08
4.62343e-08
5.69016e-08
5.69016e-08
6.97318e-08
6.97318e-08
8.5111e-08
8.5111e-08
1.03486e-07
1.03486e-07
1.25373e-07
1.25373e-07
1.51367e-07
1.51367e-07
1.82152e-07
1.82152e-07
2.18514e-07
2.18514e-07
2.61353e-07
2.61353e-07
3.11698e-07
3.11698e-07
3.70725e-07
3.70725e-07
4.39771e-07
4.39771e-07
5.20358e-07
5.20358e-07
6.14211e-07
6.14211e-07
7.23286e-07
7.23286e-07
8.49791e-07
8.49791e-07
9.96218e-07
9.96218e-07
1.16537e-06
1.16537e-06
1.3604e-06
1.3604e-06
1.58483e-06
1.58483e-06
1.84261e-06
1.84261e-06
2.13813e-06
2.13813e-06
2.47631e-06
2.47631e-06
2.86256e-06
2.86256e-06
3.3029e-06
3.3029e-06
3.80398e-06
3.80398e-06
4.37311e-06
4.37311e-06
5.0183e-06
5.0183e-06
5.74833e-06
5.74833e-06
6.57278e-06
6.57278e-06
7.50204e-06
7.50204e-06
8.54738e-06
8.54738e-06
9.72095e-06
9.72095e-06
1.10358e-05
1.10358e-05
1.25059e-05
1.25059e-05
1.41463e-05
1.41463e-05
1.59726e-05
1.59726e-05
1.80016e-05
1.80016e-05
2.02509e-05
2.02509e-05
2.27388e-05
2.27388e-05
2.54846e-05
2.54846e-05
2.85079e-05
2.85079e-05
3.18294e-05
3.18294e-05
3.54698e-05
3.54698e-05
3.94505e-05
3.94505e-05
4.37931e-05
4.37931e-05
4.85194e-05
4.85194e-05
5.3651e-05
5.3651e-05
5.92098e-05
5.92098e-05
6.5217e-05
6.5217e-05
7.16938e-05
7.16938e-05
7.86607e-05
7.86607e-05
8.61376e-05
8.61376e-05
9.41439e-05
9.41439e-05
0.000102698
0.000102698
0.000111817
0.000111817
0.000121519
0.000121519
0.000131818
0.000131818
0.00014273
0.00014273
0.000154268
0.000154268
0.000166446
0.000166446
0.000179274
0.000179274
0.000192763
0.000192763
0.000206924
0.000206924
0.000221765
0.000221765
0.000237296
0.000237296
0.000253522
0.000253522
0.000270452
0.000270452
0.00028809
0.00028809
0.000306444
0.000306444
0.000325518
0.000325518
0.000345316
0.000345316
0.000365844
0.000365844
0.000387104
0.000387104
0.000409102
0.000409102
0.00043184
0.00043184
0.000455322
0.000455322
0.000479551
0.000479551
0.00050453
0.00050453
0.000530262
0.000530262
0.000556751
0.000556751
0.000583999
0.000583999
0.000612008
0.000612008
0.000640783
0.000640783
0.000670326
0.000670326
0.000700639
0.000700639
0.000731726
0.000731726
0.00076359
0.00076359
0.000796234
0.000796234
0.00082966
0.00082966
0.000863871
0.000863871
0.000898872
0.000898872
0.000934663
0.000934663
0.00097125
0.00097125
0.00100863
0.00100863
0.00104682
0.00104682
0.0010858
0.0010858
0.0011256
0.0011256
0.0011662
0.0011662
0.00120761
0.00120761
0.00124984
0.00124984
0.00129288
0.00129288
0.00133674
0.00133674
0.00138142
0.00138142
0.00142692
0.00142692
0.00147325
0.00147325
0.0015204
0.0015204
0.00156838
0.00156838
0.00161719
0.00161719
0.00166682
0.00166682
0.00171729
0.00171729
0.00176859
0.00176859
0.00182071
0.00182071
0.00187366
0.00187366
0.00192745
0.00192745
0.00198206
0.00198206
0.00203749
0.00203749
0.00209375
0.00209375
0.00215083
0.00215083
0.00220873
0.00220873
0.00226745
0.00226745
0.00232697
0.00232697
0.00238731
0.00238731
0.00244844
0.00244844
0.00251037
0.00251037
0.00257309
0.00257309
0.00263659
0.00263659
0.00270086
0.00270086
0.00276591
0.00276591
0.00283171
0.00283171
0.00289825
0.00289825
0.00296553
0.00296553
0.00303354
0.00303354
0.00310226
0.00310226
0.00317168
0.00317168
0.00324178
0.00324178
0.00331254
0.00331254
0.00338396
0.00338396
0.00345601
0.00345601
0.00352868
0.00352868
0.00360193
0.00360193
0.00367577
0.00367577
0.00375015
0.00375015
0.00382505
0.00382505
0.00390046
0.00390046
0.00397633
0.00397633
0.00405266
0.00405266
0.00412939
0.00412939
0.00420651
0.00420651
0.00428398
0.00428398
0.00436176
0.00436176
0.00443981
0.00443981
0.00451811
0.00451811
0.0045966
0.0045966
0.00467524
0.00467524
0.00475399
0.00475399
0.00483281
0.00483281
0.00491163
0.00491163
0.00499042
0.00499042
0.00506911
0.00506911
0.00514765
0.00514765
0.00522598
0.00522598
0.00530405
0.00530405
0.00538177
0.00538177
0.00545909
0.00545909
0.00553594
0.00553594
0.00561224
0.00561224
0.00568792
0.00568792
0.0057629
0.0057629
0.00583709
0.00583709
0.00591041
0.00591041
0.00598277
0.00598277
0.00605408
0.00605408
0.00612424
0.00612424
0.00619316
0.00619316
0.00626072
0.00626072
0.00632682
0.00632682
0.00639135
0.00639135
0.0064542
0.0064542
0.00651525
0.00651525
0.00657438
0.00657438
0.00663146
0.00663146
0.00668637
0.00668637
0.00673898
0.00673898
0.00678915
0.00678915
0.00683675
0.00683675
0.00688164
0.00688164
0.00692369
0.00692369
0.00696276
0.00696276
0.00699872
0.00699872
0.00703143
0.00703143
0.00706076
0.00706076
0.0070866
0.0070866
0.00710884
0.00710884
0.00712737
0.00712737
0.00714211
0.00714211
0.007153
0.007153
0.00716001
0.00716001
0.00716313
0.00716313
0.00716239
0.00716239
0.00715788
0.00715788
0.00714974
0.00714974
0.00713817
0.00713817
0.00712344
0.00712344
0.00710594
0.00710594
0.0070861
0.0070861
0.00706451
0.00706451
0.00704181
0.00704181
0.00701879
0.00701879
0.00699631
0.00699631
0.0069753
0.0069753
0.00695675
0.00695675
0.00694161
0.00694161
0.00693081
0.00693081
0.00692512
0.00692512
0.00692512
0.00692512
0.00693081
0.00693081
0.00694161
0.00694161
0.00695674
0.00695674
0.0069753
0.0069753
0.00699631
0.00699631
0.00701879
0.00701879
0.00704181
0.00704181
0.0070645
0.0070645
0.0070861
0.0070861
0.00710593
0.00710593
0.00712344
0.00712344
0.00713817
0.00713817
0.00714974
0.00714974
0.00715788
0.00715788
0.00716239
0.00716239
0.00716312
0.00716312
0.00716001
0.00716001
0.007153
0.007153
0.00714211
0.00714211
0.00712736
0.00712736
0.00710884
0.00710884
0.0070866
0.0070866
0.00706076
0.00706076
0.00703143
0.00703143
0.00699872
0.00699872
0.00696276
0.00696276
0.00692369
0.00692369
0.00688164
0.00688164
0.00683675
0.00683675
0.00678915
0.00678915
0.00673898
0.00673898
0.00668637
0.00668637
0.00663146
0.00663146
0.00657438
0.00657438
0.00651525
0.00651525
0.0064542
0.0064542
0.00639135
0.00639135
0.00632682
0.00632682
0.00626071
0.00626071
0.00619315
0.00619315
0.00612424
0.00612424
0.00605408
0.00605408
0.00598277
0.00598277
0.00591041
0.00591041
0.00583709
0.00583709
0.0057629
0.0057629
0.00568792
0.00568792
0.00561224
0.00561224
0.00553594
0.00553594
0.00545909
0.00545909
0.00538177
0.00538177
0.00530404
0.00530404
0.00522598
0.00522598
0.00514765
0.00514765
0.00506911
0.00506911
0.00499042
0.00499042
0.00491163
0.00491163
0.00483281
0.00483281
0.00475399
0.00475399
0.00467524
0.00467524
0.0045966
0.0045966
0.00451811
0.00451811
0.00443981
0.00443981
0.00436176
0.00436176
0.00428398
0.00428398
0.00420651
0.00420651
0.00412939
0.00412939
0.00405266
0.00405266
0.00397633
0.00397633
0.00390046
0.00390046
0.00382505
0.00382505
0.00375014
0.00375014
0.00367576
0.00367576
0.00360193
0.00360193
0.00352867
0.00352867
0.00345601
0.00345601
0.00338396
0.00338396
0.00331254
0.00331254
0.00324177
0.00324177
0.00317167
0.00317167
0.00310226
0.00310226
0.00303354
0.00303354
0.00296553
0.00296553
0.00289825
0.00289825
0.00283171
0.00283171
0.00276591
0.00276591
0.00270086
0.00270086
0.00263659
0.00263659
0.00257309
0.00257309
0.00251037
0.00251037
0.00244844
0.00244844
0.0023873
0.0023873
0.00232697
0.00232697
0.00226745
0.00226745
0.00220873
0.00220873
0.00215083
0.00215083
0.00209375
0.00209375
0.00203749
0.00203749
0.00198206
0.00198206
0.00192745
0.00192745
0.00187366
0.00187366
0.00182071
0.00182071
0.00176859
0.00176859
0.00171729
0.00171729
0.00166682
0.00166682
0.00161719
0.00161719
0.00156838
0.00156838
0.0015204
0.0015204
0.00147325
0.00147325
0.00142692
0.00142692
0.00138142
0.00138142
0.00133674
0.00133674
0.00129288
0.00129288
0.00124984
0.00124984
0.00120761
0.00120761
0.0011662
0.0011662
0.0011256
0.0011256
0.0010858
0.0010858
0.00104682
0.00104682
0.00100863
0.00100863
0.000971249
0.000971249
0.000934663
0.000934663
0.000898871
0.000898871
0.000863871
0.000863871
0.000829659
0.000829659
0.000796233
0.000796233
0.00076359
0.00076359
0.000731726
0.000731726
0.000700639
0.000700639
0.000670325
0.000670325
0.000640783
0.000640783
0.000612008
0.000612008
0.000583998
0.000583998
0.000556751
0.000556751
0.000530262
0.000530262
0.00050453
0.00050453
0.000479551
0.000479551
0.000455322
0.000455322
0.00043184
0.00043184
0.000409102
0.000409102
0.000387104
0.000387104
0.000365844
0.000365844
0.000345316
0.000345316
0.000325518
0.000325518
0.000306444
0.000306444
0.00028809
0.00028809
0.000270452
0.000270452
0.000253522
0.000253522
0.000237296
0.000237296
0.000221765
0.000221765
0.000206924
0.000206924
0.000192763
0.000192763
0.000179274
0.000179274
0.000166446
0.000166446
0.000154268
0.000154268
0.00014273
0.00014273
0.000131818
0.000131818
0.000121519
0.000121519
0.000111817
0.000111817
0.000102698
0.000102698
9.41439e-05
9.41439e-05
8.61376e-05
8.61376e-05
7.86606e-05
7.86606e-05
7.16938e-05
7.16938e-05
6.5217e-05
6.5217e-05
5.92098e-05
5.92098e-05
5.3651e-05
5.3651e-05
4.85193e-05
4.85193e-05
4.37931e-05
4.37931e-05
3.94505e-05
3.94505e-05
3.54698e-05
3.54698e-05
3.18294e-05
3.18294e-05
2.85079e-05
2.85079e-05
2.54846e-05
2.54846e-05
2.27388e-05
2.27388e-05
2.02509e-05
2.02509e-05
1.80016e-05
1.80016e-05
1.59726e-05
1.59726e-05
1.41463e-05
1.41463e-05
1.25059e-05
1.25059e-05
1.10358e-05
1.10358e-05
9.72095e-06
9.72095e-06
8.54737e-06
8.54737e-06
7.50204e-06
7.50204e-06
6.57277e-06
6.57277e-06
5.74833e-06
5.74833e-06
5.0183e-06
5.0183e-06
4.3731e-06
4.3731e-06
3.80398e-06
3.80398e-06
3.3029e-06
3.3029e-06
2.86256e-06
2.86256e-06
2.4763e-06
2.4763e-06
2.13813e-06
2.13813e-06
1.84261e-06
1.84261e-06
1.58483e-06
1.58483e-06
1.3604e-06
1.3604e-06
1.16537e-06
1.16537e-06
9.96218e-07
9.96218e-07
8.49791e-07
8.49791e-07
7.23286e-07
7.23286e-07
6.14211e-07
6.14211e-07
5.20358e-07
5.20358e-07
4.39771e-07
4.39771e-07
3.70725e-07
3.70725e-07
3.11698e-07
3.11698e-07
2.61353e-07
2.61353e-07
2.18514e-07
2.18514e-07
1.82152e-07
1.82152e-07
1.51367e-07
1.51367e-07
1.25373e-07
1.25373e-07
1.03486e-07
1.03486e-07
8.5111e-08
8.5111e-08
6.97318e-08
6.97318e-08
5.69016e-08
5.69016e-08
4.62343e-08
4.62343e-08
3.73972e-08
3.73972e-08
3.01043e-08
3.01043e-08
2.411e-08
2.411e-08
1.92043e-08
1.92043e-08
1.52079e-08
1.52079e-08
1.19682e-08
1.19682e-08
9.35566e-09
9.35566e-09
7.26084e-09
7.26084e-09
5.59131e-09
5.59131e-09
4.26947e-09
4.26947e-09
3.23036e-09
3.23036e-09
2.41983e-09
2.41983e-09
1.79293e-09
1.79293e-09
1.31256e-09
1.31256e-09
9.4821e-10
9.4821e-10
6.7498e-10
6.7498e-10
4.72648e-10
4.72648e-10
3.24916e-10
3.24916e-10
2.18748e-10
2.18748e-10
1.43814e-10
1.43814e-10
9.20025e-11
9.20025e-11
5.70215e-11
5.70215e-11
3.40502e-11
3.40502e-11
1.94524e-11
1.94524e-11
1.05336e-11
1.05336e-11
5.34003e-12
5.34003e-12
2.49144e-12
2.49144e-12
1.04421e-12
1.04421e-12
3.79774e-13
3.79774e-13
1.14518e-13
1.14518e-13
2.82394e-14
2.82394e-14
8.12243e-15
8.12243e-15
5.97892e-15
5.97892e-15
6.92221e-15
6.92221e-15
0.00692512
0.00692512
0.00693081
0.00693081
0.00694161
0.00694161
0.00695674
0.00695674
0.0069753
0.0069753
0.00699631
0.00699631
0.00701879
0.00701879
0.00704181
0.00704181
0.0070645
0.0070645
0.0070861
0.0070861
0.00710593
0.00710593
0.00712344
0.00712344
0.00713817
0.00713817
0.00714974
0.00714974
0.00715788
0.00715788
0.00716239
0.00716239
0.00716312
0.00716312
0.00716001
0.00716001
0.007153
0.007153
0.00714211
0.00714211
0.00712736
0.00712736
0.00710884
0.00710884
0.0070866
0.0070866
0.00706076
0.00706076
0.00703143
0.00703143
0.00699872
0.00699872
0.00696276
0.00696276
0.00692369
0.00692369
0.00688164
0.00688164
0.00683675
0.00683675
0.00678915
0.00678915
0.00673898
0.00673898
0.00668637
0.00668637
0.00663146
0.00663146
0.00657438
0.00657438
0.00651525
0.00651525
0.0064542
0.0064542
0.00639135
0.00639135
0.00632682
0.00632682
0.00626071
0.00626071
0.00619315
0.00619315
0.00612424
0.00612424
0.00605408
0.00605408
0.00598277
0.00598277
0.00591041
0.00591041
0.00583709
0.00583709
0.0057629
0.0057629
0.00568792
0.00568792
0.00561224
0.00561224
0.00553594
0.00553594
0.00545909
0.00545909
0.00538177
0.00538177
0.00530404
0.00530404
0.00522598
0.00522598
0.00514765
0.00514765
0.00506911
0.00506911
0.00499042
0.00499042
0.00491163
0.00491163
0.00483281
0.00483281
0.00475399
0.00475399
0.00467524
0.00467524
0.0045966
0.0045966
0.00451811
0.00451811
0.00443981
0.00443981
0.00436176
0.00436176
0.00428398
0.00428398
0.00420651
0.00420651
0.00412939
0.00412939
0.00405266
0.00405266
0.00397633
0.00397633
0.00390046
0.00390046
0.00382505
0.00382505
0.00375014
0.00375014
0.00367576
0.00367576
0.00360193
0.00360193
0.00352867
0.00352867
0.00345601
0.00345601
0.00338396
0.00338396
0.00331254
0.00331254
0.00324177
0.00324177
0.00317167
0.00317167
0.00310226
0.00310226
0.00303354
0.00303354
0.00296553
0.00296553
0.00289825
0.00289825
0.00283171
0.00283171
0.00276591
0.00276591
0.00270086
0.00270086
0.00263659
0.00263659
0.00257309
0.00257309
0.00251037
0.00251037
0.00244844
0.00244844
0.0023873
0.0023873
0.00232697
0.00232697
0.00226745
0.00226745
0.00220873
0.00220873
0.00215083
0.00215083
0.00209375
0.00209375
0.00203749
0.00203749
0.00198206
0.00198206
0.00192745
0.00192745
0.00187366
0.00187366
0.00182071
0.00182071
0.00176859
0.00176859
0.00171729
0.00171729
0.00166682
0.00166682
0.00161719
0.00161719
0.00156838
0.00156838
0.0015204
0.0015204
0.00147325
0.00147325
0.00142692
0.00142692
0.00138142
0.00138142
0.00133674
0.00133674
0.00129288
0.00129288
0.00124984
0.00124984
0.00120761
0.00120761
0.0011662
0.0011662
0.0011256
0.0011256
0.0010858
0.0010858
0.00104682
0.00104682
0.00100863
0.00100863
0.000971249
0.000971249
0.000934663
0.000934663
0.000898871
0.000898871
0.000863871
0.000863871
0.000829659
0.000829659
0.000796233
0.000796233
0.00076359
0.00076359
0.000731726
0.000731726
0.000700639
0.000700639
0.000670325
0.000670325
0.000640783
0.000640783
0.000612008
0.000612008
0.000583998
0.000583998
0.000556751
0.000556751
0.000530262
0.000530262
0.00050453
0.00050453
0.000479551
0.000479551
0.000455322
0.000455322
0.00043184
0.00043184
0.000409102
0.000409102
0.000387104
0.000387104
0.000365844
0.000365844
0.000345316
0.000345316
0.000325518
0.000325518
0.000306444
0.000306444
0.00028809
0.00028809
0.000270452
0.000270452
0.000253522
0.000253522
0.000237296
0.000237296
0.000221765
0.000221765
0.000206924
0.000206924
0.000192763
0.000192763
0.000179274
0.000179274
0.000166446
0.000166446
0.000154268
0.000154268
0.00014273
0.00014273
0.000131818
0.000131818
0.000121519
0.000121519
0.000111817
0.000111817
0.000102698
0.000102698
9.41439e-05
9.41439e-05
8.61376e-05
8.61376e-05
7.86606e-05
7.86606e-05
7.16938e-05
7.16938e-05
6.5217e-05
6.5217e-05
5.92098e-05
5.92098e-05
5.3651e-05
5.3651e-05
4.85193e-05
4.85193e-05
4.37931e-05
4.37931e-05
3.94505e-05
3.94505e-05
3.54698e-05
3.54698e-05
3.18294e-05
3.18294e-05
2.85079e-05
2.85079e-05
2.54846e-05
2.54846e-05
2.27388e-05
2.27388e-05
2.02509e-05
2.02509e-05
1.80016e-05
1.80016e-05
1.59726e-05
1.59726e-05
1.41463e-05
1.41463e-05
1.25059e-05
1.25059e-05
1.10358e-05
1.10358e-05
9.72095e-06
9.72095e-06
8.54737e-06
8.54737e-06
7.50204e-06
7.50204e-06
6.57277e-06
6.57277e-06
5.74833e-06
5.74833e-06
5.0183e-06
5.0183e-06
4.3731e-06
4.3731e-06
3.80398e-06
3.80398e-06
3.3029e-06
3.3029e-06
2.86256e-06
2.86256e-06
2.4763e-06
2.4763e-06
2.13813e-06
2.13813e-06
1.84261e-06
1.84261e-06
1.58483e-06
1.58483e-06
1.3604e-06
1.3604e-06
1.16537e-06
1.16537e-06
9.96218e-07
9.96218e-07
8.49791e-07
8.49791e-07
7.23286e-07
7.23286e-07
6.14211e-07
6.14211e-07
5.20358e-07
5.20358e-07
4.39771e-07
4.39771e-07
3.70725e-07
3.70725e-07
3.11698e-07
3.11698e-07
2.61353e-07
2.61353e-07
2.18514e-07
2.18514e-07
1.82152e-07
1.82152e-07
1.51367e-07
1.51367e-07
1.25373e-07
1.25373e-07
1.03486e-07
1.03486e-07
8.5111e-08
8.5111e-08
6.97318e-08
6.97318e-08
5.69016e-08
5.69016e-08
4.62343e-08
4.62343e-08
3.73972e-08
3.73972e-08
3.01043e-08
3.01043e-08
2.411e-08
2.411e-08
1.92043e-08
1.92043e-08
1.52079e-08
1.52079e-08
1.19682e-08
1.19682e-08
9.35566e-09
9.35566e-09
7.26084e-09
7.26084e-09
5.59131e-09
5.59131e-09
4.26947e-09
4.26947e-09
3.23036e-09
3.23036e-09
2.41983e-09
2.41983e-09
1.79293e-09
1.79293e-09
1.31256e-09
1.31256e-09
9.4821e-10
9.4821e-10
6.7498e-10
6.7498e-10
4.72648e-10
4.72648e-10
3.24916e-10
3.24916e-10
2.18748e-10
2.18748e-10
1.43814e-10
1.43814e-10
9.20025e-11
9.20025e-11
5.70215e-11
5.70215e-11
3.40502e-11
3.40502e-11
1.94524e-11
1.94524e-11
1.05336e-11
1.05336e-11
5.34003e-12
5.34003e-12
2.49144e-12
2.49144e-12
1.04421e-12
1.04421e-12
3.79774e-13
3.79774e-13
1.14518e-13
1.14518e-13
2.82394e-14
2.82394e-14
8.12243e-15
8.12243e-15
5.97892e-15
5.97892e-15
6.92221e-15
6.92221e-15
)
;

boundaryField
{
    walls
    {
        type            nutUWallFunction;
        blending        stepwise;
        Cmu             0.09;
        kappa           0.41;
        E               9.8;
        value           uniform 0;
    }
    inlet
    {
        type            cyclic;
    }
    outlet
    {
        type            cyclic;
    }
    sides
    {
        type            empty;
    }
}


// ************************************************************************* //
