/*--------------------------------*- C++ -*----------------------------------*\
| =========                 |                                                 |
| \\      /  F ield         | OpenFOAM: The Open Source CFD Toolbox           |
|  \\    /   O peration     | Version:  2106                                  |
|   \\  /    A nd           | Website:  www.openfoam.com                      |
|    \\/     M anipulation  |                                                 |
\*---------------------------------------------------------------------------*/
FoamFile
{
    version     2.0;
    format      ascii;
    arch        "LSB;label=32;scalar=64";
    class       volScalarField;
    location    "10040";
    object      k;
}
// * * * * * * * * * * * * * * * * * * * * * * * * * * * * * * * * * * * * * //

dimensions      [0 2 -2 0 0 0 0];

internalField   nonuniform List<scalar> 
2000
(
1.57999e-07
1.57999e-07
2.54103e-08
2.54103e-08
2.33768e-08
2.33768e-08
6.4189e-08
6.4189e-08
1.63137e-07
1.63137e-07
3.4932e-07
3.4932e-07
6.58944e-07
6.58944e-07
1.13458e-06
1.13458e-06
1.82534e-06
1.82534e-06
2.78725e-06
2.78725e-06
4.08376e-06
4.08376e-06
5.7863e-06
5.7863e-06
7.97492e-06
7.97492e-06
1.07389e-05
1.07389e-05
1.41776e-05
1.41776e-05
1.8401e-05
1.8401e-05
2.35307e-05
2.35307e-05
2.97005e-05
2.97005e-05
3.70574e-05
3.70574e-05
4.57623e-05
4.57623e-05
5.59911e-05
5.59911e-05
6.7935e-05
6.7935e-05
8.18016e-05
8.18016e-05
9.78151e-05
9.78151e-05
0.000116217
0.000116217
0.000137268
0.000137268
0.000161243
0.000161243
0.000188437
0.000188437
0.00021916
0.00021916
0.000253738
0.000253738
0.00029251
0.00029251
0.000335826
0.000335826
0.000384044
0.000384044
0.000437523
0.000437523
0.000496623
0.000496623
0.000561695
0.000561695
0.000633074
0.000633074
0.000711075
0.000711075
0.000795981
0.000795981
0.000888032
0.000888032
0.000987424
0.000987424
0.00109429
0.00109429
0.0012087
0.0012087
0.00133066
0.00133066
0.00146007
0.00146007
0.00159678
0.00159678
0.00174053
0.00174053
0.00189101
0.00189101
0.00204778
0.00204778
0.00221039
0.00221039
0.00237827
0.00237827
0.00255084
0.00255084
0.00272745
0.00272745
0.00290744
0.00290744
0.00309011
0.00309011
0.00327478
0.00327478
0.00346077
0.00346077
0.0036474
0.0036474
0.00383406
0.00383406
0.00402012
0.00402012
0.00420503
0.00420503
0.00438827
0.00438827
0.00456937
0.00456937
0.00474792
0.00474792
0.00492353
0.00492353
0.00509589
0.00509589
0.00526473
0.00526473
0.0054298
0.0054298
0.00559093
0.00559093
0.00574796
0.00574796
0.00590078
0.00590078
0.0060493
0.0060493
0.00619347
0.00619347
0.00633326
0.00633326
0.00646867
0.00646867
0.00659971
0.00659971
0.00672642
0.00672642
0.00684883
0.00684883
0.00696701
0.00696701
0.00708103
0.00708103
0.00719097
0.00719097
0.0072969
0.0072969
0.00739891
0.00739891
0.00749711
0.00749711
0.00759159
0.00759159
0.00768244
0.00768244
0.00776977
0.00776977
0.00785367
0.00785367
0.00793424
0.00793424
0.00801159
0.00801159
0.0080858
0.0080858
0.00815698
0.00815698
0.00822522
0.00822522
0.00829062
0.00829062
0.00835325
0.00835325
0.00841321
0.00841321
0.00847058
0.00847058
0.00852544
0.00852544
0.00857788
0.00857788
0.00862797
0.00862797
0.00867578
0.00867578
0.00872139
0.00872139
0.00876486
0.00876486
0.00880625
0.00880625
0.00884564
0.00884564
0.00888308
0.00888308
0.00891863
0.00891863
0.00895234
0.00895234
0.00898428
0.00898428
0.00901448
0.00901448
0.009043
0.009043
0.00906988
0.00906988
0.00909518
0.00909518
0.00911892
0.00911892
0.00914115
0.00914115
0.00916192
0.00916192
0.00918125
0.00918125
0.00919918
0.00919918
0.00921574
0.00921574
0.00923097
0.00923097
0.0092449
0.0092449
0.00925755
0.00925755
0.00926895
0.00926895
0.00927912
0.00927912
0.0092881
0.0092881
0.00929589
0.00929589
0.00930254
0.00930254
0.00930804
0.00930804
0.00931244
0.00931244
0.00931573
0.00931573
0.00931794
0.00931794
0.00931909
0.00931909
0.00931919
0.00931919
0.00931825
0.00931825
0.00931629
0.00931629
0.00931331
0.00931331
0.00930934
0.00930934
0.00930438
0.00930438
0.00929844
0.00929844
0.00929153
0.00929153
0.00928365
0.00928365
0.00927483
0.00927483
0.00926505
0.00926505
0.00925433
0.00925433
0.00924267
0.00924267
0.00923008
0.00923008
0.00921656
0.00921656
0.00920211
0.00920211
0.00918675
0.00918675
0.00917046
0.00917046
0.00915325
0.00915325
0.00913513
0.00913513
0.00911609
0.00911609
0.00909613
0.00909613
0.00907526
0.00907526
0.00905347
0.00905347
0.00903076
0.00903076
0.00900713
0.00900713
0.00898257
0.00898257
0.00895709
0.00895709
0.00893068
0.00893068
0.00890334
0.00890334
0.00887506
0.00887506
0.00884584
0.00884584
0.00881568
0.00881568
0.00878456
0.00878456
0.00875249
0.00875249
0.00871945
0.00871945
0.00868545
0.00868545
0.00865046
0.00865046
0.0086145
0.0086145
0.00857755
0.00857755
0.00853959
0.00853959
0.00850064
0.00850064
0.00846066
0.00846066
0.00841967
0.00841967
0.00837764
0.00837764
0.00833456
0.00833456
0.00829044
0.00829044
0.00824526
0.00824526
0.008199
0.008199
0.00815166
0.00815166
0.00810323
0.00810323
0.00805369
0.00805369
0.00800304
0.00800304
0.00795126
0.00795126
0.00789834
0.00789834
0.00784427
0.00784427
0.00778904
0.00778904
0.00773264
0.00773264
0.00767505
0.00767505
0.00761625
0.00761625
0.00755625
0.00755625
0.00749503
0.00749503
0.00743257
0.00743257
0.00736886
0.00736886
0.0073039
0.0073039
0.00723766
0.00723766
0.00717015
0.00717015
0.00710134
0.00710134
0.00703123
0.00703123
0.0069598
0.0069598
0.00688706
0.00688706
0.00681299
0.00681299
0.00673758
0.00673758
0.00666083
0.00666083
0.00658274
0.00658274
0.0065033
0.0065033
0.0064225
0.0064225
0.00634036
0.00634036
0.00625688
0.00625688
0.00617205
0.00617205
0.0060859
0.0060859
0.00599842
0.00599842
0.00590965
0.00590965
0.00581959
0.00581959
0.00572827
0.00572827
0.00563573
0.00563573
0.005542
0.005542
0.00544713
0.00544713
0.00535116
0.00535116
0.00525415
0.00525415
0.00515618
0.00515618
0.00505732
0.00505732
0.00495768
0.00495768
0.00485734
0.00485734
0.00475644
0.00475644
0.00465511
0.00465511
0.00455351
0.00455351
0.00445182
0.00445182
0.00435023
0.00435023
0.00424898
0.00424898
0.00414832
0.00414832
0.00404853
0.00404853
0.00394994
0.00394994
0.00385291
0.00385291
0.00375784
0.00375784
0.00366517
0.00366517
0.0035754
0.0035754
0.00348907
0.00348907
0.00340677
0.00340677
0.00332915
0.00332915
0.00325692
0.00325692
0.00319082
0.00319082
0.00313165
0.00313165
0.00308024
0.00308024
0.00303744
0.00303744
0.00300412
0.00300412
0.00298111
0.00298111
0.00296923
0.00296923
1.57999e-07
1.57999e-07
2.54103e-08
2.54103e-08
2.33768e-08
2.33768e-08
6.4189e-08
6.4189e-08
1.63137e-07
1.63137e-07
3.4932e-07
3.4932e-07
6.58944e-07
6.58944e-07
1.13458e-06
1.13458e-06
1.82534e-06
1.82534e-06
2.78725e-06
2.78725e-06
4.08376e-06
4.08376e-06
5.7863e-06
5.7863e-06
7.97492e-06
7.97492e-06
1.07389e-05
1.07389e-05
1.41776e-05
1.41776e-05
1.8401e-05
1.8401e-05
2.35307e-05
2.35307e-05
2.97005e-05
2.97005e-05
3.70574e-05
3.70574e-05
4.57623e-05
4.57623e-05
5.59911e-05
5.59911e-05
6.7935e-05
6.7935e-05
8.18016e-05
8.18016e-05
9.78151e-05
9.78151e-05
0.000116217
0.000116217
0.000137268
0.000137268
0.000161243
0.000161243
0.000188437
0.000188437
0.00021916
0.00021916
0.000253738
0.000253738
0.00029251
0.00029251
0.000335826
0.000335826
0.000384044
0.000384044
0.000437523
0.000437523
0.000496623
0.000496623
0.000561695
0.000561695
0.000633074
0.000633074
0.000711075
0.000711075
0.000795981
0.000795981
0.000888032
0.000888032
0.000987424
0.000987424
0.00109429
0.00109429
0.0012087
0.0012087
0.00133066
0.00133066
0.00146007
0.00146007
0.00159678
0.00159678
0.00174053
0.00174053
0.00189101
0.00189101
0.00204778
0.00204778
0.00221039
0.00221039
0.00237827
0.00237827
0.00255084
0.00255084
0.00272745
0.00272745
0.00290744
0.00290744
0.00309011
0.00309011
0.00327478
0.00327478
0.00346077
0.00346077
0.0036474
0.0036474
0.00383406
0.00383406
0.00402012
0.00402012
0.00420503
0.00420503
0.00438827
0.00438827
0.00456937
0.00456937
0.00474792
0.00474792
0.00492353
0.00492353
0.00509589
0.00509589
0.00526473
0.00526473
0.0054298
0.0054298
0.00559093
0.00559093
0.00574796
0.00574796
0.00590078
0.00590078
0.0060493
0.0060493
0.00619347
0.00619347
0.00633326
0.00633326
0.00646867
0.00646867
0.00659971
0.00659971
0.00672642
0.00672642
0.00684883
0.00684883
0.00696701
0.00696701
0.00708103
0.00708103
0.00719097
0.00719097
0.0072969
0.0072969
0.00739891
0.00739891
0.00749711
0.00749711
0.00759159
0.00759159
0.00768244
0.00768244
0.00776977
0.00776977
0.00785367
0.00785367
0.00793424
0.00793424
0.00801159
0.00801159
0.0080858
0.0080858
0.00815698
0.00815698
0.00822522
0.00822522
0.00829062
0.00829062
0.00835325
0.00835325
0.00841321
0.00841321
0.00847058
0.00847058
0.00852544
0.00852544
0.00857788
0.00857788
0.00862797
0.00862797
0.00867578
0.00867578
0.00872139
0.00872139
0.00876486
0.00876486
0.00880625
0.00880625
0.00884564
0.00884564
0.00888308
0.00888308
0.00891863
0.00891863
0.00895234
0.00895234
0.00898428
0.00898428
0.00901448
0.00901448
0.009043
0.009043
0.00906988
0.00906988
0.00909518
0.00909518
0.00911892
0.00911892
0.00914115
0.00914115
0.00916192
0.00916192
0.00918125
0.00918125
0.00919918
0.00919918
0.00921574
0.00921574
0.00923097
0.00923097
0.0092449
0.0092449
0.00925755
0.00925755
0.00926895
0.00926895
0.00927912
0.00927912
0.0092881
0.0092881
0.00929589
0.00929589
0.00930254
0.00930254
0.00930804
0.00930804
0.00931244
0.00931244
0.00931573
0.00931573
0.00931794
0.00931794
0.00931909
0.00931909
0.00931919
0.00931919
0.00931825
0.00931825
0.00931629
0.00931629
0.00931331
0.00931331
0.00930934
0.00930934
0.00930438
0.00930438
0.00929844
0.00929844
0.00929153
0.00929153
0.00928365
0.00928365
0.00927483
0.00927483
0.00926505
0.00926505
0.00925433
0.00925433
0.00924267
0.00924267
0.00923008
0.00923008
0.00921656
0.00921656
0.00920211
0.00920211
0.00918675
0.00918675
0.00917046
0.00917046
0.00915325
0.00915325
0.00913513
0.00913513
0.00911609
0.00911609
0.00909613
0.00909613
0.00907526
0.00907526
0.00905347
0.00905347
0.00903076
0.00903076
0.00900713
0.00900713
0.00898257
0.00898257
0.00895709
0.00895709
0.00893068
0.00893068
0.00890334
0.00890334
0.00887506
0.00887506
0.00884584
0.00884584
0.00881568
0.00881568
0.00878456
0.00878456
0.00875249
0.00875249
0.00871945
0.00871945
0.00868545
0.00868545
0.00865046
0.00865046
0.0086145
0.0086145
0.00857755
0.00857755
0.00853959
0.00853959
0.00850064
0.00850064
0.00846066
0.00846066
0.00841967
0.00841967
0.00837764
0.00837764
0.00833456
0.00833456
0.00829044
0.00829044
0.00824526
0.00824526
0.008199
0.008199
0.00815166
0.00815166
0.00810323
0.00810323
0.00805369
0.00805369
0.00800304
0.00800304
0.00795126
0.00795126
0.00789834
0.00789834
0.00784427
0.00784427
0.00778904
0.00778904
0.00773264
0.00773264
0.00767505
0.00767505
0.00761625
0.00761625
0.00755625
0.00755625
0.00749503
0.00749503
0.00743257
0.00743257
0.00736886
0.00736886
0.0073039
0.0073039
0.00723766
0.00723766
0.00717015
0.00717015
0.00710134
0.00710134
0.00703123
0.00703123
0.0069598
0.0069598
0.00688706
0.00688706
0.00681299
0.00681299
0.00673758
0.00673758
0.00666083
0.00666083
0.00658274
0.00658274
0.0065033
0.0065033
0.0064225
0.0064225
0.00634036
0.00634036
0.00625688
0.00625688
0.00617205
0.00617205
0.0060859
0.0060859
0.00599842
0.00599842
0.00590965
0.00590965
0.00581959
0.00581959
0.00572827
0.00572827
0.00563573
0.00563573
0.005542
0.005542
0.00544713
0.00544713
0.00535116
0.00535116
0.00525415
0.00525415
0.00515618
0.00515618
0.00505732
0.00505732
0.00495768
0.00495768
0.00485734
0.00485734
0.00475644
0.00475644
0.00465511
0.00465511
0.00455351
0.00455351
0.00445182
0.00445182
0.00435023
0.00435023
0.00424898
0.00424898
0.00414832
0.00414832
0.00404853
0.00404853
0.00394994
0.00394994
0.00385291
0.00385291
0.00375784
0.00375784
0.00366517
0.00366517
0.0035754
0.0035754
0.00348907
0.00348907
0.00340677
0.00340677
0.00332915
0.00332915
0.00325692
0.00325692
0.00319082
0.00319082
0.00313165
0.00313165
0.00308024
0.00308024
0.00303744
0.00303744
0.00300412
0.00300412
0.00298111
0.00298111
0.00296923
0.00296923
0.00296923
0.00296923
0.00298111
0.00298111
0.00300412
0.00300412
0.00303744
0.00303744
0.00308024
0.00308024
0.00313165
0.00313165
0.00319082
0.00319082
0.00325692
0.00325692
0.00332915
0.00332915
0.00340677
0.00340677
0.00348907
0.00348907
0.0035754
0.0035754
0.00366517
0.00366517
0.00375784
0.00375784
0.00385291
0.00385291
0.00394994
0.00394994
0.00404853
0.00404853
0.00414832
0.00414832
0.00424898
0.00424898
0.00435023
0.00435023
0.00445182
0.00445182
0.00455351
0.00455351
0.00465511
0.00465511
0.00475644
0.00475644
0.00485734
0.00485734
0.00495767
0.00495767
0.00505732
0.00505732
0.00515618
0.00515618
0.00525415
0.00525415
0.00535116
0.00535116
0.00544713
0.00544713
0.005542
0.005542
0.00563573
0.00563573
0.00572827
0.00572827
0.00581959
0.00581959
0.00590965
0.00590965
0.00599842
0.00599842
0.0060859
0.0060859
0.00617205
0.00617205
0.00625688
0.00625688
0.00634036
0.00634036
0.0064225
0.0064225
0.0065033
0.0065033
0.00658274
0.00658274
0.00666083
0.00666083
0.00673758
0.00673758
0.00681299
0.00681299
0.00688706
0.00688706
0.0069598
0.0069598
0.00703122
0.00703122
0.00710134
0.00710134
0.00717014
0.00717014
0.00723766
0.00723766
0.0073039
0.0073039
0.00736886
0.00736886
0.00743257
0.00743257
0.00749503
0.00749503
0.00755625
0.00755625
0.00761625
0.00761625
0.00767504
0.00767504
0.00773264
0.00773264
0.00778904
0.00778904
0.00784427
0.00784427
0.00789834
0.00789834
0.00795126
0.00795126
0.00800304
0.00800304
0.00805369
0.00805369
0.00810323
0.00810323
0.00815166
0.00815166
0.008199
0.008199
0.00824526
0.00824526
0.00829044
0.00829044
0.00833456
0.00833456
0.00837764
0.00837764
0.00841966
0.00841966
0.00846066
0.00846066
0.00850063
0.00850063
0.00853959
0.00853959
0.00857755
0.00857755
0.0086145
0.0086145
0.00865046
0.00865046
0.00868544
0.00868544
0.00871945
0.00871945
0.00875249
0.00875249
0.00878456
0.00878456
0.00881568
0.00881568
0.00884584
0.00884584
0.00887506
0.00887506
0.00890334
0.00890334
0.00893068
0.00893068
0.00895709
0.00895709
0.00898257
0.00898257
0.00900713
0.00900713
0.00903076
0.00903076
0.00905347
0.00905347
0.00907526
0.00907526
0.00909613
0.00909613
0.00911609
0.00911609
0.00913513
0.00913513
0.00915325
0.00915325
0.00917046
0.00917046
0.00918674
0.00918674
0.00920211
0.00920211
0.00921656
0.00921656
0.00923008
0.00923008
0.00924267
0.00924267
0.00925433
0.00925433
0.00926505
0.00926505
0.00927482
0.00927482
0.00928365
0.00928365
0.00929153
0.00929153
0.00929844
0.00929844
0.00930438
0.00930438
0.00930934
0.00930934
0.00931331
0.00931331
0.00931629
0.00931629
0.00931825
0.00931825
0.00931919
0.00931919
0.00931909
0.00931909
0.00931794
0.00931794
0.00931573
0.00931573
0.00931243
0.00931243
0.00930804
0.00930804
0.00930254
0.00930254
0.00929589
0.00929589
0.0092881
0.0092881
0.00927912
0.00927912
0.00926895
0.00926895
0.00925755
0.00925755
0.0092449
0.0092449
0.00923097
0.00923097
0.00921574
0.00921574
0.00919918
0.00919918
0.00918125
0.00918125
0.00916192
0.00916192
0.00914115
0.00914115
0.00911892
0.00911892
0.00909518
0.00909518
0.00906988
0.00906988
0.009043
0.009043
0.00901448
0.00901448
0.00898428
0.00898428
0.00895235
0.00895235
0.00891863
0.00891863
0.00888308
0.00888308
0.00884564
0.00884564
0.00880625
0.00880625
0.00876486
0.00876486
0.00872139
0.00872139
0.00867578
0.00867578
0.00862797
0.00862797
0.00857788
0.00857788
0.00852544
0.00852544
0.00847058
0.00847058
0.00841321
0.00841321
0.00835325
0.00835325
0.00829062
0.00829062
0.00822522
0.00822522
0.00815698
0.00815698
0.0080858
0.0080858
0.00801159
0.00801159
0.00793424
0.00793424
0.00785367
0.00785367
0.00776977
0.00776977
0.00768244
0.00768244
0.00759159
0.00759159
0.00749711
0.00749711
0.00739892
0.00739892
0.0072969
0.0072969
0.00719097
0.00719097
0.00708103
0.00708103
0.00696701
0.00696701
0.00684883
0.00684883
0.00672642
0.00672642
0.00659971
0.00659971
0.00646867
0.00646867
0.00633326
0.00633326
0.00619347
0.00619347
0.0060493
0.0060493
0.00590078
0.00590078
0.00574796
0.00574796
0.00559093
0.00559093
0.0054298
0.0054298
0.00526473
0.00526473
0.00509589
0.00509589
0.00492353
0.00492353
0.00474792
0.00474792
0.00456937
0.00456937
0.00438827
0.00438827
0.00420503
0.00420503
0.00402012
0.00402012
0.00383406
0.00383406
0.00364741
0.00364741
0.00346077
0.00346077
0.00327478
0.00327478
0.00309011
0.00309011
0.00290744
0.00290744
0.00272745
0.00272745
0.00255084
0.00255084
0.00237827
0.00237827
0.00221039
0.00221039
0.00204778
0.00204778
0.00189101
0.00189101
0.00174053
0.00174053
0.00159678
0.00159678
0.00146007
0.00146007
0.00133066
0.00133066
0.0012087
0.0012087
0.00109429
0.00109429
0.000987424
0.000987424
0.000888032
0.000888032
0.000795981
0.000795981
0.000711076
0.000711076
0.000633074
0.000633074
0.000561695
0.000561695
0.000496623
0.000496623
0.000437523
0.000437523
0.000384044
0.000384044
0.000335827
0.000335827
0.00029251
0.00029251
0.000253738
0.000253738
0.00021916
0.00021916
0.000188437
0.000188437
0.000161243
0.000161243
0.000137268
0.000137268
0.000116217
0.000116217
9.78151e-05
9.78151e-05
8.18016e-05
8.18016e-05
6.7935e-05
6.7935e-05
5.59911e-05
5.59911e-05
4.57623e-05
4.57623e-05
3.70574e-05
3.70574e-05
2.97005e-05
2.97005e-05
2.35307e-05
2.35307e-05
1.84011e-05
1.84011e-05
1.41776e-05
1.41776e-05
1.07389e-05
1.07389e-05
7.97492e-06
7.97492e-06
5.7863e-06
5.7863e-06
4.08375e-06
4.08375e-06
2.78725e-06
2.78725e-06
1.82534e-06
1.82534e-06
1.13458e-06
1.13458e-06
6.58944e-07
6.58944e-07
3.49321e-07
3.49321e-07
1.63137e-07
1.63137e-07
6.41891e-08
6.41891e-08
2.33769e-08
2.33769e-08
2.54104e-08
2.54104e-08
1.58e-07
1.58e-07
0.00296923
0.00296923
0.00298111
0.00298111
0.00300412
0.00300412
0.00303744
0.00303744
0.00308024
0.00308024
0.00313165
0.00313165
0.00319082
0.00319082
0.00325692
0.00325692
0.00332915
0.00332915
0.00340677
0.00340677
0.00348907
0.00348907
0.0035754
0.0035754
0.00366517
0.00366517
0.00375784
0.00375784
0.00385291
0.00385291
0.00394994
0.00394994
0.00404853
0.00404853
0.00414832
0.00414832
0.00424898
0.00424898
0.00435023
0.00435023
0.00445182
0.00445182
0.00455351
0.00455351
0.00465511
0.00465511
0.00475644
0.00475644
0.00485734
0.00485734
0.00495767
0.00495767
0.00505732
0.00505732
0.00515618
0.00515618
0.00525415
0.00525415
0.00535116
0.00535116
0.00544713
0.00544713
0.005542
0.005542
0.00563573
0.00563573
0.00572827
0.00572827
0.00581959
0.00581959
0.00590965
0.00590965
0.00599842
0.00599842
0.0060859
0.0060859
0.00617205
0.00617205
0.00625688
0.00625688
0.00634036
0.00634036
0.0064225
0.0064225
0.0065033
0.0065033
0.00658274
0.00658274
0.00666083
0.00666083
0.00673758
0.00673758
0.00681299
0.00681299
0.00688706
0.00688706
0.0069598
0.0069598
0.00703122
0.00703122
0.00710134
0.00710134
0.00717014
0.00717014
0.00723766
0.00723766
0.0073039
0.0073039
0.00736886
0.00736886
0.00743257
0.00743257
0.00749503
0.00749503
0.00755625
0.00755625
0.00761625
0.00761625
0.00767504
0.00767504
0.00773264
0.00773264
0.00778904
0.00778904
0.00784427
0.00784427
0.00789834
0.00789834
0.00795126
0.00795126
0.00800304
0.00800304
0.00805369
0.00805369
0.00810323
0.00810323
0.00815166
0.00815166
0.008199
0.008199
0.00824526
0.00824526
0.00829044
0.00829044
0.00833456
0.00833456
0.00837764
0.00837764
0.00841966
0.00841966
0.00846066
0.00846066
0.00850063
0.00850063
0.00853959
0.00853959
0.00857755
0.00857755
0.0086145
0.0086145
0.00865046
0.00865046
0.00868544
0.00868544
0.00871945
0.00871945
0.00875249
0.00875249
0.00878456
0.00878456
0.00881568
0.00881568
0.00884584
0.00884584
0.00887506
0.00887506
0.00890334
0.00890334
0.00893068
0.00893068
0.00895709
0.00895709
0.00898257
0.00898257
0.00900713
0.00900713
0.00903076
0.00903076
0.00905347
0.00905347
0.00907526
0.00907526
0.00909613
0.00909613
0.00911609
0.00911609
0.00913513
0.00913513
0.00915325
0.00915325
0.00917046
0.00917046
0.00918674
0.00918674
0.00920211
0.00920211
0.00921656
0.00921656
0.00923008
0.00923008
0.00924267
0.00924267
0.00925433
0.00925433
0.00926505
0.00926505
0.00927482
0.00927482
0.00928365
0.00928365
0.00929153
0.00929153
0.00929844
0.00929844
0.00930438
0.00930438
0.00930934
0.00930934
0.00931331
0.00931331
0.00931629
0.00931629
0.00931825
0.00931825
0.00931919
0.00931919
0.00931909
0.00931909
0.00931794
0.00931794
0.00931573
0.00931573
0.00931243
0.00931243
0.00930804
0.00930804
0.00930254
0.00930254
0.00929589
0.00929589
0.0092881
0.0092881
0.00927912
0.00927912
0.00926895
0.00926895
0.00925755
0.00925755
0.0092449
0.0092449
0.00923097
0.00923097
0.00921574
0.00921574
0.00919918
0.00919918
0.00918125
0.00918125
0.00916192
0.00916192
0.00914115
0.00914115
0.00911892
0.00911892
0.00909518
0.00909518
0.00906988
0.00906988
0.009043
0.009043
0.00901448
0.00901448
0.00898428
0.00898428
0.00895235
0.00895235
0.00891863
0.00891863
0.00888308
0.00888308
0.00884564
0.00884564
0.00880625
0.00880625
0.00876486
0.00876486
0.00872139
0.00872139
0.00867578
0.00867578
0.00862797
0.00862797
0.00857788
0.00857788
0.00852544
0.00852544
0.00847058
0.00847058
0.00841321
0.00841321
0.00835325
0.00835325
0.00829062
0.00829062
0.00822522
0.00822522
0.00815698
0.00815698
0.0080858
0.0080858
0.00801159
0.00801159
0.00793424
0.00793424
0.00785367
0.00785367
0.00776977
0.00776977
0.00768244
0.00768244
0.00759159
0.00759159
0.00749711
0.00749711
0.00739892
0.00739892
0.0072969
0.0072969
0.00719097
0.00719097
0.00708103
0.00708103
0.00696701
0.00696701
0.00684883
0.00684883
0.00672642
0.00672642
0.00659971
0.00659971
0.00646867
0.00646867
0.00633326
0.00633326
0.00619347
0.00619347
0.0060493
0.0060493
0.00590078
0.00590078
0.00574796
0.00574796
0.00559093
0.00559093
0.0054298
0.0054298
0.00526473
0.00526473
0.00509589
0.00509589
0.00492353
0.00492353
0.00474792
0.00474792
0.00456937
0.00456937
0.00438827
0.00438827
0.00420503
0.00420503
0.00402012
0.00402012
0.00383406
0.00383406
0.00364741
0.00364741
0.00346077
0.00346077
0.00327478
0.00327478
0.00309011
0.00309011
0.00290744
0.00290744
0.00272745
0.00272745
0.00255084
0.00255084
0.00237827
0.00237827
0.00221039
0.00221039
0.00204778
0.00204778
0.00189101
0.00189101
0.00174053
0.00174053
0.00159678
0.00159678
0.00146007
0.00146007
0.00133066
0.00133066
0.0012087
0.0012087
0.00109429
0.00109429
0.000987424
0.000987424
0.000888032
0.000888032
0.000795981
0.000795981
0.000711076
0.000711076
0.000633074
0.000633074
0.000561695
0.000561695
0.000496623
0.000496623
0.000437523
0.000437523
0.000384044
0.000384044
0.000335827
0.000335827
0.00029251
0.00029251
0.000253738
0.000253738
0.00021916
0.00021916
0.000188437
0.000188437
0.000161243
0.000161243
0.000137268
0.000137268
0.000116217
0.000116217
9.78151e-05
9.78151e-05
8.18016e-05
8.18016e-05
6.7935e-05
6.7935e-05
5.59911e-05
5.59911e-05
4.57623e-05
4.57623e-05
3.70574e-05
3.70574e-05
2.97005e-05
2.97005e-05
2.35307e-05
2.35307e-05
1.84011e-05
1.84011e-05
1.41776e-05
1.41776e-05
1.07389e-05
1.07389e-05
7.97492e-06
7.97492e-06
5.7863e-06
5.7863e-06
4.08375e-06
4.08375e-06
2.78725e-06
2.78725e-06
1.82534e-06
1.82534e-06
1.13458e-06
1.13458e-06
6.58944e-07
6.58944e-07
3.49321e-07
3.49321e-07
1.63137e-07
1.63137e-07
6.41891e-08
6.41891e-08
2.33769e-08
2.33769e-08
2.54104e-08
2.54104e-08
1.58e-07
1.58e-07
)
;

boundaryField
{
    walls
    {
        type            kqRWallFunction;
        value           nonuniform List<scalar> 8(1.57999e-07 1.57999e-07 1.57999e-07 1.57999e-07 1.58e-07 1.58e-07 1.58e-07 1.58e-07);
    }
    inlet
    {
        type            cyclic;
    }
    outlet
    {
        type            cyclic;
    }
    sides
    {
        type            empty;
    }
}


// ************************************************************************* //
