/*--------------------------------*- C++ -*----------------------------------*\
| =========                 |                                                 |
| \\      /  F ield         | OpenFOAM: The Open Source CFD Toolbox           |
|  \\    /   O peration     | Version:  2106                                  |
|   \\  /    A nd           | Website:  www.openfoam.com                      |
|    \\/     M anipulation  |                                                 |
\*---------------------------------------------------------------------------*/
FoamFile
{
    version     2.0;
    format      ascii;
    arch        "LSB;label=32;scalar=64";
    class       volScalarField;
    location    "10040";
    object      nut;
}
// * * * * * * * * * * * * * * * * * * * * * * * * * * * * * * * * * * * * * //

dimensions      [0 2 -1 0 0 0 0];

internalField   nonuniform List<scalar> 
2000
(
1.16621e-13
1.16621e-13
1.08064e-13
1.08064e-13
2.94412e-13
2.94412e-13
1.72163e-12
1.72163e-12
7.75356e-12
7.75356e-12
2.62567e-11
2.62567e-11
7.25813e-11
7.25813e-11
1.73465e-10
1.73465e-10
3.72017e-10
3.72017e-10
7.3398e-10
7.3398e-10
1.35547e-09
1.35547e-09
2.37248e-09
2.37248e-09
3.97233e-09
3.97233e-09
6.40753e-09
6.40753e-09
1.00122e-08
1.00122e-08
1.52214e-08
1.52214e-08
2.25942e-08
2.25942e-08
3.28399e-08
3.28399e-08
4.68488e-08
4.68488e-08
6.57272e-08
6.57272e-08
9.08371e-08
9.08371e-08
1.23841e-07
1.23841e-07
1.66751e-07
1.66751e-07
2.21984e-07
2.21984e-07
2.9242e-07
2.9242e-07
3.81466e-07
3.81466e-07
4.9312e-07
4.9312e-07
6.32039e-07
6.32039e-07
8.03609e-07
8.03609e-07
1.01401e-06
1.01401e-06
1.27026e-06
1.27026e-06
1.5803e-06
1.5803e-06
1.95299e-06
1.95299e-06
2.39819e-06
2.39819e-06
2.9267e-06
2.9267e-06
3.55028e-06
3.55028e-06
4.28162e-06
4.28162e-06
5.13422e-06
5.13422e-06
6.12234e-06
6.12234e-06
7.26084e-06
7.26084e-06
8.56506e-06
8.56506e-06
1.00506e-05
1.00506e-05
1.17332e-05
1.17332e-05
1.36283e-05
1.36283e-05
1.57514e-05
1.57514e-05
1.81172e-05
1.81172e-05
2.07397e-05
2.07397e-05
2.36322e-05
2.36322e-05
2.6807e-05
2.6807e-05
3.02754e-05
3.02754e-05
3.40473e-05
3.40473e-05
3.81317e-05
3.81317e-05
4.25363e-05
4.25363e-05
4.72678e-05
4.72678e-05
5.23318e-05
5.23318e-05
5.77328e-05
5.77328e-05
6.34745e-05
6.34745e-05
6.95599e-05
6.95599e-05
7.59911e-05
7.59911e-05
8.27698e-05
8.27698e-05
8.98973e-05
8.98973e-05
9.73742e-05
9.73742e-05
0.000105201
0.000105201
0.000113379
0.000113379
0.000121906
0.000121906
0.000130785
0.000130785
0.000140015
0.000140015
0.000149595
0.000149595
0.000159527
0.000159527
0.00016981
0.00016981
0.000180446
0.000180446
0.000191434
0.000191434
0.000202776
0.000202776
0.000214472
0.000214472
0.000226524
0.000226524
0.000238932
0.000238932
0.000251699
0.000251699
0.000264826
0.000264826
0.000278314
0.000278314
0.000292167
0.000292167
0.000306385
0.000306385
0.000320971
0.000320971
0.000335929
0.000335929
0.000351259
0.000351259
0.000366966
0.000366966
0.000383051
0.000383051
0.000399519
0.000399519
0.000416372
0.000416372
0.000433613
0.000433613
0.000451247
0.000451247
0.000469276
0.000469276
0.000487704
0.000487704
0.000506534
0.000506534
0.000525772
0.000525772
0.000545419
0.000545419
0.000565482
0.000565482
0.000585963
0.000585963
0.000606866
0.000606866
0.000628197
0.000628197
0.000649958
0.000649958
0.000672155
0.000672155
0.000694792
0.000694792
0.000717874
0.000717874
0.000741404
0.000741404
0.000765387
0.000765387
0.000789829
0.000789829
0.000814733
0.000814733
0.000840104
0.000840104
0.000865947
0.000865947
0.000892266
0.000892266
0.000919066
0.000919066
0.000946353
0.000946353
0.00097413
0.00097413
0.0010024
0.0010024
0.00103117
0.00103117
0.00106045
0.00106045
0.00109024
0.00109024
0.00112054
0.00112054
0.00115135
0.00115135
0.00118269
0.00118269
0.00121456
0.00121456
0.00124696
0.00124696
0.0012799
0.0012799
0.00131338
0.00131338
0.0013474
0.0013474
0.00138198
0.00138198
0.0014171
0.0014171
0.00145279
0.00145279
0.00148903
0.00148903
0.00152584
0.00152584
0.00156322
0.00156322
0.00160118
0.00160118
0.00163971
0.00163971
0.00167882
0.00167882
0.00171851
0.00171851
0.00175879
0.00175879
0.00179965
0.00179965
0.00184111
0.00184111
0.00188317
0.00188317
0.00192582
0.00192582
0.00196907
0.00196907
0.00201292
0.00201292
0.00205737
0.00205737
0.00210242
0.00210242
0.00214808
0.00214808
0.00219435
0.00219435
0.00224122
0.00224122
0.0022887
0.0022887
0.00233678
0.00233678
0.00238548
0.00238548
0.00243477
0.00243477
0.00248467
0.00248467
0.00253518
0.00253518
0.00258628
0.00258628
0.00263798
0.00263798
0.00269028
0.00269028
0.00274317
0.00274317
0.00279665
0.00279665
0.00285072
0.00285072
0.00290536
0.00290536
0.00296058
0.00296058
0.00301636
0.00301636
0.00307271
0.00307271
0.00312962
0.00312962
0.00318707
0.00318707
0.00324505
0.00324505
0.00330357
0.00330357
0.00336261
0.00336261
0.00342216
0.00342216
0.0034822
0.0034822
0.00354273
0.00354273
0.00360373
0.00360373
0.00366519
0.00366519
0.00372709
0.00372709
0.00378941
0.00378941
0.00385215
0.00385215
0.00391528
0.00391528
0.00397878
0.00397878
0.00404263
0.00404263
0.00410682
0.00410682
0.00417131
0.00417131
0.00423608
0.00423608
0.00430112
0.00430112
0.00436638
0.00436638
0.00443185
0.00443185
0.00449749
0.00449749
0.00456328
0.00456328
0.00462918
0.00462918
0.00469515
0.00469515
0.00476117
0.00476117
0.00482719
0.00482719
0.00489317
0.00489317
0.00495907
0.00495907
0.00502485
0.00502485
0.00509047
0.00509047
0.00515587
0.00515587
0.00522101
0.00522101
0.00528583
0.00528583
0.00535028
0.00535028
0.00541431
0.00541431
0.00547785
0.00547785
0.00554085
0.00554085
0.00560323
0.00560323
0.00566494
0.00566494
0.00572591
0.00572591
0.00578606
0.00578606
0.00584532
0.00584532
0.00590361
0.00590361
0.00596084
0.00596084
0.00601695
0.00601695
0.00607184
0.00607184
0.00612541
0.00612541
0.00617759
0.00617759
0.00622827
0.00622827
0.00627736
0.00627736
0.00632475
0.00632475
0.00637034
0.00637034
0.00641403
0.00641403
0.00645571
0.00645571
0.00649527
0.00649527
0.00653259
0.00653259
0.00656757
0.00656757
0.00660009
0.00660009
0.00663005
0.00663005
0.00665733
0.00665733
0.00668183
0.00668183
0.00670344
0.00670344
0.00672208
0.00672208
0.00673765
0.00673765
0.00675008
0.00675008
0.00675932
0.00675932
0.00676532
0.00676532
0.00676806
0.00676806
0.00676756
0.00676756
0.00676387
0.00676387
0.00675706
0.00675706
0.00674728
0.00674728
0.00673471
0.00673471
0.00671962
0.00671962
0.00670233
0.00670233
0.00668325
0.00668325
0.00666288
0.00666288
0.00664179
0.00664179
0.00662065
0.00662065
0.00660019
0.00660019
0.00658122
0.00658122
0.00656456
0.00656456
0.00655104
0.00655104
0.00654142
0.00654142
0.00653636
0.00653636
1.16621e-13
1.16621e-13
1.08064e-13
1.08064e-13
2.94412e-13
2.94412e-13
1.72163e-12
1.72163e-12
7.75356e-12
7.75356e-12
2.62567e-11
2.62567e-11
7.25813e-11
7.25813e-11
1.73465e-10
1.73465e-10
3.72017e-10
3.72017e-10
7.3398e-10
7.3398e-10
1.35547e-09
1.35547e-09
2.37248e-09
2.37248e-09
3.97233e-09
3.97233e-09
6.40753e-09
6.40753e-09
1.00122e-08
1.00122e-08
1.52214e-08
1.52214e-08
2.25942e-08
2.25942e-08
3.28399e-08
3.28399e-08
4.68488e-08
4.68488e-08
6.57272e-08
6.57272e-08
9.08371e-08
9.08371e-08
1.23841e-07
1.23841e-07
1.66751e-07
1.66751e-07
2.21984e-07
2.21984e-07
2.9242e-07
2.9242e-07
3.81466e-07
3.81466e-07
4.9312e-07
4.9312e-07
6.32039e-07
6.32039e-07
8.03609e-07
8.03609e-07
1.01401e-06
1.01401e-06
1.27026e-06
1.27026e-06
1.5803e-06
1.5803e-06
1.95299e-06
1.95299e-06
2.39819e-06
2.39819e-06
2.9267e-06
2.9267e-06
3.55028e-06
3.55028e-06
4.28162e-06
4.28162e-06
5.13422e-06
5.13422e-06
6.12234e-06
6.12234e-06
7.26084e-06
7.26084e-06
8.56506e-06
8.56506e-06
1.00506e-05
1.00506e-05
1.17332e-05
1.17332e-05
1.36283e-05
1.36283e-05
1.57514e-05
1.57514e-05
1.81172e-05
1.81172e-05
2.07397e-05
2.07397e-05
2.36322e-05
2.36322e-05
2.6807e-05
2.6807e-05
3.02754e-05
3.02754e-05
3.40473e-05
3.40473e-05
3.81317e-05
3.81317e-05
4.25363e-05
4.25363e-05
4.72678e-05
4.72678e-05
5.23318e-05
5.23318e-05
5.77328e-05
5.77328e-05
6.34745e-05
6.34745e-05
6.95599e-05
6.95599e-05
7.59911e-05
7.59911e-05
8.27698e-05
8.27698e-05
8.98973e-05
8.98973e-05
9.73742e-05
9.73742e-05
0.000105201
0.000105201
0.000113379
0.000113379
0.000121906
0.000121906
0.000130785
0.000130785
0.000140015
0.000140015
0.000149595
0.000149595
0.000159527
0.000159527
0.00016981
0.00016981
0.000180446
0.000180446
0.000191434
0.000191434
0.000202776
0.000202776
0.000214472
0.000214472
0.000226524
0.000226524
0.000238932
0.000238932
0.000251699
0.000251699
0.000264826
0.000264826
0.000278314
0.000278314
0.000292167
0.000292167
0.000306385
0.000306385
0.000320971
0.000320971
0.000335929
0.000335929
0.000351259
0.000351259
0.000366966
0.000366966
0.000383051
0.000383051
0.000399519
0.000399519
0.000416372
0.000416372
0.000433613
0.000433613
0.000451247
0.000451247
0.000469276
0.000469276
0.000487704
0.000487704
0.000506534
0.000506534
0.000525772
0.000525772
0.000545419
0.000545419
0.000565482
0.000565482
0.000585963
0.000585963
0.000606866
0.000606866
0.000628197
0.000628197
0.000649958
0.000649958
0.000672155
0.000672155
0.000694792
0.000694792
0.000717874
0.000717874
0.000741404
0.000741404
0.000765387
0.000765387
0.000789829
0.000789829
0.000814733
0.000814733
0.000840104
0.000840104
0.000865947
0.000865947
0.000892266
0.000892266
0.000919066
0.000919066
0.000946353
0.000946353
0.00097413
0.00097413
0.0010024
0.0010024
0.00103117
0.00103117
0.00106045
0.00106045
0.00109024
0.00109024
0.00112054
0.00112054
0.00115135
0.00115135
0.00118269
0.00118269
0.00121456
0.00121456
0.00124696
0.00124696
0.0012799
0.0012799
0.00131338
0.00131338
0.0013474
0.0013474
0.00138198
0.00138198
0.0014171
0.0014171
0.00145279
0.00145279
0.00148903
0.00148903
0.00152584
0.00152584
0.00156322
0.00156322
0.00160118
0.00160118
0.00163971
0.00163971
0.00167882
0.00167882
0.00171851
0.00171851
0.00175879
0.00175879
0.00179965
0.00179965
0.00184111
0.00184111
0.00188317
0.00188317
0.00192582
0.00192582
0.00196907
0.00196907
0.00201292
0.00201292
0.00205737
0.00205737
0.00210242
0.00210242
0.00214808
0.00214808
0.00219435
0.00219435
0.00224122
0.00224122
0.0022887
0.0022887
0.00233678
0.00233678
0.00238548
0.00238548
0.00243477
0.00243477
0.00248467
0.00248467
0.00253518
0.00253518
0.00258628
0.00258628
0.00263798
0.00263798
0.00269028
0.00269028
0.00274317
0.00274317
0.00279665
0.00279665
0.00285072
0.00285072
0.00290536
0.00290536
0.00296058
0.00296058
0.00301636
0.00301636
0.00307271
0.00307271
0.00312962
0.00312962
0.00318707
0.00318707
0.00324505
0.00324505
0.00330357
0.00330357
0.00336261
0.00336261
0.00342216
0.00342216
0.0034822
0.0034822
0.00354273
0.00354273
0.00360373
0.00360373
0.00366519
0.00366519
0.00372709
0.00372709
0.00378941
0.00378941
0.00385215
0.00385215
0.00391528
0.00391528
0.00397878
0.00397878
0.00404263
0.00404263
0.00410682
0.00410682
0.00417131
0.00417131
0.00423608
0.00423608
0.00430112
0.00430112
0.00436638
0.00436638
0.00443185
0.00443185
0.00449749
0.00449749
0.00456328
0.00456328
0.00462918
0.00462918
0.00469515
0.00469515
0.00476117
0.00476117
0.00482719
0.00482719
0.00489317
0.00489317
0.00495907
0.00495907
0.00502485
0.00502485
0.00509047
0.00509047
0.00515587
0.00515587
0.00522101
0.00522101
0.00528583
0.00528583
0.00535028
0.00535028
0.00541431
0.00541431
0.00547785
0.00547785
0.00554085
0.00554085
0.00560323
0.00560323
0.00566494
0.00566494
0.00572591
0.00572591
0.00578606
0.00578606
0.00584532
0.00584532
0.00590361
0.00590361
0.00596084
0.00596084
0.00601695
0.00601695
0.00607184
0.00607184
0.00612541
0.00612541
0.00617759
0.00617759
0.00622827
0.00622827
0.00627736
0.00627736
0.00632475
0.00632475
0.00637034
0.00637034
0.00641403
0.00641403
0.00645571
0.00645571
0.00649527
0.00649527
0.00653259
0.00653259
0.00656757
0.00656757
0.00660009
0.00660009
0.00663005
0.00663005
0.00665733
0.00665733
0.00668183
0.00668183
0.00670344
0.00670344
0.00672208
0.00672208
0.00673765
0.00673765
0.00675008
0.00675008
0.00675932
0.00675932
0.00676532
0.00676532
0.00676806
0.00676806
0.00676756
0.00676756
0.00676387
0.00676387
0.00675706
0.00675706
0.00674728
0.00674728
0.00673471
0.00673471
0.00671962
0.00671962
0.00670233
0.00670233
0.00668325
0.00668325
0.00666288
0.00666288
0.00664179
0.00664179
0.00662065
0.00662065
0.00660019
0.00660019
0.00658122
0.00658122
0.00656456
0.00656456
0.00655104
0.00655104
0.00654142
0.00654142
0.00653636
0.00653636
0.00653636
0.00653636
0.00654142
0.00654142
0.00655104
0.00655104
0.00656456
0.00656456
0.00658122
0.00658122
0.00660019
0.00660019
0.00662065
0.00662065
0.00664179
0.00664179
0.00666288
0.00666288
0.00668325
0.00668325
0.00670233
0.00670233
0.00671962
0.00671962
0.00673471
0.00673471
0.00674728
0.00674728
0.00675706
0.00675706
0.00676387
0.00676387
0.00676756
0.00676756
0.00676806
0.00676806
0.00676532
0.00676532
0.00675932
0.00675932
0.00675008
0.00675008
0.00673765
0.00673765
0.00672208
0.00672208
0.00670344
0.00670344
0.00668183
0.00668183
0.00665733
0.00665733
0.00663005
0.00663005
0.00660009
0.00660009
0.00656757
0.00656757
0.00653259
0.00653259
0.00649526
0.00649526
0.00645571
0.00645571
0.00641403
0.00641403
0.00637034
0.00637034
0.00632475
0.00632475
0.00627736
0.00627736
0.00622827
0.00622827
0.00617759
0.00617759
0.00612541
0.00612541
0.00607184
0.00607184
0.00601695
0.00601695
0.00596084
0.00596084
0.00590361
0.00590361
0.00584532
0.00584532
0.00578606
0.00578606
0.00572591
0.00572591
0.00566494
0.00566494
0.00560323
0.00560323
0.00554085
0.00554085
0.00547785
0.00547785
0.00541431
0.00541431
0.00535028
0.00535028
0.00528583
0.00528583
0.005221
0.005221
0.00515587
0.00515587
0.00509047
0.00509047
0.00502485
0.00502485
0.00495907
0.00495907
0.00489317
0.00489317
0.00482719
0.00482719
0.00476117
0.00476117
0.00469515
0.00469515
0.00462918
0.00462918
0.00456328
0.00456328
0.00449749
0.00449749
0.00443185
0.00443185
0.00436638
0.00436638
0.00430112
0.00430112
0.00423608
0.00423608
0.00417131
0.00417131
0.00410682
0.00410682
0.00404263
0.00404263
0.00397878
0.00397878
0.00391528
0.00391528
0.00385215
0.00385215
0.00378941
0.00378941
0.00372709
0.00372709
0.00366519
0.00366519
0.00360373
0.00360373
0.00354273
0.00354273
0.0034822
0.0034822
0.00342216
0.00342216
0.00336261
0.00336261
0.00330357
0.00330357
0.00324505
0.00324505
0.00318707
0.00318707
0.00312961
0.00312961
0.00307271
0.00307271
0.00301636
0.00301636
0.00296058
0.00296058
0.00290536
0.00290536
0.00285072
0.00285072
0.00279665
0.00279665
0.00274317
0.00274317
0.00269028
0.00269028
0.00263798
0.00263798
0.00258628
0.00258628
0.00253518
0.00253518
0.00248467
0.00248467
0.00243477
0.00243477
0.00238548
0.00238548
0.00233678
0.00233678
0.0022887
0.0022887
0.00224122
0.00224122
0.00219435
0.00219435
0.00214808
0.00214808
0.00210242
0.00210242
0.00205737
0.00205737
0.00201292
0.00201292
0.00196907
0.00196907
0.00192582
0.00192582
0.00188317
0.00188317
0.00184111
0.00184111
0.00179965
0.00179965
0.00175879
0.00175879
0.00171851
0.00171851
0.00167882
0.00167882
0.00163971
0.00163971
0.00160118
0.00160118
0.00156322
0.00156322
0.00152584
0.00152584
0.00148903
0.00148903
0.00145279
0.00145279
0.0014171
0.0014171
0.00138198
0.00138198
0.0013474
0.0013474
0.00131338
0.00131338
0.0012799
0.0012799
0.00124696
0.00124696
0.00121456
0.00121456
0.00118269
0.00118269
0.00115135
0.00115135
0.00112054
0.00112054
0.00109024
0.00109024
0.00106045
0.00106045
0.00103117
0.00103117
0.0010024
0.0010024
0.000974129
0.000974129
0.000946353
0.000946353
0.000919066
0.000919066
0.000892266
0.000892266
0.000865947
0.000865947
0.000840104
0.000840104
0.000814733
0.000814733
0.000789829
0.000789829
0.000765387
0.000765387
0.000741404
0.000741404
0.000717874
0.000717874
0.000694792
0.000694792
0.000672155
0.000672155
0.000649958
0.000649958
0.000628197
0.000628197
0.000606866
0.000606866
0.000585963
0.000585963
0.000565482
0.000565482
0.000545419
0.000545419
0.000525772
0.000525772
0.000506534
0.000506534
0.000487704
0.000487704
0.000469276
0.000469276
0.000451247
0.000451247
0.000433613
0.000433613
0.000416372
0.000416372
0.000399519
0.000399519
0.000383051
0.000383051
0.000366966
0.000366966
0.000351259
0.000351259
0.000335929
0.000335929
0.000320971
0.000320971
0.000306385
0.000306385
0.000292167
0.000292167
0.000278314
0.000278314
0.000264826
0.000264826
0.000251699
0.000251699
0.000238932
0.000238932
0.000226524
0.000226524
0.000214472
0.000214472
0.000202776
0.000202776
0.000191434
0.000191434
0.000180446
0.000180446
0.00016981
0.00016981
0.000159527
0.000159527
0.000149595
0.000149595
0.000140015
0.000140015
0.000130785
0.000130785
0.000121906
0.000121906
0.000113379
0.000113379
0.000105201
0.000105201
9.73742e-05
9.73742e-05
8.98973e-05
8.98973e-05
8.27698e-05
8.27698e-05
7.59911e-05
7.59911e-05
6.95599e-05
6.95599e-05
6.34745e-05
6.34745e-05
5.77328e-05
5.77328e-05
5.23318e-05
5.23318e-05
4.72678e-05
4.72678e-05
4.25363e-05
4.25363e-05
3.81317e-05
3.81317e-05
3.40473e-05
3.40473e-05
3.02754e-05
3.02754e-05
2.6807e-05
2.6807e-05
2.36322e-05
2.36322e-05
2.07397e-05
2.07397e-05
1.81172e-05
1.81172e-05
1.57514e-05
1.57514e-05
1.36283e-05
1.36283e-05
1.17332e-05
1.17332e-05
1.00506e-05
1.00506e-05
8.56506e-06
8.56506e-06
7.26085e-06
7.26085e-06
6.12234e-06
6.12234e-06
5.13422e-06
5.13422e-06
4.28162e-06
4.28162e-06
3.55028e-06
3.55028e-06
2.9267e-06
2.9267e-06
2.39819e-06
2.39819e-06
1.95299e-06
1.95299e-06
1.5803e-06
1.5803e-06
1.27026e-06
1.27026e-06
1.01401e-06
1.01401e-06
8.03609e-07
8.03609e-07
6.32039e-07
6.32039e-07
4.9312e-07
4.9312e-07
3.81466e-07
3.81466e-07
2.9242e-07
2.9242e-07
2.21984e-07
2.21984e-07
1.66751e-07
1.66751e-07
1.23841e-07
1.23841e-07
9.08372e-08
9.08372e-08
6.57272e-08
6.57272e-08
4.68488e-08
4.68488e-08
3.28399e-08
3.28399e-08
2.25942e-08
2.25942e-08
1.52214e-08
1.52214e-08
1.00122e-08
1.00122e-08
6.40754e-09
6.40754e-09
3.97234e-09
3.97234e-09
2.37248e-09
2.37248e-09
1.35547e-09
1.35547e-09
7.33979e-10
7.33979e-10
3.72017e-10
3.72017e-10
1.73465e-10
1.73465e-10
7.25814e-11
7.25814e-11
2.62567e-11
2.62567e-11
7.75357e-12
7.75357e-12
1.72164e-12
1.72164e-12
2.94414e-13
2.94414e-13
1.08065e-13
1.08065e-13
1.16623e-13
1.16623e-13
0.00653636
0.00653636
0.00654142
0.00654142
0.00655104
0.00655104
0.00656456
0.00656456
0.00658122
0.00658122
0.00660019
0.00660019
0.00662065
0.00662065
0.00664179
0.00664179
0.00666288
0.00666288
0.00668325
0.00668325
0.00670233
0.00670233
0.00671962
0.00671962
0.00673471
0.00673471
0.00674728
0.00674728
0.00675706
0.00675706
0.00676387
0.00676387
0.00676756
0.00676756
0.00676806
0.00676806
0.00676532
0.00676532
0.00675932
0.00675932
0.00675008
0.00675008
0.00673765
0.00673765
0.00672208
0.00672208
0.00670344
0.00670344
0.00668183
0.00668183
0.00665733
0.00665733
0.00663005
0.00663005
0.00660009
0.00660009
0.00656757
0.00656757
0.00653259
0.00653259
0.00649526
0.00649526
0.00645571
0.00645571
0.00641403
0.00641403
0.00637034
0.00637034
0.00632475
0.00632475
0.00627736
0.00627736
0.00622827
0.00622827
0.00617759
0.00617759
0.00612541
0.00612541
0.00607184
0.00607184
0.00601695
0.00601695
0.00596084
0.00596084
0.00590361
0.00590361
0.00584532
0.00584532
0.00578606
0.00578606
0.00572591
0.00572591
0.00566494
0.00566494
0.00560323
0.00560323
0.00554085
0.00554085
0.00547785
0.00547785
0.00541431
0.00541431
0.00535028
0.00535028
0.00528583
0.00528583
0.005221
0.005221
0.00515587
0.00515587
0.00509047
0.00509047
0.00502485
0.00502485
0.00495907
0.00495907
0.00489317
0.00489317
0.00482719
0.00482719
0.00476117
0.00476117
0.00469515
0.00469515
0.00462918
0.00462918
0.00456328
0.00456328
0.00449749
0.00449749
0.00443185
0.00443185
0.00436638
0.00436638
0.00430112
0.00430112
0.00423608
0.00423608
0.00417131
0.00417131
0.00410682
0.00410682
0.00404263
0.00404263
0.00397878
0.00397878
0.00391528
0.00391528
0.00385215
0.00385215
0.00378941
0.00378941
0.00372709
0.00372709
0.00366519
0.00366519
0.00360373
0.00360373
0.00354273
0.00354273
0.0034822
0.0034822
0.00342216
0.00342216
0.00336261
0.00336261
0.00330357
0.00330357
0.00324505
0.00324505
0.00318707
0.00318707
0.00312961
0.00312961
0.00307271
0.00307271
0.00301636
0.00301636
0.00296058
0.00296058
0.00290536
0.00290536
0.00285072
0.00285072
0.00279665
0.00279665
0.00274317
0.00274317
0.00269028
0.00269028
0.00263798
0.00263798
0.00258628
0.00258628
0.00253518
0.00253518
0.00248467
0.00248467
0.00243477
0.00243477
0.00238548
0.00238548
0.00233678
0.00233678
0.0022887
0.0022887
0.00224122
0.00224122
0.00219435
0.00219435
0.00214808
0.00214808
0.00210242
0.00210242
0.00205737
0.00205737
0.00201292
0.00201292
0.00196907
0.00196907
0.00192582
0.00192582
0.00188317
0.00188317
0.00184111
0.00184111
0.00179965
0.00179965
0.00175879
0.00175879
0.00171851
0.00171851
0.00167882
0.00167882
0.00163971
0.00163971
0.00160118
0.00160118
0.00156322
0.00156322
0.00152584
0.00152584
0.00148903
0.00148903
0.00145279
0.00145279
0.0014171
0.0014171
0.00138198
0.00138198
0.0013474
0.0013474
0.00131338
0.00131338
0.0012799
0.0012799
0.00124696
0.00124696
0.00121456
0.00121456
0.00118269
0.00118269
0.00115135
0.00115135
0.00112054
0.00112054
0.00109024
0.00109024
0.00106045
0.00106045
0.00103117
0.00103117
0.0010024
0.0010024
0.000974129
0.000974129
0.000946353
0.000946353
0.000919066
0.000919066
0.000892266
0.000892266
0.000865947
0.000865947
0.000840104
0.000840104
0.000814733
0.000814733
0.000789829
0.000789829
0.000765387
0.000765387
0.000741404
0.000741404
0.000717874
0.000717874
0.000694792
0.000694792
0.000672155
0.000672155
0.000649958
0.000649958
0.000628197
0.000628197
0.000606866
0.000606866
0.000585963
0.000585963
0.000565482
0.000565482
0.000545419
0.000545419
0.000525772
0.000525772
0.000506534
0.000506534
0.000487704
0.000487704
0.000469276
0.000469276
0.000451247
0.000451247
0.000433613
0.000433613
0.000416372
0.000416372
0.000399519
0.000399519
0.000383051
0.000383051
0.000366966
0.000366966
0.000351259
0.000351259
0.000335929
0.000335929
0.000320971
0.000320971
0.000306385
0.000306385
0.000292167
0.000292167
0.000278314
0.000278314
0.000264826
0.000264826
0.000251699
0.000251699
0.000238932
0.000238932
0.000226524
0.000226524
0.000214472
0.000214472
0.000202776
0.000202776
0.000191434
0.000191434
0.000180446
0.000180446
0.00016981
0.00016981
0.000159527
0.000159527
0.000149595
0.000149595
0.000140015
0.000140015
0.000130785
0.000130785
0.000121906
0.000121906
0.000113379
0.000113379
0.000105201
0.000105201
9.73742e-05
9.73742e-05
8.98973e-05
8.98973e-05
8.27698e-05
8.27698e-05
7.59911e-05
7.59911e-05
6.95599e-05
6.95599e-05
6.34745e-05
6.34745e-05
5.77328e-05
5.77328e-05
5.23318e-05
5.23318e-05
4.72678e-05
4.72678e-05
4.25363e-05
4.25363e-05
3.81317e-05
3.81317e-05
3.40473e-05
3.40473e-05
3.02754e-05
3.02754e-05
2.6807e-05
2.6807e-05
2.36322e-05
2.36322e-05
2.07397e-05
2.07397e-05
1.81172e-05
1.81172e-05
1.57514e-05
1.57514e-05
1.36283e-05
1.36283e-05
1.17332e-05
1.17332e-05
1.00506e-05
1.00506e-05
8.56506e-06
8.56506e-06
7.26085e-06
7.26085e-06
6.12234e-06
6.12234e-06
5.13422e-06
5.13422e-06
4.28162e-06
4.28162e-06
3.55028e-06
3.55028e-06
2.9267e-06
2.9267e-06
2.39819e-06
2.39819e-06
1.95299e-06
1.95299e-06
1.5803e-06
1.5803e-06
1.27026e-06
1.27026e-06
1.01401e-06
1.01401e-06
8.03609e-07
8.03609e-07
6.32039e-07
6.32039e-07
4.9312e-07
4.9312e-07
3.81466e-07
3.81466e-07
2.9242e-07
2.9242e-07
2.21984e-07
2.21984e-07
1.66751e-07
1.66751e-07
1.23841e-07
1.23841e-07
9.08372e-08
9.08372e-08
6.57272e-08
6.57272e-08
4.68488e-08
4.68488e-08
3.28399e-08
3.28399e-08
2.25942e-08
2.25942e-08
1.52214e-08
1.52214e-08
1.00122e-08
1.00122e-08
6.40754e-09
6.40754e-09
3.97234e-09
3.97234e-09
2.37248e-09
2.37248e-09
1.35547e-09
1.35547e-09
7.33979e-10
7.33979e-10
3.72017e-10
3.72017e-10
1.73465e-10
1.73465e-10
7.25814e-11
7.25814e-11
2.62567e-11
2.62567e-11
7.75357e-12
7.75357e-12
1.72164e-12
1.72164e-12
2.94414e-13
2.94414e-13
1.08065e-13
1.08065e-13
1.16623e-13
1.16623e-13
)
;

boundaryField
{
    walls
    {
        type            nutUWallFunction;
        blending        stepwise;
        Cmu             0.09;
        kappa           0.41;
        E               9.8;
        value           uniform 0;
    }
    inlet
    {
        type            cyclic;
    }
    outlet
    {
        type            cyclic;
    }
    sides
    {
        type            empty;
    }
}


// ************************************************************************* //
