/*--------------------------------*- C++ -*----------------------------------*\
| =========                 |                                                 |
| \\      /  F ield         | OpenFOAM: The Open Source CFD Toolbox           |
|  \\    /   O peration     | Version:  2106                                  |
|   \\  /    A nd           | Website:  www.openfoam.com                      |
|    \\/     M anipulation  |                                                 |
\*---------------------------------------------------------------------------*/
FoamFile
{
    version     2.0;
    format      ascii;
    arch        "LSB;label=32;scalar=64";
    class       volScalarField;
    location    "10040";
    object      T;
}
// * * * * * * * * * * * * * * * * * * * * * * * * * * * * * * * * * * * * * //

dimensions      [0 0 0 1 0 0 0];

internalField   nonuniform List<scalar> 
2000
(
0.0260193
0.0260193
0.0785437
0.0785437
0.132048
0.132048
0.186552
0.186552
0.242072
0.242072
0.298629
0.298629
0.356241
0.356241
0.414928
0.414928
0.474711
0.474711
0.535608
0.535608
0.597642
0.597642
0.660832
0.660832
0.725201
0.725201
0.790769
0.790769
0.85756
0.85756
0.925594
0.925594
0.994894
0.994894
1.06548
1.06548
1.13738
1.13738
1.21062
1.21062
1.28521
1.28521
1.36117
1.36117
1.43854
1.43854
1.51732
1.51732
1.59754
1.59754
1.67922
1.67922
1.76238
1.76238
1.84702
1.84702
1.93316
1.93316
2.02081
2.02081
2.10996
2.10996
2.20064
2.20064
2.29282
2.29282
2.38649
2.38649
2.48165
2.48165
2.57825
2.57825
2.67628
2.67628
2.77569
2.77569
2.87642
2.87642
2.97842
2.97842
3.08162
3.08162
3.18593
3.18593
3.29126
3.29126
3.39752
3.39752
3.5046
3.5046
3.61238
3.61238
3.72073
3.72073
3.82954
3.82954
3.93868
3.93868
4.04801
4.04801
4.1574
4.1574
4.26673
4.26673
4.37588
4.37588
4.48472
4.48472
4.59314
4.59314
4.70103
4.70103
4.80831
4.80831
4.91487
4.91487
5.02064
5.02064
5.12555
5.12555
5.22954
5.22954
5.33255
5.33255
5.43453
5.43453
5.53545
5.53545
5.63528
5.63528
5.734
5.734
5.83158
5.83158
5.92802
5.92802
6.02331
6.02331
6.11744
6.11744
6.21043
6.21043
6.30227
6.30227
6.39298
6.39298
6.48256
6.48256
6.57103
6.57103
6.65841
6.65841
6.7447
6.7447
6.82994
6.82994
6.91414
6.91414
6.99731
6.99731
7.07949
7.07949
7.16068
7.16068
7.24092
7.24092
7.32023
7.32023
7.39862
7.39862
7.47612
7.47612
7.55275
7.55275
7.62853
7.62853
7.70348
7.70348
7.77763
7.77763
7.85099
7.85099
7.92359
7.92359
7.99544
7.99544
8.06657
8.06657
8.13699
8.13699
8.20672
8.20672
8.27578
8.27578
8.34419
8.34419
8.41197
8.41197
8.47913
8.47913
8.54569
8.54569
8.61166
8.61166
8.67706
8.67706
8.74191
8.74191
8.80622
8.80622
8.87001
8.87001
8.93328
8.93328
8.99606
8.99606
9.05835
9.05835
9.12017
9.12017
9.18153
9.18153
9.24245
9.24245
9.30293
9.30293
9.36298
9.36298
9.42262
9.42262
9.48186
9.48186
9.54071
9.54071
9.59918
9.59918
9.65727
9.65727
9.715
9.715
9.77238
9.77238
9.82941
9.82941
9.88611
9.88611
9.94248
9.94248
9.99854
9.99854
10.0543
10.0543
10.1097
10.1097
10.1649
10.1649
10.2197
10.2197
10.2743
10.2743
10.3286
10.3286
10.3826
10.3826
10.4364
10.4364
10.4899
10.4899
10.5432
10.5432
10.5962
10.5962
10.649
10.649
10.7015
10.7015
10.7539
10.7539
10.806
10.806
10.8579
10.8579
10.9096
10.9096
10.961
10.961
11.0123
11.0123
11.0634
11.0634
11.1143
11.1143
11.165
11.165
11.2155
11.2155
11.2658
11.2658
11.316
11.316
11.366
11.366
11.4158
11.4158
11.4654
11.4654
11.5149
11.5149
11.5642
11.5642
11.6134
11.6134
11.6624
11.6624
11.7112
11.7112
11.76
11.76
11.8085
11.8085
11.8569
11.8569
11.9052
11.9052
11.9534
11.9534
12.0014
12.0014
12.0492
12.0492
12.097
12.097
12.1446
12.1446
12.192
12.192
12.2394
12.2394
12.2866
12.2866
12.3336
12.3336
12.3806
12.3806
12.4274
12.4274
12.4741
12.4741
12.5207
12.5207
12.5672
12.5672
12.6135
12.6135
12.6597
12.6597
12.7058
12.7058
12.7518
12.7518
12.7976
12.7976
12.8433
12.8433
12.8889
12.8889
12.9343
12.9343
12.9797
12.9797
13.0249
13.0249
13.07
13.07
13.1149
13.1149
13.1597
13.1597
13.2044
13.2044
13.2489
13.2489
13.2933
13.2933
13.3375
13.3375
13.3816
13.3816
13.4256
13.4256
13.4693
13.4693
13.513
13.513
13.5564
13.5564
13.5997
13.5997
13.6429
13.6429
13.6858
13.6858
13.7286
13.7286
13.7712
13.7712
13.8135
13.8135
13.8557
13.8557
13.8977
13.8977
13.9394
13.9394
13.9809
13.9809
14.0222
14.0222
14.0633
14.0633
14.104
14.104
14.1445
14.1445
14.1848
14.1848
14.2247
14.2247
14.2643
14.2643
14.3036
14.3036
14.3426
14.3426
14.3812
14.3812
14.4194
14.4194
14.4572
14.4572
14.4947
14.4947
14.5317
14.5317
14.5682
14.5682
14.6042
14.6042
14.6398
14.6398
14.6748
14.6748
14.7092
14.7092
14.743
14.743
14.7762
14.7762
14.8087
14.8087
14.8405
14.8405
14.8715
14.8715
14.9016
14.9016
14.9309
14.9309
14.9593
14.9593
14.9867
14.9867
15.0129
15.0129
15.0381
15.0381
15.062
15.062
15.0846
15.0846
15.1058
15.1058
15.1254
15.1254
15.1434
15.1434
15.1597
15.1597
15.174
15.174
15.1864
15.1864
15.1966
15.1966
15.2045
15.2045
15.2099
15.2099
15.2126
15.2126
0.0260193
0.0260193
0.0785437
0.0785437
0.132048
0.132048
0.186552
0.186552
0.242072
0.242072
0.298629
0.298629
0.356241
0.356241
0.414928
0.414928
0.474711
0.474711
0.535608
0.535608
0.597642
0.597642
0.660832
0.660832
0.725201
0.725201
0.790769
0.790769
0.85756
0.85756
0.925594
0.925594
0.994894
0.994894
1.06548
1.06548
1.13738
1.13738
1.21062
1.21062
1.28521
1.28521
1.36117
1.36117
1.43854
1.43854
1.51732
1.51732
1.59754
1.59754
1.67922
1.67922
1.76238
1.76238
1.84702
1.84702
1.93316
1.93316
2.02081
2.02081
2.10996
2.10996
2.20064
2.20064
2.29282
2.29282
2.38649
2.38649
2.48165
2.48165
2.57825
2.57825
2.67628
2.67628
2.77569
2.77569
2.87642
2.87642
2.97842
2.97842
3.08162
3.08162
3.18593
3.18593
3.29126
3.29126
3.39752
3.39752
3.5046
3.5046
3.61238
3.61238
3.72073
3.72073
3.82954
3.82954
3.93868
3.93868
4.04801
4.04801
4.1574
4.1574
4.26673
4.26673
4.37588
4.37588
4.48472
4.48472
4.59314
4.59314
4.70103
4.70103
4.80831
4.80831
4.91487
4.91487
5.02064
5.02064
5.12555
5.12555
5.22954
5.22954
5.33255
5.33255
5.43453
5.43453
5.53545
5.53545
5.63528
5.63528
5.734
5.734
5.83158
5.83158
5.92802
5.92802
6.02331
6.02331
6.11744
6.11744
6.21043
6.21043
6.30227
6.30227
6.39298
6.39298
6.48256
6.48256
6.57103
6.57103
6.65841
6.65841
6.7447
6.7447
6.82994
6.82994
6.91414
6.91414
6.99731
6.99731
7.07949
7.07949
7.16068
7.16068
7.24092
7.24092
7.32023
7.32023
7.39862
7.39862
7.47612
7.47612
7.55275
7.55275
7.62853
7.62853
7.70348
7.70348
7.77763
7.77763
7.85099
7.85099
7.92359
7.92359
7.99544
7.99544
8.06657
8.06657
8.13699
8.13699
8.20672
8.20672
8.27578
8.27578
8.34419
8.34419
8.41197
8.41197
8.47913
8.47913
8.54569
8.54569
8.61166
8.61166
8.67706
8.67706
8.74191
8.74191
8.80622
8.80622
8.87001
8.87001
8.93328
8.93328
8.99606
8.99606
9.05835
9.05835
9.12017
9.12017
9.18153
9.18153
9.24245
9.24245
9.30293
9.30293
9.36298
9.36298
9.42262
9.42262
9.48186
9.48186
9.54071
9.54071
9.59918
9.59918
9.65727
9.65727
9.715
9.715
9.77238
9.77238
9.82941
9.82941
9.88611
9.88611
9.94248
9.94248
9.99854
9.99854
10.0543
10.0543
10.1097
10.1097
10.1649
10.1649
10.2197
10.2197
10.2743
10.2743
10.3286
10.3286
10.3826
10.3826
10.4364
10.4364
10.4899
10.4899
10.5432
10.5432
10.5962
10.5962
10.649
10.649
10.7015
10.7015
10.7539
10.7539
10.806
10.806
10.8579
10.8579
10.9096
10.9096
10.961
10.961
11.0123
11.0123
11.0634
11.0634
11.1143
11.1143
11.165
11.165
11.2155
11.2155
11.2658
11.2658
11.316
11.316
11.366
11.366
11.4158
11.4158
11.4654
11.4654
11.5149
11.5149
11.5642
11.5642
11.6134
11.6134
11.6624
11.6624
11.7112
11.7112
11.76
11.76
11.8085
11.8085
11.8569
11.8569
11.9052
11.9052
11.9534
11.9534
12.0014
12.0014
12.0492
12.0492
12.097
12.097
12.1446
12.1446
12.192
12.192
12.2394
12.2394
12.2866
12.2866
12.3336
12.3336
12.3806
12.3806
12.4274
12.4274
12.4741
12.4741
12.5207
12.5207
12.5672
12.5672
12.6135
12.6135
12.6597
12.6597
12.7058
12.7058
12.7518
12.7518
12.7976
12.7976
12.8433
12.8433
12.8889
12.8889
12.9343
12.9343
12.9797
12.9797
13.0249
13.0249
13.07
13.07
13.1149
13.1149
13.1597
13.1597
13.2044
13.2044
13.2489
13.2489
13.2933
13.2933
13.3375
13.3375
13.3816
13.3816
13.4256
13.4256
13.4693
13.4693
13.513
13.513
13.5564
13.5564
13.5997
13.5997
13.6429
13.6429
13.6858
13.6858
13.7286
13.7286
13.7712
13.7712
13.8135
13.8135
13.8557
13.8557
13.8977
13.8977
13.9394
13.9394
13.9809
13.9809
14.0222
14.0222
14.0633
14.0633
14.104
14.104
14.1445
14.1445
14.1848
14.1848
14.2247
14.2247
14.2643
14.2643
14.3036
14.3036
14.3426
14.3426
14.3812
14.3812
14.4194
14.4194
14.4572
14.4572
14.4947
14.4947
14.5317
14.5317
14.5682
14.5682
14.6042
14.6042
14.6398
14.6398
14.6748
14.6748
14.7092
14.7092
14.743
14.743
14.7762
14.7762
14.8087
14.8087
14.8405
14.8405
14.8715
14.8715
14.9016
14.9016
14.9309
14.9309
14.9593
14.9593
14.9867
14.9867
15.0129
15.0129
15.0381
15.0381
15.062
15.062
15.0846
15.0846
15.1058
15.1058
15.1254
15.1254
15.1434
15.1434
15.1597
15.1597
15.174
15.174
15.1864
15.1864
15.1966
15.1966
15.2045
15.2045
15.2099
15.2099
15.2126
15.2126
15.2126
15.2126
15.2099
15.2099
15.2045
15.2045
15.1966
15.1966
15.1864
15.1864
15.174
15.174
15.1597
15.1597
15.1434
15.1434
15.1254
15.1254
15.1058
15.1058
15.0846
15.0846
15.062
15.062
15.0381
15.0381
15.0129
15.0129
14.9867
14.9867
14.9593
14.9593
14.9309
14.9309
14.9016
14.9016
14.8715
14.8715
14.8405
14.8405
14.8087
14.8087
14.7762
14.7762
14.743
14.743
14.7092
14.7092
14.6748
14.6748
14.6398
14.6398
14.6042
14.6042
14.5682
14.5682
14.5317
14.5317
14.4947
14.4947
14.4572
14.4572
14.4194
14.4194
14.3812
14.3812
14.3426
14.3426
14.3036
14.3036
14.2643
14.2643
14.2247
14.2247
14.1848
14.1848
14.1445
14.1445
14.104
14.104
14.0633
14.0633
14.0222
14.0222
13.9809
13.9809
13.9394
13.9394
13.8977
13.8977
13.8557
13.8557
13.8135
13.8135
13.7712
13.7712
13.7286
13.7286
13.6858
13.6858
13.6429
13.6429
13.5997
13.5997
13.5564
13.5564
13.513
13.513
13.4693
13.4693
13.4256
13.4256
13.3816
13.3816
13.3375
13.3375
13.2933
13.2933
13.2489
13.2489
13.2044
13.2044
13.1597
13.1597
13.1149
13.1149
13.07
13.07
13.0249
13.0249
12.9797
12.9797
12.9343
12.9343
12.8889
12.8889
12.8433
12.8433
12.7976
12.7976
12.7518
12.7518
12.7058
12.7058
12.6597
12.6597
12.6135
12.6135
12.5672
12.5672
12.5207
12.5207
12.4741
12.4741
12.4274
12.4274
12.3806
12.3806
12.3336
12.3336
12.2866
12.2866
12.2394
12.2394
12.192
12.192
12.1446
12.1446
12.097
12.097
12.0492
12.0492
12.0014
12.0014
11.9534
11.9534
11.9052
11.9052
11.8569
11.8569
11.8085
11.8085
11.76
11.76
11.7112
11.7112
11.6624
11.6624
11.6134
11.6134
11.5642
11.5642
11.5149
11.5149
11.4654
11.4654
11.4158
11.4158
11.366
11.366
11.316
11.316
11.2658
11.2658
11.2155
11.2155
11.165
11.165
11.1143
11.1143
11.0634
11.0634
11.0123
11.0123
10.961
10.961
10.9096
10.9096
10.8579
10.8579
10.806
10.806
10.7539
10.7539
10.7015
10.7015
10.649
10.649
10.5962
10.5962
10.5432
10.5432
10.4899
10.4899
10.4364
10.4364
10.3826
10.3826
10.3286
10.3286
10.2743
10.2743
10.2197
10.2197
10.1649
10.1649
10.1097
10.1097
10.0543
10.0543
9.99854
9.99854
9.94248
9.94248
9.88611
9.88611
9.82941
9.82941
9.77238
9.77238
9.715
9.715
9.65727
9.65727
9.59918
9.59918
9.54071
9.54071
9.48186
9.48186
9.42262
9.42262
9.36298
9.36298
9.30293
9.30293
9.24245
9.24245
9.18153
9.18153
9.12017
9.12017
9.05835
9.05835
8.99606
8.99606
8.93328
8.93328
8.87001
8.87001
8.80622
8.80622
8.74191
8.74191
8.67706
8.67706
8.61166
8.61166
8.54569
8.54569
8.47913
8.47913
8.41197
8.41197
8.34419
8.34419
8.27578
8.27578
8.20672
8.20672
8.13699
8.13699
8.06657
8.06657
7.99544
7.99544
7.92359
7.92359
7.85099
7.85099
7.77763
7.77763
7.70348
7.70348
7.62853
7.62853
7.55275
7.55275
7.47612
7.47612
7.39862
7.39862
7.32023
7.32023
7.24092
7.24092
7.16068
7.16068
7.07949
7.07949
6.99731
6.99731
6.91414
6.91414
6.82994
6.82994
6.7447
6.7447
6.65841
6.65841
6.57103
6.57103
6.48256
6.48256
6.39298
6.39298
6.30227
6.30227
6.21043
6.21043
6.11745
6.11745
6.02331
6.02331
5.92802
5.92802
5.83158
5.83158
5.734
5.734
5.63528
5.63528
5.53545
5.53545
5.43453
5.43453
5.33255
5.33255
5.22954
5.22954
5.12555
5.12555
5.02064
5.02064
4.91487
4.91487
4.80831
4.80831
4.70103
4.70103
4.59314
4.59314
4.48472
4.48472
4.37588
4.37588
4.26673
4.26673
4.1574
4.1574
4.04801
4.04801
3.93868
3.93868
3.82954
3.82954
3.72073
3.72073
3.61238
3.61238
3.5046
3.5046
3.39752
3.39752
3.29126
3.29126
3.18593
3.18593
3.08162
3.08162
2.97842
2.97842
2.87642
2.87642
2.77569
2.77569
2.67628
2.67628
2.57825
2.57825
2.48165
2.48165
2.38649
2.38649
2.29282
2.29282
2.20064
2.20064
2.10996
2.10996
2.02081
2.02081
1.93316
1.93316
1.84702
1.84702
1.76238
1.76238
1.67922
1.67922
1.59754
1.59754
1.51732
1.51732
1.43854
1.43854
1.36117
1.36117
1.28521
1.28521
1.21062
1.21062
1.13738
1.13738
1.06548
1.06548
0.994894
0.994894
0.925594
0.925594
0.85756
0.85756
0.79077
0.79077
0.725201
0.725201
0.660832
0.660832
0.597642
0.597642
0.535608
0.535608
0.474711
0.474711
0.414929
0.414929
0.356241
0.356241
0.298629
0.298629
0.242072
0.242072
0.186552
0.186552
0.132048
0.132048
0.0785438
0.0785438
0.0260194
0.0260194
15.2126
15.2126
15.2099
15.2099
15.2045
15.2045
15.1966
15.1966
15.1864
15.1864
15.174
15.174
15.1597
15.1597
15.1434
15.1434
15.1254
15.1254
15.1058
15.1058
15.0846
15.0846
15.062
15.062
15.0381
15.0381
15.0129
15.0129
14.9867
14.9867
14.9593
14.9593
14.9309
14.9309
14.9016
14.9016
14.8715
14.8715
14.8405
14.8405
14.8087
14.8087
14.7762
14.7762
14.743
14.743
14.7092
14.7092
14.6748
14.6748
14.6398
14.6398
14.6042
14.6042
14.5682
14.5682
14.5317
14.5317
14.4947
14.4947
14.4572
14.4572
14.4194
14.4194
14.3812
14.3812
14.3426
14.3426
14.3036
14.3036
14.2643
14.2643
14.2247
14.2247
14.1848
14.1848
14.1445
14.1445
14.104
14.104
14.0633
14.0633
14.0222
14.0222
13.9809
13.9809
13.9394
13.9394
13.8977
13.8977
13.8557
13.8557
13.8135
13.8135
13.7712
13.7712
13.7286
13.7286
13.6858
13.6858
13.6429
13.6429
13.5997
13.5997
13.5564
13.5564
13.513
13.513
13.4693
13.4693
13.4256
13.4256
13.3816
13.3816
13.3375
13.3375
13.2933
13.2933
13.2489
13.2489
13.2044
13.2044
13.1597
13.1597
13.1149
13.1149
13.07
13.07
13.0249
13.0249
12.9797
12.9797
12.9343
12.9343
12.8889
12.8889
12.8433
12.8433
12.7976
12.7976
12.7518
12.7518
12.7058
12.7058
12.6597
12.6597
12.6135
12.6135
12.5672
12.5672
12.5207
12.5207
12.4741
12.4741
12.4274
12.4274
12.3806
12.3806
12.3336
12.3336
12.2866
12.2866
12.2394
12.2394
12.192
12.192
12.1446
12.1446
12.097
12.097
12.0492
12.0492
12.0014
12.0014
11.9534
11.9534
11.9052
11.9052
11.8569
11.8569
11.8085
11.8085
11.76
11.76
11.7112
11.7112
11.6624
11.6624
11.6134
11.6134
11.5642
11.5642
11.5149
11.5149
11.4654
11.4654
11.4158
11.4158
11.366
11.366
11.316
11.316
11.2658
11.2658
11.2155
11.2155
11.165
11.165
11.1143
11.1143
11.0634
11.0634
11.0123
11.0123
10.961
10.961
10.9096
10.9096
10.8579
10.8579
10.806
10.806
10.7539
10.7539
10.7015
10.7015
10.649
10.649
10.5962
10.5962
10.5432
10.5432
10.4899
10.4899
10.4364
10.4364
10.3826
10.3826
10.3286
10.3286
10.2743
10.2743
10.2197
10.2197
10.1649
10.1649
10.1097
10.1097
10.0543
10.0543
9.99854
9.99854
9.94248
9.94248
9.88611
9.88611
9.82941
9.82941
9.77238
9.77238
9.715
9.715
9.65727
9.65727
9.59918
9.59918
9.54071
9.54071
9.48186
9.48186
9.42262
9.42262
9.36298
9.36298
9.30293
9.30293
9.24245
9.24245
9.18153
9.18153
9.12017
9.12017
9.05835
9.05835
8.99606
8.99606
8.93328
8.93328
8.87001
8.87001
8.80622
8.80622
8.74191
8.74191
8.67706
8.67706
8.61166
8.61166
8.54569
8.54569
8.47913
8.47913
8.41197
8.41197
8.34419
8.34419
8.27578
8.27578
8.20672
8.20672
8.13699
8.13699
8.06657
8.06657
7.99544
7.99544
7.92359
7.92359
7.85099
7.85099
7.77763
7.77763
7.70348
7.70348
7.62853
7.62853
7.55275
7.55275
7.47612
7.47612
7.39862
7.39862
7.32023
7.32023
7.24092
7.24092
7.16068
7.16068
7.07949
7.07949
6.99731
6.99731
6.91414
6.91414
6.82994
6.82994
6.7447
6.7447
6.65841
6.65841
6.57103
6.57103
6.48256
6.48256
6.39298
6.39298
6.30227
6.30227
6.21043
6.21043
6.11745
6.11745
6.02331
6.02331
5.92802
5.92802
5.83158
5.83158
5.734
5.734
5.63528
5.63528
5.53545
5.53545
5.43453
5.43453
5.33255
5.33255
5.22954
5.22954
5.12555
5.12555
5.02064
5.02064
4.91487
4.91487
4.80831
4.80831
4.70103
4.70103
4.59314
4.59314
4.48472
4.48472
4.37588
4.37588
4.26673
4.26673
4.1574
4.1574
4.04801
4.04801
3.93868
3.93868
3.82954
3.82954
3.72073
3.72073
3.61238
3.61238
3.5046
3.5046
3.39752
3.39752
3.29126
3.29126
3.18593
3.18593
3.08162
3.08162
2.97842
2.97842
2.87642
2.87642
2.77569
2.77569
2.67628
2.67628
2.57825
2.57825
2.48165
2.48165
2.38649
2.38649
2.29282
2.29282
2.20064
2.20064
2.10996
2.10996
2.02081
2.02081
1.93316
1.93316
1.84702
1.84702
1.76238
1.76238
1.67922
1.67922
1.59754
1.59754
1.51732
1.51732
1.43854
1.43854
1.36117
1.36117
1.28521
1.28521
1.21062
1.21062
1.13738
1.13738
1.06548
1.06548
0.994894
0.994894
0.925594
0.925594
0.85756
0.85756
0.79077
0.79077
0.725201
0.725201
0.660832
0.660832
0.597642
0.597642
0.535608
0.535608
0.474711
0.474711
0.414929
0.414929
0.356241
0.356241
0.298629
0.298629
0.242072
0.242072
0.186552
0.186552
0.132048
0.132048
0.0785438
0.0785438
0.0260194
0.0260194
)
;

boundaryField
{
    walls
    {
        type            fixedValue;
        value           uniform 0;
    }
    inlet
    {
        type            cyclic;
    }
    outlet
    {
        type            cyclic;
    }
    sides
    {
        type            empty;
    }
}


// ************************************************************************* //
