/*--------------------------------*- C++ -*----------------------------------*\
| =========                 |                                                 |
| \\      /  F ield         | OpenFOAM: The Open Source CFD Toolbox           |
|  \\    /   O peration     | Version:  2106                                  |
|   \\  /    A nd           | Website:  www.openfoam.com                      |
|    \\/     M anipulation  |                                                 |
\*---------------------------------------------------------------------------*/
FoamFile
{
    version     2.0;
    format      ascii;
    arch        "LSB;label=32;scalar=64";
    class       volVectorField;
    location    "10040";
    object      U;
}
// * * * * * * * * * * * * * * * * * * * * * * * * * * * * * * * * * * * * * //

dimensions      [0 1 -1 0 0 0 0];

internalField   nonuniform List<vector> 
2000
(
(0.00220416 -5.43755e-16 -1.14799e-17)
(0.00220416 1.77851e-19 -9.32612e-22)
(0.00665278 -2.13559e-15 -3.63219e-17)
(0.00665278 -6.01949e-19 -5.27893e-22)
(0.0111836 -2.03242e-15 -3.85325e-17)
(0.0111836 -7.40689e-19 -2.62322e-21)
(0.015798 -1.8489e-15 -4.0462e-17)
(0.015798 -1.14535e-18 -2.78767e-21)
(0.0204977 -1.89241e-15 -4.25874e-17)
(0.0204977 -1.56639e-18 -2.39536e-21)
(0.0252841 -1.89902e-15 -4.48717e-17)
(0.0252841 -2.01302e-18 -1.4996e-21)
(0.0301589 -1.90172e-15 -4.72686e-17)
(0.0301589 -2.48479e-18 -6.1959e-22)
(0.0351236 -1.90065e-15 -4.97713e-17)
(0.0351236 -2.94589e-18 -2.13869e-22)
(0.0401798 -1.89963e-15 -5.23856e-17)
(0.0401798 -3.42183e-18 7.79726e-22)
(0.0453293 -1.89898e-15 -5.51142e-17)
(0.0453293 -3.91752e-18 2.74507e-21)
(0.0505737 -1.89836e-15 -5.79596e-17)
(0.0505737 -4.43313e-18 4.59513e-21)
(0.0559148 -1.89766e-15 -6.09243e-17)
(0.0559148 -4.97597e-18 5.7913e-21)
(0.0613542 -1.89682e-15 -6.40116e-17)
(0.0613542 -5.56696e-18 7.12627e-21)
(0.0668937 -1.8959e-15 -6.72256e-17)
(0.0668937 -6.14855e-18 9.43692e-21)
(0.0725351 -1.89495e-15 -7.05704e-17)
(0.0725351 -6.68641e-18 1.19661e-20)
(0.0782802 -1.89404e-15 -7.40505e-17)
(0.0782802 -7.25549e-18 1.67537e-20)
(0.0841308 -1.89316e-15 -7.76711e-17)
(0.0841308 -7.81342e-18 2.08084e-20)
(0.0900886 -1.89216e-15 -8.14367e-17)
(0.0900886 -8.40636e-18 2.44287e-20)
(0.0961556 -1.8911e-15 -8.53519e-17)
(0.0961556 -9.08768e-18 3.0348e-20)
(0.102333 -1.89002e-15 -8.94213e-17)
(0.102333 -9.7401e-18 3.66516e-20)
(0.108624 -1.88893e-15 -9.36494e-17)
(0.108624 -1.03845e-17 3.88911e-20)
(0.115029 -1.8878e-15 -9.80411e-17)
(0.115029 -1.11326e-17 4.33491e-20)
(0.121549 -1.88656e-15 -1.026e-16)
(0.121549 -1.19398e-17 4.85645e-20)
(0.128188 -1.88533e-15 -1.07329e-16)
(0.128188 -1.26996e-17 5.6045e-20)
(0.134945 -1.88405e-15 -1.12233e-16)
(0.134945 -1.35213e-17 6.55052e-20)
(0.141822 -1.88283e-15 -1.17314e-16)
(0.141822 -1.43212e-17 7.64496e-20)
(0.148821 -1.8817e-15 -1.22574e-16)
(0.148821 -1.50154e-17 8.85319e-20)
(0.155942 -1.88046e-15 -1.28015e-16)
(0.155942 -1.58553e-17 9.85444e-20)
(0.163186 -1.87895e-15 -1.33635e-16)
(0.163186 -1.67566e-17 1.10973e-19)
(0.170553 -1.87727e-15 -1.39433e-16)
(0.170553 -1.77853e-17 1.26808e-19)
(0.178043 -1.87548e-15 -1.45403e-16)
(0.178043 -1.89113e-17 1.38011e-19)
(0.185655 -1.87376e-15 -1.51541e-16)
(0.185655 -1.99557e-17 1.53729e-19)
(0.193389 -1.8722e-15 -1.57841e-16)
(0.193389 -2.10226e-17 1.67275e-19)
(0.201242 -1.87054e-15 -1.64291e-16)
(0.201242 -2.21537e-17 1.83055e-19)
(0.209213 -1.86882e-15 -1.70877e-16)
(0.209213 -2.31416e-17 2.04305e-19)
(0.217298 -1.86702e-15 -1.77584e-16)
(0.217298 -2.4206e-17 2.30594e-19)
(0.225493 -1.86495e-15 -1.84391e-16)
(0.225493 -2.54654e-17 2.51266e-19)
(0.233794 -1.86299e-15 -1.91277e-16)
(0.233794 -2.6302e-17 2.80469e-19)
(0.242195 -1.86118e-15 -1.98218e-16)
(0.242195 -2.71547e-17 3.20585e-19)
(0.250689 -1.85915e-15 -2.05187e-16)
(0.250689 -2.81511e-17 3.45034e-19)
(0.259269 -1.85698e-15 -2.12158e-16)
(0.259269 -2.91792e-17 3.65579e-19)
(0.267927 -1.85478e-15 -2.19095e-16)
(0.267927 -3.05494e-17 3.97718e-19)
(0.276653 -1.85259e-15 -2.25968e-16)
(0.276653 -3.20081e-17 4.37433e-19)
(0.285438 -1.84973e-15 -2.32745e-16)
(0.285438 -3.39156e-17 4.80282e-19)
(0.294269 -1.84682e-15 -2.39389e-16)
(0.294269 -3.52366e-17 5.28963e-19)
(0.303137 -1.84462e-15 -2.45879e-16)
(0.303137 -3.64752e-17 5.80487e-19)
(0.31203 -1.84229e-15 -2.5219e-16)
(0.31203 -3.84311e-17 6.17255e-19)
(0.320935 -1.83968e-15 -2.58297e-16)
(0.320935 -4.00218e-17 6.28336e-19)
(0.32984 -1.83686e-15 -2.64181e-16)
(0.32984 -4.15733e-17 6.46308e-19)
(0.338733 -1.83392e-15 -2.69826e-16)
(0.338733 -4.40599e-17 6.91643e-19)
(0.347603 -1.8308e-15 -2.75222e-16)
(0.347603 -4.67399e-17 7.34116e-19)
(0.356439 -1.82738e-15 -2.80366e-16)
(0.356439 -4.93606e-17 7.5119e-19)
(0.365228 -1.82375e-15 -2.8525e-16)
(0.365228 -5.19151e-17 7.90008e-19)
(0.373962 -1.81986e-15 -2.89878e-16)
(0.373962 -5.47961e-17 8.07701e-19)
(0.38263 -1.81648e-15 -2.94253e-16)
(0.38263 -5.68077e-17 8.93373e-19)
(0.391224 -1.81375e-15 -2.9839e-16)
(0.391224 -5.79006e-17 9.64442e-19)
(0.399737 -1.81147e-15 -3.02298e-16)
(0.399737 -5.93245e-17 9.94699e-19)
(0.408162 -1.80909e-15 -3.05996e-16)
(0.408162 -6.03668e-17 1.01989e-18)
(0.416492 -1.80628e-15 -3.09504e-16)
(0.416492 -6.19789e-17 1.1055e-18)
(0.424724 -1.80284e-15 -3.12841e-16)
(0.424724 -6.39485e-17 1.22048e-18)
(0.432852 -1.79883e-15 -3.16024e-16)
(0.432852 -6.63202e-17 1.31925e-18)
(0.440874 -1.79464e-15 -3.19073e-16)
(0.440874 -6.81311e-17 1.32784e-18)
(0.448786 -1.79078e-15 -3.22006e-16)
(0.448786 -6.95396e-17 1.29734e-18)
(0.456588 -1.78721e-15 -3.24855e-16)
(0.456588 -7.17861e-17 1.36889e-18)
(0.464278 -1.78307e-15 -3.2764e-16)
(0.464278 -7.39757e-17 1.40709e-18)
(0.471855 -1.77856e-15 -3.30362e-16)
(0.471855 -7.61324e-17 1.45065e-18)
(0.479319 -1.7744e-15 -3.33044e-16)
(0.479319 -7.83771e-17 1.54288e-18)
(0.486671 -1.77047e-15 -3.35709e-16)
(0.486671 -8.02109e-17 1.63312e-18)
(0.493911 -1.76847e-15 -3.38385e-16)
(0.493911 -8.17504e-17 1.63765e-18)
(0.501041 -1.76369e-15 -3.41081e-16)
(0.501041 -8.37902e-17 1.6841e-18)
(0.508062 -1.76032e-15 -3.43798e-16)
(0.508062 -8.64714e-17 1.70346e-18)
(0.514974 -1.7563e-15 -3.46549e-16)
(0.514974 -8.80757e-17 1.72931e-18)
(0.521782 -1.75196e-15 -3.49344e-16)
(0.521782 -9.09209e-17 1.74993e-18)
(0.528485 -1.7483e-15 -3.52185e-16)
(0.528485 -9.53255e-17 1.84001e-18)
(0.535086 -1.74457e-15 -3.55097e-16)
(0.535086 -9.86536e-17 1.90812e-18)
(0.541588 -1.74055e-15 -3.58093e-16)
(0.541588 -1.01606e-16 1.84849e-18)
(0.547993 -1.73622e-15 -3.61155e-16)
(0.547993 -1.03674e-16 1.90001e-18)
(0.554303 -1.73149e-15 -3.64302e-16)
(0.554303 -1.06115e-16 1.93656e-18)
(0.56052 -1.72616e-15 -3.67536e-16)
(0.56052 -1.09178e-16 2.00688e-18)
(0.566647 -1.72157e-15 -3.70875e-16)
(0.566647 -1.12614e-16 2.07544e-18)
(0.572686 -1.71839e-15 -3.74325e-16)
(0.572686 -1.17021e-16 2.10824e-18)
(0.578639 -1.71456e-15 -3.77893e-16)
(0.578639 -1.18988e-16 2.05816e-18)
(0.584509 -1.7091e-15 -3.81565e-16)
(0.584509 -1.21992e-16 2.16446e-18)
(0.590298 -1.70358e-15 -3.8535e-16)
(0.590298 -1.28064e-16 2.32165e-18)
(0.596009 -1.69897e-15 -3.89273e-16)
(0.596009 -1.32048e-16 2.23039e-18)
(0.601643 -1.6951e-15 -3.93349e-16)
(0.601643 -1.35818e-16 2.00899e-18)
(0.607203 -1.69121e-15 -3.9759e-16)
(0.607203 -1.40807e-16 2.0363e-18)
(0.612691 -1.68832e-15 -4.0199e-16)
(0.612691 -1.46272e-16 2.0935e-18)
(0.618109 -1.68434e-15 -4.06574e-16)
(0.618109 -1.49708e-16 1.95295e-18)
(0.623459 -1.67847e-15 -4.11343e-16)
(0.623459 -1.54392e-16 1.96568e-18)
(0.628743 -1.6728e-15 -4.16289e-16)
(0.628743 -1.60375e-16 2.01268e-18)
(0.633963 -1.66679e-15 -4.21372e-16)
(0.633963 -1.63835e-16 2.00826e-18)
(0.639121 -1.65851e-15 -4.26515e-16)
(0.639121 -1.69287e-16 1.99164e-18)
(0.644218 -1.65147e-15 -4.25137e-16)
(0.644218 -1.74836e-16 2.15242e-18)
(0.649257 -1.64628e-15 -4.23355e-16)
(0.649257 -1.79332e-16 2.0766e-18)
(0.654239 -1.63899e-15 -4.21631e-16)
(0.654239 -1.84087e-16 2.02043e-18)
(0.659166 -1.6314e-15 -4.20121e-16)
(0.659166 -1.89875e-16 1.9479e-18)
(0.664039 -1.62361e-15 -4.18593e-16)
(0.664039 -1.96154e-16 1.94166e-18)
(0.66886 -1.61472e-15 -4.17451e-16)
(0.66886 -2.02339e-16 2.12822e-18)
(0.673631 -1.60676e-15 -4.16024e-16)
(0.673631 -2.09837e-16 2.26655e-18)
(0.678352 -1.59886e-15 -4.14767e-16)
(0.678352 -2.14712e-16 2.17586e-18)
(0.683026 -1.5901e-15 -4.13664e-16)
(0.683026 -2.19264e-16 1.92304e-18)
(0.687653 -1.58047e-15 -4.12838e-16)
(0.687653 -2.26397e-16 2.45056e-18)
(0.692236 -1.57138e-15 -4.11539e-16)
(0.692236 -2.31977e-16 2.53114e-18)
(0.696774 -1.5647e-15 -4.10434e-16)
(0.696774 -2.36981e-16 2.5415e-18)
(0.701271 -1.56056e-15 -4.09347e-16)
(0.701271 -2.40593e-16 2.29371e-18)
(0.705726 -1.558e-15 -4.08332e-16)
(0.705726 -2.38214e-16 2.63064e-18)
(0.710141 -1.55422e-15 -4.06162e-16)
(0.710141 -2.42991e-16 3.12824e-18)
(0.714516 -1.5493e-15 -4.04143e-16)
(0.714516 -2.46925e-16 3.26849e-18)
(0.718854 -1.5423e-15 -4.0142e-16)
(0.718854 -2.48687e-16 3.2877e-18)
(0.723155 -1.53505e-15 -3.99065e-16)
(0.723155 -2.52529e-16 3.13174e-18)
(0.727421 -1.52951e-15 -3.96976e-16)
(0.727421 -2.56375e-16 2.83712e-18)
(0.731651 -1.52428e-15 -3.95221e-16)
(0.731651 -2.571e-16 2.55463e-18)
(0.735847 -1.51818e-15 -3.93259e-16)
(0.735847 -2.61358e-16 2.67388e-18)
(0.74001 -1.51094e-15 -3.91028e-16)
(0.74001 -2.64578e-16 3.26872e-18)
(0.744142 -1.50731e-15 -3.87958e-16)
(0.744142 -2.65713e-16 3.54493e-18)
(0.748241 -1.50283e-15 -3.84761e-16)
(0.748241 -2.67749e-16 3.27511e-18)
(0.752311 -1.49077e-15 -3.81782e-16)
(0.752311 -2.74829e-16 3.5595e-18)
(0.756351 -1.47872e-15 -3.7963e-16)
(0.756351 -2.83119e-16 3.88877e-18)
(0.760361 -1.46869e-15 -3.76114e-16)
(0.760361 -2.89584e-16 3.9817e-18)
(0.764344 -1.46018e-15 -3.73905e-16)
(0.764344 -2.97792e-16 2.76259e-18)
(0.768299 -1.45384e-15 -3.73001e-16)
(0.768299 -3.06652e-16 3.23408e-18)
(0.772228 -1.44657e-15 -3.70962e-16)
(0.772228 -3.1151e-16 3.99133e-18)
(0.77613 -1.4387e-15 -3.68555e-16)
(0.77613 -3.17498e-16 4.31842e-18)
(0.780008 -1.4312e-15 -3.6588e-16)
(0.780008 -3.24121e-16 4.10571e-18)
(0.78386 -1.42424e-15 -3.6385e-16)
(0.78386 -3.28649e-16 4.78527e-18)
(0.787688 -1.41453e-15 -3.60762e-16)
(0.787688 -3.29107e-16 5.0445e-18)
(0.791493 -1.40174e-15 -3.57523e-16)
(0.791493 -3.3721e-16 4.86059e-18)
(0.795275 -1.39399e-15 -3.55678e-16)
(0.795275 -3.51572e-16 5.0783e-18)
(0.799035 -1.38467e-15 -3.51934e-16)
(0.799035 -3.55294e-16 4.91828e-18)
(0.802772 -1.37494e-15 -3.48376e-16)
(0.802772 -3.6399e-16 4.05273e-18)
(0.806489 -1.36289e-15 -3.45305e-16)
(0.806489 -3.68797e-16 4.57538e-18)
(0.810184 -1.34908e-15 -3.41421e-16)
(0.810184 -3.73628e-16 4.81226e-18)
(0.81386 -1.33776e-15 -3.36345e-16)
(0.81386 -3.78001e-16 4.36928e-18)
(0.817515 -1.32316e-15 -3.33705e-16)
(0.817515 -3.85808e-16 3.74828e-18)
(0.821151 -1.31103e-15 -3.31176e-16)
(0.821151 -3.96811e-16 4.5093e-18)
(0.824768 -1.30071e-15 -3.27261e-16)
(0.824768 -4.08325e-16 4.94972e-18)
(0.828367 -1.28898e-15 -3.23725e-16)
(0.828367 -4.15967e-16 4.30044e-18)
(0.831947 -1.27533e-15 -3.20227e-16)
(0.831947 -4.25297e-16 4.96989e-18)
(0.83551 -1.2587e-15 -3.16464e-16)
(0.83551 -4.4559e-16 6.59779e-18)
(0.839056 -1.24375e-15 -3.11701e-16)
(0.839056 -4.52077e-16 6.72953e-18)
(0.842584 -1.23119e-15 -3.09552e-16)
(0.842584 -4.56639e-16 3.82737e-18)
(0.846097 -1.21822e-15 -3.08585e-16)
(0.846097 -4.69551e-16 3.59065e-18)
(0.849593 -1.20611e-15 -3.07207e-16)
(0.849593 -4.75829e-16 5.99524e-18)
(0.853073 -1.1899e-15 -3.03165e-16)
(0.853073 -4.88029e-16 5.56932e-18)
(0.856537 -1.17554e-15 -3.00682e-16)
(0.856537 -4.98379e-16 3.44422e-18)
(0.859987 -1.15825e-15 -3.00142e-16)
(0.859987 -5.11592e-16 2.55204e-18)
(0.863421 -1.14015e-15 -2.99413e-16)
(0.863421 -5.28084e-16 2.03292e-18)
(0.866841 -1.12789e-15 -3.01118e-16)
(0.866841 -5.35168e-16 7.24742e-19)
(0.870247 -1.11917e-15 -3.0185e-16)
(0.870247 -5.30626e-16 3.9285e-18)
(0.873638 -1.11606e-15 -3.00429e-16)
(0.873638 -5.40343e-16 5.98421e-18)
(0.877016 -1.11805e-15 -2.98185e-16)
(0.877016 -5.41092e-16 6.5876e-18)
(0.88038 -1.11903e-15 -2.95198e-16)
(0.88038 -5.50026e-16 6.73997e-18)
(0.883731 -1.1093e-15 -2.86986e-16)
(0.883731 -5.52595e-16 7.28639e-18)
(0.887069 -1.09448e-15 -2.82541e-16)
(0.887069 -5.5217e-16 5.07107e-18)
(0.890394 -1.08498e-15 -2.83311e-16)
(0.890394 -5.63473e-16 3.09956e-18)
(0.893707 -1.08165e-15 -2.84039e-16)
(0.893707 -5.6489e-16 3.35512e-18)
(0.897007 -1.07992e-15 -2.83206e-16)
(0.897007 -5.65416e-16 6.21063e-18)
(0.900295 -1.0739e-15 -2.76427e-16)
(0.900295 -5.68143e-16 7.15253e-18)
(0.90357 -1.06548e-15 -2.72781e-16)
(0.90357 -5.67303e-16 7.56256e-18)
(0.906834 -1.06685e-15 -2.68666e-16)
(0.906834 -5.79051e-16 3.25321e-18)
(0.910087 -1.05814e-15 -2.65565e-16)
(0.910087 -5.84825e-16 9.9294e-20)
(0.913327 -1.06083e-15 -2.60934e-16)
(0.913327 -5.89782e-16 2.24377e-19)
(0.916557 -1.06198e-15 -2.55653e-16)
(0.916557 -5.85586e-16 2.22185e-18)
(0.919775 -1.05592e-15 -2.46641e-16)
(0.919775 -5.73123e-16 -3.75354e-18)
(0.922982 -1.05398e-15 -2.35953e-16)
(0.922982 -5.79711e-16 -7.6404e-18)
(0.926178 -1.04167e-15 -2.2139e-16)
(0.926178 -5.87948e-16 -1.53655e-17)
(0.929363 -1.03128e-15 -2.05716e-16)
(0.929363 -5.9028e-16 -1.95672e-17)
(0.932537 -1.02117e-15 -1.9708e-16)
(0.932537 -5.96907e-16 -2.13737e-17)
(0.935701 -1.01112e-15 -1.88922e-16)
(0.935701 -6.0264e-16 -2.37468e-17)
(0.938854 -1.00702e-15 -1.76782e-16)
(0.938854 -6.02033e-16 -2.39566e-17)
(0.941996 -9.92003e-16 -1.71093e-16)
(0.941996 -6.0252e-16 -2.50642e-17)
(0.945128 -9.95159e-16 -1.70671e-16)
(0.945128 -6.05337e-16 -2.8098e-17)
(0.94825 -9.87822e-16 -1.58715e-16)
(0.94825 -5.96616e-16 -3.16559e-17)
(0.951361 -9.83531e-16 -1.51371e-16)
(0.951361 -5.91172e-16 -3.85255e-17)
(0.954462 -9.67007e-16 -1.3875e-16)
(0.954462 -5.95967e-16 -4.22378e-17)
(0.957552 -9.59151e-16 -1.31426e-16)
(0.957552 -6.00195e-16 -4.57556e-17)
(0.960632 -9.41967e-16 -1.20916e-16)
(0.960632 -5.93227e-16 -4.69733e-17)
(0.963702 -9.36551e-16 -1.13556e-16)
(0.963702 -5.9053e-16 -4.85275e-17)
(0.966762 -9.16486e-16 -9.54385e-17)
(0.966762 -5.85964e-16 -5.51804e-17)
(0.969811 -8.71054e-16 -7.76486e-17)
(0.969811 -5.81624e-16 -5.64179e-17)
(0.97285 -8.30883e-16 -7.45184e-17)
(0.97285 -5.92569e-16 -6.16518e-17)
(0.975878 -8.0315e-16 -7.64751e-17)
(0.975878 -5.97741e-16 -6.53845e-17)
(0.978896 -7.72091e-16 -7.76457e-17)
(0.978896 -6.088e-16 -6.2934e-17)
(0.981903 -7.43572e-16 -7.62658e-17)
(0.981903 -6.06152e-16 -5.82058e-17)
(0.9849 -7.22454e-16 -7.32065e-17)
(0.9849 -5.98999e-16 -5.9206e-17)
(0.987886 -7.03922e-16 -8.13838e-17)
(0.987886 -5.94753e-16 -5.38957e-17)
(0.990861 -7.25255e-16 -7.86965e-17)
(0.990861 -5.82732e-16 -5.38087e-17)
(0.993826 -7.30752e-16 -7.63555e-17)
(0.993826 -5.71142e-16 -5.47802e-17)
(0.996779 -7.28187e-16 -7.12928e-17)
(0.996779 -5.69141e-16 -6.39628e-17)
(0.999721 -7.11046e-16 -6.96213e-17)
(0.999721 -5.98846e-16 -6.58524e-17)
(1.00265 -6.95474e-16 -6.49739e-17)
(1.00265 -6.22456e-16 -6.2977e-17)
(1.00557 -6.74301e-16 -7.48036e-17)
(1.00557 -6.28328e-16 -6.10654e-17)
(1.00848 -6.84264e-16 -7.73014e-17)
(1.00848 -6.49106e-16 -6.26866e-17)
(1.01137 -6.84138e-16 -7.91541e-17)
(1.01137 -6.72176e-16 -6.10473e-17)
(1.01426 -6.80513e-16 -7.62015e-17)
(1.01426 -6.58622e-16 -6.87315e-17)
(1.01713 -6.80657e-16 -7.60568e-17)
(1.01713 -6.57718e-16 -7.66201e-17)
(1.01998 -6.76701e-16 -7.88547e-17)
(1.01998 -6.89389e-16 -8.96905e-17)
(1.02283 -6.76126e-16 -8.76528e-17)
(1.02283 -6.78828e-16 -8.54639e-17)
(1.02566 -6.66417e-16 -9.67682e-17)
(1.02566 -6.6257e-16 -9.28586e-17)
(1.02848 -6.55583e-16 -1.0871e-16)
(1.02848 -6.50667e-16 -1.01844e-16)
(1.03128 -6.31652e-16 -1.22417e-16)
(1.03128 -6.4435e-16 -9.03529e-17)
(1.03407 -6.39977e-16 -1.26441e-16)
(1.03407 -6.49149e-16 -8.58384e-17)
(1.03684 -6.17827e-16 -1.31937e-16)
(1.03684 -6.41203e-16 -6.82207e-17)
(1.0396 -6.10953e-16 -1.38504e-16)
(1.0396 -5.82904e-16 -5.49747e-17)
(1.04235 -5.931e-16 -1.40661e-16)
(1.04235 -5.57216e-16 -5.10524e-17)
(1.04507 -5.75114e-16 -1.41717e-16)
(1.04507 -5.93038e-16 -4.99148e-17)
(1.04778 -5.5895e-16 -1.51647e-16)
(1.04778 -5.66656e-16 -4.70657e-17)
(1.05048 -5.8484e-16 -1.46207e-16)
(1.05048 -5.40321e-16 -5.87674e-17)
(1.05315 -5.69454e-16 -1.39478e-16)
(1.05315 -5.46815e-16 -7.22567e-17)
(1.05581 -5.39301e-16 -1.2056e-16)
(1.05581 -5.32356e-16 -7.72303e-17)
(1.05844 -5.20603e-16 -1.21994e-16)
(1.05844 -5.3896e-16 -7.82582e-17)
(1.06106 -4.87218e-16 -1.33209e-16)
(1.06106 -5.58427e-16 -7.11211e-17)
(1.06365 -5.42768e-16 -1.22645e-16)
(1.06365 -5.32298e-16 -6.52243e-17)
(1.06623 -5.70407e-16 -1.57226e-16)
(1.06623 -5.23953e-16 -7.70084e-17)
(1.06878 -5.80636e-16 -1.87027e-16)
(1.06878 -5.23719e-16 -9.16719e-17)
(1.0713 -5.60157e-16 -1.70184e-16)
(1.0713 -5.00365e-16 -7.19359e-17)
(1.0738 -5.46202e-16 -1.26629e-16)
(1.0738 -5.13592e-16 -7.6064e-17)
(1.07628 -5.24823e-16 -1.26736e-16)
(1.07628 -5.30839e-16 -8.25319e-17)
(1.07873 -5.05097e-16 -1.46461e-16)
(1.07873 -5.33669e-16 -8.71174e-17)
(1.08115 -5.44062e-16 -1.12041e-16)
(1.08115 -5.55294e-16 -9.48491e-17)
(1.08354 -5.38684e-16 -1.10366e-16)
(1.08354 -5.64723e-16 -8.53844e-17)
(1.0859 -4.99266e-16 -1.41013e-16)
(1.0859 -5.55402e-16 -7.757e-17)
(1.08823 -5.78383e-16 -1.25251e-16)
(1.08823 -5.20566e-16 -8.93346e-17)
(1.09052 -5.31256e-16 -8.32148e-17)
(1.09052 -5.1382e-16 -9.69526e-17)
(1.09277 -5.0063e-16 -1.06046e-16)
(1.09277 -5.46476e-16 -1.08905e-16)
(1.09499 -5.11767e-16 -1.3265e-16)
(1.09499 -5.27538e-16 -1.00552e-16)
(1.09717 -4.89276e-16 -1.53265e-16)
(1.09717 -4.70041e-16 -9.57305e-17)
(1.0993 -4.67703e-16 -1.78193e-16)
(1.0993 -4.99908e-16 -9.60728e-17)
(1.10139 -4.80228e-16 -1.5209e-16)
(1.10139 -4.89359e-16 -7.93273e-17)
(1.10343 -4.6472e-16 -1.52441e-16)
(1.10343 -4.20493e-16 -1.14746e-16)
(1.10542 -4.61536e-16 -1.25737e-16)
(1.10542 -4.44637e-16 -1.66746e-16)
(1.10736 -4.28537e-16 -1.4639e-16)
(1.10736 -4.7342e-16 -1.4215e-16)
(1.10924 -3.95317e-16 -1.99225e-16)
(1.10924 -4.58276e-16 -1.39306e-16)
(1.11105 -4.30107e-16 -1.49749e-16)
(1.11105 -4.58395e-16 -9.6473e-17)
(1.11281 -4.12207e-16 -1.92821e-16)
(1.11281 -4.79236e-16 -9.67412e-17)
(1.11449 -4.00736e-16 -2.68568e-16)
(1.11449 -5.28036e-16 -7.19217e-17)
(1.1161 -4.63102e-16 -1.9107e-16)
(1.1161 -5.09733e-16 -3.22563e-17)
(1.11763 -4.72137e-16 -2.4201e-16)
(1.11763 -4.70191e-16 -3.57502e-17)
(1.11907 -5.04767e-16 -3.3488e-16)
(1.11907 -4.85507e-16 -5.45363e-17)
(1.12043 -5.02428e-16 -3.35129e-16)
(1.12043 -4.85082e-16 -6.02314e-17)
(1.12168 -5.89476e-16 -2.5636e-16)
(1.12168 -4.41325e-16 -2.9598e-17)
(1.12283 -5.4105e-16 -7.05423e-17)
(1.12283 -4.15107e-16 -1.03893e-16)
(1.12387 -4.65238e-16 -7.44645e-17)
(1.12387 -3.89775e-16 -9.42337e-17)
(1.12479 -4.13436e-16 -1.13376e-16)
(1.12479 -3.7177e-16 -1.11875e-16)
(1.12557 -3.95179e-16 -1.33832e-16)
(1.12557 -3.92041e-16 -1.57381e-16)
(1.12622 -3.12657e-16 -1.47697e-16)
(1.12622 -4.21379e-16 -2.08972e-16)
(1.12673 -3.0665e-16 -1.50152e-16)
(1.12673 -3.88921e-16 -1.60691e-16)
(1.12707 -3.24329e-16 -1.13276e-16)
(1.12707 -4.04045e-16 -1.49951e-16)
(1.12725 -3.5015e-16 -1.42499e-16)
(1.12725 -3.8741e-16 -1.36345e-16)
(0.00220416 9.94002e-20 2.12732e-18)
(0.00220416 2.38214e-20 1.18643e-18)
(0.00665278 -2.83984e-19 7.49798e-18)
(0.00665278 -5.39824e-20 -7.48682e-18)
(0.0111836 -3.30599e-19 7.7752e-18)
(0.0111836 -5.92431e-20 -7.75779e-18)
(0.015798 -5.07679e-19 8.05955e-18)
(0.015798 -1.02297e-19 -8.03148e-18)
(0.0204977 -6.89321e-19 8.351e-18)
(0.0204977 -1.53953e-19 -8.30718e-18)
(0.0252841 -8.78292e-19 8.64974e-18)
(0.0252841 -2.11876e-19 -8.58454e-18)
(0.0301589 -1.06411e-18 8.95579e-18)
(0.0301589 -2.56916e-19 -8.86296e-18)
(0.0351236 -1.26174e-18 9.26925e-18)
(0.0351236 -2.98545e-19 -9.14155e-18)
(0.0401798 -1.4797e-18 9.58961e-18)
(0.0401798 -3.37854e-19 -9.41978e-18)
(0.0453293 -1.70558e-18 9.91808e-18)
(0.0453293 -3.78026e-19 -9.69801e-18)
(0.0505737 -1.92742e-18 1.02534e-17)
(0.0505737 -4.41099e-19 -9.97527e-18)
(0.0559148 -2.15096e-18 1.05975e-17)
(0.0559148 -4.95248e-19 -1.02516e-17)
(0.0613542 -2.44456e-18 1.09506e-17)
(0.0613542 -5.34121e-19 -1.05266e-17)
(0.0668937 -2.73459e-18 1.13122e-17)
(0.0668937 -5.6764e-19 -1.07994e-17)
(0.0725351 -2.96613e-18 1.16821e-17)
(0.0725351 -6.39105e-19 -1.107e-17)
(0.0782802 -3.20006e-18 1.20605e-17)
(0.0782802 -7.15635e-19 -1.13377e-17)
(0.0841308 -3.44074e-18 1.24466e-17)
(0.0841308 -8.19669e-19 -1.16022e-17)
(0.0900886 -3.69397e-18 1.28378e-17)
(0.0900886 -9.13858e-19 -1.18609e-17)
(0.0961556 -3.95456e-18 1.32355e-17)
(0.0961556 -9.82684e-19 -1.21123e-17)
(0.102333 -4.162e-18 1.36403e-17)
(0.102333 -1.11882e-18 -1.23569e-17)
(0.108624 -4.4473e-18 1.40513e-17)
(0.108624 -1.19217e-18 -1.25943e-17)
(0.115029 -4.76762e-18 1.44682e-17)
(0.115029 -1.26384e-18 -1.28221e-17)
(0.121549 -5.06715e-18 1.48932e-17)
(0.121549 -1.41792e-18 -1.30404e-17)
(0.128188 -5.38504e-18 1.53253e-17)
(0.128188 -1.55864e-18 -1.32466e-17)
(0.134945 -5.68838e-18 1.57617e-17)
(0.134945 -1.65223e-18 -1.34391e-17)
(0.141822 -6.0474e-18 1.62007e-17)
(0.141822 -1.79547e-18 -1.36151e-17)
(0.148821 -6.48001e-18 1.66426e-17)
(0.148821 -2.02887e-18 -1.37759e-17)
(0.155942 -6.82087e-18 1.70862e-17)
(0.155942 -2.24807e-18 -1.39227e-17)
(0.163186 -7.06042e-18 1.75314e-17)
(0.163186 -2.41036e-18 -1.40513e-17)
(0.170553 -7.39331e-18 1.79817e-17)
(0.170553 -2.65573e-18 -1.41646e-17)
(0.178043 -7.89345e-18 1.84333e-17)
(0.178043 -2.80441e-18 -1.42594e-17)
(0.185655 -8.53469e-18 1.88801e-17)
(0.185655 -2.81603e-18 -1.43263e-17)
(0.193389 -8.96893e-18 1.93215e-17)
(0.193389 -2.98121e-18 -1.43708e-17)
(0.201242 -9.3611e-18 1.97597e-17)
(0.201242 -3.17792e-18 -1.43908e-17)
(0.209213 -9.86093e-18 2.01868e-17)
(0.209213 -3.26321e-18 -1.43811e-17)
(0.217298 -1.02308e-17 2.06062e-17)
(0.217298 -3.57624e-18 -1.43434e-17)
(0.225493 -1.04246e-17 2.10153e-17)
(0.225493 -3.88388e-18 -1.4274e-17)
(0.233794 -1.06202e-17 2.14157e-17)
(0.233794 -4.03785e-18 -1.41698e-17)
(0.242195 -1.10593e-17 2.18028e-17)
(0.242195 -4.53867e-18 -1.40391e-17)
(0.250689 -1.18935e-17 2.21689e-17)
(0.250689 -4.64055e-18 -1.38816e-17)
(0.259269 -1.28112e-17 2.25015e-17)
(0.259269 -4.23737e-18 -1.36826e-17)
(0.267927 -1.36977e-17 2.28118e-17)
(0.267927 -4.3015e-18 -1.34434e-17)
(0.276653 -1.43206e-17 2.30755e-17)
(0.276653 -4.29458e-18 -1.31455e-17)
(0.285438 -1.47482e-17 2.33154e-17)
(0.285438 -4.34744e-18 -1.2801e-17)
(0.294269 -1.52877e-17 2.35239e-17)
(0.294269 -4.48848e-18 -1.24087e-17)
(0.303137 -1.57599e-17 2.37177e-17)
(0.303137 -4.40028e-18 -1.1999e-17)
(0.31203 -1.68617e-17 2.38715e-17)
(0.31203 -4.61717e-18 -1.15591e-17)
(0.320935 -1.78305e-17 2.39713e-17)
(0.320935 -4.78257e-18 -1.10744e-17)
(0.32984 -1.82078e-17 2.40379e-17)
(0.32984 -4.84471e-18 -1.05574e-17)
(0.338733 -1.9079e-17 2.40651e-17)
(0.338733 -4.90734e-18 -1.00138e-17)
(0.347603 -1.99066e-17 2.40136e-17)
(0.347603 -5.38008e-18 -9.41955e-18)
(0.356439 -2.03307e-17 2.39171e-17)
(0.356439 -5.72968e-18 -8.80246e-18)
(0.365228 -2.07809e-17 2.37747e-17)
(0.365228 -6.64053e-18 -8.14917e-18)
(0.373962 -2.1224e-17 2.35895e-17)
(0.373962 -7.92415e-18 -7.47064e-18)
(0.38263 -2.17168e-17 2.33746e-17)
(0.38263 -7.97728e-18 -6.76237e-18)
(0.391224 -2.22197e-17 2.31263e-17)
(0.391224 -8.2528e-18 -6.07318e-18)
(0.399737 -2.26114e-17 2.28447e-17)
(0.399737 -8.31946e-18 -5.3622e-18)
(0.408162 -2.31936e-17 2.2547e-17)
(0.408162 -8.15173e-18 -4.64849e-18)
(0.416492 -2.42106e-17 2.22138e-17)
(0.416492 -8.63261e-18 -3.93332e-18)
(0.424724 -2.48337e-17 2.18655e-17)
(0.424724 -9.35451e-18 -3.2458e-18)
(0.432852 -2.47189e-17 2.15102e-17)
(0.432852 -1.00569e-17 -2.57895e-18)
(0.440874 -2.51374e-17 2.11824e-17)
(0.440874 -1.0784e-17 -1.95256e-18)
(0.448786 -2.63104e-17 2.08604e-17)
(0.448786 -1.1269e-17 -1.35151e-18)
(0.456588 -2.75278e-17 2.05064e-17)
(0.456588 -1.09661e-17 -7.72006e-19)
(0.464278 -2.84147e-17 2.01306e-17)
(0.464278 -1.13319e-17 -2.44212e-19)
(0.471855 -2.9028e-17 1.97552e-17)
(0.471855 -1.17751e-17 2.71577e-19)
(0.479319 -2.94792e-17 1.93965e-17)
(0.479319 -1.20389e-17 7.27965e-19)
(0.486671 -3.03588e-17 1.90203e-17)
(0.486671 -1.29805e-17 1.13182e-18)
(0.493911 -3.18778e-17 1.8604e-17)
(0.493911 -1.43501e-17 1.47981e-18)
(0.501041 -3.28637e-17 1.81679e-17)
(0.501041 -1.44292e-17 1.78483e-18)
(0.508062 -3.32956e-17 1.77626e-17)
(0.508062 -1.39822e-17 2.01678e-18)
(0.514974 -3.45301e-17 1.73861e-17)
(0.514974 -1.46001e-17 2.22924e-18)
(0.521782 -3.62501e-17 1.70209e-17)
(0.521782 -1.48634e-17 2.38076e-18)
(0.528485 -3.77704e-17 1.67059e-17)
(0.528485 -1.64481e-17 2.4815e-18)
(0.535086 -4.0558e-17 1.64277e-17)
(0.535086 -1.72735e-17 2.49893e-18)
(0.541588 -4.21271e-17 1.60799e-17)
(0.541588 -1.78514e-17 2.53049e-18)
(0.547993 -4.20893e-17 1.58382e-17)
(0.547993 -1.69918e-17 2.49245e-18)
(0.554303 -4.33583e-17 1.57066e-17)
(0.554303 -1.80898e-17 2.35839e-18)
(0.56052 -4.43811e-17 1.54621e-17)
(0.56052 -2.08189e-17 2.31492e-18)
(0.566647 -4.48043e-17 1.51981e-17)
(0.566647 -1.9845e-17 2.26858e-18)
(0.572686 -4.59133e-17 1.4992e-17)
(0.572686 -1.92055e-17 2.2423e-18)
(0.578639 -4.66323e-17 1.47432e-17)
(0.578639 -1.83406e-17 2.27862e-18)
(0.584509 -4.69687e-17 1.4522e-17)
(0.584509 -1.78414e-17 2.35431e-18)
(0.590298 -4.71416e-17 1.42548e-17)
(0.590298 -1.8848e-17 2.44509e-18)
(0.596009 -4.74467e-17 1.40142e-17)
(0.596009 -1.91033e-17 2.51064e-18)
(0.601643 -4.79191e-17 1.38485e-17)
(0.601643 -1.79007e-17 2.52294e-18)
(0.607203 -4.79555e-17 1.37654e-17)
(0.607203 -1.85751e-17 2.44688e-18)
(0.612691 -4.90275e-17 1.3633e-17)
(0.612691 -1.71179e-17 2.32022e-18)
(0.618109 -4.9472e-17 1.34691e-17)
(0.618109 -1.40185e-17 2.18275e-18)
(0.623459 -5.06746e-17 1.32608e-17)
(0.623459 -1.40452e-17 2.04623e-18)
(0.628743 -5.17713e-17 1.30582e-17)
(0.628743 -1.53125e-17 1.76992e-18)
(0.633963 -5.1822e-17 1.29893e-17)
(0.633963 -1.44365e-17 1.47835e-18)
(0.639121 -5.43381e-17 1.30376e-17)
(0.639121 -1.46674e-17 1.04104e-18)
(0.644218 -5.86446e-17 1.29737e-17)
(0.644218 -1.57347e-17 5.98018e-19)
(0.649257 -6.04517e-17 1.27124e-17)
(0.649257 -1.43247e-17 1.39212e-19)
(0.654239 -6.0914e-17 1.27293e-17)
(0.654239 -1.20716e-17 -4.72949e-19)
(0.659166 -6.35172e-17 1.26949e-17)
(0.659166 -1.08349e-17 -1.13832e-18)
(0.664039 -6.55557e-17 1.24499e-17)
(0.664039 -9.13942e-18 -1.61752e-18)
(0.66886 -6.6177e-17 1.2265e-17)
(0.66886 -8.34033e-18 -2.0104e-18)
(0.673631 -6.60933e-17 1.21539e-17)
(0.673631 -1.15448e-17 -2.32302e-18)
(0.678352 -6.58999e-17 1.21448e-17)
(0.678352 -1.1303e-17 -2.53681e-18)
(0.683026 -6.62322e-17 1.23445e-17)
(0.683026 -1.06063e-17 -2.92879e-18)
(0.687653 -6.7163e-17 1.25257e-17)
(0.687653 -1.32305e-17 -3.17595e-18)
(0.692236 -6.67076e-17 1.24448e-17)
(0.692236 -1.34387e-17 -3.55035e-18)
(0.696774 -6.65906e-17 1.2731e-17)
(0.696774 -1.156e-17 -4.08286e-18)
(0.701271 -7.0048e-17 1.29e-17)
(0.701271 -1.06829e-17 -4.77859e-18)
(0.705726 -7.24791e-17 1.25343e-17)
(0.705726 -8.12048e-18 -5.28878e-18)
(0.710141 -7.19655e-17 1.20249e-17)
(0.710141 -6.87921e-18 -5.80402e-18)
(0.714516 -7.32523e-17 1.17902e-17)
(0.714516 -7.49031e-18 -6.46983e-18)
(0.718854 -7.51465e-17 1.15268e-17)
(0.718854 -1.01793e-17 -7.15637e-18)
(0.723155 -7.35721e-17 1.14003e-17)
(0.723155 -1.19375e-17 -7.9241e-18)
(0.727421 -7.19708e-17 1.16805e-17)
(0.727421 -1.0587e-17 -8.61908e-18)
(0.731651 -6.84771e-17 1.1928e-17)
(0.731651 -1.41404e-17 -9.44285e-18)
(0.735847 -6.51598e-17 1.29817e-17)
(0.735847 -1.75302e-17 -1.07721e-17)
(0.74001 -6.87129e-17 1.4194e-17)
(0.74001 -1.70672e-17 -1.22877e-17)
(0.744142 -6.88384e-17 1.51075e-17)
(0.744142 -1.76081e-17 -1.39001e-17)
(0.748241 -6.51753e-17 1.66172e-17)
(0.748241 -1.79062e-17 -1.58559e-17)
(0.752311 -6.65162e-17 1.81506e-17)
(0.752311 -2.19677e-17 -1.76378e-17)
(0.756351 -6.68273e-17 1.93627e-17)
(0.756351 -2.77232e-17 -1.88168e-17)
(0.760361 -6.89191e-17 2.12728e-17)
(0.760361 -2.88143e-17 -1.99611e-17)
(0.764344 -7.56568e-17 2.21963e-17)
(0.764344 -2.48945e-17 -2.01159e-17)
(0.768299 -7.61665e-17 2.26495e-17)
(0.768299 -2.03777e-17 -1.94546e-17)
(0.772228 -7.33227e-17 2.26867e-17)
(0.772228 -2.16494e-17 -1.80448e-17)
(0.77613 -7.43514e-17 2.2558e-17)
(0.77613 -2.37698e-17 -1.64244e-17)
(0.780008 -7.67953e-17 2.20954e-17)
(0.780008 -2.14712e-17 -1.45347e-17)
(0.78386 -7.80541e-17 2.16812e-17)
(0.78386 -2.28938e-17 -1.22297e-17)
(0.787688 -7.72521e-17 2.16031e-17)
(0.787688 -2.66316e-17 -1.11224e-17)
(0.791493 -7.89118e-17 2.18358e-17)
(0.791493 -2.30832e-17 -1.06817e-17)
(0.795275 -8.12001e-17 2.18432e-17)
(0.795275 -1.7952e-17 -1.02564e-17)
(0.799035 -7.83113e-17 2.16569e-17)
(0.799035 -1.91946e-17 -1.00163e-17)
(0.802772 -7.69012e-17 2.20213e-17)
(0.802772 -2.07883e-17 -9.83592e-18)
(0.806489 -7.69296e-17 2.27427e-17)
(0.806489 -1.69746e-17 -9.8064e-18)
(0.810184 -7.61952e-17 2.3894e-17)
(0.810184 -1.57534e-17 -1.06723e-17)
(0.81386 -8.02796e-17 2.54629e-17)
(0.81386 -2.03749e-17 -1.22063e-17)
(0.817515 -8.62914e-17 2.67749e-17)
(0.817515 -2.22569e-17 -1.3265e-17)
(0.821151 -9.14935e-17 2.78317e-17)
(0.821151 -2.00729e-17 -1.37847e-17)
(0.824768 -9.40818e-17 2.89317e-17)
(0.824768 -2.00164e-17 -1.43382e-17)
(0.828367 -9.43543e-17 3.00415e-17)
(0.828367 -2.21458e-17 -1.46322e-17)
(0.831947 -9.66711e-17 3.11786e-17)
(0.831947 -2.53992e-17 -1.45058e-17)
(0.83551 -1.02797e-16 3.1208e-17)
(0.83551 -3.50925e-17 -1.35224e-17)
(0.839056 -1.06853e-16 3.07141e-17)
(0.839056 -3.88284e-17 -1.30157e-17)
(0.842584 -1.04596e-16 3.07519e-17)
(0.842584 -4.06135e-17 -1.24027e-17)
(0.846097 -1.00592e-16 3.08526e-17)
(0.846097 -4.64875e-17 -1.16645e-17)
(0.849593 -9.66369e-17 3.11317e-17)
(0.849593 -4.7786e-17 -9.98812e-18)
(0.853073 -9.49141e-17 3.1487e-17)
(0.853073 -5.01673e-17 -9.19849e-18)
(0.856537 -9.52535e-17 3.16934e-17)
(0.856537 -5.31954e-17 -7.80989e-18)
(0.859987 -1.02256e-16 3.23434e-17)
(0.859987 -5.53025e-17 -6.60622e-18)
(0.863421 -1.09192e-16 3.18904e-17)
(0.863421 -5.77212e-17 -5.46147e-18)
(0.866841 -1.09157e-16 3.18784e-17)
(0.866841 -5.70898e-17 -4.66634e-18)
(0.870247 -1.16122e-16 3.1575e-17)
(0.870247 -6.15604e-17 -3.21349e-18)
(0.873638 -1.2736e-16 2.98052e-17)
(0.873638 -7.35548e-17 -1.81533e-18)
(0.877016 -1.31832e-16 2.9734e-17)
(0.877016 -7.06921e-17 -1.75452e-18)
(0.88038 -1.28506e-16 2.95923e-17)
(0.88038 -7.0677e-17 -2.02996e-18)
(0.883731 -1.22232e-16 3.16879e-17)
(0.883731 -7.62083e-17 -2.38314e-18)
(0.887069 -1.17676e-16 3.43979e-17)
(0.887069 -8.02797e-17 -4.64203e-18)
(0.890394 -1.21375e-16 3.7113e-17)
(0.890394 -8.29993e-17 -5.00091e-18)
(0.893707 -1.34145e-16 3.71595e-17)
(0.893707 -7.84422e-17 -4.50512e-18)
(0.897007 -1.35971e-16 3.62903e-17)
(0.897007 -8.17582e-17 -5.85932e-18)
(0.900295 -1.33007e-16 3.45856e-17)
(0.900295 -8.72405e-17 -7.65806e-18)
(0.90357 -1.31777e-16 3.06e-17)
(0.90357 -8.22915e-17 -1.59934e-18)
(0.906834 -1.25639e-16 2.70527e-17)
(0.906834 -8.07962e-17 1.35025e-18)
(0.910087 -1.20901e-16 2.48303e-17)
(0.910087 -8.86539e-17 -2.20592e-18)
(0.913327 -1.22671e-16 2.1064e-17)
(0.913327 -1.02203e-16 -6.25049e-18)
(0.916557 -1.23121e-16 1.7039e-17)
(0.916557 -9.28436e-17 -3.84354e-18)
(0.919775 -1.23048e-16 1.53028e-17)
(0.919775 -9.53447e-17 -6.99938e-19)
(0.922982 -1.31321e-16 1.39224e-17)
(0.922982 -9.90527e-17 4.72893e-18)
(0.926178 -1.39318e-16 1.67085e-17)
(0.926178 -9.78763e-17 2.14317e-18)
(0.929363 -1.48835e-16 1.60849e-17)
(0.929363 -8.99417e-17 -4.7431e-18)
(0.932537 -1.53115e-16 1.36523e-17)
(0.932537 -9.79482e-17 -2.94037e-18)
(0.935701 -1.52918e-16 1.36178e-17)
(0.935701 -8.43065e-17 -3.13963e-18)
(0.938854 -1.54667e-16 9.23144e-18)
(0.938854 -9.90681e-17 -4.41888e-18)
(0.941996 -1.5314e-16 3.70189e-18)
(0.941996 -1.06417e-16 -3.68169e-18)
(0.945128 -1.52458e-16 1.04723e-18)
(0.945128 -1.03689e-16 4.27634e-19)
(0.94825 -1.49774e-16 7.64869e-19)
(0.94825 -1.08565e-16 1.13757e-18)
(0.951361 -1.57218e-16 4.02929e-18)
(0.951361 -9.70302e-17 -4.63785e-18)
(0.954462 -1.60588e-16 5.10832e-18)
(0.954462 -1.22223e-16 -6.41166e-18)
(0.957552 -1.59697e-16 9.40604e-18)
(0.957552 -1.20386e-16 -5.95511e-18)
(0.960632 -1.6344e-16 1.22613e-17)
(0.960632 -1.21753e-16 -5.18772e-18)
(0.963702 -1.62181e-16 1.61519e-17)
(0.963702 -1.32769e-16 1.67864e-18)
(0.966762 -1.66428e-16 2.46385e-17)
(0.966762 -1.28354e-16 4.47501e-18)
(0.969811 -1.59175e-16 2.79365e-17)
(0.969811 -1.20088e-16 1.25817e-18)
(0.97285 -1.61824e-16 3.09707e-17)
(0.97285 -1.47439e-16 -2.2861e-18)
(0.975878 -1.72779e-16 3.11814e-17)
(0.975878 -1.60735e-16 -5.49776e-18)
(0.978896 -1.70362e-16 2.3716e-17)
(0.978896 -1.35634e-16 4.87353e-19)
(0.981903 -1.64804e-16 1.79108e-17)
(0.981903 -1.22521e-16 5.01594e-18)
(0.9849 -1.57993e-16 2.48449e-17)
(0.9849 -1.16033e-16 6.04871e-19)
(0.987886 -1.53242e-16 2.46465e-17)
(0.987886 -1.43995e-16 1.89155e-19)
(0.990861 -1.61125e-16 3.0063e-17)
(0.990861 -1.19994e-16 -1.82836e-18)
(0.993826 -1.68982e-16 2.31203e-17)
(0.993826 -1.21072e-16 -1.47885e-18)
(0.996779 -1.61724e-16 1.55041e-17)
(0.996779 -1.35316e-16 -1.39529e-18)
(0.999721 -1.57148e-16 5.34477e-18)
(0.999721 -1.19634e-16 1.99406e-18)
(1.00265 -1.54124e-16 -3.11438e-18)
(1.00265 -1.36313e-16 8.25218e-19)
(1.00557 -1.4816e-16 -8.11776e-18)
(1.00557 -1.4893e-16 -2.60672e-19)
(1.00848 -1.38386e-16 -1.05272e-17)
(1.00848 -1.25681e-16 4.42977e-31)
(1.01137 -1.28966e-16 -1.33335e-17)
(1.01137 -1.55061e-16 1.22773e-17)
(1.01426 -1.24437e-16 -2.68086e-18)
(1.01426 -1.48355e-16 1.2902e-17)
(1.01713 -1.20979e-16 1.10797e-17)
(1.01713 -1.57626e-16 9.27454e-18)
(1.01998 -1.35246e-16 2.25965e-17)
(1.01998 -1.23851e-16 -4.03545e-18)
(1.02283 -1.46476e-16 1.78641e-17)
(1.02283 -1.19082e-16 -4.33767e-18)
(1.02566 -1.4696e-16 1.43992e-17)
(1.02566 -1.29544e-16 3.65475e-18)
(1.02848 -1.63849e-16 1.19676e-17)
(1.02848 -1.24827e-16 -4.31634e-18)
(1.03128 -1.70494e-16 -2.87091e-18)
(1.03128 -1.22874e-16 3.83988e-18)
(1.03407 -1.70737e-16 -7.89279e-18)
(1.03407 -1.29218e-16 -4.79024e-19)
(1.03684 -1.78385e-16 -2.31384e-17)
(1.03684 -1.3795e-16 6.8401e-18)
(1.0396 -1.80765e-16 -3.81006e-17)
(1.0396 -1.41927e-16 1.32054e-17)
(1.04235 -1.8336e-16 -4.709e-17)
(1.04235 -1.50042e-16 4.03383e-18)
(1.04507 -2.01488e-16 -3.14345e-17)
(1.04507 -1.58096e-16 4.56758e-18)
(1.04778 -2.17663e-16 -1.52773e-17)
(1.04778 -1.52125e-16 2.6204e-17)
(1.05048 -2.10615e-16 -8.81815e-18)
(1.05048 -1.61122e-16 4.19203e-17)
(1.05315 -1.86291e-16 -2.9584e-17)
(1.05315 -1.96675e-16 3.53387e-17)
(1.05581 -1.83892e-16 -7.01737e-18)
(1.05581 -1.97634e-16 1.76404e-17)
(1.05844 -1.87582e-16 1.52489e-32)
(1.05844 -1.97465e-16 3.74087e-17)
(1.06106 -2.15112e-16 7.44372e-19)
(1.06106 -2.07067e-16 3.45007e-17)
(1.06365 -2.54261e-16 3.22854e-17)
(1.06365 -2.13312e-16 4.36671e-17)
(1.06623 -3.0584e-16 4.19893e-17)
(1.06623 -2.30612e-16 3.99221e-17)
(1.06878 -3.05926e-16 2.77843e-17)
(1.06878 -2.42529e-16 5.58948e-17)
(1.0713 -2.29744e-16 -2.59765e-18)
(1.0713 -2.44218e-16 7.11095e-17)
(1.0738 -2.31786e-16 -4.55466e-18)
(1.0738 -2.63561e-16 3.52179e-17)
(1.07628 -2.4754e-16 1.47735e-17)
(1.07628 -2.8265e-16 3.21324e-17)
(1.07873 -2.0299e-16 4.85329e-31)
(1.07873 -2.81032e-16 4.51947e-17)
(1.08115 -2.38658e-16 -4.2026e-18)
(1.08115 -2.50458e-16 1.64801e-17)
(1.08354 -2.72372e-16 -1.05139e-17)
(1.08354 -2.56426e-16 1.83173e-17)
(1.0859 -2.8821e-16 8.68374e-18)
(1.0859 -3.09567e-16 1.40059e-17)
(1.08823 -2.38747e-16 8.44514e-31)
(1.08823 -2.6152e-16 2.02468e-17)
(1.09052 -2.73812e-16 -8.21887e-18)
(1.09052 -2.59006e-16 -8.14135e-19)
(1.09277 -2.98435e-16 2.1649e-17)
(1.09277 -2.95609e-16 -3.08896e-18)
(1.09499 -2.65786e-16 1.15526e-17)
(1.09499 -2.50314e-16 -2.55248e-20)
(1.09717 -2.30691e-16 -1.06552e-17)
(1.09717 -2.57331e-16 -2.92413e-19)
(1.0993 -2.23162e-16 -1.67405e-17)
(1.0993 -2.35675e-16 -1.48868e-17)
(1.10139 -2.07829e-16 -3.79748e-17)
(1.10139 -1.60434e-16 6.81586e-18)
(1.10343 -1.64904e-16 -5.58784e-17)
(1.10343 -1.72596e-16 2.87536e-17)
(1.10542 -1.41228e-16 -3.98449e-17)
(1.10542 -1.56432e-16 9.30133e-18)
(1.10736 -8.36845e-17 -2.90139e-17)
(1.10736 -1.09851e-16 -2.6262e-17)
(1.10924 -9.04061e-17 -3.88882e-17)
(1.10924 -1.15803e-16 -4.00132e-17)
(1.11105 -8.77162e-17 -5.18964e-17)
(1.11105 -9.52438e-17 -4.16408e-17)
(1.11281 -8.62202e-17 -1.85624e-17)
(1.11281 -8.50871e-17 -6.26237e-18)
(1.11449 -9.5485e-17 2.12139e-18)
(1.11449 -1.47895e-16 -4.222e-17)
(1.1161 -1.24006e-16 -2.07628e-17)
(1.1161 -1.82747e-16 -4.87594e-17)
(1.11763 -2.02273e-16 7.59533e-17)
(1.11763 -1.81305e-16 1.96837e-17)
(1.11907 -2.55564e-16 1.05558e-17)
(1.11907 -2.00994e-16 2.3487e-17)
(1.12043 -2.58633e-16 2.988e-17)
(1.12043 -2.23542e-16 -3.30617e-17)
(1.12168 -2.54374e-16 4.19419e-17)
(1.12168 -2.66781e-16 -2.28521e-17)
(1.12283 -2.50419e-16 6.67783e-17)
(1.12283 -2.26059e-16 1.58004e-17)
(1.12387 -2.578e-16 5.30095e-17)
(1.12387 -2.00228e-16 5.45003e-17)
(1.12479 -2.65705e-16 1.05689e-16)
(1.12479 -2.40413e-16 4.10526e-17)
(1.12557 -2.33489e-16 1.47374e-16)
(1.12557 -2.87855e-16 1.71257e-16)
(1.12622 -2.16741e-16 1.54885e-16)
(1.12622 -2.43183e-16 1.34798e-16)
(1.12673 -1.57451e-16 1.08178e-16)
(1.12673 -1.89401e-16 9.62545e-17)
(1.12707 -1.80639e-16 9.83863e-17)
(1.12707 -2.25442e-16 9.61573e-17)
(1.12725 -1.92144e-16 1.95402e-16)
(1.12725 -1.76334e-16 1.38638e-16)
(1.12725 -2.67838e-16 -1.63314e-16)
(1.12725 -3.07245e-16 -1.16752e-16)
(1.12707 -2.99559e-16 -1.06743e-16)
(1.12707 -2.46131e-16 -8.42818e-17)
(1.12673 -2.273e-16 -1.20096e-16)
(1.12673 -1.97394e-16 -9.05638e-17)
(1.12622 -2.15836e-16 -1.6901e-16)
(1.12622 -2.25559e-16 -5.76907e-17)
(1.12557 -2.00335e-16 -6.68286e-17)
(1.12557 -1.549e-16 -6.69336e-17)
(1.12479 -1.95568e-16 -8.9427e-17)
(1.12479 -1.67756e-16 -4.49957e-17)
(1.12387 -1.92227e-16 -8.80249e-17)
(1.12387 -1.77028e-16 -8.99924e-17)
(1.12283 -1.80039e-16 -5.03218e-17)
(1.12283 -1.94425e-16 -7.84383e-17)
(1.12168 -1.68442e-16 -9.7765e-17)
(1.12168 -2.30535e-16 -6.07182e-17)
(1.12043 -1.87e-16 -1.16631e-16)
(1.12043 -2.11085e-16 -1.257e-16)
(1.11907 -1.98798e-16 -5.97836e-17)
(1.11907 -2.06667e-16 -9.49809e-17)
(1.11763 -1.86329e-16 -1.49732e-16)
(1.11763 -1.91605e-16 -9.59601e-17)
(1.1161 -2.33405e-16 -1.07416e-16)
(1.1161 -1.69102e-16 -8.28734e-17)
(1.11449 -2.1403e-16 -7.66723e-17)
(1.11449 -2.00189e-16 -5.57753e-17)
(1.11281 -2.0368e-16 -6.72644e-17)
(1.11281 -2.12756e-16 -4.47339e-17)
(1.11105 -1.87503e-16 -6.49874e-17)
(1.11105 -2.11789e-16 -4.87293e-17)
(1.10924 -1.69821e-16 -5.89458e-17)
(1.10924 -1.74079e-16 -4.15586e-17)
(1.10736 -1.28781e-16 -6.71832e-17)
(1.10736 -1.58501e-16 -3.27308e-17)
(1.10542 -1.26107e-16 -9.515e-17)
(1.10542 -1.83247e-16 -4.51833e-17)
(1.10343 -1.1623e-16 -7.72009e-17)
(1.10343 -1.4668e-16 -6.8943e-17)
(1.10139 -1.23452e-16 -8.26826e-17)
(1.10139 -1.30111e-16 -2.61972e-17)
(1.0993 -1.25212e-16 -5.99704e-17)
(1.0993 -1.41814e-16 -3.2975e-17)
(1.09717 -1.27582e-16 -4.52214e-17)
(1.09717 -9.92983e-17 -1.36806e-17)
(1.09499 -1.31712e-16 -5.60753e-17)
(1.09499 -9.58595e-17 -3.91655e-17)
(1.09277 -1.31149e-16 -5.09097e-17)
(1.09277 -1.2691e-16 -3.16353e-17)
(1.09052 -1.1841e-16 -5.34359e-17)
(1.09052 -1.37912e-16 -4.36691e-17)
(1.08823 -1.08207e-16 -1.02785e-16)
(1.08823 -1.22214e-16 -3.86176e-17)
(1.0859 -1.28791e-16 -1.10177e-16)
(1.0859 -1.66789e-16 -4.54586e-17)
(1.08354 -1.22011e-16 -8.04738e-17)
(1.08354 -1.91188e-16 -3.55133e-17)
(1.08115 -2.11978e-16 -6.28256e-17)
(1.08115 -1.97721e-16 -5.164e-17)
(1.07873 -1.95626e-16 -9.03055e-17)
(1.07873 -1.9018e-16 -4.53525e-17)
(1.07628 -1.90013e-16 -6.42417e-17)
(1.07628 -1.75917e-16 -5.76443e-17)
(1.0738 -1.78306e-16 -8.1373e-17)
(1.0738 -1.81557e-16 -4.89483e-17)
(1.0713 -1.19664e-16 -7.42084e-17)
(1.0713 -1.71437e-16 -6.90292e-17)
(1.06878 -1.55348e-16 -8.57614e-17)
(1.06878 -1.7528e-16 -5.15822e-17)
(1.06623 -1.70291e-16 -7.06054e-17)
(1.06623 -1.62594e-16 -4.35934e-17)
(1.06365 -1.63792e-16 -7.89186e-17)
(1.06365 -1.68325e-16 -5.05109e-17)
(1.06106 -1.34615e-16 -8.88392e-17)
(1.06106 -1.60222e-16 -5.84732e-17)
(1.05844 -1.84742e-16 -7.75427e-17)
(1.05844 -1.36185e-16 -5.37995e-17)
(1.05581 -1.81166e-16 -6.27175e-17)
(1.05581 -1.31195e-16 -4.21102e-17)
(1.05315 -1.77367e-16 -3.75217e-17)
(1.05315 -1.68529e-16 -4.18474e-17)
(1.05048 -1.63697e-16 -3.2242e-17)
(1.05048 -1.64889e-16 -2.99457e-17)
(1.04778 -1.48771e-16 -2.55345e-17)
(1.04778 -1.59069e-16 -1.04206e-17)
(1.04507 -1.36386e-16 -2.90403e-17)
(1.04507 -1.52837e-16 -1.78552e-17)
(1.04235 -1.33814e-16 -3.68057e-17)
(1.04235 -1.27626e-16 -6.3444e-18)
(1.0396 -1.34644e-16 -3.51707e-17)
(1.0396 -1.27046e-16 -1.54125e-17)
(1.03684 -1.21585e-16 -4.47793e-17)
(1.03684 -1.15617e-16 -1.42206e-17)
(1.03407 -1.16281e-16 -3.75492e-17)
(1.03407 -1.29245e-16 -2.56546e-17)
(1.03128 -1.04713e-16 -2.86476e-17)
(1.03128 -1.24373e-16 -2.77127e-17)
(1.02848 -9.95005e-17 -2.1176e-17)
(1.02848 -1.30575e-16 -5.04953e-17)
(1.02566 -1.01438e-16 -3.12308e-17)
(1.02566 -1.42852e-16 -4.48323e-17)
(1.02283 -9.64241e-17 -5.01354e-17)
(1.02283 -1.03921e-16 -4.99983e-17)
(1.01998 -1.05129e-16 -4.78233e-17)
(1.01998 -7.9571e-17 -4.76628e-17)
(1.01713 -1.00458e-16 -2.57858e-17)
(1.01713 -8.13469e-17 -4.5768e-17)
(1.01426 -7.12262e-17 -5.92347e-18)
(1.01426 -7.53806e-17 -6.07496e-17)
(1.01137 -7.2457e-17 -1.25552e-17)
(1.01137 -9.17702e-17 -5.69161e-17)
(1.00848 -8.30343e-17 -2.75261e-17)
(1.00848 -9.15767e-17 -5.64838e-17)
(1.00557 -6.16797e-17 -4.44847e-17)
(1.00557 -8.73311e-17 -4.67372e-17)
(1.00265 -5.57582e-17 -4.4221e-17)
(1.00265 -6.68286e-17 -3.34566e-17)
(0.999721 -5.6314e-17 -2.92595e-17)
(0.999721 -4.26993e-17 -3.0691e-17)
(0.996779 -5.66329e-17 -2.32085e-17)
(0.996779 -3.81439e-17 -2.9253e-17)
(0.993826 -5.96365e-17 -2.88806e-17)
(0.993826 -4.85951e-17 -3.61291e-17)
(0.990861 -6.55188e-17 -3.33022e-17)
(0.990861 -3.40609e-17 -2.80616e-17)
(0.987886 -6.28889e-17 -2.06661e-17)
(0.987886 -5.32866e-17 -1.87311e-17)
(0.9849 -6.14587e-17 -1.16877e-17)
(0.9849 -5.11851e-17 -1.98432e-17)
(0.981903 -5.87565e-17 -1.71491e-17)
(0.981903 -5.04853e-17 -2.48814e-17)
(0.978896 -5.28803e-17 -2.67547e-17)
(0.978896 -4.09538e-17 -2.40566e-17)
(0.975878 -3.93614e-17 -3.06844e-17)
(0.975878 -2.8312e-17 -2.27241e-17)
(0.97285 -4.11305e-17 -2.75417e-17)
(0.97285 -4.28333e-17 -2.1417e-17)
(0.969811 -3.06755e-17 -2.3175e-17)
(0.969811 -4.13085e-17 -2.7964e-17)
(0.966762 -2.38252e-17 -2.48205e-17)
(0.966762 -3.20466e-17 -1.58514e-17)
(0.963702 -3.19142e-17 -2.59442e-17)
(0.963702 -4.46424e-17 -9.67679e-18)
(0.960632 -5.05518e-17 -2.21494e-17)
(0.960632 -2.90424e-17 -1.36989e-17)
(0.957552 -4.28311e-17 -2.0709e-17)
(0.957552 -4.34024e-17 -1.58425e-17)
(0.954462 -4.86884e-17 -1.89211e-17)
(0.954462 -5.02083e-17 -2.19706e-17)
(0.951361 -4.78823e-17 -1.65175e-17)
(0.951361 -4.92916e-17 -2.05706e-17)
(0.94825 -4.32926e-17 -1.79658e-17)
(0.94825 -4.37757e-17 -1.8474e-17)
(0.945128 -4.97144e-17 -1.40212e-17)
(0.945128 -5.45595e-17 -1.86199e-17)
(0.941996 -4.87714e-17 -6.03444e-18)
(0.941996 -4.47839e-17 -1.58014e-17)
(0.938854 -4.17098e-17 -5.91525e-18)
(0.938854 -3.55473e-17 -2.31529e-17)
(0.935701 -4.32695e-17 -9.78701e-18)
(0.935701 -4.89281e-17 -2.84184e-17)
(0.932537 -4.51546e-17 -1.28961e-17)
(0.932537 -4.52734e-17 -2.31951e-17)
(0.929363 -4.53461e-17 -1.06591e-17)
(0.929363 -4.15125e-17 -1.4469e-17)
(0.926178 -4.54269e-17 -1.14263e-17)
(0.926178 -3.7042e-17 -5.83832e-18)
(0.922982 -4.62311e-17 -9.392e-18)
(0.922982 -3.41336e-17 -3.94271e-18)
(0.919775 -3.913e-17 -4.52924e-18)
(0.919775 -4.37894e-17 -1.69398e-18)
(0.916557 -3.78228e-17 -5.52311e-18)
(0.916557 -4.28067e-17 -2.84382e-18)
(0.913327 -3.93394e-17 -4.30711e-18)
(0.913327 -3.88625e-17 -1.94702e-19)
(0.910087 -3.02476e-17 -4.55136e-18)
(0.910087 -4.20319e-17 -3.42078e-18)
(0.906834 -1.81556e-17 -5.55753e-18)
(0.906834 -4.65642e-17 -4.17878e-18)
(0.90357 -1.21436e-17 -8.66101e-18)
(0.90357 -3.70194e-17 -7.58226e-18)
(0.900295 -1.16276e-17 -1.22879e-17)
(0.900295 -2.90905e-17 -1.22149e-17)
(0.897007 -7.32821e-18 -1.45638e-17)
(0.897007 -4.60653e-17 -1.45987e-17)
(0.893707 -8.76543e-18 -1.31369e-17)
(0.893707 -3.80595e-17 -1.69703e-17)
(0.890394 -8.92842e-18 -1.29791e-17)
(0.890394 -3.4612e-17 -1.96798e-17)
(0.887069 -2.78363e-18 -1.44232e-17)
(0.887069 -2.39063e-17 -1.92852e-17)
(0.883731 -4.36485e-18 -1.37106e-17)
(0.883731 -2.73914e-17 -2.03413e-17)
(0.88038 -7.11199e-18 -1.28199e-17)
(0.88038 -3.1903e-17 -2.15152e-17)
(0.877016 -8.59248e-18 -1.34597e-17)
(0.877016 -1.80265e-17 -2.04053e-17)
(0.873638 -1.00382e-17 -1.25874e-17)
(0.873638 -3.25605e-17 -2.03696e-17)
(0.870247 -7.4924e-18 -1.13983e-17)
(0.870247 -3.11139e-17 -2.10214e-17)
(0.866841 -7.60457e-18 -1.12668e-17)
(0.866841 -2.26487e-17 -2.13791e-17)
(0.863421 -9.01059e-18 -1.04245e-17)
(0.863421 -1.58695e-17 -2.08451e-17)
(0.859987 -9.22584e-18 -9.19141e-18)
(0.859987 -2.19624e-17 -2.19146e-17)
(0.856537 -7.57202e-18 -9.62852e-18)
(0.856537 -2.09333e-17 -2.25491e-17)
(0.853073 -8.52616e-18 -9.80527e-18)
(0.853073 -2.04307e-17 -2.18883e-17)
(0.849593 -1.23782e-17 -7.96636e-18)
(0.849593 -2.39089e-17 -2.2547e-17)
(0.846097 -1.24572e-17 -6.81455e-18)
(0.846097 -1.86068e-17 -2.31331e-17)
(0.842584 -8.55564e-18 -6.79357e-18)
(0.842584 -1.56214e-17 -2.36053e-17)
(0.839056 -5.07633e-18 -6.26093e-18)
(0.839056 -2.10483e-17 -2.29871e-17)
(0.83551 -7.87621e-18 -6.41847e-18)
(0.83551 -1.88134e-17 -2.22081e-17)
(0.831947 -7.85469e-18 -7.48405e-18)
(0.831947 -1.50813e-17 -2.1208e-17)
(0.828367 -5.81495e-18 -8.71331e-18)
(0.828367 -1.6506e-17 -2.05918e-17)
(0.824768 -4.11824e-18 -1.03127e-17)
(0.824768 -1.21402e-17 -1.96833e-17)
(0.821151 -4.36942e-18 -1.15902e-17)
(0.821151 -2.28711e-17 -1.89819e-17)
(0.817515 -5.92398e-18 -1.07383e-17)
(0.817515 -1.85458e-17 -1.88452e-17)
(0.81386 -9.76967e-18 -9.96934e-18)
(0.81386 -1.37736e-17 -1.7063e-17)
(0.810184 -1.14412e-17 -9.28797e-18)
(0.810184 -1.9114e-17 -1.57882e-17)
(0.806489 -7.70846e-18 -9.42278e-18)
(0.806489 -1.88412e-17 -1.65458e-17)
(0.802772 -8.25607e-18 -1.17163e-17)
(0.802772 -1.11929e-17 -1.5212e-17)
(0.799035 -8.55541e-18 -1.17015e-17)
(0.799035 -1.99984e-17 -1.45447e-17)
(0.795275 -8.97493e-18 -1.18999e-17)
(0.795275 -2.15204e-17 -1.36896e-17)
(0.791493 -1.0695e-17 -1.21764e-17)
(0.791493 -2.14689e-17 -1.3782e-17)
(0.787688 -1.45522e-17 -1.31059e-17)
(0.787688 -1.86472e-17 -1.42309e-17)
(0.78386 -1.34908e-17 -1.43277e-17)
(0.78386 -1.82398e-17 -1.2594e-17)
(0.780008 -1.15551e-17 -1.4121e-17)
(0.780008 -2.38803e-17 -1.11197e-17)
(0.77613 -1.26318e-17 -1.36157e-17)
(0.77613 -2.36023e-17 -1.03274e-17)
(0.772228 -1.15819e-17 -1.40156e-17)
(0.772228 -2.07042e-17 -1.03335e-17)
(0.768299 -8.82401e-18 -1.51983e-17)
(0.768299 -2.07224e-17 -9.02644e-18)
(0.764344 -3.57218e-18 -1.62489e-17)
(0.764344 -1.64408e-17 -7.59455e-18)
(0.760361 -1.43068e-18 -1.60064e-17)
(0.760361 -1.9757e-17 -7.58577e-18)
(0.756351 -1.69924e-18 -1.74229e-17)
(0.756351 -1.7335e-17 -7.44069e-18)
(0.752311 -3.36809e-18 -1.85301e-17)
(0.752311 -1.92974e-17 -6.6287e-18)
(0.748241 -2.51259e-18 -1.9191e-17)
(0.748241 -1.82829e-17 -5.60735e-18)
(0.744142 -1.57144e-18 -1.94952e-17)
(0.744142 -1.65714e-17 -5.6633e-18)
(0.74001 -6.06462e-19 -2.03387e-17)
(0.74001 -1.2725e-17 -6.08001e-18)
(0.735847 8.10991e-19 -2.0882e-17)
(0.735847 -1.09811e-17 -6.67908e-18)
(0.731651 -4.46925e-18 -2.14748e-17)
(0.731651 -1.27422e-17 -6.55014e-18)
(0.727421 -5.20482e-18 -2.17073e-17)
(0.727421 -1.12658e-17 -6.12794e-18)
(0.723155 -6.48075e-18 -2.15946e-17)
(0.723155 -1.11509e-17 -6.05183e-18)
(0.718854 -7.94557e-18 -2.09843e-17)
(0.718854 -8.6388e-18 -5.8248e-18)
(0.714516 -8.51842e-18 -2.06091e-17)
(0.714516 -7.08885e-18 -5.56351e-18)
(0.710141 -7.25952e-18 -1.99744e-17)
(0.710141 -4.8042e-18 -5.54641e-18)
(0.705726 -5.00956e-18 -1.9704e-17)
(0.705726 -5.81572e-18 -5.3881e-18)
(0.701271 -3.65552e-18 -1.94976e-17)
(0.701271 -8.45175e-18 -5.15155e-18)
(0.696774 -2.30582e-18 -1.89782e-17)
(0.696774 -8.92119e-18 -4.88096e-18)
(0.692236 -3.70496e-19 -1.90245e-17)
(0.692236 -6.93333e-18 -4.72714e-18)
(0.687653 -3.65988e-19 -1.89845e-17)
(0.687653 -5.06237e-18 -4.78659e-18)
(0.683026 -4.1623e-19 -1.89913e-17)
(0.683026 -6.39135e-18 -4.89684e-18)
(0.678352 1.93034e-20 -1.92598e-17)
(0.678352 -8.55973e-18 -4.96816e-18)
(0.673631 2.80287e-18 -1.94883e-17)
(0.673631 -8.95452e-18 -4.56223e-18)
(0.66886 3.47661e-18 -1.97401e-17)
(0.66886 -1.07872e-17 -4.40396e-18)
(0.664039 2.95532e-18 -1.98808e-17)
(0.664039 -8.20026e-18 -4.28458e-18)
(0.659166 4.01096e-18 -1.99271e-17)
(0.659166 -1.11973e-17 -3.85688e-18)
(0.654239 4.73937e-18 -2.02802e-17)
(0.654239 -1.21138e-17 -3.958e-18)
(0.649257 3.64223e-18 -2.08235e-17)
(0.649257 -9.09112e-18 -3.80003e-18)
(0.644218 1.60738e-18 -2.11998e-17)
(0.644218 -6.99203e-18 -3.54108e-18)
(0.639121 -1.07374e-19 -2.10848e-17)
(0.639121 -8.08432e-18 -3.56516e-18)
(0.633963 -1.48718e-18 -2.08359e-17)
(0.633963 -8.55493e-18 -3.28463e-18)
(0.628743 -1.40667e-18 -2.09484e-17)
(0.628743 -7.42519e-18 -3.22585e-18)
(0.623459 -9.81039e-19 -2.09145e-17)
(0.623459 -7.50497e-18 -3.26185e-18)
(0.618109 -1.38571e-18 -2.07913e-17)
(0.618109 -7.71707e-18 -3.3388e-18)
(0.612691 -2.0931e-18 -2.06122e-17)
(0.612691 -7.77357e-18 -3.4186e-18)
(0.607203 -1.46064e-18 -2.05773e-17)
(0.607203 -9.2314e-18 -3.46904e-18)
(0.601643 -1.2254e-18 -2.06894e-17)
(0.601643 -6.62627e-18 -3.36508e-18)
(0.596009 -8.23382e-19 -2.06988e-17)
(0.596009 -7.31694e-18 -3.31795e-18)
(0.590299 -1.26081e-18 -2.02718e-17)
(0.590299 -4.5481e-18 -3.31609e-18)
(0.584509 -1.36716e-18 -2.01943e-17)
(0.584509 -3.55693e-18 -3.15654e-18)
(0.578639 -1.71398e-19 -2.02164e-17)
(0.578639 -5.43519e-18 -3.25923e-18)
(0.572686 -4.04352e-18 -2.00719e-17)
(0.572686 -3.81399e-18 -3.23758e-18)
(0.566647 -5.34672e-18 -1.97802e-17)
(0.566647 -3.32239e-18 -3.34092e-18)
(0.56052 -4.90307e-18 -1.94448e-17)
(0.56052 -3.93837e-18 -3.43715e-18)
(0.554303 -4.29952e-18 -1.90962e-17)
(0.554303 -3.62677e-18 -3.42027e-18)
(0.547993 -3.80619e-18 -1.89567e-17)
(0.547993 -4.22461e-18 -3.44626e-18)
(0.541588 -3.65609e-18 -1.88796e-17)
(0.541588 -4.62928e-18 -3.58839e-18)
(0.535086 -4.68239e-18 -1.89016e-17)
(0.535086 -3.34056e-18 -3.55389e-18)
(0.528485 -5.20471e-18 -1.8718e-17)
(0.528485 -5.1104e-18 -3.53542e-18)
(0.521782 -4.86007e-18 -1.85428e-17)
(0.521782 -4.39232e-18 -3.54721e-18)
(0.514974 -5.4673e-18 -1.83677e-17)
(0.514974 -4.71128e-18 -3.58802e-18)
(0.508062 -5.63273e-18 -1.8151e-17)
(0.508062 -3.56756e-18 -3.63062e-18)
(0.501041 -5.18019e-18 -1.79879e-17)
(0.501041 -3.87802e-18 -3.64873e-18)
(0.493911 -5.06299e-18 -1.77792e-17)
(0.493911 -3.59399e-18 -3.65926e-18)
(0.486671 -4.64614e-18 -1.75153e-17)
(0.486671 -2.30386e-18 -3.66574e-18)
(0.479319 -4.34479e-18 -1.73448e-17)
(0.479319 -1.95651e-18 -3.63666e-18)
(0.471855 -4.30028e-18 -1.72711e-17)
(0.471855 -1.74649e-18 -3.69828e-18)
(0.464278 -4.0565e-18 -1.71522e-17)
(0.464278 -2.00082e-18 -3.77964e-18)
(0.456588 -3.63323e-18 -1.6979e-17)
(0.456588 -2.24398e-18 -3.82069e-18)
(0.448786 -3.22292e-18 -1.69241e-17)
(0.448786 -1.9792e-18 -3.92385e-18)
(0.440874 -3.29541e-18 -1.68656e-17)
(0.440874 -2.59807e-18 -3.93859e-18)
(0.432852 -2.87964e-18 -1.67071e-17)
(0.432852 -2.79937e-18 -3.94423e-18)
(0.424724 -2.30577e-18 -1.65296e-17)
(0.424724 -2.02892e-18 -3.96515e-18)
(0.416492 -2.26939e-18 -1.63911e-17)
(0.416492 -2.28348e-18 -3.96911e-18)
(0.408162 -2.68094e-18 -1.62928e-17)
(0.408162 -2.59739e-18 -3.97658e-18)
(0.399737 -2.19324e-18 -1.6133e-17)
(0.399737 -1.97032e-18 -3.97728e-18)
(0.391224 -1.62638e-18 -1.59713e-17)
(0.391224 -1.80317e-18 -3.97208e-18)
(0.38263 -1.5109e-18 -1.58131e-17)
(0.38263 -1.23263e-18 -3.98353e-18)
(0.373962 -1.96848e-18 -1.56472e-17)
(0.373962 -1.0862e-18 -3.99558e-18)
(0.365228 -2.04569e-18 -1.54553e-17)
(0.365228 -1.24391e-18 -3.96809e-18)
(0.356439 -1.84239e-18 -1.5232e-17)
(0.356439 -6.41134e-19 -3.96733e-18)
(0.347603 -1.90554e-18 -1.50082e-17)
(0.347603 -4.02655e-19 -3.92415e-18)
(0.338733 -1.8725e-18 -1.4783e-17)
(0.338733 -1.65443e-18 -3.88162e-18)
(0.32984 -1.75747e-18 -1.44726e-17)
(0.32984 -4.23862e-19 -3.85891e-18)
(0.320935 -1.572e-18 -1.41783e-17)
(0.320935 -1.10306e-19 -3.77268e-18)
(0.31203 -1.23516e-18 -1.39001e-17)
(0.31203 4.15423e-19 -3.70931e-18)
(0.303137 -1.71456e-18 -1.35906e-17)
(0.303137 -4.75327e-19 -3.65395e-18)
(0.294269 -1.20577e-18 -1.32801e-17)
(0.294269 3.91297e-19 -3.6085e-18)
(0.285438 -1.28547e-18 -1.29345e-17)
(0.285438 3.36164e-19 -3.54329e-18)
(0.276653 -1.37719e-18 -1.26e-17)
(0.276653 3.57912e-19 -3.46654e-18)
(0.267927 -1.32419e-18 -1.22729e-17)
(0.267927 4.90679e-19 -3.38522e-18)
(0.259269 -1.45132e-18 -1.19254e-17)
(0.259269 8.76599e-19 -3.30443e-18)
(0.250689 -1.18672e-18 -1.15689e-17)
(0.250689 4.92916e-19 -3.218e-18)
(0.242195 -1.50184e-18 -1.123e-17)
(0.242195 6.90684e-19 -3.10154e-18)
(0.233794 -1.53896e-18 -1.09142e-17)
(0.233794 8.54968e-19 -2.99484e-18)
(0.225493 -1.25011e-18 -1.05894e-17)
(0.225493 9.94065e-19 -2.89212e-18)
(0.217298 -1.16632e-18 -1.02632e-17)
(0.217298 8.03555e-19 -2.8018e-18)
(0.209213 -1.09409e-18 -9.94201e-18)
(0.209213 7.27491e-19 -2.70778e-18)
(0.201242 -8.95429e-19 -9.61894e-18)
(0.201242 4.11285e-19 -2.61881e-18)
(0.193389 -1.20823e-18 -9.28268e-18)
(0.193389 5.70612e-19 -2.52901e-18)
(0.185655 -1.01826e-18 -8.9588e-18)
(0.185655 7.32622e-19 -2.43424e-18)
(0.178043 -8.50931e-19 -8.6519e-18)
(0.178043 9.42186e-19 -2.3535e-18)
(0.170553 -1.02387e-18 -8.3438e-18)
(0.170553 1.02959e-18 -2.27415e-18)
(0.163186 -1.0215e-18 -8.03687e-18)
(0.163186 8.62915e-19 -2.19552e-18)
(0.155942 -8.80404e-19 -7.74002e-18)
(0.155942 8.06233e-19 -2.11333e-18)
(0.148821 -7.22431e-19 -7.46531e-18)
(0.148821 6.77193e-19 -2.03155e-18)
(0.141822 -7.24978e-19 -7.20276e-18)
(0.141822 4.80818e-19 -1.95808e-18)
(0.134945 -6.6976e-19 -6.94485e-18)
(0.134945 4.93785e-19 -1.88698e-18)
(0.128188 -4.9838e-19 -6.69218e-18)
(0.128188 3.28979e-19 -1.81755e-18)
(0.121549 -3.54701e-19 -6.45118e-18)
(0.121549 2.28631e-19 -1.74827e-18)
(0.115029 -3.31083e-19 -6.2206e-18)
(0.115029 1.92569e-19 -1.68457e-18)
(0.108624 -2.89055e-19 -6.00127e-18)
(0.108624 2.35108e-19 -1.62318e-18)
(0.102333 -2.8785e-19 -5.78658e-18)
(0.102333 1.13577e-19 -1.56336e-18)
(0.0961556 -2.71678e-19 -5.57784e-18)
(0.0961556 8.16115e-20 -1.50618e-18)
(0.0900886 -1.67629e-19 -5.38135e-18)
(0.0900886 9.11867e-20 -1.45222e-18)
(0.0841308 -2.49367e-19 -5.18943e-18)
(0.0841308 7.73738e-20 -1.39825e-18)
(0.0782802 -1.73227e-19 -4.99889e-18)
(0.0782802 1.14498e-19 -1.34943e-18)
(0.0725351 -1.36671e-19 -4.81729e-18)
(0.0725351 6.25615e-20 -1.30129e-18)
(0.0668937 -1.41592e-19 -4.64214e-18)
(0.0668937 7.6775e-20 -1.25558e-18)
(0.0613542 -1.34711e-19 -4.47217e-18)
(0.0613542 5.93168e-20 -1.21119e-18)
(0.0559148 -1.40741e-19 -4.3081e-18)
(0.0559148 5.84509e-20 -1.16758e-18)
(0.0505737 -1.10032e-19 -4.15157e-18)
(0.0505737 7.00546e-20 -1.1254e-18)
(0.0453293 -9.36249e-20 -4.00063e-18)
(0.0453293 5.02834e-20 -1.08483e-18)
(0.0401798 -9.82209e-20 -3.85471e-18)
(0.0401798 3.59724e-20 -1.046e-18)
(0.0351236 -8.19321e-20 -3.71421e-18)
(0.0351236 3.41573e-20 -1.00788e-18)
(0.0301589 -6.05308e-20 -3.5788e-18)
(0.0301589 5.0828e-20 -9.71435e-19)
(0.0252841 -4.49556e-20 -3.44862e-18)
(0.0252841 5.28008e-20 -9.36656e-19)
(0.0204977 -3.84617e-20 -3.32316e-18)
(0.0204977 2.74351e-20 -9.02696e-19)
(0.0157981 -3.18336e-20 -3.20219e-18)
(0.0157981 1.51086e-20 -8.69992e-19)
(0.0111836 -2.13344e-20 -3.08555e-18)
(0.0111836 1.32241e-20 -8.387e-19)
(0.00665279 -9.36479e-21 -2.97333e-18)
(0.00665279 8.30413e-21 -8.08318e-19)
(0.00220416 -7.06733e-23 -6.46397e-19)
(0.00220416 -8.1655e-22 -6.74059e-20)
(1.12725 -2.72332e-16 1.90458e-16)
(1.12725 -2.36287e-16 1.26395e-16)
(1.12707 -2.42647e-16 1.48182e-16)
(1.12707 -1.98188e-16 1.05561e-16)
(1.12673 -2.22633e-16 8.66072e-17)
(1.12673 -1.87852e-16 1.45642e-16)
(1.12622 -1.86291e-16 9.36496e-17)
(1.12622 -2.2125e-16 1.81386e-16)
(1.12557 -1.25817e-16 7.36839e-17)
(1.12557 -1.68907e-16 7.36091e-17)
(1.12479 -1.79293e-16 3.16081e-17)
(1.12479 -1.60892e-16 8.0953e-17)
(1.12387 -1.67066e-16 5.93086e-17)
(1.12387 -1.39913e-16 4.85292e-17)
(1.12283 -1.59031e-16 7.80365e-17)
(1.12283 -1.84245e-16 6.32921e-17)
(1.12168 -1.36665e-16 8.77471e-17)
(1.12168 -1.84915e-16 1.05867e-16)
(1.12043 -1.284e-16 1.29038e-16)
(1.12043 -1.64693e-16 7.7982e-17)
(1.11907 -2.06119e-16 1.14468e-16)
(1.11907 -1.61797e-16 7.98801e-17)
(1.11763 -1.41154e-16 7.7385e-17)
(1.11763 -1.57956e-16 3.02048e-17)
(1.1161 -1.63665e-16 5.58323e-17)
(1.1161 -1.67684e-16 2.30996e-17)
(1.11449 -1.64267e-16 5.50761e-17)
(1.11449 -1.6237e-16 3.12927e-17)
(1.11281 -1.79631e-16 4.39774e-17)
(1.11281 -1.59705e-16 2.79955e-17)
(1.11105 -1.7584e-16 4.4565e-17)
(1.11105 -1.70607e-16 2.52037e-17)
(1.10924 -1.6475e-16 4.42885e-17)
(1.10924 -1.51188e-16 2.96194e-17)
(1.10736 -1.46012e-16 5.20405e-17)
(1.10736 -1.6397e-16 8.8095e-17)
(1.10542 -1.42564e-16 1.07722e-16)
(1.10542 -2.05494e-16 1.06644e-16)
(1.10343 -1.06886e-16 1.41261e-16)
(1.10343 -1.45174e-16 7.76675e-17)
(1.10139 -1.09955e-16 6.89584e-17)
(1.10139 -1.11211e-16 8.7256e-17)
(1.0993 -1.34527e-16 3.19693e-17)
(1.0993 -1.20424e-16 5.64167e-17)
(1.09717 -1.18286e-16 7.18766e-17)
(1.09717 -1.35518e-16 6.62974e-17)
(1.09499 -1.05656e-16 7.93335e-17)
(1.09499 -1.12317e-16 6.85986e-17)
(1.09277 -1.88541e-16 6.09229e-17)
(1.09277 -1.60986e-16 3.30498e-17)
(1.09052 -1.91579e-16 3.70748e-17)
(1.09052 -1.37494e-16 4.61099e-17)
(1.08823 -1.92952e-16 3.86701e-17)
(1.08823 -1.18649e-16 4.55713e-17)
(1.0859 -1.73364e-16 3.43595e-17)
(1.0859 -1.72742e-16 6.60479e-17)
(1.08354 -1.57048e-16 5.07645e-17)
(1.08354 -1.91191e-16 3.50673e-17)
(1.08115 -1.77766e-16 8.88522e-17)
(1.08115 -1.52761e-16 2.89599e-17)
(1.07873 -1.35591e-16 4.82888e-17)
(1.07873 -1.39311e-16 6.41493e-17)
(1.07628 -1.54313e-16 2.15427e-17)
(1.07628 -1.74964e-16 6.68402e-17)
(1.0738 -1.25692e-16 5.07557e-17)
(1.0738 -1.80061e-16 7.48162e-17)
(1.0713 -6.3792e-17 3.48743e-17)
(1.0713 -1.93283e-16 6.06179e-17)
(1.06878 -1.13636e-16 2.10074e-17)
(1.06878 -1.71026e-16 6.32625e-17)
(1.06623 -1.3184e-16 4.81869e-17)
(1.06623 -1.48199e-16 6.93482e-17)
(1.06365 -1.1661e-16 5.20506e-17)
(1.06365 -1.16831e-16 4.62285e-17)
(1.06106 -1.12025e-16 7.30887e-17)
(1.06106 -1.05422e-16 5.19148e-17)
(1.05844 -1.30311e-16 5.45552e-17)
(1.05844 -8.46824e-17 4.33052e-17)
(1.05581 -1.12492e-16 3.85241e-17)
(1.05581 -9.56013e-17 3.73866e-17)
(1.05315 -1.15534e-16 1.7061e-17)
(1.05315 -1.15011e-16 3.61527e-17)
(1.05048 -1.06533e-16 1.08383e-17)
(1.05048 -1.11708e-16 4.14129e-17)
(1.04778 -1.05087e-16 1.93023e-17)
(1.04778 -1.0397e-16 4.38657e-17)
(1.04507 -1.09165e-16 2.78727e-17)
(1.04507 -1.26544e-16 4.72268e-17)
(1.04235 -1.08019e-16 2.5995e-17)
(1.04235 -1.39117e-16 6.49306e-17)
(1.0396 -1.0788e-16 3.6898e-17)
(1.0396 -1.13308e-16 7.64339e-17)
(1.03684 -8.58835e-17 5.37444e-17)
(1.03684 -1.58294e-16 7.85503e-17)
(1.03407 -8.16169e-17 6.18818e-17)
(1.03407 -1.37931e-16 6.19931e-17)
(1.03128 -8.47744e-17 6.07835e-17)
(1.03128 -1.07003e-16 7.90779e-17)
(1.02848 -1.1996e-16 7.12945e-17)
(1.02848 -1.347e-16 6.03537e-17)
(1.02566 -1.09142e-16 6.17852e-17)
(1.02566 -1.14142e-16 5.06258e-17)
(1.02283 -1.09851e-16 6.64308e-17)
(1.02283 -7.00783e-17 5.70256e-17)
(1.01998 -1.06002e-16 5.75783e-17)
(1.01998 -8.71895e-17 6.06616e-17)
(1.01713 -9.36602e-17 4.85196e-17)
(1.01713 -9.96535e-17 6.95825e-17)
(1.01426 -9.90875e-17 5.2549e-17)
(1.01426 -9.35624e-17 6.83908e-17)
(1.01137 -9.67309e-17 5.45097e-17)
(1.01137 -7.85541e-17 7.14527e-17)
(1.00848 -8.58111e-17 6.17586e-17)
(1.00848 -8.33077e-17 6.83502e-17)
(1.00557 -1.12246e-16 5.43757e-17)
(1.00557 -6.97959e-17 5.79515e-17)
(1.00265 -1.13854e-16 4.08441e-17)
(1.00265 -6.88486e-17 5.18993e-17)
(0.999721 -1.10789e-16 2.79562e-17)
(0.999721 -6.74395e-17 4.18629e-17)
(0.996779 -9.02914e-17 2.02015e-17)
(0.996779 -6.44769e-17 3.33172e-17)
(0.993826 -7.7759e-17 2.67135e-17)
(0.993826 -6.70539e-17 3.04748e-17)
(0.990861 -7.82473e-17 2.74125e-17)
(0.990861 -6.95648e-17 2.73627e-17)
(0.987886 -6.07467e-17 1.92037e-17)
(0.987886 -7.00907e-17 1.80071e-17)
(0.9849 -4.922e-17 1.97797e-17)
(0.9849 -6.23063e-17 3.02535e-17)
(0.981903 -4.92759e-17 2.9246e-17)
(0.981903 -6.0852e-17 3.6993e-17)
(0.978896 -4.98732e-17 3.94417e-17)
(0.978896 -7.12224e-17 3.55169e-17)
(0.975878 -5.16973e-17 3.70018e-17)
(0.975878 -6.56234e-17 3.51936e-17)
(0.97285 -4.09209e-17 3.94234e-17)
(0.97285 -7.00327e-17 3.19729e-17)
(0.969811 -5.90139e-17 3.65246e-17)
(0.969811 -6.91109e-17 2.86958e-17)
(0.966762 -5.77273e-17 2.46852e-17)
(0.966762 -6.6558e-17 3.0735e-17)
(0.963702 -6.65678e-17 1.64413e-17)
(0.963702 -6.58597e-17 2.31007e-17)
(0.960632 -6.47964e-17 1.76002e-17)
(0.960632 -6.55791e-17 2.27153e-17)
(0.957552 -5.90599e-17 2.34246e-17)
(0.957552 -6.15103e-17 2.29082e-17)
(0.954462 -5.90391e-17 2.92731e-17)
(0.954462 -6.30721e-17 1.96826e-17)
(0.951361 -5.59991e-17 2.63676e-17)
(0.951361 -5.38433e-17 1.97613e-17)
(0.94825 -5.71018e-17 2.50556e-17)
(0.94825 -4.65721e-17 1.4471e-17)
(0.945128 -6.2151e-17 2.31298e-17)
(0.945128 -5.89573e-17 9.92511e-18)
(0.941996 -6.35467e-17 1.68164e-17)
(0.941996 -5.0664e-17 1.25765e-17)
(0.938854 -6.33817e-17 2.31383e-17)
(0.938854 -4.28245e-17 1.54971e-17)
(0.935701 -6.1212e-17 2.9867e-17)
(0.935701 -4.76005e-17 1.00205e-17)
(0.932537 -5.85441e-17 2.61771e-17)
(0.932537 -3.50121e-17 9.8527e-18)
(0.929363 -6.02961e-17 1.87184e-17)
(0.929363 -3.609e-17 1.12532e-17)
(0.926178 -6.1551e-17 9.72138e-18)
(0.926178 -3.50472e-17 1.10215e-17)
(0.922982 -4.43011e-17 6.97284e-18)
(0.922982 -5.62244e-17 6.92956e-18)
(0.919775 -4.1199e-17 8.10332e-18)
(0.919775 -4.26764e-17 3.16384e-18)
(0.916557 -4.24766e-17 5.76478e-18)
(0.916557 -4.37711e-17 5.03611e-18)
(0.913327 -3.9887e-17 6.55605e-18)
(0.913327 -5.31618e-17 3.16337e-18)
(0.910087 -4.13164e-17 8.35783e-18)
(0.910087 -5.31777e-17 2.81297e-18)
(0.906834 -3.82823e-17 8.86997e-18)
(0.906834 -5.54696e-17 2.60488e-18)
(0.90357 -3.74032e-17 1.06168e-17)
(0.90357 -5.33956e-17 2.20681e-18)
(0.900295 -3.84941e-17 1.20891e-17)
(0.900295 -5.90164e-17 5.14427e-18)
(0.897007 -3.63363e-17 1.33675e-17)
(0.897007 -5.58332e-17 5.25726e-18)
(0.893707 -2.25851e-17 1.49438e-17)
(0.893707 -5.45594e-17 3.58547e-18)
(0.890394 -2.38278e-17 1.56348e-17)
(0.890394 -4.38621e-17 2.88048e-18)
(0.887069 -2.69618e-17 1.64066e-17)
(0.887069 -4.20394e-17 4.16531e-18)
(0.883731 -2.88883e-17 1.78957e-17)
(0.883731 -5.07481e-17 3.6536e-18)
(0.88038 -3.94939e-17 1.5873e-17)
(0.88038 -4.43739e-17 3.98965e-18)
(0.877016 -3.68558e-17 1.37583e-17)
(0.877016 -3.41686e-17 6.58014e-18)
(0.873638 -2.71041e-17 1.24175e-17)
(0.873638 -3.9886e-17 6.56711e-18)
(0.870247 -2.36823e-17 1.19114e-17)
(0.870247 -4.25813e-17 6.04211e-18)
(0.866841 -2.15599e-17 1.24186e-17)
(0.866841 -4.00541e-17 6.39941e-18)
(0.863421 -2.06073e-17 1.23003e-17)
(0.863421 -4.37574e-17 7.22276e-18)
(0.859987 -2.3709e-17 1.18201e-17)
(0.859987 -3.92977e-17 7.51508e-18)
(0.856537 -2.47424e-17 1.25695e-17)
(0.856537 -3.07437e-17 9.80262e-18)
(0.853073 -2.43234e-17 1.48303e-17)
(0.853073 -3.31967e-17 1.09523e-17)
(0.849593 -2.36778e-17 1.33354e-17)
(0.849593 -2.92945e-17 1.02449e-17)
(0.846097 -1.97874e-17 1.2309e-17)
(0.846097 -2.42197e-17 9.2159e-18)
(0.842584 -1.45505e-17 1.30168e-17)
(0.842584 -2.92736e-17 1.14756e-17)
(0.839056 -1.07966e-17 1.20519e-17)
(0.839056 -3.3275e-17 1.2967e-17)
(0.83551 -1.16491e-17 1.12723e-17)
(0.83551 -3.26807e-17 1.30612e-17)
(0.831947 -7.38782e-18 1.16833e-17)
(0.831947 -3.4808e-17 1.41081e-17)
(0.828367 -5.92344e-18 1.27148e-17)
(0.828367 -2.99361e-17 1.47028e-17)
(0.824768 -9.41497e-18 1.3045e-17)
(0.824768 -2.49971e-17 1.51738e-17)
(0.821151 -1.23637e-17 1.3143e-17)
(0.821151 -2.72142e-17 1.62193e-17)
(0.817515 -1.51668e-17 1.30631e-17)
(0.817515 -1.8542e-17 1.55669e-17)
(0.81386 -1.84622e-17 1.16275e-17)
(0.81386 -1.4592e-17 1.56572e-17)
(0.810184 -2.05073e-17 9.26014e-18)
(0.810184 -1.46818e-17 1.58068e-17)
(0.806489 -2.13475e-17 8.52652e-18)
(0.806489 -1.18305e-17 1.70123e-17)
(0.802772 -2.4342e-17 8.04482e-18)
(0.802772 -1.30947e-17 1.9005e-17)
(0.799035 -2.20189e-17 5.4352e-18)
(0.799035 -1.62341e-17 1.95282e-17)
(0.795275 -1.78946e-17 5.50668e-18)
(0.795275 -1.60488e-17 1.93427e-17)
(0.791493 -1.85985e-17 6.01722e-18)
(0.791493 -1.96484e-17 1.88603e-17)
(0.787688 -1.72505e-17 6.36711e-18)
(0.787688 -2.06158e-17 1.89187e-17)
(0.78386 -1.72262e-17 6.39361e-18)
(0.78386 -2.26352e-17 2.0015e-17)
(0.780008 -1.71295e-17 6.4077e-18)
(0.780008 -2.1794e-17 1.97068e-17)
(0.77613 -1.60413e-17 6.21103e-18)
(0.77613 -1.98113e-17 1.81773e-17)
(0.772228 -1.3557e-17 6.8759e-18)
(0.772228 -2.10211e-17 1.77468e-17)
(0.768299 -1.38995e-17 8.34493e-18)
(0.768299 -2.05901e-17 1.84334e-17)
(0.764344 -1.03397e-17 8.18137e-18)
(0.764344 -2.312e-17 1.86275e-17)
(0.760361 -8.54582e-18 7.46105e-18)
(0.760361 -2.23876e-17 1.74082e-17)
(0.756351 -4.85183e-18 8.02425e-18)
(0.756351 -1.97719e-17 1.75519e-17)
(0.752311 -6.18456e-18 8.79218e-18)
(0.752311 -1.92701e-17 1.74155e-17)
(0.748241 -5.53572e-18 9.05684e-18)
(0.748241 -1.85119e-17 1.68913e-17)
(0.744142 -1.79733e-18 9.13329e-18)
(0.744142 -1.57231e-17 1.62662e-17)
(0.74001 1.01235e-18 9.70557e-18)
(0.74001 -1.45319e-17 1.614e-17)
(0.735847 -3.61124e-18 9.97801e-18)
(0.735847 -1.47108e-17 1.5722e-17)
(0.731651 -1.39144e-18 9.65385e-18)
(0.731651 -1.58649e-17 1.54075e-17)
(0.727421 1.51392e-18 1.01668e-17)
(0.727421 -1.59628e-17 1.50337e-17)
(0.723155 2.46904e-18 1.10966e-17)
(0.723155 -1.40497e-17 1.40767e-17)
(0.718854 -1.69766e-18 1.16819e-17)
(0.718854 -1.28193e-17 1.29235e-17)
(0.714516 -2.84688e-19 1.16571e-17)
(0.714516 -1.0887e-17 1.23217e-17)
(0.710141 3.3696e-19 1.16029e-17)
(0.710141 -7.72582e-18 1.15289e-17)
(0.705726 -1.08385e-18 1.18819e-17)
(0.705726 -9.03869e-18 1.0951e-17)
(0.701271 -2.4195e-19 1.22066e-17)
(0.701271 -1.25237e-17 1.03228e-17)
(0.696774 5.62875e-19 1.23864e-17)
(0.696774 -1.18054e-17 9.45128e-18)
(0.692236 1.31183e-18 1.2615e-17)
(0.692236 -1.30412e-17 9.00863e-18)
(0.687653 -5.13274e-20 1.33205e-17)
(0.687653 -1.19401e-17 8.29552e-18)
(0.683026 -2.3376e-18 1.34687e-17)
(0.683026 -9.33751e-18 7.92277e-18)
(0.678352 -4.40349e-18 1.38534e-17)
(0.678352 -8.66722e-18 7.66872e-18)
(0.673631 -5.83809e-18 1.39642e-17)
(0.673631 -8.84688e-18 7.5273e-18)
(0.66886 -5.49117e-18 1.39469e-17)
(0.66886 -8.3862e-18 7.35717e-18)
(0.664039 -3.49282e-18 1.38745e-17)
(0.664039 -6.39673e-18 7.22036e-18)
(0.659166 -8.24786e-18 1.35983e-17)
(0.659166 -5.87559e-18 7.12694e-18)
(0.654239 -1.07977e-17 1.32211e-17)
(0.654239 -7.67112e-18 7.28526e-18)
(0.649257 -1.07349e-17 1.311e-17)
(0.649257 -9.19109e-18 7.53534e-18)
(0.644218 -9.27399e-18 1.30291e-17)
(0.644218 -8.89673e-18 7.68199e-18)
(0.639121 -8.41332e-18 1.29709e-17)
(0.639121 -1.13519e-17 7.47546e-18)
(0.633963 -8.88447e-18 1.29758e-17)
(0.633963 -1.14539e-17 7.28927e-18)
(0.628743 -8.89659e-18 1.30966e-17)
(0.628743 -9.64189e-18 7.45257e-18)
(0.623459 -8.28758e-18 1.30609e-17)
(0.623459 -1.06716e-17 7.47931e-18)
(0.618109 -7.32966e-18 1.28613e-17)
(0.618109 -1.11468e-17 7.46252e-18)
(0.612691 -6.79044e-18 1.27969e-17)
(0.612691 -1.12476e-17 7.37365e-18)
(0.607203 -6.05289e-18 1.28698e-17)
(0.607203 -1.10323e-17 7.36908e-18)
(0.601643 -6.26631e-18 1.29043e-17)
(0.601643 -7.63893e-18 7.52774e-18)
(0.596009 -6.67255e-18 1.28449e-17)
(0.596009 -6.99327e-18 7.5658e-18)
(0.590299 -7.05418e-18 1.27001e-17)
(0.590299 -7.42828e-18 7.14614e-18)
(0.584509 -8.13415e-18 1.26326e-17)
(0.584509 -3.42907e-18 7.09256e-18)
(0.578639 -9.73016e-18 1.25002e-17)
(0.578639 -2.15728e-18 7.2225e-18)
(0.572686 -8.51608e-18 1.218e-17)
(0.572686 -3.02004e-18 7.3199e-18)
(0.566647 -7.68424e-18 1.198e-17)
(0.566647 -2.64254e-18 7.31199e-18)
(0.56052 -7.66295e-18 1.17242e-17)
(0.56052 -3.79199e-18 7.25838e-18)
(0.554303 -6.11463e-18 1.16019e-17)
(0.554303 -3.34229e-18 7.1733e-18)
(0.547993 -6.17072e-18 1.15556e-17)
(0.547993 -2.60665e-18 7.27202e-18)
(0.541588 -7.56281e-18 1.1375e-17)
(0.541588 -1.77324e-18 7.4539e-18)
(0.535086 -7.58992e-18 1.11012e-17)
(0.535086 -3.16225e-19 7.74331e-18)
(0.528485 -7.73282e-18 1.08964e-17)
(0.528485 1.215e-19 7.85122e-18)
(0.521782 -6.91458e-18 1.06457e-17)
(0.521782 -8.12966e-20 7.95307e-18)
(0.514974 -7.51309e-18 1.0409e-17)
(0.514974 -8.8278e-19 7.98877e-18)
(0.508062 -8.12558e-18 1.03567e-17)
(0.508062 3.1781e-19 7.98637e-18)
(0.501041 -9.1337e-18 1.02757e-17)
(0.501041 4.49953e-19 8.01583e-18)
(0.493911 -8.76009e-18 1.00848e-17)
(0.493911 7.48682e-20 7.98655e-18)
(0.486671 -8.33473e-18 9.84321e-18)
(0.486671 1.08288e-18 7.90395e-18)
(0.479319 -7.07281e-18 9.66932e-18)
(0.479319 4.0358e-19 7.88612e-18)
(0.471855 -4.75952e-18 9.62575e-18)
(0.471855 -8.04724e-20 7.94343e-18)
(0.464278 -2.99554e-18 9.63086e-18)
(0.464278 3.75217e-19 7.96169e-18)
(0.456588 -3.53609e-18 9.61818e-18)
(0.456588 -3.15142e-19 7.90945e-18)
(0.448786 -3.78601e-18 9.57783e-18)
(0.448786 -3.15555e-19 7.96059e-18)
(0.440874 -3.94545e-18 9.5117e-18)
(0.440874 -2.22987e-19 7.99934e-18)
(0.432852 -3.88435e-18 9.42039e-18)
(0.432852 -2.37629e-19 7.93963e-18)
(0.424724 -3.51876e-18 9.35974e-18)
(0.424724 5.30764e-20 7.84192e-18)
(0.416492 -3.2617e-18 9.29412e-18)
(0.416492 3.84242e-19 7.79411e-18)
(0.408162 -3.17607e-18 9.21327e-18)
(0.408162 3.45752e-19 7.79033e-18)
(0.399737 -2.92702e-18 9.09602e-18)
(0.399737 -1.31751e-19 7.73965e-18)
(0.391224 -2.53936e-18 8.98442e-18)
(0.391224 -6.86147e-20 7.6628e-18)
(0.38263 -2.08298e-18 8.91333e-18)
(0.38263 -2.31007e-19 7.58481e-18)
(0.373962 -2.20538e-18 8.82757e-18)
(0.373962 -4.63562e-19 7.48077e-18)
(0.365228 -2.11318e-18 8.71898e-18)
(0.365228 -4.44878e-19 7.38149e-18)
(0.356439 -1.61168e-18 8.60471e-18)
(0.356439 -6.72001e-19 7.25253e-18)
(0.347603 -1.14762e-18 8.51857e-18)
(0.347603 -3.577e-19 7.12905e-18)
(0.338733 -8.68635e-19 8.43622e-18)
(0.338733 -9.04189e-20 7.00664e-18)
(0.32984 -1.48982e-18 8.31415e-18)
(0.32984 -3.81113e-19 6.83001e-18)
(0.320935 -1.75454e-18 8.15276e-18)
(0.320935 -5.74551e-19 6.68812e-18)
(0.31203 -1.52399e-18 7.97385e-18)
(0.31203 -4.19447e-19 6.57314e-18)
(0.303137 -1.38676e-18 7.82023e-18)
(0.303137 -4.08469e-19 6.43925e-18)
(0.294269 -6.20824e-19 7.67041e-18)
(0.294269 -6.12707e-19 6.2955e-18)
(0.285438 -8.84574e-19 7.52236e-18)
(0.285438 -4.65712e-19 6.12389e-18)
(0.276653 -5.8263e-19 7.35722e-18)
(0.276653 -7.48938e-19 5.96508e-18)
(0.267927 -6.18385e-19 7.19093e-18)
(0.267927 -8.81871e-19 5.80654e-18)
(0.259269 -7.87237e-19 7.02172e-18)
(0.259269 -6.6813e-19 5.61886e-18)
(0.250689 -7.32457e-19 6.85126e-18)
(0.250689 -3.24878e-19 5.42052e-18)
(0.242195 -7.08628e-19 6.67536e-18)
(0.242195 1.61659e-19 5.25167e-18)
(0.233794 -6.76685e-19 6.48445e-18)
(0.233794 1.68907e-19 5.11207e-18)
(0.225493 -5.6577e-19 6.28654e-18)
(0.225493 1.6505e-19 4.9635e-18)
(0.217298 -4.19436e-19 6.09911e-18)
(0.217298 1.2806e-19 4.8105e-18)
(0.209213 -3.61294e-19 5.91424e-18)
(0.209213 6.50355e-20 4.66466e-18)
(0.201242 -4.40456e-19 5.73391e-18)
(0.201242 8.6351e-20 4.5146e-18)
(0.193389 -5.81448e-19 5.54499e-18)
(0.193389 1.81934e-19 4.35619e-18)
(0.185655 -5.59845e-19 5.35447e-18)
(0.185655 3.12746e-19 4.20925e-18)
(0.178043 -5.42553e-19 5.16987e-18)
(0.178043 2.3761e-19 4.07393e-18)
(0.170553 -5.99262e-19 4.98709e-18)
(0.170553 3.21812e-19 3.93365e-18)
(0.163186 -6.79379e-19 4.80506e-18)
(0.163186 3.75304e-19 3.79351e-18)
(0.155942 -6.73965e-19 4.63037e-18)
(0.155942 3.04124e-19 3.65733e-18)
(0.148821 -4.72952e-19 4.46152e-18)
(0.148821 2.98989e-19 3.53382e-18)
(0.141822 -3.22594e-19 4.30301e-18)
(0.141822 2.01195e-19 3.41724e-18)
(0.134945 -3.05649e-19 4.14528e-18)
(0.134945 2.33041e-19 3.30132e-18)
(0.128188 -1.95641e-19 3.98569e-18)
(0.128188 2.19433e-19 3.18797e-18)
(0.121549 -8.07875e-20 3.83777e-18)
(0.121549 1.64264e-19 3.07843e-18)
(0.115029 -6.12805e-20 3.69862e-18)
(0.115029 1.78678e-19 2.97333e-18)
(0.108624 -3.24701e-20 3.56334e-18)
(0.108624 5.94888e-20 2.87479e-18)
(0.102333 -1.39076e-20 3.42871e-18)
(0.102333 5.11205e-20 2.77703e-18)
(0.0961556 -2.42421e-21 3.30288e-18)
(0.0961556 1.36902e-19 2.68115e-18)
(0.0900886 -5.5253e-20 3.18359e-18)
(0.0900886 1.11375e-19 2.59159e-18)
(0.0841308 -6.59327e-20 3.0628e-18)
(0.0841308 9.76311e-20 2.50487e-18)
(0.0782802 -1.33493e-19 2.94722e-18)
(0.0782802 1.48787e-19 2.41522e-18)
(0.0725351 -1.36959e-19 2.83859e-18)
(0.0725351 1.64351e-19 2.3299e-18)
(0.0668937 -1.18472e-19 2.73397e-18)
(0.0668937 1.34977e-19 2.24798e-18)
(0.0613542 -9.76711e-20 2.63246e-18)
(0.0613542 1.21282e-19 2.16756e-18)
(0.0559148 -6.70293e-20 2.53634e-18)
(0.0559148 1.16017e-19 2.08895e-18)
(0.0505737 -1.59273e-20 2.4435e-18)
(0.0505737 1.09864e-19 2.01423e-18)
(0.0453293 -7.84051e-20 2.35413e-18)
(0.0453293 9.74881e-20 1.94162e-18)
(0.0401798 -7.64099e-20 2.26828e-18)
(0.0401798 7.54847e-20 1.87105e-18)
(0.0351236 -6.90504e-20 2.18482e-18)
(0.0351236 6.06957e-20 1.80335e-18)
(0.0301589 -3.40445e-20 2.10524e-18)
(0.0301589 5.15459e-20 1.7379e-18)
(0.0252841 -1.54789e-20 2.02899e-18)
(0.0252841 4.02508e-20 1.67484e-18)
(0.0204977 -2.10106e-21 1.95531e-18)
(0.0204977 2.61024e-20 1.61419e-18)
(0.0157981 -1.72197e-20 1.88411e-18)
(0.0157981 2.05563e-20 1.55581e-18)
(0.0111836 -1.17372e-20 1.81547e-18)
(0.0111836 1.18768e-20 1.49931e-18)
(0.00665279 -6.00122e-21 1.74945e-18)
(0.00665279 6.88234e-21 1.44488e-18)
(0.00220416 -3.305e-22 4.40351e-19)
(0.00220416 3.27744e-22 1.83215e-19)
)
;

boundaryField
{
    walls
    {
        type            fixedValue;
        value           uniform (0 0 0);
    }
    inlet
    {
        type            cyclic;
    }
    outlet
    {
        type            cyclic;
    }
    sides
    {
        type            empty;
    }
}


// ************************************************************************* //
