/*--------------------------------*- C++ -*----------------------------------*\
| =========                 |                                                 |
| \\      /  F ield         | OpenFOAM: The Open Source CFD Toolbox           |
|  \\    /   O peration     | Version:  2106                                  |
|   \\  /    A nd           | Website:  www.openfoam.com                      |
|    \\/     M anipulation  |                                                 |
\*---------------------------------------------------------------------------*/
FoamFile
{
    version     2.0;
    format      ascii;
    arch        "LSB;label=32;scalar=64";
    class       surfaceScalarField;
    location    "10040";
    object      phi;
}
// * * * * * * * * * * * * * * * * * * * * * * * * * * * * * * * * * * * * * //

dimensions      [0 3 -1 0 0 0 0];

oriented        oriented;

internalField   nonuniform List<scalar> 
3996
(
2.99918e-08
-5.88931e-18
-3.20746e-22
-7.35444e-22
1.36234e-23
9.22137e-08
-5.88627e-18
-1.03146e-21
-2.61432e-21
-1.15419e-22
1.57908e-07
-5.8831e-18
-1.06913e-21
-4.59346e-21
-1.21982e-22
2.27227e-07
-5.8798e-18
-1.11793e-21
-6.60014e-21
-1.28903e-22
3.00327e-07
-5.87638e-18
-1.16718e-21
-8.69667e-21
-1.36199e-22
3.77373e-07
-5.87273e-18
-1.21764e-21
-1.10007e-20
-1.43891e-22
4.58533e-07
-5.86903e-18
-1.27023e-21
-1.3398e-20
-1.52e-22
5.43984e-07
-5.86526e-18
-1.32515e-21
-1.57686e-20
-1.60544e-22
6.33911e-07
-5.86124e-18
-1.3825e-21
-1.8195e-20
-1.69551e-22
7.28503e-07
-5.8571e-18
-1.44241e-21
-2.08887e-20
-1.79046e-22
8.27957e-07
-5.85296e-18
-1.50504e-21
-2.3543e-20
-1.89046e-22
9.32477e-07
-5.84833e-18
-1.5705e-21
-2.64441e-20
-1.99576e-22
1.04227e-06
-5.84333e-18
-1.63891e-21
-2.96097e-20
-2.10657e-22
1.15757e-06
-5.83844e-18
-1.71039e-21
-3.2515e-20
-2.22313e-22
1.27857e-06
-5.83302e-18
-1.78502e-21
-3.57493e-20
-2.34568e-22
1.40553e-06
-5.82756e-18
-1.86288e-21
-3.90993e-20
-2.4745e-22
1.53865e-06
-5.82204e-18
-1.94405e-21
-4.27822e-20
-2.60983e-22
1.67819e-06
-5.81637e-18
-2.02853e-21
-4.61793e-20
-2.75164e-22
1.82437e-06
-5.81042e-18
-2.11634e-21
-4.9719e-20
-2.90017e-22
1.97743e-06
-5.80372e-18
-2.2074e-21
-5.33303e-20
-3.05551e-22
2.13759e-06
-5.79627e-18
-2.30164e-21
-5.76273e-20
-3.21747e-22
2.30507e-06
-5.79016e-18
-2.39889e-21
-6.17753e-20
-3.38564e-22
2.48009e-06
-5.78291e-18
-2.49881e-21
-6.56633e-20
-3.55976e-22
2.66282e-06
-5.7758e-18
-2.60106e-21
-7.02484e-20
-3.73964e-22
2.85345e-06
-5.76779e-18
-2.70518e-21
-7.50626e-20
-3.9242e-22
3.05211e-06
-5.75979e-18
-2.81061e-21
-7.99424e-20
-4.11277e-22
3.25892e-06
-5.75224e-18
-2.9167e-21
-8.49538e-20
-4.30446e-22
3.47396e-06
-5.74336e-18
-3.02264e-21
-9.01856e-20
-4.498e-22
3.69727e-06
-5.73415e-18
-3.12768e-21
-9.54739e-20
-4.69229e-22
3.92886e-06
-5.7241e-18
-3.23098e-21
-1.01311e-19
-4.88614e-22
4.16868e-06
-5.71442e-18
-3.33171e-21
-1.0571e-19
-5.0776e-22
4.41667e-06
-5.70437e-18
-3.42898e-21
-1.12021e-19
-5.26602e-22
4.67271e-06
-5.69373e-18
-3.52209e-21
-1.18452e-19
-5.4488e-22
4.93667e-06
-5.68293e-18
-3.61035e-21
-1.23917e-19
-5.62522e-22
5.20837e-06
-5.67182e-18
-3.69314e-21
-1.30779e-19
-5.79486e-22
5.48764e-06
-5.65965e-18
-3.77004e-21
-1.37095e-19
-5.95609e-22
5.77428e-06
-5.64782e-18
-3.84085e-21
-1.44178e-19
-6.10851e-22
6.0681e-06
-5.63537e-18
-3.9053e-21
-1.51515e-19
-6.25192e-22
6.36891e-06
-5.62328e-18
-3.96349e-21
-1.58827e-19
-6.38599e-22
6.67654e-06
-5.61223e-18
-4.01551e-21
-1.66058e-19
-6.51028e-22
6.99082e-06
-5.6008e-18
-4.06163e-21
-1.7258e-19
-6.62536e-22
7.31162e-06
-5.59081e-18
-4.1022e-21
-1.79519e-19
-6.73189e-22
7.63882e-06
-5.58016e-18
-4.13758e-21
-1.86766e-19
-6.82983e-22
7.97234e-06
-5.56847e-18
-4.16826e-21
-1.93937e-19
-6.91994e-22
8.31212e-06
-5.55608e-18
-4.19495e-21
-2.00953e-19
-7.00163e-22
8.65814e-06
-5.54419e-18
-4.218e-21
-2.085e-19
-7.07691e-22
9.01037e-06
-5.53267e-18
-4.23781e-21
-2.16283e-19
-7.14649e-22
9.36886e-06
-5.52053e-18
-4.25472e-21
-2.21529e-19
-7.21016e-22
9.73363e-06
-5.50836e-18
-4.26921e-21
-2.30217e-19
-7.27078e-22
1.01048e-05
-5.49443e-18
-4.28166e-21
-2.37547e-19
-7.32812e-22
1.04823e-05
-5.48199e-18
-4.29249e-21
-2.45681e-19
-7.38236e-22
1.08664e-05
-5.46777e-18
-4.3018e-21
-2.54464e-19
-7.43632e-22
1.12572e-05
-5.45601e-18
-4.31005e-21
-2.62942e-19
-7.48945e-22
1.16548e-05
-5.44317e-18
-4.31722e-21
-2.71118e-19
-7.54019e-22
1.20593e-05
-5.42669e-18
-4.32349e-21
-2.80425e-19
-7.59227e-22
1.2471e-05
-5.4145e-18
-4.32945e-21
-2.8771e-19
-7.6437e-22
1.28899e-05
-5.40346e-18
-4.335e-21
-2.9749e-19
-7.69574e-22
1.33163e-05
-5.3876e-18
-4.33995e-21
-3.06285e-19
-7.74468e-22
1.37503e-05
-5.37455e-18
-4.3456e-21
-3.14888e-19
-7.78585e-22
1.41921e-05
-5.35958e-18
-4.3511e-21
-3.25754e-19
-7.82575e-22
1.4642e-05
-5.34219e-18
-4.3567e-21
-3.31732e-19
-7.85946e-22
1.51002e-05
-5.33119e-18
-4.36255e-21
-3.3802e-19
-7.89193e-22
1.55668e-05
-5.31938e-18
-4.3679e-21
-3.4305e-19
-7.92146e-22
1.60421e-05
-5.30704e-18
-4.37279e-21
-3.51956e-19
-7.95249e-22
1.65263e-05
-5.28736e-18
-4.37797e-21
-3.6253e-19
-7.97681e-22
1.70196e-05
-5.27479e-18
-4.38441e-21
-3.68501e-19
-7.99578e-22
1.75224e-05
-5.25786e-18
-4.3909e-21
-3.77005e-19
-8.01835e-22
1.80347e-05
-5.24408e-18
-4.39926e-21
-3.84754e-19
-8.02344e-22
1.85569e-05
-5.22889e-18
-4.40908e-21
-3.91622e-19
-8.00756e-22
1.90892e-05
-5.21993e-18
-4.42074e-21
-3.96176e-19
-7.97573e-22
1.96319e-05
-5.21203e-18
-4.43194e-21
-3.99217e-19
-7.94845e-22
2.01852e-05
-5.19719e-18
-4.44282e-21
-4.09749e-19
-7.92043e-22
2.07494e-05
-5.18945e-18
-4.45543e-21
-4.12088e-19
-7.86255e-22
2.13248e-05
-5.18028e-18
-4.46734e-21
-4.16472e-19
-7.80336e-22
2.19115e-05
-5.1672e-18
-4.48052e-21
-4.22628e-19
-7.73427e-22
2.251e-05
-5.15764e-18
-4.49412e-21
-4.29019e-19
-7.64028e-22
2.31204e-05
-5.14786e-18
-4.5072e-21
-4.33579e-19
-7.53967e-22
2.37432e-05
-5.1336e-18
-4.51976e-21
-4.39706e-19
-7.43507e-22
2.43785e-05
-5.12146e-18
-4.53316e-21
-4.46972e-19
-7.29402e-22
2.50266e-05
-5.11437e-18
-4.54655e-21
-4.47978e-19
-7.14206e-22
2.56879e-05
-5.10513e-18
-4.55789e-21
-4.51051e-19
-7.00856e-22
2.63627e-05
-5.09217e-18
-4.56754e-21
-4.59827e-19
-6.87622e-22
2.70513e-05
-5.075e-18
-4.57563e-21
-4.66745e-19
-6.72721e-22
2.77539e-05
-5.0591e-18
-4.58264e-21
-4.77297e-19
-6.55601e-22
2.8471e-05
-5.04857e-18
-4.58858e-21
-4.82355e-19
-6.36373e-22
2.92029e-05
-5.03635e-18
-4.59362e-21
-4.91244e-19
-6.18273e-22
2.99498e-05
-5.02548e-18
-4.59693e-21
-5.02312e-19
-6.01122e-22
3.07122e-05
-5.01172e-18
-4.59907e-21
-5.14846e-19
-5.81703e-22
3.14904e-05
-4.99526e-18
-4.60348e-21
-5.20951e-19
-5.58618e-22
3.22847e-05
-4.98412e-18
-4.60896e-21
-5.3278e-19
-5.34e-22
3.30955e-05
-4.97012e-18
-4.61287e-21
-5.38381e-19
-5.09277e-22
3.39232e-05
-4.95723e-18
-4.61246e-21
-5.51965e-19
-4.87419e-22
3.47681e-05
-4.9306e-18
-4.60679e-21
-5.59641e-19
-4.65722e-22
3.56307e-05
-4.91759e-18
-4.60031e-21
-5.72029e-19
-4.4626e-22
3.65113e-05
-4.90722e-18
-4.58886e-21
-5.73103e-19
-4.2573e-22
3.74103e-05
-4.88974e-18
-4.57511e-21
-5.86041e-19
-4.09645e-22
3.83282e-05
-4.87777e-18
-4.56442e-21
-5.90834e-19
-3.91122e-22
3.92653e-05
-4.8474e-18
-4.5606e-21
-6.02794e-19
-3.68931e-22
4.02221e-05
-4.83749e-18
-4.56554e-21
-6.12383e-19
-3.41678e-22
4.1199e-05
-4.82105e-18
-4.57205e-21
-6.11027e-19
-3.01636e-22
4.21965e-05
-4.82146e-18
-4.58416e-21
-6.1077e-19
-2.60546e-22
4.32149e-05
-4.81178e-18
-4.59643e-21
-6.14692e-19
-2.19484e-22
4.42548e-05
-4.79981e-18
-4.61667e-21
-6.07786e-19
-1.69637e-22
4.53166e-05
-4.79282e-18
-4.6434e-21
-6.15074e-19
-1.21338e-22
4.64008e-05
-4.78745e-18
-4.67098e-21
-6.19612e-19
-7.26071e-23
4.75078e-05
-4.77441e-18
-4.70957e-21
-6.22897e-19
-1.88946e-23
4.86383e-05
-4.76393e-18
-4.75869e-21
-6.3345e-19
4.73586e-23
4.97926e-05
-4.75175e-18
-4.81049e-21
-6.38506e-19
1.19823e-22
5.09713e-05
-4.75049e-18
-4.86548e-21
-6.33442e-19
1.96706e-22
5.21749e-05
-4.72637e-18
-4.91067e-21
-6.4863e-19
2.66038e-22
5.3404e-05
-4.70315e-18
-4.97717e-21
-6.56308e-19
3.4219e-22
5.4659e-05
-4.68538e-18
-5.04231e-21
-6.65915e-19
4.10859e-22
5.59407e-05
-4.66395e-18
-5.10678e-21
-6.83442e-19
4.75984e-22
5.72494e-05
-4.63914e-18
-5.16353e-21
-6.95597e-19
5.41542e-22
5.85859e-05
-4.62004e-18
-5.2239e-21
-7.03814e-19
5.93257e-22
5.99507e-05
-4.59586e-18
-5.28662e-21
-7.21175e-19
6.25825e-22
6.13443e-05
-4.58332e-18
-5.34478e-21
-7.32352e-19
6.48071e-22
6.27675e-05
-4.56734e-18
-5.39389e-21
-7.60924e-19
6.62509e-22
6.42209e-05
-4.54349e-18
-5.423e-21
-7.81635e-19
6.64018e-22
6.5705e-05
-4.51944e-18
-5.43608e-21
-8.08093e-19
6.42172e-22
6.72206e-05
-4.49883e-18
-5.44719e-21
-8.28695e-19
6.03777e-22
6.87683e-05
-4.47013e-18
-5.4562e-21
-8.60628e-19
5.37214e-22
7.03489e-05
-4.45686e-18
-5.45109e-21
-8.88633e-19
4.83181e-22
7.19629e-05
-4.41781e-18
-5.41452e-21
-9.17581e-19
4.60563e-22
7.36111e-05
-4.38002e-18
-5.39033e-21
-9.52952e-19
4.61875e-22
7.52942e-05
-4.35892e-18
-5.3876e-21
-9.7711e-19
4.89791e-22
7.70131e-05
-4.30691e-18
-5.40906e-21
-1.01833e-18
5.29751e-22
7.87683e-05
-4.2971e-18
-5.49035e-21
-1.0242e-18
6.09739e-22
8.05607e-05
-4.28851e-18
-5.5482e-21
-1.02656e-18
6.77793e-22
8.23912e-05
-4.28847e-18
-5.58489e-21
-1.03639e-18
7.17624e-22
8.42604e-05
-4.27156e-18
-5.58711e-21
-1.05554e-18
7.76261e-22
8.61692e-05
-4.24259e-18
-5.58433e-21
-1.052e-18
8.46647e-22
8.81184e-05
-4.22219e-18
-5.59851e-21
-1.06865e-18
8.98559e-22
9.0109e-05
-4.19581e-18
-5.59392e-21
-1.08813e-18
9.7842e-22
9.21417e-05
-4.17945e-18
-5.63484e-21
-1.08741e-18
1.11083e-21
9.42174e-05
-4.16238e-18
-5.67543e-21
-1.08715e-18
1.22328e-21
9.63371e-05
-4.13025e-18
-5.72507e-21
-1.11049e-18
1.29148e-21
9.85016e-05
-4.1111e-18
-5.76787e-21
-1.13273e-18
1.34629e-21
0.000100712
-4.08954e-18
-5.77319e-21
-1.14568e-18
1.41417e-21
0.000102969
-4.05791e-18
-5.81976e-21
-1.14755e-18
1.47174e-21
0.000105274
-4.02897e-18
-5.89337e-21
-1.17377e-18
1.46574e-21
0.000107628
-3.99378e-18
-5.99439e-21
-1.19404e-18
1.45071e-21
0.000110031
-3.98319e-18
-6.14098e-21
-1.21187e-18
1.44737e-21
0.000112485
-3.96408e-18
-6.21461e-21
-1.24093e-18
1.43952e-21
0.000114991
-3.93219e-18
-6.29919e-21
-1.26279e-18
1.44994e-21
0.00011755
-3.90829e-18
-6.4128e-21
-1.2913e-18
1.42992e-21
0.000120164
-3.88769e-18
-6.53112e-21
-1.31443e-18
1.3847e-21
0.000122832
-3.86852e-18
-6.72394e-21
-1.32764e-18
1.29048e-21
0.000125557
-3.80914e-18
-6.83313e-21
-1.34768e-18
1.14201e-21
0.000128339
-3.75547e-18
-7.06058e-21
-1.38061e-18
9.87493e-22
0.00013118
-3.70377e-18
-7.46925e-21
-1.40366e-18
8.83523e-22
0.00013408
-3.67452e-18
-7.90601e-21
-1.43492e-18
8.18143e-22
0.000137042
-3.62682e-18
-8.36857e-21
-1.46995e-18
5.93134e-22
0.000140067
-3.6012e-18
-8.8213e-21
-1.48211e-18
4.03997e-22
0.000143155
-3.54185e-18
-9.31163e-21
-1.50424e-18
1.34704e-22
0.000146308
-3.50064e-18
-9.88281e-21
-1.53549e-18
-1.88986e-22
0.000149528
-3.46398e-18
-1.04424e-20
-1.55958e-18
-5.25158e-22
0.000152815
-3.41959e-18
-1.09079e-20
-1.57857e-18
-1.02319e-21
0.000156172
-3.3896e-18
-1.14375e-20
-1.6036e-18
-1.58968e-21
0.000159599
-3.36716e-18
-1.19621e-20
-1.63224e-18
-1.98347e-21
0.000163098
-3.32761e-18
-1.24034e-20
-1.65439e-18
-2.26826e-21
0.000166671
-3.29278e-18
-1.27564e-20
-1.66743e-18
-2.61776e-21
0.000170319
-3.24335e-18
-1.3133e-20
-1.68474e-18
-2.8636e-21
0.000174044
-3.23117e-18
-1.34634e-20
-1.7058e-18
-2.93226e-21
0.000177846
-3.20088e-18
-1.37965e-20
-1.68367e-18
-2.94452e-21
0.000181729
-3.18827e-18
-1.41399e-20
-1.68858e-18
-3.22236e-21
0.000185693
-3.1437e-18
-1.43267e-20
-1.69044e-18
-3.85056e-21
0.00018974
-3.09701e-18
-1.46392e-20
-1.74222e-18
-4.50642e-21
0.000193871
-3.02252e-18
-1.48313e-20
-1.77703e-18
-4.79581e-21
0.00019809
-2.99058e-18
-1.51982e-20
-1.79497e-18
-5.2579e-21
0.000202396
-2.92802e-18
-1.54438e-20
-1.8372e-18
-5.81971e-21
0.000206793
-2.86821e-18
-1.5843e-20
-1.83219e-18
-5.94409e-21
0.000211282
-2.84209e-18
-1.64667e-20
-1.84318e-18
-6.20097e-21
0.000215864
-2.81848e-18
-1.70434e-20
-1.83606e-18
-6.33531e-21
0.000220542
-2.79851e-18
-1.73744e-20
-1.80931e-18
-6.72123e-21
0.000225318
-2.7381e-18
-1.76032e-20
-1.80033e-18
-7.15453e-21
0.000230194
-2.70531e-18
-1.79429e-20
-1.79468e-18
-7.90082e-21
0.000235171
-2.66213e-18
-1.83788e-20
-1.79663e-18
-8.6538e-21
0.000240251
-2.65914e-18
-1.89508e-20
-1.76934e-18
-9.29823e-21
0.000245438
-2.60991e-18
-1.90976e-20
-1.81308e-18
-1.05871e-20
0.000250732
-2.51345e-18
-1.92978e-20
-1.87468e-18
-1.20071e-20
0.000256137
-2.42943e-18
-1.96556e-20
-1.9234e-18
-1.3086e-20
0.000261653
-2.39413e-18
-2.04302e-20
-1.92156e-18
-1.31966e-20
0.000267285
-2.36235e-18
-2.13152e-20
-1.90328e-18
-1.39576e-20
0.000273033
-2.32754e-18
-2.19433e-20
-1.93459e-18
-1.49225e-20
0.0002789
-2.34112e-18
-2.22892e-20
-1.95524e-18
-1.57279e-20
0.000284888
-2.29085e-18
-2.35455e-20
-2.01503e-18
-1.64578e-20
0.000291001
-2.3052e-18
-2.48156e-20
-2.04126e-18
-1.67311e-20
0.00029724
-2.25645e-18
-2.56168e-20
-2.00722e-18
-1.70171e-20
0.000303607
-2.21771e-18
-2.64148e-20
-2.01529e-18
-1.78757e-20
0.000310106
-2.17975e-18
-2.72297e-20
-1.98883e-18
-1.86468e-20
0.000316739
-2.18565e-18
-2.8089e-20
-2.00139e-18
-1.98628e-20
0.000323509
-2.13828e-18
-2.78381e-20
-1.9811e-18
-2.05417e-20
0.000330417
-2.11489e-18
-2.81795e-20
-1.95618e-18
-2.26407e-20
0.000337468
-2.09242e-18
-2.84529e-20
-2.05513e-18
-2.49054e-20
0.000344663
-2.07673e-18
-2.83845e-20
-2.01471e-18
-2.61933e-20
0.000352006
-2.04806e-18
-2.79844e-20
-2.00175e-18
-2.73219e-20
0.000359499
-2.01312e-18
-2.80078e-20
-2.1171e-18
-2.92447e-20
0.000367145
-1.98043e-18
-2.85422e-20
-1.95884e-18
-2.89385e-20
0.000374948
-1.978e-18
-2.95912e-20
-1.9465e-18
-2.99491e-20
0.000382909
-1.94642e-18
-3.05339e-20
-1.9442e-18
-3.15053e-20
0.000391032
-1.89756e-18
-2.88489e-20
-1.81342e-18
-3.11219e-20
0.000399321
-1.83402e-18
-2.70901e-20
-1.76863e-18
-3.39739e-20
0.000407777
-1.78435e-18
-2.61606e-20
-1.77089e-18
-3.70171e-20
0.000416405
-1.72731e-18
-2.49261e-20
-1.72986e-18
-3.86556e-20
0.000425207
-1.70924e-18
-2.59124e-20
-1.70627e-18
-3.7494e-20
0.000434187
-1.65218e-18
-2.2888e-20
-1.69523e-18
-3.69567e-20
0.000443348
-1.59469e-18
-2.29289e-20
-1.67134e-18
-3.45612e-20
0.000452693
-1.54884e-18
-2.03524e-20
-1.52838e-18
-3.25788e-20
0.000462225
-1.48188e-18
-2.04166e-20
-1.4368e-18
-3.26795e-20
0.000471948
-1.4896e-18
-2.25682e-20
-1.42559e-18
-3.4777e-20
0.000481865
-1.42996e-18
-2.42822e-20
-1.37368e-18
-3.26738e-20
0.00049198
-1.4863e-18
-2.74006e-20
-1.31547e-18
-3.13246e-20
0.000502295
-1.39544e-18
-3.0078e-20
-1.41707e-18
-3.11944e-20
0.000512815
-1.50693e-18
-3.67429e-20
-1.34618e-18
-3.05822e-20
0.000523542
-1.42121e-18
-3.45494e-20
-1.35958e-18
-3.22044e-20
0.000534481
-1.31546e-18
-3.42344e-20
-1.36816e-18
-2.97408e-20
0.000545634
-1.30723e-18
-3.48193e-20
-1.34841e-18
-2.77841e-20
0.000557005
-1.28246e-18
-3.43212e-20
-1.384e-18
-2.74343e-20
0.000568598
-1.36848e-18
-3.74625e-20
-1.48679e-18
-2.59286e-20
0.000580415
-1.33736e-18
-3.31828e-20
-1.31908e-18
-2.40826e-20
0.000592461
-1.31739e-18
-3.20923e-20
-1.40031e-18
-3.40853e-20
0.000604739
-1.37649e-18
-3.61045e-20
-1.42675e-18
-2.9313e-20
0.000617251
-1.43275e-18
-3.80683e-20
-1.33348e-18
-2.3046e-20
0.000630002
-1.38491e-18
-3.2923e-20
-1.3164e-18
-2.3596e-20
0.000642993
-1.41386e-18
-3.02362e-20
-1.35044e-18
-2.57699e-20
0.00065623
-1.40464e-18
-2.9442e-20
-1.34864e-18
-2.86779e-20
0.000669714
-1.37308e-18
-2.6271e-20
-1.38333e-18
-3.12236e-20
0.000683448
-1.46187e-18
-3.02859e-20
-1.44136e-18
-3.02834e-20
0.000697435
-1.29778e-18
-2.36279e-20
-1.339e-18
-3.10556e-20
0.000711677
-1.31231e-18
-2.66966e-20
-1.3704e-18
-3.19166e-20
0.000726178
-1.27224e-18
-2.61224e-20
-1.3167e-18
-3.03866e-20
0.000740938
-1.32838e-18
-3.18426e-20
-1.39794e-18
-3.45543e-20
0.000755961
-1.35336e-18
-3.66534e-20
-1.41049e-18
-2.90159e-20
0.000771247
-1.25144e-18
-3.42532e-20
-1.46557e-18
-2.46243e-20
0.000786797
-1.29517e-18
-4.9442e-20
-1.4106e-18
-2.31646e-20
0.000802613
-1.38138e-18
-5.65874e-20
-1.44076e-18
-2.93082e-20
0.000818694
-1.38995e-18
-4.36483e-20
-1.4014e-18
-1.81066e-20
0.000835041
-1.44849e-18
-4.22029e-20
-1.28988e-18
-1.34949e-20
0.000851653
-1.32619e-18
-4.37314e-20
-1.23966e-18
-1.48466e-20
0.000868528
-1.37812e-18
-4.25249e-20
-1.12316e-18
-8.17478e-21
0.000885664
-1.2852e-18
-3.69012e-20
-1.23591e-18
-6.26616e-24
0.00090306
-1.16992e-18
-2.45352e-20
-1.19586e-18
8.62417e-21
0.00092071
-1.20848e-18
-2.97533e-20
-1.04173e-18
1.28365e-20
0.00093861
-1.0083e-18
-1.59597e-20
-1.17637e-18
3.15623e-22
0.000956756
-9.72971e-19
-1.76197e-20
-1.15818e-18
6.10295e-21
0.00097514
-1.22146e-18
-3.22041e-20
-1.02661e-18
1.56863e-20
0.000993756
-1.01279e-18
-1.16536e-20
-9.69158e-19
1.31981e-20
0.0010126
-9.58031e-19
-1.9146e-20
-1.03466e-18
-8.13477e-21
0.00103165
-1.46001e-20
-9.1698e-19
-2.14035e-20
-1.00486e-18
2.99918e-08
-2.64212e-22
-4.10952e-23
9.22137e-08
-1.1009e-21
-3.28185e-22
1.57908e-07
-1.99702e-21
-6.33328e-22
2.27227e-07
-2.92135e-21
-8.95797e-22
3.00327e-07
-3.92062e-21
-1.20445e-21
3.77373e-07
-4.96115e-21
-1.544e-21
4.58533e-07
-5.94249e-21
-1.91881e-21
5.43984e-07
-7.00442e-21
-2.3917e-21
6.33911e-07
-7.94964e-21
-2.91298e-21
7.28503e-07
-8.99277e-21
-3.34431e-21
8.27957e-07
-1.01285e-20
-3.79333e-21
9.32477e-07
-1.15766e-20
-4.19574e-21
1.04227e-06
-1.28191e-20
-4.85002e-21
1.15757e-06
-1.42072e-20
-5.27003e-21
1.27857e-06
-1.55317e-20
-6.01517e-21
1.40553e-06
-1.65769e-20
-6.88946e-21
1.53865e-06
-1.78795e-20
-7.55478e-21
1.67819e-06
-1.91851e-20
-8.40443e-21
1.82437e-06
-2.07124e-20
-9.38322e-21
1.97743e-06
-2.29356e-20
-1.01e-20
2.13759e-06
-2.51731e-20
-1.04737e-20
2.30507e-06
-2.73297e-20
-1.08079e-20
2.48009e-06
-2.89582e-20
-1.21642e-20
2.66282e-06
-3.08689e-20
-1.2955e-20
2.85345e-06
-3.26415e-20
-1.4181e-20
3.05211e-06
-3.48085e-20
-1.54836e-20
3.25892e-06
-3.63852e-20
-1.63171e-20
3.47396e-06
-3.85457e-20
-1.75047e-20
3.69727e-06
-4.07437e-20
-1.88333e-20
3.92886e-06
-4.33706e-20
-1.9657e-20
4.16868e-06
-4.53686e-20
-2.14934e-20
4.41667e-06
-4.92918e-20
-2.20036e-20
4.67271e-06
-5.28827e-20
-2.36404e-20
4.93667e-06
-5.56102e-20
-2.55809e-20
5.20837e-06
-5.91842e-20
-2.66282e-20
5.48764e-06
-6.30978e-20
-2.71321e-20
5.77428e-06
-6.49788e-20
-2.87601e-20
6.0681e-06
-6.78365e-20
-3.06433e-20
6.36891e-06
-7.00885e-20
-3.16256e-20
6.67654e-06
-7.33324e-20
-3.27347e-20
6.99082e-06
-7.59789e-20
-3.41594e-20
7.31162e-06
-7.94329e-20
-3.58833e-20
7.63882e-06
-8.23904e-20
-3.76635e-20
7.97234e-06
-8.80284e-20
-3.72057e-20
8.31212e-06
-9.1685e-20
-3.81851e-20
8.65814e-06
-9.55116e-20
-4.01072e-20
9.01037e-06
-9.78601e-20
-4.23466e-20
9.36886e-06
-1.00482e-19
-4.39002e-20
9.73363e-06
-1.03285e-19
-4.68518e-20
1.01048e-05
-1.06296e-19
-4.77649e-20
1.04823e-05
-1.09033e-19
-5.03087e-20
1.08664e-05
-1.12006e-19
-5.26232e-20
1.12572e-05
-1.15913e-19
-5.42598e-20
1.16548e-05
-1.18928e-19
-5.73765e-20
1.20593e-05
-1.21637e-19
-5.89816e-20
1.2471e-05
-1.2524e-19
-6.15071e-20
1.28899e-05
-1.25707e-19
-6.3799e-20
1.33163e-05
-1.31384e-19
-6.14453e-20
1.37503e-05
-1.33171e-19
-6.4574e-20
1.41921e-05
-1.36386e-19
-6.60018e-20
1.4642e-05
-1.38746e-19
-6.77044e-20
1.51002e-05
-1.41623e-19
-6.99435e-20
1.55668e-05
-1.43316e-19
-7.15245e-20
1.60421e-05
-1.48917e-19
-6.96606e-20
1.65263e-05
-1.52685e-19
-7.32082e-20
1.70196e-05
-1.53659e-19
-7.85407e-20
1.75224e-05
-1.58151e-19
-7.63147e-20
1.80347e-05
-1.60224e-19
-7.77991e-20
1.85569e-05
-1.63615e-19
-7.97804e-20
1.90892e-05
-1.62539e-19
-8.51952e-20
1.96319e-05
-1.65458e-19
-8.89358e-20
2.01852e-05
-1.72903e-19
-8.78885e-20
2.07494e-05
-1.74644e-19
-9.07814e-20
2.13248e-05
-1.85216e-19
-9.33611e-20
2.19115e-05
-1.87498e-19
-9.29065e-20
2.251e-05
-1.89665e-19
-9.64731e-20
2.31204e-05
-1.92738e-19
-1.00289e-19
2.37432e-05
-1.96267e-19
-9.82669e-20
2.43785e-05
-2.00545e-19
-1.01008e-19
2.50266e-05
-2.03953e-19
-1.01286e-19
2.56879e-05
-2.05949e-19
-1.0241e-19
2.63627e-05
-2.08291e-19
-1.04456e-19
2.70513e-05
-2.11155e-19
-1.00321e-19
2.77539e-05
-2.1194e-19
-1.01769e-19
2.8471e-05
-2.16119e-19
-1.06764e-19
2.92029e-05
-2.15008e-19
-1.13502e-19
2.99498e-05
-2.15845e-19
-1.12966e-19
3.07122e-05
-2.271e-19
-1.11097e-19
3.14904e-05
-2.34786e-19
-1.11044e-19
3.22847e-05
-2.4151e-19
-1.18295e-19
3.30955e-05
-2.42033e-19
-1.24695e-19
3.39232e-05
-2.45273e-19
-1.30635e-19
3.47681e-05
-2.47839e-19
-1.3627e-19
3.56307e-05
-2.52863e-19
-1.38429e-19
3.65113e-05
-2.57373e-19
-1.4144e-19
3.74103e-05
-2.58335e-19
-1.47603e-19
3.83282e-05
-2.7131e-19
-1.46956e-19
3.92653e-05
-2.67749e-19
-1.50454e-19
4.02221e-05
-2.68781e-19
-1.42199e-19
4.1199e-05
-2.69925e-19
-1.45345e-19
4.21965e-05
-2.76976e-19
-1.48109e-19
4.32149e-05
-2.84021e-19
-1.45268e-19
4.42548e-05
-2.82571e-19
-1.48131e-19
4.53166e-05
-2.77538e-19
-1.54866e-19
4.64008e-05
-2.90731e-19
-1.56252e-19
4.75078e-05
-2.97295e-19
-1.51592e-19
4.86383e-05
-2.98022e-19
-1.54724e-19
4.97926e-05
-3.03413e-19
-1.46677e-19
5.09713e-05
-3.0741e-19
-1.47324e-19
5.21749e-05
-3.31181e-19
-1.47034e-19
5.3404e-05
-3.26522e-19
-1.50186e-19
5.4659e-05
-3.25048e-19
-1.50929e-19
5.59407e-05
-3.12365e-19
-1.54788e-19
5.72494e-05
-3.09941e-19
-1.61026e-19
5.85859e-05
-3.07632e-19
-1.66243e-19
5.99507e-05
-2.91799e-19
-1.67699e-19
6.13443e-05
-2.8922e-19
-1.55155e-19
6.27675e-05
-2.86221e-19
-1.61782e-19
6.42209e-05
-2.88101e-19
-1.65424e-19
6.5705e-05
-2.98587e-19
-1.66093e-19
6.72206e-05
-3.09133e-19
-1.67807e-19
6.87683e-05
-3.05025e-19
-1.54992e-19
7.03489e-05
-3.03545e-19
-1.36435e-19
7.19629e-05
-3.06345e-19
-1.32082e-19
7.36111e-05
-3.06896e-19
-1.41476e-19
7.52942e-05
-3.14785e-19
-1.55087e-19
7.70131e-05
-3.13298e-19
-1.61102e-19
7.87683e-05
-3.0335e-19
-1.5371e-19
8.05607e-05
-3.02663e-19
-1.60721e-19
8.23912e-05
-3.00118e-19
-1.57705e-19
8.42604e-05
-2.98932e-19
-1.55817e-19
8.61692e-05
-3.03794e-19
-1.44126e-19
8.81184e-05
-2.96579e-19
-1.44676e-19
9.0109e-05
-3.19257e-19
-1.46704e-19
9.21417e-05
-3.33337e-19
-1.46987e-19
9.42174e-05
-3.57222e-19
-1.39161e-19
9.63371e-05
-3.61424e-19
-1.43768e-19
9.85016e-05
-3.54579e-19
-1.46113e-19
0.000100712
-3.70052e-19
-1.47275e-19
0.000102969
-3.71213e-19
-1.48155e-19
0.000105274
-3.72806e-19
-1.56145e-19
0.000107628
-3.69196e-19
-1.61644e-19
0.000110031
-3.48315e-19
-1.65568e-19
0.000112485
-3.54966e-19
-1.66641e-19
0.000114991
-3.58099e-19
-1.80211e-19
0.00011755
-3.64698e-19
-1.91718e-19
0.000120164
-3.97257e-19
-1.94771e-19
0.000122832
-3.80842e-19
-1.94092e-19
0.000125557
-3.93103e-19
-2.00835e-19
0.000128339
-4.39435e-19
-2.07416e-19
0.00013118
-4.3732e-19
-1.81125e-19
0.00013408
-4.3925e-19
-1.98388e-19
0.000137042
-4.07304e-19
-1.76703e-19
0.000140067
-4.14381e-19
-1.83315e-19
0.000143155
-4.1527e-19
-2.09102e-19
0.000146308
-4.24065e-19
-2.18397e-19
0.000149528
-4.12168e-19
-2.36167e-19
0.000152815
-4.18091e-19
-2.4065e-19
0.000156172
-4.19028e-19
-2.25435e-19
0.000159599
-4.136e-19
-2.15444e-19
0.000163098
-3.94739e-19
-2.41258e-19
0.000166671
-4.03064e-19
-2.60111e-19
0.000170319
-3.83136e-19
-2.42477e-19
0.000174044
-3.9736e-19
-2.38604e-19
0.000177846
-3.9097e-19
-2.40058e-19
0.000181729
-3.91909e-19
-2.5605e-19
0.000185693
-4.16359e-19
-2.47044e-19
0.00018974
-4.10367e-19
-2.32278e-19
0.000193871
-4.25101e-19
-2.50205e-19
0.00019809
-4.26918e-19
-2.71372e-19
0.000202396
-4.28477e-19
-2.70642e-19
0.000206793
-4.32928e-19
-2.76696e-19
0.000211282
-4.20616e-19
-2.61726e-19
0.000215864
-4.02963e-19
-2.79869e-19
0.000220542
-4.23455e-19
-2.68525e-19
0.000225318
-4.20479e-19
-3.05828e-19
0.000230194
-4.34993e-19
-3.10027e-19
0.000235171
-4.33774e-19
-3.11759e-19
0.000240251
-4.41183e-19
-3.30717e-19
0.000245438
-4.65901e-19
-3.58512e-19
0.000250732
-4.30198e-19
-3.53506e-19
0.000256137
-4.21978e-19
-3.0789e-19
0.000261653
-4.18396e-19
-3.44283e-19
0.000267285
-3.67084e-19
-2.7374e-19
0.000273033
-3.05006e-19
-2.76326e-19
0.0002789
-3.95749e-19
-3.26612e-19
0.000284888
-3.86042e-19
-3.51763e-19
0.000291001
-4.23251e-19
-3.55111e-19
0.00029724
-4.22945e-19
-3.76315e-19
0.000303607
-4.27816e-19
-4.03785e-19
0.000310106
-4.32082e-19
-4.13895e-19
0.000316739
-4.11344e-19
-3.92788e-19
0.000323509
-4.39959e-19
-4.33368e-19
0.000330417
-4.5032e-19
-3.79417e-19
0.000337468
-4.50976e-19
-4.25692e-19
0.000344663
-4.50434e-19
-4.10651e-19
0.000352006
-4.75579e-19
-4.30399e-19
0.000359499
-4.9119e-19
-4.20213e-19
0.000367145
-4.83979e-19
-3.36019e-19
0.000374948
-4.98094e-19
-4.1138e-19
0.000382909
-4.18322e-19
-4.11957e-19
0.000391032
-4.47849e-19
-4.70043e-19
0.000399321
-4.95036e-19
-5.13693e-19
0.000407777
-5.25234e-19
-5.68614e-19
0.000416405
-6.39555e-19
-5.08568e-19
0.000425207
-5.28425e-19
-5.42268e-19
0.000434187
-6.23972e-19
-4.89527e-19
0.000443348
-4.89798e-19
-5.56406e-19
0.000452693
-5.29703e-19
-5.66059e-19
0.000462225
-5.4907e-19
-6.15468e-19
0.000471948
-5.74335e-19
-5.30203e-19
0.000481865
-6.21702e-19
-5.13618e-19
0.00049198
-7.33393e-19
-4.7535e-19
0.000502295
-7.72871e-19
-5.33006e-19
0.000512815
-6.71327e-19
-5.64078e-19
0.000523542
-6.52114e-19
-5.99817e-19
0.000534481
-5.79531e-19
-6.52534e-19
0.000545634
-5.45621e-19
-6.36936e-19
0.000557005
-5.97207e-19
-6.3138e-19
0.000568598
-5.31662e-19
-6.55977e-19
0.000580415
-5.82586e-19
-7.19497e-19
0.000592461
-6.92355e-19
-6.09767e-19
0.000604739
-7.39988e-19
-6.56726e-19
0.000617251
-6.73496e-19
-6.4971e-19
0.000630002
-6.77734e-19
-6.5571e-19
0.000642993
-7.42415e-19
-7.07704e-19
0.00065623
-6.96796e-19
-7.5361e-19
0.000669714
-7.82293e-19
-7.37597e-19
0.000683448
-6.78392e-19
-6.98713e-19
0.000697435
-6.41207e-19
-5.79339e-19
0.000711677
-5.80551e-19
-6.23505e-19
0.000726178
-5.90659e-19
-6.25099e-19
0.000740938
-6.46648e-19
-5.79907e-19
0.000755961
-5.88177e-19
-6.29932e-19
0.000771247
-6.33439e-19
-6.54993e-19
0.000786797
-5.65579e-19
-6.36627e-19
0.000802613
-4.78606e-19
-5.3541e-19
0.000818694
-6.3751e-19
-6.4682e-19
0.000835041
-7.72151e-19
-6.31794e-19
0.000851653
-7.36697e-19
-6.24442e-19
0.000868528
-8.35472e-19
-6.68186e-19
0.000885664
-6.88125e-19
-7.97367e-19
0.00090306
-7.19879e-19
-7.28592e-19
0.00092071
-6.13941e-19
-7.45263e-19
0.00093861
-5.55455e-19
-7.19455e-19
0.000956756
-5.94005e-19
-6.01003e-19
0.00097514
-6.01751e-19
-5.94159e-19
0.000993756
-7.01995e-19
-7.72871e-19
0.0010126
-6.12319e-19
-8.0044e-19
0.00103165
-8.08462e-19
-7.46241e-19
0.00103165
-9.75216e-19
-2.92925e-20
-8.33981e-19
-2.12984e-20
0.0010126
-7.92791e-19
2.16139e-21
-7.79567e-19
-1.53479e-20
0.000993756
-7.51773e-19
5.0377e-22
-7.24952e-19
-1.8108e-20
0.00097514
-7.94486e-19
-6.96665e-21
-6.02694e-19
-1.10356e-20
0.000956756
-7.76694e-19
1.86881e-20
-6.06149e-19
-1.6981e-20
0.00093861
-6.84123e-19
1.89941e-20
-7.34989e-19
-3.07049e-20
0.00092071
-6.29624e-19
1.05451e-20
-7.14607e-19
-3.24418e-20
0.00090306
-6.10255e-19
1.51548e-20
-6.87177e-19
-1.90252e-20
0.000885664
-5.58696e-19
1.61872e-20
-6.85786e-19
2.02522e-22
0.000868528
-5.70289e-19
9.61264e-21
-7.3636e-19
1.05486e-21
0.000851653
-6.46981e-19
5.93705e-21
-7.18939e-19
1.0649e-20
0.000835041
-6.85366e-19
-9.0631e-21
-5.20652e-19
5.51888e-21
0.000818694
-5.98557e-19
-4.33737e-22
-6.45608e-19
7.14895e-21
0.000802613
-5.72451e-19
3.42431e-21
-4.64939e-19
1.66161e-20
0.000786797
-5.54473e-19
2.74147e-21
-4.23995e-19
1.42942e-20
0.000771246
-5.48238e-19
6.67464e-21
-4.03064e-19
4.28651e-21
0.000755961
-5.0896e-19
1.65723e-20
-4.60455e-19
-2.20233e-21
0.000740938
-4.40242e-19
2.29255e-20
-3.6784e-19
1.39179e-21
0.000726178
-4.29705e-19
2.43383e-20
-4.62531e-19
4.91969e-21
0.000711677
-2.86897e-19
3.07877e-20
-3.74285e-19
1.5733e-20
0.000697435
-3.02644e-19
2.50036e-20
-3.5078e-19
1.1642e-20
0.000683448
-3.75048e-19
1.56011e-20
-4.16086e-19
5.59418e-21
0.000669714
-2.85995e-19
1.3942e-20
-4.24264e-19
4.06657e-21
0.00065623
-3.09059e-19
1.07434e-20
-2.59704e-19
1.20904e-20
0.000642993
-3.76e-19
9.44284e-21
-3.38579e-19
8.79844e-21
0.000630002
-1.93322e-19
1.10839e-20
-3.37912e-19
8.39369e-21
0.000617251
-2.39549e-19
-6.94658e-22
-4.48209e-19
4.64193e-21
0.000604739
-3.78979e-19
-8.35194e-21
-2.5716e-19
5.99523e-21
0.000592461
-3.32804e-19
-3.94106e-21
-3.53146e-19
7.9766e-22
0.000580415
-2.90834e-19
8.44623e-22
-2.7281e-19
6.26039e-23
0.000568598
-2.873e-19
1.01378e-21
-3.05586e-19
-2.63387e-21
0.000557005
-2.92974e-19
3.92572e-21
-2.9807e-19
-9.5955e-22
0.000545634
-2.75727e-19
7.34607e-21
-3.93187e-19
3.27327e-21
0.000534481
-3.48157e-19
7.48171e-21
-3.04881e-19
8.86135e-21
0.000523542
-3.95898e-19
1.01765e-20
-2.88822e-19
8.0667e-21
0.000512815
-3.22591e-19
1.64128e-20
-3.37009e-19
4.926e-21
0.000502295
-2.93455e-19
1.28196e-20
-3.3992e-19
6.62988e-21
0.00049198
-3.89162e-19
1.04269e-20
-2.94944e-19
4.45532e-21
0.000481865
-3.90618e-19
9.30066e-21
-3.55173e-19
3.42821e-21
0.000471948
-3.77374e-19
6.42576e-21
-3.34995e-19
5.11774e-21
0.000462225
-3.95086e-19
6.60363e-21
-3.62022e-19
4.04077e-21
0.000452693
-4.03767e-19
6.33315e-21
-3.43023e-19
3.4536e-21
0.000443348
-3.5958e-19
5.66674e-21
-3.53985e-19
9.01902e-22
0.000434187
-3.36053e-19
4.71791e-21
-3.6072e-19
-7.67404e-22
0.000425207
-3.49808e-19
4.23649e-21
-3.4014e-19
-1.33553e-21
0.000416405
-3.57698e-19
3.17088e-21
-3.68963e-19
-2.35675e-21
0.000407777
-2.98897e-19
1.6686e-21
-3.68296e-19
-2.20401e-21
0.000399321
-2.65934e-19
-1.08141e-22
-3.71416e-19
-7.88379e-22
0.000391032
-2.40842e-19
-1.47377e-21
-3.36794e-19
2.08638e-21
0.000382909
-2.44562e-19
-3.56477e-21
-3.59984e-19
6.38496e-22
0.000374948
-2.33808e-19
-3.96264e-21
-3.36445e-19
2.07214e-21
0.000367145
-1.80609e-19
-3.61599e-21
-3.06164e-19
1.93363e-21
0.000359499
-2.62089e-19
-6.58112e-21
-1.96934e-19
3.83493e-21
0.000352006
-2.17341e-19
-6.63032e-21
-2.14629e-19
3.11078e-21
0.000344663
-2.21447e-19
-7.07328e-21
-2.21777e-19
2.71222e-21
0.000337468
-2.60297e-19
-7.30111e-21
-2.4435e-19
3.75619e-21
0.000330417
-1.84755e-19
-5.42538e-21
-2.04837e-19
4.57405e-21
0.000323509
-2.15342e-19
-5.18462e-21
-1.34385e-19
4.5485e-21
0.000316739
-1.92571e-19
-3.43642e-21
-8.82117e-20
4.71565e-21
0.000310106
-1.79049e-19
-1.33441e-21
-1.04942e-19
3.83937e-21
0.000303607
-1.37163e-19
-3.8577e-22
-1.02539e-19
3.53265e-21
0.00029724
-1.33831e-19
2.92199e-22
-1.18275e-19
3.45743e-21
0.000291001
-1.19501e-19
6.1578e-22
-1.21971e-19
3.04206e-21
0.000284888
-1.18611e-19
6.50051e-22
-1.11703e-19
2.79885e-21
0.0002789
-1.23584e-19
1.05965e-21
-1.42714e-19
2.27961e-21
0.000273033
-1.07453e-19
1.43373e-21
-1.28198e-19
2.28413e-21
0.000267284
-1.44307e-19
2.24433e-21
-7.12294e-20
2.10167e-21
0.000261653
-1.24088e-19
2.61162e-21
-8.47763e-20
1.97483e-21
0.000256137
-1.33422e-19
2.96041e-21
-8.8266e-20
1.28456e-21
0.000250732
-5.47657e-20
2.85844e-21
-7.80249e-20
1.03946e-21
0.000245438
-6.38635e-20
2.13218e-21
-7.86519e-20
1.12915e-21
0.000240251
-1.25371e-19
1.6794e-21
-8.11905e-20
1.37435e-21
0.000235171
-1.04783e-19
1.68341e-21
-4.46312e-20
1.62026e-21
0.000230194
-1.15262e-19
1.31819e-21
-5.06075e-20
1.15181e-21
0.000225318
-1.15351e-19
1.00421e-21
-4.38041e-20
4.93226e-22
0.000220542
-6.48111e-20
8.07147e-22
-8.3617e-20
-2.57645e-24
0.000215864
-5.86022e-20
5.16114e-22
-7.27447e-20
-5.17234e-23
0.000211282
-6.17821e-20
3.27277e-22
-7.24959e-20
-3.00602e-22
0.000206793
-6.65797e-20
1.04158e-22
-7.2595e-20
-5.24504e-22
0.000202396
-6.74815e-20
4.76955e-23
-4.94624e-20
-6.8858e-22
0.00019809
-8.19705e-20
-5.13487e-23
-7.95468e-20
-1.12962e-21
0.000193871
-8.03309e-20
-1.47658e-22
-8.75156e-20
-1.21508e-21
0.00018974
-9.37748e-20
-4.57098e-22
-9.64172e-20
-1.26931e-21
0.000185693
-1.13742e-19
-7.90799e-22
-7.18116e-20
-1.12049e-21
0.000181729
-6.61626e-20
-6.89994e-22
-6.23771e-20
-1.1482e-21
0.000177846
-7.34555e-20
-9.66358e-22
-6.35917e-20
-1.23943e-21
0.000174044
-7.96494e-20
-1.05988e-21
-5.59414e-20
-1.33975e-21
0.000170319
-2.84335e-20
-9.16118e-22
-9.01691e-20
-1.34491e-21
0.000166671
-2.66226e-20
-9.72875e-22
-8.10956e-20
-1.26651e-21
0.000163098
-1.13306e-20
-1.12789e-21
-8.92489e-20
-1.22184e-21
0.000159599
-3.02266e-21
-1.22735e-21
-9.54115e-20
-1.24498e-21
0.000156172
-2.35207e-20
-1.27834e-21
-5.65869e-20
-1.03327e-21
0.000152815
-1.94891e-20
-1.21444e-21
-5.53379e-20
-1.12677e-21
0.000149528
-4.15287e-21
-1.2484e-21
-5.27235e-20
-1.12608e-21
0.000146308
-9.84028e-21
-1.17525e-21
-6.61543e-20
-9.14527e-22
0.000143155
-5.06548e-21
-1.08441e-21
-4.391e-20
-7.55412e-22
0.000140067
-2.87179e-20
-1.04179e-21
-4.72057e-20
-5.35427e-22
0.000137042
-1.47362e-20
-9.4076e-22
-5.29037e-20
-4.74428e-22
0.00013408
-4.39366e-21
-7.66937e-22
-5.53238e-20
-4.17237e-22
0.00013118
7.61943e-22
-6.69591e-22
-5.02195e-20
-3.92682e-22
0.000128339
8.96623e-23
-6.12326e-22
-5.73746e-20
-4.25342e-22
0.000125557
3.12104e-22
-5.10429e-22
-5.58845e-20
-4.65602e-22
0.000122832
-1.70008e-20
-4.18608e-22
-8.69602e-20
-4.45343e-22
0.000120164
-8.47503e-21
-3.92739e-22
-9.56155e-20
-3.46544e-22
0.00011755
-2.77951e-20
-3.82691e-22
-9.16036e-20
-2.91734e-22
0.000114991
-2.20573e-20
-2.87661e-22
-9.89592e-20
-3.29458e-22
0.000112485
-2.1455e-20
-2.33445e-22
-9.50355e-20
-3.07236e-22
0.000110031
-1.4851e-20
-2.26181e-22
-7.00673e-20
-2.77554e-22
0.000107628
-2.00743e-20
-1.92677e-22
-6.60326e-20
-2.64969e-22
0.000105274
-1.74618e-20
-1.05824e-22
-6.42019e-20
-2.44701e-22
0.000102969
-1.40853e-20
-6.60583e-23
-6.97935e-20
-2.68668e-22
0.000100712
-1.26784e-20
-4.98e-23
-6.04281e-20
-2.83594e-22
9.85016e-05
-4.55947e-21
-3.38154e-23
-5.75931e-20
-2.99411e-22
9.63371e-05
-8.76739e-21
-3.7833e-23
-5.38355e-20
-3.53124e-22
9.42174e-05
-3.12177e-21
-4.04076e-23
-5.41996e-20
-3.8897e-22
9.21417e-05
-1.45406e-20
-5.74006e-23
-5.30755e-20
-4.48535e-22
9.0109e-05
-1.63443e-20
-4.89891e-23
-5.27385e-20
-5.49908e-22
8.81184e-05
-1.9826e-20
-3.70079e-23
-5.36037e-20
-6.18022e-22
8.61692e-05
-2.0252e-21
-1.68203e-23
-6.45084e-20
-6.75475e-22
8.42604e-05
3.34888e-21
-4.14152e-23
-6.48134e-20
-7.12194e-22
8.23912e-05
-1.03436e-20
-6.22348e-23
-6.24527e-20
-7.3471e-22
8.05608e-05
-1.0678e-20
-5.84801e-23
-6.32252e-20
-7.71961e-22
7.87683e-05
-2.39309e-20
-7.33452e-23
-6.0548e-20
-7.87848e-22
7.7013e-05
-1.96831e-20
-5.37945e-23
-6.64409e-20
-7.74688e-22
7.52943e-05
-1.55544e-20
-5.26011e-23
-5.87379e-20
-7.29773e-22
7.36111e-05
-2.53458e-20
-5.5221e-23
-6.21507e-20
-6.89091e-22
7.19628e-05
-1.96103e-20
-5.43407e-23
-6.11639e-20
-6.82028e-22
7.03489e-05
-1.22278e-20
-5.37178e-23
-6.17041e-20
-6.66122e-22
6.87683e-05
-9.84951e-21
-4.6829e-23
-4.34783e-20
-6.3896e-22
6.72206e-05
-1.0125e-20
-4.38092e-23
-3.97356e-20
-6.11095e-22
6.5705e-05
-1.52702e-20
-4.43284e-23
-3.08294e-20
-5.71931e-22
6.42209e-05
-1.55643e-20
-3.49391e-23
-2.10601e-20
-5.40109e-22
6.27675e-05
-2.56265e-21
-2.93964e-23
-3.23e-20
-5.26145e-22
6.13443e-05
-1.13047e-20
-3.27653e-23
-2.76936e-20
-4.91524e-22
5.99507e-05
-1.18107e-20
-1.67154e-23
-2.74973e-20
-4.69726e-22
5.85859e-05
-1.00686e-20
6.03811e-24
-2.70802e-20
-4.40528e-22
5.72495e-05
-9.11705e-21
2.50394e-23
-2.87148e-20
-4.18687e-22
5.59407e-05
-1.97565e-20
2.24638e-23
-2.36222e-20
-3.80613e-22
5.4659e-05
-1.86874e-20
4.33455e-23
-2.06516e-20
-3.50519e-22
5.34039e-05
-1.83724e-20
5.47964e-23
-2.22664e-20
-3.32525e-22
5.21749e-05
-1.89214e-20
5.66771e-23
-2.11675e-20
-3.08641e-22
5.09713e-05
-1.75985e-20
5.85083e-23
-2.54414e-20
-2.80971e-22
4.97926e-05
-1.21815e-20
6.51234e-23
-2.49777e-20
-2.55746e-22
4.86383e-05
-1.94717e-20
7.17826e-23
-2.50313e-20
-2.3555e-22
4.75078e-05
-1.41498e-20
7.88986e-23
-2.30943e-20
-2.17635e-22
4.64007e-05
-6.92967e-21
8.46555e-23
-3.13294e-20
-2.05711e-22
4.53166e-05
-5.44782e-21
8.87441e-23
-3.05755e-20
-1.94991e-22
4.42548e-05
-8.63372e-21
9.69892e-23
-3.00625e-20
-1.8536e-22
4.32149e-05
-1.23978e-20
1.07785e-22
-2.58913e-20
-1.74382e-22
4.21965e-05
-1.11797e-20
1.21989e-22
-2.717e-20
-1.70487e-22
4.1199e-05
-2.66505e-21
1.36703e-22
-2.83453e-20
-1.661e-22
4.02221e-05
-7.1617e-21
1.41718e-22
-2.90495e-20
-1.5289e-22
3.92653e-05
-1.22512e-20
1.48748e-22
-2.64025e-20
-1.39494e-22
3.83282e-05
-4.99641e-21
1.52378e-22
-3.88356e-20
-1.2302e-22
3.74104e-05
-4.30643e-21
1.51976e-22
-3.77687e-20
-9.75319e-23
3.65113e-05
-4.59814e-21
1.51534e-22
-3.71751e-20
-7.69063e-23
3.56307e-05
-4.9958e-21
1.4958e-22
-3.17694e-20
-5.48787e-23
3.47681e-05
-5.69499e-21
1.47927e-22
-2.27361e-20
-3.88943e-23
3.39232e-05
-9.30857e-21
1.4464e-22
-2.40832e-20
-2.7576e-23
3.30955e-05
-6.4647e-21
1.44296e-22
-2.62555e-20
-1.78781e-23
3.22847e-05
-7.26231e-21
1.44094e-22
-2.54499e-20
-6.64708e-24
3.14904e-05
-8.85441e-21
1.43284e-22
-2.9482e-20
3.94014e-25
3.07122e-05
-1.47263e-20
1.42851e-22
-1.79326e-20
5.26923e-24
2.99498e-05
-1.25289e-20
1.41408e-22
-1.71037e-20
4.5872e-24
2.92029e-05
-1.2906e-20
1.37211e-22
-1.73497e-20
3.10238e-24
2.8471e-05
-9.70214e-21
1.33032e-22
-1.6425e-20
4.13196e-24
2.77539e-05
-1.10608e-20
1.25959e-22
-1.73237e-20
7.33547e-24
2.70512e-05
-1.01075e-20
1.19665e-22
-1.93264e-20
9.98682e-24
2.63627e-05
-8.7678e-21
1.1371e-22
-2.00331e-20
1.25103e-23
2.56879e-05
-9.52876e-21
1.07529e-22
-2.04671e-20
1.64492e-23
2.50266e-05
-4.8784e-21
1.02016e-22
-2.14802e-20
2.04512e-23
2.43784e-05
-6.54649e-21
9.53578e-23
-1.92364e-20
2.39226e-23
2.37432e-05
-2.26104e-21
8.96049e-23
-2.15995e-20
2.63457e-23
2.31205e-05
-2.9674e-21
8.35922e-23
-2.02459e-20
2.945e-23
2.251e-05
-2.23423e-21
7.84735e-23
-2.09314e-20
3.27196e-23
2.19115e-05
-1.17771e-21
7.34514e-23
-1.69731e-20
3.64262e-23
2.13248e-05
9.81949e-22
6.80344e-23
-1.99019e-20
3.90637e-23
2.07494e-05
1.2e-21
6.29371e-23
-1.76142e-20
4.20037e-23
2.01852e-05
-2.70261e-21
5.82012e-23
-1.54784e-20
4.37937e-23
1.96319e-05
-8.86898e-21
5.46719e-23
-9.5956e-21
4.3666e-23
1.90892e-05
-1.06773e-20
5.26044e-23
-9.24333e-21
4.2698e-23
1.85569e-05
-9.67454e-21
5.01331e-23
-1.07236e-20
4.21259e-23
1.80347e-05
-9.35239e-21
4.74093e-23
-1.16727e-20
4.16363e-23
1.75224e-05
-1.00316e-20
4.4837e-23
-9.38462e-21
4.18688e-23
1.70197e-05
-7.1249e-21
4.25612e-23
-7.08568e-21
4.23956e-23
1.65263e-05
-7.35375e-21
4.08583e-23
-8.68463e-21
4.21416e-23
1.60421e-05
-7.99984e-21
3.86685e-23
-8.61712e-21
4.23808e-23
1.55668e-05
-8.06727e-21
3.70589e-23
-7.66338e-21
4.28375e-23
1.51002e-05
-1.13702e-20
3.57115e-23
-3.99638e-21
4.30889e-23
1.4642e-05
-9.73476e-21
3.52088e-23
-8.3523e-22
4.22912e-23
1.41921e-05
-1.00057e-20
3.43337e-23
-1.86039e-21
4.09528e-23
1.37503e-05
-1.16668e-20
3.3561e-23
-1.18497e-21
3.9704e-23
1.33163e-05
-1.11462e-20
3.2863e-23
1.79145e-21
3.86152e-23
1.28899e-05
-7.87506e-21
3.23269e-23
6.5519e-22
3.71525e-23
1.2471e-05
-6.02368e-21
3.14724e-23
8.31099e-23
3.57621e-23
1.20593e-05
-6.25209e-21
3.06047e-23
1.7439e-21
3.45084e-23
1.16548e-05
-6.75024e-21
2.98248e-23
1.6447e-21
3.30303e-23
1.12572e-05
-5.95603e-21
2.91735e-23
1.21528e-21
3.16211e-23
1.08664e-05
-7.04406e-21
2.8299e-23
3.22497e-21
3.04301e-23
1.04823e-05
-7.27431e-21
2.75482e-23
3.29603e-21
2.90514e-23
1.01047e-05
-6.93256e-21
2.70535e-23
4.6088e-21
2.7602e-23
9.73363e-06
-4.86384e-21
2.6404e-23
2.2071e-21
2.60748e-23
9.36886e-06
-4.39093e-21
2.55046e-23
7.95563e-22
2.51705e-23
9.01037e-06
-5.27001e-21
2.46331e-23
1.57635e-21
2.45772e-23
8.65814e-06
-3.42808e-21
2.40334e-23
3.19019e-21
2.39193e-23
8.31212e-06
-4.72498e-21
2.3441e-23
2.76864e-21
2.30928e-23
7.97234e-06
-4.41626e-21
2.28181e-23
2.43681e-21
2.22832e-23
7.63881e-06
-4.18819e-21
2.21872e-23
2.00891e-21
2.15539e-23
7.31163e-06
-3.94434e-21
2.15678e-23
3.11944e-21
2.08103e-23
6.99081e-06
-3.59391e-21
2.09509e-23
4.17344e-21
1.98616e-23
6.67654e-06
-4.45153e-21
2.03636e-23
3.60434e-21
1.87262e-23
6.36891e-06
-4.68476e-21
1.98532e-23
3.3069e-21
1.78172e-23
6.0681e-06
-4.51272e-21
1.94511e-23
3.1023e-21
1.70632e-23
5.77428e-06
-2.81918e-21
1.90247e-23
2.67544e-21
1.63344e-23
5.48765e-06
-2.27413e-21
1.84806e-23
2.18853e-21
1.56668e-23
5.20837e-06
-1.99559e-21
1.79151e-23
1.44485e-21
1.49975e-23
4.93667e-06
-3.00989e-21
1.73379e-23
1.2216e-21
1.43436e-23
4.67272e-06
-2.86393e-21
1.67965e-23
1.88519e-21
1.37508e-23
4.41666e-06
-1.83739e-21
1.63132e-23
1.06522e-21
1.3094e-23
4.16868e-06
-1.44057e-21
1.58483e-23
1.07785e-21
1.24744e-23
3.92886e-06
-1.19325e-21
1.53335e-23
1.38098e-21
1.18267e-23
3.69728e-06
-1.31052e-21
1.48126e-23
1.08042e-21
1.11254e-23
3.47396e-06
-4.24661e-22
1.43018e-23
5.61732e-22
1.04498e-23
3.25892e-06
-2.64568e-22
1.37669e-23
4.1033e-22
9.83043e-24
3.05211e-06
-1.99479e-22
1.32375e-23
5.17908e-22
9.25642e-24
2.85345e-06
-6.09127e-22
1.26901e-23
8.51064e-22
8.70832e-24
2.66282e-06
-7.11968e-22
1.21494e-23
8.27819e-22
8.18153e-24
2.48009e-06
-3.54109e-22
1.16182e-23
7.69732e-22
7.67325e-24
2.30507e-06
-4.59925e-22
1.10853e-23
4.01193e-22
7.18459e-24
2.13759e-06
-5.89314e-22
1.0571e-23
6.24102e-22
6.7477e-24
1.97744e-06
-6.62486e-22
1.00764e-23
7.03502e-22
6.33589e-24
1.82437e-06
-6.78196e-22
9.60175e-24
6.84546e-22
5.95064e-24
1.67819e-06
-5.82511e-22
9.15548e-24
5.42197e-22
5.59102e-24
1.53865e-06
-3.61746e-22
8.71885e-24
5.00959e-22
5.26677e-24
1.40553e-06
-2.49055e-22
8.28578e-24
4.70609e-22
4.9572e-24
1.27858e-06
-3.33609e-22
7.86566e-24
2.86851e-22
4.66014e-24
1.15757e-06
-4.67331e-22
7.46149e-24
3.49829e-22
4.38703e-24
1.04227e-06
-5.48962e-22
7.07638e-24
3.21583e-22
4.1291e-24
9.3248e-07
-3.72638e-22
6.70836e-24
2.52449e-22
3.8917e-24
8.27957e-07
-4.87276e-22
6.35195e-24
2.31706e-22
3.67348e-24
7.28503e-07
-4.3215e-22
6.01212e-24
2.8621e-22
3.47129e-24
6.3391e-07
-3.99273e-22
5.68834e-24
2.51574e-22
3.2799e-24
5.43983e-07
-2.65543e-22
5.38169e-24
1.80197e-22
3.10197e-24
4.58534e-07
-1.91147e-22
5.0895e-24
1.5279e-22
2.93425e-24
3.77372e-07
-1.69715e-22
4.81265e-24
1.14543e-22
2.77503e-24
3.00327e-07
-9.39402e-23
4.55122e-24
4.87097e-23
2.62481e-24
2.27228e-07
-4.9603e-23
4.30402e-24
7.95252e-23
2.48323e-24
1.57908e-07
-9.02989e-24
4.07027e-24
2.61485e-23
2.34825e-24
9.22138e-08
-9.28326e-24
3.85019e-24
1.02781e-23
2.22109e-24
2.99919e-08
7.50429e-25
-1.71873e-25
0.00103165
-6.26762e-19
-6.12392e-19
0.0010126
-7.01832e-19
-6.6688e-19
0.000993756
-7.02226e-19
-5.90807e-19
0.00097514
-4.86229e-19
-5.88023e-19
0.000956756
-6.75223e-19
-6.7125e-19
0.00093861
-6.85773e-19
-7.08849e-19
0.00092071
-5.67524e-19
-5.75239e-19
0.00090306
-5.63825e-19
-4.65021e-19
0.000885664
-5.3831e-19
-5.85587e-19
0.000868528
-4.88215e-19
-5.5662e-19
0.000851653
-6.91048e-19
-7.04405e-19
0.000835041
-5.19005e-19
-4.58887e-19
0.000818694
-5.03536e-19
-5.32122e-19
0.000802613
-5.46306e-19
-4.7419e-19
0.000786797
-5.03352e-19
-5.16232e-19
0.000771246
-4.36149e-19
-4.80993e-19
0.000755961
-4.6038e-19
-4.63331e-19
0.000740938
-4.56478e-19
-4.08348e-19
0.000726178
-3.4675e-19
-3.79668e-19
0.000711677
-3.46541e-19
-4.25542e-19
0.000697435
-4.0173e-19
-3.68835e-19
0.000683448
-3.68802e-19
-3.76842e-19
0.000669714
-3.53331e-19
-2.73155e-19
0.00065623
-3.88165e-19
-3.55797e-19
0.000642993
-3.94444e-19
-3.44397e-19
0.000630002
-4.57177e-19
-3.5438e-19
0.000617251
-4.60289e-19
-3.77816e-19
0.000604739
-3.62204e-19
-3.24168e-19
0.000592461
-2.65373e-19
-3.40686e-19
0.000580415
-3.17372e-19
-3.27466e-19
0.000568598
-2.74567e-19
-3.10596e-19
0.000557005
-2.14527e-19
-2.60151e-19
0.000545634
-1.90582e-19
-2.94999e-19
0.000534481
-1.80964e-19
-3.10474e-19
0.000523542
-1.44062e-19
-3.16102e-19
0.000512815
-2.85975e-19
-2.29715e-19
0.000502295
-1.544e-19
-3.16434e-19
0.00049198
-1.91241e-19
-1.98026e-19
0.000481865
-2.61993e-19
-1.41751e-19
0.000471948
-1.92841e-19
-1.85779e-19
0.000462225
-2.74672e-19
-1.91439e-19
0.000452693
-3.18663e-19
-2.24618e-19
0.000443348
-3.05496e-19
-2.4595e-19
0.000434187
-2.85821e-19
-2.9467e-19
0.000425207
-2.97238e-19
-2.82802e-19
0.000416405
-2.90399e-19
-2.84412e-19
0.000407777
-2.49743e-19
-2.87801e-19
0.000399321
-2.51135e-19
-2.03016e-19
0.000391032
-3.03425e-19
-3.60799e-19
0.000382909
-2.27192e-19
-2.83791e-19
0.000374948
-1.4997e-19
-3.3522e-19
0.000367145
-2.58654e-19
-2.29136e-19
0.000359499
-2.41132e-19
-2.4332e-19
0.000352006
-2.54218e-19
-2.49895e-19
0.000344663
-2.80124e-19
-2.16157e-19
0.000337468
-2.43024e-19
-2.59166e-19
0.000330417
-3.05814e-19
-2.64037e-19
0.000323509
-2.91183e-19
-1.63173e-19
0.000316739
-2.45788e-19
-1.69136e-19
0.000310106
-2.70044e-19
-1.63877e-19
0.000303607
-2.16193e-19
-1.61347e-19
0.00029724
-2.09729e-19
-2.03351e-19
0.000291001
-1.86062e-19
-1.91291e-19
0.000284888
-1.28147e-19
-1.81849e-19
0.0002789
-1.14274e-19
-1.4828e-19
0.000273033
-5.76512e-20
-1.49978e-19
0.000267284
-1.33986e-19
-1.0592e-19
0.000261653
-1.12231e-19
-1.65561e-19
0.000256137
-1.63964e-19
-1.4542e-19
0.000250732
-1.47325e-19
-1.46492e-19
0.000245438
-1.40379e-19
-1.37498e-19
0.000240251
-1.50995e-19
-1.25359e-19
0.000235171
-1.41173e-19
-1.27411e-19
0.000230194
-1.31954e-19
-1.27366e-19
0.000225318
-1.22483e-19
-1.10479e-19
0.000220542
-9.83658e-20
-9.41815e-20
0.000215864
-9.00234e-20
-9.52281e-20
0.000211282
-1.00446e-19
-1.02168e-19
0.000206793
-8.71086e-20
-1.00126e-19
0.000202396
-9.62577e-20
-1.11193e-19
0.00019809
-1.03834e-19
-8.85616e-20
0.000193871
-1.1114e-19
-1.00381e-19
0.00018974
-1.1335e-19
-9.4419e-20
0.000185693
-6.5036e-20
-9.89317e-20
0.000181729
-8.54988e-20
-1.04841e-19
0.000177846
-7.74974e-20
-1.24947e-19
0.000174044
-5.50758e-20
-1.18424e-19
0.000170319
-5.43669e-20
-1.34094e-19
0.000166671
-9.67356e-20
-1.15513e-19
0.000163098
-9.60646e-20
-1.37374e-19
0.000159599
-9.52161e-20
-1.09347e-19
0.000156172
-9.85844e-20
-1.2314e-19
0.000152815
-1.19849e-19
-9.23298e-20
0.000149528
-8.61157e-20
-6.16042e-20
0.000146308
-9.32041e-20
-9.07738e-20
0.000143155
-9.92142e-20
-5.20839e-20
0.000140067
-9.89277e-20
-9.58244e-20
0.000137042
-5.80753e-20
-9.0378e-20
0.00013408
-5.83581e-20
-8.75712e-20
0.00013118
-5.65451e-20
-9.12245e-20
0.000128339
-3.99543e-20
-1.02396e-19
0.000125557
-3.19733e-20
-8.84204e-20
0.000122832
-5.85963e-20
-9.47934e-20
0.000120164
-5.39414e-20
-1.06763e-19
0.00011755
-4.46479e-20
-1.25832e-19
0.000114991
-4.46297e-20
-1.07975e-19
0.000112485
-5.68306e-20
-9.81593e-20
0.000110031
-4.67162e-20
-8.64089e-20
0.000107628
-3.27228e-20
-7.65076e-20
0.000105274
-4.2268e-20
-7.79134e-20
0.000102969
-3.93482e-20
-7.76153e-20
0.000100712
-2.8621e-20
-6.49365e-20
9.85016e-05
-2.82317e-20
-7.93383e-20
9.63371e-05
-3.61387e-20
-6.68834e-20
9.42174e-05
-4.05175e-20
-5.96762e-20
9.21417e-05
-4.41776e-20
-7.39304e-20
9.0109e-05
-4.98588e-20
-6.48836e-20
8.81184e-05
-5.19215e-20
-6.72207e-20
8.61692e-05
-6.57289e-20
-7.97687e-20
8.42604e-05
-6.36893e-20
-7.59559e-20
8.23912e-05
-5.58864e-20
-8.16281e-20
8.05608e-05
-5.94428e-20
-8.11096e-20
7.87683e-05
-4.9838e-20
-7.52056e-20
7.7013e-05
-6.1005e-20
-6.84955e-20
7.52943e-05
-6.02799e-20
-5.18275e-20
7.36111e-05
-6.58748e-20
-5.90269e-20
7.19628e-05
-5.83635e-20
-5.00711e-20
7.03489e-05
-4.27599e-20
-5.41751e-20
6.87683e-05
-3.88524e-20
-4.4294e-20
6.72206e-05
-3.896e-20
-3.34876e-20
6.5705e-05
-3.08999e-20
-3.67263e-20
6.42209e-05
-2.81102e-20
-4.89011e-20
6.27675e-05
-1.79802e-20
-3.41643e-20
6.13443e-05
-3.34316e-21
-3.22808e-20
5.99507e-05
5.36506e-21
-2.03021e-20
5.85859e-05
9.22078e-21
-3.06801e-20
5.72495e-05
-7.49076e-21
-1.76054e-20
5.59407e-05
1.16164e-20
-1.52209e-20
5.4659e-05
6.7987e-21
-1.60943e-20
5.34039e-05
-2.13885e-22
-1.21378e-20
5.21749e-05
-1.8585e-21
-1.18151e-20
5.09713e-05
1.36963e-21
-1.37888e-20
4.97926e-05
3.35736e-21
-1.58603e-20
4.86383e-05
-4.6362e-21
-1.9188e-20
4.75078e-05
-6.14789e-21
-2.03963e-20
4.64007e-05
-8.90181e-21
-2.38136e-20
4.53166e-05
-5.09452e-21
-2.32531e-20
4.42548e-05
-6.5829e-21
-1.85557e-20
4.32149e-05
-8.47919e-21
-2.31925e-20
4.21965e-05
-7.60268e-21
-2.44401e-20
4.1199e-05
-1.47713e-20
-1.38589e-20
4.02221e-05
-1.4068e-20
-1.80617e-20
3.92653e-05
-2.50474e-20
-1.34267e-20
3.83282e-05
-2.61443e-20
-1.15725e-20
3.74104e-05
-2.51488e-20
-2.4241e-20
3.65113e-05
-2.46551e-20
-2.00061e-20
3.56307e-05
-2.00371e-20
-2.60653e-20
3.47681e-05
-2.40341e-20
-2.6759e-20
3.39232e-05
-2.11111e-20
-2.67015e-20
3.30955e-05
-1.71002e-20
-1.73074e-20
3.22847e-05
-1.66089e-20
-2.18586e-20
3.14904e-05
-1.37847e-20
-2.41207e-20
3.07122e-05
-1.82272e-20
-2.23873e-20
2.99498e-05
-1.99304e-20
-2.20742e-20
2.92029e-05
-1.90922e-20
-1.3661e-20
2.8471e-05
-2.53753e-20
-7.20755e-21
2.77539e-05
-2.34887e-20
-1.08679e-20
2.70512e-05
-2.1921e-20
-1.12174e-20
2.63627e-05
-2.24417e-20
-7.84167e-21
2.56879e-05
-2.0511e-20
-7.75156e-21
2.50266e-05
-2.06061e-20
-8.18431e-21
2.43784e-05
-1.94305e-20
-9.80804e-21
2.37432e-05
-1.64994e-20
-9.86163e-21
2.31205e-05
-1.39844e-20
-8.51232e-21
2.251e-05
-1.46218e-20
-5.35719e-21
2.19115e-05
-1.75355e-20
-2.45737e-21
2.13248e-05
-1.52876e-20
-1.93031e-21
2.07494e-05
-1.48866e-20
-2.61233e-21
2.01852e-05
-1.44726e-20
-5.36932e-21
1.96319e-05
-1.29265e-20
-3.54856e-21
1.90892e-05
-1.60235e-20
-2.55828e-21
1.85569e-05
-1.6392e-20
-3.50217e-21
1.80347e-05
-1.51927e-20
-2.37957e-21
1.75224e-05
-1.36475e-20
-1.41408e-21
1.70197e-05
-6.6314e-21
-3.50211e-21
1.65263e-05
-1.07182e-20
-1.25246e-21
1.60421e-05
-9.73647e-21
-1.30529e-21
1.55668e-05
-1.04725e-20
-1.97375e-22
1.51002e-05
-9.32196e-21
-5.51631e-22
1.4642e-05
-1.20421e-20
-3.24682e-22
1.41921e-05
-1.15781e-20
-1.1881e-21
1.37503e-05
-1.30372e-20
1.32074e-21
1.33163e-05
-1.22635e-20
9.94694e-22
1.28899e-05
-1.2473e-20
5.66255e-22
1.2471e-05
-1.04557e-20
1.52904e-21
1.20593e-05
-9.83094e-21
-1.59657e-22
1.16548e-05
-9.31931e-21
-7.42045e-22
1.12572e-05
-1.08124e-20
1.31717e-22
1.08664e-05
-1.06061e-20
-3.43815e-22
1.04823e-05
-8.11627e-21
-5.11375e-23
1.01047e-05
-9.38806e-21
-4.00656e-22
9.73363e-06
-1.05595e-20
1.06256e-21
9.36886e-06
-1.0514e-20
1.0745e-21
9.01037e-06
-8.14779e-21
1.39917e-21
8.65814e-06
-6.08871e-21
1.47954e-21
8.31212e-06
-7.69521e-21
1.9744e-21
7.97234e-06
-7.48732e-21
3.13056e-21
7.63881e-06
-7.49603e-21
2.41926e-21
7.31163e-06
-7.67179e-21
2.15505e-21
6.99081e-06
-7.10749e-21
1.64725e-21
6.67654e-06
-6.83448e-21
2.95389e-21
6.36891e-06
-4.78487e-21
2.82682e-21
6.0681e-06
-4.48396e-21
2.26983e-21
5.77428e-06
-4.79974e-21
2.61306e-21
5.48765e-06
-4.70762e-21
2.09472e-21
5.20837e-06
-4.54682e-21
2.19967e-21
4.93667e-06
-4.83489e-21
3.61564e-21
4.67272e-06
-3.93614e-21
2.9977e-21
4.41666e-06
-2.7502e-21
3.0729e-21
4.16868e-06
-3.43736e-21
2.78904e-21
3.92886e-06
-3.44863e-21
2.23488e-21
3.69728e-06
-3.32608e-21
2.22757e-21
3.47396e-06
-2.68842e-21
2.08351e-21
3.25892e-06
-1.93871e-21
1.85396e-21
3.05211e-06
-1.98979e-21
1.47983e-21
2.85345e-06
-1.77882e-21
1.47272e-21
2.66282e-06
-1.48557e-21
1.3058e-21
2.48009e-06
-1.43661e-21
1.17283e-21
2.30507e-06
-1.23826e-21
1.20461e-21
2.13759e-06
-1.04515e-21
8.00265e-22
1.97744e-06
-8.3414e-22
8.39075e-22
1.82437e-06
-3.229e-22
5.71111e-22
1.67819e-06
-4.80294e-22
5.28408e-22
1.53865e-06
-7.92883e-22
3.80351e-22
1.40553e-06
-8.6679e-22
2.7938e-22
1.27858e-06
-9.04752e-22
3.2533e-22
1.15757e-06
-7.11806e-22
3.03506e-22
1.04227e-06
-5.56309e-22
5.32225e-22
9.3248e-07
-5.0485e-22
5.78833e-22
8.27957e-07
-5.88864e-22
5.68041e-22
7.28503e-07
-5.41947e-22
4.52607e-22
6.3391e-07
-4.52323e-22
4.18097e-22
5.43983e-07
-3.85291e-22
3.2353e-22
4.58534e-07
-2.87797e-22
2.69828e-22
3.77372e-07
-2.13384e-22
1.95853e-22
3.00327e-07
-1.40969e-22
1.04422e-22
2.27228e-07
-1.1648e-22
5.77802e-23
1.57908e-07
-2.85246e-23
3.50722e-23
9.22138e-08
-1.49442e-23
1.34806e-23
2.99919e-08
)
;

boundaryField
{
    walls
    {
        type            calculated;
        value           uniform 0;
    }
    inlet
    {
        type            cyclic;
        value           nonuniform List<scalar> 
1000
(
-2.99918e-08
-9.22137e-08
-1.57908e-07
-2.27227e-07
-3.00327e-07
-3.77373e-07
-4.58533e-07
-5.43984e-07
-6.33911e-07
-7.28503e-07
-8.27957e-07
-9.32477e-07
-1.04227e-06
-1.15757e-06
-1.27857e-06
-1.40553e-06
-1.53865e-06
-1.67819e-06
-1.82437e-06
-1.97743e-06
-2.13759e-06
-2.30507e-06
-2.48009e-06
-2.66282e-06
-2.85345e-06
-3.05211e-06
-3.25892e-06
-3.47396e-06
-3.69727e-06
-3.92886e-06
-4.16868e-06
-4.41667e-06
-4.67271e-06
-4.93667e-06
-5.20837e-06
-5.48764e-06
-5.77428e-06
-6.0681e-06
-6.36891e-06
-6.67654e-06
-6.99082e-06
-7.31162e-06
-7.63882e-06
-7.97234e-06
-8.31212e-06
-8.65814e-06
-9.01037e-06
-9.36886e-06
-9.73363e-06
-1.01048e-05
-1.04823e-05
-1.08664e-05
-1.12572e-05
-1.16548e-05
-1.20593e-05
-1.2471e-05
-1.28899e-05
-1.33163e-05
-1.37503e-05
-1.41921e-05
-1.4642e-05
-1.51002e-05
-1.55668e-05
-1.60421e-05
-1.65263e-05
-1.70196e-05
-1.75224e-05
-1.80347e-05
-1.85569e-05
-1.90892e-05
-1.96319e-05
-2.01852e-05
-2.07494e-05
-2.13248e-05
-2.19115e-05
-2.251e-05
-2.31204e-05
-2.37432e-05
-2.43785e-05
-2.50266e-05
-2.56879e-05
-2.63627e-05
-2.70513e-05
-2.77539e-05
-2.8471e-05
-2.92029e-05
-2.99498e-05
-3.07122e-05
-3.14904e-05
-3.22847e-05
-3.30955e-05
-3.39232e-05
-3.47681e-05
-3.56307e-05
-3.65113e-05
-3.74103e-05
-3.83282e-05
-3.92653e-05
-4.02221e-05
-4.1199e-05
-4.21965e-05
-4.32149e-05
-4.42548e-05
-4.53166e-05
-4.64008e-05
-4.75078e-05
-4.86383e-05
-4.97926e-05
-5.09713e-05
-5.21749e-05
-5.3404e-05
-5.4659e-05
-5.59407e-05
-5.72494e-05
-5.85859e-05
-5.99507e-05
-6.13443e-05
-6.27675e-05
-6.42209e-05
-6.5705e-05
-6.72206e-05
-6.87683e-05
-7.03489e-05
-7.19629e-05
-7.36111e-05
-7.52942e-05
-7.70131e-05
-7.87683e-05
-8.05607e-05
-8.23912e-05
-8.42604e-05
-8.61692e-05
-8.81184e-05
-9.0109e-05
-9.21417e-05
-9.42174e-05
-9.63371e-05
-9.85016e-05
-0.000100712
-0.000102969
-0.000105274
-0.000107628
-0.000110031
-0.000112485
-0.000114991
-0.00011755
-0.000120164
-0.000122832
-0.000125557
-0.000128339
-0.00013118
-0.00013408
-0.000137042
-0.000140067
-0.000143155
-0.000146308
-0.000149528
-0.000152815
-0.000156172
-0.000159599
-0.000163098
-0.000166671
-0.000170319
-0.000174044
-0.000177846
-0.000181729
-0.000185693
-0.00018974
-0.000193871
-0.00019809
-0.000202396
-0.000206793
-0.000211282
-0.000215864
-0.000220542
-0.000225318
-0.000230194
-0.000235171
-0.000240251
-0.000245438
-0.000250732
-0.000256137
-0.000261653
-0.000267285
-0.000273033
-0.0002789
-0.000284888
-0.000291001
-0.00029724
-0.000303607
-0.000310106
-0.000316739
-0.000323509
-0.000330417
-0.000337468
-0.000344663
-0.000352006
-0.000359499
-0.000367145
-0.000374948
-0.000382909
-0.000391032
-0.000399321
-0.000407777
-0.000416405
-0.000425207
-0.000434187
-0.000443348
-0.000452693
-0.000462225
-0.000471948
-0.000481865
-0.00049198
-0.000502295
-0.000512815
-0.000523542
-0.000534481
-0.000545634
-0.000557005
-0.000568598
-0.000580415
-0.000592461
-0.000604739
-0.000617251
-0.000630002
-0.000642993
-0.00065623
-0.000669714
-0.000683448
-0.000697435
-0.000711677
-0.000726178
-0.000740938
-0.000755961
-0.000771247
-0.000786797
-0.000802613
-0.000818694
-0.000835041
-0.000851653
-0.000868528
-0.000885664
-0.00090306
-0.00092071
-0.00093861
-0.000956756
-0.00097514
-0.000993756
-0.0010126
-0.00103165
-2.99918e-08
-9.22137e-08
-1.57908e-07
-2.27227e-07
-3.00327e-07
-3.77373e-07
-4.58533e-07
-5.43984e-07
-6.33911e-07
-7.28503e-07
-8.27957e-07
-9.32477e-07
-1.04227e-06
-1.15757e-06
-1.27857e-06
-1.40553e-06
-1.53865e-06
-1.67819e-06
-1.82437e-06
-1.97743e-06
-2.13759e-06
-2.30507e-06
-2.48009e-06
-2.66282e-06
-2.85345e-06
-3.05211e-06
-3.25892e-06
-3.47396e-06
-3.69727e-06
-3.92886e-06
-4.16868e-06
-4.41667e-06
-4.67271e-06
-4.93667e-06
-5.20837e-06
-5.48764e-06
-5.77428e-06
-6.0681e-06
-6.36891e-06
-6.67654e-06
-6.99082e-06
-7.31162e-06
-7.63882e-06
-7.97234e-06
-8.31212e-06
-8.65814e-06
-9.01037e-06
-9.36886e-06
-9.73363e-06
-1.01048e-05
-1.04823e-05
-1.08664e-05
-1.12572e-05
-1.16548e-05
-1.20593e-05
-1.2471e-05
-1.28899e-05
-1.33163e-05
-1.37503e-05
-1.41921e-05
-1.4642e-05
-1.51002e-05
-1.55668e-05
-1.60421e-05
-1.65263e-05
-1.70196e-05
-1.75224e-05
-1.80347e-05
-1.85569e-05
-1.90892e-05
-1.96319e-05
-2.01852e-05
-2.07494e-05
-2.13248e-05
-2.19115e-05
-2.251e-05
-2.31204e-05
-2.37432e-05
-2.43785e-05
-2.50266e-05
-2.56879e-05
-2.63627e-05
-2.70513e-05
-2.77539e-05
-2.8471e-05
-2.92029e-05
-2.99498e-05
-3.07122e-05
-3.14904e-05
-3.22847e-05
-3.30955e-05
-3.39232e-05
-3.47681e-05
-3.56307e-05
-3.65113e-05
-3.74103e-05
-3.83282e-05
-3.92653e-05
-4.02221e-05
-4.1199e-05
-4.21965e-05
-4.32149e-05
-4.42548e-05
-4.53166e-05
-4.64008e-05
-4.75078e-05
-4.86383e-05
-4.97926e-05
-5.09713e-05
-5.21749e-05
-5.3404e-05
-5.4659e-05
-5.59407e-05
-5.72494e-05
-5.85859e-05
-5.99507e-05
-6.13443e-05
-6.27675e-05
-6.42209e-05
-6.5705e-05
-6.72206e-05
-6.87683e-05
-7.03489e-05
-7.19629e-05
-7.36111e-05
-7.52942e-05
-7.70131e-05
-7.87683e-05
-8.05607e-05
-8.23912e-05
-8.42604e-05
-8.61692e-05
-8.81184e-05
-9.0109e-05
-9.21417e-05
-9.42174e-05
-9.63371e-05
-9.85016e-05
-0.000100712
-0.000102969
-0.000105274
-0.000107628
-0.000110031
-0.000112485
-0.000114991
-0.00011755
-0.000120164
-0.000122832
-0.000125557
-0.000128339
-0.00013118
-0.00013408
-0.000137042
-0.000140067
-0.000143155
-0.000146308
-0.000149528
-0.000152815
-0.000156172
-0.000159599
-0.000163098
-0.000166671
-0.000170319
-0.000174044
-0.000177846
-0.000181729
-0.000185693
-0.00018974
-0.000193871
-0.00019809
-0.000202396
-0.000206793
-0.000211282
-0.000215864
-0.000220542
-0.000225318
-0.000230194
-0.000235171
-0.000240251
-0.000245438
-0.000250732
-0.000256137
-0.000261653
-0.000267285
-0.000273033
-0.0002789
-0.000284888
-0.000291001
-0.00029724
-0.000303607
-0.000310106
-0.000316739
-0.000323509
-0.000330417
-0.000337468
-0.000344663
-0.000352006
-0.000359499
-0.000367145
-0.000374948
-0.000382909
-0.000391032
-0.000399321
-0.000407777
-0.000416405
-0.000425207
-0.000434187
-0.000443348
-0.000452693
-0.000462225
-0.000471948
-0.000481865
-0.00049198
-0.000502295
-0.000512815
-0.000523542
-0.000534481
-0.000545634
-0.000557005
-0.000568598
-0.000580415
-0.000592461
-0.000604739
-0.000617251
-0.000630002
-0.000642993
-0.00065623
-0.000669714
-0.000683448
-0.000697435
-0.000711677
-0.000726178
-0.000740938
-0.000755961
-0.000771247
-0.000786797
-0.000802613
-0.000818694
-0.000835041
-0.000851653
-0.000868528
-0.000885664
-0.00090306
-0.00092071
-0.00093861
-0.000956756
-0.00097514
-0.000993756
-0.0010126
-0.00103165
-0.00103165
-0.0010126
-0.000993756
-0.00097514
-0.000956756
-0.00093861
-0.00092071
-0.00090306
-0.000885664
-0.000868528
-0.000851653
-0.000835041
-0.000818694
-0.000802613
-0.000786797
-0.000771246
-0.000755961
-0.000740938
-0.000726178
-0.000711677
-0.000697435
-0.000683448
-0.000669714
-0.00065623
-0.000642993
-0.000630002
-0.000617251
-0.000604739
-0.000592461
-0.000580415
-0.000568598
-0.000557005
-0.000545634
-0.000534481
-0.000523542
-0.000512815
-0.000502295
-0.00049198
-0.000481865
-0.000471948
-0.000462225
-0.000452693
-0.000443348
-0.000434187
-0.000425207
-0.000416405
-0.000407777
-0.000399321
-0.000391032
-0.000382909
-0.000374948
-0.000367145
-0.000359499
-0.000352006
-0.000344663
-0.000337468
-0.000330417
-0.000323509
-0.000316739
-0.000310106
-0.000303607
-0.00029724
-0.000291001
-0.000284888
-0.0002789
-0.000273033
-0.000267284
-0.000261653
-0.000256137
-0.000250732
-0.000245438
-0.000240251
-0.000235171
-0.000230194
-0.000225318
-0.000220542
-0.000215864
-0.000211282
-0.000206793
-0.000202396
-0.00019809
-0.000193871
-0.00018974
-0.000185693
-0.000181729
-0.000177846
-0.000174044
-0.000170319
-0.000166671
-0.000163098
-0.000159599
-0.000156172
-0.000152815
-0.000149528
-0.000146308
-0.000143155
-0.000140067
-0.000137042
-0.00013408
-0.00013118
-0.000128339
-0.000125557
-0.000122832
-0.000120164
-0.00011755
-0.000114991
-0.000112485
-0.000110031
-0.000107628
-0.000105274
-0.000102969
-0.000100712
-9.85016e-05
-9.63371e-05
-9.42174e-05
-9.21417e-05
-9.0109e-05
-8.81184e-05
-8.61692e-05
-8.42604e-05
-8.23912e-05
-8.05608e-05
-7.87683e-05
-7.7013e-05
-7.52943e-05
-7.36111e-05
-7.19628e-05
-7.03489e-05
-6.87683e-05
-6.72206e-05
-6.5705e-05
-6.42209e-05
-6.27675e-05
-6.13443e-05
-5.99507e-05
-5.85859e-05
-5.72495e-05
-5.59407e-05
-5.4659e-05
-5.34039e-05
-5.21749e-05
-5.09713e-05
-4.97926e-05
-4.86383e-05
-4.75078e-05
-4.64007e-05
-4.53166e-05
-4.42548e-05
-4.32149e-05
-4.21965e-05
-4.1199e-05
-4.02221e-05
-3.92653e-05
-3.83282e-05
-3.74104e-05
-3.65113e-05
-3.56307e-05
-3.47681e-05
-3.39232e-05
-3.30955e-05
-3.22847e-05
-3.14904e-05
-3.07122e-05
-2.99498e-05
-2.92029e-05
-2.8471e-05
-2.77539e-05
-2.70512e-05
-2.63627e-05
-2.56879e-05
-2.50266e-05
-2.43784e-05
-2.37432e-05
-2.31205e-05
-2.251e-05
-2.19115e-05
-2.13248e-05
-2.07494e-05
-2.01852e-05
-1.96319e-05
-1.90892e-05
-1.85569e-05
-1.80347e-05
-1.75224e-05
-1.70197e-05
-1.65263e-05
-1.60421e-05
-1.55668e-05
-1.51002e-05
-1.4642e-05
-1.41921e-05
-1.37503e-05
-1.33163e-05
-1.28899e-05
-1.2471e-05
-1.20593e-05
-1.16548e-05
-1.12572e-05
-1.08664e-05
-1.04823e-05
-1.01047e-05
-9.73363e-06
-9.36886e-06
-9.01037e-06
-8.65814e-06
-8.31212e-06
-7.97234e-06
-7.63881e-06
-7.31163e-06
-6.99081e-06
-6.67654e-06
-6.36891e-06
-6.0681e-06
-5.77428e-06
-5.48765e-06
-5.20837e-06
-4.93667e-06
-4.67272e-06
-4.41666e-06
-4.16868e-06
-3.92886e-06
-3.69728e-06
-3.47396e-06
-3.25892e-06
-3.05211e-06
-2.85345e-06
-2.66282e-06
-2.48009e-06
-2.30507e-06
-2.13759e-06
-1.97744e-06
-1.82437e-06
-1.67819e-06
-1.53865e-06
-1.40553e-06
-1.27858e-06
-1.15757e-06
-1.04227e-06
-9.3248e-07
-8.27957e-07
-7.28503e-07
-6.3391e-07
-5.43983e-07
-4.58534e-07
-3.77372e-07
-3.00327e-07
-2.27228e-07
-1.57908e-07
-9.22138e-08
-2.99919e-08
-0.00103165
-0.0010126
-0.000993756
-0.00097514
-0.000956756
-0.00093861
-0.00092071
-0.00090306
-0.000885664
-0.000868528
-0.000851653
-0.000835041
-0.000818694
-0.000802613
-0.000786797
-0.000771246
-0.000755961
-0.000740938
-0.000726178
-0.000711677
-0.000697435
-0.000683448
-0.000669714
-0.00065623
-0.000642993
-0.000630002
-0.000617251
-0.000604739
-0.000592461
-0.000580415
-0.000568598
-0.000557005
-0.000545634
-0.000534481
-0.000523542
-0.000512815
-0.000502295
-0.00049198
-0.000481865
-0.000471948
-0.000462225
-0.000452693
-0.000443348
-0.000434187
-0.000425207
-0.000416405
-0.000407777
-0.000399321
-0.000391032
-0.000382909
-0.000374948
-0.000367145
-0.000359499
-0.000352006
-0.000344663
-0.000337468
-0.000330417
-0.000323509
-0.000316739
-0.000310106
-0.000303607
-0.00029724
-0.000291001
-0.000284888
-0.0002789
-0.000273033
-0.000267284
-0.000261653
-0.000256137
-0.000250732
-0.000245438
-0.000240251
-0.000235171
-0.000230194
-0.000225318
-0.000220542
-0.000215864
-0.000211282
-0.000206793
-0.000202396
-0.00019809
-0.000193871
-0.00018974
-0.000185693
-0.000181729
-0.000177846
-0.000174044
-0.000170319
-0.000166671
-0.000163098
-0.000159599
-0.000156172
-0.000152815
-0.000149528
-0.000146308
-0.000143155
-0.000140067
-0.000137042
-0.00013408
-0.00013118
-0.000128339
-0.000125557
-0.000122832
-0.000120164
-0.00011755
-0.000114991
-0.000112485
-0.000110031
-0.000107628
-0.000105274
-0.000102969
-0.000100712
-9.85016e-05
-9.63371e-05
-9.42174e-05
-9.21417e-05
-9.0109e-05
-8.81184e-05
-8.61692e-05
-8.42604e-05
-8.23912e-05
-8.05608e-05
-7.87683e-05
-7.7013e-05
-7.52943e-05
-7.36111e-05
-7.19628e-05
-7.03489e-05
-6.87683e-05
-6.72206e-05
-6.5705e-05
-6.42209e-05
-6.27675e-05
-6.13443e-05
-5.99507e-05
-5.85859e-05
-5.72495e-05
-5.59407e-05
-5.4659e-05
-5.34039e-05
-5.21749e-05
-5.09713e-05
-4.97926e-05
-4.86383e-05
-4.75078e-05
-4.64007e-05
-4.53166e-05
-4.42548e-05
-4.32149e-05
-4.21965e-05
-4.1199e-05
-4.02221e-05
-3.92653e-05
-3.83282e-05
-3.74104e-05
-3.65113e-05
-3.56307e-05
-3.47681e-05
-3.39232e-05
-3.30955e-05
-3.22847e-05
-3.14904e-05
-3.07122e-05
-2.99498e-05
-2.92029e-05
-2.8471e-05
-2.77539e-05
-2.70512e-05
-2.63627e-05
-2.56879e-05
-2.50266e-05
-2.43784e-05
-2.37432e-05
-2.31205e-05
-2.251e-05
-2.19115e-05
-2.13248e-05
-2.07494e-05
-2.01852e-05
-1.96319e-05
-1.90892e-05
-1.85569e-05
-1.80347e-05
-1.75224e-05
-1.70197e-05
-1.65263e-05
-1.60421e-05
-1.55668e-05
-1.51002e-05
-1.4642e-05
-1.41921e-05
-1.37503e-05
-1.33163e-05
-1.28899e-05
-1.2471e-05
-1.20593e-05
-1.16548e-05
-1.12572e-05
-1.08664e-05
-1.04823e-05
-1.01047e-05
-9.73363e-06
-9.36886e-06
-9.01037e-06
-8.65814e-06
-8.31212e-06
-7.97234e-06
-7.63881e-06
-7.31163e-06
-6.99081e-06
-6.67654e-06
-6.36891e-06
-6.0681e-06
-5.77428e-06
-5.48765e-06
-5.20837e-06
-4.93667e-06
-4.67272e-06
-4.41666e-06
-4.16868e-06
-3.92886e-06
-3.69728e-06
-3.47396e-06
-3.25892e-06
-3.05211e-06
-2.85345e-06
-2.66282e-06
-2.48009e-06
-2.30507e-06
-2.13759e-06
-1.97744e-06
-1.82437e-06
-1.67819e-06
-1.53865e-06
-1.40553e-06
-1.27858e-06
-1.15757e-06
-1.04227e-06
-9.3248e-07
-8.27957e-07
-7.28503e-07
-6.3391e-07
-5.43983e-07
-4.58534e-07
-3.77372e-07
-3.00327e-07
-2.27228e-07
-1.57908e-07
-9.22138e-08
-2.99919e-08
)
;
    }
    outlet
    {
        type            cyclic;
        value           nonuniform List<scalar> 
1000
(
2.99918e-08
9.22137e-08
1.57908e-07
2.27227e-07
3.00327e-07
3.77373e-07
4.58533e-07
5.43984e-07
6.33911e-07
7.28503e-07
8.27957e-07
9.32477e-07
1.04227e-06
1.15757e-06
1.27857e-06
1.40553e-06
1.53865e-06
1.67819e-06
1.82437e-06
1.97743e-06
2.13759e-06
2.30507e-06
2.48009e-06
2.66282e-06
2.85345e-06
3.05211e-06
3.25892e-06
3.47396e-06
3.69727e-06
3.92886e-06
4.16868e-06
4.41667e-06
4.67271e-06
4.93667e-06
5.20837e-06
5.48764e-06
5.77428e-06
6.0681e-06
6.36891e-06
6.67654e-06
6.99082e-06
7.31162e-06
7.63882e-06
7.97234e-06
8.31212e-06
8.65814e-06
9.01037e-06
9.36886e-06
9.73363e-06
1.01048e-05
1.04823e-05
1.08664e-05
1.12572e-05
1.16548e-05
1.20593e-05
1.2471e-05
1.28899e-05
1.33163e-05
1.37503e-05
1.41921e-05
1.4642e-05
1.51002e-05
1.55668e-05
1.60421e-05
1.65263e-05
1.70196e-05
1.75224e-05
1.80347e-05
1.85569e-05
1.90892e-05
1.96319e-05
2.01852e-05
2.07494e-05
2.13248e-05
2.19115e-05
2.251e-05
2.31204e-05
2.37432e-05
2.43785e-05
2.50266e-05
2.56879e-05
2.63627e-05
2.70513e-05
2.77539e-05
2.8471e-05
2.92029e-05
2.99498e-05
3.07122e-05
3.14904e-05
3.22847e-05
3.30955e-05
3.39232e-05
3.47681e-05
3.56307e-05
3.65113e-05
3.74103e-05
3.83282e-05
3.92653e-05
4.02221e-05
4.1199e-05
4.21965e-05
4.32149e-05
4.42548e-05
4.53166e-05
4.64008e-05
4.75078e-05
4.86383e-05
4.97926e-05
5.09713e-05
5.21749e-05
5.3404e-05
5.4659e-05
5.59407e-05
5.72494e-05
5.85859e-05
5.99507e-05
6.13443e-05
6.27675e-05
6.42209e-05
6.5705e-05
6.72206e-05
6.87683e-05
7.03489e-05
7.19629e-05
7.36111e-05
7.52942e-05
7.70131e-05
7.87683e-05
8.05607e-05
8.23912e-05
8.42604e-05
8.61692e-05
8.81184e-05
9.0109e-05
9.21417e-05
9.42174e-05
9.63371e-05
9.85016e-05
0.000100712
0.000102969
0.000105274
0.000107628
0.000110031
0.000112485
0.000114991
0.00011755
0.000120164
0.000122832
0.000125557
0.000128339
0.00013118
0.00013408
0.000137042
0.000140067
0.000143155
0.000146308
0.000149528
0.000152815
0.000156172
0.000159599
0.000163098
0.000166671
0.000170319
0.000174044
0.000177846
0.000181729
0.000185693
0.00018974
0.000193871
0.00019809
0.000202396
0.000206793
0.000211282
0.000215864
0.000220542
0.000225318
0.000230194
0.000235171
0.000240251
0.000245438
0.000250732
0.000256137
0.000261653
0.000267285
0.000273033
0.0002789
0.000284888
0.000291001
0.00029724
0.000303607
0.000310106
0.000316739
0.000323509
0.000330417
0.000337468
0.000344663
0.000352006
0.000359499
0.000367145
0.000374948
0.000382909
0.000391032
0.000399321
0.000407777
0.000416405
0.000425207
0.000434187
0.000443348
0.000452693
0.000462225
0.000471948
0.000481865
0.00049198
0.000502295
0.000512815
0.000523542
0.000534481
0.000545634
0.000557005
0.000568598
0.000580415
0.000592461
0.000604739
0.000617251
0.000630002
0.000642993
0.00065623
0.000669714
0.000683448
0.000697435
0.000711677
0.000726178
0.000740938
0.000755961
0.000771247
0.000786797
0.000802613
0.000818694
0.000835041
0.000851653
0.000868528
0.000885664
0.00090306
0.00092071
0.00093861
0.000956756
0.00097514
0.000993756
0.0010126
0.00103165
2.99918e-08
9.22137e-08
1.57908e-07
2.27227e-07
3.00327e-07
3.77373e-07
4.58533e-07
5.43984e-07
6.33911e-07
7.28503e-07
8.27957e-07
9.32477e-07
1.04227e-06
1.15757e-06
1.27857e-06
1.40553e-06
1.53865e-06
1.67819e-06
1.82437e-06
1.97743e-06
2.13759e-06
2.30507e-06
2.48009e-06
2.66282e-06
2.85345e-06
3.05211e-06
3.25892e-06
3.47396e-06
3.69727e-06
3.92886e-06
4.16868e-06
4.41667e-06
4.67271e-06
4.93667e-06
5.20837e-06
5.48764e-06
5.77428e-06
6.0681e-06
6.36891e-06
6.67654e-06
6.99082e-06
7.31162e-06
7.63882e-06
7.97234e-06
8.31212e-06
8.65814e-06
9.01037e-06
9.36886e-06
9.73363e-06
1.01048e-05
1.04823e-05
1.08664e-05
1.12572e-05
1.16548e-05
1.20593e-05
1.2471e-05
1.28899e-05
1.33163e-05
1.37503e-05
1.41921e-05
1.4642e-05
1.51002e-05
1.55668e-05
1.60421e-05
1.65263e-05
1.70196e-05
1.75224e-05
1.80347e-05
1.85569e-05
1.90892e-05
1.96319e-05
2.01852e-05
2.07494e-05
2.13248e-05
2.19115e-05
2.251e-05
2.31204e-05
2.37432e-05
2.43785e-05
2.50266e-05
2.56879e-05
2.63627e-05
2.70513e-05
2.77539e-05
2.8471e-05
2.92029e-05
2.99498e-05
3.07122e-05
3.14904e-05
3.22847e-05
3.30955e-05
3.39232e-05
3.47681e-05
3.56307e-05
3.65113e-05
3.74103e-05
3.83282e-05
3.92653e-05
4.02221e-05
4.1199e-05
4.21965e-05
4.32149e-05
4.42548e-05
4.53166e-05
4.64008e-05
4.75078e-05
4.86383e-05
4.97926e-05
5.09713e-05
5.21749e-05
5.3404e-05
5.4659e-05
5.59407e-05
5.72494e-05
5.85859e-05
5.99507e-05
6.13443e-05
6.27675e-05
6.42209e-05
6.5705e-05
6.72206e-05
6.87683e-05
7.03489e-05
7.19629e-05
7.36111e-05
7.52942e-05
7.70131e-05
7.87683e-05
8.05607e-05
8.23912e-05
8.42604e-05
8.61692e-05
8.81184e-05
9.0109e-05
9.21417e-05
9.42174e-05
9.63371e-05
9.85016e-05
0.000100712
0.000102969
0.000105274
0.000107628
0.000110031
0.000112485
0.000114991
0.00011755
0.000120164
0.000122832
0.000125557
0.000128339
0.00013118
0.00013408
0.000137042
0.000140067
0.000143155
0.000146308
0.000149528
0.000152815
0.000156172
0.000159599
0.000163098
0.000166671
0.000170319
0.000174044
0.000177846
0.000181729
0.000185693
0.00018974
0.000193871
0.00019809
0.000202396
0.000206793
0.000211282
0.000215864
0.000220542
0.000225318
0.000230194
0.000235171
0.000240251
0.000245438
0.000250732
0.000256137
0.000261653
0.000267285
0.000273033
0.0002789
0.000284888
0.000291001
0.00029724
0.000303607
0.000310106
0.000316739
0.000323509
0.000330417
0.000337468
0.000344663
0.000352006
0.000359499
0.000367145
0.000374948
0.000382909
0.000391032
0.000399321
0.000407777
0.000416405
0.000425207
0.000434187
0.000443348
0.000452693
0.000462225
0.000471948
0.000481865
0.00049198
0.000502295
0.000512815
0.000523542
0.000534481
0.000545634
0.000557005
0.000568598
0.000580415
0.000592461
0.000604739
0.000617251
0.000630002
0.000642993
0.00065623
0.000669714
0.000683448
0.000697435
0.000711677
0.000726178
0.000740938
0.000755961
0.000771247
0.000786797
0.000802613
0.000818694
0.000835041
0.000851653
0.000868528
0.000885664
0.00090306
0.00092071
0.00093861
0.000956756
0.00097514
0.000993756
0.0010126
0.00103165
0.00103165
0.0010126
0.000993756
0.00097514
0.000956756
0.00093861
0.00092071
0.00090306
0.000885664
0.000868528
0.000851653
0.000835041
0.000818694
0.000802613
0.000786797
0.000771246
0.000755961
0.000740938
0.000726178
0.000711677
0.000697435
0.000683448
0.000669714
0.00065623
0.000642993
0.000630002
0.000617251
0.000604739
0.000592461
0.000580415
0.000568598
0.000557005
0.000545634
0.000534481
0.000523542
0.000512815
0.000502295
0.00049198
0.000481865
0.000471948
0.000462225
0.000452693
0.000443348
0.000434187
0.000425207
0.000416405
0.000407777
0.000399321
0.000391032
0.000382909
0.000374948
0.000367145
0.000359499
0.000352006
0.000344663
0.000337468
0.000330417
0.000323509
0.000316739
0.000310106
0.000303607
0.00029724
0.000291001
0.000284888
0.0002789
0.000273033
0.000267284
0.000261653
0.000256137
0.000250732
0.000245438
0.000240251
0.000235171
0.000230194
0.000225318
0.000220542
0.000215864
0.000211282
0.000206793
0.000202396
0.00019809
0.000193871
0.00018974
0.000185693
0.000181729
0.000177846
0.000174044
0.000170319
0.000166671
0.000163098
0.000159599
0.000156172
0.000152815
0.000149528
0.000146308
0.000143155
0.000140067
0.000137042
0.00013408
0.00013118
0.000128339
0.000125557
0.000122832
0.000120164
0.00011755
0.000114991
0.000112485
0.000110031
0.000107628
0.000105274
0.000102969
0.000100712
9.85016e-05
9.63371e-05
9.42174e-05
9.21417e-05
9.0109e-05
8.81184e-05
8.61692e-05
8.42604e-05
8.23912e-05
8.05608e-05
7.87683e-05
7.7013e-05
7.52943e-05
7.36111e-05
7.19628e-05
7.03489e-05
6.87683e-05
6.72206e-05
6.5705e-05
6.42209e-05
6.27675e-05
6.13443e-05
5.99507e-05
5.85859e-05
5.72495e-05
5.59407e-05
5.4659e-05
5.34039e-05
5.21749e-05
5.09713e-05
4.97926e-05
4.86383e-05
4.75078e-05
4.64007e-05
4.53166e-05
4.42548e-05
4.32149e-05
4.21965e-05
4.1199e-05
4.02221e-05
3.92653e-05
3.83282e-05
3.74104e-05
3.65113e-05
3.56307e-05
3.47681e-05
3.39232e-05
3.30955e-05
3.22847e-05
3.14904e-05
3.07122e-05
2.99498e-05
2.92029e-05
2.8471e-05
2.77539e-05
2.70512e-05
2.63627e-05
2.56879e-05
2.50266e-05
2.43784e-05
2.37432e-05
2.31205e-05
2.251e-05
2.19115e-05
2.13248e-05
2.07494e-05
2.01852e-05
1.96319e-05
1.90892e-05
1.85569e-05
1.80347e-05
1.75224e-05
1.70197e-05
1.65263e-05
1.60421e-05
1.55668e-05
1.51002e-05
1.4642e-05
1.41921e-05
1.37503e-05
1.33163e-05
1.28899e-05
1.2471e-05
1.20593e-05
1.16548e-05
1.12572e-05
1.08664e-05
1.04823e-05
1.01047e-05
9.73363e-06
9.36886e-06
9.01037e-06
8.65814e-06
8.31212e-06
7.97234e-06
7.63881e-06
7.31163e-06
6.99081e-06
6.67654e-06
6.36891e-06
6.0681e-06
5.77428e-06
5.48765e-06
5.20837e-06
4.93667e-06
4.67272e-06
4.41666e-06
4.16868e-06
3.92886e-06
3.69728e-06
3.47396e-06
3.25892e-06
3.05211e-06
2.85345e-06
2.66282e-06
2.48009e-06
2.30507e-06
2.13759e-06
1.97744e-06
1.82437e-06
1.67819e-06
1.53865e-06
1.40553e-06
1.27858e-06
1.15757e-06
1.04227e-06
9.3248e-07
8.27957e-07
7.28503e-07
6.3391e-07
5.43983e-07
4.58534e-07
3.77372e-07
3.00327e-07
2.27228e-07
1.57908e-07
9.22138e-08
2.99919e-08
0.00103165
0.0010126
0.000993756
0.00097514
0.000956756
0.00093861
0.00092071
0.00090306
0.000885664
0.000868528
0.000851653
0.000835041
0.000818694
0.000802613
0.000786797
0.000771246
0.000755961
0.000740938
0.000726178
0.000711677
0.000697435
0.000683448
0.000669714
0.00065623
0.000642993
0.000630002
0.000617251
0.000604739
0.000592461
0.000580415
0.000568598
0.000557005
0.000545634
0.000534481
0.000523542
0.000512815
0.000502295
0.00049198
0.000481865
0.000471948
0.000462225
0.000452693
0.000443348
0.000434187
0.000425207
0.000416405
0.000407777
0.000399321
0.000391032
0.000382909
0.000374948
0.000367145
0.000359499
0.000352006
0.000344663
0.000337468
0.000330417
0.000323509
0.000316739
0.000310106
0.000303607
0.00029724
0.000291001
0.000284888
0.0002789
0.000273033
0.000267284
0.000261653
0.000256137
0.000250732
0.000245438
0.000240251
0.000235171
0.000230194
0.000225318
0.000220542
0.000215864
0.000211282
0.000206793
0.000202396
0.00019809
0.000193871
0.00018974
0.000185693
0.000181729
0.000177846
0.000174044
0.000170319
0.000166671
0.000163098
0.000159599
0.000156172
0.000152815
0.000149528
0.000146308
0.000143155
0.000140067
0.000137042
0.00013408
0.00013118
0.000128339
0.000125557
0.000122832
0.000120164
0.00011755
0.000114991
0.000112485
0.000110031
0.000107628
0.000105274
0.000102969
0.000100712
9.85016e-05
9.63371e-05
9.42174e-05
9.21417e-05
9.0109e-05
8.81184e-05
8.61692e-05
8.42604e-05
8.23912e-05
8.05608e-05
7.87683e-05
7.7013e-05
7.52943e-05
7.36111e-05
7.19628e-05
7.03489e-05
6.87683e-05
6.72206e-05
6.5705e-05
6.42209e-05
6.27675e-05
6.13443e-05
5.99507e-05
5.85859e-05
5.72495e-05
5.59407e-05
5.4659e-05
5.34039e-05
5.21749e-05
5.09713e-05
4.97926e-05
4.86383e-05
4.75078e-05
4.64007e-05
4.53166e-05
4.42548e-05
4.32149e-05
4.21965e-05
4.1199e-05
4.02221e-05
3.92653e-05
3.83282e-05
3.74104e-05
3.65113e-05
3.56307e-05
3.47681e-05
3.39232e-05
3.30955e-05
3.22847e-05
3.14904e-05
3.07122e-05
2.99498e-05
2.92029e-05
2.8471e-05
2.77539e-05
2.70512e-05
2.63627e-05
2.56879e-05
2.50266e-05
2.43784e-05
2.37432e-05
2.31205e-05
2.251e-05
2.19115e-05
2.13248e-05
2.07494e-05
2.01852e-05
1.96319e-05
1.90892e-05
1.85569e-05
1.80347e-05
1.75224e-05
1.70197e-05
1.65263e-05
1.60421e-05
1.55668e-05
1.51002e-05
1.4642e-05
1.41921e-05
1.37503e-05
1.33163e-05
1.28899e-05
1.2471e-05
1.20593e-05
1.16548e-05
1.12572e-05
1.08664e-05
1.04823e-05
1.01047e-05
9.73363e-06
9.36886e-06
9.01037e-06
8.65814e-06
8.31212e-06
7.97234e-06
7.63881e-06
7.31163e-06
6.99081e-06
6.67654e-06
6.36891e-06
6.0681e-06
5.77428e-06
5.48765e-06
5.20837e-06
4.93667e-06
4.67272e-06
4.41666e-06
4.16868e-06
3.92886e-06
3.69728e-06
3.47396e-06
3.25892e-06
3.05211e-06
2.85345e-06
2.66282e-06
2.48009e-06
2.30507e-06
2.13759e-06
1.97744e-06
1.82437e-06
1.67819e-06
1.53865e-06
1.40553e-06
1.27858e-06
1.15757e-06
1.04227e-06
9.3248e-07
8.27957e-07
7.28503e-07
6.3391e-07
5.43983e-07
4.58534e-07
3.77372e-07
3.00327e-07
2.27228e-07
1.57908e-07
9.22138e-08
2.99919e-08
)
;
    }
    sides
    {
        type            empty;
        value           nonuniform List<scalar> 0();
    }
}


// ************************************************************************* //
