/*--------------------------------*- C++ -*----------------------------------*\
| =========                 |                                                 |
| \\      /  F ield         | OpenFOAM: The Open Source CFD Toolbox           |
|  \\    /   O peration     | Version:  2106                                  |
|   \\  /    A nd           | Website:  www.openfoam.com                      |
|    \\/     M anipulation  |                                                 |
\*---------------------------------------------------------------------------*/
FoamFile
{
    version     2.0;
    format      ascii;
    arch        "LSB;label=32;scalar=64";
    class       volScalarField;
    location    "10000";
    object      omega;
}
// * * * * * * * * * * * * * * * * * * * * * * * * * * * * * * * * * * * * * //

dimensions      [0 0 -1 0 0 0 0];

internalField   nonuniform List<scalar> 
2000
(
373739
373739
64866.5
64866.5
21904.6
21904.6
10286.7
10286.7
5806.9
5806.9
3674.25
3674.25
2510.45
2510.45
1812.44
1812.44
1364.05
1364.05
1060.72
1060.72
847.111
847.111
691.793
691.793
575.885
575.885
487.493
487.493
418.825
418.825
364.603
364.603
321.146
321.146
285.827
285.827
256.734
256.734
232.452
232.452
211.927
211.927
194.36
194.36
179.151
179.151
165.838
165.838
154.074
154.074
143.588
143.588
134.174
134.174
125.668
125.668
117.944
117.944
110.897
110.897
104.445
104.445
98.5193
98.5193
93.0618
93.0618
88.0237
88.0237
83.3632
83.3632
79.0436
79.0436
75.0332
75.0332
71.3038
71.3038
67.8304
67.8304
64.5908
64.5908
61.565
61.565
58.7353
58.7353
56.0855
56.0855
53.601
53.601
51.2689
51.2689
49.0772
49.0772
47.0151
47.0151
45.0728
45.0728
43.2414
43.2414
41.5128
41.5128
39.8795
39.8795
38.3348
38.3348
36.8725
36.8725
35.4868
35.4868
34.1727
34.1727
32.9253
32.9253
31.7401
31.7401
30.6133
30.6133
29.541
29.541
28.5198
28.5198
27.5465
27.5465
26.6183
26.6183
25.7323
25.7323
24.8861
24.8861
24.0774
24.0774
23.304
23.304
22.5638
22.5638
21.8551
21.8551
21.176
21.176
20.525
20.525
19.9005
19.9005
19.3011
19.3011
18.7256
18.7256
18.1726
18.1726
17.6411
17.6411
17.1299
17.1299
16.638
16.638
16.1645
16.1645
15.7085
15.7085
15.2692
15.2692
14.8457
14.8457
14.4373
14.4373
14.0433
14.0433
13.6632
13.6632
13.2961
13.2961
12.9416
12.9416
12.5991
12.5991
12.2681
12.2681
11.9481
11.9481
11.6385
11.6385
11.3391
11.3391
11.0493
11.0493
10.7687
10.7687
10.4971
10.4971
10.2339
10.2339
9.97889
9.97889
9.73175
9.73175
9.49215
9.49215
9.2598
9.2598
9.03442
9.03442
8.81574
8.81574
8.60352
8.60352
8.39751
8.39751
8.19748
8.19748
8.00322
8.00322
7.81451
7.81451
7.63116
7.63116
7.45297
7.45297
7.27976
7.27976
7.11136
7.11136
6.9476
6.9476
6.78832
6.78832
6.63337
6.63337
6.4826
6.4826
6.33587
6.33587
6.19305
6.19305
6.05401
6.05401
5.91862
5.91862
5.78677
5.78677
5.65834
5.65834
5.53322
5.53322
5.41131
5.41131
5.2925
5.2925
5.17671
5.17671
5.06383
5.06383
4.95377
4.95377
4.84646
4.84646
4.7418
4.7418
4.63972
4.63972
4.54014
4.54014
4.44299
4.44299
4.34818
4.34818
4.25567
4.25567
4.16537
4.16537
4.07722
4.07722
3.99117
3.99117
3.90714
3.90714
3.8251
3.8251
3.74497
3.74497
3.6667
3.6667
3.59025
3.59025
3.51556
3.51556
3.44258
3.44258
3.37127
3.37127
3.30158
3.30158
3.23347
3.23347
3.1669
3.1669
3.10181
3.10181
3.03818
3.03818
2.97597
2.97597
2.91513
2.91513
2.85564
2.85564
2.79745
2.79745
2.74054
2.74054
2.68486
2.68486
2.63039
2.63039
2.5771
2.5771
2.52495
2.52495
2.47393
2.47393
2.42399
2.42399
2.37511
2.37511
2.32727
2.32727
2.28043
2.28043
2.23458
2.23458
2.18969
2.18969
2.14574
2.14574
2.10269
2.10269
2.06054
2.06054
2.01925
2.01925
1.97881
1.97881
1.9392
1.9392
1.90039
1.90039
1.86237
1.86237
1.82512
1.82512
1.78861
1.78861
1.75284
1.75284
1.71778
1.71778
1.68341
1.68341
1.64973
1.64973
1.6167
1.6167
1.58433
1.58433
1.55258
1.55258
1.52145
1.52145
1.49093
1.49093
1.46099
1.46099
1.43163
1.43163
1.40282
1.40282
1.37456
1.37456
1.34684
1.34684
1.31964
1.31964
1.29294
1.29294
1.26675
1.26675
1.24103
1.24103
1.21579
1.21579
1.19102
1.19102
1.16669
1.16669
1.1428
1.1428
1.11935
1.11935
1.09631
1.09631
1.07369
1.07369
1.05146
1.05146
1.02963
1.02963
1.00817
1.00817
0.987096
0.987096
0.966381
0.966381
0.946022
0.946022
0.926012
0.926012
0.906342
0.906342
0.887004
0.887004
0.867993
0.867993
0.849299
0.849299
0.830918
0.830918
0.812843
0.812843
0.795067
0.795067
0.777586
0.777586
0.760394
0.760394
0.743487
0.743487
0.726861
0.726861
0.710511
0.710511
0.694435
0.694435
0.67863
0.67863
0.663095
0.663095
0.647829
0.647829
0.632831
0.632831
0.618103
0.618103
0.603646
0.603646
0.589463
0.589463
0.575559
0.575559
0.56194
0.56194
0.548613
0.548613
0.535587
0.535587
0.522874
0.522874
0.510487
0.510487
0.498444
0.498444
0.486762
0.486762
0.475465
0.475465
0.464578
0.464578
0.45413
0.45413
0.444157
0.444157
0.434695
0.434695
0.425788
0.425788
0.417485
0.417485
0.409837
0.409837
0.402904
0.402904
0.396749
0.396749
0.391438
0.391438
0.387043
0.387043
0.383636
0.383636
0.381292
0.381292
0.380084
0.380084
373739
373739
64866.5
64866.5
21904.6
21904.6
10286.7
10286.7
5806.9
5806.9
3674.25
3674.25
2510.45
2510.45
1812.44
1812.44
1364.05
1364.05
1060.72
1060.72
847.111
847.111
691.793
691.793
575.885
575.885
487.493
487.493
418.825
418.825
364.603
364.603
321.146
321.146
285.827
285.827
256.734
256.734
232.452
232.452
211.927
211.927
194.36
194.36
179.151
179.151
165.838
165.838
154.074
154.074
143.588
143.588
134.174
134.174
125.668
125.668
117.944
117.944
110.897
110.897
104.445
104.445
98.5193
98.5193
93.0618
93.0618
88.0237
88.0237
83.3632
83.3632
79.0436
79.0436
75.0332
75.0332
71.3038
71.3038
67.8304
67.8304
64.5908
64.5908
61.565
61.565
58.7353
58.7353
56.0855
56.0855
53.601
53.601
51.2689
51.2689
49.0772
49.0772
47.0151
47.0151
45.0728
45.0728
43.2414
43.2414
41.5128
41.5128
39.8795
39.8795
38.3348
38.3348
36.8725
36.8725
35.4868
35.4868
34.1727
34.1727
32.9253
32.9253
31.7401
31.7401
30.6133
30.6133
29.541
29.541
28.5198
28.5198
27.5465
27.5465
26.6183
26.6183
25.7323
25.7323
24.8861
24.8861
24.0774
24.0774
23.304
23.304
22.5638
22.5638
21.8551
21.8551
21.176
21.176
20.525
20.525
19.9005
19.9005
19.3011
19.3011
18.7256
18.7256
18.1726
18.1726
17.6411
17.6411
17.1299
17.1299
16.638
16.638
16.1645
16.1645
15.7085
15.7085
15.2692
15.2692
14.8457
14.8457
14.4373
14.4373
14.0433
14.0433
13.6632
13.6632
13.2961
13.2961
12.9416
12.9416
12.5991
12.5991
12.2681
12.2681
11.9481
11.9481
11.6385
11.6385
11.3391
11.3391
11.0493
11.0493
10.7687
10.7687
10.4971
10.4971
10.2339
10.2339
9.97889
9.97889
9.73175
9.73175
9.49215
9.49215
9.2598
9.2598
9.03442
9.03442
8.81574
8.81574
8.60352
8.60352
8.39751
8.39751
8.19748
8.19748
8.00322
8.00322
7.81451
7.81451
7.63116
7.63116
7.45297
7.45297
7.27976
7.27976
7.11136
7.11136
6.9476
6.9476
6.78832
6.78832
6.63337
6.63337
6.4826
6.4826
6.33587
6.33587
6.19305
6.19305
6.05401
6.05401
5.91862
5.91862
5.78677
5.78677
5.65834
5.65834
5.53322
5.53322
5.41131
5.41131
5.2925
5.2925
5.17671
5.17671
5.06383
5.06383
4.95377
4.95377
4.84646
4.84646
4.7418
4.7418
4.63972
4.63972
4.54014
4.54014
4.44299
4.44299
4.34818
4.34818
4.25567
4.25567
4.16537
4.16537
4.07722
4.07722
3.99117
3.99117
3.90714
3.90714
3.8251
3.8251
3.74497
3.74497
3.6667
3.6667
3.59025
3.59025
3.51556
3.51556
3.44258
3.44258
3.37127
3.37127
3.30158
3.30158
3.23347
3.23347
3.1669
3.1669
3.10181
3.10181
3.03818
3.03818
2.97597
2.97597
2.91513
2.91513
2.85564
2.85564
2.79745
2.79745
2.74054
2.74054
2.68486
2.68486
2.63039
2.63039
2.5771
2.5771
2.52495
2.52495
2.47393
2.47393
2.42399
2.42399
2.37511
2.37511
2.32727
2.32727
2.28043
2.28043
2.23458
2.23458
2.18969
2.18969
2.14574
2.14574
2.10269
2.10269
2.06054
2.06054
2.01925
2.01925
1.97881
1.97881
1.9392
1.9392
1.90039
1.90039
1.86237
1.86237
1.82512
1.82512
1.78861
1.78861
1.75284
1.75284
1.71778
1.71778
1.68341
1.68341
1.64973
1.64973
1.6167
1.6167
1.58433
1.58433
1.55258
1.55258
1.52145
1.52145
1.49093
1.49093
1.46099
1.46099
1.43163
1.43163
1.40282
1.40282
1.37456
1.37456
1.34684
1.34684
1.31964
1.31964
1.29294
1.29294
1.26675
1.26675
1.24103
1.24103
1.21579
1.21579
1.19102
1.19102
1.16669
1.16669
1.1428
1.1428
1.11935
1.11935
1.09631
1.09631
1.07369
1.07369
1.05146
1.05146
1.02963
1.02963
1.00817
1.00817
0.987096
0.987096
0.966381
0.966381
0.946022
0.946022
0.926012
0.926012
0.906342
0.906342
0.887004
0.887004
0.867993
0.867993
0.849299
0.849299
0.830918
0.830918
0.812843
0.812843
0.795067
0.795067
0.777586
0.777586
0.760394
0.760394
0.743487
0.743487
0.726861
0.726861
0.710511
0.710511
0.694435
0.694435
0.67863
0.67863
0.663095
0.663095
0.647829
0.647829
0.632831
0.632831
0.618103
0.618103
0.603646
0.603646
0.589463
0.589463
0.575559
0.575559
0.56194
0.56194
0.548613
0.548613
0.535587
0.535587
0.522874
0.522874
0.510487
0.510487
0.498444
0.498444
0.486762
0.486762
0.475465
0.475465
0.464578
0.464578
0.45413
0.45413
0.444157
0.444157
0.434695
0.434695
0.425788
0.425788
0.417485
0.417485
0.409837
0.409837
0.402904
0.402904
0.396749
0.396749
0.391438
0.391438
0.387043
0.387043
0.383636
0.383636
0.381292
0.381292
0.380084
0.380084
0.380084
0.380084
0.381292
0.381292
0.383636
0.383636
0.387043
0.387043
0.391438
0.391438
0.396749
0.396749
0.402904
0.402904
0.409837
0.409837
0.417484
0.417484
0.425788
0.425788
0.434695
0.434695
0.444157
0.444157
0.45413
0.45413
0.464578
0.464578
0.475465
0.475465
0.486762
0.486762
0.498444
0.498444
0.510487
0.510487
0.522874
0.522874
0.535587
0.535587
0.548612
0.548612
0.56194
0.56194
0.575559
0.575559
0.589463
0.589463
0.603646
0.603646
0.618103
0.618103
0.632831
0.632831
0.647829
0.647829
0.663095
0.663095
0.67863
0.67863
0.694435
0.694435
0.710511
0.710511
0.726861
0.726861
0.743487
0.743487
0.760394
0.760394
0.777586
0.777586
0.795067
0.795067
0.812843
0.812843
0.830918
0.830918
0.849299
0.849299
0.867992
0.867992
0.887004
0.887004
0.906342
0.906342
0.926012
0.926012
0.946022
0.946022
0.966381
0.966381
0.987096
0.987096
1.00817
1.00817
1.02963
1.02963
1.05146
1.05146
1.07369
1.07369
1.09631
1.09631
1.11935
1.11935
1.1428
1.1428
1.16669
1.16669
1.19102
1.19102
1.21579
1.21579
1.24103
1.24103
1.26675
1.26675
1.29294
1.29294
1.31964
1.31964
1.34684
1.34684
1.37456
1.37456
1.40282
1.40282
1.43163
1.43163
1.46099
1.46099
1.49093
1.49093
1.52145
1.52145
1.55258
1.55258
1.58433
1.58433
1.6167
1.6167
1.64973
1.64973
1.68341
1.68341
1.71778
1.71778
1.75284
1.75284
1.78861
1.78861
1.82512
1.82512
1.86237
1.86237
1.90039
1.90039
1.9392
1.9392
1.97881
1.97881
2.01925
2.01925
2.06054
2.06054
2.10269
2.10269
2.14573
2.14573
2.18969
2.18969
2.23458
2.23458
2.28043
2.28043
2.32727
2.32727
2.37511
2.37511
2.42399
2.42399
2.47393
2.47393
2.52495
2.52495
2.5771
2.5771
2.63039
2.63039
2.68486
2.68486
2.74054
2.74054
2.79745
2.79745
2.85564
2.85564
2.91513
2.91513
2.97597
2.97597
3.03818
3.03818
3.10181
3.10181
3.1669
3.1669
3.23347
3.23347
3.30158
3.30158
3.37127
3.37127
3.44258
3.44258
3.51556
3.51556
3.59025
3.59025
3.6667
3.6667
3.74497
3.74497
3.8251
3.8251
3.90714
3.90714
3.99117
3.99117
4.07722
4.07722
4.16537
4.16537
4.25567
4.25567
4.34819
4.34819
4.44299
4.44299
4.54014
4.54014
4.63972
4.63972
4.7418
4.7418
4.84646
4.84646
4.95377
4.95377
5.06383
5.06383
5.17671
5.17671
5.2925
5.2925
5.41131
5.41131
5.53322
5.53322
5.65834
5.65834
5.78677
5.78677
5.91862
5.91862
6.05401
6.05401
6.19305
6.19305
6.33587
6.33587
6.4826
6.4826
6.63337
6.63337
6.78832
6.78832
6.9476
6.9476
7.11136
7.11136
7.27976
7.27976
7.45297
7.45297
7.63116
7.63116
7.81451
7.81451
8.00322
8.00322
8.19748
8.19748
8.39751
8.39751
8.60352
8.60352
8.81574
8.81574
9.03442
9.03442
9.2598
9.2598
9.49215
9.49215
9.73175
9.73175
9.97889
9.97889
10.2339
10.2339
10.4971
10.4971
10.7687
10.7687
11.0493
11.0493
11.3391
11.3391
11.6385
11.6385
11.9481
11.9481
12.2681
12.2681
12.5991
12.5991
12.9416
12.9416
13.2961
13.2961
13.6632
13.6632
14.0433
14.0433
14.4373
14.4373
14.8457
14.8457
15.2692
15.2692
15.7085
15.7085
16.1645
16.1645
16.638
16.638
17.1299
17.1299
17.6411
17.6411
18.1726
18.1726
18.7256
18.7256
19.3011
19.3011
19.9005
19.9005
20.525
20.525
21.176
21.176
21.8551
21.8551
22.5638
22.5638
23.304
23.304
24.0774
24.0774
24.8861
24.8861
25.7323
25.7323
26.6183
26.6183
27.5465
27.5465
28.5198
28.5198
29.541
29.541
30.6133
30.6133
31.7401
31.7401
32.9253
32.9253
34.1727
34.1727
35.4868
35.4868
36.8725
36.8725
38.3348
38.3348
39.8795
39.8795
41.5128
41.5128
43.2414
43.2414
45.0728
45.0728
47.0151
47.0151
49.0772
49.0772
51.2689
51.2689
53.601
53.601
56.0855
56.0855
58.7353
58.7353
61.565
61.565
64.5908
64.5908
67.8304
67.8304
71.3038
71.3038
75.0332
75.0332
79.0436
79.0436
83.3632
83.3632
88.0237
88.0237
93.0618
93.0618
98.5193
98.5193
104.445
104.445
110.897
110.897
117.944
117.944
125.668
125.668
134.174
134.174
143.588
143.588
154.074
154.074
165.838
165.838
179.151
179.151
194.36
194.36
211.927
211.927
232.452
232.452
256.734
256.734
285.827
285.827
321.146
321.146
364.603
364.603
418.825
418.825
487.493
487.493
575.884
575.884
691.792
691.792
847.111
847.111
1060.72
1060.72
1364.05
1364.05
1812.43
1812.43
2510.45
2510.45
3674.25
3674.25
5806.89
5806.89
10286.7
10286.7
21904.6
21904.6
64866.3
64866.3
373737
373737
0.380084
0.380084
0.381292
0.381292
0.383636
0.383636
0.387043
0.387043
0.391438
0.391438
0.396749
0.396749
0.402904
0.402904
0.409837
0.409837
0.417484
0.417484
0.425788
0.425788
0.434695
0.434695
0.444157
0.444157
0.45413
0.45413
0.464578
0.464578
0.475465
0.475465
0.486762
0.486762
0.498444
0.498444
0.510487
0.510487
0.522874
0.522874
0.535587
0.535587
0.548612
0.548612
0.56194
0.56194
0.575559
0.575559
0.589463
0.589463
0.603646
0.603646
0.618103
0.618103
0.632831
0.632831
0.647829
0.647829
0.663095
0.663095
0.67863
0.67863
0.694435
0.694435
0.710511
0.710511
0.726861
0.726861
0.743487
0.743487
0.760394
0.760394
0.777586
0.777586
0.795067
0.795067
0.812843
0.812843
0.830918
0.830918
0.849299
0.849299
0.867992
0.867992
0.887004
0.887004
0.906342
0.906342
0.926012
0.926012
0.946022
0.946022
0.966381
0.966381
0.987096
0.987096
1.00817
1.00817
1.02963
1.02963
1.05146
1.05146
1.07369
1.07369
1.09631
1.09631
1.11935
1.11935
1.1428
1.1428
1.16669
1.16669
1.19102
1.19102
1.21579
1.21579
1.24103
1.24103
1.26675
1.26675
1.29294
1.29294
1.31964
1.31964
1.34684
1.34684
1.37456
1.37456
1.40282
1.40282
1.43163
1.43163
1.46099
1.46099
1.49093
1.49093
1.52145
1.52145
1.55258
1.55258
1.58433
1.58433
1.6167
1.6167
1.64973
1.64973
1.68341
1.68341
1.71778
1.71778
1.75284
1.75284
1.78861
1.78861
1.82512
1.82512
1.86237
1.86237
1.90039
1.90039
1.9392
1.9392
1.97881
1.97881
2.01925
2.01925
2.06054
2.06054
2.10269
2.10269
2.14573
2.14573
2.18969
2.18969
2.23458
2.23458
2.28043
2.28043
2.32727
2.32727
2.37511
2.37511
2.42399
2.42399
2.47393
2.47393
2.52495
2.52495
2.5771
2.5771
2.63039
2.63039
2.68486
2.68486
2.74054
2.74054
2.79745
2.79745
2.85564
2.85564
2.91513
2.91513
2.97597
2.97597
3.03818
3.03818
3.10181
3.10181
3.1669
3.1669
3.23347
3.23347
3.30158
3.30158
3.37127
3.37127
3.44258
3.44258
3.51556
3.51556
3.59025
3.59025
3.6667
3.6667
3.74497
3.74497
3.8251
3.8251
3.90714
3.90714
3.99117
3.99117
4.07722
4.07722
4.16537
4.16537
4.25567
4.25567
4.34819
4.34819
4.44299
4.44299
4.54014
4.54014
4.63972
4.63972
4.7418
4.7418
4.84646
4.84646
4.95377
4.95377
5.06383
5.06383
5.17671
5.17671
5.2925
5.2925
5.41131
5.41131
5.53322
5.53322
5.65834
5.65834
5.78677
5.78677
5.91862
5.91862
6.05401
6.05401
6.19305
6.19305
6.33587
6.33587
6.4826
6.4826
6.63337
6.63337
6.78832
6.78832
6.9476
6.9476
7.11136
7.11136
7.27976
7.27976
7.45297
7.45297
7.63116
7.63116
7.81451
7.81451
8.00322
8.00322
8.19748
8.19748
8.39751
8.39751
8.60352
8.60352
8.81574
8.81574
9.03442
9.03442
9.2598
9.2598
9.49215
9.49215
9.73175
9.73175
9.97889
9.97889
10.2339
10.2339
10.4971
10.4971
10.7687
10.7687
11.0493
11.0493
11.3391
11.3391
11.6385
11.6385
11.9481
11.9481
12.2681
12.2681
12.5991
12.5991
12.9416
12.9416
13.2961
13.2961
13.6632
13.6632
14.0433
14.0433
14.4373
14.4373
14.8457
14.8457
15.2692
15.2692
15.7085
15.7085
16.1645
16.1645
16.638
16.638
17.1299
17.1299
17.6411
17.6411
18.1726
18.1726
18.7256
18.7256
19.3011
19.3011
19.9005
19.9005
20.525
20.525
21.176
21.176
21.8551
21.8551
22.5638
22.5638
23.304
23.304
24.0774
24.0774
24.8861
24.8861
25.7323
25.7323
26.6183
26.6183
27.5465
27.5465
28.5198
28.5198
29.541
29.541
30.6133
30.6133
31.7401
31.7401
32.9253
32.9253
34.1727
34.1727
35.4868
35.4868
36.8725
36.8725
38.3348
38.3348
39.8795
39.8795
41.5128
41.5128
43.2414
43.2414
45.0728
45.0728
47.0151
47.0151
49.0772
49.0772
51.2689
51.2689
53.601
53.601
56.0855
56.0855
58.7353
58.7353
61.565
61.565
64.5908
64.5908
67.8304
67.8304
71.3038
71.3038
75.0332
75.0332
79.0436
79.0436
83.3632
83.3632
88.0237
88.0237
93.0618
93.0618
98.5193
98.5193
104.445
104.445
110.897
110.897
117.944
117.944
125.668
125.668
134.174
134.174
143.588
143.588
154.074
154.074
165.838
165.838
179.151
179.151
194.36
194.36
211.927
211.927
232.452
232.452
256.734
256.734
285.827
285.827
321.146
321.146
364.603
364.603
418.825
418.825
487.493
487.493
575.884
575.884
691.792
691.792
847.111
847.111
1060.72
1060.72
1364.05
1364.05
1812.43
1812.43
2510.45
2510.45
3674.25
3674.25
5806.89
5806.89
10286.7
10286.7
21904.6
21904.6
64866.3
64866.3
373737
373737
)
;

boundaryField
{
    walls
    {
        blending        binomial2;
        n               2;
        beta1           0.075;
        type            omegaWallFunction;
        value           nonuniform List<scalar> 8(373739 373739 373739 373739 373737 373737 373737 373737);
    }
    inlet
    {
        type            cyclic;
    }
    outlet
    {
        type            cyclic;
    }
    sides
    {
        type            empty;
    }
}


// ************************************************************************* //
