/*--------------------------------*- C++ -*----------------------------------*\
| =========                 |                                                 |
| \\      /  F ield         | OpenFOAM: The Open Source CFD Toolbox           |
|  \\    /   O peration     | Version:  2106                                  |
|   \\  /    A nd           | Website:  www.openfoam.com                      |
|    \\/     M anipulation  |                                                 |
\*---------------------------------------------------------------------------*/
FoamFile
{
    version     2.0;
    format      ascii;
    arch        "LSB;label=32;scalar=64";
    class       surfaceScalarField;
    location    "10000";
    object      phi;
}
// * * * * * * * * * * * * * * * * * * * * * * * * * * * * * * * * * * * * * //

dimensions      [0 3 -1 0 0 0 0];

oriented        oriented;

internalField   nonuniform List<scalar> 
3996
(
5.26401e-08
-6.02476e-18
-6.2895e-22
-1.44606e-21
2.30339e-23
1.61849e-07
-6.01915e-18
-1.89851e-21
-4.96153e-21
-2.06053e-22
2.77152e-07
-6.01329e-18
-1.99144e-21
-8.57207e-21
-2.17866e-22
3.98817e-07
-6.00704e-18
-2.10104e-21
-1.24769e-20
-2.30392e-22
5.27118e-07
-6.00043e-18
-2.21695e-21
-1.6442e-20
-2.43676e-22
6.62339e-07
-5.99321e-18
-2.33959e-21
-2.11266e-20
-2.57767e-22
8.04772e-07
-5.98595e-18
-2.46975e-21
-2.57034e-20
-2.72699e-22
9.54712e-07
-5.97804e-18
-2.60727e-21
-3.08011e-20
-2.88504e-22
1.11245e-06
-5.96992e-18
-2.75179e-21
-3.59201e-20
-3.05188e-22
1.27827e-06
-5.96129e-18
-2.90292e-21
-4.13962e-20
-3.22755e-22
1.45243e-06
-5.95258e-18
-3.06009e-21
-4.69065e-20
-3.41158e-22
1.63516e-06
-5.94325e-18
-3.22235e-21
-5.29113e-20
-3.60321e-22
1.8266e-06
-5.93333e-18
-3.38829e-21
-5.89778e-20
-3.80104e-22
2.02685e-06
-5.92258e-18
-3.55597e-21
-6.56858e-20
-4.00312e-22
2.23588e-06
-5.91083e-18
-3.72291e-21
-7.23208e-20
-4.20647e-22
2.45355e-06
-5.89948e-18
-3.88614e-21
-7.97255e-20
-4.40811e-22
2.67958e-06
-5.88805e-18
-4.04233e-21
-8.74409e-20
-4.60432e-22
2.91357e-06
-5.87512e-18
-4.18812e-21
-9.56945e-20
-4.79132e-22
3.15496e-06
-5.86241e-18
-4.32047e-21
-1.02828e-19
-4.96576e-22
3.40312e-06
-5.84928e-18
-4.43688e-21
-1.10643e-19
-5.12528e-22
3.65735e-06
-5.83635e-18
-4.53572e-21
-1.18466e-19
-5.26738e-22
3.91692e-06
-5.82233e-18
-4.61635e-21
-1.27223e-19
-5.39137e-22
4.18114e-06
-5.80849e-18
-4.67912e-21
-1.36968e-19
-5.49769e-22
4.44938e-06
-5.7938e-18
-4.72521e-21
-1.45831e-19
-5.58706e-22
4.72107e-06
-5.77891e-18
-4.7565e-21
-1.55239e-19
-5.66112e-22
4.99578e-06
-5.76493e-18
-4.77516e-21
-1.65718e-19
-5.72259e-22
5.27316e-06
-5.75144e-18
-4.78346e-21
-1.74395e-19
-5.77348e-22
5.55298e-06
-5.73721e-18
-4.7837e-21
-1.84053e-19
-5.81659e-22
5.8351e-06
-5.72196e-18
-4.77798e-21
-1.93715e-19
-5.85449e-22
6.11945e-06
-5.70649e-18
-4.76818e-21
-2.03014e-19
-5.88959e-22
6.40606e-06
-5.69145e-18
-4.7559e-21
-2.12084e-19
-5.92371e-22
6.69499e-06
-5.67741e-18
-4.74235e-21
-2.21174e-19
-5.95827e-22
6.98635e-06
-5.66307e-18
-4.72854e-21
-2.31474e-19
-5.99478e-22
7.28028e-06
-5.64894e-18
-4.71531e-21
-2.40508e-19
-6.03386e-22
7.57696e-06
-5.6354e-18
-4.70325e-21
-2.49735e-19
-6.07656e-22
7.87658e-06
-5.62389e-18
-4.69275e-21
-2.57278e-19
-6.12425e-22
8.17933e-06
-5.60933e-18
-4.6842e-21
-2.64003e-19
-6.17709e-22
8.48543e-06
-5.5968e-18
-4.67789e-21
-2.69735e-19
-6.23648e-22
8.79509e-06
-5.58487e-18
-4.67376e-21
-2.74964e-19
-6.30284e-22
9.10853e-06
-5.57252e-18
-4.67183e-21
-2.82492e-19
-6.37572e-22
9.42598e-06
-5.56055e-18
-4.67224e-21
-2.89279e-19
-6.45457e-22
9.74764e-06
-5.55072e-18
-4.67493e-21
-2.96457e-19
-6.53916e-22
1.00737e-05
-5.5399e-18
-4.67967e-21
-3.01331e-19
-6.62905e-22
1.04045e-05
-5.52837e-18
-4.68629e-21
-3.08427e-19
-6.72707e-22
1.07402e-05
-5.51748e-18
-4.69498e-21
-3.13896e-19
-6.8308e-22
1.10809e-05
-5.50453e-18
-4.70543e-21
-3.20546e-19
-6.94232e-22
1.14269e-05
-5.49488e-18
-4.71792e-21
-3.28809e-19
-7.0593e-22
1.17785e-05
-5.48199e-18
-4.73169e-21
-3.35644e-19
-7.18001e-22
1.21358e-05
-5.47383e-18
-4.74705e-21
-3.38643e-19
-7.30685e-22
1.24991e-05
-5.46087e-18
-4.76361e-21
-3.43005e-19
-7.44249e-22
1.28685e-05
-5.45203e-18
-4.78157e-21
-3.50124e-19
-7.58268e-22
1.32442e-05
-5.43738e-18
-4.80034e-21
-3.56515e-19
-7.7276e-22
1.36266e-05
-5.42528e-18
-4.82055e-21
-3.637e-19
-7.87805e-22
1.40157e-05
-5.41243e-18
-4.84172e-21
-3.71965e-19
-8.03204e-22
1.44119e-05
-5.39819e-18
-4.86379e-21
-3.7876e-19
-8.19087e-22
1.48152e-05
-5.38591e-18
-4.88628e-21
-3.87482e-19
-8.36057e-22
1.5226e-05
-5.37342e-18
-4.90907e-21
-3.95426e-19
-8.53268e-22
1.56444e-05
-5.35917e-18
-4.93188e-21
-4.0034e-19
-8.70684e-22
1.60706e-05
-5.34244e-18
-4.9552e-21
-4.0947e-19
-8.88562e-22
1.6505e-05
-5.32852e-18
-4.97892e-21
-4.15068e-19
-9.06443e-22
1.69476e-05
-5.30823e-18
-5.00262e-21
-4.20909e-19
-9.24691e-22
1.73987e-05
-5.29582e-18
-5.0267e-21
-4.29065e-19
-9.43551e-22
1.78585e-05
-5.27805e-18
-5.05015e-21
-4.35605e-19
-9.62478e-22
1.83273e-05
-5.26732e-18
-5.07444e-21
-4.44069e-19
-9.82087e-22
1.88052e-05
-5.24533e-18
-5.09828e-21
-4.49767e-19
-1.00185e-21
1.92926e-05
-5.22928e-18
-5.12281e-21
-4.59107e-19
-1.02157e-21
1.97896e-05
-5.21387e-18
-5.14642e-21
-4.67824e-19
-1.0415e-21
2.02965e-05
-5.19633e-18
-5.16904e-21
-4.71244e-19
-1.06129e-21
2.08135e-05
-5.18088e-18
-5.1909e-21
-4.79674e-19
-1.08184e-21
2.13408e-05
-5.16315e-18
-5.21124e-21
-4.89123e-19
-1.10317e-21
2.18788e-05
-5.14394e-18
-5.23013e-21
-4.97803e-19
-1.12574e-21
2.24276e-05
-5.12762e-18
-5.24767e-21
-5.08259e-19
-1.15001e-21
2.29876e-05
-5.10734e-18
-5.26342e-21
-5.18273e-19
-1.17378e-21
2.35589e-05
-5.09109e-18
-5.27797e-21
-5.26988e-19
-1.19764e-21
2.41418e-05
-5.07097e-18
-5.29272e-21
-5.3674e-19
-1.22205e-21
2.47367e-05
-5.05151e-18
-5.30651e-21
-5.49326e-19
-1.24472e-21
2.53437e-05
-5.03208e-18
-5.31853e-21
-5.59833e-19
-1.26665e-21
2.59631e-05
-5.01165e-18
-5.32834e-21
-5.66309e-19
-1.2886e-21
2.65953e-05
-4.99158e-18
-5.33796e-21
-5.78384e-19
-1.30855e-21
2.72405e-05
-4.9791e-18
-5.34764e-21
-5.85431e-19
-1.32583e-21
2.7899e-05
-4.96349e-18
-5.35475e-21
-5.91127e-19
-1.34289e-21
2.85711e-05
-4.95314e-18
-5.36025e-21
-5.9669e-19
-1.35755e-21
2.92572e-05
-4.94207e-18
-5.36345e-21
-6.0457e-19
-1.36839e-21
2.99574e-05
-4.92944e-18
-5.36376e-21
-6.08849e-19
-1.37461e-21
3.06722e-05
-4.91438e-18
-5.36199e-21
-6.12884e-19
-1.37747e-21
3.14018e-05
-4.89953e-18
-5.35927e-21
-6.21807e-19
-1.37662e-21
3.21466e-05
-4.89366e-18
-5.35295e-21
-6.24417e-19
-1.37281e-21
3.29069e-05
-4.88405e-18
-5.34343e-21
-6.22259e-19
-1.36459e-21
3.36831e-05
-4.86405e-18
-5.32978e-21
-6.32275e-19
-1.35561e-21
3.44755e-05
-4.84421e-18
-5.31565e-21
-6.35347e-19
-1.33913e-21
3.52844e-05
-4.82397e-18
-5.30194e-21
-6.48478e-19
-1.32109e-21
3.61102e-05
-4.80826e-18
-5.28804e-21
-6.52918e-19
-1.29445e-21
3.69532e-05
-4.78402e-18
-5.2688e-21
-6.58524e-19
-1.26947e-21
3.7814e-05
-4.77038e-18
-5.25104e-21
-6.61091e-19
-1.24325e-21
3.86927e-05
-4.75755e-18
-5.22851e-21
-6.62246e-19
-1.22022e-21
3.95899e-05
-4.73299e-18
-5.19995e-21
-6.73042e-19
-1.19928e-21
4.05058e-05
-4.71152e-18
-5.17134e-21
-6.85953e-19
-1.17463e-21
4.1441e-05
-4.69251e-18
-5.14355e-21
-6.98318e-19
-1.14292e-21
4.23958e-05
-4.67423e-18
-5.12002e-21
-7.10423e-19
-1.10385e-21
4.33707e-05
-4.66341e-18
-5.09999e-21
-7.19679e-19
-1.05237e-21
4.4366e-05
-4.64939e-18
-5.08185e-21
-7.29432e-19
-9.92845e-22
4.53823e-05
-4.64226e-18
-5.06448e-21
-7.2605e-19
-9.29543e-22
4.64199e-05
-4.63209e-18
-5.04944e-21
-7.1909e-19
-8.57341e-22
4.74793e-05
-4.63457e-18
-5.03599e-21
-7.21257e-19
-7.79131e-22
4.8561e-05
-4.61881e-18
-5.00636e-21
-7.27056e-19
-6.95673e-22
4.96654e-05
-4.61307e-18
-4.97929e-21
-7.35074e-19
-6.08322e-22
5.07931e-05
-4.6007e-18
-4.94605e-21
-7.41293e-19
-5.07904e-22
5.19445e-05
-4.58332e-18
-4.90529e-21
-7.45939e-19
-4.02307e-22
5.31201e-05
-4.56828e-18
-4.85653e-21
-7.63972e-19
-2.98655e-22
5.43204e-05
-4.5411e-18
-4.79765e-21
-7.69083e-19
-1.85825e-22
5.55461e-05
-4.52346e-18
-4.74957e-21
-7.88259e-19
-5.59052e-23
5.67975e-05
-4.50584e-18
-4.68803e-21
-7.96739e-19
8.89668e-23
5.80753e-05
-4.48849e-18
-4.61429e-21
-8.15007e-19
2.32232e-22
5.938e-05
-4.46607e-18
-4.52679e-21
-8.30205e-19
3.82645e-22
6.07121e-05
-4.4428e-18
-4.44141e-21
-8.49448e-19
5.39589e-22
6.20723e-05
-4.43008e-18
-4.36731e-21
-8.68162e-19
7.1476e-22
6.34611e-05
-4.40447e-18
-4.27719e-21
-8.82918e-19
8.93208e-22
6.48792e-05
-4.3793e-18
-4.18376e-21
-8.95324e-19
1.07943e-21
6.63271e-05
-4.3549e-18
-4.10029e-21
-8.98518e-19
1.27422e-21
6.78055e-05
-4.31425e-18
-3.99669e-21
-9.11635e-19
1.45585e-21
6.93151e-05
-4.30188e-18
-3.90883e-21
-9.38185e-19
1.62589e-21
7.08564e-05
-4.26963e-18
-3.79827e-21
-9.40151e-19
1.80423e-21
7.24302e-05
-4.23957e-18
-3.71362e-21
-9.59981e-19
1.98164e-21
7.4037e-05
-4.21905e-18
-3.68288e-21
-9.74557e-19
2.19143e-21
7.56777e-05
-4.17982e-18
-3.69473e-21
-1.00104e-18
2.42853e-21
7.7353e-05
-4.16822e-18
-3.74542e-21
-1.01729e-18
2.71358e-21
7.90634e-05
-4.14055e-18
-3.82284e-21
-1.01293e-18
2.99994e-21
8.08099e-05
-4.13744e-18
-3.9109e-21
-1.01012e-18
3.22359e-21
8.25931e-05
-4.13046e-18
-4.014e-21
-1.01851e-18
3.39932e-21
8.44138e-05
-4.1145e-18
-4.08444e-21
-1.0245e-18
3.54881e-21
8.62728e-05
-4.0991e-18
-4.16937e-21
-1.029e-18
3.71302e-21
8.81709e-05
-4.06495e-18
-4.28088e-21
-1.0213e-18
3.83797e-21
9.01089e-05
-4.0663e-18
-4.3961e-21
-1.03824e-18
3.90539e-21
9.20877e-05
-4.0239e-18
-4.4604e-21
-1.06762e-18
3.96534e-21
9.4108e-05
-4.01894e-18
-4.56875e-21
-1.072e-18
4.07299e-21
9.61707e-05
-4.01503e-18
-4.6589e-21
-1.08889e-18
4.16651e-21
9.82768e-05
-4.00394e-18
-4.75814e-21
-1.09499e-18
4.24805e-21
0.000100427
-3.97194e-18
-4.8597e-21
-1.11178e-18
4.29658e-21
0.000102623
-3.93892e-18
-4.99841e-21
-1.14783e-18
4.3581e-21
0.000104864
-3.93216e-18
-5.22743e-21
-1.15473e-18
4.44796e-21
0.000107153
-3.89474e-18
-5.4407e-21
-1.18601e-18
4.44286e-21
0.00010949
-3.84415e-18
-5.70279e-21
-1.23037e-18
4.4184e-21
0.000111875
-3.83166e-18
-6.04246e-21
-1.23005e-18
4.46239e-21
0.000114311
-3.80432e-18
-6.28022e-21
-1.23655e-18
4.42326e-21
0.000116798
-3.75882e-18
-6.53574e-21
-1.26911e-18
4.31545e-21
0.000119337
-3.73719e-18
-6.88403e-21
-1.30987e-18
4.19522e-21
0.000121929
-3.71071e-18
-7.15738e-21
-1.34039e-18
4.1036e-21
0.000124575
-3.68443e-18
-7.38319e-21
-1.37594e-18
3.87863e-21
0.000127277
-3.62068e-18
-7.45492e-21
-1.3901e-18
3.61506e-21
0.000130036
-3.59219e-18
-7.63865e-21
-1.39613e-18
3.27896e-21
0.000132852
-3.5977e-18
-7.92827e-21
-1.40266e-18
2.88855e-21
0.000135727
-3.55784e-18
-8.15858e-21
-1.45801e-18
2.47524e-21
0.000138663
-3.54449e-18
-8.4251e-21
-1.48549e-18
2.14665e-21
0.000141659
-3.49437e-18
-8.53045e-21
-1.50777e-18
1.67667e-21
0.000144719
-3.45157e-18
-8.68577e-21
-1.5438e-18
1.16558e-21
0.000147842
-3.4141e-18
-8.78024e-21
-1.56193e-18
8.90352e-22
0.000151031
-3.35969e-18
-9.02032e-21
-1.57864e-18
6.9734e-22
0.000154286
-3.34079e-18
-9.41288e-21
-1.58486e-18
3.98009e-22
0.000157609
-3.28033e-18
-9.86386e-21
-1.61345e-18
-2.08589e-23
0.000161002
-3.25192e-18
-1.04633e-20
-1.63439e-18
-4.28992e-22
0.000164465
-3.20876e-18
-1.09172e-20
-1.62846e-18
-8.53237e-22
0.000168
-3.17597e-18
-1.11259e-20
-1.64524e-18
-1.3409e-21
0.00017161
-3.1367e-18
-1.14311e-20
-1.66956e-18
-1.68278e-21
0.000175294
-3.09907e-18
-1.15997e-20
-1.68863e-18
-1.91082e-21
0.000179055
-3.06831e-18
-1.17286e-20
-1.69897e-18
-2.25429e-21
0.000182895
-3.00704e-18
-1.17956e-20
-1.69378e-18
-2.68251e-21
0.000186814
-3.0149e-18
-1.20484e-20
-1.71391e-18
-3.43811e-21
0.000190815
-2.96858e-18
-1.20759e-20
-1.72524e-18
-4.07237e-21
0.000194899
-2.93827e-18
-1.2401e-20
-1.76086e-18
-4.47387e-21
0.000199068
-2.89996e-18
-1.28113e-20
-1.78277e-18
-5.02496e-21
0.000203324
-2.86778e-18
-1.32398e-20
-1.80444e-18
-5.57151e-21
0.000207668
-2.80747e-18
-1.35469e-20
-1.79572e-18
-6.14184e-21
0.000212102
-2.79522e-18
-1.4149e-20
-1.80366e-18
-6.85754e-21
0.000216628
-2.74088e-18
-1.43945e-20
-1.83354e-18
-7.38924e-21
0.000221248
-2.70676e-18
-1.47269e-20
-1.82544e-18
-7.79662e-21
0.000225964
-2.67232e-18
-1.49197e-20
-1.83566e-18
-8.33674e-21
0.000230777
-2.67408e-18
-1.49533e-20
-1.78982e-18
-8.86507e-21
0.00023569
-2.59914e-18
-1.47485e-20
-1.80663e-18
-9.91631e-21
0.000240705
-2.6197e-18
-1.48413e-20
-1.78238e-18
-1.11644e-20
0.000245823
-2.65254e-18
-1.43526e-20
-1.79503e-18
-1.30684e-20
0.000251047
-2.52043e-18
-1.32117e-20
-1.85478e-18
-1.55883e-20
0.000256379
-2.46432e-18
-1.32236e-20
-1.95458e-18
-1.80832e-20
0.00026182
-2.42074e-18
-1.36594e-20
-1.95155e-18
-1.9095e-20
0.000267374
-2.38933e-18
-1.45655e-20
-1.99491e-18
-1.95157e-20
0.000273042
-2.36294e-18
-1.45518e-20
-2.01466e-18
-2.04809e-20
0.000278827
-2.28946e-18
-1.39012e-20
-2.10072e-18
-2.10572e-20
0.000284731
-2.28545e-18
-1.4733e-20
-2.04573e-18
-1.987e-20
0.000290757
-2.2655e-18
-1.50498e-20
-2.06255e-18
-1.94768e-20
0.000296906
-2.27001e-18
-1.54417e-20
-2.05384e-18
-1.97887e-20
0.000303181
-2.22028e-18
-1.62541e-20
-2.07137e-18
-2.08166e-20
0.000309584
-2.17884e-18
-1.72181e-20
-2.07619e-18
-2.09202e-20
0.000316119
-2.17972e-18
-1.8146e-20
-2.07678e-18
-2.127e-20
0.000322788
-2.1315e-18
-1.90804e-20
-2.08748e-18
-2.16165e-20
0.000329593
-2.0922e-18
-2.00716e-20
-2.08454e-18
-2.25134e-20
0.000336536
-2.13705e-18
-2.11622e-20
-2.06436e-18
-2.31775e-20
0.000343622
-2.07876e-18
-2.04986e-20
-2.07333e-18
-2.41935e-20
0.000350851
-2.05686e-18
-2.17627e-20
-2.11228e-18
-2.37145e-20
0.000358228
-2.0105e-18
-2.32388e-20
-2.08421e-18
-2.34302e-20
0.000365755
-1.97715e-18
-2.41798e-20
-2.06714e-18
-2.38457e-20
0.000373434
-2.05638e-18
-2.54002e-20
-2.02179e-18
-2.52749e-20
0.000381269
-2.11089e-18
-2.5882e-20
-1.89233e-18
-2.51152e-20
0.000389263
-2.01447e-18
-2.4452e-20
-1.78965e-18
-2.71723e-20
0.000397418
-1.99074e-18
-2.36567e-20
-1.81737e-18
-3.23687e-20
0.000405738
-1.9075e-18
-2.40528e-20
-1.80358e-18
-3.48378e-20
0.000414225
-1.84217e-18
-2.47122e-20
-1.75948e-18
-3.53186e-20
0.000422884
-1.81971e-18
-2.688e-20
-1.78818e-18
-3.4023e-20
0.000431716
-1.76795e-18
-2.67995e-20
-1.75033e-18
-3.24473e-20
0.000440725
-1.72952e-18
-2.85305e-20
-1.7455e-18
-3.40088e-20
0.000449914
-1.64817e-18
-2.83186e-20
-1.69258e-18
-3.55762e-20
0.000459287
-1.6347e-18
-3.05507e-20
-1.70186e-18
-3.82021e-20
0.000468846
-1.5897e-18
-3.29985e-20
-1.68732e-18
-3.88596e-20
0.000478596
-1.52803e-18
-3.66949e-20
-1.65699e-18
-3.85077e-20
0.000488539
-1.661e-18
-3.89093e-20
-1.62795e-18
-3.67187e-20
0.000498679
-1.67028e-18
-3.79364e-20
-1.55323e-18
-3.44786e-20
0.000509019
-1.59494e-18
-3.58608e-20
-1.51187e-18
-4.12739e-20
0.000519562
-1.68443e-18
-4.0596e-20
-1.55695e-18
-4.54383e-20
0.000530312
-1.65775e-18
-3.75725e-20
-1.60314e-18
-4.42853e-20
0.000541273
-1.61449e-18
-3.45572e-20
-1.57796e-18
-3.81388e-20
0.000552447
-1.61117e-18
-3.67827e-20
-1.54941e-18
-3.50668e-20
0.000563838
-1.68124e-18
-4.60616e-20
-1.58275e-18
-3.32343e-20
0.00057545
-1.5654e-18
-4.4249e-20
-1.58151e-18
-3.66843e-20
0.000587286
-1.53627e-18
-4.99165e-20
-1.55064e-18
-4.16189e-20
0.000599349
-1.5157e-18
-5.14449e-20
-1.52094e-18
-4.36877e-20
0.000611643
-1.44584e-18
-4.67111e-20
-1.44888e-18
-4.6219e-20
0.000624171
-1.47141e-18
-4.54736e-20
-1.48899e-18
-4.85559e-20
0.000636936
-1.37732e-18
-4.5178e-20
-1.52559e-18
-4.64284e-20
0.000649941
-1.38302e-18
-5.43996e-20
-1.60105e-18
-3.69187e-20
0.000663189
-1.44289e-18
-4.92893e-20
-1.4262e-18
-2.95823e-20
0.000676683
-1.51032e-18
-4.82833e-20
-1.51278e-18
-3.03714e-20
0.000690427
-1.41548e-18
-4.51322e-20
-1.44145e-18
-2.64119e-20
0.000704422
-1.37632e-18
-5.10759e-20
-1.4846e-18
-2.7553e-20
0.000718672
-1.35294e-18
-5.26594e-20
-1.43835e-18
-2.47195e-20
0.000733178
-1.31228e-18
-4.86221e-20
-1.59027e-18
-2.66987e-20
0.000747943
-1.48269e-18
-4.91242e-20
-1.46722e-18
-1.38563e-20
0.000762968
-1.33647e-18
-3.98021e-20
-1.59385e-18
-1.19321e-20
0.000778255
-1.3757e-18
-5.13707e-20
-1.50683e-18
-1.07668e-20
0.000793805
-1.49493e-18
-5.73463e-20
-1.53278e-18
-1.9158e-20
0.000809619
-1.4432e-18
-5.09337e-20
-1.43483e-18
-1.24349e-20
0.000825696
-1.65693e-18
-5.3314e-20
-1.53135e-18
-1.62288e-20
0.000842038
-1.57225e-18
-4.20785e-20
-1.39816e-18
-1.22328e-20
0.000858642
-1.56287e-18
-3.43788e-20
-1.34081e-18
-1.29539e-20
0.000875508
-1.67926e-18
-2.51844e-20
-1.37927e-18
-8.65283e-21
0.000892633
-1.45963e-18
-2.16981e-21
-1.35261e-18
1.14677e-21
0.000910014
-1.21621e-18
-4.69339e-21
-1.23239e-18
1.51289e-20
0.000927649
-1.13379e-18
-2.29177e-20
-1.21844e-18
9.74652e-21
0.000945532
-1.18143e-18
-3.00752e-20
-1.21938e-18
-7.88482e-21
0.000963658
-1.20057e-18
-3.59407e-20
-1.21842e-18
-1.80947e-20
0.000982021
-9.71952e-19
-8.92435e-21
-1.13552e-18
-2.91541e-20
0.00100061
-1.08793e-18
-2.54692e-20
-1.12983e-18
-1.68211e-20
0.00101943
-2.03529e-21
-1.12984e-18
-5.68228e-21
-1.0166e-18
5.26401e-08
-5.15077e-22
-9.44187e-23
1.61849e-07
-2.06714e-21
-6.0926e-22
2.77152e-07
-3.67961e-21
-1.214e-21
3.98817e-07
-5.35761e-21
-1.82384e-21
5.27118e-07
-7.21016e-21
-2.42355e-21
6.62339e-07
-9.02671e-21
-3.23542e-21
8.04772e-07
-1.09127e-20
-3.87384e-21
9.54712e-07
-1.34353e-20
-4.31437e-21
1.11245e-06
-1.58314e-20
-5.12418e-21
1.27827e-06
-1.83644e-20
-5.83703e-21
1.45243e-06
-2.09225e-20
-6.6089e-21
1.63516e-06
-2.35973e-20
-7.51291e-21
1.8266e-06
-2.63573e-20
-8.59504e-21
2.02685e-06
-2.98645e-20
-8.63685e-21
2.23588e-06
-3.3608e-20
-9.2697e-21
2.45355e-06
-3.68192e-20
-9.83954e-21
2.67958e-06
-4.03415e-20
-1.04033e-20
2.91357e-06
-4.41898e-20
-1.14915e-20
3.15496e-06
-4.79701e-20
-1.27254e-20
3.40312e-06
-5.16418e-20
-1.28093e-20
3.65735e-06
-5.56248e-20
-1.35598e-20
3.91692e-06
-5.87013e-20
-1.5972e-20
4.18114e-06
-6.17997e-20
-1.82844e-20
4.44938e-06
-6.60387e-20
-1.90167e-20
4.72107e-06
-6.88686e-20
-2.12457e-20
4.99578e-06
-7.19439e-20
-2.33726e-20
5.27316e-06
-7.58649e-20
-2.45503e-20
5.55298e-06
-7.90477e-20
-2.66438e-20
5.8351e-06
-8.25211e-20
-2.88597e-20
6.11945e-06
-8.63597e-20
-3.09357e-20
6.40606e-06
-8.96416e-20
-3.28943e-20
6.69499e-06
-9.32896e-20
-3.48115e-20
6.98635e-06
-9.68326e-20
-3.6766e-20
7.28028e-06
-1.00172e-19
-3.81068e-20
7.57696e-06
-1.02969e-19
-4.06525e-20
7.87658e-06
-1.07965e-19
-4.06192e-20
8.17933e-06
-1.11094e-19
-4.20856e-20
8.48543e-06
-1.1336e-19
-4.37927e-20
8.79509e-06
-1.16191e-19
-4.44041e-20
9.10853e-06
-1.20522e-19
-4.597e-20
9.42598e-06
-1.24491e-19
-4.72444e-20
9.74764e-06
-1.28342e-19
-4.88228e-20
1.00737e-05
-1.30309e-19
-5.08984e-20
1.04045e-05
-1.36274e-19
-5.06608e-20
1.07402e-05
-1.40196e-19
-5.15932e-20
1.10809e-05
-1.47669e-19
-5.14171e-20
1.14269e-05
-1.49489e-19
-5.28251e-20
1.17785e-05
-1.52267e-19
-5.60742e-20
1.21358e-05
-1.56318e-19
-5.84903e-20
1.24991e-05
-1.59737e-19
-5.76238e-20
1.28685e-05
-1.61591e-19
-5.89834e-20
1.32442e-05
-1.65486e-19
-6.11401e-20
1.36266e-05
-1.69352e-19
-6.33463e-20
1.40157e-05
-1.74108e-19
-6.51498e-20
1.44119e-05
-1.7433e-19
-7.05225e-20
1.48152e-05
-1.77614e-19
-7.18307e-20
1.5226e-05
-1.78308e-19
-7.35034e-20
1.56444e-05
-1.81355e-19
-7.55603e-20
1.60706e-05
-1.82296e-19
-7.84014e-20
1.6505e-05
-1.85025e-19
-8.04622e-20
1.69476e-05
-1.86397e-19
-8.53801e-20
1.73987e-05
-1.88599e-19
-8.97472e-20
1.78585e-05
-1.97049e-19
-9.30964e-20
1.83273e-05
-2.04828e-19
-9.24277e-20
1.88052e-05
-2.11017e-19
-8.97794e-20
1.92926e-05
-2.13439e-19
-9.14726e-20
1.97896e-05
-2.17062e-19
-9.13186e-20
2.02965e-05
-2.20279e-19
-9.45967e-20
2.08135e-05
-2.22638e-19
-9.90708e-20
2.13408e-05
-2.25294e-19
-1.01596e-19
2.18788e-05
-2.27875e-19
-1.11451e-19
2.24276e-05
-2.31719e-19
-1.15133e-19
2.29876e-05
-2.36212e-19
-1.1683e-19
2.35589e-05
-2.51908e-19
-1.21051e-19
2.41418e-05
-2.56193e-19
-1.18591e-19
2.47367e-05
-2.57814e-19
-1.19767e-19
2.53437e-05
-2.58971e-19
-1.25025e-19
2.59631e-05
-2.6485e-19
-1.28237e-19
2.65953e-05
-2.70142e-19
-1.32796e-19
2.72405e-05
-2.71965e-19
-1.38061e-19
2.7899e-05
-2.72507e-19
-1.41648e-19
2.85711e-05
-2.76414e-19
-1.45052e-19
2.92572e-05
-2.7864e-19
-1.46593e-19
2.99574e-05
-2.80296e-19
-1.49775e-19
3.06722e-05
-2.8247e-19
-1.51005e-19
3.14018e-05
-2.76977e-19
-1.59735e-19
3.21466e-05
-2.82341e-19
-1.58002e-19
3.29069e-05
-2.84419e-19
-1.61079e-19
3.36831e-05
-2.90206e-19
-1.57205e-19
3.44755e-05
-2.99575e-19
-1.60723e-19
3.52844e-05
-3.07313e-19
-1.5481e-19
3.61102e-05
-3.07027e-19
-1.64674e-19
3.69532e-05
-3.15577e-19
-1.68035e-19
3.7814e-05
-3.20045e-19
-1.77692e-19
3.86927e-05
-3.21494e-19
-1.7533e-19
3.95899e-05
-3.22736e-19
-1.72364e-19
4.05058e-05
-3.25644e-19
-1.71014e-19
4.1441e-05
-3.32219e-19
-1.69402e-19
4.23958e-05
-3.30995e-19
-1.66351e-19
4.33707e-05
-3.30297e-19
-1.7278e-19
4.4366e-05
-3.26774e-19
-1.85389e-19
4.53823e-05
-3.33966e-19
-1.83011e-19
4.64199e-05
-3.36807e-19
-1.82561e-19
4.74793e-05
-3.26751e-19
-1.83443e-19
4.8561e-05
-3.2994e-19
-1.90784e-19
4.96654e-05
-3.31154e-19
-1.92354e-19
5.07931e-05
-3.27467e-19
-1.96326e-19
5.19445e-05
-3.2464e-19
-2.01092e-19
5.31201e-05
-3.26254e-19
-2.09244e-19
5.43204e-05
-3.43999e-19
-1.95452e-19
5.55461e-05
-3.41402e-19
-1.92055e-19
5.67975e-05
-3.3871e-19
-1.97634e-19
5.80753e-05
-3.33016e-19
-2.03329e-19
5.938e-05
-3.37153e-19
-2.04157e-19
6.07121e-05
-3.4475e-19
-1.99998e-19
6.20723e-05
-3.32937e-19
-2.10003e-19
6.34611e-05
-3.26075e-19
-2.09434e-19
6.48792e-05
-3.40579e-19
-2.06388e-19
6.63271e-05
-3.30445e-19
-2.08645e-19
6.78055e-05
-3.28483e-19
-2.14046e-19
6.93151e-05
-3.13155e-19
-2.07762e-19
7.08564e-05
-3.15026e-19
-1.89113e-19
7.24302e-05
-3.36475e-19
-1.72904e-19
7.4037e-05
-3.5713e-19
-1.55897e-19
7.56777e-05
-3.54064e-19
-1.34803e-19
7.7353e-05
-3.63911e-19
-1.3822e-19
7.90634e-05
-3.41259e-19
-1.5926e-19
8.08099e-05
-3.46896e-19
-1.58829e-19
8.25931e-05
-3.22997e-19
-1.65163e-19
8.44138e-05
-3.22236e-19
-1.55516e-19
8.62728e-05
-3.33627e-19
-1.63373e-19
8.81709e-05
-3.22928e-19
-1.60463e-19
9.01089e-05
-3.26267e-19
-1.67921e-19
9.20877e-05
-3.3767e-19
-1.7101e-19
9.4108e-05
-3.45524e-19
-1.65644e-19
9.61707e-05
-3.62138e-19
-1.58724e-19
9.82768e-05
-3.67739e-19
-1.57335e-19
0.000100427
-3.63027e-19
-1.51699e-19
0.000102623
-3.75011e-19
-1.53162e-19
0.000104864
-3.72315e-19
-1.61811e-19
0.000107153
-3.67022e-19
-1.66512e-19
0.00010949
-3.59257e-19
-1.61616e-19
0.000111875
-3.29176e-19
-1.65271e-19
0.000114311
-3.31631e-19
-1.6569e-19
0.000116798
-3.44347e-19
-1.74224e-19
0.000119337
-3.36115e-19
-1.67598e-19
0.000121929
-3.40487e-19
-1.91215e-19
0.000124575
-3.12829e-19
-1.93067e-19
0.000127277
-3.30792e-19
-2.05026e-19
0.000130036
-3.75878e-19
-2.18942e-19
0.000132852
-3.9251e-19
-1.99096e-19
0.000135727
-3.81697e-19
-1.66691e-19
0.000138663
-3.50158e-19
-1.74506e-19
0.000141659
-3.42171e-19
-1.80081e-19
0.000144719
-3.27077e-19
-1.50063e-19
0.000147842
-3.6886e-19
-1.30089e-19
0.000151031
-3.73879e-19
-1.41367e-19
0.000154286
-3.86021e-19
-1.55137e-19
0.000157609
-3.84752e-19
-1.80858e-19
0.000161002
-3.61595e-19
-1.89198e-19
0.000164465
-3.13177e-19
-1.78867e-19
0.000168
-3.44965e-19
-1.74494e-19
0.00017161
-3.26495e-19
-1.62233e-19
0.000175294
-3.23774e-19
-1.77354e-19
0.000179055
-3.19071e-19
-1.7575e-19
0.000182895
-3.26773e-19
-1.88742e-19
0.000186814
-3.38508e-19
-2.00193e-19
0.000190815
-3.74513e-19
-1.87984e-19
0.000194899
-3.94547e-19
-2.1042e-19
0.000199068
-3.97703e-19
-2.11157e-19
0.000203324
-3.91972e-19
-2.31732e-19
0.000207668
-4.08775e-19
-2.2262e-19
0.000212102
-3.7958e-19
-2.02317e-19
0.000216628
-3.7853e-19
-2.34746e-19
0.000221248
-3.83394e-19
-2.67e-19
0.000225964
-3.79489e-19
-2.9081e-19
0.000230777
-4.00216e-19
-3.1403e-19
0.00023569
-3.98096e-19
-3.59958e-19
0.000240705
-4.25909e-19
-3.82404e-19
0.000245823
-4.72699e-19
-4.26434e-19
0.000251047
-4.95637e-19
-4.5135e-19
0.000256379
-5.12312e-19
-4.16498e-19
0.00026182
-5.40324e-19
-3.62212e-19
0.000267374
-4.53083e-19
-4.06987e-19
0.000273042
-3.7589e-19
-3.99449e-19
0.000278827
-4.10253e-19
-3.93635e-19
0.000284731
-3.80086e-19
-3.77566e-19
0.000290757
-3.92876e-19
-3.78212e-19
0.000296906
-4.58999e-19
-3.95898e-19
0.000303181
-4.53477e-19
-3.71145e-19
0.000309584
-4.50651e-19
-4.16519e-19
0.000316119
-4.96787e-19
-4.27328e-19
0.000322788
-4.78435e-19
-4.47952e-19
0.000329593
-4.59277e-19
-3.9862e-19
0.000336536
-4.35307e-19
-4.08801e-19
0.000343622
-4.9714e-19
-3.90645e-19
0.000350851
-4.92438e-19
-4.59771e-19
0.000358228
-4.54644e-19
-4.57683e-19
0.000365755
-4.69113e-19
-5.02827e-19
0.000373434
-5.40655e-19
-4.54597e-19
0.000381269
-5.56188e-19
-4.9546e-19
0.000389263
-5.32505e-19
-5.39243e-19
0.000397418
-5.85389e-19
-5.04697e-19
0.000405738
-5.5455e-19
-5.12071e-19
0.000414225
-6.31589e-19
-4.82629e-19
0.000422884
-6.25005e-19
-5.24022e-19
0.000431716
-7.14526e-19
-6.01323e-19
0.000440725
-6.48237e-19
-6.3451e-19
0.000449914
-6.80966e-19
-6.79264e-19
0.000459287
-7.23947e-19
-7.3008e-19
0.000468846
-7.70396e-19
-7.86234e-19
0.000478596
-7.53185e-19
-7.596e-19
0.000488539
-8.66999e-19
-7.02204e-19
0.000498679
-8.44257e-19
-8.12037e-19
0.000509019
-9.14441e-19
-7.3042e-19
0.000519562
-7.70277e-19
-7.61889e-19
0.000530312
-7.47816e-19
-7.26745e-19
0.000541273
-8.22599e-19
-7.68324e-19
0.000552447
-9.61429e-19
-7.48341e-19
0.000563838
-8.06762e-19
-8.29816e-19
0.00057545
-9.05342e-19
-8.57095e-19
0.000587286
-8.68018e-19
-8.61092e-19
0.000599349
-7.4764e-19
-8.58748e-19
0.000611643
-7.16621e-19
-7.41221e-19
0.000624171
-7.49159e-19
-7.19555e-19
0.000636936
-8.18852e-19
-6.59643e-19
0.000649941
-5.75786e-19
-8.38676e-19
0.000663189
-7.03217e-19
-8.05868e-19
0.000676683
-7.32077e-19
-7.00114e-19
0.000690427
-7.6627e-19
-6.95274e-19
0.000704422
-6.54333e-19
-7.21201e-19
0.000718672
-5.57836e-19
-6.95544e-19
0.000733178
-6.16479e-19
-6.56835e-19
0.000747943
-6.52167e-19
-6.93837e-19
0.000762968
-6.9537e-19
-7.46034e-19
0.000778255
-6.68107e-19
-7.53618e-19
0.000793805
-7.04824e-19
-7.0838e-19
0.000809619
-7.64212e-19
-7.97933e-19
0.000825696
-8.47855e-19
-7.97009e-19
0.000842038
-8.85838e-19
-8.00191e-19
0.000858642
-9.4408e-19
-8.60558e-19
0.000875508
-9.32206e-19
-8.63443e-19
0.000892633
-9.29995e-19
-7.21919e-19
0.000910014
-8.72441e-19
-8.42361e-19
0.000927649
-7.54009e-19
-1.00273e-18
0.000945532
-8.4384e-19
-8.97e-19
0.000963658
-6.76788e-19
-9.37649e-19
0.000982021
-8.51621e-19
-7.71703e-19
0.00100061
-6.93951e-19
-7.90124e-19
0.00101943
-8.50964e-19
-7.94778e-19
0.00101943
-1.14222e-18
1.38802e-20
-9.83577e-19
-5.38326e-21
0.00100061
-9.60198e-19
3.46141e-20
-8.71117e-19
5.77016e-21
0.000982021
-7.72649e-19
4.22645e-20
-7.40607e-19
1.02263e-20
0.000963658
-7.23314e-19
1.43643e-20
-9.13081e-19
1.02804e-21
0.000945532
-8.257e-19
1.03984e-20
-7.1905e-19
6.23362e-21
0.000927649
-8.70055e-19
3.86109e-21
-7.94279e-19
-8.12803e-22
0.000910014
-8.02135e-19
1.15472e-20
-7.97619e-19
-8.5227e-21
0.000892633
-7.1749e-19
1.1572e-20
-8.74119e-19
-1.82265e-20
0.000875508
-7.32801e-19
3.45666e-21
-8.17599e-19
-2.91982e-20
0.000858642
-7.88472e-19
-1.07664e-20
-9.17694e-19
-4.39505e-20
0.000842038
-8.36971e-19
-2.06629e-20
-8.30204e-19
-3.72633e-20
0.000825697
-9.73044e-19
-2.95092e-20
-8.28252e-19
-2.70259e-20
0.000809619
-9.19175e-19
-1.28344e-20
-8.28953e-19
-1.99389e-20
0.000793805
-8.99046e-19
-3.89405e-21
-8.69225e-19
-1.51904e-20
0.000778255
-8.19026e-19
-4.13993e-21
-8.35275e-19
-1.33325e-20
0.000762968
-8.10788e-19
-6.11758e-21
-8.74776e-19
-1.51294e-20
0.000747943
-8.16629e-19
-1.07704e-20
-8.31095e-19
-9.76333e-21
0.000733178
-8.42051e-19
-8.86649e-21
-8.0151e-19
-3.70716e-21
0.000718672
-8.76558e-19
-3.74101e-21
-7.56953e-19
4.36896e-21
0.000704422
-6.17499e-19
1.40495e-20
-8.31074e-19
8.36673e-21
0.000690427
-6.50053e-19
1.18153e-20
-7.6639e-19
1.30976e-20
0.000676683
-6.67497e-19
9.01748e-21
-7.06987e-19
1.03974e-20
0.000663189
-6.57267e-19
4.72333e-21
-5.58138e-19
7.34844e-21
0.000649941
-6.65021e-19
9.99623e-22
-4.93063e-19
6.29708e-22
0.000636936
-6.01435e-19
1.54025e-22
-5.46464e-19
-5.541e-21
0.000624171
-5.40942e-19
-4.10384e-21
-5.53759e-19
-4.8094e-21
0.000611643
-5.44461e-19
-4.42009e-21
-5.72647e-19
-6.40114e-21
0.000599349
-4.71646e-19
-4.95106e-21
-5.92613e-19
-4.88616e-21
0.000587286
-4.68096e-19
-9.60033e-21
-6.68115e-19
-1.84558e-21
0.00057545
-4.86161e-19
-1.19541e-20
-6.0774e-19
3.03604e-21
0.000563838
-6.60697e-19
-1.65369e-20
-4.81301e-19
7.20912e-21
0.000552447
-6.0237e-19
-9.18371e-21
-5.06844e-19
7.62175e-21
0.000541273
-5.19492e-19
-2.74079e-21
-5.36065e-19
6.861e-21
0.000530312
-4.88267e-19
-4.33753e-21
-5.27254e-19
6.16482e-21
0.000519562
-5.72771e-19
-2.32598e-21
-5.33715e-19
4.28092e-21
0.000509019
-5.44625e-19
4.90143e-22
-5.65501e-19
3.34999e-21
0.000498679
-5.35013e-19
-3.33922e-21
-5.15975e-19
1.95016e-22
0.000488539
-5.38947e-19
-2.44928e-21
-4.4753e-19
1.30938e-21
0.000478596
-4.9931e-19
1.4039e-22
-4.7874e-19
-9.56521e-22
0.000468847
-4.92263e-19
3.37088e-22
-4.75631e-19
-3.70689e-21
0.000459287
-4.93205e-19
7.91119e-22
-4.60402e-19
-4.02626e-21
0.000449914
-4.67063e-19
-7.99928e-23
-5.09587e-19
-3.22026e-21
0.000440725
-4.30859e-19
-2.11855e-21
-3.65858e-19
-1.27137e-21
0.000431716
-4.08859e-19
-3.5612e-21
-3.86708e-19
-1.60607e-21
0.000422884
-3.77677e-19
-3.00289e-21
-3.99694e-19
-2.91338e-21
0.000414225
-4.00693e-19
-2.64256e-21
-3.93069e-19
-4.96553e-21
0.000405738
-3.37402e-19
-2.32165e-21
-3.84375e-19
-6.27338e-21
0.000397418
-3.06782e-19
-2.59474e-21
-3.69957e-19
-7.31416e-21
0.000389263
-2.87389e-19
-2.61972e-21
-3.68413e-19
-6.56399e-21
0.000381269
-2.73946e-19
-4.7581e-21
-3.69505e-19
-6.33021e-21
0.000373434
-2.57668e-19
-5.35058e-21
-3.49553e-19
-3.99636e-21
0.000365755
-2.34405e-19
-5.04545e-21
-2.83396e-19
-3.06532e-21
0.000358228
-2.27771e-19
-3.629e-21
-3.45081e-19
-2.45976e-21
0.000350851
-2.4278e-19
-1.87204e-21
-2.37716e-19
-1.6327e-21
0.000343622
-2.52602e-19
-8.2513e-22
-2.45621e-19
-2.124e-21
0.000336536
-2.2633e-19
4.52515e-22
-2.61647e-19
-2.74593e-22
0.000329593
-1.77311e-19
1.58149e-21
-1.67754e-19
1.96327e-21
0.000322788
-1.2809e-19
1.5836e-21
-5.37737e-20
2.03879e-21
0.000316119
-1.12942e-19
1.27245e-21
-5.68019e-20
7.97428e-22
0.000309584
-1.03583e-19
1.62197e-21
-9.52152e-20
-9.28102e-22
0.000303181
-1.04102e-19
1.82561e-21
-9.46704e-20
-2.38583e-21
0.000296906
-1.15319e-19
2.65062e-21
-7.1083e-20
-2.91151e-21
0.000290757
-1.47771e-19
3.63767e-21
-1.13952e-19
-3.32888e-21
0.000284731
-1.42004e-19
4.10757e-21
-1.15863e-19
-2.25365e-21
0.000278827
-1.33082e-19
4.31904e-21
-1.4101e-19
-1.47591e-21
0.000273042
-1.73252e-19
3.21819e-21
-9.97238e-20
-6.24681e-23
0.000267374
-1.63842e-19
3.44672e-21
-6.52669e-20
9.7332e-22
0.00026182
-1.42496e-19
3.54078e-21
-8.06031e-20
1.46138e-21
0.000256379
-1.25191e-19
3.74752e-21
-7.06389e-20
1.89784e-21
0.000251047
-7.95206e-20
3.12873e-21
-7.38087e-20
1.9539e-21
0.000245823
-6.25821e-20
2.86251e-21
-1.02953e-19
1.79648e-21
0.000240705
-1.10677e-19
2.31414e-21
-1.07312e-19
1.98474e-21
0.00023569
-1.2615e-19
2.16377e-21
-9.73238e-20
2.16226e-21
0.000230777
-1.2265e-19
2.08632e-21
-1.02507e-19
2.08947e-21
0.000225964
-9.78271e-20
1.97665e-21
-1.21764e-19
1.72006e-21
0.000221248
-9.38717e-20
1.74851e-21
-1.21232e-19
1.60877e-21
0.000216628
-1.11919e-19
1.63277e-21
-1.29143e-19
1.37152e-21
0.000212102
-8.67349e-20
1.3384e-21
-1.1248e-19
1.25343e-21
0.000207668
-1.04491e-19
8.78338e-22
-1.09104e-19
9.73701e-22
0.000203324
-8.85976e-20
6.02005e-22
-1.16977e-19
5.29182e-22
0.000199068
-1.26424e-19
2.96881e-22
-1.02165e-19
4.3075e-22
0.000194899
-1.34037e-19
4.42366e-22
-9.38112e-20
5.13563e-22
0.000190815
-1.24954e-19
4.02862e-22
-6.45986e-20
6.51012e-22
0.000186814
-1.3703e-19
4.3657e-22
-6.17376e-20
6.16812e-22
0.000182895
-1.06992e-19
5.03606e-22
-6.50252e-20
6.60457e-22
0.000179055
-1.01116e-19
2.49275e-22
-7.42805e-20
7.7372e-22
0.000175294
-9.83551e-20
-8.25767e-23
-7.51743e-20
8.92545e-22
0.00017161
-6.41701e-20
-1.04738e-22
-8.20312e-20
7.69515e-22
0.000168
-6.68905e-20
-1.7846e-22
-6.03382e-20
6.71763e-22
0.000164465
-3.07987e-20
1.8886e-23
-8.44405e-20
4.43919e-22
0.000161002
-4.97284e-21
2.11276e-22
-9.68198e-20
3.20275e-22
0.000157609
-7.02344e-21
2.62328e-22
-9.32581e-20
3.24547e-22
0.000154286
-7.53691e-21
1.8768e-22
-1.04421e-19
3.81029e-22
0.000151031
-1.23575e-20
4.66967e-23
-9.03442e-20
4.49911e-22
0.000147842
1.21391e-20
1.60175e-23
-9.26017e-20
5.7785e-22
0.000144719
1.16022e-20
-1.27484e-22
-9.10926e-20
6.38837e-22
0.000141659
-1.31785e-20
-1.61011e-22
-9.92349e-20
7.0569e-22
0.000138663
-3.68425e-20
-2.61327e-22
-8.23796e-20
7.7878e-22
0.000135727
-1.48762e-20
-6.67724e-23
-8.22726e-20
7.20406e-22
0.000132852
-1.10006e-20
-1.60325e-23
-9.86918e-20
5.80552e-22
0.000130036
-4.54446e-21
-2.81952e-23
-8.75238e-20
5.22284e-22
0.000127277
1.65098e-20
9.90688e-24
-4.00283e-20
4.74538e-22
0.000124575
6.48365e-21
-4.2942e-23
-8.24907e-20
3.24557e-22
0.000121929
-2.23329e-20
-9.44643e-23
-5.7385e-20
3.53583e-22
0.000119337
-2.25969e-20
-9.38471e-23
-6.6385e-20
3.49123e-22
0.000116798
-2.31484e-20
-5.79827e-23
-6.29342e-20
3.37557e-22
0.000114311
2.55651e-21
-4.91465e-23
-6.88939e-20
3.56151e-22
0.000111875
2.93875e-21
-1.21312e-22
-5.37236e-20
3.87624e-22
0.00010949
6.21438e-21
-1.19592e-22
-6.08595e-20
4.10662e-22
0.000107153
-9.63891e-21
-1.30894e-22
-4.58899e-20
4.65805e-22
0.000104864
-4.24487e-21
-1.35121e-22
-5.44174e-20
4.29369e-22
0.000102623
-3.67115e-21
-1.29804e-22
-4.02269e-20
4.27024e-22
0.000100427
-1.40374e-20
-1.27694e-22
-2.72153e-20
3.78469e-22
9.82769e-05
-1.25568e-20
-1.0834e-22
-2.37327e-20
2.91111e-22
9.61707e-05
-1.72234e-20
-7.58329e-23
-2.79796e-20
2.20559e-22
9.4108e-05
-2.23444e-20
-6.28098e-23
-3.72543e-20
1.32957e-22
9.20876e-05
-1.35885e-20
-1.08867e-23
-4.78303e-20
7.03877e-23
9.01089e-05
-3.02932e-21
-2.15567e-24
-4.79636e-20
4.20961e-23
8.81709e-05
-6.63069e-22
1.9984e-23
-4.93676e-20
1.60361e-23
8.62729e-05
1.33999e-20
2.69694e-23
-4.82638e-20
-1.04564e-23
8.44138e-05
9.02625e-21
1.16955e-23
-5.23626e-20
-4.5142e-24
8.25931e-05
5.02973e-21
1.87141e-23
-5.44676e-20
-1.1736e-23
8.08099e-05
3.11945e-21
5.39099e-23
-4.69861e-20
-2.46839e-23
7.90634e-05
-7.36008e-21
9.28751e-23
-4.92117e-20
-3.89655e-23
7.7353e-05
-1.75324e-20
1.4859e-22
-3.45427e-20
-1.67137e-23
7.56777e-05
-9.3792e-21
2.13889e-22
-4.56347e-20
-2.56701e-23
7.4037e-05
-7.65194e-21
2.59773e-22
-4.79296e-20
-2.76309e-23
7.24302e-05
-1.31307e-20
2.90001e-22
-4.79948e-20
-2.34323e-23
7.08564e-05
4.29558e-21
3.24167e-22
-4.99117e-20
4.19084e-24
6.93151e-05
5.70197e-21
3.20907e-22
-4.79552e-20
3.54687e-23
6.78055e-05
8.21325e-21
3.1887e-22
-4.95899e-20
7.3096e-23
6.63271e-05
-2.80354e-21
3.07603e-22
-4.9059e-20
1.09146e-22
6.48792e-05
-6.42276e-21
3.11912e-22
-4.21831e-20
1.14235e-22
6.34611e-05
-8.35025e-21
3.30183e-22
-4.66181e-20
1.05104e-22
6.20723e-05
-8.48381e-21
3.43988e-22
-4.53291e-20
1.00177e-22
6.07121e-05
-1.12827e-20
3.5631e-22
-4.33744e-20
9.89955e-23
5.938e-05
-9.1685e-21
3.53312e-22
-4.33174e-20
1.0115e-22
5.80753e-05
-1.52365e-20
3.35956e-22
-3.42277e-20
1.0396e-22
5.67975e-05
-1.78504e-20
3.27706e-22
-3.74049e-20
1.00046e-22
5.55461e-05
-1.26795e-20
3.20559e-22
-3.94649e-20
8.46623e-23
5.43205e-05
-1.23753e-20
2.98165e-22
-3.96823e-20
7.47163e-23
5.31201e-05
-1.35688e-20
2.79267e-22
-4.0209e-20
6.71647e-23
5.19444e-05
-1.70175e-20
2.63033e-22
-3.70881e-20
6.52013e-23
5.07931e-05
-1.63339e-20
2.52953e-22
-3.98804e-20
5.37334e-23
4.96654e-05
-5.68081e-21
2.39823e-22
-4.79424e-20
4.82151e-23
4.85609e-05
-1.40395e-21
2.22218e-22
-4.79617e-20
4.58858e-23
4.74793e-05
9.27371e-22
2.0144e-22
-4.4666e-20
4.39247e-23
4.64199e-05
3.33212e-21
1.83493e-22
-4.58161e-20
4.19157e-23
4.53823e-05
3.76738e-21
1.64593e-22
-4.84028e-20
4.61279e-23
4.4366e-05
-1.31097e-21
1.4823e-22
-5.01612e-20
5.1439e-23
4.33707e-05
2.82606e-21
1.36334e-22
-4.69139e-20
5.37619e-23
4.23958e-05
6.11207e-21
1.24621e-22
-4.58535e-20
5.58497e-23
4.1441e-05
1.23666e-21
1.12408e-22
-4.65468e-20
5.67234e-23
4.05058e-05
-1.31e-21
1.03326e-22
-5.16649e-20
5.94339e-23
3.95899e-05
-2.78196e-21
9.17531e-23
-4.68349e-20
6.8179e-23
3.86927e-05
-4.45768e-21
8.18612e-23
-5.19367e-20
7.7231e-23
3.7814e-05
-4.47895e-21
7.05824e-23
-4.59949e-20
8.85865e-23
3.69532e-05
-1.08331e-20
6.11392e-23
-4.01957e-20
9.10904e-23
3.61102e-05
-8.19021e-21
5.47092e-23
-4.1219e-20
9.45254e-23
3.52843e-05
-1.10264e-20
4.86596e-23
-4.15283e-20
9.85364e-23
3.44755e-05
-1.12967e-20
4.29583e-23
-3.70822e-20
1.01309e-22
3.36831e-05
-5.22031e-21
3.58866e-23
-4.25191e-20
1.02963e-22
3.29069e-05
-1.30565e-20
2.71231e-23
-4.34764e-20
1.05471e-22
3.21466e-05
-4.81439e-21
2.44744e-23
-4.32396e-20
1.07851e-22
3.14018e-05
-5.48632e-21
2.06402e-23
-3.87066e-20
1.10112e-22
3.06722e-05
-2.27277e-21
1.76167e-23
-4.01855e-20
1.10178e-22
2.99574e-05
5.95349e-21
1.43252e-23
-4.06496e-20
1.12883e-22
2.92572e-05
5.88818e-21
1.17639e-23
-4.0881e-20
1.15159e-22
2.85711e-05
-3.86402e-22
8.09209e-24
-3.89514e-20
1.17322e-22
2.7899e-05
-6.63042e-21
6.65959e-24
-3.2877e-20
1.19202e-22
2.72405e-05
3.22508e-21
6.64443e-24
-3.6019e-20
1.18741e-22
2.65953e-05
3.94354e-21
3.90091e-24
-3.51462e-20
1.18086e-22
2.59631e-05
2.65161e-21
1.03131e-24
-3.20333e-20
1.1613e-22
2.53437e-05
2.55106e-21
-6.47825e-27
-3.41856e-20
1.13622e-22
2.47366e-05
5.75126e-21
-6.56446e-25
-3.32233e-20
1.12116e-22
2.41418e-05
4.35247e-21
-1.60246e-24
-3.03739e-20
1.10652e-22
2.35589e-05
5.96721e-21
-2.25839e-24
-2.30711e-20
1.08883e-22
2.29876e-05
4.44492e-21
-3.3864e-24
-2.43963e-20
1.0637e-22
2.24277e-05
1.44737e-21
-4.22907e-24
-2.39189e-20
1.04609e-22
2.18788e-05
-7.00558e-21
-4.93553e-24
-1.85604e-20
1.03097e-22
2.13408e-05
-4.14205e-21
-4.4378e-24
-1.62884e-20
1.01874e-22
2.08135e-05
-4.1762e-21
-5.50746e-24
-1.77244e-20
1.02301e-22
2.02965e-05
-7.73153e-21
-5.99125e-24
-1.33914e-20
1.02554e-22
1.97896e-05
-6.1555e-21
-5.56717e-24
-1.52188e-20
1.02058e-22
1.92926e-05
-8.69897e-21
-4.73411e-24
-9.55114e-21
1.01402e-22
1.88052e-05
-7.92748e-21
-3.53099e-24
-1.00214e-20
9.97044e-23
1.83273e-05
-4.44029e-21
-3.00303e-24
-1.33048e-20
9.81233e-23
1.78585e-05
-4.82887e-21
-2.53256e-24
-1.3675e-20
9.7346e-23
1.73987e-05
-6.40652e-21
-1.93623e-24
-1.11467e-20
9.64533e-23
1.69475e-05
-2.92095e-21
-1.01085e-24
-9.90912e-21
9.46837e-23
1.65049e-05
-1.5937e-21
-5.34146e-25
-1.01234e-20
9.23698e-23
1.60706e-05
-4.2254e-21
-2.25774e-25
-1.08999e-20
9.01662e-23
1.56444e-05
-6.23333e-21
3.92164e-25
-7.56446e-21
8.84535e-23
1.5226e-05
-6.29218e-21
1.06869e-24
-7.0787e-21
8.63744e-23
1.48152e-05
-4.72876e-21
1.45783e-24
-7.09108e-21
8.42712e-23
1.44119e-05
-3.6106e-21
1.77497e-24
-7.61772e-21
8.22553e-23
1.40157e-05
-6.31168e-21
1.84336e-24
-8.0555e-21
8.08567e-23
1.36266e-05
-5.80686e-21
2.18245e-24
-3.7741e-21
7.96087e-23
1.32443e-05
-7.10103e-21
2.0417e-24
-2.19373e-21
7.7946e-23
1.28685e-05
-6.42228e-21
1.92518e-24
-3.35428e-21
7.60583e-23
1.24991e-05
-8.74758e-21
1.78819e-24
-1.25048e-21
7.43584e-23
1.21358e-05
-8.41841e-21
1.5775e-24
-1.87167e-21
7.27383e-23
1.17785e-05
-8.17802e-21
1.3265e-24
-2.72199e-21
7.1517e-23
1.14269e-05
-7.12707e-21
9.87429e-25
-2.26748e-21
7.05752e-23
1.10809e-05
-8.49762e-21
8.53535e-25
7.71045e-22
6.96218e-23
1.07402e-05
-8.84617e-21
1.11174e-24
-1.0822e-21
6.84703e-23
1.04045e-05
-8.22994e-21
1.3725e-24
-3.08268e-22
6.74415e-23
1.00737e-05
-1.02242e-20
1.72481e-24
2.68718e-21
6.64519e-23
9.74766e-06
-1.29e-20
2.34386e-24
3.17912e-21
6.53741e-23
9.42597e-06
-1.21989e-20
3.13637e-24
3.623e-21
6.42281e-23
9.10853e-06
-1.14852e-20
3.85974e-24
2.90052e-21
6.28941e-23
8.79509e-06
-1.30379e-20
4.48125e-24
2.73535e-21
6.18506e-23
8.48543e-06
-1.26482e-20
5.15731e-24
2.74462e-21
6.10129e-23
8.17933e-06
-1.07802e-20
5.77688e-24
4.82234e-21
6.02058e-23
7.87659e-06
-9.96701e-21
6.20664e-24
4.24301e-21
5.93678e-23
7.57696e-06
-1.01348e-20
6.64342e-24
4.84646e-21
5.86083e-23
7.28028e-06
-9.25878e-21
7.1026e-24
4.51692e-21
5.78437e-23
6.98635e-06
-9.09366e-21
7.40079e-24
4.90905e-21
5.71558e-23
6.69497e-06
-7.56028e-21
7.69754e-24
4.94284e-21
5.65063e-23
6.40606e-06
-6.86986e-21
7.99896e-24
4.41501e-21
5.59356e-23
6.11946e-06
-6.71025e-21
8.23015e-24
4.11247e-21
5.53912e-23
5.8351e-06
-6.36527e-21
8.45016e-24
4.07319e-21
5.4823e-23
5.55298e-06
-5.57584e-21
8.66277e-24
4.34927e-21
5.4227e-23
5.27316e-06
-5.50959e-21
8.84562e-24
3.44739e-21
5.35984e-23
4.99578e-06
-6.26892e-21
9.0314e-24
4.21528e-21
5.29464e-23
4.72107e-06
-6.13854e-21
9.21352e-24
3.87485e-21
5.2206e-23
4.44937e-06
-5.39341e-21
9.33553e-24
3.27628e-21
5.13809e-23
4.18114e-06
-4.14746e-21
9.41859e-24
3.77688e-21
5.04359e-23
3.91692e-06
-4.00657e-21
9.40744e-24
3.03348e-21
4.93389e-23
3.65734e-06
-3.5609e-21
9.36026e-24
2.9517e-21
4.8123e-23
3.40313e-06
-3.56122e-21
9.24809e-24
2.7005e-21
4.67671e-23
3.15496e-06
-2.69077e-21
9.09286e-24
1.81048e-21
4.52447e-23
2.91356e-06
-2.25557e-21
8.88468e-24
1.71678e-21
4.36091e-23
2.67958e-06
-2.3508e-21
8.62472e-24
1.35044e-21
4.18897e-23
2.45355e-06
-1.7924e-21
8.32337e-24
1.16389e-21
4.01067e-23
2.23588e-06
-1.79092e-21
8.00028e-24
1.04658e-21
3.82723e-23
2.02685e-06
-1.85806e-21
7.66569e-24
1.38075e-21
3.64272e-23
1.8266e-06
-1.62e-21
7.32724e-24
1.2319e-21
3.46033e-23
1.63516e-06
-1.51364e-21
6.9861e-24
1.00341e-21
3.28258e-23
1.45243e-06
-1.62605e-21
6.65612e-24
8.26593e-22
3.11062e-23
1.27827e-06
-1.40639e-21
6.33153e-24
7.1433e-22
2.94516e-23
1.11245e-06
-1.30805e-21
6.01947e-24
5.59829e-22
2.78687e-23
9.5471e-07
-9.94737e-22
5.72113e-24
4.81578e-22
2.63688e-23
8.04774e-07
-5.34886e-22
5.43338e-24
2.95523e-22
2.4943e-23
6.62338e-07
-4.55078e-22
5.15445e-24
2.85263e-22
2.35907e-23
5.27117e-07
-3.57873e-22
4.89002e-24
2.23448e-22
2.23073e-23
3.98818e-07
-2.31359e-22
4.63735e-24
1.52217e-22
2.10936e-23
2.77153e-07
-9.97195e-23
4.39445e-24
6.15683e-23
1.99483e-23
1.61849e-07
-3.68392e-23
4.16133e-24
2.79903e-23
1.88689e-23
5.26403e-08
-1.81843e-24
9.8394e-25
0.00101943
-8.53265e-19
-7.14777e-19
0.00100061
-7.34372e-19
-6.75346e-19
0.000982021
-8.64969e-19
-7.3728e-19
0.000963658
-6.95538e-19
-8.47935e-19
0.000945532
-8.39295e-19
-7.7229e-19
0.000927649
-7.60883e-19
-8.3837e-19
0.000910014
-7.91321e-19
-8.62911e-19
0.000892633
-7.50581e-19
-9.22611e-19
0.000875508
-7.52465e-19
-8.74348e-19
0.000858642
-7.61421e-19
-7.96046e-19
0.000842038
-8.54776e-19
-6.88863e-19
0.000825697
-7.74246e-19
-7.37873e-19
0.000809619
-8.02628e-19
-7.83311e-19
0.000793805
-8.56685e-19
-8.2269e-19
0.000778255
-7.96367e-19
-8.13935e-19
0.000762968
-8.55519e-19
-8.08336e-19
0.000747943
-8.32802e-19
-8.40081e-19
0.000733178
-8.33261e-19
-8.28875e-19
0.000718672
-6.60378e-19
-7.9346e-19
0.000704422
-6.42272e-19
-7.44376e-19
0.000690427
-6.45596e-19
-7.20845e-19
0.000676683
-6.81178e-19
-6.61228e-19
0.000663189
-6.73319e-19
-6.26568e-19
0.000649941
-6.74074e-19
-6.2729e-19
0.000636936
-7.09248e-19
-5.41645e-19
0.000624171
-6.07776e-19
-5.83689e-19
0.000611643
-6.40104e-19
-5.7911e-19
0.000599349
-6.54193e-19
-5.71907e-19
0.000587286
-5.828e-19
-5.92074e-19
0.00057545
-6.41861e-19
-5.34099e-19
0.000563838
-5.68303e-19
-5.3332e-19
0.000552447
-4.92442e-19
-6.09608e-19
0.000541273
-5.55755e-19
-5.91196e-19
0.000530312
-4.23834e-19
-5.46825e-19
0.000519562
-4.5807e-19
-4.97698e-19
0.000509019
-5.59861e-19
-5.99836e-19
0.000498679
-3.85243e-19
-4.19219e-19
0.000488539
-3.13741e-19
-4.18147e-19
0.000478596
-3.19185e-19
-4.5923e-19
0.000468847
-3.02927e-19
-3.7472e-19
0.000459287
-3.78952e-19
-3.05891e-19
0.000449914
-4.08283e-19
-2.95258e-19
0.000440725
-3.61124e-19
-2.63032e-19
0.000431716
-3.00761e-19
-3.76673e-19
0.000422884
-2.85685e-19
-4.0551e-19
0.000414225
-2.83539e-19
-3.8242e-19
0.000405738
-2.37929e-19
-3.96482e-19
0.000397418
-2.30423e-19
-2.81582e-19
0.000389263
-3.28739e-19
-3.06544e-19
0.000381269
-2.48478e-19
-2.16059e-19
0.000373434
-1.99079e-19
-2.28811e-19
0.000365755
-1.50273e-19
-1.86023e-19
0.000358228
-1.49172e-19
-2.46935e-19
0.000350851
-2.08686e-19
-2.36045e-19
0.000343622
-2.23826e-19
-1.72466e-19
0.000336536
-2.16062e-19
-1.97831e-19
0.000329593
-2.248e-19
-2.29116e-19
0.000322788
-2.16521e-19
-1.73773e-19
0.000316119
-1.85328e-19
-2.03923e-19
0.000309584
-1.75869e-19
-2.43782e-19
0.000303181
-1.12492e-19
-2.03868e-19
0.000296906
-8.9031e-20
-1.81637e-19
0.000290757
-1.37571e-19
-1.08243e-19
0.000284731
-1.23586e-19
-1.2304e-19
0.000278827
-1.94289e-19
-8.71524e-20
0.000273042
-1.30568e-19
-7.40154e-20
0.000267374
-1.46624e-19
-1.03266e-19
0.00026182
-1.28358e-19
-1.21721e-19
0.000256379
-2.10703e-19
-1.48552e-19
0.000251047
-1.51195e-19
-1.93859e-19
0.000245823
-1.70957e-19
-1.87087e-19
0.000240705
-1.84454e-19
-1.69566e-19
0.00023569
-1.82472e-19
-1.42579e-19
0.000230777
-1.69194e-19
-1.55567e-19
0.000225964
-1.52125e-19
-1.57283e-19
0.000221248
-1.36503e-19
-1.75532e-19
0.000216628
-1.7144e-19
-1.58484e-19
0.000212102
-1.59679e-19
-1.59016e-19
0.000207668
-1.58318e-19
-1.97425e-19
0.000203324
-1.55175e-19
-1.79387e-19
0.000199068
-1.24596e-19
-1.44267e-19
0.000194899
-1.42018e-19
-1.38494e-19
0.000190815
-1.09739e-19
-1.42255e-19
0.000186814
-1.06715e-19
-1.22168e-19
0.000182895
-1.22018e-19
-1.10338e-19
0.000179055
-1.42506e-19
-1.18066e-19
0.000175294
-1.07255e-19
-1.6083e-19
0.00017161
-1.07172e-19
-1.45479e-19
0.000168
-8.87526e-20
-1.26519e-19
0.000164465
-7.47932e-20
-1.34238e-19
0.000161002
-8.59999e-20
-1.37294e-19
0.000157609
-1.0803e-19
-1.13383e-19
0.000154286
-1.08665e-19
-1.16266e-19
0.000151031
-7.63183e-20
-1.00566e-19
0.000147842
-7.53456e-20
-1.08581e-19
0.000144719
-5.289e-20
-9.86587e-20
0.000141659
-1.0038e-19
-1.02103e-19
0.000138663
-5.53549e-20
-9.94548e-20
0.000135727
-6.99098e-20
-1.06464e-19
0.000132852
-7.35974e-20
-1.07521e-19
0.000130036
-5.12788e-20
-1.08452e-19
0.000127277
-5.71321e-20
-1.10303e-19
0.000124575
-6.12258e-20
-1.14296e-19
0.000121929
-6.95092e-20
-1.09343e-19
0.000119337
-5.43478e-20
-1.27313e-19
0.000116798
-5.12974e-20
-1.19505e-19
0.000114311
-4.54559e-20
-1.2465e-19
0.000111875
-1.65958e-20
-1.23008e-19
0.00010949
-1.29261e-20
-1.15269e-19
0.000107153
-2.09608e-20
-1.15342e-19
0.000104864
-1.14369e-20
-9.69985e-20
0.000102623
-1.14249e-20
-9.17544e-20
0.000100427
-1.59316e-20
-9.11142e-20
9.82769e-05
-1.10035e-20
-8.13055e-20
9.61707e-05
-2.77249e-20
-8.13938e-20
9.4108e-05
-1.73866e-20
-7.7418e-20
9.20876e-05
-3.54577e-20
-8.00232e-20
9.01089e-05
-2.43968e-20
-8.05261e-20
8.81709e-05
-4.16733e-20
-9.14249e-20
8.62729e-05
-5.39573e-20
-7.32509e-20
8.44138e-05
-5.6049e-20
-7.41859e-20
8.25931e-05
-4.90142e-20
-7.68695e-20
8.08099e-05
-5.42915e-20
-7.51143e-20
7.90634e-05
-5.69784e-20
-5.56339e-20
7.7353e-05
-5.88828e-20
-4.85761e-20
7.56777e-05
-5.69444e-20
-3.07105e-20
7.4037e-05
-5.70474e-20
-2.62568e-20
7.24302e-05
-5.02559e-20
-2.23354e-20
7.08564e-05
-5.43267e-20
-3.31039e-20
6.93151e-05
-4.3984e-20
-2.43188e-20
6.78055e-05
-4.35265e-20
-2.31962e-20
6.63271e-05
-3.51094e-20
-4.79249e-20
6.48792e-05
-1.87632e-20
-4.32413e-20
6.34611e-05
-1.66674e-20
-3.28505e-20
6.20723e-05
-1.20658e-20
-2.24434e-20
6.07121e-05
-2.16168e-20
-2.00708e-20
5.938e-05
-2.30799e-20
-2.69074e-20
5.80753e-05
-1.01735e-20
-2.34028e-20
5.67975e-05
-5.67691e-21
-3.19388e-20
5.55461e-05
-1.81487e-20
-3.16032e-20
5.43205e-05
-1.95362e-20
-3.79006e-20
5.31201e-05
-2.61848e-20
-2.6614e-20
5.19444e-05
-2.45937e-20
-3.33927e-20
5.07931e-05
-2.9892e-20
-2.97587e-20
4.96654e-05
-3.13713e-20
-3.1899e-20
4.85609e-05
-3.63908e-20
-3.39746e-20
4.74793e-05
-3.09677e-20
-3.7506e-20
4.64199e-05
-3.15813e-20
-3.025e-20
4.53823e-05
-3.04115e-20
-2.80823e-20
4.4366e-05
-3.01572e-20
-3.45189e-20
4.33707e-05
-2.67613e-20
-3.30383e-20
4.23958e-05
-2.89088e-20
-3.45468e-20
4.1441e-05
-3.22008e-20
-3.45392e-20
4.05058e-05
-4.2836e-20
-3.32801e-20
3.95899e-05
-4.13506e-20
-3.35115e-20
3.86927e-05
-4.2839e-20
-3.40656e-20
3.7814e-05
-3.39556e-20
-4.75404e-20
3.69532e-05
-3.1128e-20
-4.16144e-20
3.61102e-05
-2.58622e-20
-4.01788e-20
3.52843e-05
-2.4284e-20
-4.00128e-20
3.44755e-05
-2.52813e-20
-3.7887e-20
3.36831e-05
-2.32834e-20
-3.97472e-20
3.29069e-05
-1.40819e-20
-3.79604e-20
3.21466e-05
-1.22404e-20
-3.44424e-20
3.14018e-05
-1.73095e-20
-3.12168e-20
3.06722e-05
-2.23644e-20
-2.04607e-20
2.99574e-05
-1.71545e-20
-1.94101e-20
2.92572e-05
-2.48281e-20
-1.52268e-20
2.85711e-05
-2.37449e-20
-1.3376e-20
2.7899e-05
-2.27553e-20
-1.49695e-20
2.72405e-05
-2.24402e-20
-1.54469e-20
2.65953e-05
-2.34365e-20
-1.72059e-20
2.59631e-05
-1.86212e-20
-1.54567e-20
2.53437e-05
-1.87052e-20
-1.27389e-20
2.47366e-05
-1.82042e-20
-8.46162e-21
2.41418e-05
-1.87279e-20
-3.0095e-21
2.35589e-05
-1.8514e-20
-1.8186e-22
2.29876e-05
-1.70822e-20
-1.94809e-21
2.24277e-05
-1.88326e-20
-3.34201e-21
2.18788e-05
-1.89097e-20
-3.47764e-21
2.13408e-05
-2.25161e-20
1.68589e-21
2.08135e-05
-1.77431e-20
-1.45924e-21
2.02965e-05
-1.39077e-20
-2.72003e-21
1.97896e-05
-7.71198e-21
-6.79798e-21
1.92926e-05
-6.09774e-21
-5.67917e-21
1.88052e-05
-9.28651e-21
-4.73634e-21
1.83273e-05
-7.10867e-21
-5.19477e-21
1.78585e-05
-7.09528e-21
-4.96557e-21
1.73987e-05
-6.96305e-21
-4.41942e-21
1.69475e-05
-8.47572e-21
-6.01691e-21
1.65049e-05
-9.23563e-21
-5.84136e-21
1.60706e-05
-9.42843e-21
-2.88874e-21
1.56444e-05
-1.02742e-20
-4.33381e-21
1.5226e-05
-1.12622e-20
-5.20384e-21
1.48152e-05
-8.19539e-21
-5.39549e-21
1.44119e-05
-8.52597e-21
-1.61656e-21
1.40157e-05
-7.66551e-21
-1.38409e-21
1.36266e-05
-1.08826e-20
-1.5789e-21
1.32443e-05
-1.09726e-20
-1.36727e-21
1.28685e-05
-9.16473e-21
2.09611e-21
1.24991e-05
-1.07065e-20
4.86234e-21
1.21358e-05
-1.00187e-20
4.71949e-21
1.17785e-05
-1.05875e-20
3.97091e-21
1.14269e-05
-6.80312e-21
3.88201e-21
1.10809e-05
-3.96001e-21
3.81322e-21
1.07402e-05
-5.92948e-21
2.9714e-21
1.04045e-05
-5.29187e-21
3.22135e-21
1.00737e-05
-4.06825e-21
3.21963e-21
9.74766e-06
-3.81933e-21
3.4951e-21
9.42597e-06
-3.55809e-21
1.80096e-21
9.10853e-06
-3.69064e-21
2.94539e-21
8.79509e-06
-3.30662e-21
2.69007e-21
8.48543e-06
-3.50895e-21
1.86242e-21
8.17933e-06
-5.2928e-21
1.98129e-21
7.87659e-06
-4.29835e-21
1.56186e-21
7.57696e-06
-3.47424e-21
9.88198e-22
7.28028e-06
-5.42887e-21
8.41981e-22
6.98635e-06
-5.04285e-21
4.56175e-22
6.69497e-06
-3.269e-21
6.85127e-22
6.40606e-06
-3.86502e-21
1.56187e-22
6.11946e-06
-3.56915e-21
-3.35565e-22
5.8351e-06
-3.14247e-21
-6.02699e-22
5.55298e-06
-2.61439e-21
-5.69662e-22
5.27316e-06
-1.80735e-21
-9.88116e-22
4.99578e-06
-1.666e-21
-9.58385e-22
4.72107e-06
-2.04876e-21
-1.05698e-21
4.44937e-06
-1.5909e-21
-1.26932e-21
4.18114e-06
-2.50646e-21
-6.36827e-22
3.91692e-06
-2.14607e-21
-7.18831e-22
3.65734e-06
-2.03487e-21
-7.73508e-22
3.40313e-06
-1.59064e-21
-1.01353e-21
3.15496e-06
-1.00913e-21
-9.65943e-22
2.91356e-06
-1.21992e-21
-5.84556e-22
2.67958e-06
-1.99474e-21
-3.26316e-22
2.45355e-06
-1.73917e-21
-5.15172e-22
2.23588e-06
-1.68628e-21
-6.25167e-22
2.02685e-06
-1.47884e-21
-1.27106e-22
1.8266e-06
-1.283e-21
2.1016e-22
1.63516e-06
-8.22879e-22
1.68378e-22
1.45243e-06
-1.03386e-21
-2.87861e-23
1.27827e-06
-7.5e-22
-9.43571e-23
1.11245e-06
-6.17826e-22
1.8685e-22
9.5471e-07
-4.05362e-22
1.66396e-22
8.04774e-07
-2.03834e-22
1.45136e-22
6.62338e-07
-9.92078e-23
3.25697e-23
5.27117e-07
-7.60265e-23
-3.09118e-23
3.98818e-07
-7.44829e-23
-6.23344e-24
2.77153e-07
-5.31455e-23
3.95601e-23
1.61849e-07
-1.82919e-23
2.14622e-23
5.26403e-08
)
;

boundaryField
{
    walls
    {
        type            calculated;
        value           uniform 0;
    }
    inlet
    {
        type            cyclic;
        value           nonuniform List<scalar> 
1000
(
-5.26401e-08
-1.61849e-07
-2.77152e-07
-3.98817e-07
-5.27118e-07
-6.62339e-07
-8.04772e-07
-9.54712e-07
-1.11245e-06
-1.27827e-06
-1.45243e-06
-1.63516e-06
-1.8266e-06
-2.02685e-06
-2.23588e-06
-2.45355e-06
-2.67958e-06
-2.91357e-06
-3.15496e-06
-3.40312e-06
-3.65735e-06
-3.91692e-06
-4.18114e-06
-4.44938e-06
-4.72107e-06
-4.99578e-06
-5.27316e-06
-5.55298e-06
-5.8351e-06
-6.11945e-06
-6.40606e-06
-6.69499e-06
-6.98635e-06
-7.28028e-06
-7.57696e-06
-7.87658e-06
-8.17933e-06
-8.48543e-06
-8.79509e-06
-9.10853e-06
-9.42598e-06
-9.74764e-06
-1.00737e-05
-1.04045e-05
-1.07402e-05
-1.10809e-05
-1.14269e-05
-1.17785e-05
-1.21358e-05
-1.24991e-05
-1.28685e-05
-1.32442e-05
-1.36266e-05
-1.40157e-05
-1.44119e-05
-1.48152e-05
-1.5226e-05
-1.56444e-05
-1.60706e-05
-1.6505e-05
-1.69476e-05
-1.73987e-05
-1.78585e-05
-1.83273e-05
-1.88052e-05
-1.92926e-05
-1.97896e-05
-2.02965e-05
-2.08135e-05
-2.13408e-05
-2.18788e-05
-2.24276e-05
-2.29876e-05
-2.35589e-05
-2.41418e-05
-2.47367e-05
-2.53437e-05
-2.59631e-05
-2.65953e-05
-2.72405e-05
-2.7899e-05
-2.85711e-05
-2.92572e-05
-2.99574e-05
-3.06722e-05
-3.14018e-05
-3.21466e-05
-3.29069e-05
-3.36831e-05
-3.44755e-05
-3.52844e-05
-3.61102e-05
-3.69532e-05
-3.7814e-05
-3.86927e-05
-3.95899e-05
-4.05058e-05
-4.1441e-05
-4.23958e-05
-4.33707e-05
-4.4366e-05
-4.53823e-05
-4.64199e-05
-4.74793e-05
-4.8561e-05
-4.96654e-05
-5.07931e-05
-5.19445e-05
-5.31201e-05
-5.43204e-05
-5.55461e-05
-5.67975e-05
-5.80753e-05
-5.938e-05
-6.07121e-05
-6.20723e-05
-6.34611e-05
-6.48792e-05
-6.63271e-05
-6.78055e-05
-6.93151e-05
-7.08564e-05
-7.24302e-05
-7.4037e-05
-7.56777e-05
-7.7353e-05
-7.90634e-05
-8.08099e-05
-8.25931e-05
-8.44138e-05
-8.62728e-05
-8.81709e-05
-9.01089e-05
-9.20877e-05
-9.4108e-05
-9.61707e-05
-9.82768e-05
-0.000100427
-0.000102623
-0.000104864
-0.000107153
-0.00010949
-0.000111875
-0.000114311
-0.000116798
-0.000119337
-0.000121929
-0.000124575
-0.000127277
-0.000130036
-0.000132852
-0.000135727
-0.000138663
-0.000141659
-0.000144719
-0.000147842
-0.000151031
-0.000154286
-0.000157609
-0.000161002
-0.000164465
-0.000168
-0.00017161
-0.000175294
-0.000179055
-0.000182895
-0.000186814
-0.000190815
-0.000194899
-0.000199068
-0.000203324
-0.000207668
-0.000212102
-0.000216628
-0.000221248
-0.000225964
-0.000230777
-0.00023569
-0.000240705
-0.000245823
-0.000251047
-0.000256379
-0.00026182
-0.000267374
-0.000273042
-0.000278827
-0.000284731
-0.000290757
-0.000296906
-0.000303181
-0.000309584
-0.000316119
-0.000322788
-0.000329593
-0.000336536
-0.000343622
-0.000350851
-0.000358228
-0.000365755
-0.000373434
-0.000381269
-0.000389263
-0.000397418
-0.000405738
-0.000414225
-0.000422884
-0.000431716
-0.000440725
-0.000449914
-0.000459287
-0.000468846
-0.000478596
-0.000488539
-0.000498679
-0.000509019
-0.000519562
-0.000530312
-0.000541273
-0.000552447
-0.000563838
-0.00057545
-0.000587286
-0.000599349
-0.000611643
-0.000624171
-0.000636936
-0.000649941
-0.000663189
-0.000676683
-0.000690427
-0.000704422
-0.000718672
-0.000733178
-0.000747943
-0.000762968
-0.000778255
-0.000793805
-0.000809619
-0.000825696
-0.000842038
-0.000858642
-0.000875508
-0.000892633
-0.000910014
-0.000927649
-0.000945532
-0.000963658
-0.000982021
-0.00100061
-0.00101943
-5.26401e-08
-1.61849e-07
-2.77152e-07
-3.98817e-07
-5.27118e-07
-6.62339e-07
-8.04772e-07
-9.54712e-07
-1.11245e-06
-1.27827e-06
-1.45243e-06
-1.63516e-06
-1.8266e-06
-2.02685e-06
-2.23588e-06
-2.45355e-06
-2.67958e-06
-2.91357e-06
-3.15496e-06
-3.40312e-06
-3.65735e-06
-3.91692e-06
-4.18114e-06
-4.44938e-06
-4.72107e-06
-4.99578e-06
-5.27316e-06
-5.55298e-06
-5.8351e-06
-6.11945e-06
-6.40606e-06
-6.69499e-06
-6.98635e-06
-7.28028e-06
-7.57696e-06
-7.87658e-06
-8.17933e-06
-8.48543e-06
-8.79509e-06
-9.10853e-06
-9.42598e-06
-9.74764e-06
-1.00737e-05
-1.04045e-05
-1.07402e-05
-1.10809e-05
-1.14269e-05
-1.17785e-05
-1.21358e-05
-1.24991e-05
-1.28685e-05
-1.32442e-05
-1.36266e-05
-1.40157e-05
-1.44119e-05
-1.48152e-05
-1.5226e-05
-1.56444e-05
-1.60706e-05
-1.6505e-05
-1.69476e-05
-1.73987e-05
-1.78585e-05
-1.83273e-05
-1.88052e-05
-1.92926e-05
-1.97896e-05
-2.02965e-05
-2.08135e-05
-2.13408e-05
-2.18788e-05
-2.24276e-05
-2.29876e-05
-2.35589e-05
-2.41418e-05
-2.47367e-05
-2.53437e-05
-2.59631e-05
-2.65953e-05
-2.72405e-05
-2.7899e-05
-2.85711e-05
-2.92572e-05
-2.99574e-05
-3.06722e-05
-3.14018e-05
-3.21466e-05
-3.29069e-05
-3.36831e-05
-3.44755e-05
-3.52844e-05
-3.61102e-05
-3.69532e-05
-3.7814e-05
-3.86927e-05
-3.95899e-05
-4.05058e-05
-4.1441e-05
-4.23958e-05
-4.33707e-05
-4.4366e-05
-4.53823e-05
-4.64199e-05
-4.74793e-05
-4.8561e-05
-4.96654e-05
-5.07931e-05
-5.19445e-05
-5.31201e-05
-5.43204e-05
-5.55461e-05
-5.67975e-05
-5.80753e-05
-5.938e-05
-6.07121e-05
-6.20723e-05
-6.34611e-05
-6.48792e-05
-6.63271e-05
-6.78055e-05
-6.93151e-05
-7.08564e-05
-7.24302e-05
-7.4037e-05
-7.56777e-05
-7.7353e-05
-7.90634e-05
-8.08099e-05
-8.25931e-05
-8.44138e-05
-8.62728e-05
-8.81709e-05
-9.01089e-05
-9.20877e-05
-9.4108e-05
-9.61707e-05
-9.82768e-05
-0.000100427
-0.000102623
-0.000104864
-0.000107153
-0.00010949
-0.000111875
-0.000114311
-0.000116798
-0.000119337
-0.000121929
-0.000124575
-0.000127277
-0.000130036
-0.000132852
-0.000135727
-0.000138663
-0.000141659
-0.000144719
-0.000147842
-0.000151031
-0.000154286
-0.000157609
-0.000161002
-0.000164465
-0.000168
-0.00017161
-0.000175294
-0.000179055
-0.000182895
-0.000186814
-0.000190815
-0.000194899
-0.000199068
-0.000203324
-0.000207668
-0.000212102
-0.000216628
-0.000221248
-0.000225964
-0.000230777
-0.00023569
-0.000240705
-0.000245823
-0.000251047
-0.000256379
-0.00026182
-0.000267374
-0.000273042
-0.000278827
-0.000284731
-0.000290757
-0.000296906
-0.000303181
-0.000309584
-0.000316119
-0.000322788
-0.000329593
-0.000336536
-0.000343622
-0.000350851
-0.000358228
-0.000365755
-0.000373434
-0.000381269
-0.000389263
-0.000397418
-0.000405738
-0.000414225
-0.000422884
-0.000431716
-0.000440725
-0.000449914
-0.000459287
-0.000468846
-0.000478596
-0.000488539
-0.000498679
-0.000509019
-0.000519562
-0.000530312
-0.000541273
-0.000552447
-0.000563838
-0.00057545
-0.000587286
-0.000599349
-0.000611643
-0.000624171
-0.000636936
-0.000649941
-0.000663189
-0.000676683
-0.000690427
-0.000704422
-0.000718672
-0.000733178
-0.000747943
-0.000762968
-0.000778255
-0.000793805
-0.000809619
-0.000825696
-0.000842038
-0.000858642
-0.000875508
-0.000892633
-0.000910014
-0.000927649
-0.000945532
-0.000963658
-0.000982021
-0.00100061
-0.00101943
-0.00101943
-0.00100061
-0.000982021
-0.000963658
-0.000945532
-0.000927649
-0.000910014
-0.000892633
-0.000875508
-0.000858642
-0.000842038
-0.000825697
-0.000809619
-0.000793805
-0.000778255
-0.000762968
-0.000747943
-0.000733178
-0.000718672
-0.000704422
-0.000690427
-0.000676683
-0.000663189
-0.000649941
-0.000636936
-0.000624171
-0.000611643
-0.000599349
-0.000587286
-0.00057545
-0.000563838
-0.000552447
-0.000541273
-0.000530312
-0.000519562
-0.000509019
-0.000498679
-0.000488539
-0.000478596
-0.000468847
-0.000459287
-0.000449914
-0.000440725
-0.000431716
-0.000422884
-0.000414225
-0.000405738
-0.000397418
-0.000389263
-0.000381269
-0.000373434
-0.000365755
-0.000358228
-0.000350851
-0.000343622
-0.000336536
-0.000329593
-0.000322788
-0.000316119
-0.000309584
-0.000303181
-0.000296906
-0.000290757
-0.000284731
-0.000278827
-0.000273042
-0.000267374
-0.00026182
-0.000256379
-0.000251047
-0.000245823
-0.000240705
-0.00023569
-0.000230777
-0.000225964
-0.000221248
-0.000216628
-0.000212102
-0.000207668
-0.000203324
-0.000199068
-0.000194899
-0.000190815
-0.000186814
-0.000182895
-0.000179055
-0.000175294
-0.00017161
-0.000168
-0.000164465
-0.000161002
-0.000157609
-0.000154286
-0.000151031
-0.000147842
-0.000144719
-0.000141659
-0.000138663
-0.000135727
-0.000132852
-0.000130036
-0.000127277
-0.000124575
-0.000121929
-0.000119337
-0.000116798
-0.000114311
-0.000111875
-0.00010949
-0.000107153
-0.000104864
-0.000102623
-0.000100427
-9.82769e-05
-9.61707e-05
-9.4108e-05
-9.20876e-05
-9.01089e-05
-8.81709e-05
-8.62729e-05
-8.44138e-05
-8.25931e-05
-8.08099e-05
-7.90634e-05
-7.7353e-05
-7.56777e-05
-7.4037e-05
-7.24302e-05
-7.08564e-05
-6.93151e-05
-6.78055e-05
-6.63271e-05
-6.48792e-05
-6.34611e-05
-6.20723e-05
-6.07121e-05
-5.938e-05
-5.80753e-05
-5.67975e-05
-5.55461e-05
-5.43205e-05
-5.31201e-05
-5.19444e-05
-5.07931e-05
-4.96654e-05
-4.85609e-05
-4.74793e-05
-4.64199e-05
-4.53823e-05
-4.4366e-05
-4.33707e-05
-4.23958e-05
-4.1441e-05
-4.05058e-05
-3.95899e-05
-3.86927e-05
-3.7814e-05
-3.69532e-05
-3.61102e-05
-3.52843e-05
-3.44755e-05
-3.36831e-05
-3.29069e-05
-3.21466e-05
-3.14018e-05
-3.06722e-05
-2.99574e-05
-2.92572e-05
-2.85711e-05
-2.7899e-05
-2.72405e-05
-2.65953e-05
-2.59631e-05
-2.53437e-05
-2.47366e-05
-2.41418e-05
-2.35589e-05
-2.29876e-05
-2.24277e-05
-2.18788e-05
-2.13408e-05
-2.08135e-05
-2.02965e-05
-1.97896e-05
-1.92926e-05
-1.88052e-05
-1.83273e-05
-1.78585e-05
-1.73987e-05
-1.69475e-05
-1.65049e-05
-1.60706e-05
-1.56444e-05
-1.5226e-05
-1.48152e-05
-1.44119e-05
-1.40157e-05
-1.36266e-05
-1.32443e-05
-1.28685e-05
-1.24991e-05
-1.21358e-05
-1.17785e-05
-1.14269e-05
-1.10809e-05
-1.07402e-05
-1.04045e-05
-1.00737e-05
-9.74766e-06
-9.42597e-06
-9.10853e-06
-8.79509e-06
-8.48543e-06
-8.17933e-06
-7.87659e-06
-7.57696e-06
-7.28028e-06
-6.98635e-06
-6.69497e-06
-6.40606e-06
-6.11946e-06
-5.8351e-06
-5.55298e-06
-5.27316e-06
-4.99578e-06
-4.72107e-06
-4.44937e-06
-4.18114e-06
-3.91692e-06
-3.65734e-06
-3.40313e-06
-3.15496e-06
-2.91356e-06
-2.67958e-06
-2.45355e-06
-2.23588e-06
-2.02685e-06
-1.8266e-06
-1.63516e-06
-1.45243e-06
-1.27827e-06
-1.11245e-06
-9.5471e-07
-8.04774e-07
-6.62338e-07
-5.27117e-07
-3.98818e-07
-2.77153e-07
-1.61849e-07
-5.26403e-08
-0.00101943
-0.00100061
-0.000982021
-0.000963658
-0.000945532
-0.000927649
-0.000910014
-0.000892633
-0.000875508
-0.000858642
-0.000842038
-0.000825697
-0.000809619
-0.000793805
-0.000778255
-0.000762968
-0.000747943
-0.000733178
-0.000718672
-0.000704422
-0.000690427
-0.000676683
-0.000663189
-0.000649941
-0.000636936
-0.000624171
-0.000611643
-0.000599349
-0.000587286
-0.00057545
-0.000563838
-0.000552447
-0.000541273
-0.000530312
-0.000519562
-0.000509019
-0.000498679
-0.000488539
-0.000478596
-0.000468847
-0.000459287
-0.000449914
-0.000440725
-0.000431716
-0.000422884
-0.000414225
-0.000405738
-0.000397418
-0.000389263
-0.000381269
-0.000373434
-0.000365755
-0.000358228
-0.000350851
-0.000343622
-0.000336536
-0.000329593
-0.000322788
-0.000316119
-0.000309584
-0.000303181
-0.000296906
-0.000290757
-0.000284731
-0.000278827
-0.000273042
-0.000267374
-0.00026182
-0.000256379
-0.000251047
-0.000245823
-0.000240705
-0.00023569
-0.000230777
-0.000225964
-0.000221248
-0.000216628
-0.000212102
-0.000207668
-0.000203324
-0.000199068
-0.000194899
-0.000190815
-0.000186814
-0.000182895
-0.000179055
-0.000175294
-0.00017161
-0.000168
-0.000164465
-0.000161002
-0.000157609
-0.000154286
-0.000151031
-0.000147842
-0.000144719
-0.000141659
-0.000138663
-0.000135727
-0.000132852
-0.000130036
-0.000127277
-0.000124575
-0.000121929
-0.000119337
-0.000116798
-0.000114311
-0.000111875
-0.00010949
-0.000107153
-0.000104864
-0.000102623
-0.000100427
-9.82769e-05
-9.61707e-05
-9.4108e-05
-9.20876e-05
-9.01089e-05
-8.81709e-05
-8.62729e-05
-8.44138e-05
-8.25931e-05
-8.08099e-05
-7.90634e-05
-7.7353e-05
-7.56777e-05
-7.4037e-05
-7.24302e-05
-7.08564e-05
-6.93151e-05
-6.78055e-05
-6.63271e-05
-6.48792e-05
-6.34611e-05
-6.20723e-05
-6.07121e-05
-5.938e-05
-5.80753e-05
-5.67975e-05
-5.55461e-05
-5.43205e-05
-5.31201e-05
-5.19444e-05
-5.07931e-05
-4.96654e-05
-4.85609e-05
-4.74793e-05
-4.64199e-05
-4.53823e-05
-4.4366e-05
-4.33707e-05
-4.23958e-05
-4.1441e-05
-4.05058e-05
-3.95899e-05
-3.86927e-05
-3.7814e-05
-3.69532e-05
-3.61102e-05
-3.52843e-05
-3.44755e-05
-3.36831e-05
-3.29069e-05
-3.21466e-05
-3.14018e-05
-3.06722e-05
-2.99574e-05
-2.92572e-05
-2.85711e-05
-2.7899e-05
-2.72405e-05
-2.65953e-05
-2.59631e-05
-2.53437e-05
-2.47366e-05
-2.41418e-05
-2.35589e-05
-2.29876e-05
-2.24277e-05
-2.18788e-05
-2.13408e-05
-2.08135e-05
-2.02965e-05
-1.97896e-05
-1.92926e-05
-1.88052e-05
-1.83273e-05
-1.78585e-05
-1.73987e-05
-1.69475e-05
-1.65049e-05
-1.60706e-05
-1.56444e-05
-1.5226e-05
-1.48152e-05
-1.44119e-05
-1.40157e-05
-1.36266e-05
-1.32443e-05
-1.28685e-05
-1.24991e-05
-1.21358e-05
-1.17785e-05
-1.14269e-05
-1.10809e-05
-1.07402e-05
-1.04045e-05
-1.00737e-05
-9.74766e-06
-9.42597e-06
-9.10853e-06
-8.79509e-06
-8.48543e-06
-8.17933e-06
-7.87659e-06
-7.57696e-06
-7.28028e-06
-6.98635e-06
-6.69497e-06
-6.40606e-06
-6.11946e-06
-5.8351e-06
-5.55298e-06
-5.27316e-06
-4.99578e-06
-4.72107e-06
-4.44937e-06
-4.18114e-06
-3.91692e-06
-3.65734e-06
-3.40313e-06
-3.15496e-06
-2.91356e-06
-2.67958e-06
-2.45355e-06
-2.23588e-06
-2.02685e-06
-1.8266e-06
-1.63516e-06
-1.45243e-06
-1.27827e-06
-1.11245e-06
-9.5471e-07
-8.04774e-07
-6.62338e-07
-5.27117e-07
-3.98818e-07
-2.77153e-07
-1.61849e-07
-5.26403e-08
)
;
    }
    outlet
    {
        type            cyclic;
        value           nonuniform List<scalar> 
1000
(
5.26401e-08
1.61849e-07
2.77152e-07
3.98817e-07
5.27118e-07
6.62339e-07
8.04772e-07
9.54712e-07
1.11245e-06
1.27827e-06
1.45243e-06
1.63516e-06
1.8266e-06
2.02685e-06
2.23588e-06
2.45355e-06
2.67958e-06
2.91357e-06
3.15496e-06
3.40312e-06
3.65735e-06
3.91692e-06
4.18114e-06
4.44938e-06
4.72107e-06
4.99578e-06
5.27316e-06
5.55298e-06
5.8351e-06
6.11945e-06
6.40606e-06
6.69499e-06
6.98635e-06
7.28028e-06
7.57696e-06
7.87658e-06
8.17933e-06
8.48543e-06
8.79509e-06
9.10853e-06
9.42598e-06
9.74764e-06
1.00737e-05
1.04045e-05
1.07402e-05
1.10809e-05
1.14269e-05
1.17785e-05
1.21358e-05
1.24991e-05
1.28685e-05
1.32442e-05
1.36266e-05
1.40157e-05
1.44119e-05
1.48152e-05
1.5226e-05
1.56444e-05
1.60706e-05
1.6505e-05
1.69476e-05
1.73987e-05
1.78585e-05
1.83273e-05
1.88052e-05
1.92926e-05
1.97896e-05
2.02965e-05
2.08135e-05
2.13408e-05
2.18788e-05
2.24276e-05
2.29876e-05
2.35589e-05
2.41418e-05
2.47367e-05
2.53437e-05
2.59631e-05
2.65953e-05
2.72405e-05
2.7899e-05
2.85711e-05
2.92572e-05
2.99574e-05
3.06722e-05
3.14018e-05
3.21466e-05
3.29069e-05
3.36831e-05
3.44755e-05
3.52844e-05
3.61102e-05
3.69532e-05
3.7814e-05
3.86927e-05
3.95899e-05
4.05058e-05
4.1441e-05
4.23958e-05
4.33707e-05
4.4366e-05
4.53823e-05
4.64199e-05
4.74793e-05
4.8561e-05
4.96654e-05
5.07931e-05
5.19445e-05
5.31201e-05
5.43204e-05
5.55461e-05
5.67975e-05
5.80753e-05
5.938e-05
6.07121e-05
6.20723e-05
6.34611e-05
6.48792e-05
6.63271e-05
6.78055e-05
6.93151e-05
7.08564e-05
7.24302e-05
7.4037e-05
7.56777e-05
7.7353e-05
7.90634e-05
8.08099e-05
8.25931e-05
8.44138e-05
8.62728e-05
8.81709e-05
9.01089e-05
9.20877e-05
9.4108e-05
9.61707e-05
9.82768e-05
0.000100427
0.000102623
0.000104864
0.000107153
0.00010949
0.000111875
0.000114311
0.000116798
0.000119337
0.000121929
0.000124575
0.000127277
0.000130036
0.000132852
0.000135727
0.000138663
0.000141659
0.000144719
0.000147842
0.000151031
0.000154286
0.000157609
0.000161002
0.000164465
0.000168
0.00017161
0.000175294
0.000179055
0.000182895
0.000186814
0.000190815
0.000194899
0.000199068
0.000203324
0.000207668
0.000212102
0.000216628
0.000221248
0.000225964
0.000230777
0.00023569
0.000240705
0.000245823
0.000251047
0.000256379
0.00026182
0.000267374
0.000273042
0.000278827
0.000284731
0.000290757
0.000296906
0.000303181
0.000309584
0.000316119
0.000322788
0.000329593
0.000336536
0.000343622
0.000350851
0.000358228
0.000365755
0.000373434
0.000381269
0.000389263
0.000397418
0.000405738
0.000414225
0.000422884
0.000431716
0.000440725
0.000449914
0.000459287
0.000468846
0.000478596
0.000488539
0.000498679
0.000509019
0.000519562
0.000530312
0.000541273
0.000552447
0.000563838
0.00057545
0.000587286
0.000599349
0.000611643
0.000624171
0.000636936
0.000649941
0.000663189
0.000676683
0.000690427
0.000704422
0.000718672
0.000733178
0.000747943
0.000762968
0.000778255
0.000793805
0.000809619
0.000825696
0.000842038
0.000858642
0.000875508
0.000892633
0.000910014
0.000927649
0.000945532
0.000963658
0.000982021
0.00100061
0.00101943
5.26401e-08
1.61849e-07
2.77152e-07
3.98817e-07
5.27118e-07
6.62339e-07
8.04772e-07
9.54712e-07
1.11245e-06
1.27827e-06
1.45243e-06
1.63516e-06
1.8266e-06
2.02685e-06
2.23588e-06
2.45355e-06
2.67958e-06
2.91357e-06
3.15496e-06
3.40312e-06
3.65735e-06
3.91692e-06
4.18114e-06
4.44938e-06
4.72107e-06
4.99578e-06
5.27316e-06
5.55298e-06
5.8351e-06
6.11945e-06
6.40606e-06
6.69499e-06
6.98635e-06
7.28028e-06
7.57696e-06
7.87658e-06
8.17933e-06
8.48543e-06
8.79509e-06
9.10853e-06
9.42598e-06
9.74764e-06
1.00737e-05
1.04045e-05
1.07402e-05
1.10809e-05
1.14269e-05
1.17785e-05
1.21358e-05
1.24991e-05
1.28685e-05
1.32442e-05
1.36266e-05
1.40157e-05
1.44119e-05
1.48152e-05
1.5226e-05
1.56444e-05
1.60706e-05
1.6505e-05
1.69476e-05
1.73987e-05
1.78585e-05
1.83273e-05
1.88052e-05
1.92926e-05
1.97896e-05
2.02965e-05
2.08135e-05
2.13408e-05
2.18788e-05
2.24276e-05
2.29876e-05
2.35589e-05
2.41418e-05
2.47367e-05
2.53437e-05
2.59631e-05
2.65953e-05
2.72405e-05
2.7899e-05
2.85711e-05
2.92572e-05
2.99574e-05
3.06722e-05
3.14018e-05
3.21466e-05
3.29069e-05
3.36831e-05
3.44755e-05
3.52844e-05
3.61102e-05
3.69532e-05
3.7814e-05
3.86927e-05
3.95899e-05
4.05058e-05
4.1441e-05
4.23958e-05
4.33707e-05
4.4366e-05
4.53823e-05
4.64199e-05
4.74793e-05
4.8561e-05
4.96654e-05
5.07931e-05
5.19445e-05
5.31201e-05
5.43204e-05
5.55461e-05
5.67975e-05
5.80753e-05
5.938e-05
6.07121e-05
6.20723e-05
6.34611e-05
6.48792e-05
6.63271e-05
6.78055e-05
6.93151e-05
7.08564e-05
7.24302e-05
7.4037e-05
7.56777e-05
7.7353e-05
7.90634e-05
8.08099e-05
8.25931e-05
8.44138e-05
8.62728e-05
8.81709e-05
9.01089e-05
9.20877e-05
9.4108e-05
9.61707e-05
9.82768e-05
0.000100427
0.000102623
0.000104864
0.000107153
0.00010949
0.000111875
0.000114311
0.000116798
0.000119337
0.000121929
0.000124575
0.000127277
0.000130036
0.000132852
0.000135727
0.000138663
0.000141659
0.000144719
0.000147842
0.000151031
0.000154286
0.000157609
0.000161002
0.000164465
0.000168
0.00017161
0.000175294
0.000179055
0.000182895
0.000186814
0.000190815
0.000194899
0.000199068
0.000203324
0.000207668
0.000212102
0.000216628
0.000221248
0.000225964
0.000230777
0.00023569
0.000240705
0.000245823
0.000251047
0.000256379
0.00026182
0.000267374
0.000273042
0.000278827
0.000284731
0.000290757
0.000296906
0.000303181
0.000309584
0.000316119
0.000322788
0.000329593
0.000336536
0.000343622
0.000350851
0.000358228
0.000365755
0.000373434
0.000381269
0.000389263
0.000397418
0.000405738
0.000414225
0.000422884
0.000431716
0.000440725
0.000449914
0.000459287
0.000468846
0.000478596
0.000488539
0.000498679
0.000509019
0.000519562
0.000530312
0.000541273
0.000552447
0.000563838
0.00057545
0.000587286
0.000599349
0.000611643
0.000624171
0.000636936
0.000649941
0.000663189
0.000676683
0.000690427
0.000704422
0.000718672
0.000733178
0.000747943
0.000762968
0.000778255
0.000793805
0.000809619
0.000825696
0.000842038
0.000858642
0.000875508
0.000892633
0.000910014
0.000927649
0.000945532
0.000963658
0.000982021
0.00100061
0.00101943
0.00101943
0.00100061
0.000982021
0.000963658
0.000945532
0.000927649
0.000910014
0.000892633
0.000875508
0.000858642
0.000842038
0.000825697
0.000809619
0.000793805
0.000778255
0.000762968
0.000747943
0.000733178
0.000718672
0.000704422
0.000690427
0.000676683
0.000663189
0.000649941
0.000636936
0.000624171
0.000611643
0.000599349
0.000587286
0.00057545
0.000563838
0.000552447
0.000541273
0.000530312
0.000519562
0.000509019
0.000498679
0.000488539
0.000478596
0.000468847
0.000459287
0.000449914
0.000440725
0.000431716
0.000422884
0.000414225
0.000405738
0.000397418
0.000389263
0.000381269
0.000373434
0.000365755
0.000358228
0.000350851
0.000343622
0.000336536
0.000329593
0.000322788
0.000316119
0.000309584
0.000303181
0.000296906
0.000290757
0.000284731
0.000278827
0.000273042
0.000267374
0.00026182
0.000256379
0.000251047
0.000245823
0.000240705
0.00023569
0.000230777
0.000225964
0.000221248
0.000216628
0.000212102
0.000207668
0.000203324
0.000199068
0.000194899
0.000190815
0.000186814
0.000182895
0.000179055
0.000175294
0.00017161
0.000168
0.000164465
0.000161002
0.000157609
0.000154286
0.000151031
0.000147842
0.000144719
0.000141659
0.000138663
0.000135727
0.000132852
0.000130036
0.000127277
0.000124575
0.000121929
0.000119337
0.000116798
0.000114311
0.000111875
0.00010949
0.000107153
0.000104864
0.000102623
0.000100427
9.82769e-05
9.61707e-05
9.4108e-05
9.20876e-05
9.01089e-05
8.81709e-05
8.62729e-05
8.44138e-05
8.25931e-05
8.08099e-05
7.90634e-05
7.7353e-05
7.56777e-05
7.4037e-05
7.24302e-05
7.08564e-05
6.93151e-05
6.78055e-05
6.63271e-05
6.48792e-05
6.34611e-05
6.20723e-05
6.07121e-05
5.938e-05
5.80753e-05
5.67975e-05
5.55461e-05
5.43205e-05
5.31201e-05
5.19444e-05
5.07931e-05
4.96654e-05
4.85609e-05
4.74793e-05
4.64199e-05
4.53823e-05
4.4366e-05
4.33707e-05
4.23958e-05
4.1441e-05
4.05058e-05
3.95899e-05
3.86927e-05
3.7814e-05
3.69532e-05
3.61102e-05
3.52843e-05
3.44755e-05
3.36831e-05
3.29069e-05
3.21466e-05
3.14018e-05
3.06722e-05
2.99574e-05
2.92572e-05
2.85711e-05
2.7899e-05
2.72405e-05
2.65953e-05
2.59631e-05
2.53437e-05
2.47366e-05
2.41418e-05
2.35589e-05
2.29876e-05
2.24277e-05
2.18788e-05
2.13408e-05
2.08135e-05
2.02965e-05
1.97896e-05
1.92926e-05
1.88052e-05
1.83273e-05
1.78585e-05
1.73987e-05
1.69475e-05
1.65049e-05
1.60706e-05
1.56444e-05
1.5226e-05
1.48152e-05
1.44119e-05
1.40157e-05
1.36266e-05
1.32443e-05
1.28685e-05
1.24991e-05
1.21358e-05
1.17785e-05
1.14269e-05
1.10809e-05
1.07402e-05
1.04045e-05
1.00737e-05
9.74766e-06
9.42597e-06
9.10853e-06
8.79509e-06
8.48543e-06
8.17933e-06
7.87659e-06
7.57696e-06
7.28028e-06
6.98635e-06
6.69497e-06
6.40606e-06
6.11946e-06
5.8351e-06
5.55298e-06
5.27316e-06
4.99578e-06
4.72107e-06
4.44937e-06
4.18114e-06
3.91692e-06
3.65734e-06
3.40313e-06
3.15496e-06
2.91356e-06
2.67958e-06
2.45355e-06
2.23588e-06
2.02685e-06
1.8266e-06
1.63516e-06
1.45243e-06
1.27827e-06
1.11245e-06
9.5471e-07
8.04774e-07
6.62338e-07
5.27117e-07
3.98818e-07
2.77153e-07
1.61849e-07
5.26403e-08
0.00101943
0.00100061
0.000982021
0.000963658
0.000945532
0.000927649
0.000910014
0.000892633
0.000875508
0.000858642
0.000842038
0.000825697
0.000809619
0.000793805
0.000778255
0.000762968
0.000747943
0.000733178
0.000718672
0.000704422
0.000690427
0.000676683
0.000663189
0.000649941
0.000636936
0.000624171
0.000611643
0.000599349
0.000587286
0.00057545
0.000563838
0.000552447
0.000541273
0.000530312
0.000519562
0.000509019
0.000498679
0.000488539
0.000478596
0.000468847
0.000459287
0.000449914
0.000440725
0.000431716
0.000422884
0.000414225
0.000405738
0.000397418
0.000389263
0.000381269
0.000373434
0.000365755
0.000358228
0.000350851
0.000343622
0.000336536
0.000329593
0.000322788
0.000316119
0.000309584
0.000303181
0.000296906
0.000290757
0.000284731
0.000278827
0.000273042
0.000267374
0.00026182
0.000256379
0.000251047
0.000245823
0.000240705
0.00023569
0.000230777
0.000225964
0.000221248
0.000216628
0.000212102
0.000207668
0.000203324
0.000199068
0.000194899
0.000190815
0.000186814
0.000182895
0.000179055
0.000175294
0.00017161
0.000168
0.000164465
0.000161002
0.000157609
0.000154286
0.000151031
0.000147842
0.000144719
0.000141659
0.000138663
0.000135727
0.000132852
0.000130036
0.000127277
0.000124575
0.000121929
0.000119337
0.000116798
0.000114311
0.000111875
0.00010949
0.000107153
0.000104864
0.000102623
0.000100427
9.82769e-05
9.61707e-05
9.4108e-05
9.20876e-05
9.01089e-05
8.81709e-05
8.62729e-05
8.44138e-05
8.25931e-05
8.08099e-05
7.90634e-05
7.7353e-05
7.56777e-05
7.4037e-05
7.24302e-05
7.08564e-05
6.93151e-05
6.78055e-05
6.63271e-05
6.48792e-05
6.34611e-05
6.20723e-05
6.07121e-05
5.938e-05
5.80753e-05
5.67975e-05
5.55461e-05
5.43205e-05
5.31201e-05
5.19444e-05
5.07931e-05
4.96654e-05
4.85609e-05
4.74793e-05
4.64199e-05
4.53823e-05
4.4366e-05
4.33707e-05
4.23958e-05
4.1441e-05
4.05058e-05
3.95899e-05
3.86927e-05
3.7814e-05
3.69532e-05
3.61102e-05
3.52843e-05
3.44755e-05
3.36831e-05
3.29069e-05
3.21466e-05
3.14018e-05
3.06722e-05
2.99574e-05
2.92572e-05
2.85711e-05
2.7899e-05
2.72405e-05
2.65953e-05
2.59631e-05
2.53437e-05
2.47366e-05
2.41418e-05
2.35589e-05
2.29876e-05
2.24277e-05
2.18788e-05
2.13408e-05
2.08135e-05
2.02965e-05
1.97896e-05
1.92926e-05
1.88052e-05
1.83273e-05
1.78585e-05
1.73987e-05
1.69475e-05
1.65049e-05
1.60706e-05
1.56444e-05
1.5226e-05
1.48152e-05
1.44119e-05
1.40157e-05
1.36266e-05
1.32443e-05
1.28685e-05
1.24991e-05
1.21358e-05
1.17785e-05
1.14269e-05
1.10809e-05
1.07402e-05
1.04045e-05
1.00737e-05
9.74766e-06
9.42597e-06
9.10853e-06
8.79509e-06
8.48543e-06
8.17933e-06
7.87659e-06
7.57696e-06
7.28028e-06
6.98635e-06
6.69497e-06
6.40606e-06
6.11946e-06
5.8351e-06
5.55298e-06
5.27316e-06
4.99578e-06
4.72107e-06
4.44937e-06
4.18114e-06
3.91692e-06
3.65734e-06
3.40313e-06
3.15496e-06
2.91356e-06
2.67958e-06
2.45355e-06
2.23588e-06
2.02685e-06
1.8266e-06
1.63516e-06
1.45243e-06
1.27827e-06
1.11245e-06
9.5471e-07
8.04774e-07
6.62338e-07
5.27117e-07
3.98818e-07
2.77153e-07
1.61849e-07
5.26403e-08
)
;
    }
    sides
    {
        type            empty;
        value           nonuniform List<scalar> 0();
    }
}


// ************************************************************************* //
